0.006 0.608928
0.066 0.608946
0.126 0.608995
0.186 0.609073
0.246 0.609182
0.306 0.609321
0.366 0.60949
0.426 0.609689
0.486 0.609918
0.546 0.610177
0.606 0.610467
0.666 0.610786
0.726 0.611135
0.786 0.611513
0.846 0.611921
0.906 0.612359
0.966 0.612826
1.026 0.613323
1.086 0.613849
1.146 0.614404
1.206 0.614988
1.266 0.615601
1.326 0.616243
1.386 0.616913
1.446 0.617612
1.506 0.618339
1.566 0.619094
1.626 0.619877
1.686 0.620688
1.746 0.621527
1.806 0.622394
1.866 0.623287
1.926 0.624208
1.986 0.625155
2.046 0.62613
2.106 0.627131
2.166 0.628158
2.226 0.629211
2.286 0.63029
2.346 0.631395
2.406 0.632525
2.466 0.63368
2.526 0.63486
2.586 0.636065
2.646 0.637295
2.706 0.638548
2.766 0.639825
2.826 0.641126
2.886 0.64245
2.946 0.643798
3.006 0.645168
3.066 0.64656
3.126 0.647975
3.186 0.649411
3.246 0.650869
3.306 0.652349
3.366 0.653849
3.426 0.655369
3.486 0.65691
3.546 0.658471
3.606 0.660051
3.666 0.66165
3.726 0.663268
3.786 0.664905
3.846 0.666559
3.906 0.668232
3.966 0.669921
4.026 0.671627
4.086 0.673349
4.146 0.675088
4.206 0.676842
4.266 0.678611
4.326 0.680395
4.386 0.682193
4.446 0.684005
4.506 0.68583
4.566 0.687668
4.626 0.689518
4.686 0.69138
4.746 0.693253
4.806 0.695138
4.866 0.697032
4.926 0.698936
4.986 0.70085
5.046 0.702772
5.106 0.704703
5.166 0.706641
5.226 0.708586
5.286 0.710538
5.346 0.712496
5.406 0.714459
5.466 0.716427
5.526 0.718399
5.586 0.720375
5.646 0.722354
5.706 0.724336
5.766 0.726319
5.826 0.728304
5.886 0.730289
5.946 0.732275
6.006 0.73426
6.066 0.736244
6.126 0.738226
6.186 0.740206
6.246 0.742183
6.306 0.744157
6.366 0.746127
6.426 0.748092
6.486 0.750051
6.546 0.752005
6.606 0.753953
6.666 0.755894
6.726 0.757827
6.786 0.759752
6.846 0.761668
6.906 0.763575
6.966 0.765472
7.026 0.767359
7.086 0.769236
7.146 0.771101
7.206 0.772954
7.266 0.774795
7.326 0.776624
7.386 0.778439
7.446 0.78024
7.506 0.782028
7.566 0.7838
7.626 0.785558
7.686 0.787301
7.746 0.789027
7.806 0.790738
7.866 0.792432
7.926 0.794109
7.986 0.795769
8.046 0.797412
8.106 0.799037
8.166 0.800644
8.226 0.802232
8.286 0.803802
8.346 0.805353
8.406 0.806884
8.466 0.808397
8.526 0.80989
8.586 0.811363
8.646 0.812816
8.706 0.81425
8.766 0.815663
8.826 0.817055
8.886 0.818428
8.946 0.819779
9.006 0.821111
9.066 0.822423
9.126 0.823715
9.186 0.824989
9.246 0.826244
9.306 0.827481
9.366 0.828701
9.426 0.829903
9.486 0.831088
9.546 0.832257
9.606 0.833409
9.666 0.834546
9.726 0.835667
9.786 0.836773
9.846 0.837864
9.906 0.83894
9.966 0.840002
10.026 0.84105
10.086 0.842085
10.146 0.843106
10.206 0.844113
10.266 0.845108
10.326 0.84609
10.386 0.847059
10.446 0.848016
10.506 0.848962
10.566 0.849895
10.626 0.850817
10.686 0.851728
10.746 0.852627
10.806 0.853516
10.866 0.854393
10.926 0.855261
10.986 0.856118
11.046 0.856964
11.106 0.857801
11.166 0.858628
11.226 0.859446
11.286 0.860254
11.346 0.861052
11.406 0.861842
11.466 0.862622
11.526 0.863394
11.586 0.864157
11.646 0.864912
11.706 0.865658
11.766 0.866396
11.826 0.867126
11.886 0.867847
11.946 0.868561
12.006 0.869268
12.066 0.869966
12.126 0.870658
12.186 0.871342
12.246 0.872018
12.306 0.872688
12.366 0.87335
12.426 0.874006
12.486 0.874655
12.546 0.875297
12.606 0.875932
12.666 0.876562
12.726 0.877184
12.786 0.877801
12.846 0.878411
12.906 0.879015
12.966 0.879613
13.026 0.880206
13.086 0.880792
13.146 0.881373
13.206 0.881948
13.266 0.882517
13.326 0.883081
13.386 0.88364
13.446 0.884193
13.506 0.884741
13.566 0.885284
13.626 0.885822
13.686 0.886354
13.746 0.886882
13.806 0.887405
13.866 0.887923
13.926 0.888436
13.986 0.888945
14.046 0.889448
14.106 0.889948
14.166 0.890443
14.226 0.890933
14.286 0.891419
14.346 0.891901
14.406 0.892378
14.466 0.892851
14.526 0.89332
14.586 0.893785
14.646 0.894246
14.706 0.894703
14.766 0.895156
14.826 0.895605
14.886 0.89605
14.946 0.896491
15.006 0.896929
15.066 0.897363
15.126 0.897793
15.186 0.89822
15.246 0.898643
15.306 0.899063
15.366 0.899479
15.426 0.899892
15.486 0.900301
15.546 0.900707
15.606 0.90111
15.666 0.901509
15.726 0.901905
15.786 0.902298
15.846 0.902688
15.906 0.903075
15.966 0.903459
16.026 0.903839
16.086 0.904217
16.146 0.904592
16.206 0.904964
16.266 0.905332
16.326 0.905698
16.386 0.906062
16.446 0.906422
16.506 0.90678
16.566 0.907135
16.626 0.907487
16.686 0.907836
16.746 0.908183
16.806 0.908528
16.866 0.908869
16.926 0.909209
16.986 0.909545
17.046 0.909879
17.106 0.910211
17.166 0.91054
17.226 0.910867
17.286 0.911192
17.346 0.911514
17.406 0.911833
17.466 0.912151
17.526 0.912466
17.586 0.912779
17.646 0.91309
17.706 0.913398
17.766 0.913705
17.826 0.914009
17.886 0.914311
17.946 0.91461
18.006 0.914908
18.066 0.915204
18.126 0.915498
18.186 0.915789
18.246 0.916079
18.306 0.916366
18.366 0.916652
18.426 0.916936
18.486 0.917218
18.546 0.917497
18.606 0.917775
18.666 0.918051
18.726 0.918326
18.786 0.918598
18.846 0.918869
18.906 0.919138
18.966 0.919405
19.026 0.91967
19.086 0.919933
19.146 0.920195
19.206 0.920455
19.266 0.920714
19.326 0.92097
19.386 0.921225
19.446 0.921479
19.506 0.921731
19.566 0.921981
19.626 0.922229
19.686 0.922476
19.746 0.922722
19.806 0.922966
19.866 0.923208
19.926 0.923449
19.986 0.923688
20.046 0.923926
20.106 0.924162
20.166 0.924397
20.226 0.924631
20.286 0.924863
20.346 0.925093
20.406 0.925322
20.466 0.92555
20.526 0.925776
20.586 0.926001
20.646 0.926225
20.706 0.926447
20.766 0.926668
20.826 0.926888
20.886 0.927106
20.946 0.927323
21.006 0.927539
21.066 0.927753
21.126 0.927966
21.186 0.928178
21.246 0.928389
21.306 0.928598
21.366 0.928806
21.426 0.929013
21.486 0.929219
21.546 0.929424
21.606 0.929627
21.666 0.929829
21.726 0.930031
21.786 0.93023
21.846 0.930429
21.906 0.930627
21.966 0.930823
22.026 0.931019
22.086 0.931213
22.146 0.931406
22.206 0.931599
22.266 0.93179
22.326 0.93198
22.386 0.932169
22.446 0.932356
22.506 0.932543
22.566 0.932729
22.626 0.932914
22.686 0.933098
22.746 0.933281
22.806 0.933462
22.866 0.933643
22.926 0.933823
22.986 0.934002
23.046 0.93418
23.106 0.934357
23.166 0.934533
23.226 0.934708
23.286 0.934882
23.346 0.935055
23.406 0.935227
23.466 0.935398
23.526 0.935569
23.586 0.935738
23.646 0.935907
23.706 0.936075
23.766 0.936242
23.826 0.936408
23.886 0.936573
23.946 0.936737
24.006 0.936901
24.066 0.937063
24.126 0.937225
24.186 0.937386
24.246 0.937546
24.306 0.937705
24.366 0.937864
24.426 0.938021
24.486 0.938178
24.546 0.938334
24.606 0.93849
24.666 0.938644
24.726 0.938798
24.786 0.938951
24.846 0.939103
24.906 0.939255
24.966 0.939405
25.026 0.939555
25.086 0.939704
25.146 0.939853
25.206 0.940001
25.266 0.940148
25.326 0.940294
25.386 0.94044
25.446 0.940584
25.506 0.940729
25.566 0.940872
25.626 0.941015
25.686 0.941157
25.746 0.941298
25.806 0.941439
25.866 0.941579
25.926 0.941718
25.986 0.941857
26.046 0.941995
26.106 0.942133
26.166 0.942269
26.226 0.942406
26.286 0.942541
26.346 0.942676
26.406 0.94281
26.466 0.942944
26.526 0.943077
26.586 0.943209
26.646 0.943341
26.706 0.943472
26.766 0.943602
26.826 0.943732
26.886 0.943861
26.946 0.94399
27.006 0.944118
27.066 0.944246
27.126 0.944373
27.186 0.944499
27.246 0.944625
27.306 0.94475
27.366 0.944875
27.426 0.944999
27.486 0.945123
27.546 0.945246
27.606 0.945368
27.666 0.94549
27.726 0.945611
27.786 0.945732
27.846 0.945852
27.906 0.945972
27.966 0.946091
28.026 0.94621
28.086 0.946328
28.146 0.946446
28.206 0.946563
28.266 0.94668
28.326 0.946796
28.386 0.946911
28.446 0.947026
28.506 0.947141
28.566 0.947255
28.626 0.947369
28.686 0.947482
28.746 0.947595
28.806 0.947707
28.866 0.947818
28.926 0.94793
28.986 0.94804
29.046 0.948151
29.106 0.94826
29.166 0.94837
29.226 0.948479
29.286 0.948587
29.346 0.948695
29.406 0.948802
29.466 0.94891
29.526 0.949016
29.586 0.949122
29.646 0.949228
29.706 0.949333
29.766 0.949438
29.826 0.949543
29.886 0.949647
29.946 0.94975
30.006 0.949853
30.066 0.949956
30.126 0.950058
30.186 0.95016
30.246 0.950262
30.306 0.950363
30.366 0.950463
30.426 0.950563
30.486 0.950663
30.546 0.950763
30.606 0.950862
30.666 0.95096
30.726 0.951059
30.786 0.951156
30.846 0.951254
30.906 0.951351
30.966 0.951448
31.026 0.951544
31.086 0.95164
31.146 0.951735
31.206 0.95183
31.266 0.951925
31.326 0.95202
31.386 0.952114
31.446 0.952207
31.506 0.952301
31.566 0.952394
31.626 0.952486
31.686 0.952578
31.746 0.95267
31.806 0.952762
31.866 0.952853
31.926 0.952944
31.986 0.953034
32.046 0.953124
32.106 0.953214
32.166 0.953303
32.226 0.953392
32.286 0.953481
32.346 0.95357
32.406 0.953658
32.466 0.953745
32.526 0.953833
32.586 0.95392
32.646 0.954006
32.706 0.954093
32.766 0.954179
32.826 0.954265
32.886 0.95435
32.946 0.954435
33.006 0.95452
33.066 0.954605
33.126 0.954689
33.186 0.954773
33.246 0.954856
33.306 0.954939
33.366 0.955022
33.426 0.955105
33.486 0.955187
33.546 0.955269
33.606 0.955351
33.666 0.955432
33.726 0.955514
33.786 0.955594
33.846 0.955675
33.906 0.955755
33.966 0.955835
34.026 0.955915
34.086 0.955994
34.146 0.956073
34.206 0.956152
34.266 0.956231
34.326 0.956309
34.386 0.956387
34.446 0.956465
34.506 0.956542
34.566 0.956619
34.626 0.956696
34.686 0.956773
34.746 0.956849
34.806 0.956925
34.866 0.957001
34.926 0.957076
34.986 0.957152
35.046 0.957227
35.106 0.957301
35.166 0.957376
35.226 0.95745
35.286 0.957524
35.346 0.957598
35.406 0.957671
35.466 0.957744
35.526 0.957817
35.586 0.95789
35.646 0.957962
35.706 0.958035
35.766 0.958107
35.826 0.958178
35.886 0.95825
35.946 0.958321
36.006 0.958392
36.066 0.958463
36.126 0.958533
36.186 0.958603
36.246 0.958673
36.306 0.958743
36.366 0.958813
36.426 0.958882
36.486 0.958951
36.546 0.95902
36.606 0.959088
36.666 0.959157
36.726 0.959225
36.786 0.959293
36.846 0.959361
36.906 0.959428
36.966 0.959495
37.026 0.959562
37.086 0.959629
37.146 0.959696
37.206 0.959762
37.266 0.959828
37.326 0.959894
37.386 0.95996
37.446 0.960025
37.506 0.960091
37.566 0.960156
37.626 0.96022
37.686 0.960285
37.746 0.96035
37.806 0.960414
37.866 0.960478
37.926 0.960542
37.986 0.960605
38.046 0.960669
38.106 0.960732
38.166 0.960795
38.226 0.960858
38.286 0.96092
38.346 0.960983
38.406 0.961045
38.466 0.961107
38.526 0.961169
38.586 0.96123
38.646 0.961292
38.706 0.961353
38.766 0.961414
38.826 0.961475
38.886 0.961535
38.946 0.961596
39.006 0.961656
39.066 0.961716
39.126 0.961776
39.186 0.961836
39.246 0.961895
39.306 0.961954
39.366 0.962013
39.426 0.962072
39.486 0.962131
39.546 0.96219
39.606 0.962248
39.666 0.962306
39.726 0.962364
39.786 0.962422
39.846 0.96248
39.906 0.962538
39.966 0.962595
40.026 0.962652
40.086 0.962709
40.146 0.962766
40.206 0.962822
40.266 0.962879
40.326 0.962935
40.386 0.962991
40.446 0.963047
40.506 0.963103
40.566 0.963159
40.626 0.963214
40.686 0.963269
40.746 0.963325
40.806 0.963379
40.866 0.963434
40.926 0.963489
40.986 0.963543
41.046 0.963598
41.106 0.963652
41.166 0.963706
41.226 0.96376
41.286 0.963813
41.346 0.963867
41.406 0.96392
41.466 0.963973
41.526 0.964026
41.586 0.964079
41.646 0.964132
41.706 0.964184
41.766 0.964237
41.826 0.964289
41.886 0.964341
41.946 0.964393
42.006 0.964445
42.066 0.964497
42.126 0.964548
42.186 0.964599
42.246 0.964651
42.306 0.964702
42.366 0.964753
42.426 0.964803
42.486 0.964854
42.546 0.964904
42.606 0.964955
42.666 0.965005
42.726 0.965055
42.786 0.965105
42.846 0.965155
42.906 0.965204
42.966 0.965254
43.026 0.965303
43.086 0.965352
43.146 0.965401
43.206 0.96545
43.266 0.965499
43.326 0.965548
43.386 0.965596
43.446 0.965644
43.506 0.965693
43.566 0.965741
43.626 0.965789
43.686 0.965836
43.746 0.965884
43.806 0.965932
43.866 0.965979
43.926 0.966026
43.986 0.966074
44.046 0.966121
44.106 0.966167
44.166 0.966214
44.226 0.966261
44.286 0.966307
44.346 0.966354
44.406 0.9664
44.466 0.966446
44.526 0.966492
44.586 0.966538
44.646 0.966584
44.706 0.966629
44.766 0.966675
44.826 0.96672
44.886 0.966765
44.946 0.966811
45.006 0.966856
45.066 0.966901
45.126 0.966945
45.186 0.96699
45.246 0.967034
45.306 0.967079
45.366 0.967123
45.426 0.967167
45.486 0.967211
45.546 0.967255
45.606 0.967299
45.666 0.967343
45.726 0.967386
45.786 0.96743
45.846 0.967473
45.906 0.967516
45.966 0.967559
46.026 0.967602
46.086 0.967645
46.146 0.967688
46.206 0.967731
46.266 0.967773
46.326 0.967816
46.386 0.967858
46.446 0.9679
46.506 0.967942
46.566 0.967984
46.626 0.968026
46.686 0.968068
46.746 0.96811
46.806 0.968151
46.866 0.968193
46.926 0.968234
46.986 0.968275
47.046 0.968316
47.106 0.968357
47.166 0.968398
47.226 0.968439
47.286 0.96848
47.346 0.96852
47.406 0.968561
47.466 0.968601
47.526 0.968642
47.586 0.968682
47.646 0.968722
47.706 0.968762
47.766 0.968802
47.826 0.968841
47.886 0.968881
47.946 0.968921
48.006 0.96896
48.066 0.968999
48.126 0.969039
48.186 0.969078
48.246 0.969117
48.306 0.969156
48.366 0.969195
48.426 0.969234
48.486 0.969272
48.546 0.969311
48.606 0.969349
48.666 0.969388
48.726 0.969426
48.786 0.969464
48.846 0.969502
48.906 0.96954
48.966 0.969578
49.026 0.969616
49.086 0.969654
49.146 0.969691
49.206 0.969729
49.266 0.969766
49.326 0.969804
49.386 0.969841
49.446 0.969878
49.506 0.969915
49.566 0.969952
49.626 0.969989
49.686 0.970026
49.746 0.970063
49.806 0.970099
49.866 0.970136
49.926 0.970172
49.986 0.970209
50.046 0.970245
50.106 0.970281
50.166 0.970317
50.226 0.970353
50.286 0.970389
50.346 0.970425
50.406 0.970461
50.466 0.970496
50.526 0.970532
50.586 0.970567
50.646 0.970603
50.706 0.970638
50.766 0.970673
50.826 0.970708
50.886 0.970743
50.946 0.970778
51.006 0.970813
51.066 0.970848
51.126 0.970883
51.186 0.970917
51.246 0.970952
51.306 0.970986
51.366 0.971021
51.426 0.971055
51.486 0.971089
51.546 0.971124
51.606 0.971158
51.666 0.971192
51.726 0.971226
51.786 0.971259
51.846 0.971293
51.906 0.971327
51.966 0.97136
52.026 0.971394
52.086 0.971427
52.146 0.971461
52.206 0.971494
52.266 0.971527
52.326 0.97156
52.386 0.971593
52.446 0.971626
52.506 0.971659
52.566 0.971692
52.626 0.971725
52.686 0.971757
52.746 0.97179
52.806 0.971823
52.866 0.971855
52.926 0.971887
52.986 0.97192
53.046 0.971952
53.106 0.971984
53.166 0.972016
53.226 0.972048
53.286 0.97208
53.346 0.972112
53.406 0.972144
53.466 0.972175
53.526 0.972207
53.586 0.972239
53.646 0.97227
53.706 0.972301
53.766 0.972333
53.826 0.972364
53.886 0.972395
53.946 0.972426
54.006 0.972458
54.066 0.972489
54.126 0.972519
54.186 0.97255
54.246 0.972581
54.306 0.972612
54.366 0.972642
54.426 0.972673
54.486 0.972704
54.546 0.972734
54.606 0.972764
54.666 0.972795
54.726 0.972825
54.786 0.972855
54.846 0.972885
54.906 0.972915
54.966 0.972945
55.026 0.972975
55.086 0.973005
55.146 0.973035
55.206 0.973064
55.266 0.973094
55.326 0.973124
55.386 0.973153
55.446 0.973183
55.506 0.973212
55.566 0.973241
55.626 0.973271
55.686 0.9733
55.746 0.973329
55.806 0.973358
55.866 0.973387
55.926 0.973416
55.986 0.973445
56.046 0.973474
56.106 0.973502
56.166 0.973531
56.226 0.97356
56.286 0.973588
56.346 0.973617
56.406 0.973645
56.466 0.973674
56.526 0.973702
56.586 0.97373
56.646 0.973758
56.706 0.973787
56.766 0.973815
56.826 0.973843
56.886 0.973871
56.946 0.973899
57.006 0.973926
57.066 0.973954
57.126 0.973982
57.186 0.97401
57.246 0.974037
57.306 0.974065
57.366 0.974092
57.426 0.97412
57.486 0.974147
57.546 0.974174
57.606 0.974202
57.666 0.974229
57.726 0.974256
57.786 0.974283
57.846 0.97431
57.906 0.974337
57.966 0.974364
58.026 0.974391
58.086 0.974418
58.146 0.974444
58.206 0.974471
58.266 0.974498
58.326 0.974524
58.386 0.974551
58.446 0.974577
58.506 0.974604
58.566 0.97463
58.626 0.974656
58.686 0.974682
58.746 0.974709
58.806 0.974735
58.866 0.974761
58.926 0.974787
58.986 0.974813
59.046 0.974839
59.106 0.974865
59.166 0.974891
59.226 0.974916
59.286 0.974942
59.346 0.974968
59.406 0.974993
59.466 0.975019
59.526 0.975044
59.586 0.97507
59.646 0.975095
59.706 0.975121
59.766 0.975146
59.826 0.975171
59.886 0.975196
59.946 0.975221

