0.006 0.396483
0.066 0.396755
0.126 0.397483
0.186 0.39866
0.246 0.400278
0.306 0.402323
0.366 0.40478
0.426 0.407632
0.486 0.410856
0.546 0.414428
0.606 0.418321
0.666 0.422507
0.726 0.426955
0.786 0.431633
0.846 0.436508
0.906 0.441549
0.966 0.446723
1.026 0.452001
1.086 0.457358
1.146 0.462769
1.206 0.468215
1.266 0.473679
1.326 0.479146
1.386 0.484603
1.446 0.490041
1.506 0.49545
1.566 0.500825
1.626 0.50616
1.686 0.51145
1.746 0.516692
1.806 0.521883
1.866 0.527021
1.926 0.532106
1.986 0.537136
2.046 0.542112
2.106 0.547033
2.166 0.5519
2.226 0.556713
2.286 0.561474
2.346 0.566183
2.406 0.57084
2.466 0.575448
2.526 0.580007
2.586 0.584519
2.646 0.588983
2.706 0.593402
2.766 0.597776
2.826 0.602107
2.886 0.606395
2.946 0.610641
3.006 0.614846
3.066 0.619011
3.126 0.623136
3.186 0.627222
3.246 0.631271
3.306 0.635281
3.366 0.639254
3.426 0.643191
3.486 0.647091
3.546 0.650955
3.606 0.654783
3.666 0.658575
3.726 0.662333
3.786 0.666055
3.846 0.669742
3.906 0.673394
3.966 0.677011
4.026 0.680593
4.086 0.684141
4.146 0.687653
4.206 0.691131
4.266 0.694574
4.326 0.697982
4.386 0.701355
4.446 0.704693
4.506 0.707995
4.566 0.711263
4.626 0.714495
4.686 0.717691
4.746 0.720852
4.806 0.723977
4.866 0.727066
4.926 0.730119
4.986 0.733136
5.046 0.736117
5.106 0.739062
5.166 0.74197
5.226 0.744842
5.286 0.747677
5.346 0.750476
5.406 0.753238
5.466 0.755963
5.526 0.758652
5.586 0.761303
5.646 0.763918
5.706 0.766496
5.766 0.769037
5.826 0.771541
5.886 0.774009
5.946 0.776439
6.006 0.778833
6.066 0.78119
6.126 0.783511
6.186 0.785794
6.246 0.788042
6.306 0.790253
6.366 0.792428
6.426 0.794567
6.486 0.79667
6.546 0.798737
6.606 0.800768
6.666 0.802764
6.726 0.804724
6.786 0.806649
6.846 0.80854
6.906 0.810396
6.966 0.812217
7.026 0.814004
7.086 0.815757
7.146 0.817476
7.206 0.819164
7.266 0.82082
7.326 0.822447
7.386 0.824043
7.446 0.825611
7.506 0.827151
7.566 0.828663
7.626 0.830149
7.686 0.831609
7.746 0.833045
7.806 0.834455
7.866 0.835842
7.926 0.837206
7.986 0.838547
8.046 0.839866
8.106 0.841163
8.166 0.842439
8.226 0.843695
8.286 0.844931
8.346 0.846147
8.406 0.847344
8.466 0.848523
8.526 0.849683
8.586 0.850826
8.646 0.851951
8.706 0.853059
8.766 0.854151
8.826 0.855226
8.886 0.856286
8.946 0.85733
9.006 0.858359
9.066 0.859373
9.126 0.860373
9.186 0.861358
9.246 0.86233
9.306 0.863288
9.366 0.864232
9.426 0.865164
9.486 0.866083
9.546 0.866989
9.606 0.867883
9.666 0.868765
9.726 0.869635
9.786 0.870494
9.846 0.871342
9.906 0.872178
9.966 0.873004
10.026 0.873819
10.086 0.874623
10.146 0.875417
10.206 0.876201
10.266 0.876976
10.326 0.87774
10.386 0.878495
10.446 0.879241
10.506 0.879978
10.566 0.880706
10.626 0.881425
10.686 0.882135
10.746 0.882837
10.806 0.88353
10.866 0.884215
10.926 0.884893
10.986 0.885562
11.046 0.886223
11.106 0.886877
11.166 0.887524
11.226 0.888163
11.286 0.888795
11.346 0.889419
11.406 0.890037
11.466 0.890648
11.526 0.891252
11.586 0.891849
11.646 0.89244
11.706 0.893024
11.766 0.893602
11.826 0.894174
11.886 0.894739
11.946 0.895299
12.006 0.895853
12.066 0.896401
12.126 0.896943
12.186 0.897479
12.246 0.89801
12.306 0.898535
12.366 0.899055
12.426 0.89957
12.486 0.900079
12.546 0.900583
12.606 0.901083
12.666 0.901577
12.726 0.902066
12.786 0.90255
12.846 0.90303
12.906 0.903505
12.966 0.903975
13.026 0.904441
13.086 0.904902
13.146 0.905359
13.206 0.905811
13.266 0.906259
13.326 0.906703
13.386 0.907143
13.446 0.907578
13.506 0.908009
13.566 0.908437
13.626 0.90886
13.686 0.90928
13.746 0.909695
13.806 0.910107
13.866 0.910515
13.926 0.91092
13.986 0.91132
14.046 0.911718
14.106 0.912111
14.166 0.912501
14.226 0.912888
14.286 0.913271
14.346 0.913651
14.406 0.914028
14.466 0.914401
14.526 0.914771
14.586 0.915138
14.646 0.915501
14.706 0.915862
14.766 0.91622
14.826 0.916574
14.886 0.916926
14.946 0.917274
15.006 0.91762
15.066 0.917962
15.126 0.918302
15.186 0.918639
15.246 0.918974
15.306 0.919305
15.366 0.919634
15.426 0.91996
15.486 0.920284
15.546 0.920605
15.606 0.920923
15.666 0.921239
15.726 0.921552
15.786 0.921863
15.846 0.922171
15.906 0.922477
15.966 0.922781
16.026 0.923082
16.086 0.923381
16.146 0.923677
16.206 0.923971
16.266 0.924263
16.326 0.924553
16.386 0.924841
16.446 0.925126
16.506 0.925409
16.566 0.92569
16.626 0.925969
16.686 0.926246
16.746 0.926521
16.806 0.926793
16.866 0.927064
16.926 0.927333
16.986 0.927599
17.046 0.927864
17.106 0.928127
17.166 0.928388
17.226 0.928647
17.286 0.928904
17.346 0.929159
17.406 0.929413
17.466 0.929664
17.526 0.929914
17.586 0.930162
17.646 0.930409
17.706 0.930653
17.766 0.930896
17.826 0.931137
17.886 0.931377
17.946 0.931615
18.006 0.931851
18.066 0.932085
18.126 0.932318
18.186 0.93255
18.246 0.93278
18.306 0.933008
18.366 0.933235
18.426 0.93346
18.486 0.933683
18.546 0.933905
18.606 0.934126
18.666 0.934345
18.726 0.934563
18.786 0.934779
18.846 0.934994
18.906 0.935208
18.966 0.93542
19.026 0.93563
19.086 0.93584
19.146 0.936048
19.206 0.936254
19.266 0.936459
19.326 0.936663
19.386 0.936866
19.446 0.937067
19.506 0.937267
19.566 0.937466
19.626 0.937664
19.686 0.93786
19.746 0.938055
19.806 0.938249
19.866 0.938442
19.926 0.938633
19.986 0.938823
20.046 0.939012
20.106 0.9392
20.166 0.939387
20.226 0.939572
20.286 0.939757
20.346 0.93994
20.406 0.940122
20.466 0.940304
20.526 0.940484
20.586 0.940663
20.646 0.94084
20.706 0.941017
20.766 0.941193
20.826 0.941368
20.886 0.941541
20.946 0.941714
21.006 0.941886
21.066 0.942056
21.126 0.942226
21.186 0.942394
21.246 0.942562
21.306 0.942729
21.366 0.942894
21.426 0.943059
21.486 0.943223
21.546 0.943386
21.606 0.943548
21.666 0.943709
21.726 0.943869
21.786 0.944028
21.846 0.944186
21.906 0.944344
21.966 0.9445
22.026 0.944656
22.086 0.94481
22.146 0.944964
22.206 0.945117
22.266 0.94527
22.326 0.945421
22.386 0.945571
22.446 0.945721
22.506 0.94587
22.566 0.946018
22.626 0.946165
22.686 0.946312
22.746 0.946457
22.806 0.946602
22.866 0.946746
22.926 0.946889
22.986 0.947032
23.046 0.947174
23.106 0.947315
23.166 0.947455
23.226 0.947594
23.286 0.947733
23.346 0.947871
23.406 0.948008
23.466 0.948145
23.526 0.948281
23.586 0.948416
23.646 0.94855
23.706 0.948684
23.766 0.948817
23.826 0.94895
23.886 0.949081
23.946 0.949212
24.006 0.949343
24.066 0.949472
24.126 0.949601
24.186 0.94973
24.246 0.949857
24.306 0.949984
24.366 0.950111
24.426 0.950236
24.486 0.950362
24.546 0.950486
24.606 0.95061
24.666 0.950733
24.726 0.950856
24.786 0.950978
24.846 0.951099
24.906 0.95122
24.966 0.95134
25.026 0.95146
25.086 0.951579
25.146 0.951698
25.206 0.951815
25.266 0.951933
25.326 0.952049
25.386 0.952166
25.446 0.952281
25.506 0.952396
25.566 0.952511
25.626 0.952625
25.686 0.952738
25.746 0.952851
25.806 0.952963
25.866 0.953075
25.926 0.953186
25.986 0.953297
26.046 0.953407
26.106 0.953517
26.166 0.953626
26.226 0.953735
26.286 0.953843
26.346 0.953951
26.406 0.954058
26.466 0.954165
26.526 0.954271
26.586 0.954376
26.646 0.954482
26.706 0.954586
26.766 0.95469
26.826 0.954794
26.886 0.954897
26.946 0.955
27.006 0.955103
27.066 0.955204
27.126 0.955306
27.186 0.955407
27.246 0.955507
27.306 0.955607
27.366 0.955707
27.426 0.955806
27.486 0.955905
27.546 0.956003
27.606 0.956101
27.666 0.956198
27.726 0.956295
27.786 0.956392
27.846 0.956488
27.906 0.956583
27.966 0.956679
28.026 0.956774
28.086 0.956868
28.146 0.956962
28.206 0.957056
28.266 0.957149
28.326 0.957242
28.386 0.957334
28.446 0.957426
28.506 0.957518
28.566 0.957609
28.626 0.9577
28.686 0.95779
28.746 0.95788
28.806 0.95797
28.866 0.958059
28.926 0.958148
28.986 0.958236
29.046 0.958325
29.106 0.958412
29.166 0.9585
29.226 0.958587
29.286 0.958673
29.346 0.95876
29.406 0.958846
29.466 0.958931
29.526 0.959017
29.586 0.959101
29.646 0.959186
29.706 0.95927
29.766 0.959354
29.826 0.959438
29.886 0.959521
29.946 0.959603
30.006 0.959686
30.066 0.959768
30.126 0.95985
30.186 0.959931
30.246 0.960013
30.306 0.960093
30.366 0.960174
30.426 0.960254
30.486 0.960334
30.546 0.960413
30.606 0.960493
30.666 0.960571
30.726 0.96065
30.786 0.960728
30.846 0.960806
30.906 0.960884
30.966 0.960961
31.026 0.961038
31.086 0.961115
31.146 0.961191
31.206 0.961267
31.266 0.961343
31.326 0.961419
31.386 0.961494
31.446 0.961569
31.506 0.961644
31.566 0.961718
31.626 0.961792
31.686 0.961866
31.746 0.961939
31.806 0.962013
31.866 0.962085
31.926 0.962158
31.986 0.962231
32.046 0.962303
32.106 0.962374
32.166 0.962446
32.226 0.962517
32.286 0.962588
32.346 0.962659
32.406 0.96273
32.466 0.9628
32.526 0.96287
32.586 0.962939
32.646 0.963009
32.706 0.963078
32.766 0.963147
32.826 0.963215
32.886 0.963284
32.946 0.963352
33.006 0.96342
33.066 0.963488
33.126 0.963555
33.186 0.963622
33.246 0.963689
33.306 0.963756
33.366 0.963822
33.426 0.963888
33.486 0.963954
33.546 0.96402
33.606 0.964085
33.666 0.96415
33.726 0.964215
33.786 0.96428
33.846 0.964345
33.906 0.964409
33.966 0.964473
34.026 0.964537
34.086 0.9646
34.146 0.964664
34.206 0.964727
34.266 0.96479
34.326 0.964852
34.386 0.964915
34.446 0.964977
34.506 0.965039
34.566 0.965101
34.626 0.965162
34.686 0.965224
34.746 0.965285
34.806 0.965346
34.866 0.965406
34.926 0.965467
34.986 0.965527
35.046 0.965587
35.106 0.965647
35.166 0.965707
35.226 0.965766
35.286 0.965825
35.346 0.965884
35.406 0.965943
35.466 0.966002
35.526 0.96606
35.586 0.966119
35.646 0.966177
35.706 0.966234
35.766 0.966292
35.826 0.966349
35.886 0.966407
35.946 0.966464
36.006 0.966521
36.066 0.966577
36.126 0.966634
36.186 0.96669
36.246 0.966746
36.306 0.966802
36.366 0.966858
36.426 0.966913
36.486 0.966969
36.546 0.967024
36.606 0.967079
36.666 0.967133
36.726 0.967188
36.786 0.967243
36.846 0.967297
36.906 0.967351
36.966 0.967405
37.026 0.967458
37.086 0.967512
37.146 0.967565
37.206 0.967618
37.266 0.967672
37.326 0.967724
37.386 0.967777
37.446 0.967829
37.506 0.967882
37.566 0.967934
37.626 0.967986
37.686 0.968038
37.746 0.968089
37.806 0.968141
37.866 0.968192
37.926 0.968243
37.986 0.968294
38.046 0.968345
38.106 0.968396
38.166 0.968446
38.226 0.968497
38.286 0.968547
38.346 0.968597
38.406 0.968647
38.466 0.968696
38.526 0.968746
38.586 0.968795
38.646 0.968844
38.706 0.968894
38.766 0.968942
38.826 0.968991
38.886 0.96904
38.946 0.969088
39.006 0.969137
39.066 0.969185
39.126 0.969233
39.186 0.969281
39.246 0.969328
39.306 0.969376
39.366 0.969423
39.426 0.969471
39.486 0.969518
39.546 0.969565
39.606 0.969611
39.666 0.969658
39.726 0.969705
39.786 0.969751
39.846 0.969797
39.906 0.969843
39.966 0.969889
40.026 0.969935
40.086 0.969981
40.146 0.970027
40.206 0.970072
40.266 0.970117
40.326 0.970162
40.386 0.970207
40.446 0.970252
40.506 0.970297
40.566 0.970342
40.626 0.970386
40.686 0.97043
40.746 0.970475
40.806 0.970519
40.866 0.970563
40.926 0.970606
40.986 0.97065
41.046 0.970694
41.106 0.970737
41.166 0.97078
41.226 0.970824
41.286 0.970867
41.346 0.97091
41.406 0.970952
41.466 0.970995
41.526 0.971038
41.586 0.97108
41.646 0.971122
41.706 0.971164
41.766 0.971206
41.826 0.971248
41.886 0.97129
41.946 0.971332
42.006 0.971373
42.066 0.971415
42.126 0.971456
42.186 0.971497
42.246 0.971538
42.306 0.971579
42.366 0.97162
42.426 0.971661
42.486 0.971701
42.546 0.971742
42.606 0.971782
42.666 0.971823
42.726 0.971863
42.786 0.971903
42.846 0.971943
42.906 0.971982
42.966 0.972022
43.026 0.972062
43.086 0.972101
43.146 0.972141
43.206 0.97218
43.266 0.972219
43.326 0.972258
43.386 0.972297
43.446 0.972336
43.506 0.972374
43.566 0.972413
43.626 0.972451
43.686 0.97249
43.746 0.972528
43.806 0.972566
43.866 0.972604
43.926 0.972642
43.986 0.97268
44.046 0.972718
44.106 0.972755
44.166 0.972793
44.226 0.97283
44.286 0.972868
44.346 0.972905
44.406 0.972942
44.466 0.972979
44.526 0.973016
44.586 0.973053
44.646 0.97309
44.706 0.973126
44.766 0.973163
44.826 0.973199
44.886 0.973235
44.946 0.973272
45.006 0.973308
45.066 0.973344
45.126 0.97338
45.186 0.973416
45.246 0.973451
45.306 0.973487
45.366 0.973522
45.426 0.973558
45.486 0.973593
45.546 0.973628
45.606 0.973664
45.666 0.973699
45.726 0.973734
45.786 0.973769
45.846 0.973803
45.906 0.973838
45.966 0.973873
46.026 0.973907
46.086 0.973942
46.146 0.973976
46.206 0.97401
46.266 0.974044
46.326 0.974078
46.386 0.974112
46.446 0.974146
46.506 0.97418
46.566 0.974214
46.626 0.974247
46.686 0.974281
46.746 0.974314
46.806 0.974348
46.866 0.974381
46.926 0.974414
46.986 0.974447
47.046 0.97448
47.106 0.974513
47.166 0.974546
47.226 0.974579
47.286 0.974612
47.346 0.974644
47.406 0.974677
47.466 0.974709
47.526 0.974741
47.586 0.974774
47.646 0.974806
47.706 0.974838
47.766 0.97487
47.826 0.974902
47.886 0.974934
47.946 0.974965
48.006 0.974997
48.066 0.975029
48.126 0.97506
48.186 0.975092
48.246 0.975123
48.306 0.975154
48.366 0.975186
48.426 0.975217
48.486 0.975248
48.546 0.975279
48.606 0.97531
48.666 0.975341
48.726 0.975371
48.786 0.975402
48.846 0.975433
48.906 0.975463
48.966 0.975494
49.026 0.975524
49.086 0.975554
49.146 0.975584
49.206 0.975615
49.266 0.975645
49.326 0.975675
49.386 0.975705
49.446 0.975734
49.506 0.975764
49.566 0.975794
49.626 0.975823
49.686 0.975853
49.746 0.975883
49.806 0.975912
49.866 0.975941
49.926 0.975971
49.986 0.976
50.046 0.976029
50.106 0.976058
50.166 0.976087
50.226 0.976116
50.286 0.976145
50.346 0.976173
50.406 0.976202
50.466 0.976231
50.526 0.976259
50.586 0.976288
50.646 0.976316
50.706 0.976345
50.766 0.976373
50.826 0.976401
50.886 0.976429
50.946 0.976457
51.006 0.976485
51.066 0.976513
51.126 0.976541
51.186 0.976569
51.246 0.976597
51.306 0.976625
51.366 0.976652
51.426 0.97668
51.486 0.976707
51.546 0.976735
51.606 0.976762
51.666 0.976789
51.726 0.976817
51.786 0.976844
51.846 0.976871
51.906 0.976898
51.966 0.976925
52.026 0.976952
52.086 0.976979
52.146 0.977006
52.206 0.977032
52.266 0.977059
52.326 0.977086
52.386 0.977112
52.446 0.977139
52.506 0.977165
52.566 0.977191
52.626 0.977218
52.686 0.977244
52.746 0.97727
52.806 0.977296
52.866 0.977322
52.926 0.977348
52.986 0.977374
53.046 0.9774
53.106 0.977426
53.166 0.977452
53.226 0.977478
53.286 0.977503
53.346 0.977529
53.406 0.977554
53.466 0.97758
53.526 0.977605
53.586 0.977631
53.646 0.977656
53.706 0.977681
53.766 0.977706
53.826 0.977731
53.886 0.977757
53.946 0.977782
54.006 0.977807
54.066 0.977831
54.126 0.977856
54.186 0.977881
54.246 0.977906
54.306 0.977931
54.366 0.977955
54.426 0.97798
54.486 0.978004
54.546 0.978029
54.606 0.978053
54.666 0.978077
54.726 0.978102
54.786 0.978126
54.846 0.97815
54.906 0.978174
54.966 0.978198
55.026 0.978223
55.086 0.978246
55.146 0.97827
55.206 0.978294
55.266 0.978318
55.326 0.978342
55.386 0.978366
55.446 0.978389
55.506 0.978413
55.566 0.978436
55.626 0.97846
55.686 0.978483
55.746 0.978507
55.806 0.97853
55.866 0.978554
55.926 0.978577
55.986 0.9786
56.046 0.978623
56.106 0.978646
56.166 0.978669
56.226 0.978692
56.286 0.978715
56.346 0.978738
56.406 0.978761
56.466 0.978784
56.526 0.978807
56.586 0.978829
56.646 0.978852
56.706 0.978875
56.766 0.978897
56.826 0.97892
56.886 0.978942
56.946 0.978965
57.006 0.978987
57.066 0.979009
57.126 0.979032
57.186 0.979054
57.246 0.979076
57.306 0.979098
57.366 0.97912
57.426 0.979142
57.486 0.979164
57.546 0.979186
57.606 0.979208
57.666 0.97923
57.726 0.979252
57.786 0.979274
57.846 0.979295
57.906 0.979317
57.966 0.979339
58.026 0.97936
58.086 0.979382
58.146 0.979403
58.206 0.979425
58.266 0.979446
58.326 0.979468
58.386 0.979489
58.446 0.97951
58.506 0.979531
58.566 0.979553
58.626 0.979574
58.686 0.979595
58.746 0.979616
58.806 0.979637
58.866 0.979658
58.926 0.979679
58.986 0.9797
59.046 0.979721
59.106 0.979741
59.166 0.979762
59.226 0.979783
59.286 0.979803
59.346 0.979824
59.406 0.979845
59.466 0.979865
59.526 0.979886
59.586 0.979906
59.646 0.979927
59.706 0.979947
59.766 0.979967
59.826 0.979988
59.886 0.980008
59.946 0.980028

