0.006 0.446601
0.066 0.446656
0.126 0.446805
0.186 0.447047
0.246 0.447381
0.306 0.447807
0.366 0.448326
0.426 0.448936
0.486 0.449636
0.546 0.450426
0.606 0.451306
0.666 0.452273
0.726 0.453328
0.786 0.454469
0.846 0.455696
0.906 0.457006
0.966 0.458399
1.026 0.459874
1.086 0.461428
1.146 0.463062
1.206 0.464773
1.266 0.466559
1.326 0.46842
1.386 0.470354
1.446 0.472359
1.506 0.474434
1.566 0.476578
1.626 0.478787
1.686 0.481062
1.746 0.4834
1.806 0.4858
1.866 0.488259
1.926 0.490778
1.986 0.493353
2.046 0.495984
2.106 0.498668
2.166 0.501405
2.226 0.504192
2.286 0.507028
2.346 0.509911
2.406 0.51284
2.466 0.515814
2.526 0.518831
2.586 0.521889
2.646 0.524987
2.706 0.528123
2.766 0.531296
2.826 0.534505
2.886 0.537748
2.946 0.541023
3.006 0.544329
3.066 0.547665
3.126 0.551029
3.186 0.55442
3.246 0.557836
3.306 0.561276
3.366 0.564738
3.426 0.568221
3.486 0.571724
3.546 0.575244
3.606 0.578782
3.666 0.582334
3.726 0.5859
3.786 0.589478
3.846 0.593066
3.906 0.596664
3.966 0.600269
4.026 0.60388
4.086 0.607496
4.146 0.611115
4.206 0.614735
4.266 0.618356
4.326 0.621975
4.386 0.625591
4.446 0.629202
4.506 0.632808
4.566 0.636406
4.626 0.639996
4.686 0.643574
4.746 0.647142
4.806 0.650695
4.866 0.654235
4.926 0.657758
4.986 0.661263
5.046 0.66475
5.106 0.668217
5.166 0.671663
5.226 0.675085
5.286 0.678484
5.346 0.681858
5.406 0.685206
5.466 0.688526
5.526 0.691818
5.586 0.69508
5.646 0.698312
5.706 0.701513
5.766 0.704681
5.826 0.707816
5.886 0.710916
5.946 0.713982
6.006 0.717013
6.066 0.720007
6.126 0.722963
6.186 0.725883
6.246 0.728764
6.306 0.731607
6.366 0.73441
6.426 0.737174
6.486 0.739898
6.546 0.742581
6.606 0.745224
6.666 0.747826
6.726 0.750387
6.786 0.752906
6.846 0.755384
6.906 0.757821
6.966 0.760215
7.026 0.762568
7.086 0.76488
7.146 0.767149
7.206 0.769377
7.266 0.771563
7.326 0.773708
7.386 0.775812
7.446 0.777877
7.506 0.779904
7.566 0.781893
7.626 0.783846
7.686 0.785763
7.746 0.787647
7.806 0.789497
7.866 0.791315
7.926 0.793101
7.986 0.794856
8.046 0.796581
8.106 0.798277
8.166 0.799945
8.226 0.801585
8.286 0.803198
8.346 0.804785
8.406 0.806345
8.466 0.807881
8.526 0.809393
8.586 0.81088
8.646 0.812344
8.706 0.813786
8.766 0.815205
8.826 0.816602
8.886 0.817978
8.946 0.819334
9.006 0.820669
9.066 0.821985
9.126 0.823281
9.186 0.824558
9.246 0.825817
9.306 0.827057
9.366 0.82828
9.426 0.829485
9.486 0.830674
9.546 0.831846
9.606 0.833002
9.666 0.834141
9.726 0.835265
9.786 0.836374
9.846 0.837468
9.906 0.838547
9.966 0.839612
10.026 0.840663
10.086 0.8417
10.146 0.842724
10.206 0.843734
10.266 0.844731
10.326 0.845716
10.386 0.846688
10.446 0.847648
10.506 0.848596
10.566 0.849531
10.626 0.850456
10.686 0.851369
10.746 0.852271
10.806 0.853162
10.866 0.854042
10.926 0.854911
10.986 0.85577
11.046 0.85662
11.106 0.857459
11.166 0.858288
11.226 0.859107
11.286 0.859917
11.346 0.860718
11.406 0.86151
11.466 0.862292
11.526 0.863066
11.586 0.863831
11.646 0.864588
11.706 0.865336
11.766 0.866076
11.826 0.866807
11.886 0.867531
11.946 0.868247
12.006 0.868955
12.066 0.869655
12.126 0.870348
12.186 0.871034
12.246 0.871712
12.306 0.872384
12.366 0.873048
12.426 0.873705
12.486 0.874356
12.546 0.875
12.606 0.875637
12.666 0.876268
12.726 0.876892
12.786 0.87751
12.846 0.878122
12.906 0.878727
12.966 0.879327
13.026 0.879921
13.086 0.880509
13.146 0.881091
13.206 0.881668
13.266 0.882239
13.326 0.882804
13.386 0.883364
13.446 0.883919
13.506 0.884468
13.566 0.885012
13.626 0.885551
13.686 0.886085
13.746 0.886614
13.806 0.887138
13.866 0.887658
13.926 0.888172
13.986 0.888682
14.046 0.889187
14.106 0.889688
14.166 0.890184
14.226 0.890675
14.286 0.891163
14.346 0.891645
14.406 0.892124
14.466 0.892598
14.526 0.893069
14.586 0.893535
14.646 0.893997
14.706 0.894455
14.766 0.894909
14.826 0.895359
14.886 0.895805
14.946 0.896248
15.006 0.896686
15.066 0.897121
15.126 0.897553
15.186 0.897981
15.246 0.898405
15.306 0.898825
15.366 0.899243
15.426 0.899656
15.486 0.900067
15.546 0.900474
15.606 0.900878
15.666 0.901278
15.726 0.901675
15.786 0.902069
15.846 0.90246
15.906 0.902848
15.966 0.903232
16.026 0.903614
16.086 0.903993
16.146 0.904368
16.206 0.904741
16.266 0.905111
16.326 0.905478
16.386 0.905842
16.446 0.906203
16.506 0.906562
16.566 0.906917
16.626 0.907271
16.686 0.907621
16.746 0.907969
16.806 0.908314
16.866 0.908656
16.926 0.908996
16.986 0.909334
17.046 0.909669
17.106 0.910001
17.166 0.910331
17.226 0.910659
17.286 0.910984
17.346 0.911307
17.406 0.911628
17.466 0.911946
17.526 0.912262
17.586 0.912576
17.646 0.912887
17.706 0.913196
17.766 0.913503
17.826 0.913808
17.886 0.914111
17.946 0.914412
18.006 0.91471
18.066 0.915007
18.126 0.915301
18.186 0.915593
18.246 0.915883
18.306 0.916172
18.366 0.916458
18.426 0.916743
18.486 0.917025
18.546 0.917306
18.606 0.917584
18.666 0.917861
18.726 0.918136
18.786 0.918409
18.846 0.91868
18.906 0.91895
18.966 0.919217
19.026 0.919483
19.086 0.919747
19.146 0.92001
19.206 0.920271
19.266 0.92053
19.326 0.920787
19.386 0.921043
19.446 0.921297
19.506 0.921549
19.566 0.9218
19.626 0.922049
19.686 0.922297
19.746 0.922543
19.806 0.922787
19.866 0.92303
19.926 0.923271
19.986 0.923511
20.046 0.92375
20.106 0.923987
20.166 0.924222
20.226 0.924456
20.286 0.924689
20.346 0.92492
20.406 0.925149
20.466 0.925378
20.526 0.925605
20.586 0.92583
20.646 0.926054
20.706 0.926277
20.766 0.926498
20.826 0.926719
20.886 0.926937
20.946 0.927155
21.006 0.927371
21.066 0.927586
21.126 0.9278
21.186 0.928012
21.246 0.928223
21.306 0.928433
21.366 0.928642
21.426 0.928849
21.486 0.929056
21.546 0.929261
21.606 0.929465
21.666 0.929667
21.726 0.929869
21.786 0.930069
21.846 0.930269
21.906 0.930467
21.966 0.930664
22.026 0.93086
22.086 0.931054
22.146 0.931248
22.206 0.931441
22.266 0.931632
22.326 0.931823
22.386 0.932012
22.446 0.9322
22.506 0.932388
22.566 0.932574
22.626 0.932759
22.686 0.932943
22.746 0.933127
22.806 0.933309
22.866 0.93349
22.926 0.93367
22.986 0.93385
23.046 0.934028
23.106 0.934205
23.166 0.934382
23.226 0.934557
23.286 0.934732
23.346 0.934905
23.406 0.935078
23.466 0.93525
23.526 0.935421
23.586 0.93559
23.646 0.93576
23.706 0.935928
23.766 0.936095
23.826 0.936261
23.886 0.936427
23.946 0.936592
24.006 0.936755
24.066 0.936918
24.126 0.937081
24.186 0.937242
24.246 0.937402
24.306 0.937562
24.366 0.937721
24.426 0.937879
24.486 0.938036
24.546 0.938193
24.606 0.938348
24.666 0.938503
24.726 0.938657
24.786 0.938811
24.846 0.938963
24.906 0.939115
24.966 0.939266
25.026 0.939416
25.086 0.939566
25.146 0.939715
25.206 0.939863
25.266 0.94001
25.326 0.940157
25.386 0.940303
25.446 0.940448
25.506 0.940593
25.566 0.940736
25.626 0.940879
25.686 0.941022
25.746 0.941164
25.806 0.941305
25.866 0.941445
25.926 0.941585
25.986 0.941724
26.046 0.941862
26.106 0.942
26.166 0.942137
26.226 0.942273
26.286 0.942409
26.346 0.942544
26.406 0.942679
26.466 0.942813
26.526 0.942946
26.586 0.943079
26.646 0.943211
26.706 0.943342
26.766 0.943473
26.826 0.943603
26.886 0.943733
26.946 0.943862
27.006 0.94399
27.066 0.944118
27.126 0.944245
27.186 0.944372
27.246 0.944498
27.306 0.944624
27.366 0.944749
27.426 0.944873
27.486 0.944997
27.546 0.94512
27.606 0.945243
27.666 0.945365
27.726 0.945487
27.786 0.945608
27.846 0.945728
27.906 0.945848
27.966 0.945968
28.026 0.946087
28.086 0.946205
28.146 0.946323
28.206 0.946441
28.266 0.946558
28.326 0.946674
28.386 0.94679
28.446 0.946905
28.506 0.94702
28.566 0.947134
28.626 0.947248
28.686 0.947362
28.746 0.947475
28.806 0.947587
28.866 0.947699
28.926 0.947811
28.986 0.947922
29.046 0.948032
29.106 0.948142
29.166 0.948252
29.226 0.948361
29.286 0.94847
29.346 0.948578
29.406 0.948685
29.466 0.948793
29.526 0.9489
29.586 0.949006
29.646 0.949112
29.706 0.949218
29.766 0.949323
29.826 0.949427
29.886 0.949532
29.946 0.949635
30.006 0.949739
30.066 0.949842
30.126 0.949944
30.186 0.950046
30.246 0.950148
30.306 0.950249
30.366 0.95035
30.426 0.950451
30.486 0.950551
30.546 0.95065
30.606 0.95075
30.666 0.950848
30.726 0.950947
30.786 0.951045
30.846 0.951143
30.906 0.95124
30.966 0.951337
31.026 0.951433
31.086 0.951529
31.146 0.951625
31.206 0.951721
31.266 0.951816
31.326 0.95191
31.386 0.952004
31.446 0.952098
31.506 0.952192
31.566 0.952285
31.626 0.952378
31.686 0.95247
31.746 0.952562
31.806 0.952654
31.866 0.952745
31.926 0.952836
31.986 0.952927
32.046 0.953017
32.106 0.953107
32.166 0.953197
32.226 0.953286
32.286 0.953375
32.346 0.953464
32.406 0.953552
32.466 0.95364
32.526 0.953727
32.586 0.953815
32.646 0.953902
32.706 0.953988
32.766 0.954075
32.826 0.954161
32.886 0.954246
32.946 0.954331
33.006 0.954416
33.066 0.954501
33.126 0.954586
33.186 0.95467
33.246 0.954753
33.306 0.954837
33.366 0.95492
33.426 0.955003
33.486 0.955085
33.546 0.955167
33.606 0.955249
33.666 0.955331
33.726 0.955412
33.786 0.955493
33.846 0.955574
33.906 0.955655
33.966 0.955735
34.026 0.955815
34.086 0.955894
34.146 0.955973
34.206 0.956052
34.266 0.956131
34.326 0.95621
34.386 0.956288
34.446 0.956366
34.506 0.956443
34.566 0.956521
34.626 0.956598
34.686 0.956674
34.746 0.956751
34.806 0.956827
34.866 0.956903
34.926 0.956979
34.986 0.957054
35.046 0.957129
35.106 0.957204
35.166 0.957279
35.226 0.957353
35.286 0.957427
35.346 0.957501
35.406 0.957575
35.466 0.957648
35.526 0.957721
35.586 0.957794
35.646 0.957867
35.706 0.957939
35.766 0.958011
35.826 0.958083
35.886 0.958155
35.946 0.958226
36.006 0.958297
36.066 0.958368
36.126 0.958439
36.186 0.958509
36.246 0.958579
36.306 0.958649
36.366 0.958719
36.426 0.958788
36.486 0.958858
36.546 0.958927
36.606 0.958995
36.666 0.959064
36.726 0.959132
36.786 0.9592
36.846 0.959268
36.906 0.959336
36.966 0.959403
37.026 0.95947
37.086 0.959537
37.146 0.959604
37.206 0.959671
37.266 0.959737
37.326 0.959803
37.386 0.959869
37.446 0.959934
37.506 0.96
37.566 0.960065
37.626 0.96013
37.686 0.960195
37.746 0.960259
37.806 0.960324
37.866 0.960388
37.926 0.960452
37.986 0.960516
38.046 0.960579
38.106 0.960643
38.166 0.960706
38.226 0.960769
38.286 0.960831
38.346 0.960894
38.406 0.960956
38.466 0.961018
38.526 0.96108
38.586 0.961142
38.646 0.961204
38.706 0.961265
38.766 0.961326
38.826 0.961387
38.886 0.961448
38.946 0.961508
39.006 0.961569
39.066 0.961629
39.126 0.961689
39.186 0.961749
39.246 0.961809
39.306 0.961868
39.366 0.961927
39.426 0.961986
39.486 0.962045
39.546 0.962104
39.606 0.962163
39.666 0.962221
39.726 0.962279
39.786 0.962337
39.846 0.962395
39.906 0.962453
39.966 0.96251
40.026 0.962567
40.086 0.962624
40.146 0.962681
40.206 0.962738
40.266 0.962795
40.326 0.962851
40.386 0.962907
40.446 0.962963
40.506 0.963019
40.566 0.963075
40.626 0.963131
40.686 0.963186
40.746 0.963241
40.806 0.963296
40.866 0.963351
40.926 0.963406
40.986 0.963461
41.046 0.963515
41.106 0.963569
41.166 0.963623
41.226 0.963677
41.286 0.963731
41.346 0.963785
41.406 0.963838
41.466 0.963892
41.526 0.963945
41.586 0.963998
41.646 0.964051
41.706 0.964103
41.766 0.964156
41.826 0.964208
41.886 0.96426
41.946 0.964312
42.006 0.964364
42.066 0.964416
42.126 0.964468
42.186 0.964519
42.246 0.964571
42.306 0.964622
42.366 0.964673
42.426 0.964724
42.486 0.964774
42.546 0.964825
42.606 0.964875
42.666 0.964926
42.726 0.964976
42.786 0.965026
42.846 0.965076
42.906 0.965125
42.966 0.965175
43.026 0.965224
43.086 0.965274
43.146 0.965323
43.206 0.965372
43.266 0.965421
43.326 0.965469
43.386 0.965518
43.446 0.965567
43.506 0.965615
43.566 0.965663
43.626 0.965711
43.686 0.965759
43.746 0.965807
43.806 0.965855
43.866 0.965902
43.926 0.965949
43.986 0.965997
44.046 0.966044
44.106 0.966091
44.166 0.966138
44.226 0.966184
44.286 0.966231
44.346 0.966278
44.406 0.966324
44.466 0.96637
44.526 0.966416
44.586 0.966462
44.646 0.966508
44.706 0.966554
44.766 0.966599
44.826 0.966645
44.886 0.96669
44.946 0.966736
45.006 0.966781
45.066 0.966826
45.126 0.96687
45.186 0.966915
45.246 0.96696
45.306 0.967004
45.366 0.967049
45.426 0.967093
45.486 0.967137
45.546 0.967181
45.606 0.967225
45.666 0.967269
45.726 0.967313
45.786 0.967356
45.846 0.9674
45.906 0.967443
45.966 0.967486
46.026 0.967529
46.086 0.967572
46.146 0.967615
46.206 0.967658
46.266 0.9677
46.326 0.967743
46.386 0.967785
46.446 0.967828
46.506 0.96787
46.566 0.967912
46.626 0.967954
46.686 0.967996
46.746 0.968038
46.806 0.968079
46.866 0.968121
46.926 0.968162
46.986 0.968203
47.046 0.968245
47.106 0.968286
47.166 0.968327
47.226 0.968368
47.286 0.968409
47.346 0.968449
47.406 0.96849
47.466 0.96853
47.526 0.968571
47.586 0.968611
47.646 0.968651
47.706 0.968691
47.766 0.968731
47.826 0.968771
47.886 0.968811
47.946 0.96885
48.006 0.96889
48.066 0.968929
48.126 0.968969
48.186 0.969008
48.246 0.969047
48.306 0.969086
48.366 0.969125
48.426 0.969164
48.486 0.969203
48.546 0.969241
48.606 0.96928
48.666 0.969319
48.726 0.969357
48.786 0.969395
48.846 0.969433
48.906 0.969471
48.966 0.969509
49.026 0.969547
49.086 0.969585
49.146 0.969623
49.206 0.96966
49.266 0.969698
49.326 0.969735
49.386 0.969773
49.446 0.96981
49.506 0.969847
49.566 0.969884
49.626 0.969921
49.686 0.969958
49.746 0.969995
49.806 0.970032
49.866 0.970068
49.926 0.970105
49.986 0.970141
50.046 0.970178
50.106 0.970214
50.166 0.97025
50.226 0.970286
50.286 0.970322
50.346 0.970358
50.406 0.970394
50.466 0.97043
50.526 0.970465
50.586 0.970501
50.646 0.970536
50.706 0.970572
50.766 0.970607
50.826 0.970642
50.886 0.970677
50.946 0.970712
51.006 0.970747
51.066 0.970782
51.126 0.970817
51.186 0.970852
51.246 0.970886
51.306 0.970921
51.366 0.970955
51.426 0.97099
51.486 0.971024
51.546 0.971058
51.606 0.971092
51.666 0.971127
51.726 0.971161
51.786 0.971194
51.846 0.971228
51.906 0.971262
51.966 0.971296
52.026 0.971329
52.086 0.971363
52.146 0.971396
52.206 0.97143
52.266 0.971463
52.326 0.971496
52.386 0.971529
52.446 0.971562
52.506 0.971595
52.566 0.971628
52.626 0.971661
52.686 0.971694
52.746 0.971726
52.806 0.971759
52.866 0.971791
52.926 0.971824
52.986 0.971856
53.046 0.971889
53.106 0.971921
53.166 0.971953
53.226 0.971985
53.286 0.972017
53.346 0.972049
53.406 0.972081
53.466 0.972113
53.526 0.972144
53.586 0.972176
53.646 0.972207
53.706 0.972239
53.766 0.97227
53.826 0.972302
53.886 0.972333
53.946 0.972364
54.006 0.972395
54.066 0.972426
54.126 0.972457
54.186 0.972488
54.246 0.972519
54.306 0.97255
54.366 0.972581
54.426 0.972611
54.486 0.972642
54.546 0.972672
54.606 0.972703
54.666 0.972733
54.726 0.972764
54.786 0.972794
54.846 0.972824
54.906 0.972854
54.966 0.972884
55.026 0.972914
55.086 0.972944
55.146 0.972974
55.206 0.973004
55.266 0.973033
55.326 0.973063
55.386 0.973093
55.446 0.973122
55.506 0.973152
55.566 0.973181
55.626 0.97321
55.686 0.97324
55.746 0.973269
55.806 0.973298
55.866 0.973327
55.926 0.973356
55.986 0.973385
56.046 0.973414
56.106 0.973443
56.166 0.973471
56.226 0.9735
56.286 0.973529
56.346 0.973557
56.406 0.973586
56.466 0.973614
56.526 0.973643
56.586 0.973671
56.646 0.973699
56.706 0.973727
56.766 0.973756
56.826 0.973784
56.886 0.973812
56.946 0.97384
57.006 0.973868
57.066 0.973895
57.126 0.973923
57.186 0.973951
57.246 0.973979
57.306 0.974006
57.366 0.974034
57.426 0.974061
57.486 0.974089
57.546 0.974116
57.606 0.974143
57.666 0.974171
57.726 0.974198
57.786 0.974225
57.846 0.974252
57.906 0.974279
57.966 0.974306
58.026 0.974333
58.086 0.97436
58.146 0.974387
58.206 0.974413
58.266 0.97444
58.326 0.974467
58.386 0.974493
58.446 0.97452
58.506 0.974546
58.566 0.974573
58.626 0.974599
58.686 0.974625
58.746 0.974652
58.806 0.974678
58.866 0.974704
58.926 0.97473
58.986 0.974756
59.046 0.974782
59.106 0.974808
59.166 0.974834
59.226 0.97486
59.286 0.974886
59.346 0.974911
59.406 0.974937
59.466 0.974963
59.526 0.974988
59.586 0.975014
59.646 0.975039
59.706 0.975064
59.766 0.97509
59.826 0.975115
59.886 0.97514
59.946 0.975166

