0.006 0.354188
0.066 0.354341
0.126 0.35475
0.186 0.355412
0.246 0.356324
0.306 0.357481
0.366 0.358877
0.426 0.360505
0.486 0.362357
0.546 0.364424
0.606 0.366698
0.666 0.369169
0.726 0.371827
0.786 0.374664
0.846 0.377669
0.906 0.380833
0.966 0.384147
1.026 0.387602
1.086 0.391188
1.146 0.394897
1.206 0.398721
1.266 0.402652
1.326 0.406683
1.386 0.410805
1.446 0.415013
1.506 0.4193
1.566 0.423658
1.626 0.428084
1.686 0.432571
1.746 0.437113
1.806 0.441706
1.866 0.446346
1.926 0.451028
1.986 0.455748
2.046 0.460503
2.106 0.465288
2.166 0.470101
2.226 0.474938
2.286 0.479796
2.346 0.484673
2.406 0.489566
2.466 0.494473
2.526 0.49939
2.586 0.504317
2.646 0.50925
2.706 0.514187
2.766 0.519127
2.826 0.524067
2.886 0.529005
2.946 0.53394
3.006 0.53887
3.066 0.543792
3.126 0.548705
3.186 0.553608
3.246 0.558497
3.306 0.563372
3.366 0.568231
3.426 0.573072
3.486 0.577894
3.546 0.582694
3.606 0.587471
3.666 0.592223
3.726 0.596949
3.786 0.601648
3.846 0.606317
3.906 0.610955
3.966 0.615561
4.026 0.620133
4.086 0.624669
4.146 0.629169
4.206 0.633631
4.266 0.638053
4.326 0.642435
4.386 0.646775
4.446 0.651071
4.506 0.655324
4.566 0.659531
4.626 0.663693
4.686 0.667807
4.746 0.671873
4.806 0.67589
4.866 0.679857
4.926 0.683773
4.986 0.687639
5.046 0.691453
5.106 0.695214
5.166 0.698922
5.226 0.702577
5.286 0.706178
5.346 0.709725
5.406 0.713218
5.466 0.716656
5.526 0.720039
5.586 0.723367
5.646 0.726639
5.706 0.729857
5.766 0.733019
5.826 0.736125
5.886 0.739177
5.946 0.742174
6.006 0.745115
6.066 0.748002
6.126 0.750835
6.186 0.753613
6.246 0.756337
6.306 0.759007
6.366 0.761624
6.426 0.764188
6.486 0.7667
6.546 0.769159
6.606 0.771566
6.666 0.773923
6.726 0.776231
6.786 0.778491
6.846 0.780706
6.906 0.782876
6.966 0.785002
7.026 0.787087
7.086 0.789131
7.146 0.791135
7.206 0.793102
7.266 0.795031
7.326 0.796923
7.386 0.798781
7.446 0.800605
7.506 0.802395
7.566 0.804153
7.626 0.80588
7.686 0.807576
7.746 0.809242
7.806 0.81088
7.866 0.812489
7.926 0.814071
7.986 0.815626
8.046 0.817154
8.106 0.818658
8.166 0.820137
8.226 0.821591
8.286 0.823022
8.346 0.82443
8.406 0.825815
8.466 0.827179
8.526 0.828521
8.586 0.829842
8.646 0.831143
8.706 0.832424
8.766 0.833686
8.826 0.834928
8.886 0.836152
8.946 0.837358
9.006 0.838546
9.066 0.839716
9.126 0.84087
9.186 0.842007
9.246 0.843127
9.306 0.844232
9.366 0.845321
9.426 0.846395
9.486 0.847454
9.546 0.848499
9.606 0.849529
9.666 0.850545
9.726 0.851548
9.786 0.852537
9.846 0.853512
9.906 0.854475
9.966 0.855425
10.026 0.856363
10.086 0.857289
10.146 0.858203
10.206 0.859105
10.266 0.859995
10.326 0.860874
10.386 0.861743
10.446 0.8626
10.506 0.863447
10.566 0.864283
10.626 0.865109
10.686 0.865925
10.746 0.866731
10.806 0.867528
10.866 0.868315
10.926 0.869093
10.986 0.869861
11.046 0.87062
11.106 0.871371
11.166 0.872113
11.226 0.872846
11.286 0.873571
11.346 0.874288
11.406 0.874996
11.466 0.875697
11.526 0.87639
11.586 0.877075
11.646 0.877752
11.706 0.878422
11.766 0.879085
11.826 0.87974
11.886 0.880388
11.946 0.88103
12.006 0.881664
12.066 0.882292
12.126 0.882913
12.186 0.883528
12.246 0.884136
12.306 0.884737
12.366 0.885333
12.426 0.885922
12.486 0.886505
12.546 0.887083
12.606 0.887654
12.666 0.88822
12.726 0.88878
12.786 0.889334
12.846 0.889883
12.906 0.890427
12.966 0.890965
13.026 0.891498
13.086 0.892025
13.146 0.892548
13.206 0.893065
13.266 0.893578
13.326 0.894085
13.386 0.894588
13.446 0.895086
13.506 0.895579
13.566 0.896068
13.626 0.896552
13.686 0.897031
13.746 0.897506
13.806 0.897977
13.866 0.898444
13.926 0.898906
13.986 0.899364
14.046 0.899818
14.106 0.900267
14.166 0.900713
14.226 0.901155
14.286 0.901592
14.346 0.902026
14.406 0.902457
14.466 0.902883
14.526 0.903306
14.586 0.903724
14.646 0.90414
14.706 0.904552
14.766 0.90496
14.826 0.905364
14.886 0.905766
14.946 0.906164
15.006 0.906558
15.066 0.906949
15.126 0.907337
15.186 0.907722
15.246 0.908104
15.306 0.908482
15.366 0.908857
15.426 0.909229
15.486 0.909599
15.546 0.909965
15.606 0.910328
15.666 0.910688
15.726 0.911046
15.786 0.9114
15.846 0.911752
15.906 0.912101
15.966 0.912447
16.026 0.912791
16.086 0.913131
16.146 0.913469
16.206 0.913805
16.266 0.914138
16.326 0.914468
16.386 0.914796
16.446 0.915121
16.506 0.915444
16.566 0.915764
16.626 0.916082
16.686 0.916398
16.746 0.916711
16.806 0.917022
16.866 0.91733
16.926 0.917636
16.986 0.91794
17.046 0.918242
17.106 0.918541
17.166 0.918839
17.226 0.919134
17.286 0.919427
17.346 0.919718
17.406 0.920007
17.466 0.920293
17.526 0.920578
17.586 0.92086
17.646 0.921141
17.706 0.92142
17.766 0.921696
17.826 0.921971
17.886 0.922244
17.946 0.922515
18.006 0.922784
18.066 0.923051
18.126 0.923316
18.186 0.92358
18.246 0.923841
18.306 0.924101
18.366 0.924359
18.426 0.924616
18.486 0.92487
18.546 0.925123
18.606 0.925374
18.666 0.925624
18.726 0.925872
18.786 0.926118
18.846 0.926362
18.906 0.926605
18.966 0.926847
19.026 0.927087
19.086 0.927325
19.146 0.927561
19.206 0.927797
19.266 0.92803
19.326 0.928262
19.386 0.928493
19.446 0.928722
19.506 0.928949
19.566 0.929176
19.626 0.9294
19.686 0.929624
19.746 0.929846
19.806 0.930066
19.866 0.930285
19.926 0.930503
19.986 0.930719
20.046 0.930935
20.106 0.931148
20.166 0.931361
20.226 0.931572
20.286 0.931782
20.346 0.93199
20.406 0.932197
20.466 0.932403
20.526 0.932608
20.586 0.932812
20.646 0.933014
20.706 0.933215
20.766 0.933415
20.826 0.933613
20.886 0.933811
20.946 0.934007
21.006 0.934202
21.066 0.934396
21.126 0.934589
21.186 0.934781
21.246 0.934971
21.306 0.935161
21.366 0.935349
21.426 0.935537
21.486 0.935723
21.546 0.935908
21.606 0.936092
21.666 0.936275
21.726 0.936457
21.786 0.936638
21.846 0.936818
21.906 0.936997
21.966 0.937174
22.026 0.937351
22.086 0.937527
22.146 0.937702
22.206 0.937876
22.266 0.938049
22.326 0.938221
22.386 0.938392
22.446 0.938562
22.506 0.938731
22.566 0.938899
22.626 0.939067
22.686 0.939233
22.746 0.939398
22.806 0.939563
22.866 0.939727
22.926 0.939889
22.986 0.940051
23.046 0.940212
23.106 0.940373
23.166 0.940532
23.226 0.94069
23.286 0.940848
23.346 0.941005
23.406 0.941161
23.466 0.941316
23.526 0.94147
23.586 0.941624
23.646 0.941776
23.706 0.941928
23.766 0.942079
23.826 0.94223
23.886 0.942379
23.946 0.942528
24.006 0.942676
24.066 0.942823
24.126 0.94297
24.186 0.943116
24.246 0.943261
24.306 0.943405
24.366 0.943548
24.426 0.943691
24.486 0.943833
24.546 0.943975
24.606 0.944115
24.666 0.944255
24.726 0.944394
24.786 0.944533
24.846 0.944671
24.906 0.944808
24.966 0.944945
25.026 0.94508
25.086 0.945216
25.146 0.94535
25.206 0.945484
25.266 0.945617
25.326 0.94575
25.386 0.945882
25.446 0.946013
25.506 0.946143
25.566 0.946273
25.626 0.946403
25.686 0.946531
25.746 0.94666
25.806 0.946787
25.866 0.946914
25.926 0.94704
25.986 0.947166
26.046 0.947291
26.106 0.947416
26.166 0.947539
26.226 0.947663
26.286 0.947786
26.346 0.947908
26.406 0.948029
26.466 0.94815
26.526 0.948271
26.586 0.948391
26.646 0.94851
26.706 0.948629
26.766 0.948747
26.826 0.948865
26.886 0.948982
26.946 0.949099
27.006 0.949215
27.066 0.94933
27.126 0.949446
27.186 0.94956
27.246 0.949674
27.306 0.949788
27.366 0.949901
27.426 0.950013
27.486 0.950125
27.546 0.950237
27.606 0.950348
27.666 0.950458
27.726 0.950568
27.786 0.950678
27.846 0.950787
27.906 0.950895
27.966 0.951003
28.026 0.951111
28.086 0.951218
28.146 0.951325
28.206 0.951431
28.266 0.951536
28.326 0.951642
28.386 0.951747
28.446 0.951851
28.506 0.951955
28.566 0.952058
28.626 0.952161
28.686 0.952264
28.746 0.952366
28.806 0.952468
28.866 0.952569
28.926 0.95267
28.986 0.95277
29.046 0.95287
29.106 0.95297
29.166 0.953069
29.226 0.953167
29.286 0.953266
29.346 0.953364
29.406 0.953461
29.466 0.953558
29.526 0.953655
29.586 0.953751
29.646 0.953847
29.706 0.953943
29.766 0.954038
29.826 0.954132
29.886 0.954227
29.946 0.95432
30.006 0.954414
30.066 0.954507
30.126 0.9546
30.186 0.954692
30.246 0.954784
30.306 0.954876
30.366 0.954967
30.426 0.955058
30.486 0.955149
30.546 0.955239
30.606 0.955329
30.666 0.955418
30.726 0.955507
30.786 0.955596
30.846 0.955684
30.906 0.955772
30.966 0.95586
31.026 0.955947
31.086 0.956034
31.146 0.956121
31.206 0.956207
31.266 0.956293
31.326 0.956379
31.386 0.956464
31.446 0.956549
31.506 0.956634
31.566 0.956718
31.626 0.956802
31.686 0.956885
31.746 0.956969
31.806 0.957052
31.866 0.957134
31.926 0.957217
31.986 0.957299
32.046 0.957381
32.106 0.957462
32.166 0.957543
32.226 0.957624
32.286 0.957704
32.346 0.957785
32.406 0.957864
32.466 0.957944
32.526 0.958023
32.586 0.958102
32.646 0.958181
32.706 0.958259
32.766 0.958337
32.826 0.958415
32.886 0.958493
32.946 0.95857
33.006 0.958647
33.066 0.958724
33.126 0.9588
33.186 0.958876
33.246 0.958952
33.306 0.959027
33.366 0.959103
33.426 0.959178
33.486 0.959252
33.546 0.959327
33.606 0.959401
33.666 0.959475
33.726 0.959548
33.786 0.959622
33.846 0.959695
33.906 0.959768
33.966 0.95984
34.026 0.959913
34.086 0.959985
34.146 0.960056
34.206 0.960128
34.266 0.960199
34.326 0.96027
34.386 0.960341
34.446 0.960411
34.506 0.960482
34.566 0.960552
34.626 0.960621
34.686 0.960691
34.746 0.96076
34.806 0.960829
34.866 0.960898
34.926 0.960967
34.986 0.961035
35.046 0.961103
35.106 0.961171
35.166 0.961238
35.226 0.961306
35.286 0.961373
35.346 0.96144
35.406 0.961506
35.466 0.961573
35.526 0.961639
35.586 0.961705
35.646 0.961771
35.706 0.961836
35.766 0.961901
35.826 0.961966
35.886 0.962031
35.946 0.962096
36.006 0.96216
36.066 0.962225
36.126 0.962289
36.186 0.962352
36.246 0.962416
36.306 0.962479
36.366 0.962542
36.426 0.962605
36.486 0.962668
36.546 0.96273
36.606 0.962793
36.666 0.962855
36.726 0.962916
36.786 0.962978
36.846 0.96304
36.906 0.963101
36.966 0.963162
37.026 0.963223
37.086 0.963283
37.146 0.963344
37.206 0.963404
37.266 0.963464
37.326 0.963524
37.386 0.963584
37.446 0.963643
37.506 0.963702
37.566 0.963761
37.626 0.96382
37.686 0.963879
37.746 0.963937
37.806 0.963996
37.866 0.964054
37.926 0.964112
37.986 0.964169
38.046 0.964227
38.106 0.964284
38.166 0.964342
38.226 0.964399
38.286 0.964455
38.346 0.964512
38.406 0.964568
38.466 0.964625
38.526 0.964681
38.586 0.964737
38.646 0.964793
38.706 0.964848
38.766 0.964903
38.826 0.964959
38.886 0.965014
38.946 0.965069
39.006 0.965123
39.066 0.965178
39.126 0.965232
39.186 0.965286
39.246 0.96534
39.306 0.965394
39.366 0.965448
39.426 0.965501
39.486 0.965555
39.546 0.965608
39.606 0.965661
39.666 0.965714
39.726 0.965767
39.786 0.965819
39.846 0.965872
39.906 0.965924
39.966 0.965976
40.026 0.966028
40.086 0.966079
40.146 0.966131
40.206 0.966182
40.266 0.966234
40.326 0.966285
40.386 0.966336
40.446 0.966387
40.506 0.966437
40.566 0.966488
40.626 0.966538
40.686 0.966588
40.746 0.966638
40.806 0.966688
40.866 0.966738
40.926 0.966788
40.986 0.966837
41.046 0.966886
41.106 0.966936
41.166 0.966985
41.226 0.967033
41.286 0.967082
41.346 0.967131
41.406 0.967179
41.466 0.967227
41.526 0.967276
41.586 0.967324
41.646 0.967372
41.706 0.967419
41.766 0.967467
41.826 0.967514
41.886 0.967562
41.946 0.967609
42.006 0.967656
42.066 0.967703
42.126 0.96775
42.186 0.967796
42.246 0.967843
42.306 0.967889
42.366 0.967935
42.426 0.967981
42.486 0.968027
42.546 0.968073
42.606 0.968119
42.666 0.968164
42.726 0.96821
42.786 0.968255
42.846 0.9683
42.906 0.968345
42.966 0.96839
43.026 0.968435
43.086 0.96848
43.146 0.968524
43.206 0.968569
43.266 0.968613
43.326 0.968657
43.386 0.968701
43.446 0.968745
43.506 0.968789
43.566 0.968833
43.626 0.968876
43.686 0.96892
43.746 0.968963
43.806 0.969006
43.866 0.969049
43.926 0.969092
43.986 0.969135
44.046 0.969178
44.106 0.96922
44.166 0.969263
44.226 0.969305
44.286 0.969347
44.346 0.96939
44.406 0.969432
44.466 0.969473
44.526 0.969515
44.586 0.969557
44.646 0.969598
44.706 0.96964
44.766 0.969681
44.826 0.969722
44.886 0.969764
44.946 0.969805
45.006 0.969845
45.066 0.969886
45.126 0.969927
45.186 0.969967
45.246 0.970008
45.306 0.970048
45.366 0.970088
45.426 0.970128
45.486 0.970168
45.546 0.970208
45.606 0.970248
45.666 0.970288
45.726 0.970327
45.786 0.970367
45.846 0.970406
45.906 0.970446
45.966 0.970485
46.026 0.970524
46.086 0.970563
46.146 0.970602
46.206 0.97064
46.266 0.970679
46.326 0.970718
46.386 0.970756
46.446 0.970794
46.506 0.970833
46.566 0.970871
46.626 0.970909
46.686 0.970947
46.746 0.970985
46.806 0.971022
46.866 0.97106
46.926 0.971098
46.986 0.971135
47.046 0.971172
47.106 0.97121
47.166 0.971247
47.226 0.971284
47.286 0.971321
47.346 0.971358
47.406 0.971395
47.466 0.971431
47.526 0.971468
47.586 0.971504
47.646 0.971541
47.706 0.971577
47.766 0.971613
47.826 0.971649
47.886 0.971685
47.946 0.971721
48.006 0.971757
48.066 0.971793
48.126 0.971829
48.186 0.971864
48.246 0.9719
48.306 0.971935
48.366 0.97197
48.426 0.972006
48.486 0.972041
48.546 0.972076
48.606 0.972111
48.666 0.972146
48.726 0.972181
48.786 0.972215
48.846 0.97225
48.906 0.972284
48.966 0.972319
49.026 0.972353
49.086 0.972387
49.146 0.972422
49.206 0.972456
49.266 0.97249
49.326 0.972524
49.386 0.972558
49.446 0.972591
49.506 0.972625
49.566 0.972659
49.626 0.972692
49.686 0.972726
49.746 0.972759
49.806 0.972792
49.866 0.972825
49.926 0.972859
49.986 0.972892
50.046 0.972925
50.106 0.972957
50.166 0.97299
50.226 0.973023
50.286 0.973056
50.346 0.973088
50.406 0.973121
50.466 0.973153
50.526 0.973185
50.586 0.973218
50.646 0.97325
50.706 0.973282
50.766 0.973314
50.826 0.973346
50.886 0.973378
50.946 0.973409
51.006 0.973441
51.066 0.973473
51.126 0.973504
51.186 0.973536
51.246 0.973567
51.306 0.973598
51.366 0.97363
51.426 0.973661
51.486 0.973692
51.546 0.973723
51.606 0.973754
51.666 0.973785
51.726 0.973816
51.786 0.973846
51.846 0.973877
51.906 0.973908
51.966 0.973938
52.026 0.973969
52.086 0.973999
52.146 0.974029
52.206 0.97406
52.266 0.97409
52.326 0.97412
52.386 0.97415
52.446 0.97418
52.506 0.97421
52.566 0.97424
52.626 0.974269
52.686 0.974299
52.746 0.974329
52.806 0.974358
52.866 0.974388
52.926 0.974417
52.986 0.974447
53.046 0.974476
53.106 0.974505
53.166 0.974534
53.226 0.974563
53.286 0.974592
53.346 0.974621
53.406 0.97465
53.466 0.974679
53.526 0.974708
53.586 0.974736
53.646 0.974765
53.706 0.974794
53.766 0.974822
53.826 0.97485
53.886 0.974879
53.946 0.974907
54.006 0.974935
54.066 0.974964
54.126 0.974992
54.186 0.97502
54.246 0.975048
54.306 0.975076
54.366 0.975103
54.426 0.975131
54.486 0.975159
54.546 0.975187
54.606 0.975214
54.666 0.975242
54.726 0.975269
54.786 0.975297
54.846 0.975324
54.906 0.975351
54.966 0.975379
55.026 0.975406
55.086 0.975433
55.146 0.97546
55.206 0.975487
55.266 0.975514
55.326 0.975541
55.386 0.975568
55.446 0.975594
55.506 0.975621
55.566 0.975648
55.626 0.975674
55.686 0.975701
55.746 0.975727
55.806 0.975754
55.866 0.97578
55.926 0.975807
55.986 0.975833
56.046 0.975859
56.106 0.975885
56.166 0.975911
56.226 0.975937
56.286 0.975963
56.346 0.975989
56.406 0.976015
56.466 0.976041
56.526 0.976066
56.586 0.976092
56.646 0.976118
56.706 0.976143
56.766 0.976169
56.826 0.976194
56.886 0.97622
56.946 0.976245
57.006 0.97627
57.066 0.976296
57.126 0.976321
57.186 0.976346
57.246 0.976371
57.306 0.976396
57.366 0.976421
57.426 0.976446
57.486 0.976471
57.546 0.976496
57.606 0.976521
57.666 0.976545
57.726 0.97657
57.786 0.976595
57.846 0.976619
57.906 0.976644
57.966 0.976668
58.026 0.976693
58.086 0.976717
58.146 0.976741
58.206 0.976765
58.266 0.97679
58.326 0.976814
58.386 0.976838
58.446 0.976862
58.506 0.976886
58.566 0.97691
58.626 0.976934
58.686 0.976958
58.746 0.976982
58.806 0.977005
58.866 0.977029
58.926 0.977053
58.986 0.977076
59.046 0.9771
59.106 0.977123
59.166 0.977147
59.226 0.97717
59.286 0.977194
59.346 0.977217
59.406 0.97724
59.466 0.977264
59.526 0.977287
59.586 0.97731
59.646 0.977333
59.706 0.977356
59.766 0.977379
59.826 0.977402
59.886 0.977425
59.946 0.977448

