0.006 0.30694
0.066 0.307226
0.126 0.307992
0.186 0.309229
0.246 0.310929
0.306 0.31308
0.366 0.315665
0.426 0.318666
0.486 0.32206
0.546 0.325823
0.606 0.329927
0.666 0.334343
0.726 0.33904
0.786 0.343987
0.846 0.34915
0.906 0.354501
0.966 0.360008
1.026 0.365646
1.086 0.371391
1.146 0.377222
1.206 0.38312
1.266 0.389069
1.326 0.395057
1.386 0.401072
1.446 0.407102
1.506 0.413141
1.566 0.419181
1.626 0.425215
1.686 0.431238
1.746 0.437247
1.806 0.443238
1.866 0.449208
1.926 0.455155
1.986 0.461077
2.046 0.466971
2.106 0.472838
2.166 0.478675
2.226 0.484483
2.286 0.490259
2.346 0.496005
2.406 0.501718
2.466 0.507398
2.526 0.513045
2.586 0.518659
2.646 0.524239
2.706 0.529783
2.766 0.535293
2.826 0.540766
2.886 0.546203
2.946 0.551603
3.006 0.556965
3.066 0.562288
3.126 0.567572
3.186 0.572816
3.246 0.578019
3.306 0.583181
3.366 0.588301
3.426 0.593377
3.486 0.598409
3.546 0.603396
3.606 0.608338
3.666 0.613233
3.726 0.618081
3.786 0.622881
3.846 0.627633
3.906 0.632334
3.966 0.636986
4.026 0.641586
4.086 0.646135
4.146 0.650631
4.206 0.655075
4.266 0.659464
4.326 0.6638
4.386 0.668081
4.446 0.672307
4.506 0.676477
4.566 0.680591
4.626 0.684649
4.686 0.688649
4.746 0.692593
4.806 0.69648
4.866 0.700309
4.926 0.70408
4.986 0.707794
5.046 0.711449
5.106 0.715047
5.166 0.718586
5.226 0.722068
5.286 0.725492
5.346 0.728857
5.406 0.732165
5.466 0.735415
5.526 0.738608
5.586 0.741744
5.646 0.744822
5.706 0.747844
5.766 0.75081
5.826 0.753719
5.886 0.756573
5.946 0.759371
6.006 0.762115
6.066 0.764804
6.126 0.767439
6.186 0.77002
6.246 0.772548
6.306 0.775023
6.366 0.777447
6.426 0.779818
6.486 0.782139
6.546 0.784411
6.606 0.786635
6.666 0.788813
6.726 0.790946
6.786 0.793036
6.846 0.795084
6.906 0.797091
6.966 0.799059
7.026 0.800988
7.086 0.802881
7.146 0.804737
7.206 0.806558
7.266 0.808345
7.326 0.810099
7.386 0.81182
7.446 0.813511
7.506 0.81517
7.566 0.816801
7.626 0.818402
7.686 0.819976
7.746 0.821522
7.806 0.823041
7.866 0.824535
7.926 0.826003
7.986 0.827447
8.046 0.828866
8.106 0.830263
8.166 0.831636
8.226 0.832987
8.286 0.834317
8.346 0.835625
8.406 0.836913
8.466 0.83818
8.526 0.839428
8.586 0.840657
8.646 0.841866
8.706 0.843058
8.766 0.844231
8.826 0.845387
8.886 0.846526
8.946 0.847648
9.006 0.848753
9.066 0.849843
9.126 0.850916
9.186 0.851975
9.246 0.853018
9.306 0.854047
9.366 0.855061
9.426 0.856061
9.486 0.857048
9.546 0.858021
9.606 0.85898
9.666 0.859927
9.726 0.860861
9.786 0.861782
9.846 0.862692
9.906 0.863589
9.966 0.864475
10.026 0.865349
10.086 0.866212
10.146 0.867064
10.206 0.867905
10.266 0.868735
10.326 0.869555
10.386 0.870365
10.446 0.871165
10.506 0.871954
10.566 0.872735
10.626 0.873505
10.686 0.874267
10.746 0.875019
10.806 0.875762
10.866 0.876496
10.926 0.877222
10.986 0.877939
11.046 0.878648
11.106 0.879349
11.166 0.880041
11.226 0.880726
11.286 0.881402
11.346 0.882072
11.406 0.882733
11.466 0.883387
11.526 0.884034
11.586 0.884674
11.646 0.885307
11.706 0.885932
11.766 0.886551
11.826 0.887163
11.886 0.887769
11.946 0.888368
12.006 0.888961
12.066 0.889547
12.126 0.890128
12.186 0.890702
12.246 0.89127
12.306 0.891832
12.366 0.892389
12.426 0.89294
12.486 0.893485
12.546 0.894024
12.606 0.894558
12.666 0.895087
12.726 0.895611
12.786 0.896129
12.846 0.896642
12.906 0.89715
12.966 0.897653
13.026 0.898151
13.086 0.898645
13.146 0.899133
13.206 0.899617
13.266 0.900096
13.326 0.900571
13.386 0.901041
13.446 0.901507
13.506 0.901968
13.566 0.902425
13.626 0.902878
13.686 0.903326
13.746 0.903771
13.806 0.904211
13.866 0.904648
13.926 0.90508
13.986 0.905508
14.046 0.905933
14.106 0.906354
14.166 0.906771
14.226 0.907184
14.286 0.907594
14.346 0.908
14.406 0.908402
14.466 0.908801
14.526 0.909197
14.586 0.909589
14.646 0.909978
14.706 0.910363
14.766 0.910745
14.826 0.911124
14.886 0.9115
14.946 0.911872
15.006 0.912241
15.066 0.912608
15.126 0.912971
15.186 0.913331
15.246 0.913688
15.306 0.914042
15.366 0.914394
15.426 0.914742
15.486 0.915088
15.546 0.915431
15.606 0.915771
15.666 0.916108
15.726 0.916443
15.786 0.916775
15.846 0.917104
15.906 0.917431
15.966 0.917755
16.026 0.918077
16.086 0.918396
16.146 0.918713
16.206 0.919027
16.266 0.919339
16.326 0.919648
16.386 0.919955
16.446 0.92026
16.506 0.920562
16.566 0.920862
16.626 0.92116
16.686 0.921456
16.746 0.921749
16.806 0.92204
16.866 0.922329
16.926 0.922616
16.986 0.922901
17.046 0.923184
17.106 0.923464
17.166 0.923743
17.226 0.924019
17.286 0.924294
17.346 0.924566
17.406 0.924837
17.466 0.925106
17.526 0.925372
17.586 0.925637
17.646 0.9259
17.706 0.926161
17.766 0.926421
17.826 0.926678
17.886 0.926934
17.946 0.927188
18.006 0.92744
18.066 0.92769
18.126 0.927939
18.186 0.928186
18.246 0.928431
18.306 0.928674
18.366 0.928916
18.426 0.929157
18.486 0.929395
18.546 0.929632
18.606 0.929868
18.666 0.930102
18.726 0.930334
18.786 0.930565
18.846 0.930794
18.906 0.931022
18.966 0.931248
19.026 0.931473
19.086 0.931696
19.146 0.931918
19.206 0.932139
19.266 0.932358
19.326 0.932575
19.386 0.932792
19.446 0.933006
19.506 0.93322
19.566 0.933432
19.626 0.933643
19.686 0.933852
19.746 0.93406
19.806 0.934267
19.866 0.934472
19.926 0.934677
19.986 0.93488
20.046 0.935081
20.106 0.935282
20.166 0.935481
20.226 0.935679
20.286 0.935876
20.346 0.936071
20.406 0.936266
20.466 0.936459
20.526 0.936651
20.586 0.936842
20.646 0.937031
20.706 0.93722
20.766 0.937407
20.826 0.937594
20.886 0.937779
20.946 0.937963
21.006 0.938146
21.066 0.938328
21.126 0.938509
21.186 0.938689
21.246 0.938868
21.306 0.939045
21.366 0.939222
21.426 0.939398
21.486 0.939572
21.546 0.939746
21.606 0.939919
21.666 0.94009
21.726 0.940261
21.786 0.940431
21.846 0.9406
21.906 0.940767
21.966 0.940934
22.026 0.9411
22.086 0.941265
22.146 0.941429
22.206 0.941592
22.266 0.941755
22.326 0.941916
22.386 0.942077
22.446 0.942236
22.506 0.942395
22.566 0.942553
22.626 0.94271
22.686 0.942866
22.746 0.943021
22.806 0.943175
22.866 0.943329
22.926 0.943482
22.986 0.943634
23.046 0.943785
23.106 0.943935
23.166 0.944085
23.226 0.944233
23.286 0.944381
23.346 0.944528
23.406 0.944675
23.466 0.94482
23.526 0.944965
23.586 0.945109
23.646 0.945253
23.706 0.945395
23.766 0.945537
23.826 0.945678
23.886 0.945818
23.946 0.945958
24.006 0.946097
24.066 0.946235
24.126 0.946373
24.186 0.946509
24.246 0.946646
24.306 0.946781
24.366 0.946916
24.426 0.94705
24.486 0.947183
24.546 0.947316
24.606 0.947448
24.666 0.947579
24.726 0.94771
24.786 0.94784
24.846 0.947969
24.906 0.948098
24.966 0.948226
25.026 0.948354
25.086 0.948481
25.146 0.948607
25.206 0.948733
25.266 0.948858
25.326 0.948982
25.386 0.949106
25.446 0.949229
25.506 0.949352
25.566 0.949474
25.626 0.949595
25.686 0.949716
25.746 0.949836
25.806 0.949956
25.866 0.950075
25.926 0.950194
25.986 0.950312
26.046 0.950429
26.106 0.950546
26.166 0.950662
26.226 0.950778
26.286 0.950893
26.346 0.951008
26.406 0.951122
26.466 0.951236
26.526 0.951349
26.586 0.951462
26.646 0.951574
26.706 0.951685
26.766 0.951796
26.826 0.951907
26.886 0.952017
26.946 0.952127
27.006 0.952236
27.066 0.952344
27.126 0.952452
27.186 0.95256
27.246 0.952667
27.306 0.952773
27.366 0.952879
27.426 0.952985
27.486 0.95309
27.546 0.953195
27.606 0.953299
27.666 0.953403
27.726 0.953506
27.786 0.953609
27.846 0.953711
27.906 0.953813
27.966 0.953915
28.026 0.954016
28.086 0.954116
28.146 0.954217
28.206 0.954316
28.266 0.954416
28.326 0.954514
28.386 0.954613
28.446 0.954711
28.506 0.954808
28.566 0.954906
28.626 0.955002
28.686 0.955099
28.746 0.955195
28.806 0.95529
28.866 0.955385
28.926 0.95548
28.986 0.955574
29.046 0.955668
29.106 0.955762
29.166 0.955855
29.226 0.955947
29.286 0.95604
29.346 0.956132
29.406 0.956223
29.466 0.956314
29.526 0.956405
29.586 0.956496
29.646 0.956586
29.706 0.956675
29.766 0.956765
29.826 0.956854
29.886 0.956942
29.946 0.95703
30.006 0.957118
30.066 0.957206
30.126 0.957293
30.186 0.95738
30.246 0.957466
30.306 0.957552
30.366 0.957638
30.426 0.957723
30.486 0.957808
30.546 0.957893
30.606 0.957977
30.666 0.958061
30.726 0.958145
30.786 0.958228
30.846 0.958311
30.906 0.958394
30.966 0.958477
31.026 0.958559
31.086 0.95864
31.146 0.958722
31.206 0.958803
31.266 0.958883
31.326 0.958964
31.386 0.959044
31.446 0.959124
31.506 0.959203
31.566 0.959283
31.626 0.959361
31.686 0.95944
31.746 0.959518
31.806 0.959596
31.866 0.959674
31.926 0.959751
31.986 0.959828
32.046 0.959905
32.106 0.959982
32.166 0.960058
32.226 0.960134
32.286 0.960209
32.346 0.960285
32.406 0.96036
32.466 0.960435
32.526 0.960509
32.586 0.960583
32.646 0.960657
32.706 0.960731
32.766 0.960804
32.826 0.960877
32.886 0.96095
32.946 0.961023
33.006 0.961095
33.066 0.961167
33.126 0.961239
33.186 0.96131
33.246 0.961381
33.306 0.961452
33.366 0.961523
33.426 0.961594
33.486 0.961664
33.546 0.961734
33.606 0.961803
33.666 0.961873
33.726 0.961942
33.786 0.962011
33.846 0.96208
33.906 0.962148
33.966 0.962216
34.026 0.962284
34.086 0.962352
34.146 0.962419
34.206 0.962486
34.266 0.962553
34.326 0.96262
34.386 0.962687
34.446 0.962753
34.506 0.962819
34.566 0.962885
34.626 0.96295
34.686 0.963016
34.746 0.963081
34.806 0.963145
34.866 0.96321
34.926 0.963275
34.986 0.963339
35.046 0.963403
35.106 0.963466
35.166 0.96353
35.226 0.963593
35.286 0.963656
35.346 0.963719
35.406 0.963782
35.466 0.963844
35.526 0.963906
35.586 0.963968
35.646 0.96403
35.706 0.964092
35.766 0.964153
35.826 0.964214
35.886 0.964275
35.946 0.964336
36.006 0.964396
36.066 0.964457
36.126 0.964517
36.186 0.964577
36.246 0.964637
36.306 0.964696
36.366 0.964755
36.426 0.964814
36.486 0.964873
36.546 0.964932
36.606 0.964991
36.666 0.965049
36.726 0.965107
36.786 0.965165
36.846 0.965223
36.906 0.96528
36.966 0.965338
37.026 0.965395
37.086 0.965452
37.146 0.965509
37.206 0.965565
37.266 0.965622
37.326 0.965678
37.386 0.965734
37.446 0.96579
37.506 0.965846
37.566 0.965901
37.626 0.965956
37.686 0.966012
37.746 0.966067
37.806 0.966121
37.866 0.966176
37.926 0.96623
37.986 0.966285
38.046 0.966339
38.106 0.966393
38.166 0.966446
38.226 0.9665
38.286 0.966553
38.346 0.966607
38.406 0.96666
38.466 0.966713
38.526 0.966765
38.586 0.966818
38.646 0.96687
38.706 0.966923
38.766 0.966975
38.826 0.967027
38.886 0.967078
38.946 0.96713
39.006 0.967181
39.066 0.967233
39.126 0.967284
39.186 0.967335
39.246 0.967385
39.306 0.967436
39.366 0.967486
39.426 0.967537
39.486 0.967587
39.546 0.967637
39.606 0.967687
39.666 0.967736
39.726 0.967786
39.786 0.967835
39.846 0.967885
39.906 0.967934
39.966 0.967983
40.026 0.968031
40.086 0.96808
40.146 0.968129
40.206 0.968177
40.266 0.968225
40.326 0.968273
40.386 0.968321
40.446 0.968369
40.506 0.968416
40.566 0.968464
40.626 0.968511
40.686 0.968558
40.746 0.968605
40.806 0.968652
40.866 0.968699
40.926 0.968746
40.986 0.968792
41.046 0.968839
41.106 0.968885
41.166 0.968931
41.226 0.968977
41.286 0.969023
41.346 0.969068
41.406 0.969114
41.466 0.969159
41.526 0.969205
41.586 0.96925
41.646 0.969295
41.706 0.96934
41.766 0.969384
41.826 0.969429
41.886 0.969473
41.946 0.969518
42.006 0.969562
42.066 0.969606
42.126 0.96965
42.186 0.969694
42.246 0.969738
42.306 0.969781
42.366 0.969825
42.426 0.969868
42.486 0.969911
42.546 0.969954
42.606 0.969997
42.666 0.97004
42.726 0.970083
42.786 0.970125
42.846 0.970168
42.906 0.97021
42.966 0.970252
43.026 0.970295
43.086 0.970337
43.146 0.970378
43.206 0.97042
43.266 0.970462
43.326 0.970503
43.386 0.970545
43.446 0.970586
43.506 0.970627
43.566 0.970668
43.626 0.970709
43.686 0.97075
43.746 0.970791
43.806 0.970831
43.866 0.970872
43.926 0.970912
43.986 0.970953
44.046 0.970993
44.106 0.971033
44.166 0.971073
44.226 0.971113
44.286 0.971152
44.346 0.971192
44.406 0.971231
44.466 0.971271
44.526 0.97131
44.586 0.971349
44.646 0.971388
44.706 0.971427
44.766 0.971466
44.826 0.971505
44.886 0.971544
44.946 0.971582
45.006 0.971621
45.066 0.971659
45.126 0.971697
45.186 0.971735
45.246 0.971773
45.306 0.971811
45.366 0.971849
45.426 0.971887
45.486 0.971924
45.546 0.971962
45.606 0.971999
45.666 0.972037
45.726 0.972074
45.786 0.972111
45.846 0.972148
45.906 0.972185
45.966 0.972222
46.026 0.972258
46.086 0.972295
46.146 0.972332
46.206 0.972368
46.266 0.972404
46.326 0.972441
46.386 0.972477
46.446 0.972513
46.506 0.972549
46.566 0.972585
46.626 0.97262
46.686 0.972656
46.746 0.972692
46.806 0.972727
46.866 0.972763
46.926 0.972798
46.986 0.972833
47.046 0.972868
47.106 0.972903
47.166 0.972938
47.226 0.972973
47.286 0.973008
47.346 0.973043
47.406 0.973077
47.466 0.973112
47.526 0.973146
47.586 0.97318
47.646 0.973215
47.706 0.973249
47.766 0.973283
47.826 0.973317
47.886 0.973351
47.946 0.973385
48.006 0.973418
48.066 0.973452
48.126 0.973485
48.186 0.973519
48.246 0.973552
48.306 0.973586
48.366 0.973619
48.426 0.973652
48.486 0.973685
48.546 0.973718
48.606 0.973751
48.666 0.973784
48.726 0.973816
48.786 0.973849
48.846 0.973882
48.906 0.973914
48.966 0.973946
49.026 0.973979
49.086 0.974011
49.146 0.974043
49.206 0.974075
49.266 0.974107
49.326 0.974139
49.386 0.974171
49.446 0.974203
49.506 0.974234
49.566 0.974266
49.626 0.974297
49.686 0.974329
49.746 0.97436
49.806 0.974392
49.866 0.974423
49.926 0.974454
49.986 0.974485
50.046 0.974516
50.106 0.974547
50.166 0.974578
50.226 0.974609
50.286 0.974639
50.346 0.97467
50.406 0.9747
50.466 0.974731
50.526 0.974761
50.586 0.974792
50.646 0.974822
50.706 0.974852
50.766 0.974882
50.826 0.974912
50.886 0.974942
50.946 0.974972
51.006 0.975002
51.066 0.975032
51.126 0.975061
51.186 0.975091
51.246 0.97512
51.306 0.97515
51.366 0.975179
51.426 0.975209
51.486 0.975238
51.546 0.975267
51.606 0.975296
51.666 0.975325
51.726 0.975354
51.786 0.975383
51.846 0.975412
51.906 0.975441
51.966 0.975469
52.026 0.975498
52.086 0.975527
52.146 0.975555
52.206 0.975584
52.266 0.975612
52.326 0.97564
52.386 0.975669
52.446 0.975697
52.506 0.975725
52.566 0.975753
52.626 0.975781
52.686 0.975809
52.746 0.975837
52.806 0.975864
52.866 0.975892
52.926 0.97592
52.986 0.975947
53.046 0.975975
53.106 0.976002
53.166 0.97603
53.226 0.976057
53.286 0.976085
53.346 0.976112
53.406 0.976139
53.466 0.976166
53.526 0.976193
53.586 0.97622
53.646 0.976247
53.706 0.976274
53.766 0.976301
53.826 0.976327
53.886 0.976354
53.946 0.976381
54.006 0.976407
54.066 0.976434
54.126 0.97646
54.186 0.976487
54.246 0.976513
54.306 0.976539
54.366 0.976565
54.426 0.976591
54.486 0.976618
54.546 0.976644
54.606 0.97667
54.666 0.976695
54.726 0.976721
54.786 0.976747
54.846 0.976773
54.906 0.976799
54.966 0.976824
55.026 0.97685
55.086 0.976875
55.146 0.976901
55.206 0.976926
55.266 0.976951
55.326 0.976977
55.386 0.977002
55.446 0.977027
55.506 0.977052
55.566 0.977077
55.626 0.977102
55.686 0.977127
55.746 0.977152
55.806 0.977177
55.866 0.977202
55.926 0.977227
55.986 0.977251
56.046 0.977276
56.106 0.977301
56.166 0.977325
56.226 0.97735
56.286 0.977374
56.346 0.977398
56.406 0.977423
56.466 0.977447
56.526 0.977471
56.586 0.977495
56.646 0.977519
56.706 0.977543
56.766 0.977567
56.826 0.977591
56.886 0.977615
56.946 0.977639
57.006 0.977663
57.066 0.977687
57.126 0.97771
57.186 0.977734
57.246 0.977758
57.306 0.977781
57.366 0.977805
57.426 0.977828
57.486 0.977852
57.546 0.977875
57.606 0.977898
57.666 0.977922
57.726 0.977945
57.786 0.977968
57.846 0.977991
57.906 0.978014
57.966 0.978037
58.026 0.97806
58.086 0.978083
58.146 0.978106
58.206 0.978129
58.266 0.978151
58.326 0.978174
58.386 0.978197
58.446 0.978219
58.506 0.978242
58.566 0.978265
58.626 0.978287
58.686 0.97831
58.746 0.978332
58.806 0.978354
58.866 0.978377
58.926 0.978399
58.986 0.978421
59.046 0.978443
59.106 0.978465
59.166 0.978487
59.226 0.978509
59.286 0.978531
59.346 0.978553
59.406 0.978575
59.466 0.978597
59.526 0.978619
59.586 0.978641
59.646 0.978662
59.706 0.978684
59.766 0.978706
59.826 0.978727
59.886 0.978749
59.946 0.97877

