0.006 1
0.066 1.00546
0.126 1.01944
0.186 1.04079
0.246 1.06773
0.306 1.09811
0.366 1.12969
0.426 1.16044
0.486 1.18876
0.546 1.21361
0.606 1.23445
0.666 1.25124
0.726 1.26444
0.786 1.27462
0.846 1.28234
0.906 1.28819
0.966 1.2927
1.026 1.29633
1.086 1.29945
1.146 1.30231
1.206 1.30495
1.266 1.30715
1.326 1.30846
1.386 1.30845
1.446 1.30697
1.506 1.30408
1.566 1.29999
1.626 1.29494
1.686 1.28915
1.746 1.28283
1.806 1.27615
1.866 1.26928
1.926 1.2623
1.986 1.25533
2.046 1.24842
2.106 1.24162
2.166 1.23499
2.226 1.22853
2.286 1.22227
2.346 1.21623
2.406 1.21039
2.466 1.20478
2.526 1.19938
2.586 1.1942
2.646 1.18922
2.706 1.18444
2.766 1.17986
2.826 1.17546
2.886 1.17124
2.946 1.1672
3.006 1.16331
3.066 1.15959
3.126 1.15601
3.186 1.15257
3.246 1.14927
3.306 1.1461
3.366 1.14305
3.426 1.14012
3.486 1.13729
3.546 1.13457
3.606 1.13195
3.666 1.12943
3.726 1.12699
3.786 1.12464
3.846 1.12238
3.906 1.12019
3.966 1.11807
4.026 1.11603
4.086 1.11405
4.146 1.11214
4.206 1.11029
4.266 1.1085
4.326 1.10676
4.386 1.10508
4.446 1.10345
4.506 1.10186
4.566 1.10033
4.626 1.09884
4.686 1.09739
4.746 1.09598
4.806 1.09461
4.866 1.09329
4.926 1.09199
4.986 1.09074
5.046 1.08951
5.106 1.08832
5.166 1.08716
5.226 1.08603
5.286 1.08493
5.346 1.08385
5.406 1.08281
5.466 1.08178
5.526 1.08079
5.586 1.07981
5.646 1.07886
5.706 1.07794
5.766 1.07703
5.826 1.07615
5.886 1.07528
5.946 1.07443
6.006 1.07361
6.066 1.0728
6.126 1.07201
6.186 1.07123
6.246 1.07047
6.306 1.06973
6.366 1.06901
6.426 1.06829
6.486 1.0676
6.546 1.06691
6.606 1.06624
6.666 1.06559
6.726 1.06495
6.786 1.06431
6.846 1.0637
6.906 1.06309
6.966 1.06249
7.026 1.06191
7.086 1.06134
7.146 1.06077
7.206 1.06022
7.266 1.05968
7.326 1.05915
7.386 1.05862
7.446 1.05811
7.506 1.0576
7.566 1.05711
7.626 1.05662
7.686 1.05614
7.746 1.05567
7.806 1.0552
7.866 1.05475
7.926 1.0543
7.986 1.05386
8.046 1.05342
8.106 1.05299
8.166 1.05257
8.226 1.05216
8.286 1.05175
8.346 1.05135
8.406 1.05096
8.466 1.05057
8.526 1.05018
8.586 1.04981
8.646 1.04943
8.706 1.04907
8.766 1.04871
8.826 1.04835
8.886 1.048
8.946 1.04766
9.006 1.04732
9.066 1.04698
9.126 1.04665
9.186 1.04632
9.246 1.046
9.306 1.04568
9.366 1.04537
9.426 1.04506
9.486 1.04476
9.546 1.04446
9.606 1.04416
9.666 1.04387
9.726 1.04358
9.786 1.0433
9.846 1.04301
9.906 1.04274
9.966 1.04246
10.026 1.04219
10.086 1.04193
10.146 1.04166
10.206 1.0414
10.266 1.04114
10.326 1.04089
10.386 1.04064
10.446 1.04039
10.506 1.04015
10.566 1.03991
10.626 1.03967
10.686 1.03943
10.746 1.0392
10.806 1.03897
10.866 1.03874
10.926 1.03851
10.986 1.03829
11.046 1.03807
11.106 1.03785
11.166 1.03764
11.226 1.03743
11.286 1.03722
11.346 1.03701
11.406 1.0368
11.466 1.0366
11.526 1.0364
11.586 1.0362
11.646 1.036
11.706 1.03581
11.766 1.03562
11.826 1.03542
11.886 1.03524
11.946 1.03505
12.006 1.03487
12.066 1.03468
12.126 1.0345
12.186 1.03432
12.246 1.03415
12.306 1.03397
12.366 1.0338
12.426 1.03363
12.486 1.03346
12.546 1.03329
12.606 1.03312
12.666 1.03296
12.726 1.03279
12.786 1.03263
12.846 1.03247
12.906 1.03232
12.966 1.03216
13.026 1.032
13.086 1.03185
13.146 1.0317
13.206 1.03155
13.266 1.0314
13.326 1.03125
13.386 1.0311
13.446 1.03096
13.506 1.03081
13.566 1.03067
13.626 1.03053
13.686 1.03039
13.746 1.03025
13.806 1.03011
13.866 1.02998
13.926 1.02984
13.986 1.02971
14.046 1.02957
14.106 1.02944
14.166 1.02931
14.226 1.02918
14.286 1.02906
14.346 1.02893
14.406 1.0288
14.466 1.02868
14.526 1.02856
14.586 1.02843
14.646 1.02831
14.706 1.02819
14.766 1.02807
14.826 1.02795
14.886 1.02784
14.946 1.02772
15.006 1.0276
15.066 1.02749
15.126 1.02738
15.186 1.02726
15.246 1.02715
15.306 1.02704
15.366 1.02693
15.426 1.02682
15.486 1.02671
15.546 1.02661
15.606 1.0265
15.666 1.02639
15.726 1.02629
15.786 1.02619
15.846 1.02608
15.906 1.02598
15.966 1.02588
16.026 1.02578
16.086 1.02568
16.146 1.02558
16.206 1.02548
16.266 1.02538
16.326 1.02529
16.386 1.02519
16.446 1.02509
16.506 1.025
16.566 1.02491
16.626 1.02481
16.686 1.02472
16.746 1.02463
16.806 1.02454
16.866 1.02445
16.926 1.02436
16.986 1.02427
17.046 1.02418
17.106 1.02409
17.166 1.024
17.226 1.02392
17.286 1.02383
17.346 1.02375
17.406 1.02366
17.466 1.02358
17.526 1.02349
17.586 1.02341
17.646 1.02333
17.706 1.02325
17.766 1.02317
17.826 1.02308
17.886 1.023
17.946 1.02292
18.006 1.02285
18.066 1.02277
18.126 1.02269
18.186 1.02261
18.246 1.02253
18.306 1.02246
18.366 1.02238
18.426 1.02231
18.486 1.02223
18.546 1.02216
18.606 1.02208
18.666 1.02201
18.726 1.02194
18.786 1.02187
18.846 1.02179
18.906 1.02172
18.966 1.02165
19.026 1.02158
19.086 1.02151
19.146 1.02144
19.206 1.02137
19.266 1.0213
19.326 1.02124
19.386 1.02117
19.446 1.0211
19.506 1.02103
19.566 1.02097
19.626 1.0209
19.686 1.02083
19.746 1.02077
19.806 1.0207
19.866 1.02064
19.926 1.02058
19.986 1.02051
20.046 1.02045
20.106 1.02039
20.166 1.02032
20.226 1.02026
20.286 1.0202
20.346 1.02014
20.406 1.02008
20.466 1.02002
20.526 1.01996
20.586 1.0199
20.646 1.01984
20.706 1.01978
20.766 1.01972
20.826 1.01966
20.886 1.0196
20.946 1.01954
21.006 1.01949
21.066 1.01943
21.126 1.01937
21.186 1.01932
21.246 1.01926
21.306 1.0192
21.366 1.01915
21.426 1.01909
21.486 1.01904
21.546 1.01898
21.606 1.01893
21.666 1.01888
21.726 1.01882
21.786 1.01877
21.846 1.01872
21.906 1.01866
21.966 1.01861
22.026 1.01856
22.086 1.01851
22.146 1.01846
22.206 1.0184
22.266 1.01835
22.326 1.0183
22.386 1.01825
22.446 1.0182
22.506 1.01815
22.566 1.0181
22.626 1.01805
22.686 1.018
22.746 1.01796
22.806 1.01791
22.866 1.01786
22.926 1.01781
22.986 1.01776
23.046 1.01772
23.106 1.01767
23.166 1.01762
23.226 1.01757
23.286 1.01753
23.346 1.01748
23.406 1.01744
23.466 1.01739
23.526 1.01734
23.586 1.0173
23.646 1.01725
23.706 1.01721
23.766 1.01717
23.826 1.01712
23.886 1.01708
23.946 1.01703
24.006 1.01699
24.066 1.01695
24.126 1.0169
24.186 1.01686
24.246 1.01682
24.306 1.01677
24.366 1.01673
24.426 1.01669
24.486 1.01665
24.546 1.01661
24.606 1.01656
24.666 1.01652
24.726 1.01648
24.786 1.01644
24.846 1.0164
24.906 1.01636
24.966 1.01632
25.026 1.01628
25.086 1.01624
25.146 1.0162
25.206 1.01616
25.266 1.01612
25.326 1.01608
25.386 1.01604
25.446 1.016
25.506 1.01597
25.566 1.01593
25.626 1.01589
25.686 1.01585
25.746 1.01581
25.806 1.01578
25.866 1.01574
25.926 1.0157
25.986 1.01566
26.046 1.01563
26.106 1.01559
26.166 1.01555
26.226 1.01552
26.286 1.01548
26.346 1.01545
26.406 1.01541
26.466 1.01537
26.526 1.01534
26.586 1.0153
26.646 1.01527
26.706 1.01523
26.766 1.0152
26.826 1.01516
26.886 1.01513
26.946 1.01509
27.006 1.01506
27.066 1.01502
27.126 1.01499
27.186 1.01496
27.246 1.01492
27.306 1.01489
27.366 1.01486
27.426 1.01482
27.486 1.01479
27.546 1.01476
27.606 1.01472
27.666 1.01469
27.726 1.01466
27.786 1.01463
27.846 1.01459
27.906 1.01456
27.966 1.01453
28.026 1.0145
28.086 1.01447
28.146 1.01444
28.206 1.0144
28.266 1.01437
28.326 1.01434
28.386 1.01431
28.446 1.01428
28.506 1.01425
28.566 1.01422
28.626 1.01419
28.686 1.01416
28.746 1.01413
28.806 1.0141
28.866 1.01407
28.926 1.01404
28.986 1.01401
29.046 1.01398
29.106 1.01395
29.166 1.01392
29.226 1.01389
29.286 1.01386
29.346 1.01383
29.406 1.0138
29.466 1.01378
29.526 1.01375
29.586 1.01372
29.646 1.01369
29.706 1.01366
29.766 1.01363
29.826 1.01361
29.886 1.01358
29.946 1.01355
30.006 1.01352
30.066 1.0135
30.126 1.01347
30.186 1.01344
30.246 1.01341
30.306 1.01339
30.366 1.01336
30.426 1.01333
30.486 1.01331
30.546 1.01328
30.606 1.01325
30.666 1.01323
30.726 1.0132
30.786 1.01317
30.846 1.01315
30.906 1.01312
30.966 1.0131
31.026 1.01307
31.086 1.01304
31.146 1.01302
31.206 1.01299
31.266 1.01297
31.326 1.01294
31.386 1.01292
31.446 1.01289
31.506 1.01287
31.566 1.01284
31.626 1.01282
31.686 1.01279
31.746 1.01277
31.806 1.01274
31.866 1.01272
31.926 1.01269
31.986 1.01267
32.046 1.01265
32.106 1.01262
32.166 1.0126
32.226 1.01257
32.286 1.01255
32.346 1.01253
32.406 1.0125
32.466 1.01248
32.526 1.01246
32.586 1.01243
32.646 1.01241
32.706 1.01239
32.766 1.01236
32.826 1.01234
32.886 1.01232
32.946 1.01229
33.006 1.01227
33.066 1.01225
33.126 1.01223
33.186 1.0122
33.246 1.01218
33.306 1.01216
33.366 1.01214
33.426 1.01211
33.486 1.01209
33.546 1.01207
33.606 1.01205
33.666 1.01203
33.726 1.012
33.786 1.01198
33.846 1.01196
33.906 1.01194
33.966 1.01192
34.026 1.0119
34.086 1.01188
34.146 1.01185
34.206 1.01183
34.266 1.01181
34.326 1.01179
34.386 1.01177
34.446 1.01175
34.506 1.01173
34.566 1.01171
34.626 1.01169
34.686 1.01167
34.746 1.01165
34.806 1.01163
34.866 1.0116
34.926 1.01158
34.986 1.01156
35.046 1.01154
35.106 1.01152
35.166 1.0115
35.226 1.01148
35.286 1.01146
35.346 1.01144
35.406 1.01142
35.466 1.01141
35.526 1.01139
35.586 1.01137
35.646 1.01135
35.706 1.01133
35.766 1.01131
35.826 1.01129
35.886 1.01127
35.946 1.01125
36.006 1.01123
36.066 1.01121
36.126 1.01119
36.186 1.01117
36.246 1.01116
36.306 1.01114
36.366 1.01112
36.426 1.0111
36.486 1.01108
36.546 1.01106
36.606 1.01104
36.666 1.01103
36.726 1.01101
36.786 1.01099
36.846 1.01097
36.906 1.01095
36.966 1.01093
37.026 1.01092
37.086 1.0109
37.146 1.01088
37.206 1.01086
37.266 1.01085
37.326 1.01083
37.386 1.01081
37.446 1.01079
37.506 1.01077
37.566 1.01076
37.626 1.01074
37.686 1.01072
37.746 1.01071
37.806 1.01069
37.866 1.01067
37.926 1.01065
37.986 1.01064
38.046 1.01062
38.106 1.0106
38.166 1.01059
38.226 1.01057
38.286 1.01055
38.346 1.01054
38.406 1.01052
38.466 1.0105
38.526 1.01049
38.586 1.01047
38.646 1.01045
38.706 1.01044
38.766 1.01042
38.826 1.0104
38.886 1.01039
38.946 1.01037
39.006 1.01035
39.066 1.01034
39.126 1.01032
39.186 1.01031
39.246 1.01029
39.306 1.01027
39.366 1.01026
39.426 1.01024
39.486 1.01023
39.546 1.01021
39.606 1.01019
39.666 1.01018
39.726 1.01016
39.786 1.01015
39.846 1.01013
39.906 1.01012
39.966 1.0101
40.026 1.01009
40.086 1.01007
40.146 1.01006
40.206 1.01004
40.266 1.01003
40.326 1.01001
40.386 1.00999
40.446 1.00998
40.506 1.00996
40.566 1.00995
40.626 1.00993
40.686 1.00992
40.746 1.00991
40.806 1.00989
40.866 1.00988
40.926 1.00986
40.986 1.00985
41.046 1.00983
41.106 1.00982
41.166 1.0098
41.226 1.00979
41.286 1.00977
41.346 1.00976
41.406 1.00975
41.466 1.00973
41.526 1.00972
41.586 1.0097
41.646 1.00969
41.706 1.00967
41.766 1.00966
41.826 1.00965
41.886 1.00963
41.946 1.00962
42.006 1.0096
42.066 1.00959
42.126 1.00958
42.186 1.00956
42.246 1.00955
42.306 1.00953
42.366 1.00952
42.426 1.00951
42.486 1.00949
42.546 1.00948
42.606 1.00947
42.666 1.00945
42.726 1.00944
42.786 1.00943
42.846 1.00941
42.906 1.0094
42.966 1.00939
43.026 1.00937
43.086 1.00936
43.146 1.00935
43.206 1.00933
43.266 1.00932
43.326 1.00931
43.386 1.00929
43.446 1.00928
43.506 1.00927
43.566 1.00926
43.626 1.00924
43.686 1.00923
43.746 1.00922
43.806 1.0092
43.866 1.00919
43.926 1.00918
43.986 1.00917
44.046 1.00915
44.106 1.00914
44.166 1.00913
44.226 1.00912
44.286 1.0091
44.346 1.00909
44.406 1.00908
44.466 1.00907
44.526 1.00905
44.586 1.00904
44.646 1.00903
44.706 1.00902
44.766 1.009
44.826 1.00899
44.886 1.00898
44.946 1.00897
45.006 1.00896
45.066 1.00894
45.126 1.00893
45.186 1.00892
45.246 1.00891
45.306 1.00889
45.366 1.00888
45.426 1.00887
45.486 1.00886
45.546 1.00885
45.606 1.00884
45.666 1.00882
45.726 1.00881
45.786 1.0088
45.846 1.00879
45.906 1.00878
45.966 1.00877
46.026 1.00875
46.086 1.00874
46.146 1.00873
46.206 1.00872
46.266 1.00871
46.326 1.0087
46.386 1.00869
46.446 1.00867
46.506 1.00866
46.566 1.00865
46.626 1.00864
46.686 1.00863
46.746 1.00862
46.806 1.00861
46.866 1.0086
46.926 1.00858
46.986 1.00857
47.046 1.00856
47.106 1.00855
47.166 1.00854
47.226 1.00853
47.286 1.00852
47.346 1.00851
47.406 1.0085
47.466 1.00849
47.526 1.00847
47.586 1.00846
47.646 1.00845
47.706 1.00844
47.766 1.00843
47.826 1.00842
47.886 1.00841
47.946 1.0084
48.006 1.00839
48.066 1.00838
48.126 1.00837
48.186 1.00836
48.246 1.00835
48.306 1.00834
48.366 1.00833
48.426 1.00831
48.486 1.0083
48.546 1.00829
48.606 1.00828
48.666 1.00827
48.726 1.00826
48.786 1.00825
48.846 1.00824
48.906 1.00823
48.966 1.00822
49.026 1.00821
49.086 1.0082
49.146 1.00819
49.206 1.00818
49.266 1.00817
49.326 1.00816
49.386 1.00815
49.446 1.00814
49.506 1.00813
49.566 1.00812
49.626 1.00811
49.686 1.0081
49.746 1.00809
49.806 1.00808
49.866 1.00807
49.926 1.00806
49.986 1.00805
50.046 1.00804
50.106 1.00803
50.166 1.00802
50.226 1.00801
50.286 1.008
50.346 1.00799
50.406 1.00798
50.466 1.00797
50.526 1.00796
50.586 1.00796
50.646 1.00795
50.706 1.00794
50.766 1.00793
50.826 1.00792
50.886 1.00791
50.946 1.0079
51.006 1.00789
51.066 1.00788
51.126 1.00787
51.186 1.00786
51.246 1.00785
51.306 1.00784
51.366 1.00783
51.426 1.00782
51.486 1.00781
51.546 1.00781
51.606 1.0078
51.666 1.00779
51.726 1.00778
51.786 1.00777
51.846 1.00776
51.906 1.00775
51.966 1.00774
52.026 1.00773
52.086 1.00772
52.146 1.00771
52.206 1.00771
52.266 1.0077
52.326 1.00769
52.386 1.00768
52.446 1.00767
52.506 1.00766
52.566 1.00765
52.626 1.00764
52.686 1.00763
52.746 1.00763
52.806 1.00762
52.866 1.00761
52.926 1.0076
52.986 1.00759
53.046 1.00758
53.106 1.00757
53.166 1.00756
53.226 1.00756
53.286 1.00755
53.346 1.00754
53.406 1.00753
53.466 1.00752
53.526 1.00751
53.586 1.00751
53.646 1.0075
53.706 1.00749
53.766 1.00748
53.826 1.00747
53.886 1.00746
53.946 1.00745
54.006 1.00745
54.066 1.00744
54.126 1.00743
54.186 1.00742
54.246 1.00741
54.306 1.0074
54.366 1.0074
54.426 1.00739
54.486 1.00738
54.546 1.00737
54.606 1.00736
54.666 1.00736
54.726 1.00735
54.786 1.00734
54.846 1.00733
54.906 1.00732
54.966 1.00731
55.026 1.00731
55.086 1.0073
55.146 1.00729
55.206 1.00728
55.266 1.00727
55.326 1.00727
55.386 1.00726
55.446 1.00725
55.506 1.00724
55.566 1.00723
55.626 1.00723
55.686 1.00722
55.746 1.00721
55.806 1.0072
55.866 1.0072
55.926 1.00719
55.986 1.00718
56.046 1.00717
56.106 1.00716
56.166 1.00716
56.226 1.00715
56.286 1.00714
56.346 1.00713
56.406 1.00713
56.466 1.00712
56.526 1.00711
56.586 1.0071
56.646 1.0071
56.706 1.00709
56.766 1.00708
56.826 1.00707
56.886 1.00707
56.946 1.00706
57.006 1.00705
57.066 1.00704
57.126 1.00704
57.186 1.00703
57.246 1.00702
57.306 1.00701
57.366 1.00701
57.426 1.007
57.486 1.00699
57.546 1.00698
57.606 1.00698
57.666 1.00697
57.726 1.00696
57.786 1.00695
57.846 1.00695
57.906 1.00694
57.966 1.00693
58.026 1.00692
58.086 1.00692
58.146 1.00691
58.206 1.0069
58.266 1.0069
58.326 1.00689
58.386 1.00688
58.446 1.00687
58.506 1.00687
58.566 1.00686
58.626 1.00685
58.686 1.00685
58.746 1.00684
58.806 1.00683
58.866 1.00682
58.926 1.00682
58.986 1.00681
59.046 1.0068
59.106 1.0068
59.166 1.00679
59.226 1.00678
59.286 1.00678
59.346 1.00677
59.406 1.00676
59.466 1.00676
59.526 1.00675
59.586 1.00674
59.646 1.00673
59.706 1.00673
59.766 1.00672
59.826 1.00671
59.886 1.00671
59.946 1.0067

