0.006 0.477895
0.066 0.478456
0.126 0.479956
0.186 0.482383
0.246 0.485721
0.306 0.48995
0.366 0.495043
0.426 0.500966
0.486 0.507682
0.546 0.515147
0.606 0.523312
0.666 0.532122
0.726 0.541519
0.786 0.55144
0.846 0.561818
0.906 0.572584
0.966 0.583666
1.026 0.594993
1.086 0.606492
1.146 0.618094
1.206 0.629729
1.266 0.641327
1.326 0.652822
1.386 0.664149
1.446 0.675248
1.506 0.686064
1.566 0.696551
1.626 0.706673
1.686 0.716405
1.746 0.725733
1.806 0.73465
1.866 0.743159
1.926 0.751266
1.986 0.75898
2.046 0.766317
2.106 0.77329
2.166 0.779918
2.226 0.786216
2.286 0.792202
2.346 0.797894
2.406 0.803309
2.466 0.808462
2.526 0.813369
2.586 0.818045
2.646 0.822504
2.706 0.82676
2.766 0.830823
2.826 0.834707
2.886 0.838422
2.946 0.841978
3.006 0.845383
3.066 0.848648
3.126 0.851781
3.186 0.854788
3.246 0.857677
3.306 0.860454
3.366 0.863126
3.426 0.865699
3.486 0.868177
3.546 0.870566
3.606 0.87287
3.666 0.875094
3.726 0.877242
3.786 0.879317
3.846 0.881324
3.906 0.883264
3.966 0.885143
4.026 0.886962
4.086 0.888724
4.146 0.890432
4.206 0.892089
4.266 0.893696
4.326 0.895256
4.386 0.89677
4.446 0.898242
4.506 0.899672
4.566 0.901062
4.626 0.902415
4.686 0.90373
4.746 0.905011
4.806 0.906258
4.866 0.907473
4.926 0.908657
4.986 0.90981
5.046 0.910935
5.106 0.912032
5.166 0.913102
5.226 0.914147
5.286 0.915166
5.346 0.916162
5.406 0.917135
5.466 0.918085
5.526 0.919014
5.586 0.919921
5.646 0.920809
5.706 0.921677
5.766 0.922526
5.826 0.923357
5.886 0.924171
5.946 0.924967
6.006 0.925747
6.066 0.92651
6.126 0.927258
6.186 0.927991
6.246 0.92871
6.306 0.929414
6.366 0.930104
6.426 0.930781
6.486 0.931445
6.546 0.932096
6.606 0.932735
6.666 0.933362
6.726 0.933978
6.786 0.934582
6.846 0.935175
6.906 0.935758
6.966 0.93633
7.026 0.936892
7.086 0.937445
7.146 0.937987
7.206 0.93852
7.266 0.939045
7.326 0.93956
7.386 0.940067
7.446 0.940565
7.506 0.941055
7.566 0.941537
7.626 0.942011
7.686 0.942478
7.746 0.942937
7.806 0.943389
7.866 0.943833
7.926 0.944271
7.986 0.944702
8.046 0.945126
8.106 0.945544
8.166 0.945956
8.226 0.946361
8.286 0.946761
8.346 0.947154
8.406 0.947542
8.466 0.947924
8.526 0.9483
8.586 0.948671
8.646 0.949037
8.706 0.949398
8.766 0.949753
8.826 0.950104
8.886 0.950449
8.946 0.95079
9.006 0.951127
9.066 0.951458
9.126 0.951786
9.186 0.952108
9.246 0.952427
9.306 0.952741
9.366 0.953051
9.426 0.953358
9.486 0.95366
9.546 0.953958
9.606 0.954253
9.666 0.954543
9.726 0.95483
9.786 0.955114
9.846 0.955394
9.906 0.95567
9.966 0.955943
10.026 0.956213
10.086 0.956479
10.146 0.956743
10.206 0.957003
10.266 0.957259
10.326 0.957513
10.386 0.957764
10.446 0.958012
10.506 0.958257
10.566 0.958499
10.626 0.958739
10.686 0.958975
10.746 0.959209
10.806 0.95944
10.866 0.959669
10.926 0.959895
10.986 0.960119
11.046 0.96034
11.106 0.960559
11.166 0.960775
11.226 0.960989
11.286 0.9612
11.346 0.96141
11.406 0.961617
11.466 0.961822
11.526 0.962024
11.586 0.962225
11.646 0.962423
11.706 0.96262
11.766 0.962814
11.826 0.963006
11.886 0.963196
11.946 0.963385
12.006 0.963571
12.066 0.963756
12.126 0.963938
12.186 0.964119
12.246 0.964298
12.306 0.964476
12.366 0.964651
12.426 0.964825
12.486 0.964997
12.546 0.965167
12.606 0.965336
12.666 0.965503
12.726 0.965669
12.786 0.965833
12.846 0.965995
12.906 0.966156
12.966 0.966315
13.026 0.966473
13.086 0.96663
13.146 0.966785
13.206 0.966938
13.266 0.96709
13.326 0.967241
13.386 0.96739
13.446 0.967538
13.506 0.967685
13.566 0.96783
13.626 0.967974
13.686 0.968117
13.746 0.968258
13.806 0.968398
13.866 0.968537
13.926 0.968675
13.986 0.968812
14.046 0.968947
14.106 0.969081
14.166 0.969214
14.226 0.969346
14.286 0.969477
14.346 0.969607
14.406 0.969735
14.466 0.969863
14.526 0.969989
14.586 0.970114
14.646 0.970239
14.706 0.970362
14.766 0.970484
14.826 0.970606
14.886 0.970726
14.946 0.970845
15.006 0.970963
15.066 0.971081
15.126 0.971197
15.186 0.971313
15.246 0.971427
15.306 0.971541
15.366 0.971654
15.426 0.971765
15.486 0.971876
15.546 0.971987
15.606 0.972096
15.666 0.972204
15.726 0.972312
15.786 0.972418
15.846 0.972524
15.906 0.972629
15.966 0.972734
16.026 0.972837
16.086 0.97294
16.146 0.973042
16.206 0.973143
16.266 0.973244
16.326 0.973343
16.386 0.973442
16.446 0.97354
16.506 0.973638
16.566 0.973735
16.626 0.973831
16.686 0.973926
16.746 0.974021
16.806 0.974115
16.866 0.974208
16.926 0.974301
16.986 0.974393
17.046 0.974484
17.106 0.974575
17.166 0.974665
17.226 0.974754
17.286 0.974843
17.346 0.974931
17.406 0.975018
17.466 0.975105
17.526 0.975192
17.586 0.975277
17.646 0.975363
17.706 0.975447
17.766 0.975531
17.826 0.975614
17.886 0.975697
17.946 0.975779
18.006 0.975861
18.066 0.975942
18.126 0.976023
18.186 0.976103
18.246 0.976183
18.306 0.976262
18.366 0.97634
18.426 0.976418
18.486 0.976496
18.546 0.976572
18.606 0.976649
18.666 0.976725
18.726 0.9768
18.786 0.976875
18.846 0.97695
18.906 0.977024
18.966 0.977097
19.026 0.97717
19.086 0.977243
19.146 0.977315
19.206 0.977387
19.266 0.977458
19.326 0.977529
19.386 0.977599
19.446 0.977669
19.506 0.977739
19.566 0.977808
19.626 0.977876
19.686 0.977944
19.746 0.978012
19.806 0.97808
19.866 0.978147
19.926 0.978213
19.986 0.978279
20.046 0.978345
20.106 0.97841
20.166 0.978475
20.226 0.97854
20.286 0.978604
20.346 0.978668
20.406 0.978731
20.466 0.978794
20.526 0.978857
20.586 0.978919
20.646 0.978981
20.706 0.979043
20.766 0.979104
20.826 0.979165
20.886 0.979225
20.946 0.979285
21.006 0.979345
21.066 0.979404
21.126 0.979464
21.186 0.979522
21.246 0.979581
21.306 0.979639
21.366 0.979697
21.426 0.979754
21.486 0.979811
21.546 0.979868
21.606 0.979924
21.666 0.979981
21.726 0.980036
21.786 0.980092
21.846 0.980147
21.906 0.980202
21.966 0.980257
22.026 0.980311
22.086 0.980365
22.146 0.980419
22.206 0.980472
22.266 0.980525
22.326 0.980578
22.386 0.980631
22.446 0.980683
22.506 0.980735
22.566 0.980787
22.626 0.980838
22.686 0.98089
22.746 0.98094
22.806 0.980991
22.866 0.981041
22.926 0.981092
22.986 0.981141
23.046 0.981191
23.106 0.98124
23.166 0.981289
23.226 0.981338
23.286 0.981387
23.346 0.981435
23.406 0.981483
23.466 0.981531
23.526 0.981578
23.586 0.981626
23.646 0.981673
23.706 0.981719
23.766 0.981766
23.826 0.981812
23.886 0.981858
23.946 0.981904
24.006 0.98195
24.066 0.981995
24.126 0.982041
24.186 0.982086
24.246 0.98213
24.306 0.982175
24.366 0.982219
24.426 0.982263
24.486 0.982307
24.546 0.982351
24.606 0.982394
24.666 0.982437
24.726 0.98248
24.786 0.982523
24.846 0.982566
24.906 0.982608
24.966 0.98265
25.026 0.982692
25.086 0.982734
25.146 0.982775
25.206 0.982817
25.266 0.982858
25.326 0.982899
25.386 0.98294
25.446 0.98298
25.506 0.983021
25.566 0.983061
25.626 0.983101
25.686 0.983141
25.746 0.98318
25.806 0.98322
25.866 0.983259
25.926 0.983298
25.986 0.983337
26.046 0.983376
26.106 0.983414
26.166 0.983453
26.226 0.983491
26.286 0.983529
26.346 0.983567
26.406 0.983604
26.466 0.983642
26.526 0.983679
26.586 0.983716
26.646 0.983753
26.706 0.98379
26.766 0.983827
26.826 0.983863
26.886 0.983899
26.946 0.983935
27.006 0.983971
27.066 0.984007
27.126 0.984043
27.186 0.984078
27.246 0.984114
27.306 0.984149
27.366 0.984184
27.426 0.984219
27.486 0.984254
27.546 0.984288
27.606 0.984323
27.666 0.984357
27.726 0.984391
27.786 0.984425
27.846 0.984459
27.906 0.984492
27.966 0.984526
28.026 0.984559
28.086 0.984593
28.146 0.984626
28.206 0.984659
28.266 0.984692
28.326 0.984724
28.386 0.984757
28.446 0.984789
28.506 0.984821
28.566 0.984854
28.626 0.984886
28.686 0.984917
28.746 0.984949
28.806 0.984981
28.866 0.985012
28.926 0.985043
28.986 0.985075
29.046 0.985106
29.106 0.985137
29.166 0.985167
29.226 0.985198
29.286 0.985229
29.346 0.985259
29.406 0.985289
29.466 0.98532
29.526 0.98535
29.586 0.98538
29.646 0.985409
29.706 0.985439
29.766 0.985469
29.826 0.985498
29.886 0.985527
29.946 0.985557
30.006 0.985586
30.066 0.985615
30.126 0.985644
30.186 0.985672
30.246 0.985701
30.306 0.985729
30.366 0.985758
30.426 0.985786
30.486 0.985814
30.546 0.985842
30.606 0.98587
30.666 0.985898
30.726 0.985926
30.786 0.985954
30.846 0.985981
30.906 0.986008
30.966 0.986036
31.026 0.986063
31.086 0.98609
31.146 0.986117
31.206 0.986144
31.266 0.986171
31.326 0.986197
31.386 0.986224
31.446 0.98625
31.506 0.986277
31.566 0.986303
31.626 0.986329
31.686 0.986355
31.746 0.986381
31.806 0.986407
31.866 0.986433
31.926 0.986459
31.986 0.986484
32.046 0.98651
32.106 0.986535
32.166 0.98656
32.226 0.986585
32.286 0.986611
32.346 0.986636
32.406 0.98666
32.466 0.986685
32.526 0.98671
32.586 0.986735
32.646 0.986759
32.706 0.986784
32.766 0.986808
32.826 0.986832
32.886 0.986856
32.946 0.986881
33.006 0.986905
33.066 0.986928
33.126 0.986952
33.186 0.986976
33.246 0.987
33.306 0.987023
33.366 0.987047
33.426 0.98707
33.486 0.987094
33.546 0.987117
33.606 0.98714
33.666 0.987163
33.726 0.987186
33.786 0.987209
33.846 0.987232
33.906 0.987254
33.966 0.987277
34.026 0.9873
34.086 0.987322
34.146 0.987345
34.206 0.987367
34.266 0.987389
34.326 0.987411
34.386 0.987433
34.446 0.987455
34.506 0.987477
34.566 0.987499
34.626 0.987521
34.686 0.987543
34.746 0.987564
34.806 0.987586
34.866 0.987608
34.926 0.987629
34.986 0.98765
35.046 0.987672
35.106 0.987693
35.166 0.987714
35.226 0.987735
35.286 0.987756
35.346 0.987777
35.406 0.987798
35.466 0.987819
35.526 0.987839
35.586 0.98786
35.646 0.98788
35.706 0.987901
35.766 0.987921
35.826 0.987942
35.886 0.987962
35.946 0.987982
36.006 0.988002
36.066 0.988022
36.126 0.988042
36.186 0.988062
36.246 0.988082
36.306 0.988102
36.366 0.988122
36.426 0.988141
36.486 0.988161
36.546 0.988181
36.606 0.9882
36.666 0.98822
36.726 0.988239
36.786 0.988258
36.846 0.988277
36.906 0.988297
36.966 0.988316
37.026 0.988335
37.086 0.988354
37.146 0.988373
37.206 0.988392
37.266 0.98841
37.326 0.988429
37.386 0.988448
37.446 0.988466
37.506 0.988485
37.566 0.988503
37.626 0.988522
37.686 0.98854
37.746 0.988559
37.806 0.988577
37.866 0.988595
37.926 0.988613
37.986 0.988631
38.046 0.988649
38.106 0.988667
38.166 0.988685
38.226 0.988703
38.286 0.988721
38.346 0.988739
38.406 0.988756
38.466 0.988774
38.526 0.988792
38.586 0.988809
38.646 0.988827
38.706 0.988844
38.766 0.988861
38.826 0.988879
38.886 0.988896
38.946 0.988913
39.006 0.98893
39.066 0.988947
39.126 0.988964
39.186 0.988981
39.246 0.988998
39.306 0.989015
39.366 0.989032
39.426 0.989049
39.486 0.989066
39.546 0.989082
39.606 0.989099
39.666 0.989115
39.726 0.989132
39.786 0.989148
39.846 0.989165
39.906 0.989181
39.966 0.989198
40.026 0.989214
40.086 0.98923
40.146 0.989246
40.206 0.989262
40.266 0.989278
40.326 0.989295
40.386 0.989311
40.446 0.989326
40.506 0.989342
40.566 0.989358
40.626 0.989374
40.686 0.98939
40.746 0.989405
40.806 0.989421
40.866 0.989437
40.926 0.989452
40.986 0.989468
41.046 0.989483
41.106 0.989499
41.166 0.989514
41.226 0.989529
41.286 0.989545
41.346 0.98956
41.406 0.989575
41.466 0.98959
41.526 0.989606
41.586 0.989621
41.646 0.989636
41.706 0.989651
41.766 0.989666
41.826 0.98968
41.886 0.989695
41.946 0.98971
42.006 0.989725
42.066 0.98974
42.126 0.989754
42.186 0.989769
42.246 0.989784
42.306 0.989798
42.366 0.989813
42.426 0.989827
42.486 0.989842
42.546 0.989856
42.606 0.98987
42.666 0.989885
42.726 0.989899
42.786 0.989913
42.846 0.989927
42.906 0.989942
42.966 0.989956
43.026 0.98997
43.086 0.989984
43.146 0.989998
43.206 0.990012
43.266 0.990026
43.326 0.99004
43.386 0.990053
43.446 0.990067
43.506 0.990081
43.566 0.990095
43.626 0.990108
43.686 0.990122
43.746 0.990136
43.806 0.990149
43.866 0.990163
43.926 0.990176
43.986 0.99019
44.046 0.990203
44.106 0.990217
44.166 0.99023
44.226 0.990243
44.286 0.990257
44.346 0.99027
44.406 0.990283
44.466 0.990296
44.526 0.990309
44.586 0.990322
44.646 0.990335
44.706 0.990349
44.766 0.990362
44.826 0.990374
44.886 0.990387
44.946 0.9904
45.006 0.990413
45.066 0.990426
45.126 0.990439
45.186 0.990452
45.246 0.990464
45.306 0.990477
45.366 0.99049
45.426 0.990502
45.486 0.990515
45.546 0.990527
45.606 0.99054
45.666 0.990552
45.726 0.990565
45.786 0.990577
45.846 0.99059
45.906 0.990602
45.966 0.990614
46.026 0.990627
46.086 0.990639
46.146 0.990651
46.206 0.990663
46.266 0.990675
46.326 0.990688
46.386 0.9907
46.446 0.990712
46.506 0.990724
46.566 0.990736
46.626 0.990748
46.686 0.99076
46.746 0.990772
46.806 0.990784
46.866 0.990795
46.926 0.990807
46.986 0.990819
47.046 0.990831
47.106 0.990843
47.166 0.990854
47.226 0.990866
47.286 0.990878
47.346 0.990889
47.406 0.990901
47.466 0.990912
47.526 0.990924
47.586 0.990935
47.646 0.990947
47.706 0.990958
47.766 0.99097
47.826 0.990981
47.886 0.990992
47.946 0.991004
48.006 0.991015
48.066 0.991026
48.126 0.991037
48.186 0.991049
48.246 0.99106
48.306 0.991071
48.366 0.991082
48.426 0.991093
48.486 0.991104
48.546 0.991115
48.606 0.991126
48.666 0.991137
48.726 0.991148
48.786 0.991159
48.846 0.99117
48.906 0.991181
48.966 0.991192
49.026 0.991203
49.086 0.991214
49.146 0.991224
49.206 0.991235
49.266 0.991246
49.326 0.991256
49.386 0.991267
49.446 0.991278
49.506 0.991288
49.566 0.991299
49.626 0.99131
49.686 0.99132
49.746 0.991331
49.806 0.991341
49.866 0.991352
49.926 0.991362
49.986 0.991372
50.046 0.991383
50.106 0.991393
50.166 0.991404
50.226 0.991414
50.286 0.991424
50.346 0.991434
50.406 0.991445
50.466 0.991455
50.526 0.991465
50.586 0.991475
50.646 0.991485
50.706 0.991495
50.766 0.991506
50.826 0.991516
50.886 0.991526
50.946 0.991536
51.006 0.991546
51.066 0.991556
51.126 0.991566
51.186 0.991576
51.246 0.991585
51.306 0.991595
51.366 0.991605
51.426 0.991615
51.486 0.991625
51.546 0.991635
51.606 0.991644
51.666 0.991654
51.726 0.991664
51.786 0.991674
51.846 0.991683
51.906 0.991693
51.966 0.991703
52.026 0.991712
52.086 0.991722
52.146 0.991731
52.206 0.991741
52.266 0.99175
52.326 0.99176
52.386 0.991769
52.446 0.991779
52.506 0.991788
52.566 0.991798
52.626 0.991807
52.686 0.991816
52.746 0.991826
52.806 0.991835
52.866 0.991844
52.926 0.991854
52.986 0.991863
53.046 0.991872
53.106 0.991881
53.166 0.991891
53.226 0.9919
53.286 0.991909
53.346 0.991918
53.406 0.991927
53.466 0.991936
53.526 0.991945
53.586 0.991954
53.646 0.991963
53.706 0.991972
53.766 0.991981
53.826 0.99199
53.886 0.991999
53.946 0.992008
54.006 0.992017
54.066 0.992026
54.126 0.992035
54.186 0.992044
54.246 0.992053
54.306 0.992061
54.366 0.99207
54.426 0.992079
54.486 0.992088
54.546 0.992097
54.606 0.992105
54.666 0.992114
54.726 0.992123
54.786 0.992131
54.846 0.99214
54.906 0.992149
54.966 0.992157
55.026 0.992166
55.086 0.992174
55.146 0.992183
55.206 0.992191
55.266 0.9922
55.326 0.992208
55.386 0.992217
55.446 0.992225
55.506 0.992234
55.566 0.992242
55.626 0.992251
55.686 0.992259
55.746 0.992267
55.806 0.992276
55.866 0.992284
55.926 0.992292
55.986 0.992301
56.046 0.992309
56.106 0.992317
56.166 0.992325
56.226 0.992334
56.286 0.992342
56.346 0.99235
56.406 0.992358
56.466 0.992366
56.526 0.992374
56.586 0.992383
56.646 0.992391
56.706 0.992399
56.766 0.992407
56.826 0.992415
56.886 0.992423
56.946 0.992431
57.006 0.992439
57.066 0.992447
57.126 0.992455
57.186 0.992463
57.246 0.992471
57.306 0.992479
57.366 0.992487
57.426 0.992494
57.486 0.992502
57.546 0.99251
57.606 0.992518
57.666 0.992526
57.726 0.992534
57.786 0.992541
57.846 0.992549
57.906 0.992557
57.966 0.992565
58.026 0.992572
58.086 0.99258
58.146 0.992588
58.206 0.992595
58.266 0.992603
58.326 0.992611
58.386 0.992618
58.446 0.992626
58.506 0.992633
58.566 0.992641
58.626 0.992649
58.686 0.992656
58.746 0.992664
58.806 0.992671
58.866 0.992679
58.926 0.992686
58.986 0.992694
59.046 0.992701
59.106 0.992709
59.166 0.992716
59.226 0.992723
59.286 0.992731
59.346 0.992738
59.406 0.992745
59.466 0.992753
59.526 0.99276
59.586 0.992767
59.646 0.992775
59.706 0.992782
59.766 0.992789
59.826 0.992797
59.886 0.992804
59.946 0.992811

