0.006 0.32147
0.066 0.322496
0.126 0.325235
0.186 0.329656
0.246 0.335715
0.306 0.343354
0.366 0.352495
0.426 0.363046
0.486 0.374896
0.546 0.387924
0.606 0.401995
0.666 0.416964
0.726 0.432684
0.786 0.449003
0.846 0.465778
0.906 0.482866
0.966 0.500133
1.026 0.517451
1.086 0.5347
1.146 0.551771
1.206 0.568565
1.266 0.584991
1.326 0.600968
1.386 0.616427
1.446 0.631305
1.506 0.645555
1.566 0.659143
1.626 0.672052
1.686 0.684279
1.746 0.695835
1.806 0.70674
1.866 0.717019
1.926 0.726704
1.986 0.735828
2.046 0.744425
2.106 0.752527
2.166 0.76017
2.226 0.767383
2.286 0.774197
2.346 0.780641
2.406 0.78674
2.466 0.79252
2.526 0.798002
2.586 0.803207
2.646 0.808156
2.706 0.812864
2.766 0.81735
2.826 0.821627
2.886 0.82571
2.946 0.829611
3.006 0.833341
3.066 0.836912
3.126 0.840333
3.186 0.843614
3.246 0.846762
3.306 0.849786
3.366 0.852693
3.426 0.855489
3.486 0.85818
3.546 0.860773
3.606 0.863273
3.666 0.865684
3.726 0.868011
3.786 0.870258
3.846 0.87243
3.906 0.874531
3.966 0.876563
4.026 0.878529
4.086 0.880435
4.146 0.882281
4.206 0.88407
4.266 0.885806
4.326 0.887491
4.386 0.889126
4.446 0.890714
4.506 0.892257
4.566 0.893758
4.626 0.895217
4.686 0.896636
4.746 0.898017
4.806 0.899362
4.866 0.900671
4.926 0.901947
4.986 0.90319
5.046 0.904403
5.106 0.905585
5.166 0.906738
5.226 0.907863
5.286 0.908961
5.346 0.910034
5.406 0.911081
5.466 0.912104
5.526 0.913104
5.586 0.914082
5.646 0.915037
5.706 0.915972
5.766 0.916886
5.826 0.91778
5.886 0.918656
5.946 0.919513
6.006 0.920352
6.066 0.921173
6.126 0.921978
6.186 0.922767
6.246 0.923539
6.306 0.924297
6.366 0.925039
6.426 0.925768
6.486 0.926482
6.546 0.927182
6.606 0.927869
6.666 0.928544
6.726 0.929205
6.786 0.929855
6.846 0.930493
6.906 0.931119
6.966 0.931734
7.026 0.932339
7.086 0.932932
7.146 0.933515
7.206 0.934089
7.266 0.934652
7.326 0.935206
7.386 0.93575
7.446 0.936286
7.506 0.936812
7.566 0.93733
7.626 0.937839
7.686 0.938341
7.746 0.938834
7.806 0.939319
7.866 0.939797
7.926 0.940267
7.986 0.94073
8.046 0.941186
8.106 0.941634
8.166 0.942077
8.226 0.942512
8.286 0.942941
8.346 0.943363
8.406 0.94378
8.466 0.94419
8.526 0.944594
8.586 0.944993
8.646 0.945385
8.706 0.945772
8.766 0.946154
8.826 0.946531
8.886 0.946902
8.946 0.947268
9.006 0.947629
9.066 0.947985
9.126 0.948336
9.186 0.948683
9.246 0.949025
9.306 0.949362
9.366 0.949695
9.426 0.950024
9.486 0.950348
9.546 0.950668
9.606 0.950984
9.666 0.951296
9.726 0.951605
9.786 0.951909
9.846 0.952209
9.906 0.952506
9.966 0.952799
10.026 0.953088
10.086 0.953374
10.146 0.953657
10.206 0.953936
10.266 0.954211
10.326 0.954484
10.386 0.954753
10.446 0.955019
10.506 0.955282
10.566 0.955542
10.626 0.955799
10.686 0.956052
10.746 0.956303
10.806 0.956552
10.866 0.956797
10.926 0.957039
10.986 0.957279
11.046 0.957517
11.106 0.957751
11.166 0.957983
11.226 0.958213
11.286 0.95844
11.346 0.958664
11.406 0.958886
11.466 0.959106
11.526 0.959323
11.586 0.959538
11.646 0.959751
11.706 0.959962
11.766 0.96017
11.826 0.960376
11.886 0.960581
11.946 0.960783
12.006 0.960983
12.066 0.961181
12.126 0.961376
12.186 0.96157
12.246 0.961762
12.306 0.961953
12.366 0.962141
12.426 0.962327
12.486 0.962512
12.546 0.962695
12.606 0.962876
12.666 0.963055
12.726 0.963232
12.786 0.963408
12.846 0.963582
12.906 0.963755
12.966 0.963926
13.026 0.964095
13.086 0.964263
13.146 0.964429
13.206 0.964593
13.266 0.964756
13.326 0.964918
13.386 0.965078
13.446 0.965237
13.506 0.965394
13.566 0.96555
13.626 0.965704
13.686 0.965857
13.746 0.966009
13.806 0.966159
13.866 0.966308
13.926 0.966456
13.986 0.966602
14.046 0.966747
14.106 0.966891
14.166 0.967034
14.226 0.967175
14.286 0.967315
14.346 0.967454
14.406 0.967592
14.466 0.967729
14.526 0.967864
14.586 0.967999
14.646 0.968132
14.706 0.968264
14.766 0.968395
14.826 0.968525
14.886 0.968654
14.946 0.968782
15.006 0.968909
15.066 0.969034
15.126 0.969159
15.186 0.969283
15.246 0.969406
15.306 0.969528
15.366 0.969648
15.426 0.969768
15.486 0.969887
15.546 0.970005
15.606 0.970122
15.666 0.970239
15.726 0.970354
15.786 0.970468
15.846 0.970582
15.906 0.970694
15.966 0.970806
16.026 0.970917
16.086 0.971027
16.146 0.971137
16.206 0.971245
16.266 0.971353
16.326 0.971459
16.386 0.971565
16.446 0.971671
16.506 0.971775
16.566 0.971879
16.626 0.971982
16.686 0.972084
16.746 0.972185
16.806 0.972286
16.866 0.972386
16.926 0.972485
16.986 0.972584
17.046 0.972682
17.106 0.972779
17.166 0.972876
17.226 0.972971
17.286 0.973066
17.346 0.973161
17.406 0.973255
17.466 0.973348
17.526 0.97344
17.586 0.973532
17.646 0.973623
17.706 0.973714
17.766 0.973804
17.826 0.973893
17.886 0.973982
17.946 0.97407
18.006 0.974158
18.066 0.974245
18.126 0.974331
18.186 0.974417
18.246 0.974502
18.306 0.974587
18.366 0.974671
18.426 0.974754
18.486 0.974837
18.546 0.97492
18.606 0.975002
18.666 0.975083
18.726 0.975164
18.786 0.975244
18.846 0.975324
18.906 0.975403
18.966 0.975482
19.026 0.97556
19.086 0.975638
19.146 0.975716
19.206 0.975792
19.266 0.975869
19.326 0.975945
19.386 0.97602
19.446 0.976095
19.506 0.976169
19.566 0.976243
19.626 0.976317
19.686 0.97639
19.746 0.976462
19.806 0.976535
19.866 0.976606
19.926 0.976678
19.986 0.976748
20.046 0.976819
20.106 0.976889
20.166 0.976958
20.226 0.977028
20.286 0.977096
20.346 0.977165
20.406 0.977233
20.466 0.9773
20.526 0.977367
20.586 0.977434
20.646 0.9775
20.706 0.977566
20.766 0.977632
20.826 0.977697
20.886 0.977762
20.946 0.977826
21.006 0.97789
21.066 0.977954
21.126 0.978017
21.186 0.97808
21.246 0.978143
21.306 0.978205
21.366 0.978267
21.426 0.978328
21.486 0.97839
21.546 0.97845
21.606 0.978511
21.666 0.978571
21.726 0.978631
21.786 0.97869
21.846 0.97875
21.906 0.978808
21.966 0.978867
22.026 0.978925
22.086 0.978983
22.146 0.979041
22.206 0.979098
22.266 0.979155
22.326 0.979211
22.386 0.979268
22.446 0.979324
22.506 0.979379
22.566 0.979435
22.626 0.97949
22.686 0.979545
22.746 0.979599
22.806 0.979653
22.866 0.979707
22.926 0.979761
22.986 0.979814
23.046 0.979867
23.106 0.97992
23.166 0.979973
23.226 0.980025
23.286 0.980077
23.346 0.980129
23.406 0.98018
23.466 0.980231
23.526 0.980282
23.586 0.980333
23.646 0.980383
23.706 0.980434
23.766 0.980483
23.826 0.980533
23.886 0.980582
23.946 0.980632
24.006 0.98068
24.066 0.980729
24.126 0.980778
24.186 0.980826
24.246 0.980874
24.306 0.980921
24.366 0.980969
24.426 0.981016
24.486 0.981063
24.546 0.98111
24.606 0.981156
24.666 0.981202
24.726 0.981248
24.786 0.981294
24.846 0.98134
24.906 0.981385
24.966 0.98143
25.026 0.981475
25.086 0.98152
25.146 0.981565
25.206 0.981609
25.266 0.981653
25.326 0.981697
25.386 0.98174
25.446 0.981784
25.506 0.981827
25.566 0.98187
25.626 0.981913
25.686 0.981956
25.746 0.981998
25.806 0.98204
25.866 0.982082
25.926 0.982124
25.986 0.982166
26.046 0.982207
26.106 0.982249
26.166 0.98229
26.226 0.982331
26.286 0.982371
26.346 0.982412
26.406 0.982452
26.466 0.982492
26.526 0.982532
26.586 0.982572
26.646 0.982612
26.706 0.982651
26.766 0.98269
26.826 0.982729
26.886 0.982768
26.946 0.982807
27.006 0.982845
27.066 0.982884
27.126 0.982922
27.186 0.98296
27.246 0.982998
27.306 0.983035
27.366 0.983073
27.426 0.98311
27.486 0.983148
27.546 0.983185
27.606 0.983221
27.666 0.983258
27.726 0.983295
27.786 0.983331
27.846 0.983367
27.906 0.983403
27.966 0.983439
28.026 0.983475
28.086 0.983511
28.146 0.983546
28.206 0.983581
28.266 0.983616
28.326 0.983651
28.386 0.983686
28.446 0.983721
28.506 0.983756
28.566 0.98379
28.626 0.983824
28.686 0.983858
28.746 0.983892
28.806 0.983926
28.866 0.98396
28.926 0.983993
28.986 0.984027
29.046 0.98406
29.106 0.984093
29.166 0.984126
29.226 0.984159
29.286 0.984192
29.346 0.984224
29.406 0.984257
29.466 0.984289
29.526 0.984321
29.586 0.984353
29.646 0.984385
29.706 0.984417
29.766 0.984449
29.826 0.98448
29.886 0.984512
29.946 0.984543
30.006 0.984574
30.066 0.984605
30.126 0.984636
30.186 0.984667
30.246 0.984697
30.306 0.984728
30.366 0.984758
30.426 0.984789
30.486 0.984819
30.546 0.984849
30.606 0.984879
30.666 0.984908
30.726 0.984938
30.786 0.984968
30.846 0.984997
30.906 0.985027
30.966 0.985056
31.026 0.985085
31.086 0.985114
31.146 0.985143
31.206 0.985172
31.266 0.9852
31.326 0.985229
31.386 0.985257
31.446 0.985286
31.506 0.985314
31.566 0.985342
31.626 0.98537
31.686 0.985398
31.746 0.985426
31.806 0.985453
31.866 0.985481
31.926 0.985508
31.986 0.985536
32.046 0.985563
32.106 0.98559
32.166 0.985617
32.226 0.985644
32.286 0.985671
32.346 0.985698
32.406 0.985725
32.466 0.985751
32.526 0.985778
32.586 0.985804
32.646 0.98583
32.706 0.985857
32.766 0.985883
32.826 0.985909
32.886 0.985935
32.946 0.98596
33.006 0.985986
33.066 0.986012
33.126 0.986037
33.186 0.986063
33.246 0.986088
33.306 0.986113
33.366 0.986138
33.426 0.986163
33.486 0.986188
33.546 0.986213
33.606 0.986238
33.666 0.986263
33.726 0.986287
33.786 0.986312
33.846 0.986336
33.906 0.986361
33.966 0.986385
34.026 0.986409
34.086 0.986433
34.146 0.986457
34.206 0.986481
34.266 0.986505
34.326 0.986529
34.386 0.986552
34.446 0.986576
34.506 0.986599
34.566 0.986623
34.626 0.986646
34.686 0.986669
34.746 0.986693
34.806 0.986716
34.866 0.986739
34.926 0.986762
34.986 0.986784
35.046 0.986807
35.106 0.98683
35.166 0.986853
35.226 0.986875
35.286 0.986898
35.346 0.98692
35.406 0.986942
35.466 0.986964
35.526 0.986987
35.586 0.987009
35.646 0.987031
35.706 0.987053
35.766 0.987075
35.826 0.987096
35.886 0.987118
35.946 0.98714
36.006 0.987161
36.066 0.987183
36.126 0.987204
36.186 0.987226
36.246 0.987247
36.306 0.987268
36.366 0.987289
36.426 0.98731
36.486 0.987331
36.546 0.987352
36.606 0.987373
36.666 0.987394
36.726 0.987415
36.786 0.987435
36.846 0.987456
36.906 0.987476
36.966 0.987497
37.026 0.987517
37.086 0.987538
37.146 0.987558
37.206 0.987578
37.266 0.987598
37.326 0.987618
37.386 0.987638
37.446 0.987658
37.506 0.987678
37.566 0.987698
37.626 0.987717
37.686 0.987737
37.746 0.987757
37.806 0.987776
37.866 0.987796
37.926 0.987815
37.986 0.987835
38.046 0.987854
38.106 0.987873
38.166 0.987892
38.226 0.987911
38.286 0.987931
38.346 0.98795
38.406 0.987968
38.466 0.987987
38.526 0.988006
38.586 0.988025
38.646 0.988044
38.706 0.988062
38.766 0.988081
38.826 0.988099
38.886 0.988118
38.946 0.988136
39.006 0.988155
39.066 0.988173
39.126 0.988191
39.186 0.988209
39.246 0.988227
39.306 0.988246
39.366 0.988264
39.426 0.988282
39.486 0.988299
39.546 0.988317
39.606 0.988335
39.666 0.988353
39.726 0.988371
39.786 0.988388
39.846 0.988406
39.906 0.988423
39.966 0.988441
40.026 0.988458
40.086 0.988476
40.146 0.988493
40.206 0.98851
40.266 0.988527
40.326 0.988545
40.386 0.988562
40.446 0.988579
40.506 0.988596
40.566 0.988613
40.626 0.98863
40.686 0.988647
40.746 0.988663
40.806 0.98868
40.866 0.988697
40.926 0.988714
40.986 0.98873
41.046 0.988747
41.106 0.988763
41.166 0.98878
41.226 0.988796
41.286 0.988812
41.346 0.988829
41.406 0.988845
41.466 0.988861
41.526 0.988878
41.586 0.988894
41.646 0.98891
41.706 0.988926
41.766 0.988942
41.826 0.988958
41.886 0.988974
41.946 0.988989
42.006 0.989005
42.066 0.989021
42.126 0.989037
42.186 0.989052
42.246 0.989068
42.306 0.989084
42.366 0.989099
42.426 0.989115
42.486 0.98913
42.546 0.989146
42.606 0.989161
42.666 0.989176
42.726 0.989192
42.786 0.989207
42.846 0.989222
42.906 0.989237
42.966 0.989252
43.026 0.989267
43.086 0.989282
43.146 0.989297
43.206 0.989312
43.266 0.989327
43.326 0.989342
43.386 0.989357
43.446 0.989372
43.506 0.989386
43.566 0.989401
43.626 0.989416
43.686 0.98943
43.746 0.989445
43.806 0.989459
43.866 0.989474
43.926 0.989488
43.986 0.989503
44.046 0.989517
44.106 0.989532
44.166 0.989546
44.226 0.98956
44.286 0.989574
44.346 0.989589
44.406 0.989603
44.466 0.989617
44.526 0.989631
44.586 0.989645
44.646 0.989659
44.706 0.989673
44.766 0.989687
44.826 0.989701
44.886 0.989714
44.946 0.989728
45.006 0.989742
45.066 0.989756
45.126 0.989769
45.186 0.989783
45.246 0.989797
45.306 0.98981
45.366 0.989824
45.426 0.989837
45.486 0.989851
45.546 0.989864
45.606 0.989878
45.666 0.989891
45.726 0.989904
45.786 0.989918
45.846 0.989931
45.906 0.989944
45.966 0.989957
46.026 0.98997
46.086 0.989984
46.146 0.989997
46.206 0.99001
46.266 0.990023
46.326 0.990036
46.386 0.990049
46.446 0.990062
46.506 0.990075
46.566 0.990087
46.626 0.9901
46.686 0.990113
46.746 0.990126
46.806 0.990138
46.866 0.990151
46.926 0.990164
46.986 0.990176
47.046 0.990189
47.106 0.990202
47.166 0.990214
47.226 0.990227
47.286 0.990239
47.346 0.990251
47.406 0.990264
47.466 0.990276
47.526 0.990289
47.586 0.990301
47.646 0.990313
47.706 0.990325
47.766 0.990338
47.826 0.99035
47.886 0.990362
47.946 0.990374
48.006 0.990386
48.066 0.990398
48.126 0.99041
48.186 0.990422
48.246 0.990434
48.306 0.990446
48.366 0.990458
48.426 0.99047
48.486 0.990482
48.546 0.990494
48.606 0.990505
48.666 0.990517
48.726 0.990529
48.786 0.990541
48.846 0.990552
48.906 0.990564
48.966 0.990576
49.026 0.990587
49.086 0.990599
49.146 0.99061
49.206 0.990622
49.266 0.990633
49.326 0.990645
49.386 0.990656
49.446 0.990667
49.506 0.990679
49.566 0.99069
49.626 0.990701
49.686 0.990713
49.746 0.990724
49.806 0.990735
49.866 0.990746
49.926 0.990758
49.986 0.990769
50.046 0.99078
50.106 0.990791
50.166 0.990802
50.226 0.990813
50.286 0.990824
50.346 0.990835
50.406 0.990846
50.466 0.990857
50.526 0.990868
50.586 0.990879
50.646 0.99089
50.706 0.9909
50.766 0.990911
50.826 0.990922
50.886 0.990933
50.946 0.990943
51.006 0.990954
51.066 0.990965
51.126 0.990976
51.186 0.990986
51.246 0.990997
51.306 0.991007
51.366 0.991018
51.426 0.991028
51.486 0.991039
51.546 0.991049
51.606 0.99106
51.666 0.99107
51.726 0.991081
51.786 0.991091
51.846 0.991101
51.906 0.991112
51.966 0.991122
52.026 0.991132
52.086 0.991143
52.146 0.991153
52.206 0.991163
52.266 0.991173
52.326 0.991183
52.386 0.991194
52.446 0.991204
52.506 0.991214
52.566 0.991224
52.626 0.991234
52.686 0.991244
52.746 0.991254
52.806 0.991264
52.866 0.991274
52.926 0.991284
52.986 0.991294
53.046 0.991304
53.106 0.991313
53.166 0.991323
53.226 0.991333
53.286 0.991343
53.346 0.991353
53.406 0.991362
53.466 0.991372
53.526 0.991382
53.586 0.991392
53.646 0.991401
53.706 0.991411
53.766 0.991421
53.826 0.99143
53.886 0.99144
53.946 0.991449
54.006 0.991459
54.066 0.991468
54.126 0.991478
54.186 0.991487
54.246 0.991497
54.306 0.991506
54.366 0.991516
54.426 0.991525
54.486 0.991534
54.546 0.991544
54.606 0.991553
54.666 0.991562
54.726 0.991572
54.786 0.991581
54.846 0.99159
54.906 0.991599
54.966 0.991609
55.026 0.991618
55.086 0.991627
55.146 0.991636
55.206 0.991645
55.266 0.991654
55.326 0.991663
55.386 0.991673
55.446 0.991682
55.506 0.991691
55.566 0.9917
55.626 0.991709
55.686 0.991718
55.746 0.991727
55.806 0.991735
55.866 0.991744
55.926 0.991753
55.986 0.991762
56.046 0.991771
56.106 0.99178
56.166 0.991789
56.226 0.991797
56.286 0.991806
56.346 0.991815
56.406 0.991824
56.466 0.991832
56.526 0.991841
56.586 0.99185
56.646 0.991859
56.706 0.991867
56.766 0.991876
56.826 0.991884
56.886 0.991893
56.946 0.991902
57.006 0.99191
57.066 0.991919
57.126 0.991927
57.186 0.991936
57.246 0.991944
57.306 0.991953
57.366 0.991961
57.426 0.99197
57.486 0.991978
57.546 0.991986
57.606 0.991995
57.666 0.992003
57.726 0.992011
57.786 0.99202
57.846 0.992028
57.906 0.992036
57.966 0.992045
58.026 0.992053
58.086 0.992061
58.146 0.992069
58.206 0.992078
58.266 0.992086
58.326 0.992094
58.386 0.992102
58.446 0.99211
58.506 0.992118
58.566 0.992126
58.626 0.992135
58.686 0.992143
58.746 0.992151
58.806 0.992159
58.866 0.992167
58.926 0.992175
58.986 0.992183
59.046 0.992191
59.106 0.992199
59.166 0.992207
59.226 0.992215
59.286 0.992222
59.346 0.99223
59.406 0.992238
59.466 0.992246
59.526 0.992254
59.586 0.992262
59.646 0.99227
59.706 0.992277
59.766 0.992285
59.826 0.992293
59.886 0.992301
59.946 0.992308

