0.006 0.50915
0.066 0.509308
0.126 0.509731
0.186 0.510414
0.246 0.511354
0.306 0.512542
0.366 0.513971
0.426 0.51563
0.486 0.517508
0.546 0.519593
0.606 0.521871
0.666 0.52433
0.726 0.526955
0.786 0.529732
0.846 0.532649
0.906 0.535692
0.966 0.538849
1.026 0.542108
1.086 0.545457
1.146 0.548887
1.206 0.552387
1.266 0.555948
1.326 0.559561
1.386 0.563218
1.446 0.566912
1.506 0.570635
1.566 0.574383
1.626 0.578147
1.686 0.581924
1.746 0.585708
1.806 0.589494
1.866 0.59328
1.926 0.59706
1.986 0.600833
2.046 0.604594
2.106 0.608342
2.166 0.612073
2.226 0.615787
2.286 0.619481
2.346 0.623154
2.406 0.626804
2.466 0.63043
2.526 0.634032
2.586 0.637609
2.646 0.64116
2.706 0.644684
2.766 0.648181
2.826 0.651651
2.886 0.655094
2.946 0.658508
3.006 0.661896
3.066 0.665255
3.126 0.668587
3.186 0.67189
3.246 0.675166
3.306 0.678415
3.366 0.681636
3.426 0.684829
3.486 0.687996
3.546 0.691135
3.606 0.694247
3.666 0.697332
3.726 0.70039
3.786 0.703422
3.846 0.706427
3.906 0.709406
3.966 0.712358
4.026 0.715284
4.086 0.718184
4.146 0.721058
4.206 0.723906
4.266 0.726728
4.326 0.729523
4.386 0.732293
4.446 0.735038
4.506 0.737756
4.566 0.740448
4.626 0.743115
4.686 0.745756
4.746 0.748371
4.806 0.75096
4.866 0.753523
4.926 0.75606
4.986 0.758572
5.046 0.761057
5.106 0.763516
5.166 0.76595
5.226 0.768357
5.286 0.770738
5.346 0.773093
5.406 0.775422
5.466 0.777724
5.526 0.78
5.586 0.78225
5.646 0.784473
5.706 0.78667
5.766 0.788841
5.826 0.790985
5.886 0.793103
5.946 0.795194
6.006 0.797258
6.066 0.799296
6.126 0.801307
6.186 0.803292
6.246 0.80525
6.306 0.807182
6.366 0.809087
6.426 0.810966
6.486 0.812818
6.546 0.814643
6.606 0.816442
6.666 0.818215
6.726 0.819961
6.786 0.821681
6.846 0.823375
6.906 0.825042
6.966 0.826683
7.026 0.828299
7.086 0.829888
7.146 0.831451
7.206 0.832989
7.266 0.834501
7.326 0.835987
7.386 0.837448
7.446 0.838884
7.506 0.840294
7.566 0.84168
7.626 0.843041
7.686 0.84438
7.746 0.845695
7.806 0.846988
7.866 0.84826
7.926 0.849511
7.986 0.85074
8.046 0.85195
8.106 0.85314
8.166 0.854312
8.226 0.855464
8.286 0.856598
8.346 0.857715
8.406 0.858814
8.466 0.859896
8.526 0.860962
8.586 0.862011
8.646 0.863045
8.706 0.864063
8.766 0.865066
8.826 0.866054
8.886 0.867028
8.946 0.867988
9.006 0.868934
9.066 0.869866
9.126 0.870785
9.186 0.871691
9.246 0.872585
9.306 0.873466
9.366 0.874335
9.426 0.875192
9.486 0.876037
9.546 0.876871
9.606 0.877693
9.666 0.878505
9.726 0.879306
9.786 0.880097
9.846 0.880877
9.906 0.881647
9.966 0.882407
10.026 0.883157
10.086 0.883898
10.146 0.884629
10.206 0.885351
10.266 0.886064
10.326 0.886769
10.386 0.887464
10.446 0.888151
10.506 0.88883
10.566 0.889501
10.626 0.890163
10.686 0.890818
10.746 0.891464
10.806 0.892104
10.866 0.892735
10.926 0.893359
10.986 0.893976
11.046 0.894586
11.106 0.895189
11.166 0.895785
11.226 0.896374
11.286 0.896957
11.346 0.897533
11.406 0.898102
11.466 0.898666
11.526 0.899223
11.586 0.899774
11.646 0.900319
11.706 0.900858
11.766 0.901391
11.826 0.901918
11.886 0.90244
11.946 0.902957
12.006 0.903468
12.066 0.903973
12.126 0.904473
12.186 0.904968
12.246 0.905458
12.306 0.905943
12.366 0.906423
12.426 0.906898
12.486 0.907368
12.546 0.907834
12.606 0.908295
12.666 0.908751
12.726 0.909203
12.786 0.90965
12.846 0.910093
12.906 0.910531
12.966 0.910966
13.026 0.911396
13.086 0.911821
13.146 0.912243
13.206 0.912661
13.266 0.913075
13.326 0.913485
13.386 0.913891
13.446 0.914293
13.506 0.914692
13.566 0.915086
13.626 0.915478
13.686 0.915865
13.746 0.916249
13.806 0.91663
13.866 0.917007
13.926 0.917381
13.986 0.917751
14.046 0.918118
14.106 0.918482
14.166 0.918842
14.226 0.919199
14.286 0.919554
14.346 0.919905
14.406 0.920253
14.466 0.920598
14.526 0.92094
14.586 0.921279
14.646 0.921615
14.706 0.921949
14.766 0.922279
14.826 0.922607
14.886 0.922932
14.946 0.923254
15.006 0.923574
15.066 0.923891
15.126 0.924205
15.186 0.924516
15.246 0.924826
15.306 0.925132
15.366 0.925436
15.426 0.925738
15.486 0.926037
15.546 0.926334
15.606 0.926628
15.666 0.926921
15.726 0.92721
15.786 0.927498
15.846 0.927783
15.906 0.928066
15.966 0.928347
16.026 0.928625
16.086 0.928902
16.146 0.929176
16.206 0.929448
16.266 0.929718
16.326 0.929986
16.386 0.930252
16.446 0.930516
16.506 0.930778
16.566 0.931038
16.626 0.931296
16.686 0.931552
16.746 0.931807
16.806 0.932059
16.866 0.932309
16.926 0.932558
16.986 0.932805
17.046 0.93305
17.106 0.933293
17.166 0.933535
17.226 0.933774
17.286 0.934012
17.346 0.934249
17.406 0.934483
17.466 0.934716
17.526 0.934947
17.586 0.935177
17.646 0.935405
17.706 0.935631
17.766 0.935856
17.826 0.93608
17.886 0.936301
17.946 0.936521
18.006 0.93674
18.066 0.936957
18.126 0.937173
18.186 0.937387
18.246 0.9376
18.306 0.937811
18.366 0.938021
18.426 0.93823
18.486 0.938437
18.546 0.938642
18.606 0.938847
18.666 0.93905
18.726 0.939251
18.786 0.939451
18.846 0.93965
18.906 0.939848
18.966 0.940044
19.026 0.940239
19.086 0.940433
19.146 0.940626
19.206 0.940817
19.266 0.941007
19.326 0.941196
19.386 0.941384
19.446 0.94157
19.506 0.941756
19.566 0.94194
19.626 0.942123
19.686 0.942304
19.746 0.942485
19.806 0.942665
19.866 0.942843
19.926 0.94302
19.986 0.943197
20.046 0.943372
20.106 0.943546
20.166 0.943719
20.226 0.943891
20.286 0.944062
20.346 0.944231
20.406 0.9444
20.466 0.944568
20.526 0.944735
20.586 0.9449
20.646 0.945065
20.706 0.945229
20.766 0.945392
20.826 0.945554
20.886 0.945715
20.946 0.945875
21.006 0.946034
21.066 0.946192
21.126 0.946349
21.186 0.946505
21.246 0.94666
21.306 0.946815
21.366 0.946968
21.426 0.947121
21.486 0.947273
21.546 0.947424
21.606 0.947574
21.666 0.947723
21.726 0.947871
21.786 0.948019
21.846 0.948165
21.906 0.948311
21.966 0.948456
22.026 0.948601
22.086 0.948744
22.146 0.948887
22.206 0.949028
22.266 0.949169
22.326 0.94931
22.386 0.949449
22.446 0.949588
22.506 0.949726
22.566 0.949863
22.626 0.949999
22.686 0.950135
22.746 0.95027
22.806 0.950404
22.866 0.950538
22.926 0.950671
22.986 0.950803
23.046 0.950934
23.106 0.951065
23.166 0.951195
23.226 0.951324
23.286 0.951453
23.346 0.951581
23.406 0.951708
23.466 0.951835
23.526 0.951961
23.586 0.952086
23.646 0.95221
23.706 0.952334
23.766 0.952458
23.826 0.95258
23.886 0.952703
23.946 0.952824
24.006 0.952945
24.066 0.953065
24.126 0.953185
24.186 0.953304
24.246 0.953422
24.306 0.95354
24.366 0.953657
24.426 0.953774
24.486 0.95389
24.546 0.954005
24.606 0.95412
24.666 0.954234
24.726 0.954348
24.786 0.954461
24.846 0.954574
24.906 0.954686
24.966 0.954797
25.026 0.954908
25.086 0.955018
25.146 0.955128
25.206 0.955238
25.266 0.955346
25.326 0.955455
25.386 0.955562
25.446 0.95567
25.506 0.955776
25.566 0.955882
25.626 0.955988
25.686 0.956093
25.746 0.956198
25.806 0.956302
25.866 0.956406
25.926 0.956509
25.986 0.956612
26.046 0.956714
26.106 0.956816
26.166 0.956917
26.226 0.957018
26.286 0.957118
26.346 0.957218
26.406 0.957317
26.466 0.957416
26.526 0.957515
26.586 0.957613
26.646 0.95771
26.706 0.957807
26.766 0.957904
26.826 0.958
26.886 0.958096
26.946 0.958191
27.006 0.958286
27.066 0.958381
27.126 0.958475
27.186 0.958568
27.246 0.958661
27.306 0.958754
27.366 0.958847
27.426 0.958939
27.486 0.95903
27.546 0.959121
27.606 0.959212
27.666 0.959302
27.726 0.959392
27.786 0.959482
27.846 0.959571
27.906 0.95966
27.966 0.959748
28.026 0.959836
28.086 0.959924
28.146 0.960011
28.206 0.960098
28.266 0.960184
28.326 0.96027
28.386 0.960356
28.446 0.960441
28.506 0.960526
28.566 0.960611
28.626 0.960695
28.686 0.960779
28.746 0.960863
28.806 0.960946
28.866 0.961029
28.926 0.961111
28.986 0.961193
29.046 0.961275
29.106 0.961356
29.166 0.961437
29.226 0.961518
29.286 0.961599
29.346 0.961679
29.406 0.961758
29.466 0.961838
29.526 0.961917
29.586 0.961996
29.646 0.962074
29.706 0.962152
29.766 0.96223
29.826 0.962307
29.886 0.962385
29.946 0.962461
30.006 0.962538
30.066 0.962614
30.126 0.96269
30.186 0.962766
30.246 0.962841
30.306 0.962916
30.366 0.962991
30.426 0.963065
30.486 0.963139
30.546 0.963213
30.606 0.963286
30.666 0.96336
30.726 0.963433
30.786 0.963505
30.846 0.963577
30.906 0.96365
30.966 0.963721
31.026 0.963793
31.086 0.963864
31.146 0.963935
31.206 0.964005
31.266 0.964076
31.326 0.964146
31.386 0.964216
31.446 0.964285
31.506 0.964355
31.566 0.964424
31.626 0.964492
31.686 0.964561
31.746 0.964629
31.806 0.964697
31.866 0.964765
31.926 0.964832
31.986 0.964899
32.046 0.964966
32.106 0.965033
32.166 0.965099
32.226 0.965165
32.286 0.965231
32.346 0.965297
32.406 0.965362
32.466 0.965427
32.526 0.965492
32.586 0.965557
32.646 0.965621
32.706 0.965686
32.766 0.96575
32.826 0.965813
32.886 0.965877
32.946 0.96594
33.006 0.966003
33.066 0.966066
33.126 0.966128
33.186 0.966191
33.246 0.966253
33.306 0.966315
33.366 0.966376
33.426 0.966438
33.486 0.966499
33.546 0.96656
33.606 0.966621
33.666 0.966681
33.726 0.966741
33.786 0.966801
33.846 0.966861
33.906 0.966921
33.966 0.96698
34.026 0.96704
34.086 0.967099
34.146 0.967157
34.206 0.967216
34.266 0.967274
34.326 0.967332
34.386 0.96739
34.446 0.967448
34.506 0.967506
34.566 0.967563
34.626 0.96762
34.686 0.967677
34.746 0.967734
34.806 0.96779
34.866 0.967847
34.926 0.967903
34.986 0.967959
35.046 0.968015
35.106 0.96807
35.166 0.968126
35.226 0.968181
35.286 0.968236
35.346 0.968291
35.406 0.968345
35.466 0.9684
35.526 0.968454
35.586 0.968508
35.646 0.968562
35.706 0.968616
35.766 0.968669
35.826 0.968722
35.886 0.968775
35.946 0.968828
36.006 0.968881
36.066 0.968934
36.126 0.968986
36.186 0.969038
36.246 0.969091
36.306 0.969142
36.366 0.969194
36.426 0.969246
36.486 0.969297
36.546 0.969348
36.606 0.969399
36.666 0.96945
36.726 0.969501
36.786 0.969551
36.846 0.969602
36.906 0.969652
36.966 0.969702
37.026 0.969752
37.086 0.969802
37.146 0.969851
37.206 0.9699
37.266 0.96995
37.326 0.969999
37.386 0.970048
37.446 0.970096
37.506 0.970145
37.566 0.970193
37.626 0.970242
37.686 0.97029
37.746 0.970338
37.806 0.970385
37.866 0.970433
37.926 0.970481
37.986 0.970528
38.046 0.970575
38.106 0.970622
38.166 0.970669
38.226 0.970716
38.286 0.970762
38.346 0.970809
38.406 0.970855
38.466 0.970901
38.526 0.970947
38.586 0.970993
38.646 0.971039
38.706 0.971084
38.766 0.97113
38.826 0.971175
38.886 0.97122
38.946 0.971265
39.006 0.97131
39.066 0.971355
39.126 0.971399
39.186 0.971444
39.246 0.971488
39.306 0.971532
39.366 0.971576
39.426 0.97162
39.486 0.971664
39.546 0.971707
39.606 0.971751
39.666 0.971794
39.726 0.971838
39.786 0.971881
39.846 0.971924
39.906 0.971966
39.966 0.972009
40.026 0.972052
40.086 0.972094
40.146 0.972136
40.206 0.972179
40.266 0.972221
40.326 0.972263
40.386 0.972304
40.446 0.972346
40.506 0.972388
40.566 0.972429
40.626 0.97247
40.686 0.972511
40.746 0.972552
40.806 0.972593
40.866 0.972634
40.926 0.972675
40.986 0.972715
41.046 0.972756
41.106 0.972796
41.166 0.972836
41.226 0.972876
41.286 0.972916
41.346 0.972956
41.406 0.972996
41.466 0.973036
41.526 0.973075
41.586 0.973115
41.646 0.973154
41.706 0.973193
41.766 0.973232
41.826 0.973271
41.886 0.97331
41.946 0.973348
42.006 0.973387
42.066 0.973425
42.126 0.973464
42.186 0.973502
42.246 0.97354
42.306 0.973578
42.366 0.973616
42.426 0.973654
42.486 0.973692
42.546 0.973729
42.606 0.973767
42.666 0.973804
42.726 0.973842
42.786 0.973879
42.846 0.973916
42.906 0.973953
42.966 0.97399
43.026 0.974026
43.086 0.974063
43.146 0.9741
43.206 0.974136
43.266 0.974172
43.326 0.974209
43.386 0.974245
43.446 0.974281
43.506 0.974317
43.566 0.974353
43.626 0.974388
43.686 0.974424
43.746 0.974459
43.806 0.974495
43.866 0.97453
43.926 0.974565
43.986 0.974601
44.046 0.974636
44.106 0.974671
44.166 0.974705
44.226 0.97474
44.286 0.974775
44.346 0.974809
44.406 0.974844
44.466 0.974878
44.526 0.974913
44.586 0.974947
44.646 0.974981
44.706 0.975015
44.766 0.975049
44.826 0.975083
44.886 0.975116
44.946 0.97515
45.006 0.975184
45.066 0.975217
45.126 0.97525
45.186 0.975284
45.246 0.975317
45.306 0.97535
45.366 0.975383
45.426 0.975416
45.486 0.975449
45.546 0.975481
45.606 0.975514
45.666 0.975547
45.726 0.975579
45.786 0.975612
45.846 0.975644
45.906 0.975676
45.966 0.975708
46.026 0.97574
46.086 0.975772
46.146 0.975804
46.206 0.975836
46.266 0.975868
46.326 0.975899
46.386 0.975931
46.446 0.975962
46.506 0.975994
46.566 0.976025
46.626 0.976056
46.686 0.976088
46.746 0.976119
46.806 0.97615
46.866 0.97618
46.926 0.976211
46.986 0.976242
47.046 0.976273
47.106 0.976303
47.166 0.976334
47.226 0.976364
47.286 0.976395
47.346 0.976425
47.406 0.976455
47.466 0.976485
47.526 0.976515
47.586 0.976545
47.646 0.976575
47.706 0.976605
47.766 0.976635
47.826 0.976664
47.886 0.976694
47.946 0.976723
48.006 0.976753
48.066 0.976782
48.126 0.976812
48.186 0.976841
48.246 0.97687
48.306 0.976899
48.366 0.976928
48.426 0.976957
48.486 0.976986
48.546 0.977015
48.606 0.977043
48.666 0.977072
48.726 0.9771
48.786 0.977129
48.846 0.977157
48.906 0.977186
48.966 0.977214
49.026 0.977242
49.086 0.97727
49.146 0.977298
49.206 0.977326
49.266 0.977354
49.326 0.977382
49.386 0.97741
49.446 0.977438
49.506 0.977465
49.566 0.977493
49.626 0.97752
49.686 0.977548
49.746 0.977575
49.806 0.977603
49.866 0.97763
49.926 0.977657
49.986 0.977684
50.046 0.977711
50.106 0.977738
50.166 0.977765
50.226 0.977792
50.286 0.977819
50.346 0.977846
50.406 0.977872
50.466 0.977899
50.526 0.977925
50.586 0.977952
50.646 0.977978
50.706 0.978005
50.766 0.978031
50.826 0.978057
50.886 0.978083
50.946 0.978109
51.006 0.978135
51.066 0.978161
51.126 0.978187
51.186 0.978213
51.246 0.978239
51.306 0.978265
51.366 0.97829
51.426 0.978316
51.486 0.978342
51.546 0.978367
51.606 0.978393
51.666 0.978418
51.726 0.978443
51.786 0.978468
51.846 0.978494
51.906 0.978519
51.966 0.978544
52.026 0.978569
52.086 0.978594
52.146 0.978619
52.206 0.978644
52.266 0.978668
52.326 0.978693
52.386 0.978718
52.446 0.978742
52.506 0.978767
52.566 0.978791
52.626 0.978816
52.686 0.97884
52.746 0.978865
52.806 0.978889
52.866 0.978913
52.926 0.978937
52.986 0.978961
53.046 0.978985
53.106 0.979009
53.166 0.979033
53.226 0.979057
53.286 0.979081
53.346 0.979105
53.406 0.979129
53.466 0.979152
53.526 0.979176
53.586 0.979199
53.646 0.979223
53.706 0.979246
53.766 0.97927
53.826 0.979293
53.886 0.979316
53.946 0.97934
54.006 0.979363
54.066 0.979386
54.126 0.979409
54.186 0.979432
54.246 0.979455
54.306 0.979478
54.366 0.979501
54.426 0.979524
54.486 0.979547
54.546 0.979569
54.606 0.979592
54.666 0.979615
54.726 0.979637
54.786 0.97966
54.846 0.979682
54.906 0.979705
54.966 0.979727
55.026 0.979749
55.086 0.979772
55.146 0.979794
55.206 0.979816
55.266 0.979838
55.326 0.97986
55.386 0.979882
55.446 0.979904
55.506 0.979926
55.566 0.979948
55.626 0.97997
55.686 0.979992
55.746 0.980014
55.806 0.980035
55.866 0.980057
55.926 0.980079
55.986 0.9801
56.046 0.980122
56.106 0.980143
56.166 0.980165
56.226 0.980186
56.286 0.980207
56.346 0.980229
56.406 0.98025
56.466 0.980271
56.526 0.980292
56.586 0.980313
56.646 0.980334
56.706 0.980355
56.766 0.980376
56.826 0.980397
56.886 0.980418
56.946 0.980439
57.006 0.98046
57.066 0.98048
57.126 0.980501
57.186 0.980522
57.246 0.980542
57.306 0.980563
57.366 0.980584
57.426 0.980604
57.486 0.980625
57.546 0.980645
57.606 0.980665
57.666 0.980686
57.726 0.980706
57.786 0.980726
57.846 0.980746
57.906 0.980766
57.966 0.980787
58.026 0.980807
58.086 0.980827
58.146 0.980847
58.206 0.980867
58.266 0.980886
58.326 0.980906
58.386 0.980926
58.446 0.980946
58.506 0.980966
58.566 0.980985
58.626 0.981005
58.686 0.981025
58.746 0.981044
58.806 0.981064
58.866 0.981083
58.926 0.981103
58.986 0.981122
59.046 0.981141
59.106 0.981161
59.166 0.98118
59.226 0.981199
59.286 0.981218
59.346 0.981238
59.406 0.981257
59.466 0.981276
59.526 0.981295
59.586 0.981314
59.646 0.981333
59.706 0.981352
59.766 0.981371
59.826 0.98139
59.886 0.981408
59.946 0.981427

