0.006 0.72473
0.066 0.724741
0.126 0.724772
0.186 0.724822
0.246 0.724891
0.306 0.72498
0.366 0.725087
0.426 0.725214
0.486 0.72536
0.546 0.725524
0.606 0.725708
0.666 0.725911
0.726 0.726133
0.786 0.726373
0.846 0.726633
0.906 0.726911
0.966 0.727207
1.026 0.727523
1.086 0.727856
1.146 0.728208
1.206 0.728579
1.266 0.728967
1.326 0.729373
1.386 0.729798
1.446 0.73024
1.506 0.7307
1.566 0.731178
1.626 0.731673
1.686 0.732185
1.746 0.732714
1.806 0.733261
1.866 0.733824
1.926 0.734405
1.986 0.735001
2.046 0.735615
2.106 0.736244
2.166 0.73689
2.226 0.737551
2.286 0.738229
2.346 0.738922
2.406 0.73963
2.466 0.740354
2.526 0.741093
2.586 0.741846
2.646 0.742615
2.706 0.743398
2.766 0.744195
2.826 0.745006
2.886 0.745832
2.946 0.746671
3.006 0.747523
3.066 0.748389
3.126 0.749268
3.186 0.75016
3.246 0.751065
3.306 0.751982
3.366 0.752911
3.426 0.753853
3.486 0.754806
3.546 0.755771
3.606 0.756747
3.666 0.757735
3.726 0.758733
3.786 0.759742
3.846 0.760762
3.906 0.761792
3.966 0.762832
4.026 0.763882
4.086 0.764941
4.146 0.766009
4.206 0.767087
4.266 0.768174
4.326 0.769269
4.386 0.770372
4.446 0.771484
4.506 0.772603
4.566 0.77373
4.626 0.774865
4.686 0.776006
4.746 0.777155
4.806 0.77831
4.866 0.779471
4.926 0.780639
4.986 0.781812
5.046 0.782991
5.106 0.784176
5.166 0.785365
5.226 0.786559
5.286 0.787758
5.346 0.788961
5.406 0.790168
5.466 0.791379
5.526 0.792594
5.586 0.793811
5.646 0.795032
5.706 0.796255
5.766 0.797481
5.826 0.798709
5.886 0.799939
5.946 0.801171
6.006 0.802403
6.066 0.803637
6.126 0.804872
6.186 0.806108
6.246 0.807343
6.306 0.808579
6.366 0.809815
6.426 0.81105
6.486 0.812284
6.546 0.813517
6.606 0.814749
6.666 0.815979
6.726 0.817208
6.786 0.818434
6.846 0.819658
6.906 0.82088
6.966 0.822098
7.026 0.823314
7.086 0.824526
7.146 0.825734
7.206 0.826939
7.266 0.82814
7.326 0.829336
7.386 0.830527
7.446 0.831714
7.506 0.832895
7.566 0.834071
7.626 0.835242
7.686 0.836407
7.746 0.837565
7.806 0.838718
7.866 0.839864
7.926 0.841003
7.986 0.842136
8.046 0.843261
8.106 0.844379
8.166 0.845489
8.226 0.846592
8.286 0.847687
8.346 0.848774
8.406 0.849852
8.466 0.850922
8.526 0.851984
8.586 0.853036
8.646 0.85408
8.706 0.855114
8.766 0.856139
8.826 0.857155
8.886 0.858161
8.946 0.859157
9.006 0.860144
9.066 0.86112
9.126 0.862087
9.186 0.863043
9.246 0.863988
9.306 0.864923
9.366 0.865848
9.426 0.866762
9.486 0.867665
9.546 0.868557
9.606 0.869438
9.666 0.870308
9.726 0.871167
9.786 0.872015
9.846 0.872852
9.906 0.873677
9.966 0.874492
10.026 0.875297
10.086 0.876091
10.146 0.876875
10.206 0.877649
10.266 0.878414
10.326 0.879169
10.386 0.879914
10.446 0.880651
10.506 0.881378
10.566 0.882097
10.626 0.882807
10.686 0.883508
10.746 0.884201
10.806 0.884886
10.866 0.885563
10.926 0.886231
10.986 0.886892
11.046 0.887546
11.106 0.888191
11.166 0.88883
11.226 0.889461
11.286 0.890085
11.346 0.890702
11.406 0.891312
11.466 0.891915
11.526 0.892511
11.586 0.893101
11.646 0.893685
11.706 0.894262
11.766 0.894833
11.826 0.895398
11.886 0.895956
11.946 0.896509
12.006 0.897056
12.066 0.897597
12.126 0.898132
12.186 0.898662
12.246 0.899187
12.306 0.899706
12.366 0.900219
12.426 0.900728
12.486 0.901231
12.546 0.901729
12.606 0.902222
12.666 0.90271
12.726 0.903193
12.786 0.903672
12.846 0.904146
12.906 0.904615
12.966 0.905079
13.026 0.905539
13.086 0.905995
13.146 0.906446
13.206 0.906893
13.266 0.907336
13.326 0.907774
13.386 0.908208
13.446 0.908638
13.506 0.909065
13.566 0.909487
13.626 0.909905
13.686 0.91032
13.746 0.91073
13.806 0.911137
13.866 0.91154
13.926 0.91194
13.986 0.912336
14.046 0.912728
14.106 0.913117
14.166 0.913502
14.226 0.913884
14.286 0.914263
14.346 0.914638
14.406 0.91501
14.466 0.915379
14.526 0.915745
14.586 0.916107
14.646 0.916467
14.706 0.916823
14.766 0.917176
14.826 0.917526
14.886 0.917874
14.946 0.918218
15.006 0.91856
15.066 0.918898
15.126 0.919234
15.186 0.919567
15.246 0.919897
15.306 0.920225
15.366 0.92055
15.426 0.920872
15.486 0.921192
15.546 0.921509
15.606 0.921824
15.666 0.922136
15.726 0.922445
15.786 0.922752
15.846 0.923057
15.906 0.923359
15.966 0.923659
16.026 0.923957
16.086 0.924252
16.146 0.924545
16.206 0.924836
16.266 0.925124
16.326 0.925411
16.386 0.925695
16.446 0.925977
16.506 0.926256
16.566 0.926534
16.626 0.92681
16.686 0.927083
16.746 0.927355
16.806 0.927624
16.866 0.927892
16.926 0.928157
16.986 0.928421
17.046 0.928682
17.106 0.928942
17.166 0.9292
17.226 0.929456
17.286 0.92971
17.346 0.929962
17.406 0.930213
17.466 0.930461
17.526 0.930708
17.586 0.930954
17.646 0.931197
17.706 0.931439
17.766 0.931679
17.826 0.931917
17.886 0.932154
17.946 0.932389
18.006 0.932622
18.066 0.932854
18.126 0.933084
18.186 0.933313
18.246 0.93354
18.306 0.933766
18.366 0.93399
18.426 0.934212
18.486 0.934433
18.546 0.934653
18.606 0.934871
18.666 0.935087
18.726 0.935303
18.786 0.935516
18.846 0.935729
18.906 0.93594
18.966 0.936149
19.026 0.936358
19.086 0.936564
19.146 0.93677
19.206 0.936974
19.266 0.937177
19.326 0.937378
19.386 0.937579
19.446 0.937778
19.506 0.937975
19.566 0.938172
19.626 0.938367
19.686 0.938561
19.746 0.938754
19.806 0.938945
19.866 0.939136
19.926 0.939325
19.986 0.939513
20.046 0.9397
20.106 0.939886
20.166 0.94007
20.226 0.940254
20.286 0.940436
20.346 0.940617
20.406 0.940797
20.466 0.940976
20.526 0.941154
20.586 0.941331
20.646 0.941507
20.706 0.941682
20.766 0.941855
20.826 0.942028
20.886 0.9422
20.946 0.94237
21.006 0.94254
21.066 0.942708
21.126 0.942876
21.186 0.943043
21.246 0.943208
21.306 0.943373
21.366 0.943537
21.426 0.9437
21.486 0.943862
21.546 0.944023
21.606 0.944183
21.666 0.944342
21.726 0.9445
21.786 0.944657
21.846 0.944814
21.906 0.944969
21.966 0.945124
22.026 0.945278
22.086 0.945431
22.146 0.945583
22.206 0.945734
22.266 0.945885
22.326 0.946034
22.386 0.946183
22.446 0.946331
22.506 0.946478
22.566 0.946624
22.626 0.94677
22.686 0.946915
22.746 0.947059
22.806 0.947202
22.866 0.947344
22.926 0.947486
22.986 0.947627
23.046 0.947767
23.106 0.947906
23.166 0.948045
23.226 0.948183
23.286 0.94832
23.346 0.948456
23.406 0.948592
23.466 0.948727
23.526 0.948861
23.586 0.948995
23.646 0.949128
23.706 0.94926
23.766 0.949391
23.826 0.949522
23.886 0.949652
23.946 0.949782
24.006 0.949911
24.066 0.950039
24.126 0.950166
24.186 0.950293
24.246 0.950419
24.306 0.950545
24.366 0.95067
24.426 0.950794
24.486 0.950918
24.546 0.951041
24.606 0.951163
24.666 0.951285
24.726 0.951406
24.786 0.951527
24.846 0.951647
24.906 0.951767
24.966 0.951885
25.026 0.952004
25.086 0.952121
25.146 0.952238
25.206 0.952355
25.266 0.952471
25.326 0.952586
25.386 0.952701
25.446 0.952815
25.506 0.952929
25.566 0.953042
25.626 0.953155
25.686 0.953267
25.746 0.953379
25.806 0.95349
25.866 0.9536
25.926 0.95371
25.986 0.95382
26.046 0.953929
26.106 0.954037
26.166 0.954145
26.226 0.954252
26.286 0.954359
26.346 0.954466
26.406 0.954572
26.466 0.954677
26.526 0.954782
26.586 0.954887
26.646 0.954991
26.706 0.955094
26.766 0.955197
26.826 0.9553
26.886 0.955402
26.946 0.955503
27.006 0.955605
27.066 0.955705
27.126 0.955805
27.186 0.955905
27.246 0.956005
27.306 0.956103
27.366 0.956202
27.426 0.9563
27.486 0.956397
27.546 0.956495
27.606 0.956591
27.666 0.956688
27.726 0.956783
27.786 0.956879
27.846 0.956974
27.906 0.957068
27.966 0.957163
28.026 0.957256
28.086 0.95735
28.146 0.957443
28.206 0.957535
28.266 0.957627
28.326 0.957719
28.386 0.95781
28.446 0.957901
28.506 0.957992
28.566 0.958082
28.626 0.958172
28.686 0.958261
28.746 0.95835
28.806 0.958439
28.866 0.958527
28.926 0.958615
28.986 0.958703
29.046 0.95879
29.106 0.958876
29.166 0.958963
29.226 0.959049
29.286 0.959135
29.346 0.95922
29.406 0.959305
29.466 0.95939
29.526 0.959474
29.586 0.959558
29.646 0.959641
29.706 0.959724
29.766 0.959807
29.826 0.95989
29.886 0.959972
29.946 0.960054
30.006 0.960136
30.066 0.960217
30.126 0.960298
30.186 0.960378
30.246 0.960458
30.306 0.960538
30.366 0.960618
30.426 0.960697
30.486 0.960776
30.546 0.960855
30.606 0.960933
30.666 0.961011
30.726 0.961089
30.786 0.961166
30.846 0.961243
30.906 0.96132
30.966 0.961396
31.026 0.961472
31.086 0.961548
31.146 0.961624
31.206 0.961699
31.266 0.961774
31.326 0.961849
31.386 0.961923
31.446 0.961997
31.506 0.962071
31.566 0.962144
31.626 0.962218
31.686 0.962291
31.746 0.962363
31.806 0.962436
31.866 0.962508
31.926 0.96258
31.986 0.962651
32.046 0.962722
32.106 0.962793
32.166 0.962864
32.226 0.962935
32.286 0.963005
32.346 0.963075
32.406 0.963144
32.466 0.963214
32.526 0.963283
32.586 0.963352
32.646 0.963421
32.706 0.963489
32.766 0.963557
32.826 0.963625
32.886 0.963693
32.946 0.96376
33.006 0.963827
33.066 0.963894
33.126 0.963961
33.186 0.964027
33.246 0.964093
33.306 0.964159
33.366 0.964225
33.426 0.96429
33.486 0.964355
33.546 0.96442
33.606 0.964485
33.666 0.964549
33.726 0.964613
33.786 0.964677
33.846 0.964741
33.906 0.964805
33.966 0.964868
34.026 0.964931
34.086 0.964994
34.146 0.965057
34.206 0.965119
34.266 0.965181
34.326 0.965243
34.386 0.965305
34.446 0.965366
34.506 0.965428
34.566 0.965489
34.626 0.96555
34.686 0.96561
34.746 0.965671
34.806 0.965731
34.866 0.965791
34.926 0.965851
34.986 0.96591
35.046 0.96597
35.106 0.966029
35.166 0.966088
35.226 0.966147
35.286 0.966205
35.346 0.966264
35.406 0.966322
35.466 0.96638
35.526 0.966438
35.586 0.966495
35.646 0.966552
35.706 0.96661
35.766 0.966667
35.826 0.966723
35.886 0.96678
35.946 0.966836
36.006 0.966893
36.066 0.966949
36.126 0.967004
36.186 0.96706
36.246 0.967116
36.306 0.967171
36.366 0.967226
36.426 0.967281
36.486 0.967336
36.546 0.96739
36.606 0.967444
36.666 0.967499
36.726 0.967553
36.786 0.967606
36.846 0.96766
36.906 0.967713
36.966 0.967767
37.026 0.96782
37.086 0.967873
37.146 0.967926
37.206 0.967978
37.266 0.968031
37.326 0.968083
37.386 0.968135
37.446 0.968187
37.506 0.968238
37.566 0.96829
37.626 0.968341
37.686 0.968393
37.746 0.968444
37.806 0.968495
37.866 0.968545
37.926 0.968596
37.986 0.968646
38.046 0.968697
38.106 0.968747
38.166 0.968797
38.226 0.968846
38.286 0.968896
38.346 0.968945
38.406 0.968995
38.466 0.969044
38.526 0.969093
38.586 0.969142
38.646 0.96919
38.706 0.969239
38.766 0.969287
38.826 0.969335
38.886 0.969383
38.946 0.969431
39.006 0.969479
39.066 0.969527
39.126 0.969574
39.186 0.969621
39.246 0.969669
39.306 0.969716
39.366 0.969763
39.426 0.969809
39.486 0.969856
39.546 0.969902
39.606 0.969949
39.666 0.969995
39.726 0.970041
39.786 0.970087
39.846 0.970132
39.906 0.970178
39.966 0.970223
40.026 0.970269
40.086 0.970314
40.146 0.970359
40.206 0.970404
40.266 0.970449
40.326 0.970493
40.386 0.970538
40.446 0.970582
40.506 0.970626
40.566 0.970671
40.626 0.970715
40.686 0.970758
40.746 0.970802
40.806 0.970846
40.866 0.970889
40.926 0.970932
40.986 0.970976
41.046 0.971019
41.106 0.971062
41.166 0.971104
41.226 0.971147
41.286 0.97119
41.346 0.971232
41.406 0.971274
41.466 0.971317
41.526 0.971359
41.586 0.971401
41.646 0.971442
41.706 0.971484
41.766 0.971526
41.826 0.971567
41.886 0.971608
41.946 0.97165
42.006 0.971691
42.066 0.971732
42.126 0.971772
42.186 0.971813
42.246 0.971854
42.306 0.971894
42.366 0.971935
42.426 0.971975
42.486 0.972015
42.546 0.972055
42.606 0.972095
42.666 0.972135
42.726 0.972175
42.786 0.972214
42.846 0.972254
42.906 0.972293
42.966 0.972332
43.026 0.972371
43.086 0.97241
43.146 0.972449
43.206 0.972488
43.266 0.972527
43.326 0.972565
43.386 0.972604
43.446 0.972642
43.506 0.97268
43.566 0.972719
43.626 0.972757
43.686 0.972795
43.746 0.972832
43.806 0.97287
43.866 0.972908
43.926 0.972945
43.986 0.972983
44.046 0.97302
44.106 0.973057
44.166 0.973094
44.226 0.973131
44.286 0.973168
44.346 0.973205
44.406 0.973242
44.466 0.973278
44.526 0.973315
44.586 0.973351
44.646 0.973388
44.706 0.973424
44.766 0.97346
44.826 0.973496
44.886 0.973532
44.946 0.973568
45.006 0.973603
45.066 0.973639
45.126 0.973674
45.186 0.97371
45.246 0.973745
45.306 0.97378
45.366 0.973816
45.426 0.973851
45.486 0.973886
45.546 0.97392
45.606 0.973955
45.666 0.97399
45.726 0.974024
45.786 0.974059
45.846 0.974093
45.906 0.974128
45.966 0.974162
46.026 0.974196
46.086 0.97423
46.146 0.974264
46.206 0.974298
46.266 0.974332
46.326 0.974365
46.386 0.974399
46.446 0.974432
46.506 0.974466
46.566 0.974499
46.626 0.974532
46.686 0.974566
46.746 0.974599
46.806 0.974632
46.866 0.974665
46.926 0.974697
46.986 0.97473
47.046 0.974763
47.106 0.974795
47.166 0.974828
47.226 0.97486
47.286 0.974892
47.346 0.974925
47.406 0.974957
47.466 0.974989
47.526 0.975021
47.586 0.975053
47.646 0.975085
47.706 0.975116
47.766 0.975148
47.826 0.97518
47.886 0.975211
47.946 0.975242
48.006 0.975274
48.066 0.975305
48.126 0.975336
48.186 0.975367
48.246 0.975398
48.306 0.975429
48.366 0.97546
48.426 0.975491
48.486 0.975522
48.546 0.975552
48.606 0.975583
48.666 0.975613
48.726 0.975644
48.786 0.975674
48.846 0.975704
48.906 0.975734
48.966 0.975765
49.026 0.975795
49.086 0.975825
49.146 0.975854
49.206 0.975884
49.266 0.975914
49.326 0.975944
49.386 0.975973
49.446 0.976003
49.506 0.976032
49.566 0.976062
49.626 0.976091
49.686 0.97612
49.746 0.976149
49.806 0.976178
49.866 0.976207
49.926 0.976236
49.986 0.976265
50.046 0.976294
50.106 0.976323
50.166 0.976351
50.226 0.97638
50.286 0.976408
50.346 0.976437
50.406 0.976465
50.466 0.976494
50.526 0.976522
50.586 0.97655
50.646 0.976578
50.706 0.976606
50.766 0.976634
50.826 0.976662
50.886 0.97669
50.946 0.976718
51.006 0.976745
51.066 0.976773
51.126 0.976801
51.186 0.976828
51.246 0.976856
51.306 0.976883
51.366 0.97691
51.426 0.976938
51.486 0.976965
51.546 0.976992
51.606 0.977019
51.666 0.977046
51.726 0.977073
51.786 0.9771
51.846 0.977127
51.906 0.977153
51.966 0.97718
52.026 0.977207
52.086 0.977233
52.146 0.97726
52.206 0.977286
52.266 0.977313
52.326 0.977339
52.386 0.977365
52.446 0.977391
52.506 0.977417
52.566 0.977444
52.626 0.97747
52.686 0.977495
52.746 0.977521
52.806 0.977547
52.866 0.977573
52.926 0.977599
52.986 0.977624
53.046 0.97765
53.106 0.977676
53.166 0.977701
53.226 0.977726
53.286 0.977752
53.346 0.977777
53.406 0.977802
53.466 0.977828
53.526 0.977853
53.586 0.977878
53.646 0.977903
53.706 0.977928
53.766 0.977953
53.826 0.977977
53.886 0.978002
53.946 0.978027
54.006 0.978052
54.066 0.978076
54.126 0.978101
54.186 0.978125
54.246 0.97815
54.306 0.978174
54.366 0.978199
54.426 0.978223
54.486 0.978247
54.546 0.978271
54.606 0.978296
54.666 0.97832
54.726 0.978344
54.786 0.978368
54.846 0.978392
54.906 0.978415
54.966 0.978439
55.026 0.978463
55.086 0.978487
55.146 0.97851
55.206 0.978534
55.266 0.978558
55.326 0.978581
55.386 0.978605
55.446 0.978628
55.506 0.978651
55.566 0.978675
55.626 0.978698
55.686 0.978721
55.746 0.978744
55.806 0.978767
55.866 0.97879
55.926 0.978813
55.986 0.978836
56.046 0.978859
56.106 0.978882
56.166 0.978905
56.226 0.978928
56.286 0.97895
56.346 0.978973
56.406 0.978996
56.466 0.979018
56.526 0.979041
56.586 0.979063
56.646 0.979086
56.706 0.979108
56.766 0.97913
56.826 0.979153
56.886 0.979175
56.946 0.979197
57.006 0.979219
57.066 0.979241
57.126 0.979263
57.186 0.979285
57.246 0.979307
57.306 0.979329
57.366 0.979351
57.426 0.979373
57.486 0.979394
57.546 0.979416
57.606 0.979438
57.666 0.979459
57.726 0.979481
57.786 0.979502
57.846 0.979524
57.906 0.979545
57.966 0.979567
58.026 0.979588
58.086 0.979609
58.146 0.979631
58.206 0.979652
58.266 0.979673
58.326 0.979694
58.386 0.979715
58.446 0.979736
58.506 0.979757
58.566 0.979778
58.626 0.979799
58.686 0.97982
58.746 0.979841
58.806 0.979862
58.866 0.979882
58.926 0.979903
58.986 0.979924
59.046 0.979944
59.106 0.979965
59.166 0.979985
59.226 0.980006
59.286 0.980026
59.346 0.980047
59.406 0.980067
59.466 0.980087
59.526 0.980108
59.586 0.980128
59.646 0.980148
59.706 0.980168
59.766 0.980188
59.826 0.980208
59.886 0.980229
59.946 0.980248

