0.006 1
0.066 1.00152
0.126 1.00549
0.186 1.01182
0.246 1.02036
0.306 1.03086
0.366 1.04308
0.426 1.0567
0.486 1.0714
0.546 1.08685
0.606 1.10274
0.666 1.11876
0.726 1.13468
0.786 1.15028
0.846 1.16542
0.906 1.18001
0.966 1.19402
1.026 1.20746
1.086 1.2204
1.146 1.23291
1.206 1.24505
1.266 1.25683
1.326 1.26812
1.386 1.27861
1.446 1.28781
1.506 1.29532
1.566 1.30093
1.626 1.30467
1.686 1.30666
1.746 1.30711
1.806 1.30624
1.866 1.30426
1.926 1.30139
1.986 1.2978
2.046 1.29365
2.106 1.28908
2.166 1.2842
2.226 1.27911
2.286 1.27387
2.346 1.26856
2.406 1.26321
2.466 1.25787
2.526 1.25257
2.586 1.24733
2.646 1.24216
2.706 1.23707
2.766 1.23208
2.826 1.2272
2.886 1.22241
2.946 1.21773
3.006 1.21316
3.066 1.20869
3.126 1.20432
3.186 1.20005
3.246 1.19588
3.306 1.1918
3.366 1.18781
3.426 1.18391
3.486 1.18009
3.546 1.17635
3.606 1.17272
3.666 1.16924
3.726 1.16588
3.786 1.16266
3.846 1.15955
3.906 1.15655
3.966 1.15366
4.026 1.15087
4.086 1.14817
4.146 1.14557
4.206 1.14306
4.266 1.14063
4.326 1.13828
4.386 1.136
4.446 1.1338
4.506 1.13167
4.566 1.1296
4.626 1.1276
4.686 1.12565
4.746 1.12377
4.806 1.12194
4.866 1.12016
4.926 1.11843
4.986 1.11675
5.046 1.11512
5.106 1.11353
5.166 1.11199
5.226 1.11049
5.286 1.10902
5.346 1.1076
5.406 1.10621
5.466 1.10486
5.526 1.10354
5.586 1.10225
5.646 1.10099
5.706 1.09977
5.766 1.09857
5.826 1.09741
5.886 1.09627
5.946 1.09515
6.006 1.09406
6.066 1.093
6.126 1.09196
6.186 1.09094
6.246 1.08995
6.306 1.08898
6.366 1.08802
6.426 1.08709
6.486 1.08618
6.546 1.08529
6.606 1.08441
6.666 1.08355
6.726 1.08271
6.786 1.08189
6.846 1.08108
6.906 1.08029
6.966 1.07952
7.026 1.07875
7.086 1.07801
7.146 1.07727
7.206 1.07656
7.266 1.07585
7.326 1.07516
7.386 1.07448
7.446 1.07381
7.506 1.07315
7.566 1.07251
7.626 1.07187
7.686 1.07125
7.746 1.07064
7.806 1.07004
7.866 1.06945
7.926 1.06887
7.986 1.06829
8.046 1.06773
8.106 1.06718
8.166 1.06663
8.226 1.0661
8.286 1.06557
8.346 1.06505
8.406 1.06454
8.466 1.06404
8.526 1.06355
8.586 1.06306
8.646 1.06258
8.706 1.06211
8.766 1.06164
8.826 1.06118
8.886 1.06073
8.946 1.06029
9.006 1.05985
9.066 1.05942
9.126 1.05899
9.186 1.05857
9.246 1.05816
9.306 1.05775
9.366 1.05735
9.426 1.05695
9.486 1.05656
9.546 1.05617
9.606 1.05579
9.666 1.05542
9.726 1.05505
9.786 1.05468
9.846 1.05432
9.906 1.05396
9.966 1.05361
10.026 1.05327
10.086 1.05292
10.146 1.05258
10.206 1.05225
10.266 1.05192
10.326 1.0516
10.386 1.05127
10.446 1.05096
10.506 1.05064
10.566 1.05033
10.626 1.05003
10.686 1.04973
10.746 1.04943
10.806 1.04913
10.866 1.04884
10.926 1.04855
10.986 1.04827
11.046 1.04799
11.106 1.04771
11.166 1.04743
11.226 1.04716
11.286 1.04689
11.346 1.04663
11.406 1.04637
11.466 1.04611
11.526 1.04585
11.586 1.04559
11.646 1.04534
11.706 1.0451
11.766 1.04485
11.826 1.04461
11.886 1.04437
11.946 1.04413
12.006 1.04389
12.066 1.04366
12.126 1.04343
12.186 1.0432
12.246 1.04298
12.306 1.04275
12.366 1.04253
12.426 1.04231
12.486 1.0421
12.546 1.04188
12.606 1.04167
12.666 1.04146
12.726 1.04125
12.786 1.04105
12.846 1.04084
12.906 1.04064
12.966 1.04044
13.026 1.04025
13.086 1.04005
13.146 1.03986
13.206 1.03966
13.266 1.03947
13.326 1.03929
13.386 1.0391
13.446 1.03891
13.506 1.03873
13.566 1.03855
13.626 1.03837
13.686 1.03819
13.746 1.03802
13.806 1.03784
13.866 1.03767
13.926 1.0375
13.986 1.03733
14.046 1.03716
14.106 1.03699
14.166 1.03683
14.226 1.03666
14.286 1.0365
14.346 1.03634
14.406 1.03618
14.466 1.03602
14.526 1.03586
14.586 1.03571
14.646 1.03555
14.706 1.0354
14.766 1.03525
14.826 1.0351
14.886 1.03495
14.946 1.0348
15.006 1.03466
15.066 1.03451
15.126 1.03437
15.186 1.03422
15.246 1.03408
15.306 1.03394
15.366 1.0338
15.426 1.03366
15.486 1.03353
15.546 1.03339
15.606 1.03326
15.666 1.03312
15.726 1.03299
15.786 1.03286
15.846 1.03273
15.906 1.0326
15.966 1.03247
16.026 1.03234
16.086 1.03222
16.146 1.03209
16.206 1.03197
16.266 1.03184
16.326 1.03172
16.386 1.0316
16.446 1.03148
16.506 1.03136
16.566 1.03124
16.626 1.03112
16.686 1.031
16.746 1.03089
16.806 1.03077
16.866 1.03066
16.926 1.03054
16.986 1.03043
17.046 1.03032
17.106 1.03021
17.166 1.0301
17.226 1.02999
17.286 1.02988
17.346 1.02977
17.406 1.02966
17.466 1.02956
17.526 1.02945
17.586 1.02935
17.646 1.02924
17.706 1.02914
17.766 1.02904
17.826 1.02893
17.886 1.02883
17.946 1.02873
18.006 1.02863
18.066 1.02853
18.126 1.02843
18.186 1.02834
18.246 1.02824
18.306 1.02814
18.366 1.02805
18.426 1.02795
18.486 1.02786
18.546 1.02776
18.606 1.02767
18.666 1.02758
18.726 1.02748
18.786 1.02739
18.846 1.0273
18.906 1.02721
18.966 1.02712
19.026 1.02703
19.086 1.02695
19.146 1.02686
19.206 1.02677
19.266 1.02668
19.326 1.0266
19.386 1.02651
19.446 1.02643
19.506 1.02634
19.566 1.02626
19.626 1.02617
19.686 1.02609
19.746 1.02601
19.806 1.02593
19.866 1.02585
19.926 1.02576
19.986 1.02568
20.046 1.0256
20.106 1.02553
20.166 1.02545
20.226 1.02537
20.286 1.02529
20.346 1.02521
20.406 1.02514
20.466 1.02506
20.526 1.02498
20.586 1.02491
20.646 1.02483
20.706 1.02476
20.766 1.02468
20.826 1.02461
20.886 1.02454
20.946 1.02446
21.006 1.02439
21.066 1.02432
21.126 1.02425
21.186 1.02418
21.246 1.02411
21.306 1.02404
21.366 1.02397
21.426 1.0239
21.486 1.02383
21.546 1.02376
21.606 1.02369
21.666 1.02362
21.726 1.02355
21.786 1.02349
21.846 1.02342
21.906 1.02335
21.966 1.02329
22.026 1.02322
22.086 1.02316
22.146 1.02309
22.206 1.02303
22.266 1.02296
22.326 1.0229
22.386 1.02284
22.446 1.02277
22.506 1.02271
22.566 1.02265
22.626 1.02259
22.686 1.02252
22.746 1.02246
22.806 1.0224
22.866 1.02234
22.926 1.02228
22.986 1.02222
23.046 1.02216
23.106 1.0221
23.166 1.02204
23.226 1.02198
23.286 1.02192
23.346 1.02187
23.406 1.02181
23.466 1.02175
23.526 1.02169
23.586 1.02164
23.646 1.02158
23.706 1.02152
23.766 1.02147
23.826 1.02141
23.886 1.02136
23.946 1.0213
24.006 1.02125
24.066 1.02119
24.126 1.02114
24.186 1.02108
24.246 1.02103
24.306 1.02097
24.366 1.02092
24.426 1.02087
24.486 1.02082
24.546 1.02076
24.606 1.02071
24.666 1.02066
24.726 1.02061
24.786 1.02056
24.846 1.0205
24.906 1.02045
24.966 1.0204
25.026 1.02035
25.086 1.0203
25.146 1.02025
25.206 1.0202
25.266 1.02015
25.326 1.0201
25.386 1.02006
25.446 1.02001
25.506 1.01996
25.566 1.01991
25.626 1.01986
25.686 1.01981
25.746 1.01977
25.806 1.01972
25.866 1.01967
25.926 1.01963
25.986 1.01958
26.046 1.01953
26.106 1.01949
26.166 1.01944
26.226 1.01939
26.286 1.01935
26.346 1.0193
26.406 1.01926
26.466 1.01921
26.526 1.01917
26.586 1.01912
26.646 1.01908
26.706 1.01904
26.766 1.01899
26.826 1.01895
26.886 1.0189
26.946 1.01886
27.006 1.01882
27.066 1.01878
27.126 1.01873
27.186 1.01869
27.246 1.01865
27.306 1.01861
27.366 1.01856
27.426 1.01852
27.486 1.01848
27.546 1.01844
27.606 1.0184
27.666 1.01836
27.726 1.01832
27.786 1.01828
27.846 1.01823
27.906 1.01819
27.966 1.01815
28.026 1.01811
28.086 1.01807
28.146 1.01804
28.206 1.018
28.266 1.01796
28.326 1.01792
28.386 1.01788
28.446 1.01784
28.506 1.0178
28.566 1.01776
28.626 1.01772
28.686 1.01769
28.746 1.01765
28.806 1.01761
28.866 1.01757
28.926 1.01754
28.986 1.0175
29.046 1.01746
29.106 1.01742
29.166 1.01739
29.226 1.01735
29.286 1.01731
29.346 1.01728
29.406 1.01724
29.466 1.01721
29.526 1.01717
29.586 1.01713
29.646 1.0171
29.706 1.01706
29.766 1.01703
29.826 1.01699
29.886 1.01696
29.946 1.01692
30.006 1.01689
30.066 1.01685
30.126 1.01682
30.186 1.01679
30.246 1.01675
30.306 1.01672
30.366 1.01668
30.426 1.01665
30.486 1.01662
30.546 1.01658
30.606 1.01655
30.666 1.01652
30.726 1.01648
30.786 1.01645
30.846 1.01642
30.906 1.01638
30.966 1.01635
31.026 1.01632
31.086 1.01629
31.146 1.01626
31.206 1.01622
31.266 1.01619
31.326 1.01616
31.386 1.01613
31.446 1.0161
31.506 1.01607
31.566 1.01603
31.626 1.016
31.686 1.01597
31.746 1.01594
31.806 1.01591
31.866 1.01588
31.926 1.01585
31.986 1.01582
32.046 1.01579
32.106 1.01576
32.166 1.01573
32.226 1.0157
32.286 1.01567
32.346 1.01564
32.406 1.01561
32.466 1.01558
32.526 1.01555
32.586 1.01552
32.646 1.01549
32.706 1.01546
32.766 1.01543
32.826 1.0154
32.886 1.01538
32.946 1.01535
33.006 1.01532
33.066 1.01529
33.126 1.01526
33.186 1.01523
33.246 1.01521
33.306 1.01518
33.366 1.01515
33.426 1.01512
33.486 1.01509
33.546 1.01507
33.606 1.01504
33.666 1.01501
33.726 1.01498
33.786 1.01496
33.846 1.01493
33.906 1.0149
33.966 1.01488
34.026 1.01485
34.086 1.01482
34.146 1.0148
34.206 1.01477
34.266 1.01474
34.326 1.01472
34.386 1.01469
34.446 1.01466
34.506 1.01464
34.566 1.01461
34.626 1.01459
34.686 1.01456
34.746 1.01453
34.806 1.01451
34.866 1.01448
34.926 1.01446
34.986 1.01443
35.046 1.01441
35.106 1.01438
35.166 1.01436
35.226 1.01433
35.286 1.01431
35.346 1.01428
35.406 1.01426
35.466 1.01423
35.526 1.01421
35.586 1.01418
35.646 1.01416
35.706 1.01414
35.766 1.01411
35.826 1.01409
35.886 1.01406
35.946 1.01404
36.006 1.01402
36.066 1.01399
36.126 1.01397
36.186 1.01394
36.246 1.01392
36.306 1.0139
36.366 1.01387
36.426 1.01385
36.486 1.01383
36.546 1.0138
36.606 1.01378
36.666 1.01376
36.726 1.01373
36.786 1.01371
36.846 1.01369
36.906 1.01367
36.966 1.01364
37.026 1.01362
37.086 1.0136
37.146 1.01358
37.206 1.01355
37.266 1.01353
37.326 1.01351
37.386 1.01349
37.446 1.01347
37.506 1.01344
37.566 1.01342
37.626 1.0134
37.686 1.01338
37.746 1.01336
37.806 1.01333
37.866 1.01331
37.926 1.01329
37.986 1.01327
38.046 1.01325
38.106 1.01323
38.166 1.01321
38.226 1.01318
38.286 1.01316
38.346 1.01314
38.406 1.01312
38.466 1.0131
38.526 1.01308
38.586 1.01306
38.646 1.01304
38.706 1.01302
38.766 1.013
38.826 1.01298
38.886 1.01296
38.946 1.01294
39.006 1.01292
39.066 1.0129
39.126 1.01288
39.186 1.01286
39.246 1.01284
39.306 1.01282
39.366 1.0128
39.426 1.01278
39.486 1.01276
39.546 1.01274
39.606 1.01272
39.666 1.0127
39.726 1.01268
39.786 1.01266
39.846 1.01264
39.906 1.01262
39.966 1.0126
40.026 1.01258
40.086 1.01256
40.146 1.01254
40.206 1.01252
40.266 1.0125
40.326 1.01249
40.386 1.01247
40.446 1.01245
40.506 1.01243
40.566 1.01241
40.626 1.01239
40.686 1.01237
40.746 1.01235
40.806 1.01234
40.866 1.01232
40.926 1.0123
40.986 1.01228
41.046 1.01226
41.106 1.01224
41.166 1.01223
41.226 1.01221
41.286 1.01219
41.346 1.01217
41.406 1.01215
41.466 1.01214
41.526 1.01212
41.586 1.0121
41.646 1.01208
41.706 1.01206
41.766 1.01205
41.826 1.01203
41.886 1.01201
41.946 1.01199
42.006 1.01198
42.066 1.01196
42.126 1.01194
42.186 1.01193
42.246 1.01191
42.306 1.01189
42.366 1.01187
42.426 1.01186
42.486 1.01184
42.546 1.01182
42.606 1.01181
42.666 1.01179
42.726 1.01177
42.786 1.01175
42.846 1.01174
42.906 1.01172
42.966 1.0117
43.026 1.01169
43.086 1.01167
43.146 1.01166
43.206 1.01164
43.266 1.01162
43.326 1.01161
43.386 1.01159
43.446 1.01157
43.506 1.01156
43.566 1.01154
43.626 1.01152
43.686 1.01151
43.746 1.01149
43.806 1.01148
43.866 1.01146
43.926 1.01144
43.986 1.01143
44.046 1.01141
44.106 1.0114
44.166 1.01138
44.226 1.01137
44.286 1.01135
44.346 1.01133
44.406 1.01132
44.466 1.0113
44.526 1.01129
44.586 1.01127
44.646 1.01126
44.706 1.01124
44.766 1.01123
44.826 1.01121
44.886 1.0112
44.946 1.01118
45.006 1.01117
45.066 1.01115
45.126 1.01114
45.186 1.01112
45.246 1.01111
45.306 1.01109
45.366 1.01108
45.426 1.01106
45.486 1.01105
45.546 1.01103
45.606 1.01102
45.666 1.011
45.726 1.01099
45.786 1.01097
45.846 1.01096
45.906 1.01094
45.966 1.01093
46.026 1.01091
46.086 1.0109
46.146 1.01088
46.206 1.01087
46.266 1.01086
46.326 1.01084
46.386 1.01083
46.446 1.01081
46.506 1.0108
46.566 1.01079
46.626 1.01077
46.686 1.01076
46.746 1.01074
46.806 1.01073
46.866 1.01072
46.926 1.0107
46.986 1.01069
47.046 1.01067
47.106 1.01066
47.166 1.01065
47.226 1.01063
47.286 1.01062
47.346 1.0106
47.406 1.01059
47.466 1.01058
47.526 1.01056
47.586 1.01055
47.646 1.01054
47.706 1.01052
47.766 1.01051
47.826 1.0105
47.886 1.01048
47.946 1.01047
48.006 1.01046
48.066 1.01044
48.126 1.01043
48.186 1.01042
48.246 1.0104
48.306 1.01039
48.366 1.01038
48.426 1.01036
48.486 1.01035
48.546 1.01034
48.606 1.01033
48.666 1.01031
48.726 1.0103
48.786 1.01029
48.846 1.01027
48.906 1.01026
48.966 1.01025
49.026 1.01024
49.086 1.01022
49.146 1.01021
49.206 1.0102
49.266 1.01019
49.326 1.01017
49.386 1.01016
49.446 1.01015
49.506 1.01013
49.566 1.01012
49.626 1.01011
49.686 1.0101
49.746 1.01009
49.806 1.01007
49.866 1.01006
49.926 1.01005
49.986 1.01004
50.046 1.01002
50.106 1.01001
50.166 1.01
50.226 1.00999
50.286 1.00998
50.346 1.00996
50.406 1.00995
50.466 1.00994
50.526 1.00993
50.586 1.00992
50.646 1.0099
50.706 1.00989
50.766 1.00988
50.826 1.00987
50.886 1.00986
50.946 1.00984
51.006 1.00983
51.066 1.00982
51.126 1.00981
51.186 1.0098
51.246 1.00979
51.306 1.00977
51.366 1.00976
51.426 1.00975
51.486 1.00974
51.546 1.00973
51.606 1.00972
51.666 1.0097
51.726 1.00969
51.786 1.00968
51.846 1.00967
51.906 1.00966
51.966 1.00965
52.026 1.00964
52.086 1.00963
52.146 1.00961
52.206 1.0096
52.266 1.00959
52.326 1.00958
52.386 1.00957
52.446 1.00956
52.506 1.00955
52.566 1.00954
52.626 1.00953
52.686 1.00951
52.746 1.0095
52.806 1.00949
52.866 1.00948
52.926 1.00947
52.986 1.00946
53.046 1.00945
53.106 1.00944
53.166 1.00943
53.226 1.00942
53.286 1.00941
53.346 1.0094
53.406 1.00938
53.466 1.00937
53.526 1.00936
53.586 1.00935
53.646 1.00934
53.706 1.00933
53.766 1.00932
53.826 1.00931
53.886 1.0093
53.946 1.00929
54.006 1.00928
54.066 1.00927
54.126 1.00926
54.186 1.00925
54.246 1.00924
54.306 1.00923
54.366 1.00922
54.426 1.00921
54.486 1.0092
54.546 1.00919
54.606 1.00918
54.666 1.00917
54.726 1.00915
54.786 1.00914
54.846 1.00913
54.906 1.00912
54.966 1.00911
55.026 1.0091
55.086 1.00909
55.146 1.00908
55.206 1.00907
55.266 1.00906
55.326 1.00905
55.386 1.00904
55.446 1.00903
55.506 1.00902
55.566 1.00901
55.626 1.009
55.686 1.00899
55.746 1.00899
55.806 1.00898
55.866 1.00897
55.926 1.00896
55.986 1.00895
56.046 1.00894
56.106 1.00893
56.166 1.00892
56.226 1.00891
56.286 1.0089
56.346 1.00889
56.406 1.00888
56.466 1.00887
56.526 1.00886
56.586 1.00885
56.646 1.00884
56.706 1.00883
56.766 1.00882
56.826 1.00881
56.886 1.0088
56.946 1.00879
57.006 1.00878
57.066 1.00877
57.126 1.00877
57.186 1.00876
57.246 1.00875
57.306 1.00874
57.366 1.00873
57.426 1.00872
57.486 1.00871
57.546 1.0087
57.606 1.00869
57.666 1.00868
57.726 1.00867
57.786 1.00866
57.846 1.00865
57.906 1.00865
57.966 1.00864
58.026 1.00863
58.086 1.00862
58.146 1.00861
58.206 1.0086
58.266 1.00859
58.326 1.00858
58.386 1.00857
58.446 1.00856
58.506 1.00856
58.566 1.00855
58.626 1.00854
58.686 1.00853
58.746 1.00852
58.806 1.00851
58.866 1.0085
58.926 1.00849
58.986 1.00849
59.046 1.00848
59.106 1.00847
59.166 1.00846
59.226 1.00845
59.286 1.00844
59.346 1.00843
59.406 1.00842
59.466 1.00842
59.526 1.00841
59.586 1.0084
59.646 1.00839
59.706 1.00838
59.766 1.00837
59.826 1.00836
59.886 1.00836
59.946 1.00835

