0.006 1
0.066 1.00342
0.126 1.01228
0.186 1.02613
0.246 1.0442
0.306 1.06553
0.366 1.08903
0.426 1.11359
0.486 1.13812
0.546 1.16173
0.606 1.18368
0.666 1.2035
0.726 1.22094
0.786 1.23595
0.846 1.24867
0.906 1.25932
0.966 1.26823
1.026 1.27574
1.086 1.28218
1.146 1.28784
1.206 1.29292
1.266 1.29749
1.326 1.30153
1.386 1.30469
1.446 1.3065
1.506 1.30672
1.566 1.30538
1.626 1.30264
1.686 1.29874
1.746 1.29391
1.806 1.28839
1.866 1.28235
1.926 1.27598
1.986 1.26939
2.046 1.26271
2.106 1.25602
2.166 1.24937
2.226 1.24283
2.286 1.23642
2.346 1.23017
2.406 1.22411
2.466 1.21824
2.526 1.21257
2.586 1.20709
2.646 1.20183
2.706 1.19675
2.766 1.19188
2.826 1.18719
2.886 1.18269
2.946 1.17837
3.006 1.17421
3.066 1.17022
3.126 1.16639
3.186 1.16271
3.246 1.15916
3.306 1.15576
3.366 1.15248
3.426 1.14933
3.486 1.1463
3.546 1.14338
3.606 1.14057
3.666 1.13785
3.726 1.13524
3.786 1.13272
3.846 1.13028
3.906 1.12793
3.966 1.12566
4.026 1.12347
4.086 1.12135
4.146 1.11929
4.206 1.11731
4.266 1.11539
4.326 1.11352
4.386 1.11172
4.446 1.10997
4.506 1.10827
4.566 1.10663
4.626 1.10503
4.686 1.10348
4.746 1.10197
4.806 1.10051
4.866 1.09909
4.926 1.09771
4.986 1.09636
5.046 1.09505
5.106 1.09378
5.166 1.09253
5.226 1.09133
5.286 1.09015
5.346 1.089
5.406 1.08788
5.466 1.08679
5.526 1.08572
5.586 1.08468
5.646 1.08367
5.706 1.08268
5.766 1.08171
5.826 1.08077
5.886 1.07984
5.946 1.07894
6.006 1.07806
6.066 1.07719
6.126 1.07635
6.186 1.07552
6.246 1.07472
6.306 1.07392
6.366 1.07315
6.426 1.07239
6.486 1.07165
6.546 1.07092
6.606 1.07021
6.666 1.06951
6.726 1.06882
6.786 1.06815
6.846 1.06749
6.906 1.06684
6.966 1.06621
7.026 1.06559
7.086 1.06498
7.146 1.06438
7.206 1.06379
7.266 1.06321
7.326 1.06265
7.386 1.06209
7.446 1.06154
7.506 1.061
7.566 1.06047
7.626 1.05995
7.686 1.05944
7.746 1.05894
7.806 1.05845
7.866 1.05796
7.926 1.05749
7.986 1.05702
8.046 1.05655
8.106 1.0561
8.166 1.05565
8.226 1.05521
8.286 1.05478
8.346 1.05435
8.406 1.05393
8.466 1.05352
8.526 1.05311
8.586 1.05271
8.646 1.05232
8.706 1.05193
8.766 1.05154
8.826 1.05117
8.886 1.05079
8.946 1.05043
9.006 1.05007
9.066 1.04971
9.126 1.04936
9.186 1.04901
9.246 1.04867
9.306 1.04833
9.366 1.048
9.426 1.04767
9.486 1.04735
9.546 1.04703
9.606 1.04672
9.666 1.04641
9.726 1.0461
9.786 1.0458
9.846 1.0455
9.906 1.0452
9.966 1.04491
10.026 1.04463
10.086 1.04434
10.146 1.04406
10.206 1.04379
10.266 1.04351
10.326 1.04324
10.386 1.04298
10.446 1.04271
10.506 1.04246
10.566 1.0422
10.626 1.04194
10.686 1.04169
10.746 1.04145
10.806 1.0412
10.866 1.04096
10.926 1.04072
10.986 1.04049
11.046 1.04025
11.106 1.04002
11.166 1.03979
11.226 1.03957
11.286 1.03935
11.346 1.03912
11.406 1.03891
11.466 1.03869
11.526 1.03848
11.586 1.03827
11.646 1.03806
11.706 1.03785
11.766 1.03765
11.826 1.03745
11.886 1.03725
11.946 1.03705
12.006 1.03685
12.066 1.03666
12.126 1.03647
12.186 1.03628
12.246 1.03609
12.306 1.03591
12.366 1.03572
12.426 1.03554
12.486 1.03536
12.546 1.03518
12.606 1.03501
12.666 1.03483
12.726 1.03466
12.786 1.03449
12.846 1.03432
12.906 1.03415
12.966 1.03398
13.026 1.03382
13.086 1.03366
13.146 1.0335
13.206 1.03334
13.266 1.03318
13.326 1.03302
13.386 1.03286
13.446 1.03271
13.506 1.03256
13.566 1.03241
13.626 1.03226
13.686 1.03211
13.746 1.03196
13.806 1.03182
13.866 1.03167
13.926 1.03153
13.986 1.03139
14.046 1.03125
14.106 1.03111
14.166 1.03097
14.226 1.03083
14.286 1.0307
14.346 1.03056
14.406 1.03043
14.466 1.0303
14.526 1.03017
14.586 1.03004
14.646 1.02991
14.706 1.02978
14.766 1.02966
14.826 1.02953
14.886 1.02941
14.946 1.02928
15.006 1.02916
15.066 1.02904
15.126 1.02892
15.186 1.0288
15.246 1.02868
15.306 1.02856
15.366 1.02845
15.426 1.02833
15.486 1.02822
15.546 1.0281
15.606 1.02799
15.666 1.02788
15.726 1.02777
15.786 1.02766
15.846 1.02755
15.906 1.02744
15.966 1.02733
16.026 1.02723
16.086 1.02712
16.146 1.02702
16.206 1.02691
16.266 1.02681
16.326 1.02671
16.386 1.02661
16.446 1.0265
16.506 1.0264
16.566 1.0263
16.626 1.02621
16.686 1.02611
16.746 1.02601
16.806 1.02591
16.866 1.02582
16.926 1.02572
16.986 1.02563
17.046 1.02554
17.106 1.02544
17.166 1.02535
17.226 1.02526
17.286 1.02517
17.346 1.02508
17.406 1.02499
17.466 1.0249
17.526 1.02481
17.586 1.02472
17.646 1.02463
17.706 1.02455
17.766 1.02446
17.826 1.02438
17.886 1.02429
17.946 1.02421
18.006 1.02412
18.066 1.02404
18.126 1.02396
18.186 1.02388
18.246 1.0238
18.306 1.02371
18.366 1.02363
18.426 1.02355
18.486 1.02348
18.546 1.0234
18.606 1.02332
18.666 1.02324
18.726 1.02316
18.786 1.02309
18.846 1.02301
18.906 1.02294
18.966 1.02286
19.026 1.02279
19.086 1.02271
19.146 1.02264
19.206 1.02257
19.266 1.02249
19.326 1.02242
19.386 1.02235
19.446 1.02228
19.506 1.02221
19.566 1.02214
19.626 1.02207
19.686 1.022
19.746 1.02193
19.806 1.02186
19.866 1.02179
19.926 1.02172
19.986 1.02166
20.046 1.02159
20.106 1.02152
20.166 1.02146
20.226 1.02139
20.286 1.02133
20.346 1.02126
20.406 1.0212
20.466 1.02113
20.526 1.02107
20.586 1.021
20.646 1.02094
20.706 1.02088
20.766 1.02082
20.826 1.02076
20.886 1.02069
20.946 1.02063
21.006 1.02057
21.066 1.02051
21.126 1.02045
21.186 1.02039
21.246 1.02033
21.306 1.02027
21.366 1.02021
21.426 1.02016
21.486 1.0201
21.546 1.02004
21.606 1.01998
21.666 1.01993
21.726 1.01987
21.786 1.01981
21.846 1.01976
21.906 1.0197
21.966 1.01965
22.026 1.01959
22.086 1.01954
22.146 1.01948
22.206 1.01943
22.266 1.01937
22.326 1.01932
22.386 1.01927
22.446 1.01921
22.506 1.01916
22.566 1.01911
22.626 1.01906
22.686 1.019
22.746 1.01895
22.806 1.0189
22.866 1.01885
22.926 1.0188
22.986 1.01875
23.046 1.0187
23.106 1.01865
23.166 1.0186
23.226 1.01855
23.286 1.0185
23.346 1.01845
23.406 1.0184
23.466 1.01836
23.526 1.01831
23.586 1.01826
23.646 1.01821
23.706 1.01816
23.766 1.01812
23.826 1.01807
23.886 1.01802
23.946 1.01798
24.006 1.01793
24.066 1.01789
24.126 1.01784
24.186 1.01779
24.246 1.01775
24.306 1.0177
24.366 1.01766
24.426 1.01761
24.486 1.01757
24.546 1.01753
24.606 1.01748
24.666 1.01744
24.726 1.0174
24.786 1.01735
24.846 1.01731
24.906 1.01727
24.966 1.01722
25.026 1.01718
25.086 1.01714
25.146 1.0171
25.206 1.01706
25.266 1.01701
25.326 1.01697
25.386 1.01693
25.446 1.01689
25.506 1.01685
25.566 1.01681
25.626 1.01677
25.686 1.01673
25.746 1.01669
25.806 1.01665
25.866 1.01661
25.926 1.01657
25.986 1.01653
26.046 1.01649
26.106 1.01645
26.166 1.01641
26.226 1.01638
26.286 1.01634
26.346 1.0163
26.406 1.01626
26.466 1.01622
26.526 1.01619
26.586 1.01615
26.646 1.01611
26.706 1.01607
26.766 1.01604
26.826 1.016
26.886 1.01596
26.946 1.01593
27.006 1.01589
27.066 1.01586
27.126 1.01582
27.186 1.01578
27.246 1.01575
27.306 1.01571
27.366 1.01568
27.426 1.01564
27.486 1.01561
27.546 1.01557
27.606 1.01554
27.666 1.0155
27.726 1.01547
27.786 1.01544
27.846 1.0154
27.906 1.01537
27.966 1.01533
28.026 1.0153
28.086 1.01527
28.146 1.01523
28.206 1.0152
28.266 1.01517
28.326 1.01513
28.386 1.0151
28.446 1.01507
28.506 1.01504
28.566 1.015
28.626 1.01497
28.686 1.01494
28.746 1.01491
28.806 1.01488
28.866 1.01484
28.926 1.01481
28.986 1.01478
29.046 1.01475
29.106 1.01472
29.166 1.01469
29.226 1.01466
29.286 1.01463
29.346 1.0146
29.406 1.01457
29.466 1.01454
29.526 1.01451
29.586 1.01448
29.646 1.01445
29.706 1.01442
29.766 1.01439
29.826 1.01436
29.886 1.01433
29.946 1.0143
30.006 1.01427
30.066 1.01424
30.126 1.01421
30.186 1.01418
30.246 1.01415
30.306 1.01412
30.366 1.0141
30.426 1.01407
30.486 1.01404
30.546 1.01401
30.606 1.01398
30.666 1.01396
30.726 1.01393
30.786 1.0139
30.846 1.01387
30.906 1.01384
30.966 1.01382
31.026 1.01379
31.086 1.01376
31.146 1.01374
31.206 1.01371
31.266 1.01368
31.326 1.01366
31.386 1.01363
31.446 1.0136
31.506 1.01358
31.566 1.01355
31.626 1.01352
31.686 1.0135
31.746 1.01347
31.806 1.01344
31.866 1.01342
31.926 1.01339
31.986 1.01337
32.046 1.01334
32.106 1.01332
32.166 1.01329
32.226 1.01327
32.286 1.01324
32.346 1.01322
32.406 1.01319
32.466 1.01317
32.526 1.01314
32.586 1.01312
32.646 1.01309
32.706 1.01307
32.766 1.01304
32.826 1.01302
32.886 1.01299
32.946 1.01297
33.006 1.01295
33.066 1.01292
33.126 1.0129
33.186 1.01287
33.246 1.01285
33.306 1.01283
33.366 1.0128
33.426 1.01278
33.486 1.01276
33.546 1.01273
33.606 1.01271
33.666 1.01269
33.726 1.01266
33.786 1.01264
33.846 1.01262
33.906 1.0126
33.966 1.01257
34.026 1.01255
34.086 1.01253
34.146 1.01251
34.206 1.01248
34.266 1.01246
34.326 1.01244
34.386 1.01242
34.446 1.0124
34.506 1.01237
34.566 1.01235
34.626 1.01233
34.686 1.01231
34.746 1.01229
34.806 1.01226
34.866 1.01224
34.926 1.01222
34.986 1.0122
35.046 1.01218
35.106 1.01216
35.166 1.01214
35.226 1.01212
35.286 1.01209
35.346 1.01207
35.406 1.01205
35.466 1.01203
35.526 1.01201
35.586 1.01199
35.646 1.01197
35.706 1.01195
35.766 1.01193
35.826 1.01191
35.886 1.01189
35.946 1.01187
36.006 1.01185
36.066 1.01183
36.126 1.01181
36.186 1.01179
36.246 1.01177
36.306 1.01175
36.366 1.01173
36.426 1.01171
36.486 1.01169
36.546 1.01167
36.606 1.01165
36.666 1.01163
36.726 1.01161
36.786 1.01159
36.846 1.01157
36.906 1.01155
36.966 1.01154
37.026 1.01152
37.086 1.0115
37.146 1.01148
37.206 1.01146
37.266 1.01144
37.326 1.01142
37.386 1.0114
37.446 1.01139
37.506 1.01137
37.566 1.01135
37.626 1.01133
37.686 1.01131
37.746 1.01129
37.806 1.01127
37.866 1.01126
37.926 1.01124
37.986 1.01122
38.046 1.0112
38.106 1.01118
38.166 1.01117
38.226 1.01115
38.286 1.01113
38.346 1.01111
38.406 1.0111
38.466 1.01108
38.526 1.01106
38.586 1.01104
38.646 1.01103
38.706 1.01101
38.766 1.01099
38.826 1.01097
38.886 1.01096
38.946 1.01094
39.006 1.01092
39.066 1.01091
39.126 1.01089
39.186 1.01087
39.246 1.01085
39.306 1.01084
39.366 1.01082
39.426 1.0108
39.486 1.01079
39.546 1.01077
39.606 1.01075
39.666 1.01074
39.726 1.01072
39.786 1.0107
39.846 1.01069
39.906 1.01067
39.966 1.01066
40.026 1.01064
40.086 1.01062
40.146 1.01061
40.206 1.01059
40.266 1.01058
40.326 1.01056
40.386 1.01054
40.446 1.01053
40.506 1.01051
40.566 1.0105
40.626 1.01048
40.686 1.01046
40.746 1.01045
40.806 1.01043
40.866 1.01042
40.926 1.0104
40.986 1.01039
41.046 1.01037
41.106 1.01036
41.166 1.01034
41.226 1.01032
41.286 1.01031
41.346 1.01029
41.406 1.01028
41.466 1.01026
41.526 1.01025
41.586 1.01023
41.646 1.01022
41.706 1.0102
41.766 1.01019
41.826 1.01017
41.886 1.01016
41.946 1.01015
42.006 1.01013
42.066 1.01012
42.126 1.0101
42.186 1.01009
42.246 1.01007
42.306 1.01006
42.366 1.01004
42.426 1.01003
42.486 1.01001
42.546 1.01
42.606 1.00999
42.666 1.00997
42.726 1.00996
42.786 1.00994
42.846 1.00993
42.906 1.00991
42.966 1.0099
43.026 1.00989
43.086 1.00987
43.146 1.00986
43.206 1.00984
43.266 1.00983
43.326 1.00982
43.386 1.0098
43.446 1.00979
43.506 1.00978
43.566 1.00976
43.626 1.00975
43.686 1.00974
43.746 1.00972
43.806 1.00971
43.866 1.00969
43.926 1.00968
43.986 1.00967
44.046 1.00965
44.106 1.00964
44.166 1.00963
44.226 1.00961
44.286 1.0096
44.346 1.00959
44.406 1.00957
44.466 1.00956
44.526 1.00955
44.586 1.00954
44.646 1.00952
44.706 1.00951
44.766 1.0095
44.826 1.00948
44.886 1.00947
44.946 1.00946
45.006 1.00945
45.066 1.00943
45.126 1.00942
45.186 1.00941
45.246 1.00939
45.306 1.00938
45.366 1.00937
45.426 1.00936
45.486 1.00934
45.546 1.00933
45.606 1.00932
45.666 1.00931
45.726 1.00929
45.786 1.00928
45.846 1.00927
45.906 1.00926
45.966 1.00925
46.026 1.00923
46.086 1.00922
46.146 1.00921
46.206 1.0092
46.266 1.00918
46.326 1.00917
46.386 1.00916
46.446 1.00915
46.506 1.00914
46.566 1.00912
46.626 1.00911
46.686 1.0091
46.746 1.00909
46.806 1.00908
46.866 1.00907
46.926 1.00905
46.986 1.00904
47.046 1.00903
47.106 1.00902
47.166 1.00901
47.226 1.009
47.286 1.00898
47.346 1.00897
47.406 1.00896
47.466 1.00895
47.526 1.00894
47.586 1.00893
47.646 1.00892
47.706 1.0089
47.766 1.00889
47.826 1.00888
47.886 1.00887
47.946 1.00886
48.006 1.00885
48.066 1.00884
48.126 1.00882
48.186 1.00881
48.246 1.0088
48.306 1.00879
48.366 1.00878
48.426 1.00877
48.486 1.00876
48.546 1.00875
48.606 1.00874
48.666 1.00873
48.726 1.00871
48.786 1.0087
48.846 1.00869
48.906 1.00868
48.966 1.00867
49.026 1.00866
49.086 1.00865
49.146 1.00864
49.206 1.00863
49.266 1.00862
49.326 1.00861
49.386 1.0086
49.446 1.00859
49.506 1.00858
49.566 1.00857
49.626 1.00855
49.686 1.00854
49.746 1.00853
49.806 1.00852
49.866 1.00851
49.926 1.0085
49.986 1.00849
50.046 1.00848
50.106 1.00847
50.166 1.00846
50.226 1.00845
50.286 1.00844
50.346 1.00843
50.406 1.00842
50.466 1.00841
50.526 1.0084
50.586 1.00839
50.646 1.00838
50.706 1.00837
50.766 1.00836
50.826 1.00835
50.886 1.00834
50.946 1.00833
51.006 1.00832
51.066 1.00831
51.126 1.0083
51.186 1.00829
51.246 1.00828
51.306 1.00827
51.366 1.00826
51.426 1.00825
51.486 1.00824
51.546 1.00823
51.606 1.00822
51.666 1.00821
51.726 1.0082
51.786 1.00819
51.846 1.00818
51.906 1.00817
51.966 1.00816
52.026 1.00816
52.086 1.00815
52.146 1.00814
52.206 1.00813
52.266 1.00812
52.326 1.00811
52.386 1.0081
52.446 1.00809
52.506 1.00808
52.566 1.00807
52.626 1.00806
52.686 1.00805
52.746 1.00804
52.806 1.00803
52.866 1.00802
52.926 1.00801
52.986 1.00801
53.046 1.008
53.106 1.00799
53.166 1.00798
53.226 1.00797
53.286 1.00796
53.346 1.00795
53.406 1.00794
53.466 1.00793
53.526 1.00792
53.586 1.00792
53.646 1.00791
53.706 1.0079
53.766 1.00789
53.826 1.00788
53.886 1.00787
53.946 1.00786
54.006 1.00785
54.066 1.00784
54.126 1.00784
54.186 1.00783
54.246 1.00782
54.306 1.00781
54.366 1.0078
54.426 1.00779
54.486 1.00778
54.546 1.00777
54.606 1.00777
54.666 1.00776
54.726 1.00775
54.786 1.00774
54.846 1.00773
54.906 1.00772
54.966 1.00771
55.026 1.00771
55.086 1.0077
55.146 1.00769
55.206 1.00768
55.266 1.00767
55.326 1.00766
55.386 1.00765
55.446 1.00765
55.506 1.00764
55.566 1.00763
55.626 1.00762
55.686 1.00761
55.746 1.0076
55.806 1.0076
55.866 1.00759
55.926 1.00758
55.986 1.00757
56.046 1.00756
56.106 1.00756
56.166 1.00755
56.226 1.00754
56.286 1.00753
56.346 1.00752
56.406 1.00751
56.466 1.00751
56.526 1.0075
56.586 1.00749
56.646 1.00748
56.706 1.00747
56.766 1.00747
56.826 1.00746
56.886 1.00745
56.946 1.00744
57.006 1.00743
57.066 1.00743
57.126 1.00742
57.186 1.00741
57.246 1.0074
57.306 1.0074
57.366 1.00739
57.426 1.00738
57.486 1.00737
57.546 1.00736
57.606 1.00736
57.666 1.00735
57.726 1.00734
57.786 1.00733
57.846 1.00733
57.906 1.00732
57.966 1.00731
58.026 1.0073
58.086 1.0073
58.146 1.00729
58.206 1.00728
58.266 1.00727
58.326 1.00726
58.386 1.00726
58.446 1.00725
58.506 1.00724
58.566 1.00723
58.626 1.00723
58.686 1.00722
58.746 1.00721
58.806 1.0072
58.866 1.0072
58.926 1.00719
58.986 1.00718
59.046 1.00718
59.106 1.00717
59.166 1.00716
59.226 1.00715
59.286 1.00715
59.346 1.00714
59.406 1.00713
59.466 1.00712
59.526 1.00712
59.586 1.00711
59.646 1.0071
59.706 1.0071
59.766 1.00709
59.826 1.00708
59.886 1.00707
59.946 1.00707

