0.006 0.536234
0.066 0.536681
0.126 0.537876
0.186 0.539809
0.246 0.542468
0.306 0.545834
0.366 0.549885
0.426 0.554594
0.486 0.559929
0.546 0.565853
0.606 0.572326
0.666 0.579302
0.726 0.586734
0.786 0.594569
0.846 0.602751
0.906 0.611223
0.966 0.619927
1.026 0.6288
1.086 0.637783
1.146 0.646813
1.206 0.655834
1.266 0.66479
1.326 0.67363
1.386 0.682314
1.446 0.690806
1.506 0.699081
1.566 0.70712
1.626 0.714912
1.686 0.722448
1.746 0.729725
1.806 0.736743
1.866 0.743505
1.926 0.750015
1.986 0.756279
2.046 0.762305
2.106 0.7681
2.166 0.773672
2.226 0.779032
2.286 0.784187
2.346 0.789146
2.406 0.793918
2.466 0.798513
2.526 0.802937
2.586 0.807199
2.646 0.811307
2.706 0.815267
2.766 0.819088
2.826 0.822775
2.886 0.826335
2.946 0.829774
3.006 0.833097
3.066 0.83631
3.126 0.839417
3.186 0.842424
3.246 0.845334
3.306 0.848153
3.366 0.850883
3.426 0.853529
3.486 0.856094
3.546 0.858582
3.606 0.860995
3.666 0.863336
3.726 0.865609
3.786 0.867816
3.846 0.869959
3.906 0.872041
3.966 0.874064
4.026 0.876029
4.086 0.87794
4.146 0.879798
4.206 0.881605
4.266 0.883361
4.326 0.88507
4.386 0.886733
4.446 0.88835
4.506 0.889924
4.566 0.891455
4.626 0.892945
4.686 0.894396
4.746 0.895807
4.806 0.897182
4.866 0.898521
4.926 0.899825
4.986 0.901096
5.046 0.902335
5.106 0.903543
5.166 0.904722
5.226 0.905873
5.286 0.906996
5.346 0.908092
5.406 0.909163
5.466 0.910209
5.526 0.911231
5.586 0.91223
5.646 0.913207
5.706 0.914163
5.766 0.915097
5.826 0.916012
5.886 0.916906
5.946 0.917782
6.006 0.91864
6.066 0.91948
6.126 0.920303
6.186 0.921109
6.246 0.921899
6.306 0.922673
6.366 0.923432
6.426 0.924176
6.486 0.924906
6.546 0.925622
6.606 0.926324
6.666 0.927014
6.726 0.92769
6.786 0.928354
6.846 0.929006
6.906 0.929646
6.966 0.930275
7.026 0.930892
7.086 0.931499
7.146 0.932095
7.206 0.932681
7.266 0.933257
7.326 0.933823
7.386 0.934379
7.446 0.934926
7.506 0.935465
7.566 0.935994
7.626 0.936514
7.686 0.937027
7.746 0.937531
7.806 0.938027
7.866 0.938515
7.926 0.938996
7.986 0.939469
8.046 0.939934
8.106 0.940393
8.166 0.940845
8.226 0.94129
8.286 0.941728
8.346 0.94216
8.406 0.942585
8.466 0.943005
8.526 0.943418
8.586 0.943825
8.646 0.944226
8.706 0.944622
8.766 0.945012
8.826 0.945396
8.886 0.945776
8.946 0.94615
9.006 0.946519
9.066 0.946883
9.126 0.947242
9.186 0.947596
9.246 0.947945
9.306 0.94829
9.366 0.94863
9.426 0.948966
9.486 0.949297
9.546 0.949624
9.606 0.949947
9.666 0.950266
9.726 0.950581
9.786 0.950892
9.846 0.951199
9.906 0.951502
9.966 0.951801
10.026 0.952097
10.086 0.952389
10.146 0.952678
10.206 0.952963
10.266 0.953244
10.326 0.953523
10.386 0.953798
10.446 0.954069
10.506 0.954338
10.566 0.954603
10.626 0.954866
10.686 0.955125
10.746 0.955382
10.806 0.955635
10.866 0.955886
10.926 0.956134
10.986 0.956379
11.046 0.956621
11.106 0.956861
11.166 0.957098
11.226 0.957332
11.286 0.957564
11.346 0.957793
11.406 0.95802
11.466 0.958244
11.526 0.958467
11.586 0.958686
11.646 0.958904
11.706 0.959119
11.766 0.959332
11.826 0.959542
11.886 0.959751
11.946 0.959957
12.006 0.960162
12.066 0.960364
12.126 0.960564
12.186 0.960762
12.246 0.960958
12.306 0.961152
12.366 0.961345
12.426 0.961535
12.486 0.961724
12.546 0.96191
12.606 0.962095
12.666 0.962278
12.726 0.96246
12.786 0.962639
12.846 0.962817
12.906 0.962993
12.966 0.963168
13.026 0.963341
13.086 0.963512
13.146 0.963682
13.206 0.96385
13.266 0.964016
13.326 0.964181
13.386 0.964345
13.446 0.964507
13.506 0.964667
13.566 0.964826
13.626 0.964984
13.686 0.96514
13.746 0.965295
13.806 0.965449
13.866 0.965601
13.926 0.965752
13.986 0.965901
14.046 0.96605
14.106 0.966196
14.166 0.966342
14.226 0.966487
14.286 0.96663
14.346 0.966772
14.406 0.966912
14.466 0.967052
14.526 0.96719
14.586 0.967328
14.646 0.967464
14.706 0.967599
14.766 0.967733
14.826 0.967865
14.886 0.967997
14.946 0.968128
15.006 0.968257
15.066 0.968386
15.126 0.968513
15.186 0.96864
15.246 0.968765
15.306 0.968889
15.366 0.969013
15.426 0.969135
15.486 0.969257
15.546 0.969377
15.606 0.969497
15.666 0.969615
15.726 0.969733
15.786 0.96985
15.846 0.969966
15.906 0.970081
15.966 0.970195
16.026 0.970308
16.086 0.970421
16.146 0.970532
16.206 0.970643
16.266 0.970753
16.326 0.970862
16.386 0.970971
16.446 0.971078
16.506 0.971185
16.566 0.971291
16.626 0.971396
16.686 0.9715
16.746 0.971604
16.806 0.971707
16.866 0.971809
16.926 0.97191
16.986 0.972011
17.046 0.972111
17.106 0.97221
17.166 0.972308
17.226 0.972406
17.286 0.972503
17.346 0.9726
17.406 0.972696
17.466 0.972791
17.526 0.972885
17.586 0.972979
17.646 0.973072
17.706 0.973165
17.766 0.973256
17.826 0.973348
17.886 0.973438
17.946 0.973528
18.006 0.973618
18.066 0.973707
18.126 0.973795
18.186 0.973882
18.246 0.973969
18.306 0.974056
18.366 0.974142
18.426 0.974227
18.486 0.974312
18.546 0.974396
18.606 0.97448
18.666 0.974563
18.726 0.974645
18.786 0.974727
18.846 0.974809
18.906 0.97489
18.966 0.97497
19.026 0.97505
19.086 0.97513
19.146 0.975209
19.206 0.975287
19.266 0.975365
19.326 0.975442
19.386 0.975519
19.446 0.975596
19.506 0.975672
19.566 0.975747
19.626 0.975822
19.686 0.975897
19.746 0.975971
19.806 0.976045
19.866 0.976118
19.926 0.976191
19.986 0.976263
20.046 0.976335
20.106 0.976407
20.166 0.976478
20.226 0.976548
20.286 0.976618
20.346 0.976688
20.406 0.976758
20.466 0.976827
20.526 0.976895
20.586 0.976963
20.646 0.977031
20.706 0.977098
20.766 0.977165
20.826 0.977232
20.886 0.977298
20.946 0.977364
21.006 0.977429
21.066 0.977494
21.126 0.977559
21.186 0.977623
21.246 0.977687
21.306 0.977751
21.366 0.977814
21.426 0.977877
21.486 0.977939
21.546 0.978001
21.606 0.978063
21.666 0.978124
21.726 0.978185
21.786 0.978246
21.846 0.978307
21.906 0.978367
21.966 0.978426
22.026 0.978486
22.086 0.978545
22.146 0.978604
22.206 0.978662
22.266 0.97872
22.326 0.978778
22.386 0.978836
22.446 0.978893
22.506 0.97895
22.566 0.979006
22.626 0.979062
22.686 0.979118
22.746 0.979174
22.806 0.979229
22.866 0.979285
22.926 0.979339
22.986 0.979394
23.046 0.979448
23.106 0.979502
23.166 0.979556
23.226 0.979609
23.286 0.979662
23.346 0.979715
23.406 0.979767
23.466 0.97982
23.526 0.979872
23.586 0.979923
23.646 0.979975
23.706 0.980026
23.766 0.980077
23.826 0.980128
23.886 0.980178
23.946 0.980228
24.006 0.980278
24.066 0.980328
24.126 0.980377
24.186 0.980426
24.246 0.980475
24.306 0.980524
24.366 0.980572
24.426 0.980621
24.486 0.980669
24.546 0.980716
24.606 0.980764
24.666 0.980811
24.726 0.980858
24.786 0.980905
24.846 0.980951
24.906 0.980998
24.966 0.981044
25.026 0.98109
25.086 0.981135
25.146 0.981181
25.206 0.981226
25.266 0.981271
25.326 0.981316
25.386 0.98136
25.446 0.981405
25.506 0.981449
25.566 0.981493
25.626 0.981537
25.686 0.98158
25.746 0.981624
25.806 0.981667
25.866 0.98171
25.926 0.981752
25.986 0.981795
26.046 0.981837
26.106 0.981879
26.166 0.981921
26.226 0.981963
26.286 0.982005
26.346 0.982046
26.406 0.982087
26.466 0.982128
26.526 0.982169
26.586 0.982209
26.646 0.98225
26.706 0.98229
26.766 0.98233
26.826 0.98237
26.886 0.98241
26.946 0.982449
27.006 0.982489
27.066 0.982528
27.126 0.982567
27.186 0.982606
27.246 0.982644
27.306 0.982683
27.366 0.982721
27.426 0.982759
27.486 0.982797
27.546 0.982835
27.606 0.982872
27.666 0.98291
27.726 0.982947
27.786 0.982984
27.846 0.983021
27.906 0.983058
27.966 0.983095
28.026 0.983131
28.086 0.983168
28.146 0.983204
28.206 0.98324
28.266 0.983276
28.326 0.983312
28.386 0.983347
28.446 0.983383
28.506 0.983418
28.566 0.983453
28.626 0.983488
28.686 0.983523
28.746 0.983557
28.806 0.983592
28.866 0.983626
28.926 0.983661
28.986 0.983695
29.046 0.983729
29.106 0.983762
29.166 0.983796
29.226 0.98383
29.286 0.983863
29.346 0.983896
29.406 0.983929
29.466 0.983962
29.526 0.983995
29.586 0.984028
29.646 0.984061
29.706 0.984093
29.766 0.984125
29.826 0.984158
29.886 0.98419
29.946 0.984222
30.006 0.984253
30.066 0.984285
30.126 0.984317
30.186 0.984348
30.246 0.984379
30.306 0.98441
30.366 0.984442
30.426 0.984472
30.486 0.984503
30.546 0.984534
30.606 0.984564
30.666 0.984595
30.726 0.984625
30.786 0.984655
30.846 0.984686
30.906 0.984715
30.966 0.984745
31.026 0.984775
31.086 0.984805
31.146 0.984834
31.206 0.984864
31.266 0.984893
31.326 0.984922
31.386 0.984951
31.446 0.98498
31.506 0.985009
31.566 0.985037
31.626 0.985066
31.686 0.985095
31.746 0.985123
31.806 0.985151
31.866 0.985179
31.926 0.985207
31.986 0.985235
32.046 0.985263
32.106 0.985291
32.166 0.985319
32.226 0.985346
32.286 0.985374
32.346 0.985401
32.406 0.985428
32.466 0.985455
32.526 0.985482
32.586 0.985509
32.646 0.985536
32.706 0.985563
32.766 0.985589
32.826 0.985616
32.886 0.985642
32.946 0.985669
33.006 0.985695
33.066 0.985721
33.126 0.985747
33.186 0.985773
33.246 0.985799
33.306 0.985825
33.366 0.98585
33.426 0.985876
33.486 0.985902
33.546 0.985927
33.606 0.985952
33.666 0.985977
33.726 0.986003
33.786 0.986028
33.846 0.986053
33.906 0.986077
33.966 0.986102
34.026 0.986127
34.086 0.986151
34.146 0.986176
34.206 0.9862
34.266 0.986225
34.326 0.986249
34.386 0.986273
34.446 0.986297
34.506 0.986321
34.566 0.986345
34.626 0.986369
34.686 0.986393
34.746 0.986416
34.806 0.98644
34.866 0.986463
34.926 0.986487
34.986 0.98651
35.046 0.986533
35.106 0.986557
35.166 0.98658
35.226 0.986603
35.286 0.986626
35.346 0.986648
35.406 0.986671
35.466 0.986694
35.526 0.986717
35.586 0.986739
35.646 0.986762
35.706 0.986784
35.766 0.986806
35.826 0.986829
35.886 0.986851
35.946 0.986873
36.006 0.986895
36.066 0.986917
36.126 0.986939
36.186 0.98696
36.246 0.986982
36.306 0.987004
36.366 0.987025
36.426 0.987047
36.486 0.987068
36.546 0.98709
36.606 0.987111
36.666 0.987132
36.726 0.987153
36.786 0.987175
36.846 0.987196
36.906 0.987216
36.966 0.987237
37.026 0.987258
37.086 0.987279
37.146 0.9873
37.206 0.98732
37.266 0.987341
37.326 0.987361
37.386 0.987382
37.446 0.987402
37.506 0.987422
37.566 0.987443
37.626 0.987463
37.686 0.987483
37.746 0.987503
37.806 0.987523
37.866 0.987543
37.926 0.987562
37.986 0.987582
38.046 0.987602
38.106 0.987622
38.166 0.987641
38.226 0.987661
38.286 0.98768
38.346 0.9877
38.406 0.987719
38.466 0.987738
38.526 0.987757
38.586 0.987777
38.646 0.987796
38.706 0.987815
38.766 0.987834
38.826 0.987853
38.886 0.987871
38.946 0.98789
39.006 0.987909
39.066 0.987928
39.126 0.987946
39.186 0.987965
39.246 0.987983
39.306 0.988002
39.366 0.98802
39.426 0.988039
39.486 0.988057
39.546 0.988075
39.606 0.988093
39.666 0.988111
39.726 0.988129
39.786 0.988147
39.846 0.988165
39.906 0.988183
39.966 0.988201
40.026 0.988219
40.086 0.988237
40.146 0.988254
40.206 0.988272
40.266 0.98829
40.326 0.988307
40.386 0.988325
40.446 0.988342
40.506 0.988359
40.566 0.988377
40.626 0.988394
40.686 0.988411
40.746 0.988428
40.806 0.988445
40.866 0.988462
40.926 0.988479
40.986 0.988496
41.046 0.988513
41.106 0.98853
41.166 0.988547
41.226 0.988564
41.286 0.988581
41.346 0.988597
41.406 0.988614
41.466 0.98863
41.526 0.988647
41.586 0.988663
41.646 0.98868
41.706 0.988696
41.766 0.988713
41.826 0.988729
41.886 0.988745
41.946 0.988761
42.006 0.988777
42.066 0.988793
42.126 0.98881
42.186 0.988826
42.246 0.988841
42.306 0.988857
42.366 0.988873
42.426 0.988889
42.486 0.988905
42.546 0.988921
42.606 0.988936
42.666 0.988952
42.726 0.988968
42.786 0.988983
42.846 0.988999
42.906 0.989014
42.966 0.98903
43.026 0.989045
43.086 0.98906
43.146 0.989076
43.206 0.989091
43.266 0.989106
43.326 0.989121
43.386 0.989136
43.446 0.989151
43.506 0.989166
43.566 0.989181
43.626 0.989196
43.686 0.989211
43.746 0.989226
43.806 0.989241
43.866 0.989256
43.926 0.989271
43.986 0.989285
44.046 0.9893
44.106 0.989315
44.166 0.989329
44.226 0.989344
44.286 0.989358
44.346 0.989373
44.406 0.989387
44.466 0.989402
44.526 0.989416
44.586 0.98943
44.646 0.989445
44.706 0.989459
44.766 0.989473
44.826 0.989487
44.886 0.989501
44.946 0.989515
45.006 0.989529
45.066 0.989543
45.126 0.989557
45.186 0.989571
45.246 0.989585
45.306 0.989599
45.366 0.989613
45.426 0.989627
45.486 0.98964
45.546 0.989654
45.606 0.989668
45.666 0.989682
45.726 0.989695
45.786 0.989709
45.846 0.989722
45.906 0.989736
45.966 0.989749
46.026 0.989763
46.086 0.989776
46.146 0.989789
46.206 0.989803
46.266 0.989816
46.326 0.989829
46.386 0.989842
46.446 0.989856
46.506 0.989869
46.566 0.989882
46.626 0.989895
46.686 0.989908
46.746 0.989921
46.806 0.989934
46.866 0.989947
46.926 0.98996
46.986 0.989973
47.046 0.989986
47.106 0.989999
47.166 0.990011
47.226 0.990024
47.286 0.990037
47.346 0.990049
47.406 0.990062
47.466 0.990075
47.526 0.990087
47.586 0.9901
47.646 0.990112
47.706 0.990125
47.766 0.990137
47.826 0.99015
47.886 0.990162
47.946 0.990175
48.006 0.990187
48.066 0.990199
48.126 0.990212
48.186 0.990224
48.246 0.990236
48.306 0.990248
48.366 0.99026
48.426 0.990272
48.486 0.990285
48.546 0.990297
48.606 0.990309
48.666 0.990321
48.726 0.990333
48.786 0.990345
48.846 0.990357
48.906 0.990368
48.966 0.99038
49.026 0.990392
49.086 0.990404
49.146 0.990416
49.206 0.990427
49.266 0.990439
49.326 0.990451
49.386 0.990462
49.446 0.990474
49.506 0.990486
49.566 0.990497
49.626 0.990509
49.686 0.99052
49.746 0.990532
49.806 0.990543
49.866 0.990555
49.926 0.990566
49.986 0.990578
50.046 0.990589
50.106 0.9906
50.166 0.990611
50.226 0.990623
50.286 0.990634
50.346 0.990645
50.406 0.990656
50.466 0.990668
50.526 0.990679
50.586 0.99069
50.646 0.990701
50.706 0.990712
50.766 0.990723
50.826 0.990734
50.886 0.990745
50.946 0.990756
51.006 0.990767
51.066 0.990778
51.126 0.990789
51.186 0.990799
51.246 0.99081
51.306 0.990821
51.366 0.990832
51.426 0.990843
51.486 0.990853
51.546 0.990864
51.606 0.990875
51.666 0.990885
51.726 0.990896
51.786 0.990907
51.846 0.990917
51.906 0.990928
51.966 0.990938
52.026 0.990949
52.086 0.990959
52.146 0.99097
52.206 0.99098
52.266 0.99099
52.326 0.991001
52.386 0.991011
52.446 0.991021
52.506 0.991032
52.566 0.991042
52.626 0.991052
52.686 0.991063
52.746 0.991073
52.806 0.991083
52.866 0.991093
52.926 0.991103
52.986 0.991113
53.046 0.991124
53.106 0.991134
53.166 0.991144
53.226 0.991154
53.286 0.991164
53.346 0.991174
53.406 0.991184
53.466 0.991194
53.526 0.991203
53.586 0.991213
53.646 0.991223
53.706 0.991233
53.766 0.991243
53.826 0.991253
53.886 0.991262
53.946 0.991272
54.006 0.991282
54.066 0.991292
54.126 0.991301
54.186 0.991311
54.246 0.991321
54.306 0.99133
54.366 0.99134
54.426 0.99135
54.486 0.991359
54.546 0.991369
54.606 0.991378
54.666 0.991388
54.726 0.991397
54.786 0.991407
54.846 0.991416
54.906 0.991426
54.966 0.991435
55.026 0.991444
55.086 0.991454
55.146 0.991463
55.206 0.991472
55.266 0.991482
55.326 0.991491
55.386 0.9915
55.446 0.991509
55.506 0.991519
55.566 0.991528
55.626 0.991537
55.686 0.991546
55.746 0.991555
55.806 0.991564
55.866 0.991573
55.926 0.991583
55.986 0.991592
56.046 0.991601
56.106 0.99161
56.166 0.991619
56.226 0.991628
56.286 0.991637
56.346 0.991646
56.406 0.991654
56.466 0.991663
56.526 0.991672
56.586 0.991681
56.646 0.99169
56.706 0.991699
56.766 0.991708
56.826 0.991716
56.886 0.991725
56.946 0.991734
57.006 0.991743
57.066 0.991751
57.126 0.99176
57.186 0.991769
57.246 0.991777
57.306 0.991786
57.366 0.991795
57.426 0.991803
57.486 0.991812
57.546 0.99182
57.606 0.991829
57.666 0.991838
57.726 0.991846
57.786 0.991855
57.846 0.991863
57.906 0.991872
57.966 0.99188
58.026 0.991888
58.086 0.991897
58.146 0.991905
58.206 0.991914
58.266 0.991922
58.326 0.99193
58.386 0.991939
58.446 0.991947
58.506 0.991955
58.566 0.991964
58.626 0.991972
58.686 0.99198
58.746 0.991988
58.806 0.991996
58.866 0.992005
58.926 0.992013
58.986 0.992021
59.046 0.992029
59.106 0.992037
59.166 0.992045
59.226 0.992053
59.286 0.992062
59.346 0.99207
59.406 0.992078
59.466 0.992086
59.526 0.992094
59.586 0.992102
59.646 0.99211
59.706 0.992118
59.766 0.992126
59.826 0.992133
59.886 0.992141
59.946 0.992149

