0.006 1
0.066 1.00011
0.126 1.0004
0.186 1.00087
0.246 1.00152
0.306 1.00235
0.366 1.00336
0.426 1.00454
0.486 1.00589
0.546 1.0074
0.606 1.00908
0.666 1.01092
0.726 1.01292
0.786 1.01507
0.846 1.01736
0.906 1.0198
0.966 1.02236
1.026 1.02506
1.086 1.02788
1.146 1.03082
1.206 1.03386
1.266 1.03701
1.326 1.04025
1.386 1.04359
1.446 1.047
1.506 1.05049
1.566 1.05404
1.626 1.05765
1.686 1.06132
1.746 1.06503
1.806 1.06879
1.866 1.07257
1.926 1.07638
1.986 1.0802
2.046 1.08404
2.106 1.08788
2.166 1.09173
2.226 1.09557
2.286 1.09939
2.346 1.10321
2.406 1.107
2.466 1.11077
2.526 1.1145
2.586 1.11821
2.646 1.12187
2.706 1.1255
2.766 1.12908
2.826 1.13262
2.886 1.13611
2.946 1.13955
3.006 1.14293
3.066 1.14627
3.126 1.14954
3.186 1.15276
3.246 1.15591
3.306 1.15901
3.366 1.16205
3.426 1.16502
3.486 1.16793
3.546 1.17078
3.606 1.17357
3.666 1.17629
3.726 1.17894
3.786 1.18153
3.846 1.18406
3.906 1.18652
3.966 1.18892
4.026 1.19124
4.086 1.19351
4.146 1.1957
4.206 1.19784
4.266 1.1999
4.326 1.2019
4.386 1.20383
4.446 1.20569
4.506 1.20749
4.566 1.20922
4.626 1.21088
4.686 1.21247
4.746 1.214
4.806 1.21545
4.866 1.21684
4.926 1.21816
4.986 1.21941
5.046 1.22059
5.106 1.2217
5.166 1.22274
5.226 1.22371
5.286 1.22461
5.346 1.22544
5.406 1.2262
5.466 1.22689
5.526 1.2275
5.586 1.22805
5.646 1.22852
5.706 1.22893
5.766 1.22926
5.826 1.22952
5.886 1.22971
5.946 1.22982
6.006 1.22987
6.066 1.22984
6.126 1.22975
6.186 1.22958
6.246 1.22935
6.306 1.22904
6.366 1.22866
6.426 1.22822
6.486 1.2277
6.546 1.22712
6.606 1.22647
6.666 1.22575
6.726 1.22497
6.786 1.22412
6.846 1.2232
6.906 1.22222
6.966 1.22118
7.026 1.22008
7.086 1.21891
7.146 1.21768
7.206 1.2164
7.266 1.21505
7.326 1.21365
7.386 1.21218
7.446 1.21067
7.506 1.2091
7.566 1.20747
7.626 1.2058
7.686 1.20407
7.746 1.20229
7.806 1.20047
7.866 1.19859
7.926 1.19667
7.986 1.19474
8.046 1.19284
8.106 1.19098
8.166 1.18916
8.226 1.18737
8.286 1.18561
8.346 1.18389
8.406 1.1822
8.466 1.18054
8.526 1.1789
8.586 1.1773
8.646 1.17573
8.706 1.17419
8.766 1.17267
8.826 1.17118
8.886 1.16971
8.946 1.16827
9.006 1.16685
9.066 1.16546
9.126 1.16409
9.186 1.16274
9.246 1.16142
9.306 1.16011
9.366 1.15883
9.426 1.15757
9.486 1.15633
9.546 1.1551
9.606 1.1539
9.666 1.15271
9.726 1.15155
9.786 1.1504
9.846 1.14927
9.906 1.14815
9.966 1.14705
10.026 1.14597
10.086 1.1449
10.146 1.14385
10.206 1.14282
10.266 1.1418
10.326 1.14079
10.386 1.1398
10.446 1.13882
10.506 1.13786
10.566 1.13691
10.626 1.13597
10.686 1.13504
10.746 1.13413
10.806 1.13323
10.866 1.13234
10.926 1.13147
10.986 1.1306
11.046 1.12975
11.106 1.12891
11.166 1.12808
11.226 1.12725
11.286 1.12644
11.346 1.12564
11.406 1.12485
11.466 1.12407
11.526 1.1233
11.586 1.12254
11.646 1.12179
11.706 1.12105
11.766 1.12032
11.826 1.11959
11.886 1.11888
11.946 1.11817
12.006 1.11747
12.066 1.11678
12.126 1.1161
12.186 1.11542
12.246 1.11476
12.306 1.1141
12.366 1.11345
12.426 1.1128
12.486 1.11217
12.546 1.11154
12.606 1.11091
12.666 1.1103
12.726 1.10969
12.786 1.10909
12.846 1.10849
12.906 1.1079
12.966 1.10732
13.026 1.10674
13.086 1.10617
13.146 1.10561
13.206 1.10505
13.266 1.1045
13.326 1.10395
13.386 1.10341
13.446 1.10288
13.506 1.10235
13.566 1.10182
13.626 1.10131
13.686 1.10079
13.746 1.10028
13.806 1.09978
13.866 1.09928
13.926 1.09879
13.986 1.0983
14.046 1.09782
14.106 1.09734
14.166 1.09686
14.226 1.09639
14.286 1.09593
14.346 1.09547
14.406 1.09501
14.466 1.09456
14.526 1.09411
14.586 1.09367
14.646 1.09323
14.706 1.0928
14.766 1.09237
14.826 1.09194
14.886 1.09152
14.946 1.0911
15.006 1.09068
15.066 1.09027
15.126 1.08986
15.186 1.08946
15.246 1.08906
15.306 1.08866
15.366 1.08827
15.426 1.08788
15.486 1.08749
15.546 1.08711
15.606 1.08673
15.666 1.08635
15.726 1.08598
15.786 1.08561
15.846 1.08524
15.906 1.08488
15.966 1.08452
16.026 1.08416
16.086 1.08381
16.146 1.08345
16.206 1.08311
16.266 1.08276
16.326 1.08242
16.386 1.08208
16.446 1.08174
16.506 1.08141
16.566 1.08107
16.626 1.08074
16.686 1.08042
16.746 1.08009
16.806 1.07977
16.866 1.07946
16.926 1.07914
16.986 1.07883
17.046 1.07851
17.106 1.07821
17.166 1.0779
17.226 1.0776
17.286 1.07729
17.346 1.077
17.406 1.0767
17.466 1.0764
17.526 1.07611
17.586 1.07582
17.646 1.07553
17.706 1.07525
17.766 1.07497
17.826 1.07468
17.886 1.07441
17.946 1.07413
18.006 1.07385
18.066 1.07358
18.126 1.07331
18.186 1.07304
18.246 1.07277
18.306 1.07251
18.366 1.07224
18.426 1.07198
18.486 1.07172
18.546 1.07147
18.606 1.07121
18.666 1.07096
18.726 1.07071
18.786 1.07045
18.846 1.07021
18.906 1.06996
18.966 1.06971
19.026 1.06947
19.086 1.06923
19.146 1.06899
19.206 1.06875
19.266 1.06851
19.326 1.06828
19.386 1.06805
19.446 1.06781
19.506 1.06758
19.566 1.06736
19.626 1.06713
19.686 1.0669
19.746 1.06668
19.806 1.06646
19.866 1.06624
19.926 1.06602
19.986 1.0658
20.046 1.06558
20.106 1.06537
20.166 1.06515
20.226 1.06494
20.286 1.06473
20.346 1.06452
20.406 1.06431
20.466 1.0641
20.526 1.0639
20.586 1.06369
20.646 1.06349
20.706 1.06329
20.766 1.06309
20.826 1.06289
20.886 1.06269
20.946 1.06249
21.006 1.0623
21.066 1.0621
21.126 1.06191
21.186 1.06172
21.246 1.06153
21.306 1.06134
21.366 1.06115
21.426 1.06096
21.486 1.06078
21.546 1.06059
21.606 1.06041
21.666 1.06023
21.726 1.06004
21.786 1.05986
21.846 1.05968
21.906 1.05951
21.966 1.05933
22.026 1.05915
22.086 1.05898
22.146 1.0588
22.206 1.05863
22.266 1.05846
22.326 1.05829
22.386 1.05812
22.446 1.05795
22.506 1.05778
22.566 1.05761
22.626 1.05745
22.686 1.05728
22.746 1.05712
22.806 1.05695
22.866 1.05679
22.926 1.05663
22.986 1.05647
23.046 1.05631
23.106 1.05615
23.166 1.05599
23.226 1.05583
23.286 1.05568
23.346 1.05552
23.406 1.05537
23.466 1.05522
23.526 1.05506
23.586 1.05491
23.646 1.05476
23.706 1.05461
23.766 1.05446
23.826 1.05431
23.886 1.05416
23.946 1.05402
24.006 1.05387
24.066 1.05373
24.126 1.05358
24.186 1.05344
24.246 1.05329
24.306 1.05315
24.366 1.05301
24.426 1.05287
24.486 1.05273
24.546 1.05259
24.606 1.05245
24.666 1.05231
24.726 1.05218
24.786 1.05204
24.846 1.05191
24.906 1.05177
24.966 1.05164
25.026 1.0515
25.086 1.05137
25.146 1.05124
25.206 1.05111
25.266 1.05098
25.326 1.05085
25.386 1.05072
25.446 1.05059
25.506 1.05046
25.566 1.05033
25.626 1.0502
25.686 1.05008
25.746 1.04995
25.806 1.04983
25.866 1.0497
25.926 1.04958
25.986 1.04946
26.046 1.04933
26.106 1.04921
26.166 1.04909
26.226 1.04897
26.286 1.04885
26.346 1.04873
26.406 1.04861
26.466 1.04849
26.526 1.04838
26.586 1.04826
26.646 1.04814
26.706 1.04803
26.766 1.04791
26.826 1.0478
26.886 1.04768
26.946 1.04757
27.006 1.04745
27.066 1.04734
27.126 1.04723
27.186 1.04712
27.246 1.04701
27.306 1.0469
27.366 1.04678
27.426 1.04668
27.486 1.04657
27.546 1.04646
27.606 1.04635
27.666 1.04624
27.726 1.04613
27.786 1.04603
27.846 1.04592
27.906 1.04582
27.966 1.04571
28.026 1.04561
28.086 1.0455
28.146 1.0454
28.206 1.0453
28.266 1.04519
28.326 1.04509
28.386 1.04499
28.446 1.04489
28.506 1.04479
28.566 1.04469
28.626 1.04459
28.686 1.04449
28.746 1.04439
28.806 1.04429
28.866 1.04419
28.926 1.04409
28.986 1.04399
29.046 1.0439
29.106 1.0438
29.166 1.04371
29.226 1.04361
29.286 1.04351
29.346 1.04342
29.406 1.04333
29.466 1.04323
29.526 1.04314
29.586 1.04304
29.646 1.04295
29.706 1.04286
29.766 1.04277
29.826 1.04268
29.886 1.04258
29.946 1.04249
30.006 1.0424
30.066 1.04231
30.126 1.04222
30.186 1.04213
30.246 1.04204
30.306 1.04196
30.366 1.04187
30.426 1.04178
30.486 1.04169
30.546 1.04161
30.606 1.04152
30.666 1.04143
30.726 1.04135
30.786 1.04126
30.846 1.04118
30.906 1.04109
30.966 1.04101
31.026 1.04092
31.086 1.04084
31.146 1.04075
31.206 1.04067
31.266 1.04059
31.326 1.04051
31.386 1.04042
31.446 1.04034
31.506 1.04026
31.566 1.04018
31.626 1.0401
31.686 1.04002
31.746 1.03994
31.806 1.03986
31.866 1.03978
31.926 1.0397
31.986 1.03962
32.046 1.03954
32.106 1.03946
32.166 1.03938
32.226 1.03931
32.286 1.03923
32.346 1.03915
32.406 1.03908
32.466 1.039
32.526 1.03892
32.586 1.03885
32.646 1.03877
32.706 1.0387
32.766 1.03862
32.826 1.03855
32.886 1.03847
32.946 1.0384
33.006 1.03832
33.066 1.03825
33.126 1.03818
33.186 1.0381
33.246 1.03803
33.306 1.03796
33.366 1.03789
33.426 1.03782
33.486 1.03774
33.546 1.03767
33.606 1.0376
33.666 1.03753
33.726 1.03746
33.786 1.03739
33.846 1.03732
33.906 1.03725
33.966 1.03718
34.026 1.03711
34.086 1.03704
34.146 1.03697
34.206 1.0369
34.266 1.03684
34.326 1.03677
34.386 1.0367
34.446 1.03663
34.506 1.03657
34.566 1.0365
34.626 1.03643
34.686 1.03637
34.746 1.0363
34.806 1.03623
34.866 1.03617
34.926 1.0361
34.986 1.03604
35.046 1.03597
35.106 1.03591
35.166 1.03584
35.226 1.03578
35.286 1.03571
35.346 1.03565
35.406 1.03559
35.466 1.03552
35.526 1.03546
35.586 1.0354
35.646 1.03533
35.706 1.03527
35.766 1.03521
35.826 1.03515
35.886 1.03508
35.946 1.03502
36.006 1.03496
36.066 1.0349
36.126 1.03484
36.186 1.03478
36.246 1.03472
36.306 1.03466
36.366 1.0346
36.426 1.03454
36.486 1.03448
36.546 1.03442
36.606 1.03436
36.666 1.0343
36.726 1.03424
36.786 1.03418
36.846 1.03412
36.906 1.03406
36.966 1.03401
37.026 1.03395
37.086 1.03389
37.146 1.03383
37.206 1.03378
37.266 1.03372
37.326 1.03366
37.386 1.03361
37.446 1.03355
37.506 1.03349
37.566 1.03344
37.626 1.03338
37.686 1.03332
37.746 1.03327
37.806 1.03321
37.866 1.03316
37.926 1.0331
37.986 1.03305
38.046 1.03299
38.106 1.03294
38.166 1.03288
38.226 1.03283
38.286 1.03278
38.346 1.03272
38.406 1.03267
38.466 1.03262
38.526 1.03256
38.586 1.03251
38.646 1.03246
38.706 1.0324
38.766 1.03235
38.826 1.0323
38.886 1.03225
38.946 1.03219
39.006 1.03214
39.066 1.03209
39.126 1.03204
39.186 1.03199
39.246 1.03194
39.306 1.03188
39.366 1.03183
39.426 1.03178
39.486 1.03173
39.546 1.03168
39.606 1.03163
39.666 1.03158
39.726 1.03153
39.786 1.03148
39.846 1.03143
39.906 1.03138
39.966 1.03133
40.026 1.03128
40.086 1.03123
40.146 1.03119
40.206 1.03114
40.266 1.03109
40.326 1.03104
40.386 1.03099
40.446 1.03094
40.506 1.0309
40.566 1.03085
40.626 1.0308
40.686 1.03075
40.746 1.03071
40.806 1.03066
40.866 1.03061
40.926 1.03056
40.986 1.03052
41.046 1.03047
41.106 1.03042
41.166 1.03038
41.226 1.03033
41.286 1.03029
41.346 1.03024
41.406 1.03019
41.466 1.03015
41.526 1.0301
41.586 1.03006
41.646 1.03001
41.706 1.02997
41.766 1.02992
41.826 1.02988
41.886 1.02983
41.946 1.02979
42.006 1.02974
42.066 1.0297
42.126 1.02965
42.186 1.02961
42.246 1.02957
42.306 1.02952
42.366 1.02948
42.426 1.02944
42.486 1.02939
42.546 1.02935
42.606 1.02931
42.666 1.02926
42.726 1.02922
42.786 1.02918
42.846 1.02913
42.906 1.02909
42.966 1.02905
43.026 1.02901
43.086 1.02896
43.146 1.02892
43.206 1.02888
43.266 1.02884
43.326 1.0288
43.386 1.02876
43.446 1.02871
43.506 1.02867
43.566 1.02863
43.626 1.02859
43.686 1.02855
43.746 1.02851
43.806 1.02847
43.866 1.02843
43.926 1.02839
43.986 1.02835
44.046 1.02831
44.106 1.02827
44.166 1.02823
44.226 1.02819
44.286 1.02815
44.346 1.02811
44.406 1.02807
44.466 1.02803
44.526 1.02799
44.586 1.02795
44.646 1.02791
44.706 1.02787
44.766 1.02783
44.826 1.02779
44.886 1.02775
44.946 1.02772
45.006 1.02768
45.066 1.02764
45.126 1.0276
45.186 1.02756
45.246 1.02752
45.306 1.02749
45.366 1.02745
45.426 1.02741
45.486 1.02737
45.546 1.02734
45.606 1.0273
45.666 1.02726
45.726 1.02722
45.786 1.02719
45.846 1.02715
45.906 1.02711
45.966 1.02708
46.026 1.02704
46.086 1.027
46.146 1.02697
46.206 1.02693
46.266 1.02689
46.326 1.02686
46.386 1.02682
46.446 1.02678
46.506 1.02675
46.566 1.02671
46.626 1.02668
46.686 1.02664
46.746 1.02661
46.806 1.02657
46.866 1.02653
46.926 1.0265
46.986 1.02646
47.046 1.02643
47.106 1.02639
47.166 1.02636
47.226 1.02632
47.286 1.02629
47.346 1.02625
47.406 1.02622
47.466 1.02619
47.526 1.02615
47.586 1.02612
47.646 1.02608
47.706 1.02605
47.766 1.02601
47.826 1.02598
47.886 1.02595
47.946 1.02591
48.006 1.02588
48.066 1.02585
48.126 1.02581
48.186 1.02578
48.246 1.02575
48.306 1.02571
48.366 1.02568
48.426 1.02565
48.486 1.02561
48.546 1.02558
48.606 1.02555
48.666 1.02552
48.726 1.02548
48.786 1.02545
48.846 1.02542
48.906 1.02539
48.966 1.02535
49.026 1.02532
49.086 1.02529
49.146 1.02526
49.206 1.02522
49.266 1.02519
49.326 1.02516
49.386 1.02513
49.446 1.0251
49.506 1.02507
49.566 1.02503
49.626 1.025
49.686 1.02497
49.746 1.02494
49.806 1.02491
49.866 1.02488
49.926 1.02485
49.986 1.02482
50.046 1.02479
50.106 1.02475
50.166 1.02472
50.226 1.02469
50.286 1.02466
50.346 1.02463
50.406 1.0246
50.466 1.02457
50.526 1.02454
50.586 1.02451
50.646 1.02448
50.706 1.02445
50.766 1.02442
50.826 1.02439
50.886 1.02436
50.946 1.02433
51.006 1.0243
51.066 1.02427
51.126 1.02424
51.186 1.02421
51.246 1.02418
51.306 1.02415
51.366 1.02412
51.426 1.0241
51.486 1.02407
51.546 1.02404
51.606 1.02401
51.666 1.02398
51.726 1.02395
51.786 1.02392
51.846 1.02389
51.906 1.02386
51.966 1.02384
52.026 1.02381
52.086 1.02378
52.146 1.02375
52.206 1.02372
52.266 1.02369
52.326 1.02367
52.386 1.02364
52.446 1.02361
52.506 1.02358
52.566 1.02355
52.626 1.02353
52.686 1.0235
52.746 1.02347
52.806 1.02344
52.866 1.02342
52.926 1.02339
52.986 1.02336
53.046 1.02333
53.106 1.02331
53.166 1.02328
53.226 1.02325
53.286 1.02323
53.346 1.0232
53.406 1.02317
53.466 1.02314
53.526 1.02312
53.586 1.02309
53.646 1.02306
53.706 1.02304
53.766 1.02301
53.826 1.02298
53.886 1.02296
53.946 1.02293
54.006 1.0229
54.066 1.02288
54.126 1.02285
54.186 1.02283
54.246 1.0228
54.306 1.02277
54.366 1.02275
54.426 1.02272
54.486 1.0227
54.546 1.02267
54.606 1.02264
54.666 1.02262
54.726 1.02259
54.786 1.02257
54.846 1.02254
54.906 1.02252
54.966 1.02249
55.026 1.02247
55.086 1.02244
55.146 1.02242
55.206 1.02239
55.266 1.02236
55.326 1.02234
55.386 1.02231
55.446 1.02229
55.506 1.02227
55.566 1.02224
55.626 1.02222
55.686 1.02219
55.746 1.02217
55.806 1.02214
55.866 1.02212
55.926 1.02209
55.986 1.02207
56.046 1.02204
56.106 1.02202
56.166 1.02199
56.226 1.02197
56.286 1.02195
56.346 1.02192
56.406 1.0219
56.466 1.02187
56.526 1.02185
56.586 1.02183
56.646 1.0218
56.706 1.02178
56.766 1.02175
56.826 1.02173
56.886 1.02171
56.946 1.02168
57.006 1.02166
57.066 1.02164
57.126 1.02161
57.186 1.02159
57.246 1.02157
57.306 1.02154
57.366 1.02152
57.426 1.0215
57.486 1.02147
57.546 1.02145
57.606 1.02143
57.666 1.0214
57.726 1.02138
57.786 1.02136
57.846 1.02134
57.906 1.02131
57.966 1.02129
58.026 1.02127
58.086 1.02124
58.146 1.02122
58.206 1.0212
58.266 1.02118
58.326 1.02115
58.386 1.02113
58.446 1.02111
58.506 1.02109
58.566 1.02106
58.626 1.02104
58.686 1.02102
58.746 1.021
58.806 1.02098
58.866 1.02095
58.926 1.02093
58.986 1.02091
59.046 1.02089
59.106 1.02087
59.166 1.02084
59.226 1.02082
59.286 1.0208
59.346 1.02078
59.406 1.02076
59.466 1.02074
59.526 1.02071
59.586 1.02069
59.646 1.02067
59.706 1.02065
59.766 1.02063
59.826 1.02061
59.886 1.02059
59.946 1.02056

