0.012 1
0.132 1.00005
0.252 1.00019
0.372 1.00041
0.492 1.00072
0.612 1.00111
0.732 1.00158
0.852 1.00214
0.972 1.00278
1.092 1.0035
1.212 1.0043
1.332 1.00518
1.452 1.00614
1.572 1.00718
1.692 1.00829
1.812 1.00948
1.932 1.01073
2.052 1.01206
2.172 1.01346
2.292 1.01493
2.412 1.01646
2.532 1.01805
2.652 1.0197
2.772 1.02142
2.892 1.02318
3.012 1.025
3.132 1.02688
3.252 1.0288
3.372 1.03076
3.492 1.03277
3.612 1.03481
3.732 1.0369
3.852 1.03901
3.972 1.04116
4.092 1.04333
4.212 1.04553
4.332 1.04774
4.452 1.04998
4.572 1.05222
4.692 1.05448
4.812 1.05674
4.932 1.059
5.052 1.06126
5.172 1.06351
5.292 1.06576
5.412 1.06799
5.532 1.0702
5.652 1.07239
5.772 1.07455
5.892 1.07669
6.012 1.07879
6.132 1.08085
6.252 1.08288
6.372 1.08485
6.492 1.08678
6.612 1.08865
6.732 1.09047
6.852 1.09223
6.972 1.09392
7.092 1.09554
7.212 1.09709
7.332 1.09857
7.452 1.09996
7.572 1.10128
7.692 1.10251
7.812 1.10366
7.932 1.10471
8.052 1.10567
8.172 1.10654
8.292 1.10731
8.412 1.10798
8.532 1.10855
8.652 1.10901
8.772 1.10938
8.892 1.10964
9.012 1.10979
9.132 1.10984
9.252 1.10978
9.372 1.10961
9.492 1.10933
9.612 1.10895
9.732 1.10846
9.852 1.10787
9.972 1.10717
10.092 1.10636
10.212 1.10546
10.332 1.10445
10.452 1.10334
10.572 1.10214
10.692 1.10084
10.812 1.09956
10.932 1.0983
11.052 1.09708
11.172 1.09588
11.292 1.09472
11.412 1.09358
11.532 1.09247
11.652 1.09138
11.772 1.09032
11.892 1.08929
12.012 1.08828
12.132 1.08729
12.252 1.08632
12.372 1.08537
12.492 1.08445
12.612 1.08354
12.732 1.08266
12.852 1.08179
12.972 1.08094
13.092 1.0801
13.212 1.07929
13.332 1.07849
13.452 1.07771
13.572 1.07694
13.692 1.07618
13.812 1.07545
13.932 1.07472
14.052 1.07401
14.172 1.07331
14.292 1.07263
14.412 1.07196
14.532 1.0713
14.652 1.07065
14.772 1.07002
14.892 1.06939
15.012 1.06878
15.132 1.06818
15.252 1.06759
15.372 1.067
15.492 1.06643
15.612 1.06587
15.732 1.06532
15.852 1.06477
15.972 1.06424
16.092 1.06371
16.212 1.0632
16.332 1.06269
16.452 1.06219
16.572 1.06169
16.692 1.06121
16.812 1.06073
16.932 1.06026
17.052 1.0598
17.172 1.05934
17.292 1.05889
17.412 1.05845
17.532 1.05802
17.652 1.05759
17.772 1.05716
17.892 1.05675
18.012 1.05634
18.132 1.05593
18.252 1.05553
18.372 1.05514
18.492 1.05475
18.612 1.05437
18.732 1.05399
18.852 1.05362
18.972 1.05325
19.092 1.05289
19.212 1.05254
19.332 1.05218
19.452 1.05184
19.572 1.05149
19.692 1.05116
19.812 1.05082
19.932 1.05049
20.052 1.05017
20.172 1.04985
20.292 1.04953
20.412 1.04922
20.532 1.04891
20.652 1.0486
20.772 1.0483
20.892 1.048
21.012 1.04771
21.132 1.04742
21.252 1.04713
21.372 1.04685
21.492 1.04657
21.612 1.04629
21.732 1.04602
21.852 1.04575
21.972 1.04548
22.092 1.04522
22.212 1.04495
22.332 1.0447
22.452 1.04444
22.572 1.04419
22.692 1.04394
22.812 1.04369
22.932 1.04345
23.052 1.04321
23.172 1.04297
23.292 1.04273
23.412 1.0425
23.532 1.04227
23.652 1.04204
23.772 1.04182
23.892 1.04159
24.012 1.04137
24.132 1.04115
24.252 1.04094
24.372 1.04072
24.492 1.04051
24.612 1.0403
24.732 1.04009
24.852 1.03989
24.972 1.03969
25.092 1.03948
25.212 1.03929
25.332 1.03909
25.452 1.03889
25.572 1.0387
25.692 1.03851
25.812 1.03832
25.932 1.03813
26.052 1.03795
26.172 1.03776
26.292 1.03758
26.412 1.0374
26.532 1.03722
26.652 1.03704
26.772 1.03687
26.892 1.03669
27.012 1.03652
27.132 1.03635
27.252 1.03618
27.372 1.03602
27.492 1.03585
27.612 1.03569
27.732 1.03552
27.852 1.03536
27.972 1.0352
28.092 1.03504
28.212 1.03489
28.332 1.03473
28.452 1.03458
28.572 1.03442
28.692 1.03427
28.812 1.03412
28.932 1.03397
29.052 1.03383
29.172 1.03368
29.292 1.03353
29.412 1.03339
29.532 1.03325
29.652 1.03311
29.772 1.03297
29.892 1.03283
30.012 1.03269
30.132 1.03255
30.252 1.03242
30.372 1.03228
30.492 1.03215
30.612 1.03202
30.732 1.03189
30.852 1.03176
30.972 1.03163
31.092 1.0315
31.212 1.03137
31.332 1.03125
31.452 1.03112
31.572 1.031
31.692 1.03088
31.812 1.03075
31.932 1.03063
32.052 1.03051
32.172 1.03039
32.292 1.03028
32.412 1.03016
32.532 1.03004
32.652 1.02993
32.772 1.02981
32.892 1.0297
33.012 1.02959
33.132 1.02947
33.252 1.02936
33.372 1.02925
33.492 1.02914
33.612 1.02904
33.732 1.02893
33.852 1.02882
33.972 1.02871
34.092 1.02861
34.212 1.0285
34.332 1.0284
34.452 1.0283
34.572 1.02819
34.692 1.02809
34.812 1.02799
34.932 1.02789
35.052 1.02779
35.172 1.02769
35.292 1.0276
35.412 1.0275
35.532 1.0274
35.652 1.02731
35.772 1.02721
35.892 1.02711
36.012 1.02702
36.132 1.02693
36.252 1.02683
36.372 1.02674
36.492 1.02665
36.612 1.02656
36.732 1.02647
36.852 1.02638
36.972 1.02629
37.092 1.0262
37.212 1.02612
37.332 1.02603
37.452 1.02594
37.572 1.02586
37.692 1.02577
37.812 1.02568
37.932 1.0256
38.052 1.02552
38.172 1.02543
38.292 1.02535
38.412 1.02527
38.532 1.02519
38.652 1.02511
38.772 1.02502
38.892 1.02494
39.012 1.02486
39.132 1.02479
39.252 1.02471
39.372 1.02463
39.492 1.02455
39.612 1.02447
39.732 1.0244
39.852 1.02432
39.972 1.02425
40.092 1.02417
40.212 1.0241
40.332 1.02402
40.452 1.02395
40.572 1.02387
40.692 1.0238
40.812 1.02373
40.932 1.02366
41.052 1.02359
41.172 1.02351
41.292 1.02344
41.412 1.02337
41.532 1.0233
41.652 1.02323
41.772 1.02316
41.892 1.0231
42.012 1.02303
42.132 1.02296
42.252 1.02289
42.372 1.02283
42.492 1.02276
42.612 1.02269
42.732 1.02263
42.852 1.02256
42.972 1.0225
43.092 1.02243
43.212 1.02237
43.332 1.0223
43.452 1.02224
43.572 1.02218
43.692 1.02211
43.812 1.02205
43.932 1.02199
44.052 1.02193
44.172 1.02186
44.292 1.0218
44.412 1.02174
44.532 1.02168
44.652 1.02162
44.772 1.02156
44.892 1.0215
45.012 1.02144
45.132 1.02138
45.252 1.02133
45.372 1.02127
45.492 1.02121
45.612 1.02115
45.732 1.02109
45.852 1.02104
45.972 1.02098
46.092 1.02092
46.212 1.02087
46.332 1.02081
46.452 1.02076
46.572 1.0207
46.692 1.02065
46.812 1.02059
46.932 1.02054
47.052 1.02048
47.172 1.02043
47.292 1.02038
47.412 1.02032
47.532 1.02027
47.652 1.02022
47.772 1.02017
47.892 1.02011
48.012 1.02006
48.132 1.02001
48.252 1.01996
48.372 1.01991
48.492 1.01986
48.612 1.01981
48.732 1.01976
48.852 1.01971
48.972 1.01966
49.092 1.01961
49.212 1.01956
49.332 1.01951
49.452 1.01946
49.572 1.01941
49.692 1.01936
49.812 1.01932
49.932 1.01927
50.052 1.01922
50.172 1.01917
50.292 1.01913
50.412 1.01908
50.532 1.01903
50.652 1.01899
50.772 1.01894
50.892 1.01889
51.012 1.01885
51.132 1.0188
51.252 1.01876
51.372 1.01871
51.492 1.01867
51.612 1.01862
51.732 1.01858
51.852 1.01854
51.972 1.01849
52.092 1.01845
52.212 1.0184
52.332 1.01836
52.452 1.01832
52.572 1.01827
52.692 1.01823
52.812 1.01819
52.932 1.01815
53.052 1.0181
53.172 1.01806
53.292 1.01802
53.412 1.01798
53.532 1.01794
53.652 1.0179
53.772 1.01786
53.892 1.01781
54.012 1.01777
54.132 1.01773
54.252 1.01769
54.372 1.01765
54.492 1.01761
54.612 1.01757
54.732 1.01753
54.852 1.01749
54.972 1.01746
55.092 1.01742
55.212 1.01738
55.332 1.01734
55.452 1.0173
55.572 1.01726
55.692 1.01722
55.812 1.01719
55.932 1.01715
56.052 1.01711
56.172 1.01707
56.292 1.01704
56.412 1.017
56.532 1.01696
56.652 1.01692
56.772 1.01689
56.892 1.01685
57.012 1.01682
57.132 1.01678
57.252 1.01674
57.372 1.01671
57.492 1.01667
57.612 1.01664
57.732 1.0166
57.852 1.01656
57.972 1.01653
58.092 1.01649
58.212 1.01646
58.332 1.01643
58.452 1.01639
58.572 1.01636
58.692 1.01632
58.812 1.01629
58.932 1.01625
59.052 1.01622
59.172 1.01619
59.292 1.01615
59.412 1.01612
59.532 1.01609
59.652 1.01605
59.772 1.01602
59.892 1.01599
60.012 1.01595
60.132 1.01592
60.252 1.01589
60.372 1.01586
60.492 1.01582
60.612 1.01579
60.732 1.01576
60.852 1.01573
60.972 1.0157
61.092 1.01567
61.212 1.01563
61.332 1.0156
61.452 1.01557
61.572 1.01554
61.692 1.01551
61.812 1.01548
61.932 1.01545
62.052 1.01542
62.172 1.01539
62.292 1.01536
62.412 1.01533
62.532 1.0153
62.652 1.01527
62.772 1.01524
62.892 1.01521
63.012 1.01518
63.132 1.01515
63.252 1.01512
63.372 1.01509
63.492 1.01506
63.612 1.01503
63.732 1.015
63.852 1.01497
63.972 1.01494
64.092 1.01492
64.212 1.01489
64.332 1.01486
64.452 1.01483
64.572 1.0148
64.692 1.01477
64.812 1.01475
64.932 1.01472
65.052 1.01469
65.172 1.01466
65.292 1.01464
65.412 1.01461
65.532 1.01458
65.652 1.01455
65.772 1.01453
65.892 1.0145
66.012 1.01447
66.132 1.01445
66.252 1.01442
66.372 1.01439
66.492 1.01437
66.612 1.01434
66.732 1.01431
66.852 1.01429
66.972 1.01426
67.092 1.01423
67.212 1.01421
67.332 1.01418
67.452 1.01416
67.572 1.01413
67.692 1.01411
67.812 1.01408
67.932 1.01405
68.052 1.01403
68.172 1.014
68.292 1.01398
68.412 1.01395
68.532 1.01393
68.652 1.0139
68.772 1.01388
68.892 1.01385
69.012 1.01383
69.132 1.01381
69.252 1.01378
69.372 1.01376
69.492 1.01373
69.612 1.01371
69.732 1.01368
69.852 1.01366
69.972 1.01364
70.092 1.01361
70.212 1.01359
70.332 1.01357
70.452 1.01354
70.572 1.01352
70.692 1.01349
70.812 1.01347
70.932 1.01345
71.052 1.01343
71.172 1.0134
71.292 1.01338
71.412 1.01336
71.532 1.01333
71.652 1.01331
71.772 1.01329
71.892 1.01327
72.012 1.01324
72.132 1.01322
72.252 1.0132
72.372 1.01318
72.492 1.01315
72.612 1.01313
72.732 1.01311
72.852 1.01309
72.972 1.01306
73.092 1.01304
73.212 1.01302
73.332 1.013
73.452 1.01298
73.572 1.01296
73.692 1.01293
73.812 1.01291
73.932 1.01289
74.052 1.01287
74.172 1.01285
74.292 1.01283
74.412 1.01281
74.532 1.01279
74.652 1.01277
74.772 1.01274
74.892 1.01272
75.012 1.0127
75.132 1.01268
75.252 1.01266
75.372 1.01264
75.492 1.01262
75.612 1.0126
75.732 1.01258
75.852 1.01256
75.972 1.01254
76.092 1.01252
76.212 1.0125
76.332 1.01248
76.452 1.01246
76.572 1.01244
76.692 1.01242
76.812 1.0124
76.932 1.01238
77.052 1.01236
77.172 1.01234
77.292 1.01232
77.412 1.0123
77.532 1.01228
77.652 1.01226
77.772 1.01224
77.892 1.01222
78.012 1.01221
78.132 1.01219
78.252 1.01217
78.372 1.01215
78.492 1.01213
78.612 1.01211
78.732 1.01209
78.852 1.01207
78.972 1.01205
79.092 1.01204
79.212 1.01202
79.332 1.012
79.452 1.01198
79.572 1.01196
79.692 1.01194
79.812 1.01193
79.932 1.01191
80.052 1.01189
80.172 1.01187
80.292 1.01185
80.412 1.01183
80.532 1.01182
80.652 1.0118
80.772 1.01178
80.892 1.01176
81.012 1.01175
81.132 1.01173
81.252 1.01171
81.372 1.01169
81.492 1.01167
81.612 1.01166
81.732 1.01164
81.852 1.01162
81.972 1.01161
82.092 1.01159
82.212 1.01157
82.332 1.01155
82.452 1.01154
82.572 1.01152
82.692 1.0115
82.812 1.01149
82.932 1.01147
83.052 1.01145
83.172 1.01144
83.292 1.01142
83.412 1.0114
83.532 1.01138
83.652 1.01137
83.772 1.01135
83.892 1.01134
84.012 1.01132
84.132 1.0113
84.252 1.01129
84.372 1.01127
84.492 1.01125
84.612 1.01124
84.732 1.01122
84.852 1.0112
84.972 1.01119
85.092 1.01117
85.212 1.01116
85.332 1.01114
85.452 1.01112
85.572 1.01111
85.692 1.01109
85.812 1.01108
85.932 1.01106
86.052 1.01105
86.172 1.01103
86.292 1.01101
86.412 1.011
86.532 1.01098
86.652 1.01097
86.772 1.01095
86.892 1.01094
87.012 1.01092
87.132 1.01091
87.252 1.01089
87.372 1.01088
87.492 1.01086
87.612 1.01085
87.732 1.01083
87.852 1.01082
87.972 1.0108
88.092 1.01079
88.212 1.01077
88.332 1.01076
88.452 1.01074
88.572 1.01073
88.692 1.01071
88.812 1.0107
88.932 1.01068
89.052 1.01067
89.172 1.01065
89.292 1.01064
89.412 1.01062
89.532 1.01061
89.652 1.0106
89.772 1.01058
89.892 1.01057
90.012 1.01055
90.132 1.01054
90.252 1.01052
90.372 1.01051
90.492 1.0105
90.612 1.01048
90.732 1.01047
90.852 1.01045
90.972 1.01044
91.092 1.01043
91.212 1.01041
91.332 1.0104
91.452 1.01038
91.572 1.01037
91.692 1.01036
91.812 1.01034
91.932 1.01033
92.052 1.01031
92.172 1.0103
92.292 1.01029
92.412 1.01027
92.532 1.01026
92.652 1.01025
92.772 1.01023
92.892 1.01022
93.012 1.01021
93.132 1.01019
93.252 1.01018
93.372 1.01017
93.492 1.01015
93.612 1.01014
93.732 1.01013
93.852 1.01011
93.972 1.0101
94.092 1.01009
94.212 1.01007
94.332 1.01006
94.452 1.01005
94.572 1.01004
94.692 1.01002
94.812 1.01001
94.932 1.01
95.052 1.00998
95.172 1.00997
95.292 1.00996
95.412 1.00995
95.532 1.00993
95.652 1.00992
95.772 1.00991
95.892 1.0099
96.012 1.00988
96.132 1.00987
96.252 1.00986
96.372 1.00985
96.492 1.00983
96.612 1.00982
96.732 1.00981
96.852 1.0098
96.972 1.00978
97.092 1.00977
97.212 1.00976
97.332 1.00975
97.452 1.00973
97.572 1.00972
97.692 1.00971
97.812 1.0097
97.932 1.00969
98.052 1.00967
98.172 1.00966
98.292 1.00965
98.412 1.00964
98.532 1.00963
98.652 1.00961
98.772 1.0096
98.892 1.00959
99.012 1.00958
99.132 1.00957
99.252 1.00956
99.372 1.00954
99.492 1.00953
99.612 1.00952
99.732 1.00951
99.852 1.0095
99.972 1.00949
100.092 1.00947
100.212 1.00946
100.332 1.00945
100.452 1.00944
100.572 1.00943
100.692 1.00942
100.812 1.00941
100.932 1.00939
101.052 1.00938
101.172 1.00937
101.292 1.00936
101.412 1.00935
101.532 1.00934
101.652 1.00933
101.772 1.00932
101.892 1.0093
102.012 1.00929
102.132 1.00928
102.252 1.00927
102.372 1.00926
102.492 1.00925
102.612 1.00924
102.732 1.00923
102.852 1.00922
102.972 1.00921
103.092 1.00919
103.212 1.00918
103.332 1.00917
103.452 1.00916
103.572 1.00915
103.692 1.00914
103.812 1.00913
103.932 1.00912
104.052 1.00911
104.172 1.0091
104.292 1.00909
104.412 1.00908
104.532 1.00907
104.652 1.00906
104.772 1.00905
104.892 1.00904
105.012 1.00902
105.132 1.00901
105.252 1.009
105.372 1.00899
105.492 1.00898
105.612 1.00897
105.732 1.00896
105.852 1.00895
105.972 1.00894
106.092 1.00893
106.212 1.00892
106.332 1.00891
106.452 1.0089
106.572 1.00889
106.692 1.00888
106.812 1.00887
106.932 1.00886
107.052 1.00885
107.172 1.00884
107.292 1.00883
107.412 1.00882
107.532 1.00881
107.652 1.0088
107.772 1.00879
107.892 1.00878
108.012 1.00877
108.132 1.00876
108.252 1.00875
108.372 1.00874
108.492 1.00873
108.612 1.00872
108.732 1.00871
108.852 1.0087
108.972 1.00869
109.092 1.00868
109.212 1.00867
109.332 1.00866
109.452 1.00865
109.572 1.00864
109.692 1.00863
109.812 1.00862
109.932 1.00862
110.052 1.00861
110.172 1.0086
110.292 1.00859
110.412 1.00858
110.532 1.00857
110.652 1.00856
110.772 1.00855
110.892 1.00854
111.012 1.00853
111.132 1.00852
111.252 1.00851
111.372 1.0085
111.492 1.00849
111.612 1.00848
111.732 1.00847
111.852 1.00847
111.972 1.00846
112.092 1.00845
112.212 1.00844
112.332 1.00843
112.452 1.00842
112.572 1.00841
112.692 1.0084
112.812 1.00839
112.932 1.00838
113.052 1.00837
113.172 1.00837
113.292 1.00836
113.412 1.00835
113.532 1.00834
113.652 1.00833
113.772 1.00832
113.892 1.00831
114.012 1.0083
114.132 1.00829
114.252 1.00829
114.372 1.00828
114.492 1.00827
114.612 1.00826
114.732 1.00825
114.852 1.00824
114.972 1.00823
115.092 1.00822
115.212 1.00822
115.332 1.00821
115.452 1.0082
115.572 1.00819
115.692 1.00818
115.812 1.00817
115.932 1.00816
116.052 1.00816
116.172 1.00815
116.292 1.00814
116.412 1.00813
116.532 1.00812
116.652 1.00811
116.772 1.0081
116.892 1.0081
117.012 1.00809
117.132 1.00808
117.252 1.00807
117.372 1.00806
117.492 1.00805
117.612 1.00805
117.732 1.00804
117.852 1.00803
117.972 1.00802
118.092 1.00801
118.212 1.008
118.332 1.008
118.452 1.00799
118.572 1.00798
118.692 1.00797
118.812 1.00796
118.932 1.00796
119.052 1.00795
119.172 1.00794
119.292 1.00793
119.412 1.00792
119.532 1.00792
119.652 1.00791
119.772 1.0079
119.892 1.00789

