0.006 1
0.066 1.00078
0.126 1.00283
0.186 1.00613
0.246 1.01063
0.306 1.01628
0.366 1.02301
0.426 1.03073
0.486 1.03936
0.546 1.04881
0.606 1.05899
0.666 1.06981
0.726 1.0812
0.786 1.09308
0.846 1.10539
0.906 1.11808
0.966 1.13109
1.026 1.14436
1.086 1.15777
1.146 1.17114
1.206 1.18422
1.266 1.19675
1.326 1.2085
1.386 1.21932
1.446 1.22915
1.506 1.23798
1.566 1.24583
1.626 1.25276
1.686 1.25884
1.746 1.26414
1.806 1.26873
1.866 1.27271
1.926 1.27614
1.986 1.27908
2.046 1.28161
2.106 1.28377
2.166 1.28562
2.226 1.28721
2.286 1.28857
2.346 1.28973
2.406 1.29073
2.466 1.29158
2.526 1.29232
2.586 1.29296
2.646 1.2935
2.706 1.29397
2.766 1.29438
2.826 1.29472
2.886 1.29501
2.946 1.29526
3.006 1.29546
3.066 1.29562
3.126 1.29574
3.186 1.29582
3.246 1.29586
3.306 1.29587
3.366 1.29584
3.426 1.29577
3.486 1.29566
3.546 1.29551
3.606 1.29532
3.666 1.29508
3.726 1.2948
3.786 1.29448
3.846 1.29411
3.906 1.29369
3.966 1.29322
4.026 1.29271
4.086 1.29214
4.146 1.29151
4.206 1.29084
4.266 1.29011
4.326 1.28932
4.386 1.28848
4.446 1.28758
4.506 1.28663
4.566 1.28561
4.626 1.28454
4.686 1.28341
4.746 1.28222
4.806 1.28098
4.866 1.27967
4.926 1.27831
4.986 1.27688
5.046 1.2754
5.106 1.27386
5.166 1.27227
5.226 1.27061
5.286 1.2689
5.346 1.26714
5.406 1.26532
5.466 1.26344
5.526 1.26152
5.586 1.25954
5.646 1.2575
5.706 1.25542
5.766 1.25329
5.826 1.2511
5.886 1.24887
5.946 1.2466
6.006 1.24428
6.066 1.24191
6.126 1.2395
6.186 1.23705
6.246 1.23455
6.306 1.23202
6.366 1.22945
6.426 1.22684
6.486 1.2242
6.546 1.22152
6.606 1.21881
6.666 1.21616
6.726 1.21357
6.786 1.21104
6.846 1.20857
6.906 1.20616
6.966 1.20381
7.026 1.2015
7.086 1.19925
7.146 1.19705
7.206 1.1949
7.266 1.1928
7.326 1.19074
7.386 1.18872
7.446 1.18675
7.506 1.18482
7.566 1.18292
7.626 1.18107
7.686 1.17925
7.746 1.17747
7.806 1.17573
7.866 1.17402
7.926 1.17234
7.986 1.1707
8.046 1.16908
8.106 1.1675
8.166 1.16594
8.226 1.16442
8.286 1.16292
8.346 1.16145
8.406 1.16001
8.466 1.15859
8.526 1.1572
8.586 1.15583
8.646 1.15448
8.706 1.15316
8.766 1.15186
8.826 1.15058
8.886 1.14933
8.946 1.14809
9.006 1.14688
9.066 1.14568
9.126 1.14451
9.186 1.14335
9.246 1.14221
9.306 1.14109
9.366 1.13999
9.426 1.1389
9.486 1.13784
9.546 1.13678
9.606 1.13575
9.666 1.13473
9.726 1.13372
9.786 1.13273
9.846 1.13176
9.906 1.13079
9.966 1.12985
10.026 1.12891
10.086 1.12799
10.146 1.12709
10.206 1.12619
10.266 1.12531
10.326 1.12444
10.386 1.12358
10.446 1.12274
10.506 1.1219
10.566 1.12108
10.626 1.12027
10.686 1.11947
10.746 1.11867
10.806 1.11789
10.866 1.11712
10.926 1.11636
10.986 1.11561
11.046 1.11487
11.106 1.11414
11.166 1.11342
11.226 1.11271
11.286 1.11201
11.346 1.11131
11.406 1.11062
11.466 1.10995
11.526 1.10928
11.586 1.10862
11.646 1.10796
11.706 1.10732
11.766 1.10668
11.826 1.10605
11.886 1.10543
11.946 1.10481
12.006 1.1042
12.066 1.1036
12.126 1.10301
12.186 1.10242
12.246 1.10184
12.306 1.10126
12.366 1.10069
12.426 1.10013
12.486 1.09958
12.546 1.09903
12.606 1.09848
12.666 1.09795
12.726 1.09742
12.786 1.09689
12.846 1.09637
12.906 1.09585
12.966 1.09535
13.026 1.09484
13.086 1.09434
13.146 1.09385
13.206 1.09336
13.266 1.09288
13.326 1.0924
13.386 1.09193
13.446 1.09146
13.506 1.091
13.566 1.09054
13.626 1.09008
13.686 1.08963
13.746 1.08919
13.806 1.08875
13.866 1.08831
13.926 1.08788
13.986 1.08745
14.046 1.08703
14.106 1.08661
14.166 1.08619
14.226 1.08578
14.286 1.08537
14.346 1.08497
14.406 1.08457
14.466 1.08417
14.526 1.08378
14.586 1.08339
14.646 1.08301
14.706 1.08263
14.766 1.08225
14.826 1.08187
14.886 1.0815
14.946 1.08113
15.006 1.08077
15.066 1.08041
15.126 1.08005
15.186 1.07969
15.246 1.07934
15.306 1.07899
15.366 1.07865
15.426 1.0783
15.486 1.07796
15.546 1.07763
15.606 1.07729
15.666 1.07696
15.726 1.07663
15.786 1.07631
15.846 1.07599
15.906 1.07567
15.966 1.07535
16.026 1.07503
16.086 1.07472
16.146 1.07441
16.206 1.07411
16.266 1.0738
16.326 1.0735
16.386 1.0732
16.446 1.0729
16.506 1.07261
16.566 1.07232
16.626 1.07203
16.686 1.07174
16.746 1.07145
16.806 1.07117
16.866 1.07089
16.926 1.07061
16.986 1.07033
17.046 1.07006
17.106 1.06979
17.166 1.06952
17.226 1.06925
17.286 1.06898
17.346 1.06872
17.406 1.06846
17.466 1.0682
17.526 1.06794
17.586 1.06769
17.646 1.06743
17.706 1.06718
17.766 1.06693
17.826 1.06668
17.886 1.06643
17.946 1.06619
18.006 1.06595
18.066 1.06571
18.126 1.06547
18.186 1.06523
18.246 1.06499
18.306 1.06476
18.366 1.06453
18.426 1.0643
18.486 1.06407
18.546 1.06384
18.606 1.06361
18.666 1.06339
18.726 1.06317
18.786 1.06294
18.846 1.06273
18.906 1.06251
18.966 1.06229
19.026 1.06208
19.086 1.06186
19.146 1.06165
19.206 1.06144
19.266 1.06123
19.326 1.06102
19.386 1.06082
19.446 1.06061
19.506 1.06041
19.566 1.0602
19.626 1.06
19.686 1.0598
19.746 1.05961
19.806 1.05941
19.866 1.05921
19.926 1.05902
19.986 1.05883
20.046 1.05863
20.106 1.05844
20.166 1.05825
20.226 1.05807
20.286 1.05788
20.346 1.05769
20.406 1.05751
20.466 1.05732
20.526 1.05714
20.586 1.05696
20.646 1.05678
20.706 1.0566
20.766 1.05643
20.826 1.05625
20.886 1.05607
20.946 1.0559
21.006 1.05573
21.066 1.05555
21.126 1.05538
21.186 1.05521
21.246 1.05504
21.306 1.05488
21.366 1.05471
21.426 1.05454
21.486 1.05438
21.546 1.05421
21.606 1.05405
21.666 1.05389
21.726 1.05373
21.786 1.05357
21.846 1.05341
21.906 1.05325
21.966 1.05309
22.026 1.05294
22.086 1.05278
22.146 1.05263
22.206 1.05247
22.266 1.05232
22.326 1.05217
22.386 1.05202
22.446 1.05187
22.506 1.05172
22.566 1.05157
22.626 1.05142
22.686 1.05128
22.746 1.05113
22.806 1.05099
22.866 1.05084
22.926 1.0507
22.986 1.05056
23.046 1.05041
23.106 1.05027
23.166 1.05013
23.226 1.04999
23.286 1.04985
23.346 1.04972
23.406 1.04958
23.466 1.04944
23.526 1.04931
23.586 1.04917
23.646 1.04904
23.706 1.04891
23.766 1.04877
23.826 1.04864
23.886 1.04851
23.946 1.04838
24.006 1.04825
24.066 1.04812
24.126 1.04799
24.186 1.04786
24.246 1.04774
24.306 1.04761
24.366 1.04748
24.426 1.04736
24.486 1.04724
24.546 1.04711
24.606 1.04699
24.666 1.04687
24.726 1.04674
24.786 1.04662
24.846 1.0465
24.906 1.04638
24.966 1.04626
25.026 1.04614
25.086 1.04603
25.146 1.04591
25.206 1.04579
25.266 1.04568
25.326 1.04556
25.386 1.04544
25.446 1.04533
25.506 1.04522
25.566 1.0451
25.626 1.04499
25.686 1.04488
25.746 1.04477
25.806 1.04465
25.866 1.04454
25.926 1.04443
25.986 1.04432
26.046 1.04422
26.106 1.04411
26.166 1.044
26.226 1.04389
26.286 1.04378
26.346 1.04368
26.406 1.04357
26.466 1.04347
26.526 1.04336
26.586 1.04326
26.646 1.04315
26.706 1.04305
26.766 1.04295
26.826 1.04285
26.886 1.04274
26.946 1.04264
27.006 1.04254
27.066 1.04244
27.126 1.04234
27.186 1.04224
27.246 1.04214
27.306 1.04204
27.366 1.04195
27.426 1.04185
27.486 1.04175
27.546 1.04166
27.606 1.04156
27.666 1.04146
27.726 1.04137
27.786 1.04127
27.846 1.04118
27.906 1.04108
27.966 1.04099
28.026 1.0409
28.086 1.0408
28.146 1.04071
28.206 1.04062
28.266 1.04053
28.326 1.04044
28.386 1.04035
28.446 1.04026
28.506 1.04017
28.566 1.04008
28.626 1.03999
28.686 1.0399
28.746 1.03981
28.806 1.03972
28.866 1.03964
28.926 1.03955
28.986 1.03946
29.046 1.03938
29.106 1.03929
29.166 1.0392
29.226 1.03912
29.286 1.03903
29.346 1.03895
29.406 1.03886
29.466 1.03878
29.526 1.0387
29.586 1.03861
29.646 1.03853
29.706 1.03845
29.766 1.03837
29.826 1.03829
29.886 1.0382
29.946 1.03812
30.006 1.03804
30.066 1.03796
30.126 1.03788
30.186 1.0378
30.246 1.03772
30.306 1.03764
30.366 1.03757
30.426 1.03749
30.486 1.03741
30.546 1.03733
30.606 1.03725
30.666 1.03718
30.726 1.0371
30.786 1.03702
30.846 1.03695
30.906 1.03687
30.966 1.0368
31.026 1.03672
31.086 1.03665
31.146 1.03657
31.206 1.0365
31.266 1.03642
31.326 1.03635
31.386 1.03628
31.446 1.0362
31.506 1.03613
31.566 1.03606
31.626 1.03599
31.686 1.03592
31.746 1.03584
31.806 1.03577
31.866 1.0357
31.926 1.03563
31.986 1.03556
32.046 1.03549
32.106 1.03542
32.166 1.03535
32.226 1.03528
32.286 1.03521
32.346 1.03514
32.406 1.03508
32.466 1.03501
32.526 1.03494
32.586 1.03487
32.646 1.0348
32.706 1.03474
32.766 1.03467
32.826 1.0346
32.886 1.03454
32.946 1.03447
33.006 1.0344
33.066 1.03434
33.126 1.03427
33.186 1.03421
33.246 1.03414
33.306 1.03408
33.366 1.03401
33.426 1.03395
33.486 1.03389
33.546 1.03382
33.606 1.03376
33.666 1.0337
33.726 1.03363
33.786 1.03357
33.846 1.03351
33.906 1.03344
33.966 1.03338
34.026 1.03332
34.086 1.03326
34.146 1.0332
34.206 1.03314
34.266 1.03308
34.326 1.03301
34.386 1.03295
34.446 1.03289
34.506 1.03283
34.566 1.03277
34.626 1.03271
34.686 1.03266
34.746 1.0326
34.806 1.03254
34.866 1.03248
34.926 1.03242
34.986 1.03236
35.046 1.0323
35.106 1.03225
35.166 1.03219
35.226 1.03213
35.286 1.03207
35.346 1.03202
35.406 1.03196
35.466 1.0319
35.526 1.03185
35.586 1.03179
35.646 1.03173
35.706 1.03168
35.766 1.03162
35.826 1.03157
35.886 1.03151
35.946 1.03146
36.006 1.0314
36.066 1.03135
36.126 1.03129
36.186 1.03124
36.246 1.03118
36.306 1.03113
36.366 1.03108
36.426 1.03102
36.486 1.03097
36.546 1.03092
36.606 1.03086
36.666 1.03081
36.726 1.03076
36.786 1.0307
36.846 1.03065
36.906 1.0306
36.966 1.03055
37.026 1.0305
37.086 1.03044
37.146 1.03039
37.206 1.03034
37.266 1.03029
37.326 1.03024
37.386 1.03019
37.446 1.03014
37.506 1.03009
37.566 1.03004
37.626 1.02999
37.686 1.02994
37.746 1.02989
37.806 1.02984
37.866 1.02979
37.926 1.02974
37.986 1.02969
38.046 1.02964
38.106 1.02959
38.166 1.02954
38.226 1.0295
38.286 1.02945
38.346 1.0294
38.406 1.02935
38.466 1.0293
38.526 1.02926
38.586 1.02921
38.646 1.02916
38.706 1.02911
38.766 1.02907
38.826 1.02902
38.886 1.02897
38.946 1.02893
39.006 1.02888
39.066 1.02883
39.126 1.02879
39.186 1.02874
39.246 1.0287
39.306 1.02865
39.366 1.0286
39.426 1.02856
39.486 1.02851
39.546 1.02847
39.606 1.02842
39.666 1.02838
39.726 1.02833
39.786 1.02829
39.846 1.02825
39.906 1.0282
39.966 1.02816
40.026 1.02811
40.086 1.02807
40.146 1.02803
40.206 1.02798
40.266 1.02794
40.326 1.0279
40.386 1.02785
40.446 1.02781
40.506 1.02777
40.566 1.02772
40.626 1.02768
40.686 1.02764
40.746 1.0276
40.806 1.02755
40.866 1.02751
40.926 1.02747
40.986 1.02743
41.046 1.02739
41.106 1.02734
41.166 1.0273
41.226 1.02726
41.286 1.02722
41.346 1.02718
41.406 1.02714
41.466 1.0271
41.526 1.02706
41.586 1.02702
41.646 1.02697
41.706 1.02693
41.766 1.02689
41.826 1.02685
41.886 1.02681
41.946 1.02677
42.006 1.02673
42.066 1.02669
42.126 1.02666
42.186 1.02662
42.246 1.02658
42.306 1.02654
42.366 1.0265
42.426 1.02646
42.486 1.02642
42.546 1.02638
42.606 1.02634
42.666 1.0263
42.726 1.02627
42.786 1.02623
42.846 1.02619
42.906 1.02615
42.966 1.02611
43.026 1.02608
43.086 1.02604
43.146 1.026
43.206 1.02596
43.266 1.02593
43.326 1.02589
43.386 1.02585
43.446 1.02581
43.506 1.02578
43.566 1.02574
43.626 1.0257
43.686 1.02567
43.746 1.02563
43.806 1.02559
43.866 1.02556
43.926 1.02552
43.986 1.02548
44.046 1.02545
44.106 1.02541
44.166 1.02538
44.226 1.02534
44.286 1.02531
44.346 1.02527
44.406 1.02523
44.466 1.0252
44.526 1.02516
44.586 1.02513
44.646 1.02509
44.706 1.02506
44.766 1.02502
44.826 1.02499
44.886 1.02495
44.946 1.02492
45.006 1.02489
45.066 1.02485
45.126 1.02482
45.186 1.02478
45.246 1.02475
45.306 1.02471
45.366 1.02468
45.426 1.02465
45.486 1.02461
45.546 1.02458
45.606 1.02455
45.666 1.02451
45.726 1.02448
45.786 1.02445
45.846 1.02441
45.906 1.02438
45.966 1.02435
46.026 1.02431
46.086 1.02428
46.146 1.02425
46.206 1.02422
46.266 1.02418
46.326 1.02415
46.386 1.02412
46.446 1.02409
46.506 1.02405
46.566 1.02402
46.626 1.02399
46.686 1.02396
46.746 1.02393
46.806 1.02389
46.866 1.02386
46.926 1.02383
46.986 1.0238
47.046 1.02377
47.106 1.02374
47.166 1.0237
47.226 1.02367
47.286 1.02364
47.346 1.02361
47.406 1.02358
47.466 1.02355
47.526 1.02352
47.586 1.02349
47.646 1.02346
47.706 1.02343
47.766 1.0234
47.826 1.02337
47.886 1.02334
47.946 1.02331
48.006 1.02328
48.066 1.02325
48.126 1.02322
48.186 1.02319
48.246 1.02316
48.306 1.02313
48.366 1.0231
48.426 1.02307
48.486 1.02304
48.546 1.02301
48.606 1.02298
48.666 1.02295
48.726 1.02292
48.786 1.02289
48.846 1.02286
48.906 1.02283
48.966 1.0228
49.026 1.02277
49.086 1.02275
49.146 1.02272
49.206 1.02269
49.266 1.02266
49.326 1.02263
49.386 1.0226
49.446 1.02257
49.506 1.02255
49.566 1.02252
49.626 1.02249
49.686 1.02246
49.746 1.02243
49.806 1.02241
49.866 1.02238
49.926 1.02235
49.986 1.02232
50.046 1.02229
50.106 1.02227
50.166 1.02224
50.226 1.02221
50.286 1.02218
50.346 1.02216
50.406 1.02213
50.466 1.0221
50.526 1.02208
50.586 1.02205
50.646 1.02202
50.706 1.02199
50.766 1.02197
50.826 1.02194
50.886 1.02191
50.946 1.02189
51.006 1.02186
51.066 1.02183
51.126 1.02181
51.186 1.02178
51.246 1.02176
51.306 1.02173
51.366 1.0217
51.426 1.02168
51.486 1.02165
51.546 1.02162
51.606 1.0216
51.666 1.02157
51.726 1.02155
51.786 1.02152
51.846 1.0215
51.906 1.02147
51.966 1.02144
52.026 1.02142
52.086 1.02139
52.146 1.02137
52.206 1.02134
52.266 1.02132
52.326 1.02129
52.386 1.02127
52.446 1.02124
52.506 1.02122
52.566 1.02119
52.626 1.02117
52.686 1.02114
52.746 1.02112
52.806 1.02109
52.866 1.02107
52.926 1.02104
52.986 1.02102
53.046 1.02099
53.106 1.02097
53.166 1.02094
53.226 1.02092
53.286 1.0209
53.346 1.02087
53.406 1.02085
53.466 1.02082
53.526 1.0208
53.586 1.02078
53.646 1.02075
53.706 1.02073
53.766 1.0207
53.826 1.02068
53.886 1.02066
53.946 1.02063
54.006 1.02061
54.066 1.02059
54.126 1.02056
54.186 1.02054
54.246 1.02051
54.306 1.02049
54.366 1.02047
54.426 1.02045
54.486 1.02042
54.546 1.0204
54.606 1.02038
54.666 1.02035
54.726 1.02033
54.786 1.02031
54.846 1.02028
54.906 1.02026
54.966 1.02024
55.026 1.02022
55.086 1.02019
55.146 1.02017
55.206 1.02015
55.266 1.02012
55.326 1.0201
55.386 1.02008
55.446 1.02006
55.506 1.02004
55.566 1.02001
55.626 1.01999
55.686 1.01997
55.746 1.01995
55.806 1.01992
55.866 1.0199
55.926 1.01988
55.986 1.01986
56.046 1.01984
56.106 1.01981
56.166 1.01979
56.226 1.01977
56.286 1.01975
56.346 1.01973
56.406 1.01971
56.466 1.01968
56.526 1.01966
56.586 1.01964
56.646 1.01962
56.706 1.0196
56.766 1.01958
56.826 1.01956
56.886 1.01953
56.946 1.01951
57.006 1.01949
57.066 1.01947
57.126 1.01945
57.186 1.01943
57.246 1.01941
57.306 1.01939
57.366 1.01937
57.426 1.01935
57.486 1.01932
57.546 1.0193
57.606 1.01928
57.666 1.01926
57.726 1.01924
57.786 1.01922
57.846 1.0192
57.906 1.01918
57.966 1.01916
58.026 1.01914
58.086 1.01912
58.146 1.0191
58.206 1.01908
58.266 1.01906
58.326 1.01904
58.386 1.01902
58.446 1.019
58.506 1.01898
58.566 1.01896
58.626 1.01894
58.686 1.01892
58.746 1.0189
58.806 1.01888
58.866 1.01886
58.926 1.01884
58.986 1.01882
59.046 1.0188
59.106 1.01878
59.166 1.01876
59.226 1.01874
59.286 1.01872
59.346 1.0187
59.406 1.01868
59.466 1.01866
59.526 1.01864
59.586 1.01862
59.646 1.01861
59.706 1.01859
59.766 1.01857
59.826 1.01855
59.886 1.01853
59.946 1.01851

