0.006 0.745643
0.066 0.745831
0.126 0.746333
0.186 0.747144
0.246 0.748256
0.306 0.74966
0.366 0.751343
0.426 0.753291
0.486 0.755487
0.546 0.757913
0.606 0.760548
0.666 0.763372
0.726 0.766363
0.786 0.769499
0.846 0.77276
0.906 0.776125
0.966 0.779575
1.026 0.783092
1.086 0.786659
1.146 0.790261
1.206 0.793884
1.266 0.797517
1.326 0.801148
1.386 0.804767
1.446 0.808366
1.506 0.811936
1.566 0.815472
1.626 0.818966
1.686 0.822413
1.746 0.82581
1.806 0.829151
1.866 0.832433
1.926 0.835654
1.986 0.838812
2.046 0.841903
2.106 0.844927
2.166 0.847883
2.226 0.850769
2.286 0.853585
2.346 0.856332
2.406 0.859011
2.466 0.861621
2.526 0.864165
2.586 0.866643
2.646 0.869056
2.706 0.871406
2.766 0.873694
2.826 0.875921
2.886 0.87809
2.946 0.8802
3.006 0.882254
3.066 0.884254
3.126 0.8862
3.186 0.888094
3.246 0.889937
3.306 0.891732
3.366 0.893478
3.426 0.895179
3.486 0.896835
3.546 0.898447
3.606 0.900017
3.666 0.901546
3.726 0.903035
3.786 0.904485
3.846 0.905899
3.906 0.907276
3.966 0.908619
4.026 0.909927
4.086 0.911202
4.146 0.912446
4.206 0.913659
4.266 0.914842
4.326 0.915996
4.386 0.917122
4.446 0.918221
4.506 0.919293
4.566 0.92034
4.626 0.921363
4.686 0.922361
4.746 0.923336
4.806 0.924289
4.866 0.92522
4.926 0.92613
4.986 0.927019
5.046 0.927888
5.106 0.928739
5.166 0.92957
5.226 0.930383
5.286 0.931179
5.346 0.931957
5.406 0.932719
5.466 0.933465
5.526 0.934195
5.586 0.93491
5.646 0.935611
5.706 0.936297
5.766 0.936969
5.826 0.937627
5.886 0.938273
5.946 0.938905
6.006 0.939526
6.066 0.940134
6.126 0.94073
6.186 0.941315
6.246 0.941889
6.306 0.942452
6.366 0.943004
6.426 0.943546
6.486 0.944079
6.546 0.944601
6.606 0.945114
6.666 0.945618
6.726 0.946113
6.786 0.946599
6.846 0.947076
6.906 0.947546
6.966 0.948007
7.026 0.94846
7.086 0.948905
7.146 0.949343
7.206 0.949774
7.266 0.950197
7.326 0.950614
7.386 0.951023
7.446 0.951426
7.506 0.951823
7.566 0.952213
7.626 0.952597
7.686 0.952975
7.746 0.953347
7.806 0.953713
7.866 0.954073
7.926 0.954428
7.986 0.954778
8.046 0.955122
8.106 0.955461
8.166 0.955795
8.226 0.956124
8.286 0.956448
8.346 0.956768
8.406 0.957083
8.466 0.957393
8.526 0.957699
8.586 0.958001
8.646 0.958298
8.706 0.958591
8.766 0.958881
8.826 0.959166
8.886 0.959447
8.946 0.959724
9.006 0.959998
9.066 0.960268
9.126 0.960534
9.186 0.960797
9.246 0.961056
9.306 0.961312
9.366 0.961565
9.426 0.961814
9.486 0.96206
9.546 0.962303
9.606 0.962543
9.666 0.96278
9.726 0.963014
9.786 0.963245
9.846 0.963473
9.906 0.963698
9.966 0.963921
10.026 0.964141
10.086 0.964358
10.146 0.964573
10.206 0.964785
10.266 0.964994
10.326 0.965201
10.386 0.965406
10.446 0.965608
10.506 0.965808
10.566 0.966005
10.626 0.966201
10.686 0.966394
10.746 0.966584
10.806 0.966773
10.866 0.96696
10.926 0.967144
10.986 0.967327
11.046 0.967507
11.106 0.967686
11.166 0.967862
11.226 0.968037
11.286 0.968209
11.346 0.96838
11.406 0.968549
11.466 0.968716
11.526 0.968882
11.586 0.969046
11.646 0.969208
11.706 0.969368
11.766 0.969527
11.826 0.969684
11.886 0.969839
11.946 0.969993
12.006 0.970145
12.066 0.970296
12.126 0.970445
12.186 0.970593
12.246 0.970739
12.306 0.970884
12.366 0.971027
12.426 0.971169
12.486 0.97131
12.546 0.971449
12.606 0.971587
12.666 0.971723
12.726 0.971859
12.786 0.971993
12.846 0.972125
12.906 0.972257
12.966 0.972387
13.026 0.972516
13.086 0.972644
13.146 0.97277
13.206 0.972896
13.266 0.97302
13.326 0.973143
13.386 0.973265
13.446 0.973386
13.506 0.973506
13.566 0.973625
13.626 0.973743
13.686 0.973859
13.746 0.973975
13.806 0.974089
13.866 0.974203
13.926 0.974316
13.986 0.974427
14.046 0.974538
14.106 0.974648
14.166 0.974756
14.226 0.974864
14.286 0.974971
14.346 0.975077
14.406 0.975182
14.466 0.975287
14.526 0.97539
14.586 0.975492
14.646 0.975594
14.706 0.975695
14.766 0.975795
14.826 0.975894
14.886 0.975992
14.946 0.97609
15.006 0.976187
15.066 0.976283
15.126 0.976378
15.186 0.976472
15.246 0.976566
15.306 0.976659
15.366 0.976751
15.426 0.976843
15.486 0.976934
15.546 0.977024
15.606 0.977113
15.666 0.977202
15.726 0.97729
15.786 0.977377
15.846 0.977464
15.906 0.97755
15.966 0.977635
16.026 0.97772
16.086 0.977804
16.146 0.977887
16.206 0.97797
16.266 0.978052
16.326 0.978134
16.386 0.978215
16.446 0.978295
16.506 0.978375
16.566 0.978454
16.626 0.978533
16.686 0.978611
16.746 0.978688
16.806 0.978765
16.866 0.978841
16.926 0.978917
16.986 0.978992
17.046 0.979067
17.106 0.979141
17.166 0.979215
17.226 0.979288
17.286 0.979361
17.346 0.979433
17.406 0.979505
17.466 0.979576
17.526 0.979646
17.586 0.979717
17.646 0.979786
17.706 0.979856
17.766 0.979924
17.826 0.979992
17.886 0.98006
17.946 0.980128
18.006 0.980195
18.066 0.980261
18.126 0.980327
18.186 0.980393
18.246 0.980458
18.306 0.980522
18.366 0.980587
18.426 0.98065
18.486 0.980714
18.546 0.980777
18.606 0.980839
18.666 0.980902
18.726 0.980963
18.786 0.981025
18.846 0.981086
18.906 0.981146
18.966 0.981207
19.026 0.981266
19.086 0.981326
19.146 0.981385
19.206 0.981444
19.266 0.981502
19.326 0.98156
19.386 0.981618
19.446 0.981675
19.506 0.981732
19.566 0.981788
19.626 0.981844
19.686 0.9819
19.746 0.981956
19.806 0.982011
19.866 0.982066
19.926 0.98212
19.986 0.982174
20.046 0.982228
20.106 0.982282
20.166 0.982335
20.226 0.982388
20.286 0.98244
20.346 0.982493
20.406 0.982545
20.466 0.982596
20.526 0.982648
20.586 0.982699
20.646 0.982749
20.706 0.9828
20.766 0.98285
20.826 0.9829
20.886 0.982949
20.946 0.982999
21.006 0.983047
21.066 0.983096
21.126 0.983145
21.186 0.983193
21.246 0.983241
21.306 0.983288
21.366 0.983336
21.426 0.983383
21.486 0.983429
21.546 0.983476
21.606 0.983522
21.666 0.983568
21.726 0.983614
21.786 0.983659
21.846 0.983705
21.906 0.98375
21.966 0.983794
22.026 0.983839
22.086 0.983883
22.146 0.983927
22.206 0.983971
22.266 0.984015
22.326 0.984058
22.386 0.984101
22.446 0.984144
22.506 0.984186
22.566 0.984229
22.626 0.984271
22.686 0.984313
22.746 0.984355
22.806 0.984396
22.866 0.984437
22.926 0.984478
22.986 0.984519
23.046 0.98456
23.106 0.9846
23.166 0.98464
23.226 0.98468
23.286 0.98472
23.346 0.98476
23.406 0.984799
23.466 0.984838
23.526 0.984877
23.586 0.984916
23.646 0.984955
23.706 0.984993
23.766 0.985031
23.826 0.985069
23.886 0.985107
23.946 0.985145
24.006 0.985182
24.066 0.985219
24.126 0.985256
24.186 0.985293
24.246 0.98533
24.306 0.985366
24.366 0.985403
24.426 0.985439
24.486 0.985475
24.546 0.98551
24.606 0.985546
24.666 0.985581
24.726 0.985617
24.786 0.985652
24.846 0.985687
24.906 0.985721
24.966 0.985756
25.026 0.98579
25.086 0.985825
25.146 0.985859
25.206 0.985892
25.266 0.985926
25.326 0.98596
25.386 0.985993
25.446 0.986026
25.506 0.98606
25.566 0.986093
25.626 0.986125
25.686 0.986158
25.746 0.98619
25.806 0.986223
25.866 0.986255
25.926 0.986287
25.986 0.986319
26.046 0.986351
26.106 0.986382
26.166 0.986414
26.226 0.986445
26.286 0.986476
26.346 0.986507
26.406 0.986538
26.466 0.986569
26.526 0.986599
26.586 0.98663
26.646 0.98666
26.706 0.98669
26.766 0.98672
26.826 0.98675
26.886 0.98678
26.946 0.98681
27.006 0.986839
27.066 0.986868
27.126 0.986898
27.186 0.986927
27.246 0.986956
27.306 0.986985
27.366 0.987013
27.426 0.987042
27.486 0.98707
27.546 0.987099
27.606 0.987127
27.666 0.987155
27.726 0.987183
27.786 0.987211
27.846 0.987239
27.906 0.987266
27.966 0.987294
28.026 0.987321
28.086 0.987348
28.146 0.987376
28.206 0.987403
28.266 0.987429
28.326 0.987456
28.386 0.987483
28.446 0.987509
28.506 0.987536
28.566 0.987562
28.626 0.987589
28.686 0.987615
28.746 0.987641
28.806 0.987667
28.866 0.987692
28.926 0.987718
28.986 0.987744
29.046 0.987769
29.106 0.987794
29.166 0.98782
29.226 0.987845
29.286 0.98787
29.346 0.987895
29.406 0.98792
29.466 0.987945
29.526 0.987969
29.586 0.987994
29.646 0.988018
29.706 0.988042
29.766 0.988067
29.826 0.988091
29.886 0.988115
29.946 0.988139
30.006 0.988163
30.066 0.988187
30.126 0.98821
30.186 0.988234
30.246 0.988257
30.306 0.988281
30.366 0.988304
30.426 0.988327
30.486 0.98835
30.546 0.988373
30.606 0.988396
30.666 0.988419
30.726 0.988442
30.786 0.988464
30.846 0.988487
30.906 0.988509
30.966 0.988532
31.026 0.988554
31.086 0.988576
31.146 0.988599
31.206 0.988621
31.266 0.988643
31.326 0.988664
31.386 0.988686
31.446 0.988708
31.506 0.98873
31.566 0.988751
31.626 0.988773
31.686 0.988794
31.746 0.988815
31.806 0.988836
31.866 0.988858
31.926 0.988879
31.986 0.9889
32.046 0.988921
32.106 0.988941
32.166 0.988962
32.226 0.988983
32.286 0.989003
32.346 0.989024
32.406 0.989044
32.466 0.989065
32.526 0.989085
32.586 0.989105
32.646 0.989125
32.706 0.989145
32.766 0.989165
32.826 0.989185
32.886 0.989205
32.946 0.989225
33.006 0.989245
33.066 0.989264
33.126 0.989284
33.186 0.989303
33.246 0.989323
33.306 0.989342
33.366 0.989361
33.426 0.98938
33.486 0.9894
33.546 0.989419
33.606 0.989438
33.666 0.989457
33.726 0.989475
33.786 0.989494
33.846 0.989513
33.906 0.989532
33.966 0.98955
34.026 0.989569
34.086 0.989587
34.146 0.989606
34.206 0.989624
34.266 0.989642
34.326 0.98966
34.386 0.989678
34.446 0.989697
34.506 0.989715
34.566 0.989732
34.626 0.98975
34.686 0.989768
34.746 0.989786
34.806 0.989804
34.866 0.989821
34.926 0.989839
34.986 0.989856
35.046 0.989874
35.106 0.989891
35.166 0.989909
35.226 0.989926
35.286 0.989943
35.346 0.98996
35.406 0.989977
35.466 0.989994
35.526 0.990011
35.586 0.990028
35.646 0.990045
35.706 0.990062
35.766 0.990079
35.826 0.990095
35.886 0.990112
35.946 0.990129
36.006 0.990145
36.066 0.990162
36.126 0.990178
36.186 0.990194
36.246 0.990211
36.306 0.990227
36.366 0.990243
36.426 0.990259
36.486 0.990275
36.546 0.990291
36.606 0.990307
36.666 0.990323
36.726 0.990339
36.786 0.990355
36.846 0.990371
36.906 0.990387
36.966 0.990402
37.026 0.990418
37.086 0.990434
37.146 0.990449
37.206 0.990465
37.266 0.99048
37.326 0.990495
37.386 0.990511
37.446 0.990526
37.506 0.990541
37.566 0.990556
37.626 0.990571
37.686 0.990587
37.746 0.990602
37.806 0.990617
37.866 0.990631
37.926 0.990646
37.986 0.990661
38.046 0.990676
38.106 0.990691
38.166 0.990705
38.226 0.99072
38.286 0.990735
38.346 0.990749
38.406 0.990764
38.466 0.990778
38.526 0.990793
38.586 0.990807
38.646 0.990821
38.706 0.990836
38.766 0.99085
38.826 0.990864
38.886 0.990878
38.946 0.990892
39.006 0.990907
39.066 0.990921
39.126 0.990935
39.186 0.990949
39.246 0.990962
39.306 0.990976
39.366 0.99099
39.426 0.991004
39.486 0.991018
39.546 0.991031
39.606 0.991045
39.666 0.991059
39.726 0.991072
39.786 0.991086
39.846 0.991099
39.906 0.991113
39.966 0.991126
40.026 0.991139
40.086 0.991153
40.146 0.991166
40.206 0.991179
40.266 0.991192
40.326 0.991206
40.386 0.991219
40.446 0.991232
40.506 0.991245
40.566 0.991258
40.626 0.991271
40.686 0.991284
40.746 0.991297
40.806 0.991309
40.866 0.991322
40.926 0.991335
40.986 0.991348
41.046 0.99136
41.106 0.991373
41.166 0.991386
41.226 0.991398
41.286 0.991411
41.346 0.991423
41.406 0.991436
41.466 0.991448
41.526 0.991461
41.586 0.991473
41.646 0.991485
41.706 0.991498
41.766 0.99151
41.826 0.991522
41.886 0.991534
41.946 0.991547
42.006 0.991559
42.066 0.991571
42.126 0.991583
42.186 0.991595
42.246 0.991607
42.306 0.991619
42.366 0.991631
42.426 0.991643
42.486 0.991655
42.546 0.991666
42.606 0.991678
42.666 0.99169
42.726 0.991702
42.786 0.991713
42.846 0.991725
42.906 0.991737
42.966 0.991748
43.026 0.99176
43.086 0.991771
43.146 0.991783
43.206 0.991794
43.266 0.991806
43.326 0.991817
43.386 0.991828
43.446 0.99184
43.506 0.991851
43.566 0.991862
43.626 0.991874
43.686 0.991885
43.746 0.991896
43.806 0.991907
43.866 0.991918
43.926 0.991929
43.986 0.99194
44.046 0.991951
44.106 0.991962
44.166 0.991973
44.226 0.991984
44.286 0.991995
44.346 0.992006
44.406 0.992017
44.466 0.992028
44.526 0.992038
44.586 0.992049
44.646 0.99206
44.706 0.992071
44.766 0.992081
44.826 0.992092
44.886 0.992103
44.946 0.992113
45.006 0.992124
45.066 0.992134
45.126 0.992145
45.186 0.992155
45.246 0.992166
45.306 0.992176
45.366 0.992186
45.426 0.992197
45.486 0.992207
45.546 0.992217
45.606 0.992228
45.666 0.992238
45.726 0.992248
45.786 0.992258
45.846 0.992269
45.906 0.992279
45.966 0.992289
46.026 0.992299
46.086 0.992309
46.146 0.992319
46.206 0.992329
46.266 0.992339
46.326 0.992349
46.386 0.992359
46.446 0.992369
46.506 0.992379
46.566 0.992389
46.626 0.992398
46.686 0.992408
46.746 0.992418
46.806 0.992428
46.866 0.992437
46.926 0.992447
46.986 0.992457
47.046 0.992467
47.106 0.992476
47.166 0.992486
47.226 0.992495
47.286 0.992505
47.346 0.992514
47.406 0.992524
47.466 0.992533
47.526 0.992543
47.586 0.992552
47.646 0.992562
47.706 0.992571
47.766 0.99258
47.826 0.99259
47.886 0.992599
47.946 0.992608
48.006 0.992618
48.066 0.992627
48.126 0.992636
48.186 0.992645
48.246 0.992655
48.306 0.992664
48.366 0.992673
48.426 0.992682
48.486 0.992691
48.546 0.9927
48.606 0.992709
48.666 0.992718
48.726 0.992727
48.786 0.992736
48.846 0.992745
48.906 0.992754
48.966 0.992763
49.026 0.992772
49.086 0.992781
49.146 0.99279
49.206 0.992798
49.266 0.992807
49.326 0.992816
49.386 0.992825
49.446 0.992833
49.506 0.992842
49.566 0.992851
49.626 0.99286
49.686 0.992868
49.746 0.992877
49.806 0.992885
49.866 0.992894
49.926 0.992903
49.986 0.992911
50.046 0.99292
50.106 0.992928
50.166 0.992937
50.226 0.992945
50.286 0.992954
50.346 0.992962
50.406 0.99297
50.466 0.992979
50.526 0.992987
50.586 0.992996
50.646 0.993004
50.706 0.993012
50.766 0.99302
50.826 0.993029
50.886 0.993037
50.946 0.993045
51.006 0.993053
51.066 0.993062
51.126 0.99307
51.186 0.993078
51.246 0.993086
51.306 0.993094
51.366 0.993102
51.426 0.99311
51.486 0.993118
51.546 0.993126
51.606 0.993134
51.666 0.993142
51.726 0.99315
51.786 0.993158
51.846 0.993166
51.906 0.993174
51.966 0.993182
52.026 0.99319
52.086 0.993198
52.146 0.993206
52.206 0.993214
52.266 0.993221
52.326 0.993229
52.386 0.993237
52.446 0.993245
52.506 0.993253
52.566 0.99326
52.626 0.993268
52.686 0.993276
52.746 0.993283
52.806 0.993291
52.866 0.993299
52.926 0.993306
52.986 0.993314
53.046 0.993321
53.106 0.993329
53.166 0.993337
53.226 0.993344
53.286 0.993352
53.346 0.993359
53.406 0.993367
53.466 0.993374
53.526 0.993382
53.586 0.993389
53.646 0.993396
53.706 0.993404
53.766 0.993411
53.826 0.993419
53.886 0.993426
53.946 0.993433
54.006 0.993441
54.066 0.993448
54.126 0.993455
54.186 0.993462
54.246 0.99347
54.306 0.993477
54.366 0.993484
54.426 0.993491
54.486 0.993499
54.546 0.993506
54.606 0.993513
54.666 0.99352
54.726 0.993527
54.786 0.993534
54.846 0.993541
54.906 0.993548
54.966 0.993556
55.026 0.993563
55.086 0.99357
55.146 0.993577
55.206 0.993584
55.266 0.993591
55.326 0.993598
55.386 0.993605
55.446 0.993611
55.506 0.993618
55.566 0.993625
55.626 0.993632
55.686 0.993639
55.746 0.993646
55.806 0.993653
55.866 0.99366
55.926 0.993666
55.986 0.993673
56.046 0.99368
56.106 0.993687
56.166 0.993694
56.226 0.9937
56.286 0.993707
56.346 0.993714
56.406 0.993721
56.466 0.993727
56.526 0.993734
56.586 0.993741
56.646 0.993747
56.706 0.993754
56.766 0.993761
56.826 0.993767
56.886 0.993774
56.946 0.99378
57.006 0.993787
57.066 0.993793
57.126 0.9938
57.186 0.993806
57.246 0.993813
57.306 0.993819
57.366 0.993826
57.426 0.993832
57.486 0.993839
57.546 0.993845
57.606 0.993852
57.666 0.993858
57.726 0.993865
57.786 0.993871
57.846 0.993877
57.906 0.993884
57.966 0.99389
58.026 0.993896
58.086 0.993903
58.146 0.993909
58.206 0.993915
58.266 0.993922
58.326 0.993928
58.386 0.993934
58.446 0.99394
58.506 0.993947
58.566 0.993953
58.626 0.993959
58.686 0.993965
58.746 0.993971
58.806 0.993978
58.866 0.993984
58.926 0.99399
58.986 0.993996
59.046 0.994002
59.106 0.994008
59.166 0.994014
59.226 0.99402
59.286 0.994027
59.346 0.994033
59.406 0.994039
59.466 0.994045
59.526 0.994051
59.586 0.994057
59.646 0.994063
59.706 0.994069
59.766 0.994075
59.826 0.994081
59.886 0.994087
59.946 0.994092

