0.006 0
0.066 0.000138693
0.126 0.00095095
0.186 0.0029849
0.246 0.00667844
0.306 0.0123284
0.366 0.0200788
0.426 0.0299278
0.486 0.0417479
0.546 0.0553151
0.606 0.0703445
0.666 0.0865522
0.726 0.103632
0.786 0.121283
0.846 0.139227
0.906 0.157221
0.966 0.175056
1.026 0.192563
1.086 0.209605
1.146 0.226079
1.206 0.24191
1.266 0.257044
1.326 0.271452
1.386 0.285116
1.446 0.298035
1.506 0.310218
1.566 0.321678
1.626 0.332439
1.686 0.342526
1.746 0.351967
1.806 0.360793
1.866 0.369035
1.926 0.376724
1.986 0.383893
2.046 0.390571
2.106 0.396789
2.166 0.402576
2.226 0.407959
2.286 0.412963
2.346 0.417616
2.406 0.421939
2.466 0.425955
2.526 0.429685
2.586 0.43315
2.646 0.436366
2.706 0.439352
2.766 0.442124
2.826 0.444697
2.886 0.447084
2.946 0.4493
3.006 0.451356
3.066 0.453264
3.126 0.455033
3.186 0.456675
3.246 0.458199
3.306 0.459612
3.366 0.460922
3.426 0.462138
3.486 0.463266
3.546 0.464312
3.606 0.465282
3.666 0.466182
3.726 0.467016
3.786 0.46779
3.846 0.468508
3.906 0.469173
3.966 0.469791
4.026 0.470363
4.086 0.470894
4.146 0.471386
4.206 0.471842
4.266 0.472265
4.326 0.472657
4.386 0.473021
4.446 0.473358
4.506 0.473671
4.566 0.47396
4.626 0.474229
4.686 0.474478
4.746 0.474708
4.806 0.474922
4.866 0.47512
4.926 0.475304
4.986 0.475474
5.046 0.475632
5.106 0.475778
5.166 0.475913
5.226 0.476039
5.286 0.476155
5.346 0.476262
5.406 0.476362
5.466 0.476454
5.526 0.476539
5.586 0.476618
5.646 0.476691
5.706 0.476759
5.766 0.476822
5.826 0.476879
5.886 0.476933
5.946 0.476982
6.006 0.477028
6.066 0.477071
6.126 0.47711
6.186 0.477146
6.246 0.477179
6.306 0.47721
6.366 0.477238
6.426 0.477264
6.486 0.477289
6.546 0.477311
6.606 0.477331
6.666 0.47735
6.726 0.477368
6.786 0.477383
6.846 0.477398
6.906 0.477412
6.966 0.477424
7.026 0.477435
7.086 0.477446
7.146 0.477455
7.206 0.477464
7.266 0.477472
7.326 0.477479
7.386 0.477486
7.446 0.477492
7.506 0.477498
7.566 0.477503
7.626 0.477507
7.686 0.477511
7.746 0.477515
7.806 0.477518
7.866 0.477521
7.926 0.477524
7.986 0.477527
8.046 0.477529
8.106 0.477531
8.166 0.477533
8.226 0.477535
8.286 0.477536
8.346 0.477538
8.406 0.477539
8.466 0.47754
8.526 0.477541
8.586 0.477542
8.646 0.477543
8.706 0.477544
8.766 0.477544
8.826 0.477544
8.886 0.477544
8.946 0.477544
9.006 0.477544
9.066 0.477544
9.126 0.477544
9.186 0.477544
9.246 0.477544
9.306 0.477544
9.366 0.477544
9.426 0.477544
9.486 0.477544
9.546 0.477544
9.606 0.477544
9.666 0.477544
9.726 0.477544
9.786 0.477544
9.846 0.477544
9.906 0.477544
9.966 0.477544
10.026 0.477544
10.086 0.477544
10.146 0.477544
10.206 0.477544
10.266 0.477544
10.326 0.477544
10.386 0.477544
10.446 0.477544
10.506 0.477544
10.566 0.477544
10.626 0.477544
10.686 0.477544
10.746 0.477544
10.806 0.477544
10.866 0.477544
10.926 0.477544
10.986 0.477544
11.046 0.477544
11.106 0.477544
11.166 0.477544
11.226 0.477544
11.286 0.477544
11.346 0.477544
11.406 0.477544
11.466 0.477544
11.526 0.477544
11.586 0.477544
11.646 0.477544
11.706 0.477544
11.766 0.477544
11.826 0.477544
11.886 0.477544
11.946 0.477544
12.006 0.477544
12.066 0.477544
12.126 0.477544
12.186 0.477544
12.246 0.477544
12.306 0.477544
12.366 0.477544
12.426 0.477544
12.486 0.477544
12.546 0.477544
12.606 0.477544
12.666 0.477544
12.726 0.477544
12.786 0.477544
12.846 0.477544
12.906 0.477544
12.966 0.477544
13.026 0.477544
13.086 0.477544
13.146 0.477544
13.206 0.477544
13.266 0.477544
13.326 0.477544
13.386 0.477544
13.446 0.477544
13.506 0.477544
13.566 0.477544
13.626 0.477544
13.686 0.477544
13.746 0.477544
13.806 0.477544
13.866 0.477544
13.926 0.477544
13.986 0.477544
14.046 0.477544
14.106 0.477544
14.166 0.477544
14.226 0.477544
14.286 0.477544
14.346 0.477544
14.406 0.477544
14.466 0.477544
14.526 0.477544
14.586 0.477544
14.646 0.477544
14.706 0.477544
14.766 0.477544
14.826 0.477544
14.886 0.477544
14.946 0.477544
15.006 0.477544
15.066 0.477544
15.126 0.477544
15.186 0.477544
15.246 0.477544
15.306 0.477544
15.366 0.477544
15.426 0.477544
15.486 0.477544
15.546 0.477544
15.606 0.477544
15.666 0.477544
15.726 0.477544
15.786 0.477544
15.846 0.477544
15.906 0.477544
15.966 0.477544
16.026 0.477544
16.086 0.477544
16.146 0.477544
16.206 0.477544
16.266 0.477544
16.326 0.477544
16.386 0.477544
16.446 0.477544
16.506 0.477544
16.566 0.477544
16.626 0.477544
16.686 0.477544
16.746 0.477544
16.806 0.477544
16.866 0.477544
16.926 0.477544
16.986 0.477544
17.046 0.477544
17.106 0.477544
17.166 0.477544
17.226 0.477544
17.286 0.477544
17.346 0.477544
17.406 0.477544
17.466 0.477544
17.526 0.477544
17.586 0.477544
17.646 0.477544
17.706 0.477544
17.766 0.477544
17.826 0.477544
17.886 0.477544
17.946 0.477544
18.006 0.477544
18.066 0.477544
18.126 0.477544
18.186 0.477544
18.246 0.477544
18.306 0.477544
18.366 0.477544
18.426 0.477544
18.486 0.477544
18.546 0.477544
18.606 0.477544
18.666 0.477544
18.726 0.477544
18.786 0.477544
18.846 0.477544
18.906 0.477544
18.966 0.477544
19.026 0.477544
19.086 0.477544
19.146 0.477544
19.206 0.477544
19.266 0.477544
19.326 0.477544
19.386 0.477544
19.446 0.477544
19.506 0.477544
19.566 0.477544
19.626 0.477544
19.686 0.477544
19.746 0.477544
19.806 0.477544
19.866 0.477544
19.926 0.477544
19.986 0.477544
20.046 0.477544
20.106 0.477544
20.166 0.477544
20.226 0.477544
20.286 0.477544
20.346 0.477544
20.406 0.477544
20.466 0.477544
20.526 0.477544
20.586 0.477544
20.646 0.477544
20.706 0.477544
20.766 0.477544
20.826 0.477544
20.886 0.477544
20.946 0.477544
21.006 0.477544
21.066 0.477544
21.126 0.477544
21.186 0.477544
21.246 0.477544
21.306 0.477544
21.366 0.477544
21.426 0.477544
21.486 0.477544
21.546 0.477544
21.606 0.477544
21.666 0.477544
21.726 0.477544
21.786 0.477544
21.846 0.477544
21.906 0.477544
21.966 0.477544
22.026 0.477544
22.086 0.477544
22.146 0.477544
22.206 0.477544
22.266 0.477544
22.326 0.477544
22.386 0.477544
22.446 0.477544
22.506 0.477544
22.566 0.477544
22.626 0.477544
22.686 0.477544
22.746 0.477544
22.806 0.477544
22.866 0.477544
22.926 0.477544
22.986 0.477544
23.046 0.477544
23.106 0.477544
23.166 0.477544
23.226 0.477544
23.286 0.477544
23.346 0.477544
23.406 0.477544
23.466 0.477544
23.526 0.477544
23.586 0.477544
23.646 0.477544
23.706 0.477544
23.766 0.477544
23.826 0.477544
23.886 0.477544
23.946 0.477544
24.006 0.477544
24.066 0.477544
24.126 0.477544
24.186 0.477544
24.246 0.477544
24.306 0.477544
24.366 0.477544
24.426 0.477544
24.486 0.477544
24.546 0.477544
24.606 0.477544
24.666 0.477544
24.726 0.477544
24.786 0.477544
24.846 0.477544
24.906 0.477544
24.966 0.477544
25.026 0.477544
25.086 0.477544
25.146 0.477544
25.206 0.477544
25.266 0.477544
25.326 0.477544
25.386 0.477544
25.446 0.477544
25.506 0.477544
25.566 0.477544
25.626 0.477544
25.686 0.477544
25.746 0.477544
25.806 0.477544
25.866 0.477544
25.926 0.477544
25.986 0.477544
26.046 0.477544
26.106 0.477544
26.166 0.477544
26.226 0.477544
26.286 0.477544
26.346 0.477544
26.406 0.477544
26.466 0.477544
26.526 0.477544
26.586 0.477544
26.646 0.477544
26.706 0.477544
26.766 0.477544
26.826 0.477544
26.886 0.477544
26.946 0.477544
27.006 0.477544
27.066 0.477544
27.126 0.477544
27.186 0.477544
27.246 0.477544
27.306 0.477544
27.366 0.477544
27.426 0.477544
27.486 0.477544
27.546 0.477544
27.606 0.477544
27.666 0.477544
27.726 0.477544
27.786 0.477544
27.846 0.477544
27.906 0.477544
27.966 0.477544
28.026 0.477544
28.086 0.477544
28.146 0.477544
28.206 0.477544
28.266 0.477544
28.326 0.477544
28.386 0.477544
28.446 0.477544
28.506 0.477544
28.566 0.477544
28.626 0.477544
28.686 0.477544
28.746 0.477544
28.806 0.477544
28.866 0.477544
28.926 0.477544
28.986 0.477544
29.046 0.477544
29.106 0.477544
29.166 0.477544
29.226 0.477544
29.286 0.477544
29.346 0.477544
29.406 0.477544
29.466 0.477544
29.526 0.477544
29.586 0.477544
29.646 0.477544
29.706 0.477544
29.766 0.477544
29.826 0.477544
29.886 0.477544
29.946 0.477544
30.006 0.477544
30.066 0.477544
30.126 0.477544
30.186 0.477544
30.246 0.477544
30.306 0.477544
30.366 0.477544
30.426 0.477544
30.486 0.477544
30.546 0.477544
30.606 0.477544
30.666 0.477544
30.726 0.477544
30.786 0.477544
30.846 0.477544
30.906 0.477544
30.966 0.477544
31.026 0.477544
31.086 0.477544
31.146 0.477544
31.206 0.477544
31.266 0.477544
31.326 0.477544
31.386 0.477544
31.446 0.477544
31.506 0.477544
31.566 0.477544
31.626 0.477544
31.686 0.477544
31.746 0.477544
31.806 0.477544
31.866 0.477544
31.926 0.477544
31.986 0.477544
32.046 0.477544
32.106 0.477544
32.166 0.477544
32.226 0.477544
32.286 0.477544
32.346 0.477544
32.406 0.477544
32.466 0.477544
32.526 0.477544
32.586 0.477544
32.646 0.477544
32.706 0.477544
32.766 0.477544
32.826 0.477544
32.886 0.477544
32.946 0.477544
33.006 0.477544
33.066 0.477544
33.126 0.477544
33.186 0.477544
33.246 0.477544
33.306 0.477544
33.366 0.477544
33.426 0.477544
33.486 0.477544
33.546 0.477544
33.606 0.477544
33.666 0.477544
33.726 0.477544
33.786 0.477544
33.846 0.477544
33.906 0.477544
33.966 0.477544
34.026 0.477544
34.086 0.477544
34.146 0.477544
34.206 0.477544
34.266 0.477544
34.326 0.477544
34.386 0.477544
34.446 0.477544
34.506 0.477544
34.566 0.477544
34.626 0.477544
34.686 0.477544
34.746 0.477544
34.806 0.477544
34.866 0.477544
34.926 0.477544
34.986 0.477544
35.046 0.477544
35.106 0.477544
35.166 0.477544
35.226 0.477544
35.286 0.477544
35.346 0.477544
35.406 0.477544
35.466 0.477544
35.526 0.477544
35.586 0.477544
35.646 0.477544
35.706 0.477544
35.766 0.477544
35.826 0.477544
35.886 0.477544
35.946 0.477544
36.006 0.477544
36.066 0.477544
36.126 0.477544
36.186 0.477544
36.246 0.477544
36.306 0.477544
36.366 0.477544
36.426 0.477544
36.486 0.477544
36.546 0.477544
36.606 0.477544
36.666 0.477544
36.726 0.477544
36.786 0.477544
36.846 0.477544
36.906 0.477544
36.966 0.477544
37.026 0.477544
37.086 0.477544
37.146 0.477544
37.206 0.477544
37.266 0.477544
37.326 0.477544
37.386 0.477544
37.446 0.477544
37.506 0.477544
37.566 0.477544
37.626 0.477544
37.686 0.477544
37.746 0.477544
37.806 0.477544
37.866 0.477544
37.926 0.477544
37.986 0.477544
38.046 0.477544
38.106 0.477544
38.166 0.477544
38.226 0.477544
38.286 0.477544
38.346 0.477544
38.406 0.477544
38.466 0.477544
38.526 0.477544
38.586 0.477544
38.646 0.477544
38.706 0.477544
38.766 0.477544
38.826 0.477544
38.886 0.477544
38.946 0.477544
39.006 0.477544
39.066 0.477544
39.126 0.477544
39.186 0.477544
39.246 0.477544
39.306 0.477544
39.366 0.477544
39.426 0.477544
39.486 0.477544
39.546 0.477544
39.606 0.477544
39.666 0.477544
39.726 0.477544
39.786 0.477544
39.846 0.477544
39.906 0.477544
39.966 0.477544
40.026 0.477544
40.086 0.477544
40.146 0.477544
40.206 0.477544
40.266 0.477544
40.326 0.477544
40.386 0.477544
40.446 0.477544
40.506 0.477544
40.566 0.477544
40.626 0.477544
40.686 0.477544
40.746 0.477544
40.806 0.477544
40.866 0.477544
40.926 0.477544
40.986 0.477544
41.046 0.477544
41.106 0.477544
41.166 0.477544
41.226 0.477544
41.286 0.477544
41.346 0.477544
41.406 0.477544
41.466 0.477544
41.526 0.477544
41.586 0.477544
41.646 0.477544
41.706 0.477544
41.766 0.477544
41.826 0.477544
41.886 0.477544
41.946 0.477544
42.006 0.477544
42.066 0.477544
42.126 0.477544
42.186 0.477544
42.246 0.477544
42.306 0.477544
42.366 0.477544
42.426 0.477544
42.486 0.477544
42.546 0.477544
42.606 0.477544
42.666 0.477544
42.726 0.477544
42.786 0.477544
42.846 0.477544
42.906 0.477544
42.966 0.477544
43.026 0.477544
43.086 0.477544
43.146 0.477544
43.206 0.477544
43.266 0.477544
43.326 0.477544
43.386 0.477544
43.446 0.477544
43.506 0.477544
43.566 0.477544
43.626 0.477544
43.686 0.477544
43.746 0.477544
43.806 0.477544
43.866 0.477544
43.926 0.477544
43.986 0.477544
44.046 0.477544
44.106 0.477544
44.166 0.477544
44.226 0.477544
44.286 0.477544
44.346 0.477544
44.406 0.477544
44.466 0.477544
44.526 0.477544
44.586 0.477544
44.646 0.477544
44.706 0.477544
44.766 0.477544
44.826 0.477544
44.886 0.477544
44.946 0.477544
45.006 0.477544
45.066 0.477544
45.126 0.477544
45.186 0.477544
45.246 0.477544
45.306 0.477544
45.366 0.477544
45.426 0.477544
45.486 0.477544
45.546 0.477544
45.606 0.477544
45.666 0.477544
45.726 0.477544
45.786 0.477544
45.846 0.477544
45.906 0.477544
45.966 0.477544
46.026 0.477544
46.086 0.477544
46.146 0.477544
46.206 0.477544
46.266 0.477544
46.326 0.477544
46.386 0.477544
46.446 0.477544
46.506 0.477544
46.566 0.477544
46.626 0.477544
46.686 0.477544
46.746 0.477544
46.806 0.477544
46.866 0.477544
46.926 0.477544
46.986 0.477544
47.046 0.477544
47.106 0.477544
47.166 0.477544
47.226 0.477544
47.286 0.477544
47.346 0.477544
47.406 0.477544
47.466 0.477544
47.526 0.477544
47.586 0.477544
47.646 0.477544
47.706 0.477544
47.766 0.477544
47.826 0.477544
47.886 0.477544
47.946 0.477544
48.006 0.477544
48.066 0.477544
48.126 0.477544
48.186 0.477544
48.246 0.477544
48.306 0.477544
48.366 0.477544
48.426 0.477544
48.486 0.477544
48.546 0.477544
48.606 0.477544
48.666 0.477544
48.726 0.477544
48.786 0.477544
48.846 0.477544
48.906 0.477544
48.966 0.477544
49.026 0.477544
49.086 0.477544
49.146 0.477544
49.206 0.477544
49.266 0.477544
49.326 0.477544
49.386 0.477544
49.446 0.477544
49.506 0.477544
49.566 0.477544
49.626 0.477544
49.686 0.477544
49.746 0.477544
49.806 0.477544
49.866 0.477544
49.926 0.477544
49.986 0.477544
50.046 0.477544
50.106 0.477544
50.166 0.477544
50.226 0.477544
50.286 0.477544
50.346 0.477544
50.406 0.477544
50.466 0.477544
50.526 0.477544
50.586 0.477544
50.646 0.477544
50.706 0.477544
50.766 0.477544
50.826 0.477544
50.886 0.477544
50.946 0.477544
51.006 0.477544
51.066 0.477544
51.126 0.477544
51.186 0.477544
51.246 0.477544
51.306 0.477544
51.366 0.477544
51.426 0.477544
51.486 0.477544
51.546 0.477544
51.606 0.477544
51.666 0.477544
51.726 0.477544
51.786 0.477544
51.846 0.477544
51.906 0.477544
51.966 0.477544
52.026 0.477544
52.086 0.477544
52.146 0.477544
52.206 0.477544
52.266 0.477544
52.326 0.477544
52.386 0.477544
52.446 0.477544
52.506 0.477544
52.566 0.477544
52.626 0.477544
52.686 0.477544
52.746 0.477544
52.806 0.477544
52.866 0.477544
52.926 0.477544
52.986 0.477544
53.046 0.477544
53.106 0.477544
53.166 0.477544
53.226 0.477544
53.286 0.477544
53.346 0.477544
53.406 0.477544
53.466 0.477544
53.526 0.477544
53.586 0.477544
53.646 0.477544
53.706 0.477544
53.766 0.477544
53.826 0.477544
53.886 0.477544
53.946 0.477544
54.006 0.477544
54.066 0.477544
54.126 0.477544
54.186 0.477544
54.246 0.477544
54.306 0.477544
54.366 0.477544
54.426 0.477544
54.486 0.477544
54.546 0.477544
54.606 0.477544
54.666 0.477544
54.726 0.477544
54.786 0.477544
54.846 0.477544
54.906 0.477544
54.966 0.477544
55.026 0.477544
55.086 0.477544
55.146 0.477544
55.206 0.477544
55.266 0.477544
55.326 0.477544
55.386 0.477544
55.446 0.477544
55.506 0.477544
55.566 0.477544
55.626 0.477544
55.686 0.477544
55.746 0.477544
55.806 0.477544
55.866 0.477544
55.926 0.477544
55.986 0.477544
56.046 0.477544
56.106 0.477544
56.166 0.477544
56.226 0.477544
56.286 0.477544
56.346 0.477544
56.406 0.477544
56.466 0.477544
56.526 0.477544
56.586 0.477544
56.646 0.477544
56.706 0.477544
56.766 0.477544
56.826 0.477544
56.886 0.477544
56.946 0.477544
57.006 0.477544
57.066 0.477544
57.126 0.477544
57.186 0.477544
57.246 0.477544
57.306 0.477544
57.366 0.477544
57.426 0.477544
57.486 0.477544
57.546 0.477544
57.606 0.477544
57.666 0.477544
57.726 0.477544
57.786 0.477544
57.846 0.477544
57.906 0.477544
57.966 0.477544
58.026 0.477544
58.086 0.477544
58.146 0.477544
58.206 0.477544
58.266 0.477544
58.326 0.477544
58.386 0.477544
58.446 0.477544
58.506 0.477544
58.566 0.477544
58.626 0.477544
58.686 0.477544
58.746 0.477544
58.806 0.477544
58.866 0.477544
58.926 0.477544
58.986 0.477544
59.046 0.477544
59.106 0.477544
59.166 0.477544
59.226 0.477544
59.286 0.477544
59.346 0.477544
59.406 0.477544
59.466 0.477544
59.526 0.477544
59.586 0.477544
59.646 0.477544
59.706 0.477544
59.766 0.477544
59.826 0.477544
59.886 0.477544
59.946 0.477544

