0.006 0
0.066 3.40748e-05
0.126 0.000236358
0.186 0.000755787
0.246 0.00173398
0.306 0.00330209
0.366 0.00557803
0.426 0.00866416
0.486 0.0126455
0.546 0.0175885
0.606 0.0235403
0.666 0.0305288
0.726 0.0385631
0.786 0.0476343
0.846 0.0577169
0.906 0.0687704
0.966 0.0807415
1.026 0.0935658
1.086 0.10717
1.146 0.121475
1.206 0.136397
1.266 0.151848
1.326 0.167742
1.386 0.183993
1.446 0.200517
1.506 0.217234
1.566 0.234068
1.626 0.250949
1.686 0.267813
1.746 0.284602
1.806 0.301263
1.866 0.31775
1.926 0.334024
1.986 0.350051
2.046 0.365803
2.106 0.381257
2.166 0.396394
2.226 0.4112
2.286 0.425665
2.346 0.439783
2.406 0.453548
2.466 0.466961
2.526 0.480021
2.586 0.492732
2.646 0.505097
2.706 0.517122
2.766 0.528812
2.826 0.540176
2.886 0.551219
2.946 0.56195
3.006 0.572376
3.066 0.582504
3.126 0.592343
3.186 0.601899
3.246 0.61118
3.306 0.620192
3.366 0.628941
3.426 0.637434
3.486 0.645675
3.546 0.65367
3.606 0.661423
3.666 0.668938
3.726 0.676219
3.786 0.683269
3.846 0.690091
3.906 0.696686
3.966 0.703058
4.026 0.709207
4.086 0.715135
4.146 0.720842
4.206 0.726329
4.266 0.731596
4.326 0.736643
4.386 0.74147
4.446 0.746076
4.506 0.75046
4.566 0.754621
4.626 0.758558
4.686 0.76227
4.746 0.765754
4.806 0.76901
4.866 0.772036
4.926 0.774829
4.986 0.777387
5.046 0.779709
5.106 0.781791
5.166 0.783633
5.226 0.785231
5.286 0.786583
5.346 0.787687
5.406 0.788541
5.466 0.789141
5.526 0.789485
5.586 0.789615
5.646 0.789713
5.706 0.789803
5.766 0.789885
5.826 0.789961
5.886 0.790031
5.946 0.790095
6.006 0.790153
6.066 0.790207
6.126 0.790256
6.186 0.790302
6.246 0.790343
6.306 0.790382
6.366 0.790417
6.426 0.790449
6.486 0.790478
6.546 0.790505
6.606 0.79053
6.666 0.790553
6.726 0.790574
6.786 0.790593
6.846 0.790611
6.906 0.790627
6.966 0.790642
7.026 0.790655
7.086 0.790668
7.146 0.790679
7.206 0.79069
7.266 0.7907
7.326 0.790709
7.386 0.790717
7.446 0.790724
7.506 0.790731
7.566 0.790737
7.626 0.790743
7.686 0.790749
7.746 0.790753
7.806 0.790758
7.866 0.790762
7.926 0.790766
7.986 0.790769
8.046 0.790772
8.106 0.790775
8.166 0.790778
8.226 0.79078
8.286 0.790783
8.346 0.790785
8.406 0.790787
8.466 0.790788
8.526 0.79079
8.586 0.790792
8.646 0.790793
8.706 0.790794
8.766 0.790795
8.826 0.790796
8.886 0.790797
8.946 0.790798
9.006 0.790799
9.066 0.7908
9.126 0.7908
9.186 0.790801
9.246 0.790802
9.306 0.790802
9.366 0.790803
9.426 0.790803
9.486 0.790803
9.546 0.790804
9.606 0.790804
9.666 0.790804
9.726 0.790805
9.786 0.790805
9.846 0.790805
9.906 0.790805
9.966 0.790806
10.026 0.790806
10.086 0.790806
10.146 0.790806
10.206 0.790806
10.266 0.790806
10.326 0.790807
10.386 0.790807
10.446 0.790807
10.506 0.790807
10.566 0.790807
10.626 0.790807
10.686 0.790807
10.746 0.790807
10.806 0.790807
10.866 0.790807
10.926 0.790807
10.986 0.790807
11.046 0.790807
11.106 0.790808
11.166 0.790808
11.226 0.790808
11.286 0.790808
11.346 0.790808
11.406 0.790808
11.466 0.790808
11.526 0.790808
11.586 0.790808
11.646 0.790808
11.706 0.790808
11.766 0.790808
11.826 0.790808
11.886 0.790808
11.946 0.790808
12.006 0.790808
12.066 0.790808
12.126 0.790808
12.186 0.790808
12.246 0.790808
12.306 0.790808
12.366 0.790808
12.426 0.790808
12.486 0.790808
12.546 0.790808
12.606 0.790808
12.666 0.790808
12.726 0.790808
12.786 0.790808
12.846 0.790808
12.906 0.790808
12.966 0.790808
13.026 0.790808
13.086 0.790808
13.146 0.790808
13.206 0.790808
13.266 0.790808
13.326 0.790808
13.386 0.790808
13.446 0.790808
13.506 0.790808
13.566 0.790808
13.626 0.790808
13.686 0.790808
13.746 0.790808
13.806 0.790808
13.866 0.790808
13.926 0.790808
13.986 0.790808
14.046 0.790808
14.106 0.790808
14.166 0.790808
14.226 0.790808
14.286 0.790808
14.346 0.790808
14.406 0.790808
14.466 0.790808
14.526 0.790808
14.586 0.790808
14.646 0.790808
14.706 0.790808
14.766 0.790808
14.826 0.790808
14.886 0.790808
14.946 0.790808
15.006 0.790808
15.066 0.790808
15.126 0.790808
15.186 0.790808
15.246 0.790808
15.306 0.790808
15.366 0.790808
15.426 0.790808
15.486 0.790808
15.546 0.790808
15.606 0.790808
15.666 0.790808
15.726 0.790808
15.786 0.790808
15.846 0.790808
15.906 0.790808
15.966 0.790808
16.026 0.790808
16.086 0.790808
16.146 0.790808
16.206 0.790808
16.266 0.790808
16.326 0.790808
16.386 0.790808
16.446 0.790808
16.506 0.790808
16.566 0.790808
16.626 0.790808
16.686 0.790808
16.746 0.790808
16.806 0.790808
16.866 0.790808
16.926 0.790808
16.986 0.790808
17.046 0.790808
17.106 0.790808
17.166 0.790808
17.226 0.790808
17.286 0.790808
17.346 0.790808
17.406 0.790808
17.466 0.790808
17.526 0.790808
17.586 0.790808
17.646 0.790808
17.706 0.790808
17.766 0.790808
17.826 0.790808
17.886 0.790808
17.946 0.790808
18.006 0.790808
18.066 0.790808
18.126 0.790808
18.186 0.790808
18.246 0.790808
18.306 0.790808
18.366 0.790808
18.426 0.790808
18.486 0.790808
18.546 0.790808
18.606 0.790808
18.666 0.790808
18.726 0.790808
18.786 0.790808
18.846 0.790808
18.906 0.790808
18.966 0.790808
19.026 0.790808
19.086 0.790808
19.146 0.790808
19.206 0.790808
19.266 0.790808
19.326 0.790808
19.386 0.790808
19.446 0.790808
19.506 0.790808
19.566 0.790808
19.626 0.790808
19.686 0.790808
19.746 0.790808
19.806 0.790808
19.866 0.790808
19.926 0.790808
19.986 0.790808
20.046 0.790808
20.106 0.790808
20.166 0.790808
20.226 0.790808
20.286 0.790808
20.346 0.790808
20.406 0.790808
20.466 0.790808
20.526 0.790808
20.586 0.790808
20.646 0.790808
20.706 0.790808
20.766 0.790808
20.826 0.790808
20.886 0.790808
20.946 0.790808
21.006 0.790808
21.066 0.790808
21.126 0.790808
21.186 0.790808
21.246 0.790808
21.306 0.790808
21.366 0.790808
21.426 0.790808
21.486 0.790808
21.546 0.790808
21.606 0.790808
21.666 0.790808
21.726 0.790808
21.786 0.790808
21.846 0.790808
21.906 0.790808
21.966 0.790808
22.026 0.790808
22.086 0.790808
22.146 0.790808
22.206 0.790808
22.266 0.790808
22.326 0.790808
22.386 0.790808
22.446 0.790808
22.506 0.790808
22.566 0.790808
22.626 0.790808
22.686 0.790808
22.746 0.790808
22.806 0.790808
22.866 0.790808
22.926 0.790808
22.986 0.790808
23.046 0.790808
23.106 0.790808
23.166 0.790808
23.226 0.790808
23.286 0.790808
23.346 0.790808
23.406 0.790808
23.466 0.790808
23.526 0.790808
23.586 0.790808
23.646 0.790808
23.706 0.790808
23.766 0.790808
23.826 0.790808
23.886 0.790808
23.946 0.790808
24.006 0.790808
24.066 0.790808
24.126 0.790808
24.186 0.790808
24.246 0.790808
24.306 0.790808
24.366 0.790808
24.426 0.790808
24.486 0.790808
24.546 0.790808
24.606 0.790808
24.666 0.790808
24.726 0.790808
24.786 0.790808
24.846 0.790808
24.906 0.790808
24.966 0.790808
25.026 0.790808
25.086 0.790808
25.146 0.790808
25.206 0.790808
25.266 0.790808
25.326 0.790808
25.386 0.790808
25.446 0.790808
25.506 0.790808
25.566 0.790808
25.626 0.790808
25.686 0.790808
25.746 0.790808
25.806 0.790808
25.866 0.790808
25.926 0.790808
25.986 0.790808
26.046 0.790808
26.106 0.790808
26.166 0.790808
26.226 0.790808
26.286 0.790808
26.346 0.790808
26.406 0.790808
26.466 0.790808
26.526 0.790808
26.586 0.790808
26.646 0.790808
26.706 0.790808
26.766 0.790808
26.826 0.790808
26.886 0.790808
26.946 0.790808
27.006 0.790808
27.066 0.790808
27.126 0.790808
27.186 0.790808
27.246 0.790808
27.306 0.790808
27.366 0.790808
27.426 0.790808
27.486 0.790808
27.546 0.790808
27.606 0.790808
27.666 0.790808
27.726 0.790808
27.786 0.790808
27.846 0.790808
27.906 0.790808
27.966 0.790808
28.026 0.790808
28.086 0.790808
28.146 0.790808
28.206 0.790808
28.266 0.790808
28.326 0.790808
28.386 0.790808
28.446 0.790808
28.506 0.790808
28.566 0.790808
28.626 0.790808
28.686 0.790808
28.746 0.790808
28.806 0.790808
28.866 0.790808
28.926 0.790808
28.986 0.790808
29.046 0.790808
29.106 0.790808
29.166 0.790808
29.226 0.790808
29.286 0.790808
29.346 0.790808
29.406 0.790808
29.466 0.790808
29.526 0.790808
29.586 0.790808
29.646 0.790808
29.706 0.790808
29.766 0.790808
29.826 0.790808
29.886 0.790808
29.946 0.790808
30.006 0.790808
30.066 0.790808
30.126 0.790808
30.186 0.790808
30.246 0.790808
30.306 0.790808
30.366 0.790808
30.426 0.790808
30.486 0.790808
30.546 0.790808
30.606 0.790808
30.666 0.790808
30.726 0.790808
30.786 0.790808
30.846 0.790808
30.906 0.790808
30.966 0.790808
31.026 0.790808
31.086 0.790808
31.146 0.790808
31.206 0.790808
31.266 0.790808
31.326 0.790808
31.386 0.790808
31.446 0.790808
31.506 0.790808
31.566 0.790808
31.626 0.790808
31.686 0.790808
31.746 0.790808
31.806 0.790808
31.866 0.790808
31.926 0.790808
31.986 0.790808
32.046 0.790808
32.106 0.790808
32.166 0.790808
32.226 0.790808
32.286 0.790808
32.346 0.790808
32.406 0.790808
32.466 0.790808
32.526 0.790808
32.586 0.790808
32.646 0.790808
32.706 0.790808
32.766 0.790808
32.826 0.790808
32.886 0.790808
32.946 0.790808
33.006 0.790808
33.066 0.790808
33.126 0.790808
33.186 0.790808
33.246 0.790808
33.306 0.790808
33.366 0.790808
33.426 0.790808
33.486 0.790808
33.546 0.790808
33.606 0.790808
33.666 0.790808
33.726 0.790808
33.786 0.790808
33.846 0.790808
33.906 0.790808
33.966 0.790808
34.026 0.790808
34.086 0.790808
34.146 0.790808
34.206 0.790808
34.266 0.790808
34.326 0.790808
34.386 0.790808
34.446 0.790808
34.506 0.790808
34.566 0.790808
34.626 0.790808
34.686 0.790808
34.746 0.790808
34.806 0.790808
34.866 0.790808
34.926 0.790808
34.986 0.790808
35.046 0.790808
35.106 0.790808
35.166 0.790808
35.226 0.790808
35.286 0.790808
35.346 0.790808
35.406 0.790808
35.466 0.790808
35.526 0.790808
35.586 0.790808
35.646 0.790808
35.706 0.790808
35.766 0.790808
35.826 0.790808
35.886 0.790808
35.946 0.790808
36.006 0.790808
36.066 0.790808
36.126 0.790808
36.186 0.790808
36.246 0.790808
36.306 0.790808
36.366 0.790808
36.426 0.790808
36.486 0.790808
36.546 0.790808
36.606 0.790808
36.666 0.790808
36.726 0.790808
36.786 0.790808
36.846 0.790808
36.906 0.790808
36.966 0.790808
37.026 0.790808
37.086 0.790808
37.146 0.790808
37.206 0.790808
37.266 0.790808
37.326 0.790808
37.386 0.790808
37.446 0.790808
37.506 0.790808
37.566 0.790808
37.626 0.790808
37.686 0.790808
37.746 0.790808
37.806 0.790808
37.866 0.790808
37.926 0.790808
37.986 0.790808
38.046 0.790808
38.106 0.790808
38.166 0.790808
38.226 0.790808
38.286 0.790808
38.346 0.790808
38.406 0.790808
38.466 0.790808
38.526 0.790808
38.586 0.790808
38.646 0.790808
38.706 0.790808
38.766 0.790808
38.826 0.790808
38.886 0.790808
38.946 0.790808
39.006 0.790808
39.066 0.790808
39.126 0.790808
39.186 0.790808
39.246 0.790808
39.306 0.790808
39.366 0.790808
39.426 0.790808
39.486 0.790808
39.546 0.790808
39.606 0.790808
39.666 0.790808
39.726 0.790808
39.786 0.790808
39.846 0.790808
39.906 0.790808
39.966 0.790808
40.026 0.790808
40.086 0.790808
40.146 0.790808
40.206 0.790808
40.266 0.790808
40.326 0.790808
40.386 0.790808
40.446 0.790808
40.506 0.790808
40.566 0.790808
40.626 0.790808
40.686 0.790808
40.746 0.790808
40.806 0.790808
40.866 0.790808
40.926 0.790808
40.986 0.790808
41.046 0.790808
41.106 0.790808
41.166 0.790808
41.226 0.790808
41.286 0.790808
41.346 0.790808
41.406 0.790808
41.466 0.790808
41.526 0.790808
41.586 0.790808
41.646 0.790808
41.706 0.790808
41.766 0.790808
41.826 0.790808
41.886 0.790808
41.946 0.790808
42.006 0.790808
42.066 0.790808
42.126 0.790808
42.186 0.790808
42.246 0.790808
42.306 0.790808
42.366 0.790808
42.426 0.790808
42.486 0.790808
42.546 0.790808
42.606 0.790808
42.666 0.790808
42.726 0.790808
42.786 0.790808
42.846 0.790808
42.906 0.790808
42.966 0.790808
43.026 0.790808
43.086 0.790808
43.146 0.790808
43.206 0.790808
43.266 0.790808
43.326 0.790808
43.386 0.790808
43.446 0.790808
43.506 0.790808
43.566 0.790808
43.626 0.790808
43.686 0.790808
43.746 0.790808
43.806 0.790808
43.866 0.790808
43.926 0.790808
43.986 0.790808
44.046 0.790808
44.106 0.790808
44.166 0.790808
44.226 0.790808
44.286 0.790808
44.346 0.790808
44.406 0.790808
44.466 0.790808
44.526 0.790808
44.586 0.790808
44.646 0.790808
44.706 0.790808
44.766 0.790808
44.826 0.790808
44.886 0.790808
44.946 0.790808
45.006 0.790808
45.066 0.790808
45.126 0.790808
45.186 0.790808
45.246 0.790808
45.306 0.790808
45.366 0.790808
45.426 0.790808
45.486 0.790808
45.546 0.790808
45.606 0.790808
45.666 0.790808
45.726 0.790808
45.786 0.790808
45.846 0.790808
45.906 0.790808
45.966 0.790808
46.026 0.790808
46.086 0.790808
46.146 0.790808
46.206 0.790808
46.266 0.790808
46.326 0.790808
46.386 0.790808
46.446 0.790808
46.506 0.790808
46.566 0.790808
46.626 0.790808
46.686 0.790808
46.746 0.790808
46.806 0.790808
46.866 0.790808
46.926 0.790808
46.986 0.790808
47.046 0.790808
47.106 0.790808
47.166 0.790808
47.226 0.790808
47.286 0.790808
47.346 0.790808
47.406 0.790808
47.466 0.790808
47.526 0.790808
47.586 0.790808
47.646 0.790808
47.706 0.790808
47.766 0.790808
47.826 0.790808
47.886 0.790808
47.946 0.790808
48.006 0.790808
48.066 0.790808
48.126 0.790808
48.186 0.790808
48.246 0.790808
48.306 0.790808
48.366 0.790808
48.426 0.790808
48.486 0.790808
48.546 0.790808
48.606 0.790808
48.666 0.790808
48.726 0.790808
48.786 0.790808
48.846 0.790808
48.906 0.790808
48.966 0.790808
49.026 0.790808
49.086 0.790808
49.146 0.790808
49.206 0.790808
49.266 0.790808
49.326 0.790808
49.386 0.790808
49.446 0.790808
49.506 0.790808
49.566 0.790808
49.626 0.790808
49.686 0.790808
49.746 0.790808
49.806 0.790808
49.866 0.790808
49.926 0.790808
49.986 0.790808
50.046 0.790808
50.106 0.790808
50.166 0.790808
50.226 0.790808
50.286 0.790808
50.346 0.790808
50.406 0.790808
50.466 0.790808
50.526 0.790808
50.586 0.790808
50.646 0.790808
50.706 0.790808
50.766 0.790808
50.826 0.790808
50.886 0.790808
50.946 0.790808
51.006 0.790808
51.066 0.790808
51.126 0.790808
51.186 0.790808
51.246 0.790808
51.306 0.790808
51.366 0.790808
51.426 0.790808
51.486 0.790808
51.546 0.790808
51.606 0.790808
51.666 0.790808
51.726 0.790808
51.786 0.790808
51.846 0.790808
51.906 0.790808
51.966 0.790808
52.026 0.790808
52.086 0.790808
52.146 0.790808
52.206 0.790808
52.266 0.790808
52.326 0.790808
52.386 0.790808
52.446 0.790808
52.506 0.790808
52.566 0.790808
52.626 0.790808
52.686 0.790808
52.746 0.790808
52.806 0.790808
52.866 0.790808
52.926 0.790808
52.986 0.790808
53.046 0.790808
53.106 0.790808
53.166 0.790808
53.226 0.790808
53.286 0.790808
53.346 0.790808
53.406 0.790808
53.466 0.790808
53.526 0.790808
53.586 0.790808
53.646 0.790808
53.706 0.790808
53.766 0.790808
53.826 0.790808
53.886 0.790808
53.946 0.790808
54.006 0.790808
54.066 0.790808
54.126 0.790808
54.186 0.790808
54.246 0.790808
54.306 0.790808
54.366 0.790808
54.426 0.790808
54.486 0.790808
54.546 0.790808
54.606 0.790808
54.666 0.790808
54.726 0.790808
54.786 0.790808
54.846 0.790808
54.906 0.790808
54.966 0.790808
55.026 0.790808
55.086 0.790808
55.146 0.790808
55.206 0.790808
55.266 0.790808
55.326 0.790808
55.386 0.790808
55.446 0.790808
55.506 0.790808
55.566 0.790808
55.626 0.790808
55.686 0.790808
55.746 0.790808
55.806 0.790808
55.866 0.790808
55.926 0.790808
55.986 0.790808
56.046 0.790808
56.106 0.790808
56.166 0.790808
56.226 0.790808
56.286 0.790808
56.346 0.790808
56.406 0.790808
56.466 0.790808
56.526 0.790808
56.586 0.790808
56.646 0.790808
56.706 0.790808
56.766 0.790808
56.826 0.790808
56.886 0.790808
56.946 0.790808
57.006 0.790808
57.066 0.790808
57.126 0.790808
57.186 0.790808
57.246 0.790808
57.306 0.790808
57.366 0.790808
57.426 0.790808
57.486 0.790808
57.546 0.790808
57.606 0.790808
57.666 0.790808
57.726 0.790808
57.786 0.790808
57.846 0.790808
57.906 0.790808
57.966 0.790808
58.026 0.790808
58.086 0.790808
58.146 0.790808
58.206 0.790808
58.266 0.790808
58.326 0.790808
58.386 0.790808
58.446 0.790808
58.506 0.790808
58.566 0.790808
58.626 0.790808
58.686 0.790808
58.746 0.790808
58.806 0.790808
58.866 0.790808
58.926 0.790808
58.986 0.790808
59.046 0.790808
59.106 0.790808
59.166 0.790808
59.226 0.790808
59.286 0.790808
59.346 0.790808
59.406 0.790808
59.466 0.790808
59.526 0.790808
59.586 0.790808
59.646 0.790808
59.706 0.790808
59.766 0.790808
59.826 0.790808
59.886 0.790808
59.946 0.790808

