0.006 0
0.066 0.0165178
0.126 0.0295147
0.186 0.0413149
0.246 0.0529598
0.306 0.0646225
0.366 0.0763042
0.426 0.0879626
0.486 0.0995466
0.546 0.111006
0.606 0.122298
0.666 0.133381
0.726 0.144226
0.786 0.154804
0.846 0.165094
0.906 0.175081
0.966 0.184751
1.026 0.194097
1.086 0.203112
1.146 0.211794
1.206 0.220143
1.266 0.22816
1.326 0.23585
1.386 0.243217
1.446 0.250267
1.506 0.257007
1.566 0.263446
1.626 0.269591
1.686 0.275452
1.746 0.281037
1.806 0.286357
1.866 0.291421
1.926 0.296238
1.986 0.300818
2.046 0.30517
2.106 0.309305
2.166 0.313231
2.226 0.316956
2.286 0.320491
2.346 0.323844
2.406 0.327023
2.466 0.330035
2.526 0.33289
2.586 0.335594
2.646 0.338154
2.706 0.340578
2.766 0.342873
2.826 0.345044
2.886 0.347098
2.946 0.349041
3.006 0.350879
3.066 0.352616
3.126 0.354258
3.186 0.35581
3.246 0.357277
3.306 0.358663
3.366 0.359972
3.426 0.361208
3.486 0.362376
3.546 0.363478
3.606 0.364519
3.666 0.365502
3.726 0.366429
3.786 0.367304
3.846 0.36813
3.906 0.368909
3.966 0.369644
4.026 0.370337
4.086 0.37099
4.146 0.371607
4.206 0.372188
4.266 0.372736
4.326 0.373252
4.386 0.373738
4.446 0.374197
4.506 0.374629
4.566 0.375036
4.626 0.375419
4.686 0.37578
4.746 0.37612
4.806 0.376441
4.866 0.376742
4.926 0.377026
4.986 0.377293
5.046 0.377544
5.106 0.37778
5.166 0.378003
5.226 0.378212
5.286 0.378409
5.346 0.378594
5.406 0.378768
5.466 0.378931
5.526 0.379085
5.586 0.379229
5.646 0.379365
5.706 0.379492
5.766 0.379612
5.826 0.379724
5.886 0.379829
5.946 0.379928
6.006 0.380021
6.066 0.380108
6.126 0.380189
6.186 0.380266
6.246 0.380337
6.306 0.380404
6.366 0.380467
6.426 0.380526
6.486 0.380581
6.546 0.380632
6.606 0.38068
6.666 0.380725
6.726 0.380767
6.786 0.380806
6.846 0.380842
6.906 0.380876
6.966 0.380908
7.026 0.380937
7.086 0.380965
7.146 0.38099
7.206 0.381014
7.266 0.381036
7.326 0.381056
7.386 0.381075
7.446 0.381093
7.506 0.381109
7.566 0.381124
7.626 0.381138
7.686 0.38115
7.746 0.381162
7.806 0.381173
7.866 0.381183
7.926 0.381192
7.986 0.3812
8.046 0.381208
8.106 0.381215
8.166 0.381221
8.226 0.381227
8.286 0.381232
8.346 0.381237
8.406 0.381241
8.466 0.381245
8.526 0.381249
8.586 0.381252
8.646 0.381255
8.706 0.381257
8.766 0.38126
8.826 0.381262
8.886 0.381264
8.946 0.381266
9.006 0.381268
9.066 0.38127
9.126 0.381271
9.186 0.381271
9.246 0.381271
9.306 0.381271
9.366 0.381271
9.426 0.381271
9.486 0.381271
9.546 0.381271
9.606 0.381271
9.666 0.381271
9.726 0.381271
9.786 0.381271
9.846 0.381271
9.906 0.381271
9.966 0.381271
10.026 0.381271
10.086 0.381271
10.146 0.381271
10.206 0.381271
10.266 0.381271
10.326 0.381271
10.386 0.381271
10.446 0.381271
10.506 0.381271
10.566 0.381271
10.626 0.381271
10.686 0.381271
10.746 0.381271
10.806 0.381271
10.866 0.381271
10.926 0.381271
10.986 0.381271
11.046 0.381271
11.106 0.381271
11.166 0.381271
11.226 0.381271
11.286 0.381271
11.346 0.381271
11.406 0.381271
11.466 0.381271
11.526 0.381271
11.586 0.381271
11.646 0.381271
11.706 0.381271
11.766 0.381271
11.826 0.381271
11.886 0.381271
11.946 0.381271
12.006 0.381271
12.066 0.381271
12.126 0.381271
12.186 0.381271
12.246 0.381271
12.306 0.381271
12.366 0.381271
12.426 0.381271
12.486 0.381271
12.546 0.381271
12.606 0.381271
12.666 0.381271
12.726 0.381271
12.786 0.381271
12.846 0.381271
12.906 0.381271
12.966 0.381271
13.026 0.381271
13.086 0.381271
13.146 0.381271
13.206 0.381271
13.266 0.381271
13.326 0.381271
13.386 0.381271
13.446 0.381271
13.506 0.381271
13.566 0.381271
13.626 0.381271
13.686 0.381271
13.746 0.381271
13.806 0.381271
13.866 0.381271
13.926 0.381271
13.986 0.381271
14.046 0.381271
14.106 0.381271
14.166 0.381271
14.226 0.381271
14.286 0.381271
14.346 0.381271
14.406 0.381271
14.466 0.381271
14.526 0.381271
14.586 0.381271
14.646 0.381271
14.706 0.381271
14.766 0.381271
14.826 0.381271
14.886 0.381271
14.946 0.381271
15.006 0.381271
15.066 0.381271
15.126 0.381271
15.186 0.381271
15.246 0.381271
15.306 0.381271
15.366 0.381271
15.426 0.381271
15.486 0.381271
15.546 0.381271
15.606 0.381271
15.666 0.381271
15.726 0.381271
15.786 0.381271
15.846 0.381271
15.906 0.381271
15.966 0.381271
16.026 0.381271
16.086 0.381271
16.146 0.381271
16.206 0.381271
16.266 0.381271
16.326 0.381271
16.386 0.381271
16.446 0.381271
16.506 0.381271
16.566 0.381271
16.626 0.381271
16.686 0.381271
16.746 0.381271
16.806 0.381271
16.866 0.381271
16.926 0.381271
16.986 0.381271
17.046 0.381271
17.106 0.381271
17.166 0.381271
17.226 0.381271
17.286 0.381271
17.346 0.381271
17.406 0.381271
17.466 0.381271
17.526 0.381271
17.586 0.381271
17.646 0.381271
17.706 0.381271
17.766 0.381271
17.826 0.381271
17.886 0.381271
17.946 0.381271
18.006 0.381271
18.066 0.381271
18.126 0.381271
18.186 0.381271
18.246 0.381271
18.306 0.381271
18.366 0.381271
18.426 0.381271
18.486 0.381271
18.546 0.381271
18.606 0.381271
18.666 0.381271
18.726 0.381271
18.786 0.381271
18.846 0.381271
18.906 0.381271
18.966 0.381271
19.026 0.381271
19.086 0.381271
19.146 0.381271
19.206 0.381271
19.266 0.381271
19.326 0.381271
19.386 0.381271
19.446 0.381271
19.506 0.381271
19.566 0.381271
19.626 0.381271
19.686 0.381271
19.746 0.381271
19.806 0.381271
19.866 0.381271
19.926 0.381271
19.986 0.381271
20.046 0.381271
20.106 0.381271
20.166 0.381271
20.226 0.381271
20.286 0.381271
20.346 0.381271
20.406 0.381271
20.466 0.381271
20.526 0.381271
20.586 0.381271
20.646 0.381271
20.706 0.381271
20.766 0.381271
20.826 0.381271
20.886 0.381271
20.946 0.381271
21.006 0.381271
21.066 0.381271
21.126 0.381271
21.186 0.381271
21.246 0.381271
21.306 0.381271
21.366 0.381271
21.426 0.381271
21.486 0.381271
21.546 0.381271
21.606 0.381271
21.666 0.381271
21.726 0.381271
21.786 0.381271
21.846 0.381271
21.906 0.381271
21.966 0.381271
22.026 0.381271
22.086 0.381271
22.146 0.381271
22.206 0.381271
22.266 0.381271
22.326 0.381271
22.386 0.381271
22.446 0.381271
22.506 0.381271
22.566 0.381271
22.626 0.381271
22.686 0.381271
22.746 0.381271
22.806 0.381271
22.866 0.381271
22.926 0.381271
22.986 0.381271
23.046 0.381271
23.106 0.381271
23.166 0.381271
23.226 0.381271
23.286 0.381271
23.346 0.381271
23.406 0.381271
23.466 0.381271
23.526 0.381271
23.586 0.381271
23.646 0.381271
23.706 0.381271
23.766 0.381271
23.826 0.381271
23.886 0.381271
23.946 0.381271
24.006 0.381271
24.066 0.381271
24.126 0.381271
24.186 0.381271
24.246 0.381271
24.306 0.381271
24.366 0.381271
24.426 0.381271
24.486 0.381271
24.546 0.381271
24.606 0.381271
24.666 0.381271
24.726 0.381271
24.786 0.381271
24.846 0.381271
24.906 0.381271
24.966 0.381271
25.026 0.381271
25.086 0.381271
25.146 0.381271
25.206 0.381271
25.266 0.381271
25.326 0.381271
25.386 0.381271
25.446 0.381271
25.506 0.381271
25.566 0.381271
25.626 0.381271
25.686 0.381271
25.746 0.381271
25.806 0.381271
25.866 0.381271
25.926 0.381271
25.986 0.381271
26.046 0.381271
26.106 0.381271
26.166 0.381271
26.226 0.381271
26.286 0.381271
26.346 0.381271
26.406 0.381271
26.466 0.381271
26.526 0.381271
26.586 0.381271
26.646 0.381271
26.706 0.381271
26.766 0.381271
26.826 0.381271
26.886 0.381271
26.946 0.381271
27.006 0.381271
27.066 0.381271
27.126 0.381271
27.186 0.381271
27.246 0.381271
27.306 0.381271
27.366 0.381271
27.426 0.381271
27.486 0.381271
27.546 0.381271
27.606 0.381271
27.666 0.381271
27.726 0.381271
27.786 0.381271
27.846 0.381271
27.906 0.381271
27.966 0.381271
28.026 0.381271
28.086 0.381271
28.146 0.381271
28.206 0.381271
28.266 0.381271
28.326 0.381271
28.386 0.381271
28.446 0.381271
28.506 0.381271
28.566 0.381271
28.626 0.381271
28.686 0.381271
28.746 0.381271
28.806 0.381271
28.866 0.381271
28.926 0.381271
28.986 0.381271
29.046 0.381271
29.106 0.381271
29.166 0.381271
29.226 0.381271
29.286 0.381271
29.346 0.381271
29.406 0.381271
29.466 0.381271
29.526 0.381271
29.586 0.381271
29.646 0.381271
29.706 0.381271
29.766 0.381271
29.826 0.381271
29.886 0.381271
29.946 0.381271
30.006 0.381271
30.066 0.381271
30.126 0.381271
30.186 0.381271
30.246 0.381271
30.306 0.381271
30.366 0.381271
30.426 0.381271
30.486 0.381271
30.546 0.381271
30.606 0.381271
30.666 0.381271
30.726 0.381271
30.786 0.381271
30.846 0.381271
30.906 0.381271
30.966 0.381271
31.026 0.381271
31.086 0.381271
31.146 0.381271
31.206 0.381271
31.266 0.381271
31.326 0.381271
31.386 0.381271
31.446 0.381271
31.506 0.381271
31.566 0.381271
31.626 0.381271
31.686 0.381271
31.746 0.381271
31.806 0.381271
31.866 0.381271
31.926 0.381271
31.986 0.381271
32.046 0.381271
32.106 0.381271
32.166 0.381271
32.226 0.381271
32.286 0.381271
32.346 0.381271
32.406 0.381271
32.466 0.381271
32.526 0.381271
32.586 0.381271
32.646 0.381271
32.706 0.381271
32.766 0.381271
32.826 0.381271
32.886 0.381271
32.946 0.381271
33.006 0.381271
33.066 0.381271
33.126 0.381271
33.186 0.381271
33.246 0.381271
33.306 0.381271
33.366 0.381271
33.426 0.381271
33.486 0.381271
33.546 0.381271
33.606 0.381271
33.666 0.381271
33.726 0.381271
33.786 0.381271
33.846 0.381271
33.906 0.381271
33.966 0.381271
34.026 0.381271
34.086 0.381271
34.146 0.381271
34.206 0.381271
34.266 0.381271
34.326 0.381271
34.386 0.381271
34.446 0.381271
34.506 0.381271
34.566 0.381271
34.626 0.381271
34.686 0.381271
34.746 0.381271
34.806 0.381271
34.866 0.381271
34.926 0.381271
34.986 0.381271
35.046 0.381271
35.106 0.381271
35.166 0.381271
35.226 0.381271
35.286 0.381271
35.346 0.381271
35.406 0.381271
35.466 0.381271
35.526 0.381271
35.586 0.381271
35.646 0.381271
35.706 0.381271
35.766 0.381271
35.826 0.381271
35.886 0.381271
35.946 0.381271
36.006 0.381271
36.066 0.381271
36.126 0.381271
36.186 0.381271
36.246 0.381271
36.306 0.381271
36.366 0.381271
36.426 0.381271
36.486 0.381271
36.546 0.381271
36.606 0.381271
36.666 0.381271
36.726 0.381271
36.786 0.381271
36.846 0.381271
36.906 0.381271
36.966 0.381271
37.026 0.381271
37.086 0.381271
37.146 0.381271
37.206 0.381271
37.266 0.381271
37.326 0.381271
37.386 0.381271
37.446 0.381271
37.506 0.381271
37.566 0.381271
37.626 0.381271
37.686 0.381271
37.746 0.381271
37.806 0.381271
37.866 0.381271
37.926 0.381271
37.986 0.381271
38.046 0.381271
38.106 0.381271
38.166 0.381271
38.226 0.381271
38.286 0.381271
38.346 0.381271
38.406 0.381271
38.466 0.381271
38.526 0.381271
38.586 0.381271
38.646 0.381271
38.706 0.381271
38.766 0.381271
38.826 0.381271
38.886 0.381271
38.946 0.381271
39.006 0.381271
39.066 0.381271
39.126 0.381271
39.186 0.381271
39.246 0.381271
39.306 0.381271
39.366 0.381271
39.426 0.381271
39.486 0.381271
39.546 0.381271
39.606 0.381271
39.666 0.381271
39.726 0.381271
39.786 0.381271
39.846 0.381271
39.906 0.381271
39.966 0.381271
40.026 0.381271
40.086 0.381271
40.146 0.381271
40.206 0.381271
40.266 0.381271
40.326 0.381271
40.386 0.381271
40.446 0.381271
40.506 0.381271
40.566 0.381271
40.626 0.381271
40.686 0.381271
40.746 0.381271
40.806 0.381271
40.866 0.381271
40.926 0.381271
40.986 0.381271
41.046 0.381271
41.106 0.381271
41.166 0.381271
41.226 0.381271
41.286 0.381271
41.346 0.381271
41.406 0.381271
41.466 0.381271
41.526 0.381271
41.586 0.381271
41.646 0.381271
41.706 0.381271
41.766 0.381271
41.826 0.381271
41.886 0.381271
41.946 0.381271
42.006 0.381271
42.066 0.381271
42.126 0.381271
42.186 0.381271
42.246 0.381271
42.306 0.381271
42.366 0.381271
42.426 0.381271
42.486 0.381271
42.546 0.381271
42.606 0.381271
42.666 0.381271
42.726 0.381271
42.786 0.381271
42.846 0.381271
42.906 0.381271
42.966 0.381271
43.026 0.381271
43.086 0.381271
43.146 0.381271
43.206 0.381271
43.266 0.381271
43.326 0.381271
43.386 0.381271
43.446 0.381271
43.506 0.381271
43.566 0.381271
43.626 0.381271
43.686 0.381271
43.746 0.381271
43.806 0.381271
43.866 0.381271
43.926 0.381271
43.986 0.381271
44.046 0.381271
44.106 0.381271
44.166 0.381271
44.226 0.381271
44.286 0.381271
44.346 0.381271
44.406 0.381271
44.466 0.381271
44.526 0.381271
44.586 0.381271
44.646 0.381271
44.706 0.381271
44.766 0.381271
44.826 0.381271
44.886 0.381271
44.946 0.381271
45.006 0.381271
45.066 0.381271
45.126 0.381271
45.186 0.381271
45.246 0.381271
45.306 0.381271
45.366 0.381271
45.426 0.381271
45.486 0.381271
45.546 0.381271
45.606 0.381271
45.666 0.381271
45.726 0.381271
45.786 0.381271
45.846 0.381271
45.906 0.381271
45.966 0.381271
46.026 0.381271
46.086 0.381271
46.146 0.381271
46.206 0.381271
46.266 0.381271
46.326 0.381271
46.386 0.381271
46.446 0.381271
46.506 0.381271
46.566 0.381271
46.626 0.381271
46.686 0.381271
46.746 0.381271
46.806 0.381271
46.866 0.381271
46.926 0.381271
46.986 0.381271
47.046 0.381271
47.106 0.381271
47.166 0.381271
47.226 0.381271
47.286 0.381271
47.346 0.381271
47.406 0.381271
47.466 0.381271
47.526 0.381271
47.586 0.381271
47.646 0.381271
47.706 0.381271
47.766 0.381271
47.826 0.381271
47.886 0.381271
47.946 0.381271
48.006 0.381271
48.066 0.381271
48.126 0.381271
48.186 0.381271
48.246 0.381271
48.306 0.381271
48.366 0.381271
48.426 0.381271
48.486 0.381271
48.546 0.381271
48.606 0.381271
48.666 0.381271
48.726 0.381271
48.786 0.381271
48.846 0.381271
48.906 0.381271
48.966 0.381271
49.026 0.381271
49.086 0.381271
49.146 0.381271
49.206 0.381271
49.266 0.381271
49.326 0.381271
49.386 0.381271
49.446 0.381271
49.506 0.381271
49.566 0.381271
49.626 0.381271
49.686 0.381271
49.746 0.381271
49.806 0.381271
49.866 0.381271
49.926 0.381271
49.986 0.381271
50.046 0.381271
50.106 0.381271
50.166 0.381271
50.226 0.381271
50.286 0.381271
50.346 0.381271
50.406 0.381271
50.466 0.381271
50.526 0.381271
50.586 0.381271
50.646 0.381271
50.706 0.381271
50.766 0.381271
50.826 0.381271
50.886 0.381271
50.946 0.381271
51.006 0.381271
51.066 0.381271
51.126 0.381271
51.186 0.381271
51.246 0.381271
51.306 0.381271
51.366 0.381271
51.426 0.381271
51.486 0.381271
51.546 0.381271
51.606 0.381271
51.666 0.381271
51.726 0.381271
51.786 0.381271
51.846 0.381271
51.906 0.381271
51.966 0.381271
52.026 0.381271
52.086 0.381271
52.146 0.381271
52.206 0.381271
52.266 0.381271
52.326 0.381271
52.386 0.381271
52.446 0.381271
52.506 0.381271
52.566 0.381271
52.626 0.381271
52.686 0.381271
52.746 0.381271
52.806 0.381271
52.866 0.381271
52.926 0.381271
52.986 0.381271
53.046 0.381271
53.106 0.381271
53.166 0.381271
53.226 0.381271
53.286 0.381271
53.346 0.381271
53.406 0.381271
53.466 0.381271
53.526 0.381271
53.586 0.381271
53.646 0.381271
53.706 0.381271
53.766 0.381271
53.826 0.381271
53.886 0.381271
53.946 0.381271
54.006 0.381271
54.066 0.381271
54.126 0.381271
54.186 0.381271
54.246 0.381271
54.306 0.381271
54.366 0.381271
54.426 0.381271
54.486 0.381271
54.546 0.381271
54.606 0.381271
54.666 0.381271
54.726 0.381271
54.786 0.381271
54.846 0.381271
54.906 0.381271
54.966 0.381271
55.026 0.381271
55.086 0.381271
55.146 0.381271
55.206 0.381271
55.266 0.381271
55.326 0.381271
55.386 0.381271
55.446 0.381271
55.506 0.381271
55.566 0.381271
55.626 0.381271
55.686 0.381271
55.746 0.381271
55.806 0.381271
55.866 0.381271
55.926 0.381271
55.986 0.381271
56.046 0.381271
56.106 0.381271
56.166 0.381271
56.226 0.381271
56.286 0.381271
56.346 0.381271
56.406 0.381271
56.466 0.381271
56.526 0.381271
56.586 0.381271
56.646 0.381271
56.706 0.381271
56.766 0.381271
56.826 0.381271
56.886 0.381271
56.946 0.381271
57.006 0.381271
57.066 0.381271
57.126 0.381271
57.186 0.381271
57.246 0.381271
57.306 0.381271
57.366 0.381271
57.426 0.381271
57.486 0.381271
57.546 0.381271
57.606 0.381271
57.666 0.381271
57.726 0.381271
57.786 0.381271
57.846 0.381271
57.906 0.381271
57.966 0.381271
58.026 0.381271
58.086 0.381271
58.146 0.381271
58.206 0.381271
58.266 0.381271
58.326 0.381271
58.386 0.381271
58.446 0.381271
58.506 0.381271
58.566 0.381271
58.626 0.381271
58.686 0.381271
58.746 0.381271
58.806 0.381271
58.866 0.381271
58.926 0.381271
58.986 0.381271
59.046 0.381271
59.106 0.381271
59.166 0.381271
59.226 0.381271
59.286 0.381271
59.346 0.381271
59.406 0.381271
59.466 0.381271
59.526 0.381271
59.586 0.381271
59.646 0.381271
59.706 0.381271
59.766 0.381271
59.826 0.381271
59.886 0.381271
59.946 0.381271

