0.006 0
0.066 0.000601844
0.126 0.00391729
0.186 0.01137
0.246 0.0230829
0.306 0.0382314
0.366 0.0556371
0.426 0.0741734
0.486 0.0929655
0.546 0.111421
0.606 0.12918
0.666 0.146047
0.726 0.161933
0.786 0.176817
0.846 0.190716
0.906 0.203667
0.966 0.215719
1.026 0.226927
1.086 0.237346
1.146 0.247029
1.206 0.256027
1.266 0.26439
1.326 0.272163
1.386 0.279389
1.446 0.286107
1.506 0.292354
1.566 0.298164
1.626 0.303569
1.686 0.308597
1.746 0.313275
1.806 0.317629
1.866 0.321682
1.926 0.325454
1.986 0.328966
2.046 0.332237
2.106 0.335282
2.166 0.338118
2.226 0.340759
2.286 0.343219
2.346 0.345511
2.406 0.347646
2.466 0.349635
2.526 0.351489
2.586 0.353215
2.646 0.354825
2.706 0.356324
2.766 0.357721
2.826 0.359024
2.886 0.360237
2.946 0.361368
3.006 0.362422
3.066 0.363405
3.126 0.36432
3.186 0.365174
3.246 0.365969
3.306 0.366711
3.366 0.367402
3.426 0.368046
3.486 0.368646
3.546 0.369205
3.606 0.369727
3.666 0.370213
3.726 0.370666
3.786 0.371088
3.846 0.371481
3.906 0.371848
3.966 0.37219
4.026 0.372508
4.086 0.372805
4.146 0.373081
4.206 0.373339
4.266 0.373578
4.326 0.373802
4.386 0.37401
4.446 0.374204
4.506 0.374385
4.566 0.374553
4.626 0.37471
4.686 0.374856
4.746 0.374992
4.806 0.375118
4.866 0.375236
4.926 0.375346
4.986 0.375448
5.046 0.375543
5.106 0.375631
5.166 0.375713
5.226 0.37579
5.286 0.375861
5.346 0.375927
5.406 0.375988
5.466 0.376045
5.526 0.376098
5.586 0.376148
5.646 0.376193
5.706 0.376236
5.766 0.376275
5.826 0.376312
5.886 0.376346
5.946 0.376377
6.006 0.376407
6.066 0.376434
6.126 0.376459
6.186 0.376482
6.246 0.376503
6.306 0.376523
6.366 0.376542
6.426 0.376559
6.486 0.376574
6.546 0.376589
6.606 0.376602
6.666 0.376614
6.726 0.376625
6.786 0.376636
6.846 0.376645
6.906 0.376654
6.966 0.376662
7.026 0.376669
7.086 0.376676
7.146 0.376682
7.206 0.376688
7.266 0.376693
7.326 0.376698
7.386 0.376702
7.446 0.376706
7.506 0.376709
7.566 0.376712
7.626 0.376715
7.686 0.376718
7.746 0.37672
7.806 0.376722
7.866 0.376724
7.926 0.376726
7.986 0.376728
8.046 0.376729
8.106 0.37673
8.166 0.376732
8.226 0.376733
8.286 0.376734
8.346 0.376735
8.406 0.376736
8.466 0.376736
8.526 0.376736
8.586 0.376736
8.646 0.376736
8.706 0.376736
8.766 0.376736
8.826 0.376736
8.886 0.376736
8.946 0.376736
9.006 0.376736
9.066 0.376736
9.126 0.376736
9.186 0.376736
9.246 0.376736
9.306 0.376736
9.366 0.376736
9.426 0.376736
9.486 0.376736
9.546 0.376736
9.606 0.376736
9.666 0.376736
9.726 0.376736
9.786 0.376736
9.846 0.376736
9.906 0.376736
9.966 0.376736
10.026 0.376736
10.086 0.376736
10.146 0.376736
10.206 0.376736
10.266 0.376736
10.326 0.376736
10.386 0.376736
10.446 0.376736
10.506 0.376736
10.566 0.376736
10.626 0.376736
10.686 0.376736
10.746 0.376736
10.806 0.376736
10.866 0.376736
10.926 0.376736
10.986 0.376736
11.046 0.376736
11.106 0.376736
11.166 0.376736
11.226 0.376736
11.286 0.376736
11.346 0.376736
11.406 0.376736
11.466 0.376736
11.526 0.376736
11.586 0.376736
11.646 0.376736
11.706 0.376736
11.766 0.376736
11.826 0.376736
11.886 0.376736
11.946 0.376736
12.006 0.376736
12.066 0.376736
12.126 0.376736
12.186 0.376736
12.246 0.376736
12.306 0.376736
12.366 0.376736
12.426 0.376736
12.486 0.376736
12.546 0.376736
12.606 0.376736
12.666 0.376736
12.726 0.376736
12.786 0.376736
12.846 0.376736
12.906 0.376736
12.966 0.376736
13.026 0.376736
13.086 0.376736
13.146 0.376736
13.206 0.376736
13.266 0.376736
13.326 0.376736
13.386 0.376736
13.446 0.376736
13.506 0.376736
13.566 0.376736
13.626 0.376736
13.686 0.376736
13.746 0.376736
13.806 0.376736
13.866 0.376736
13.926 0.376736
13.986 0.376736
14.046 0.376736
14.106 0.376736
14.166 0.376736
14.226 0.376736
14.286 0.376736
14.346 0.376736
14.406 0.376736
14.466 0.376736
14.526 0.376736
14.586 0.376736
14.646 0.376736
14.706 0.376736
14.766 0.376736
14.826 0.376736
14.886 0.376736
14.946 0.376736
15.006 0.376736
15.066 0.376736
15.126 0.376736
15.186 0.376736
15.246 0.376736
15.306 0.376736
15.366 0.376736
15.426 0.376736
15.486 0.376736
15.546 0.376736
15.606 0.376736
15.666 0.376736
15.726 0.376736
15.786 0.376736
15.846 0.376736
15.906 0.376736
15.966 0.376736
16.026 0.376736
16.086 0.376736
16.146 0.376736
16.206 0.376736
16.266 0.376736
16.326 0.376736
16.386 0.376736
16.446 0.376736
16.506 0.376736
16.566 0.376736
16.626 0.376736
16.686 0.376736
16.746 0.376736
16.806 0.376736
16.866 0.376736
16.926 0.376736
16.986 0.376736
17.046 0.376736
17.106 0.376736
17.166 0.376736
17.226 0.376736
17.286 0.376736
17.346 0.376736
17.406 0.376736
17.466 0.376736
17.526 0.376736
17.586 0.376736
17.646 0.376736
17.706 0.376736
17.766 0.376736
17.826 0.376736
17.886 0.376736
17.946 0.376736
18.006 0.376736
18.066 0.376736
18.126 0.376736
18.186 0.376736
18.246 0.376736
18.306 0.376736
18.366 0.376736
18.426 0.376736
18.486 0.376736
18.546 0.376736
18.606 0.376736
18.666 0.376736
18.726 0.376736
18.786 0.376736
18.846 0.376736
18.906 0.376736
18.966 0.376736
19.026 0.376736
19.086 0.376736
19.146 0.376736
19.206 0.376736
19.266 0.376736
19.326 0.376736
19.386 0.376736
19.446 0.376736
19.506 0.376736
19.566 0.376736
19.626 0.376736
19.686 0.376736
19.746 0.376736
19.806 0.376736
19.866 0.376736
19.926 0.376736
19.986 0.376736
20.046 0.376736
20.106 0.376736
20.166 0.376736
20.226 0.376736
20.286 0.376736
20.346 0.376736
20.406 0.376736
20.466 0.376736
20.526 0.376736
20.586 0.376736
20.646 0.376736
20.706 0.376736
20.766 0.376736
20.826 0.376736
20.886 0.376736
20.946 0.376736
21.006 0.376736
21.066 0.376736
21.126 0.376736
21.186 0.376736
21.246 0.376736
21.306 0.376736
21.366 0.376736
21.426 0.376736
21.486 0.376736
21.546 0.376736
21.606 0.376736
21.666 0.376736
21.726 0.376736
21.786 0.376736
21.846 0.376736
21.906 0.376736
21.966 0.376736
22.026 0.376736
22.086 0.376736
22.146 0.376736
22.206 0.376736
22.266 0.376736
22.326 0.376736
22.386 0.376736
22.446 0.376736
22.506 0.376736
22.566 0.376736
22.626 0.376736
22.686 0.376736
22.746 0.376736
22.806 0.376736
22.866 0.376736
22.926 0.376736
22.986 0.376736
23.046 0.376736
23.106 0.376736
23.166 0.376736
23.226 0.376736
23.286 0.376736
23.346 0.376736
23.406 0.376736
23.466 0.376736
23.526 0.376736
23.586 0.376736
23.646 0.376736
23.706 0.376736
23.766 0.376736
23.826 0.376736
23.886 0.376736
23.946 0.376736
24.006 0.376736
24.066 0.376736
24.126 0.376736
24.186 0.376736
24.246 0.376736
24.306 0.376736
24.366 0.376736
24.426 0.376736
24.486 0.376736
24.546 0.376736
24.606 0.376736
24.666 0.376736
24.726 0.376736
24.786 0.376736
24.846 0.376736
24.906 0.376736
24.966 0.376736
25.026 0.376736
25.086 0.376736
25.146 0.376736
25.206 0.376736
25.266 0.376736
25.326 0.376736
25.386 0.376736
25.446 0.376736
25.506 0.376736
25.566 0.376736
25.626 0.376736
25.686 0.376736
25.746 0.376736
25.806 0.376736
25.866 0.376736
25.926 0.376736
25.986 0.376736
26.046 0.376736
26.106 0.376736
26.166 0.376736
26.226 0.376736
26.286 0.376736
26.346 0.376736
26.406 0.376736
26.466 0.376736
26.526 0.376736
26.586 0.376736
26.646 0.376736
26.706 0.376736
26.766 0.376736
26.826 0.376736
26.886 0.376736
26.946 0.376736
27.006 0.376736
27.066 0.376736
27.126 0.376736
27.186 0.376736
27.246 0.376736
27.306 0.376736
27.366 0.376736
27.426 0.376736
27.486 0.376736
27.546 0.376736
27.606 0.376736
27.666 0.376736
27.726 0.376736
27.786 0.376736
27.846 0.376736
27.906 0.376736
27.966 0.376736
28.026 0.376736
28.086 0.376736
28.146 0.376736
28.206 0.376736
28.266 0.376736
28.326 0.376736
28.386 0.376736
28.446 0.376736
28.506 0.376736
28.566 0.376736
28.626 0.376736
28.686 0.376736
28.746 0.376736
28.806 0.376736
28.866 0.376736
28.926 0.376736
28.986 0.376736
29.046 0.376736
29.106 0.376736
29.166 0.376736
29.226 0.376736
29.286 0.376736
29.346 0.376736
29.406 0.376736
29.466 0.376736
29.526 0.376736
29.586 0.376736
29.646 0.376736
29.706 0.376736
29.766 0.376736
29.826 0.376736
29.886 0.376736
29.946 0.376736
30.006 0.376736
30.066 0.376736
30.126 0.376736
30.186 0.376736
30.246 0.376736
30.306 0.376736
30.366 0.376736
30.426 0.376736
30.486 0.376736
30.546 0.376736
30.606 0.376736
30.666 0.376736
30.726 0.376736
30.786 0.376736
30.846 0.376736
30.906 0.376736
30.966 0.376736
31.026 0.376736
31.086 0.376736
31.146 0.376736
31.206 0.376736
31.266 0.376736
31.326 0.376736
31.386 0.376736
31.446 0.376736
31.506 0.376736
31.566 0.376736
31.626 0.376736
31.686 0.376736
31.746 0.376736
31.806 0.376736
31.866 0.376736
31.926 0.376736
31.986 0.376736
32.046 0.376736
32.106 0.376736
32.166 0.376736
32.226 0.376736
32.286 0.376736
32.346 0.376736
32.406 0.376736
32.466 0.376736
32.526 0.376736
32.586 0.376736
32.646 0.376736
32.706 0.376736
32.766 0.376736
32.826 0.376736
32.886 0.376736
32.946 0.376736
33.006 0.376736
33.066 0.376736
33.126 0.376736
33.186 0.376736
33.246 0.376736
33.306 0.376736
33.366 0.376736
33.426 0.376736
33.486 0.376736
33.546 0.376736
33.606 0.376736
33.666 0.376736
33.726 0.376736
33.786 0.376736
33.846 0.376736
33.906 0.376736
33.966 0.376736
34.026 0.376736
34.086 0.376736
34.146 0.376736
34.206 0.376736
34.266 0.376736
34.326 0.376736
34.386 0.376736
34.446 0.376736
34.506 0.376736
34.566 0.376736
34.626 0.376736
34.686 0.376736
34.746 0.376736
34.806 0.376736
34.866 0.376736
34.926 0.376736
34.986 0.376736
35.046 0.376736
35.106 0.376736
35.166 0.376736
35.226 0.376736
35.286 0.376736
35.346 0.376736
35.406 0.376736
35.466 0.376736
35.526 0.376736
35.586 0.376736
35.646 0.376736
35.706 0.376736
35.766 0.376736
35.826 0.376736
35.886 0.376736
35.946 0.376736
36.006 0.376736
36.066 0.376736
36.126 0.376736
36.186 0.376736
36.246 0.376736
36.306 0.376736
36.366 0.376736
36.426 0.376736
36.486 0.376736
36.546 0.376736
36.606 0.376736
36.666 0.376736
36.726 0.376736
36.786 0.376736
36.846 0.376736
36.906 0.376736
36.966 0.376736
37.026 0.376736
37.086 0.376736
37.146 0.376736
37.206 0.376736
37.266 0.376736
37.326 0.376736
37.386 0.376736
37.446 0.376736
37.506 0.376736
37.566 0.376736
37.626 0.376736
37.686 0.376736
37.746 0.376736
37.806 0.376736
37.866 0.376736
37.926 0.376736
37.986 0.376736
38.046 0.376736
38.106 0.376736
38.166 0.376736
38.226 0.376736
38.286 0.376736
38.346 0.376736
38.406 0.376736
38.466 0.376736
38.526 0.376736
38.586 0.376736
38.646 0.376736
38.706 0.376736
38.766 0.376736
38.826 0.376736
38.886 0.376736
38.946 0.376736
39.006 0.376736
39.066 0.376736
39.126 0.376736
39.186 0.376736
39.246 0.376736
39.306 0.376736
39.366 0.376736
39.426 0.376736
39.486 0.376736
39.546 0.376736
39.606 0.376736
39.666 0.376736
39.726 0.376736
39.786 0.376736
39.846 0.376736
39.906 0.376736
39.966 0.376736
40.026 0.376736
40.086 0.376736
40.146 0.376736
40.206 0.376736
40.266 0.376736
40.326 0.376736
40.386 0.376736
40.446 0.376736
40.506 0.376736
40.566 0.376736
40.626 0.376736
40.686 0.376736
40.746 0.376736
40.806 0.376736
40.866 0.376736
40.926 0.376736
40.986 0.376736
41.046 0.376736
41.106 0.376736
41.166 0.376736
41.226 0.376736
41.286 0.376736
41.346 0.376736
41.406 0.376736
41.466 0.376736
41.526 0.376736
41.586 0.376736
41.646 0.376736
41.706 0.376736
41.766 0.376736
41.826 0.376736
41.886 0.376736
41.946 0.376736
42.006 0.376736
42.066 0.376736
42.126 0.376736
42.186 0.376736
42.246 0.376736
42.306 0.376736
42.366 0.376736
42.426 0.376736
42.486 0.376736
42.546 0.376736
42.606 0.376736
42.666 0.376736
42.726 0.376736
42.786 0.376736
42.846 0.376736
42.906 0.376736
42.966 0.376736
43.026 0.376736
43.086 0.376736
43.146 0.376736
43.206 0.376736
43.266 0.376736
43.326 0.376736
43.386 0.376736
43.446 0.376736
43.506 0.376736
43.566 0.376736
43.626 0.376736
43.686 0.376736
43.746 0.376736
43.806 0.376736
43.866 0.376736
43.926 0.376736
43.986 0.376736
44.046 0.376736
44.106 0.376736
44.166 0.376736
44.226 0.376736
44.286 0.376736
44.346 0.376736
44.406 0.376736
44.466 0.376736
44.526 0.376736
44.586 0.376736
44.646 0.376736
44.706 0.376736
44.766 0.376736
44.826 0.376736
44.886 0.376736
44.946 0.376736
45.006 0.376736
45.066 0.376736
45.126 0.376736
45.186 0.376736
45.246 0.376736
45.306 0.376736
45.366 0.376736
45.426 0.376736
45.486 0.376736
45.546 0.376736
45.606 0.376736
45.666 0.376736
45.726 0.376736
45.786 0.376736
45.846 0.376736
45.906 0.376736
45.966 0.376736
46.026 0.376736
46.086 0.376736
46.146 0.376736
46.206 0.376736
46.266 0.376736
46.326 0.376736
46.386 0.376736
46.446 0.376736
46.506 0.376736
46.566 0.376736
46.626 0.376736
46.686 0.376736
46.746 0.376736
46.806 0.376736
46.866 0.376736
46.926 0.376736
46.986 0.376736
47.046 0.376736
47.106 0.376736
47.166 0.376736
47.226 0.376736
47.286 0.376736
47.346 0.376736
47.406 0.376736
47.466 0.376736
47.526 0.376736
47.586 0.376736
47.646 0.376736
47.706 0.376736
47.766 0.376736
47.826 0.376736
47.886 0.376736
47.946 0.376736
48.006 0.376736
48.066 0.376736
48.126 0.376736
48.186 0.376736
48.246 0.376736
48.306 0.376736
48.366 0.376736
48.426 0.376736
48.486 0.376736
48.546 0.376736
48.606 0.376736
48.666 0.376736
48.726 0.376736
48.786 0.376736
48.846 0.376736
48.906 0.376736
48.966 0.376736
49.026 0.376736
49.086 0.376736
49.146 0.376736
49.206 0.376736
49.266 0.376736
49.326 0.376736
49.386 0.376736
49.446 0.376736
49.506 0.376736
49.566 0.376736
49.626 0.376736
49.686 0.376736
49.746 0.376736
49.806 0.376736
49.866 0.376736
49.926 0.376736
49.986 0.376736
50.046 0.376736
50.106 0.376736
50.166 0.376736
50.226 0.376736
50.286 0.376736
50.346 0.376736
50.406 0.376736
50.466 0.376736
50.526 0.376736
50.586 0.376736
50.646 0.376736
50.706 0.376736
50.766 0.376736
50.826 0.376736
50.886 0.376736
50.946 0.376736
51.006 0.376736
51.066 0.376736
51.126 0.376736
51.186 0.376736
51.246 0.376736
51.306 0.376736
51.366 0.376736
51.426 0.376736
51.486 0.376736
51.546 0.376736
51.606 0.376736
51.666 0.376736
51.726 0.376736
51.786 0.376736
51.846 0.376736
51.906 0.376736
51.966 0.376736
52.026 0.376736
52.086 0.376736
52.146 0.376736
52.206 0.376736
52.266 0.376736
52.326 0.376736
52.386 0.376736
52.446 0.376736
52.506 0.376736
52.566 0.376736
52.626 0.376736
52.686 0.376736
52.746 0.376736
52.806 0.376736
52.866 0.376736
52.926 0.376736
52.986 0.376736
53.046 0.376736
53.106 0.376736
53.166 0.376736
53.226 0.376736
53.286 0.376736
53.346 0.376736
53.406 0.376736
53.466 0.376736
53.526 0.376736
53.586 0.376736
53.646 0.376736
53.706 0.376736
53.766 0.376736
53.826 0.376736
53.886 0.376736
53.946 0.376736
54.006 0.376736
54.066 0.376736
54.126 0.376736
54.186 0.376736
54.246 0.376736
54.306 0.376736
54.366 0.376736
54.426 0.376736
54.486 0.376736
54.546 0.376736
54.606 0.376736
54.666 0.376736
54.726 0.376736
54.786 0.376736
54.846 0.376736
54.906 0.376736
54.966 0.376736
55.026 0.376736
55.086 0.376736
55.146 0.376736
55.206 0.376736
55.266 0.376736
55.326 0.376736
55.386 0.376736
55.446 0.376736
55.506 0.376736
55.566 0.376736
55.626 0.376736
55.686 0.376736
55.746 0.376736
55.806 0.376736
55.866 0.376736
55.926 0.376736
55.986 0.376736
56.046 0.376736
56.106 0.376736
56.166 0.376736
56.226 0.376736
56.286 0.376736
56.346 0.376736
56.406 0.376736
56.466 0.376736
56.526 0.376736
56.586 0.376736
56.646 0.376736
56.706 0.376736
56.766 0.376736
56.826 0.376736
56.886 0.376736
56.946 0.376736
57.006 0.376736
57.066 0.376736
57.126 0.376736
57.186 0.376736
57.246 0.376736
57.306 0.376736
57.366 0.376736
57.426 0.376736
57.486 0.376736
57.546 0.376736
57.606 0.376736
57.666 0.376736
57.726 0.376736
57.786 0.376736
57.846 0.376736
57.906 0.376736
57.966 0.376736
58.026 0.376736
58.086 0.376736
58.146 0.376736
58.206 0.376736
58.266 0.376736
58.326 0.376736
58.386 0.376736
58.446 0.376736
58.506 0.376736
58.566 0.376736
58.626 0.376736
58.686 0.376736
58.746 0.376736
58.806 0.376736
58.866 0.376736
58.926 0.376736
58.986 0.376736
59.046 0.376736
59.106 0.376736
59.166 0.376736
59.226 0.376736
59.286 0.376736
59.346 0.376736
59.406 0.376736
59.466 0.376736
59.526 0.376736
59.586 0.376736
59.646 0.376736
59.706 0.376736
59.766 0.376736
59.826 0.376736
59.886 0.376736
59.946 0.376736

