0.006 0
0.066 0.0114341
0.126 0.0254335
0.186 0.0402612
0.246 0.0545513
0.306 0.0681471
0.366 0.0811173
0.426 0.0935449
0.486 0.105493
0.546 0.117003
0.606 0.128103
0.666 0.138812
0.726 0.149142
0.786 0.159101
0.846 0.168697
0.906 0.177934
0.966 0.18682
1.026 0.19536
1.086 0.20356
1.146 0.211427
1.206 0.218968
1.266 0.226191
1.326 0.233103
1.386 0.239714
1.446 0.246033
1.506 0.252067
1.566 0.257827
1.626 0.263321
1.686 0.268559
1.746 0.273551
1.806 0.278305
1.866 0.282831
1.926 0.287137
1.986 0.291234
2.046 0.295128
2.106 0.29883
2.166 0.302347
2.226 0.305687
2.286 0.308859
2.346 0.311869
2.406 0.314726
2.466 0.317436
2.526 0.320007
2.586 0.322444
2.646 0.324754
2.706 0.326944
2.766 0.329018
2.826 0.330984
2.886 0.332845
2.946 0.334608
3.006 0.336276
3.066 0.337856
3.126 0.339351
3.186 0.340766
3.246 0.342104
3.306 0.343371
3.366 0.344568
3.426 0.345701
3.486 0.346771
3.546 0.347784
3.606 0.34874
3.666 0.349645
3.726 0.350499
3.786 0.351306
3.846 0.352069
3.906 0.35279
3.966 0.35347
4.026 0.354112
4.086 0.354719
4.146 0.355292
4.206 0.355832
4.266 0.356343
4.326 0.356824
4.386 0.357279
4.446 0.357707
4.506 0.358111
4.566 0.358493
4.626 0.358852
4.686 0.359192
4.746 0.359511
4.806 0.359813
4.866 0.360097
4.926 0.360364
4.986 0.360616
5.046 0.360854
5.106 0.361078
5.166 0.361288
5.226 0.361487
5.286 0.361673
5.346 0.361849
5.406 0.362015
5.466 0.36217
5.526 0.362317
5.586 0.362454
5.646 0.362584
5.706 0.362705
5.766 0.362819
5.826 0.362927
5.886 0.363028
5.946 0.363122
6.006 0.363211
6.066 0.363295
6.126 0.363373
6.186 0.363446
6.246 0.363515
6.306 0.363579
6.366 0.36364
6.426 0.363696
6.486 0.363749
6.546 0.363798
6.606 0.363845
6.666 0.363888
6.726 0.363928
6.786 0.363966
6.846 0.364001
6.906 0.364034
6.966 0.364064
7.026 0.364093
7.086 0.364119
7.146 0.364143
7.206 0.364166
7.266 0.364187
7.326 0.364207
7.386 0.364225
7.446 0.364242
7.506 0.364257
7.566 0.364271
7.626 0.364285
7.686 0.364297
7.746 0.364308
7.806 0.364318
7.866 0.364327
7.926 0.364336
7.986 0.364344
8.046 0.364351
8.106 0.364357
8.166 0.364363
8.226 0.364369
8.286 0.364374
8.346 0.364378
8.406 0.364382
8.466 0.364386
8.526 0.364389
8.586 0.364392
8.646 0.364395
8.706 0.364398
8.766 0.3644
8.826 0.364402
8.886 0.364405
8.946 0.364407
9.006 0.364408
9.066 0.364408
9.126 0.364408
9.186 0.364408
9.246 0.364408
9.306 0.364408
9.366 0.364408
9.426 0.364408
9.486 0.364408
9.546 0.364408
9.606 0.364408
9.666 0.364408
9.726 0.364408
9.786 0.364408
9.846 0.364408
9.906 0.364408
9.966 0.364408
10.026 0.364408
10.086 0.364408
10.146 0.364408
10.206 0.364408
10.266 0.364408
10.326 0.364408
10.386 0.364408
10.446 0.364408
10.506 0.364408
10.566 0.364408
10.626 0.364408
10.686 0.364408
10.746 0.364408
10.806 0.364408
10.866 0.364408
10.926 0.364408
10.986 0.364408
11.046 0.364408
11.106 0.364408
11.166 0.364408
11.226 0.364408
11.286 0.364408
11.346 0.364408
11.406 0.364408
11.466 0.364408
11.526 0.364408
11.586 0.364408
11.646 0.364408
11.706 0.364408
11.766 0.364408
11.826 0.364408
11.886 0.364408
11.946 0.364408
12.006 0.364408
12.066 0.364408
12.126 0.364408
12.186 0.364408
12.246 0.364408
12.306 0.364408
12.366 0.364408
12.426 0.364408
12.486 0.364408
12.546 0.364408
12.606 0.364408
12.666 0.364408
12.726 0.364408
12.786 0.364408
12.846 0.364408
12.906 0.364408
12.966 0.364408
13.026 0.364408
13.086 0.364408
13.146 0.364408
13.206 0.364408
13.266 0.364408
13.326 0.364408
13.386 0.364408
13.446 0.364408
13.506 0.364408
13.566 0.364408
13.626 0.364408
13.686 0.364408
13.746 0.364408
13.806 0.364408
13.866 0.364408
13.926 0.364408
13.986 0.364408
14.046 0.364408
14.106 0.364408
14.166 0.364408
14.226 0.364408
14.286 0.364408
14.346 0.364408
14.406 0.364408
14.466 0.364408
14.526 0.364408
14.586 0.364408
14.646 0.364408
14.706 0.364408
14.766 0.364408
14.826 0.364408
14.886 0.364408
14.946 0.364408
15.006 0.364408
15.066 0.364408
15.126 0.364408
15.186 0.364408
15.246 0.364408
15.306 0.364408
15.366 0.364408
15.426 0.364408
15.486 0.364408
15.546 0.364408
15.606 0.364408
15.666 0.364408
15.726 0.364408
15.786 0.364408
15.846 0.364408
15.906 0.364408
15.966 0.364408
16.026 0.364408
16.086 0.364408
16.146 0.364408
16.206 0.364408
16.266 0.364408
16.326 0.364408
16.386 0.364408
16.446 0.364408
16.506 0.364408
16.566 0.364408
16.626 0.364408
16.686 0.364408
16.746 0.364408
16.806 0.364408
16.866 0.364408
16.926 0.364408
16.986 0.364408
17.046 0.364408
17.106 0.364408
17.166 0.364408
17.226 0.364408
17.286 0.364408
17.346 0.364408
17.406 0.364408
17.466 0.364408
17.526 0.364408
17.586 0.364408
17.646 0.364408
17.706 0.364408
17.766 0.364408
17.826 0.364408
17.886 0.364408
17.946 0.364408
18.006 0.364408
18.066 0.364408
18.126 0.364408
18.186 0.364408
18.246 0.364408
18.306 0.364408
18.366 0.364408
18.426 0.364408
18.486 0.364408
18.546 0.364408
18.606 0.364408
18.666 0.364408
18.726 0.364408
18.786 0.364408
18.846 0.364408
18.906 0.364408
18.966 0.364408
19.026 0.364408
19.086 0.364408
19.146 0.364408
19.206 0.364408
19.266 0.364408
19.326 0.364408
19.386 0.364408
19.446 0.364408
19.506 0.364408
19.566 0.364408
19.626 0.364408
19.686 0.364408
19.746 0.364408
19.806 0.364408
19.866 0.364408
19.926 0.364408
19.986 0.364408
20.046 0.364408
20.106 0.364408
20.166 0.364408
20.226 0.364408
20.286 0.364408
20.346 0.364408
20.406 0.364408
20.466 0.364408
20.526 0.364408
20.586 0.364408
20.646 0.364408
20.706 0.364408
20.766 0.364408
20.826 0.364408
20.886 0.364408
20.946 0.364408
21.006 0.364408
21.066 0.364408
21.126 0.364408
21.186 0.364408
21.246 0.364408
21.306 0.364408
21.366 0.364408
21.426 0.364408
21.486 0.364408
21.546 0.364408
21.606 0.364408
21.666 0.364408
21.726 0.364408
21.786 0.364408
21.846 0.364408
21.906 0.364408
21.966 0.364408
22.026 0.364408
22.086 0.364408
22.146 0.364408
22.206 0.364408
22.266 0.364408
22.326 0.364408
22.386 0.364408
22.446 0.364408
22.506 0.364408
22.566 0.364408
22.626 0.364408
22.686 0.364408
22.746 0.364408
22.806 0.364408
22.866 0.364408
22.926 0.364408
22.986 0.364408
23.046 0.364408
23.106 0.364408
23.166 0.364408
23.226 0.364408
23.286 0.364408
23.346 0.364408
23.406 0.364408
23.466 0.364408
23.526 0.364408
23.586 0.364408
23.646 0.364408
23.706 0.364408
23.766 0.364408
23.826 0.364408
23.886 0.364408
23.946 0.364408
24.006 0.364408
24.066 0.364408
24.126 0.364408
24.186 0.364408
24.246 0.364408
24.306 0.364408
24.366 0.364408
24.426 0.364408
24.486 0.364408
24.546 0.364408
24.606 0.364408
24.666 0.364408
24.726 0.364408
24.786 0.364408
24.846 0.364408
24.906 0.364408
24.966 0.364408
25.026 0.364408
25.086 0.364408
25.146 0.364408
25.206 0.364408
25.266 0.364408
25.326 0.364408
25.386 0.364408
25.446 0.364408
25.506 0.364408
25.566 0.364408
25.626 0.364408
25.686 0.364408
25.746 0.364408
25.806 0.364408
25.866 0.364408
25.926 0.364408
25.986 0.364408
26.046 0.364408
26.106 0.364408
26.166 0.364408
26.226 0.364408
26.286 0.364408
26.346 0.364408
26.406 0.364408
26.466 0.364408
26.526 0.364408
26.586 0.364408
26.646 0.364408
26.706 0.364408
26.766 0.364408
26.826 0.364408
26.886 0.364408
26.946 0.364408
27.006 0.364408
27.066 0.364408
27.126 0.364408
27.186 0.364408
27.246 0.364408
27.306 0.364408
27.366 0.364408
27.426 0.364408
27.486 0.364408
27.546 0.364408
27.606 0.364408
27.666 0.364408
27.726 0.364408
27.786 0.364408
27.846 0.364408
27.906 0.364408
27.966 0.364408
28.026 0.364408
28.086 0.364408
28.146 0.364408
28.206 0.364408
28.266 0.364408
28.326 0.364408
28.386 0.364408
28.446 0.364408
28.506 0.364408
28.566 0.364408
28.626 0.364408
28.686 0.364408
28.746 0.364408
28.806 0.364408
28.866 0.364408
28.926 0.364408
28.986 0.364408
29.046 0.364408
29.106 0.364408
29.166 0.364408
29.226 0.364408
29.286 0.364408
29.346 0.364408
29.406 0.364408
29.466 0.364408
29.526 0.364408
29.586 0.364408
29.646 0.364408
29.706 0.364408
29.766 0.364408
29.826 0.364408
29.886 0.364408
29.946 0.364408
30.006 0.364408
30.066 0.364408
30.126 0.364408
30.186 0.364408
30.246 0.364408
30.306 0.364408
30.366 0.364408
30.426 0.364408
30.486 0.364408
30.546 0.364408
30.606 0.364408
30.666 0.364408
30.726 0.364408
30.786 0.364408
30.846 0.364408
30.906 0.364408
30.966 0.364408
31.026 0.364408
31.086 0.364408
31.146 0.364408
31.206 0.364408
31.266 0.364408
31.326 0.364408
31.386 0.364408
31.446 0.364408
31.506 0.364408
31.566 0.364408
31.626 0.364408
31.686 0.364408
31.746 0.364408
31.806 0.364408
31.866 0.364408
31.926 0.364408
31.986 0.364408
32.046 0.364408
32.106 0.364408
32.166 0.364408
32.226 0.364408
32.286 0.364408
32.346 0.364408
32.406 0.364408
32.466 0.364408
32.526 0.364408
32.586 0.364408
32.646 0.364408
32.706 0.364408
32.766 0.364408
32.826 0.364408
32.886 0.364408
32.946 0.364408
33.006 0.364408
33.066 0.364408
33.126 0.364408
33.186 0.364408
33.246 0.364408
33.306 0.364408
33.366 0.364408
33.426 0.364408
33.486 0.364408
33.546 0.364408
33.606 0.364408
33.666 0.364408
33.726 0.364408
33.786 0.364408
33.846 0.364408
33.906 0.364408
33.966 0.364408
34.026 0.364408
34.086 0.364408
34.146 0.364408
34.206 0.364408
34.266 0.364408
34.326 0.364408
34.386 0.364408
34.446 0.364408
34.506 0.364408
34.566 0.364408
34.626 0.364408
34.686 0.364408
34.746 0.364408
34.806 0.364408
34.866 0.364408
34.926 0.364408
34.986 0.364408
35.046 0.364408
35.106 0.364408
35.166 0.364408
35.226 0.364408
35.286 0.364408
35.346 0.364408
35.406 0.364408
35.466 0.364408
35.526 0.364408
35.586 0.364408
35.646 0.364408
35.706 0.364408
35.766 0.364408
35.826 0.364408
35.886 0.364408
35.946 0.364408
36.006 0.364408
36.066 0.364408
36.126 0.364408
36.186 0.364408
36.246 0.364408
36.306 0.364408
36.366 0.364408
36.426 0.364408
36.486 0.364408
36.546 0.364408
36.606 0.364408
36.666 0.364408
36.726 0.364408
36.786 0.364408
36.846 0.364408
36.906 0.364408
36.966 0.364408
37.026 0.364408
37.086 0.364408
37.146 0.364408
37.206 0.364408
37.266 0.364408
37.326 0.364408
37.386 0.364408
37.446 0.364408
37.506 0.364408
37.566 0.364408
37.626 0.364408
37.686 0.364408
37.746 0.364408
37.806 0.364408
37.866 0.364408
37.926 0.364408
37.986 0.364408
38.046 0.364408
38.106 0.364408
38.166 0.364408
38.226 0.364408
38.286 0.364408
38.346 0.364408
38.406 0.364408
38.466 0.364408
38.526 0.364408
38.586 0.364408
38.646 0.364408
38.706 0.364408
38.766 0.364408
38.826 0.364408
38.886 0.364408
38.946 0.364408
39.006 0.364408
39.066 0.364408
39.126 0.364408
39.186 0.364408
39.246 0.364408
39.306 0.364408
39.366 0.364408
39.426 0.364408
39.486 0.364408
39.546 0.364408
39.606 0.364408
39.666 0.364408
39.726 0.364408
39.786 0.364408
39.846 0.364408
39.906 0.364408
39.966 0.364408
40.026 0.364408
40.086 0.364408
40.146 0.364408
40.206 0.364408
40.266 0.364408
40.326 0.364408
40.386 0.364408
40.446 0.364408
40.506 0.364408
40.566 0.364408
40.626 0.364408
40.686 0.364408
40.746 0.364408
40.806 0.364408
40.866 0.364408
40.926 0.364408
40.986 0.364408
41.046 0.364408
41.106 0.364408
41.166 0.364408
41.226 0.364408
41.286 0.364408
41.346 0.364408
41.406 0.364408
41.466 0.364408
41.526 0.364408
41.586 0.364408
41.646 0.364408
41.706 0.364408
41.766 0.364408
41.826 0.364408
41.886 0.364408
41.946 0.364408
42.006 0.364408
42.066 0.364408
42.126 0.364408
42.186 0.364408
42.246 0.364408
42.306 0.364408
42.366 0.364408
42.426 0.364408
42.486 0.364408
42.546 0.364408
42.606 0.364408
42.666 0.364408
42.726 0.364408
42.786 0.364408
42.846 0.364408
42.906 0.364408
42.966 0.364408
43.026 0.364408
43.086 0.364408
43.146 0.364408
43.206 0.364408
43.266 0.364408
43.326 0.364408
43.386 0.364408
43.446 0.364408
43.506 0.364408
43.566 0.364408
43.626 0.364408
43.686 0.364408
43.746 0.364408
43.806 0.364408
43.866 0.364408
43.926 0.364408
43.986 0.364408
44.046 0.364408
44.106 0.364408
44.166 0.364408
44.226 0.364408
44.286 0.364408
44.346 0.364408
44.406 0.364408
44.466 0.364408
44.526 0.364408
44.586 0.364408
44.646 0.364408
44.706 0.364408
44.766 0.364408
44.826 0.364408
44.886 0.364408
44.946 0.364408
45.006 0.364408
45.066 0.364408
45.126 0.364408
45.186 0.364408
45.246 0.364408
45.306 0.364408
45.366 0.364408
45.426 0.364408
45.486 0.364408
45.546 0.364408
45.606 0.364408
45.666 0.364408
45.726 0.364408
45.786 0.364408
45.846 0.364408
45.906 0.364408
45.966 0.364408
46.026 0.364408
46.086 0.364408
46.146 0.364408
46.206 0.364408
46.266 0.364408
46.326 0.364408
46.386 0.364408
46.446 0.364408
46.506 0.364408
46.566 0.364408
46.626 0.364408
46.686 0.364408
46.746 0.364408
46.806 0.364408
46.866 0.364408
46.926 0.364408
46.986 0.364408
47.046 0.364408
47.106 0.364408
47.166 0.364408
47.226 0.364408
47.286 0.364408
47.346 0.364408
47.406 0.364408
47.466 0.364408
47.526 0.364408
47.586 0.364408
47.646 0.364408
47.706 0.364408
47.766 0.364408
47.826 0.364408
47.886 0.364408
47.946 0.364408
48.006 0.364408
48.066 0.364408
48.126 0.364408
48.186 0.364408
48.246 0.364408
48.306 0.364408
48.366 0.364408
48.426 0.364408
48.486 0.364408
48.546 0.364408
48.606 0.364408
48.666 0.364408
48.726 0.364408
48.786 0.364408
48.846 0.364408
48.906 0.364408
48.966 0.364408
49.026 0.364408
49.086 0.364408
49.146 0.364408
49.206 0.364408
49.266 0.364408
49.326 0.364408
49.386 0.364408
49.446 0.364408
49.506 0.364408
49.566 0.364408
49.626 0.364408
49.686 0.364408
49.746 0.364408
49.806 0.364408
49.866 0.364408
49.926 0.364408
49.986 0.364408
50.046 0.364408
50.106 0.364408
50.166 0.364408
50.226 0.364408
50.286 0.364408
50.346 0.364408
50.406 0.364408
50.466 0.364408
50.526 0.364408
50.586 0.364408
50.646 0.364408
50.706 0.364408
50.766 0.364408
50.826 0.364408
50.886 0.364408
50.946 0.364408
51.006 0.364408
51.066 0.364408
51.126 0.364408
51.186 0.364408
51.246 0.364408
51.306 0.364408
51.366 0.364408
51.426 0.364408
51.486 0.364408
51.546 0.364408
51.606 0.364408
51.666 0.364408
51.726 0.364408
51.786 0.364408
51.846 0.364408
51.906 0.364408
51.966 0.364408
52.026 0.364408
52.086 0.364408
52.146 0.364408
52.206 0.364408
52.266 0.364408
52.326 0.364408
52.386 0.364408
52.446 0.364408
52.506 0.364408
52.566 0.364408
52.626 0.364408
52.686 0.364408
52.746 0.364408
52.806 0.364408
52.866 0.364408
52.926 0.364408
52.986 0.364408
53.046 0.364408
53.106 0.364408
53.166 0.364408
53.226 0.364408
53.286 0.364408
53.346 0.364408
53.406 0.364408
53.466 0.364408
53.526 0.364408
53.586 0.364408
53.646 0.364408
53.706 0.364408
53.766 0.364408
53.826 0.364408
53.886 0.364408
53.946 0.364408
54.006 0.364408
54.066 0.364408
54.126 0.364408
54.186 0.364408
54.246 0.364408
54.306 0.364408
54.366 0.364408
54.426 0.364408
54.486 0.364408
54.546 0.364408
54.606 0.364408
54.666 0.364408
54.726 0.364408
54.786 0.364408
54.846 0.364408
54.906 0.364408
54.966 0.364408
55.026 0.364408
55.086 0.364408
55.146 0.364408
55.206 0.364408
55.266 0.364408
55.326 0.364408
55.386 0.364408
55.446 0.364408
55.506 0.364408
55.566 0.364408
55.626 0.364408
55.686 0.364408
55.746 0.364408
55.806 0.364408
55.866 0.364408
55.926 0.364408
55.986 0.364408
56.046 0.364408
56.106 0.364408
56.166 0.364408
56.226 0.364408
56.286 0.364408
56.346 0.364408
56.406 0.364408
56.466 0.364408
56.526 0.364408
56.586 0.364408
56.646 0.364408
56.706 0.364408
56.766 0.364408
56.826 0.364408
56.886 0.364408
56.946 0.364408
57.006 0.364408
57.066 0.364408
57.126 0.364408
57.186 0.364408
57.246 0.364408
57.306 0.364408
57.366 0.364408
57.426 0.364408
57.486 0.364408
57.546 0.364408
57.606 0.364408
57.666 0.364408
57.726 0.364408
57.786 0.364408
57.846 0.364408
57.906 0.364408
57.966 0.364408
58.026 0.364408
58.086 0.364408
58.146 0.364408
58.206 0.364408
58.266 0.364408
58.326 0.364408
58.386 0.364408
58.446 0.364408
58.506 0.364408
58.566 0.364408
58.626 0.364408
58.686 0.364408
58.746 0.364408
58.806 0.364408
58.866 0.364408
58.926 0.364408
58.986 0.364408
59.046 0.364408
59.106 0.364408
59.166 0.364408
59.226 0.364408
59.286 0.364408
59.346 0.364408
59.406 0.364408
59.466 0.364408
59.526 0.364408
59.586 0.364408
59.646 0.364408
59.706 0.364408
59.766 0.364408
59.826 0.364408
59.886 0.364408
59.946 0.364408

