0.006 0
0.066 1.57076e-05
0.126 0.000109162
0.186 0.000350135
0.246 0.000806711
0.306 0.00154453
0.366 0.00262605
0.426 0.0041099
0.486 0.00605029
0.546 0.00849645
0.606 0.0114922
0.666 0.0150758
0.726 0.0192792
0.786 0.0241284
0.846 0.0296432
0.906 0.0358371
0.966 0.0427175
1.026 0.0502859
1.086 0.0585384
1.146 0.0674654
1.206 0.0770527
1.266 0.0872815
1.326 0.0981288
1.386 0.109568
1.446 0.121571
1.506 0.134105
1.566 0.147135
1.626 0.160628
1.686 0.174545
1.746 0.188852
1.806 0.203509
1.866 0.218481
1.926 0.233731
1.986 0.249223
2.046 0.264925
2.106 0.280801
2.166 0.296822
2.226 0.312958
2.286 0.32918
2.346 0.345463
2.406 0.361782
2.466 0.378116
2.526 0.394443
2.586 0.410746
2.646 0.427007
2.706 0.443212
2.766 0.459346
2.826 0.475397
2.886 0.491356
2.946 0.507211
3.006 0.522955
3.066 0.538581
3.126 0.554081
3.186 0.56945
3.246 0.584683
3.306 0.599776
3.366 0.614725
3.426 0.629525
3.486 0.644175
3.546 0.65867
3.606 0.673008
3.666 0.687187
3.726 0.701204
3.786 0.715056
3.846 0.72874
3.906 0.742255
3.966 0.755598
4.026 0.768765
4.086 0.781755
4.146 0.794563
4.206 0.807187
4.266 0.819625
4.326 0.831871
4.386 0.843923
4.446 0.855778
4.506 0.867431
4.566 0.878878
4.626 0.890116
4.686 0.90114
4.746 0.911946
4.806 0.92253
4.866 0.932887
4.926 0.943012
4.986 0.952901
5.046 0.96255
5.106 0.971953
5.166 0.981106
5.226 0.990003
5.286 0.998641
5.346 1.00701
5.406 1.01512
5.466 1.02294
5.526 1.03049
5.586 1.03776
5.646 1.04473
5.706 1.05141
5.766 1.0578
5.826 1.06387
5.886 1.06964
5.946 1.0751
6.006 1.08024
6.066 1.08506
6.126 1.08955
6.186 1.09371
6.246 1.09754
6.306 1.10103
6.366 1.10417
6.426 1.10697
6.486 1.10941
6.546 1.11151
6.606 1.11324
6.666 1.11461
6.726 1.11561
6.786 1.11624
6.846 1.11651
6.906 1.11653
6.966 1.11655
7.026 1.11657
7.086 1.11658
7.146 1.1166
7.206 1.11661
7.266 1.11662
7.326 1.11663
7.386 1.11664
7.446 1.11665
7.506 1.11666
7.566 1.11666
7.626 1.11667
7.686 1.11668
7.746 1.11668
7.806 1.11669
7.866 1.11669
7.926 1.1167
7.986 1.1167
8.046 1.1167
8.106 1.11671
8.166 1.11671
8.226 1.11671
8.286 1.11671
8.346 1.11672
8.406 1.11672
8.466 1.11672
8.526 1.11672
8.586 1.11672
8.646 1.11672
8.706 1.11673
8.766 1.11673
8.826 1.11673
8.886 1.11673
8.946 1.11673
9.006 1.11673
9.066 1.11673
9.126 1.11673
9.186 1.11673
9.246 1.11673
9.306 1.11673
9.366 1.11673
9.426 1.11673
9.486 1.11673
9.546 1.11674
9.606 1.11674
9.666 1.11674
9.726 1.11674
9.786 1.11674
9.846 1.11674
9.906 1.11674
9.966 1.11674
10.026 1.11674
10.086 1.11674
10.146 1.11674
10.206 1.11674
10.266 1.11674
10.326 1.11674
10.386 1.11674
10.446 1.11674
10.506 1.11674
10.566 1.11674
10.626 1.11674
10.686 1.11674
10.746 1.11674
10.806 1.11674
10.866 1.11674
10.926 1.11674
10.986 1.11674
11.046 1.11674
11.106 1.11674
11.166 1.11674
11.226 1.11674
11.286 1.11674
11.346 1.11674
11.406 1.11674
11.466 1.11674
11.526 1.11674
11.586 1.11674
11.646 1.11674
11.706 1.11674
11.766 1.11674
11.826 1.11674
11.886 1.11674
11.946 1.11674
12.006 1.11674
12.066 1.11674
12.126 1.11674
12.186 1.11674
12.246 1.11674
12.306 1.11674
12.366 1.11674
12.426 1.11674
12.486 1.11674
12.546 1.11674
12.606 1.11674
12.666 1.11674
12.726 1.11674
12.786 1.11674
12.846 1.11674
12.906 1.11674
12.966 1.11674
13.026 1.11674
13.086 1.11674
13.146 1.11674
13.206 1.11674
13.266 1.11674
13.326 1.11674
13.386 1.11674
13.446 1.11674
13.506 1.11674
13.566 1.11674
13.626 1.11674
13.686 1.11674
13.746 1.11674
13.806 1.11674
13.866 1.11674
13.926 1.11674
13.986 1.11674
14.046 1.11674
14.106 1.11674
14.166 1.11674
14.226 1.11674
14.286 1.11674
14.346 1.11674
14.406 1.11674
14.466 1.11674
14.526 1.11674
14.586 1.11674
14.646 1.11674
14.706 1.11674
14.766 1.11674
14.826 1.11674
14.886 1.11674
14.946 1.11674
15.006 1.11674
15.066 1.11674
15.126 1.11674
15.186 1.11674
15.246 1.11674
15.306 1.11674
15.366 1.11674
15.426 1.11674
15.486 1.11674
15.546 1.11674
15.606 1.11674
15.666 1.11674
15.726 1.11674
15.786 1.11674
15.846 1.11674
15.906 1.11674
15.966 1.11674
16.026 1.11674
16.086 1.11674
16.146 1.11674
16.206 1.11674
16.266 1.11674
16.326 1.11674
16.386 1.11674
16.446 1.11674
16.506 1.11674
16.566 1.11674
16.626 1.11674
16.686 1.11674
16.746 1.11674
16.806 1.11674
16.866 1.11674
16.926 1.11674
16.986 1.11674
17.046 1.11674
17.106 1.11674
17.166 1.11674
17.226 1.11674
17.286 1.11674
17.346 1.11674
17.406 1.11674
17.466 1.11674
17.526 1.11674
17.586 1.11674
17.646 1.11674
17.706 1.11674
17.766 1.11674
17.826 1.11674
17.886 1.11674
17.946 1.11674
18.006 1.11674
18.066 1.11674
18.126 1.11674
18.186 1.11674
18.246 1.11674
18.306 1.11674
18.366 1.11674
18.426 1.11674
18.486 1.11674
18.546 1.11674
18.606 1.11674
18.666 1.11674
18.726 1.11674
18.786 1.11674
18.846 1.11674
18.906 1.11674
18.966 1.11674
19.026 1.11674
19.086 1.11674
19.146 1.11674
19.206 1.11674
19.266 1.11674
19.326 1.11674
19.386 1.11674
19.446 1.11674
19.506 1.11674
19.566 1.11674
19.626 1.11674
19.686 1.11674
19.746 1.11674
19.806 1.11674
19.866 1.11674
19.926 1.11674
19.986 1.11674
20.046 1.11674
20.106 1.11674
20.166 1.11674
20.226 1.11674
20.286 1.11674
20.346 1.11674
20.406 1.11674
20.466 1.11674
20.526 1.11674
20.586 1.11674
20.646 1.11674
20.706 1.11674
20.766 1.11674
20.826 1.11674
20.886 1.11674
20.946 1.11674
21.006 1.11674
21.066 1.11674
21.126 1.11674
21.186 1.11674
21.246 1.11674
21.306 1.11674
21.366 1.11674
21.426 1.11674
21.486 1.11674
21.546 1.11674
21.606 1.11674
21.666 1.11674
21.726 1.11674
21.786 1.11674
21.846 1.11674
21.906 1.11674
21.966 1.11674
22.026 1.11674
22.086 1.11674
22.146 1.11674
22.206 1.11674
22.266 1.11674
22.326 1.11674
22.386 1.11674
22.446 1.11674
22.506 1.11674
22.566 1.11674
22.626 1.11674
22.686 1.11674
22.746 1.11674
22.806 1.11674
22.866 1.11674
22.926 1.11674
22.986 1.11674
23.046 1.11674
23.106 1.11674
23.166 1.11674
23.226 1.11674
23.286 1.11674
23.346 1.11674
23.406 1.11674
23.466 1.11674
23.526 1.11674
23.586 1.11674
23.646 1.11674
23.706 1.11674
23.766 1.11674
23.826 1.11674
23.886 1.11674
23.946 1.11674
24.006 1.11674
24.066 1.11674
24.126 1.11674
24.186 1.11674
24.246 1.11674
24.306 1.11674
24.366 1.11674
24.426 1.11674
24.486 1.11674
24.546 1.11674
24.606 1.11674
24.666 1.11674
24.726 1.11674
24.786 1.11674
24.846 1.11674
24.906 1.11674
24.966 1.11674
25.026 1.11674
25.086 1.11674
25.146 1.11674
25.206 1.11674
25.266 1.11674
25.326 1.11674
25.386 1.11674
25.446 1.11674
25.506 1.11674
25.566 1.11674
25.626 1.11674
25.686 1.11674
25.746 1.11674
25.806 1.11674
25.866 1.11674
25.926 1.11674
25.986 1.11674
26.046 1.11674
26.106 1.11674
26.166 1.11674
26.226 1.11674
26.286 1.11674
26.346 1.11674
26.406 1.11674
26.466 1.11674
26.526 1.11674
26.586 1.11674
26.646 1.11674
26.706 1.11674
26.766 1.11674
26.826 1.11674
26.886 1.11674
26.946 1.11674
27.006 1.11674
27.066 1.11674
27.126 1.11674
27.186 1.11674
27.246 1.11674
27.306 1.11674
27.366 1.11674
27.426 1.11674
27.486 1.11674
27.546 1.11674
27.606 1.11674
27.666 1.11674
27.726 1.11674
27.786 1.11674
27.846 1.11674
27.906 1.11674
27.966 1.11674
28.026 1.11674
28.086 1.11674
28.146 1.11674
28.206 1.11674
28.266 1.11674
28.326 1.11674
28.386 1.11674
28.446 1.11674
28.506 1.11674
28.566 1.11674
28.626 1.11674
28.686 1.11674
28.746 1.11674
28.806 1.11674
28.866 1.11674
28.926 1.11674
28.986 1.11674
29.046 1.11674
29.106 1.11674
29.166 1.11674
29.226 1.11674
29.286 1.11674
29.346 1.11674
29.406 1.11674
29.466 1.11674
29.526 1.11674
29.586 1.11674
29.646 1.11674
29.706 1.11674
29.766 1.11674
29.826 1.11674
29.886 1.11674
29.946 1.11674
30.006 1.11674
30.066 1.11674
30.126 1.11674
30.186 1.11674
30.246 1.11674
30.306 1.11674
30.366 1.11674
30.426 1.11674
30.486 1.11674
30.546 1.11674
30.606 1.11674
30.666 1.11674
30.726 1.11674
30.786 1.11674
30.846 1.11674
30.906 1.11674
30.966 1.11674
31.026 1.11674
31.086 1.11674
31.146 1.11674
31.206 1.11674
31.266 1.11674
31.326 1.11674
31.386 1.11674
31.446 1.11674
31.506 1.11674
31.566 1.11674
31.626 1.11674
31.686 1.11674
31.746 1.11674
31.806 1.11674
31.866 1.11674
31.926 1.11674
31.986 1.11674
32.046 1.11674
32.106 1.11674
32.166 1.11674
32.226 1.11674
32.286 1.11674
32.346 1.11674
32.406 1.11674
32.466 1.11674
32.526 1.11674
32.586 1.11674
32.646 1.11674
32.706 1.11674
32.766 1.11674
32.826 1.11674
32.886 1.11674
32.946 1.11674
33.006 1.11674
33.066 1.11674
33.126 1.11674
33.186 1.11674
33.246 1.11674
33.306 1.11674
33.366 1.11674
33.426 1.11674
33.486 1.11674
33.546 1.11674
33.606 1.11674
33.666 1.11674
33.726 1.11674
33.786 1.11674
33.846 1.11674
33.906 1.11674
33.966 1.11674
34.026 1.11674
34.086 1.11674
34.146 1.11674
34.206 1.11674
34.266 1.11674
34.326 1.11674
34.386 1.11674
34.446 1.11674
34.506 1.11674
34.566 1.11674
34.626 1.11674
34.686 1.11674
34.746 1.11674
34.806 1.11674
34.866 1.11674
34.926 1.11674
34.986 1.11674
35.046 1.11674
35.106 1.11674
35.166 1.11674
35.226 1.11674
35.286 1.11674
35.346 1.11674
35.406 1.11674
35.466 1.11674
35.526 1.11674
35.586 1.11674
35.646 1.11674
35.706 1.11674
35.766 1.11674
35.826 1.11674
35.886 1.11674
35.946 1.11674
36.006 1.11674
36.066 1.11674
36.126 1.11674
36.186 1.11674
36.246 1.11674
36.306 1.11674
36.366 1.11674
36.426 1.11674
36.486 1.11674
36.546 1.11674
36.606 1.11674
36.666 1.11674
36.726 1.11674
36.786 1.11674
36.846 1.11674
36.906 1.11674
36.966 1.11674
37.026 1.11674
37.086 1.11674
37.146 1.11674
37.206 1.11674
37.266 1.11674
37.326 1.11674
37.386 1.11674
37.446 1.11674
37.506 1.11674
37.566 1.11674
37.626 1.11674
37.686 1.11674
37.746 1.11674
37.806 1.11674
37.866 1.11674
37.926 1.11674
37.986 1.11674
38.046 1.11674
38.106 1.11674
38.166 1.11674
38.226 1.11674
38.286 1.11674
38.346 1.11674
38.406 1.11674
38.466 1.11674
38.526 1.11674
38.586 1.11674
38.646 1.11674
38.706 1.11674
38.766 1.11674
38.826 1.11674
38.886 1.11674
38.946 1.11674
39.006 1.11674
39.066 1.11674
39.126 1.11674
39.186 1.11674
39.246 1.11674
39.306 1.11674
39.366 1.11674
39.426 1.11674
39.486 1.11674
39.546 1.11674
39.606 1.11674
39.666 1.11674
39.726 1.11674
39.786 1.11674
39.846 1.11674
39.906 1.11674
39.966 1.11674
40.026 1.11674
40.086 1.11674
40.146 1.11674
40.206 1.11674
40.266 1.11674
40.326 1.11674
40.386 1.11674
40.446 1.11674
40.506 1.11674
40.566 1.11674
40.626 1.11674
40.686 1.11674
40.746 1.11674
40.806 1.11674
40.866 1.11674
40.926 1.11674
40.986 1.11674
41.046 1.11674
41.106 1.11674
41.166 1.11674
41.226 1.11674
41.286 1.11674
41.346 1.11674
41.406 1.11674
41.466 1.11674
41.526 1.11674
41.586 1.11674
41.646 1.11674
41.706 1.11674
41.766 1.11674
41.826 1.11674
41.886 1.11674
41.946 1.11674
42.006 1.11674
42.066 1.11674
42.126 1.11674
42.186 1.11674
42.246 1.11674
42.306 1.11674
42.366 1.11674
42.426 1.11674
42.486 1.11674
42.546 1.11674
42.606 1.11674
42.666 1.11674
42.726 1.11674
42.786 1.11674
42.846 1.11674
42.906 1.11674
42.966 1.11674
43.026 1.11674
43.086 1.11674
43.146 1.11674
43.206 1.11674
43.266 1.11674
43.326 1.11674
43.386 1.11674
43.446 1.11674
43.506 1.11674
43.566 1.11674
43.626 1.11674
43.686 1.11674
43.746 1.11674
43.806 1.11674
43.866 1.11674
43.926 1.11674
43.986 1.11674
44.046 1.11674
44.106 1.11674
44.166 1.11674
44.226 1.11674
44.286 1.11674
44.346 1.11674
44.406 1.11674
44.466 1.11674
44.526 1.11674
44.586 1.11674
44.646 1.11674
44.706 1.11674
44.766 1.11674
44.826 1.11674
44.886 1.11674
44.946 1.11674
45.006 1.11674
45.066 1.11674
45.126 1.11674
45.186 1.11674
45.246 1.11674
45.306 1.11674
45.366 1.11674
45.426 1.11674
45.486 1.11674
45.546 1.11674
45.606 1.11674
45.666 1.11674
45.726 1.11674
45.786 1.11674
45.846 1.11674
45.906 1.11674
45.966 1.11674
46.026 1.11674
46.086 1.11674
46.146 1.11674
46.206 1.11674
46.266 1.11674
46.326 1.11674
46.386 1.11674
46.446 1.11674
46.506 1.11674
46.566 1.11674
46.626 1.11674
46.686 1.11674
46.746 1.11674
46.806 1.11674
46.866 1.11674
46.926 1.11674
46.986 1.11674
47.046 1.11674
47.106 1.11674
47.166 1.11674
47.226 1.11674
47.286 1.11674
47.346 1.11674
47.406 1.11674
47.466 1.11674
47.526 1.11674
47.586 1.11674
47.646 1.11674
47.706 1.11674
47.766 1.11674
47.826 1.11674
47.886 1.11674
47.946 1.11674
48.006 1.11674
48.066 1.11674
48.126 1.11674
48.186 1.11674
48.246 1.11674
48.306 1.11674
48.366 1.11674
48.426 1.11674
48.486 1.11674
48.546 1.11674
48.606 1.11674
48.666 1.11674
48.726 1.11674
48.786 1.11674
48.846 1.11674
48.906 1.11674
48.966 1.11674
49.026 1.11674
49.086 1.11674
49.146 1.11674
49.206 1.11674
49.266 1.11674
49.326 1.11674
49.386 1.11674
49.446 1.11674
49.506 1.11674
49.566 1.11674
49.626 1.11674
49.686 1.11674
49.746 1.11674
49.806 1.11674
49.866 1.11674
49.926 1.11674
49.986 1.11674
50.046 1.11674
50.106 1.11674
50.166 1.11674
50.226 1.11674
50.286 1.11674
50.346 1.11674
50.406 1.11674
50.466 1.11674
50.526 1.11674
50.586 1.11674
50.646 1.11674
50.706 1.11674
50.766 1.11674
50.826 1.11674
50.886 1.11674
50.946 1.11674
51.006 1.11674
51.066 1.11674
51.126 1.11674
51.186 1.11674
51.246 1.11674
51.306 1.11674
51.366 1.11674
51.426 1.11674
51.486 1.11674
51.546 1.11674
51.606 1.11674
51.666 1.11674
51.726 1.11674
51.786 1.11674
51.846 1.11674
51.906 1.11674
51.966 1.11674
52.026 1.11674
52.086 1.11674
52.146 1.11674
52.206 1.11674
52.266 1.11674
52.326 1.11674
52.386 1.11674
52.446 1.11674
52.506 1.11674
52.566 1.11674
52.626 1.11674
52.686 1.11674
52.746 1.11674
52.806 1.11674
52.866 1.11674
52.926 1.11674
52.986 1.11674
53.046 1.11674
53.106 1.11674
53.166 1.11674
53.226 1.11674
53.286 1.11674
53.346 1.11674
53.406 1.11674
53.466 1.11674
53.526 1.11674
53.586 1.11674
53.646 1.11674
53.706 1.11674
53.766 1.11674
53.826 1.11674
53.886 1.11674
53.946 1.11674
54.006 1.11674
54.066 1.11674
54.126 1.11674
54.186 1.11674
54.246 1.11674
54.306 1.11674
54.366 1.11674
54.426 1.11674
54.486 1.11674
54.546 1.11674
54.606 1.11674
54.666 1.11674
54.726 1.11674
54.786 1.11674
54.846 1.11674
54.906 1.11674
54.966 1.11674
55.026 1.11674
55.086 1.11674
55.146 1.11674
55.206 1.11674
55.266 1.11674
55.326 1.11674
55.386 1.11674
55.446 1.11674
55.506 1.11674
55.566 1.11674
55.626 1.11674
55.686 1.11674
55.746 1.11674
55.806 1.11674
55.866 1.11674
55.926 1.11674
55.986 1.11674
56.046 1.11674
56.106 1.11674
56.166 1.11674
56.226 1.11674
56.286 1.11674
56.346 1.11674
56.406 1.11674
56.466 1.11674
56.526 1.11674
56.586 1.11674
56.646 1.11674
56.706 1.11674
56.766 1.11674
56.826 1.11674
56.886 1.11674
56.946 1.11674
57.006 1.11674
57.066 1.11674
57.126 1.11674
57.186 1.11674
57.246 1.11674
57.306 1.11674
57.366 1.11674
57.426 1.11674
57.486 1.11674
57.546 1.11674
57.606 1.11674
57.666 1.11674
57.726 1.11674
57.786 1.11674
57.846 1.11674
57.906 1.11674
57.966 1.11674
58.026 1.11674
58.086 1.11674
58.146 1.11674
58.206 1.11674
58.266 1.11674
58.326 1.11674
58.386 1.11674
58.446 1.11674
58.506 1.11674
58.566 1.11674
58.626 1.11674
58.686 1.11674
58.746 1.11674
58.806 1.11674
58.866 1.11674
58.926 1.11674
58.986 1.11674
59.046 1.11674
59.106 1.11674
59.166 1.11674
59.226 1.11674
59.286 1.11674
59.346 1.11674
59.406 1.11674
59.466 1.11674
59.526 1.11674
59.586 1.11674
59.646 1.11674
59.706 1.11674
59.766 1.11674
59.826 1.11674
59.886 1.11674
59.946 1.11674

