0.006 0
0.066 6.38918e-05
0.126 0.000441647
0.186 0.00140434
0.246 0.0031973
0.306 0.0060302
0.366 0.0100694
0.426 0.0154333
0.486 0.02219
0.546 0.0303582
0.606 0.0399105
0.666 0.0507779
0.726 0.0628666
0.786 0.0760735
0.846 0.0902594
0.906 0.105271
0.966 0.12095
1.026 0.137136
1.086 0.153673
1.146 0.170413
1.206 0.187219
1.266 0.203965
1.326 0.220541
1.386 0.23685
1.446 0.252811
1.506 0.268354
1.566 0.283425
1.626 0.29798
1.686 0.311987
1.746 0.325423
1.806 0.338276
1.866 0.350537
1.926 0.362208
1.986 0.373293
2.046 0.383802
2.106 0.393747
2.166 0.403145
2.226 0.412012
2.286 0.420369
2.346 0.428236
2.406 0.435634
2.466 0.442585
2.526 0.44911
2.586 0.45523
2.646 0.460968
2.706 0.466342
2.766 0.471374
2.826 0.476082
2.886 0.480486
2.946 0.484603
3.006 0.488451
3.066 0.492045
3.126 0.495402
3.186 0.498536
3.246 0.501461
3.306 0.504191
3.366 0.506737
3.426 0.509111
3.486 0.511325
3.546 0.51339
3.606 0.515314
3.666 0.517107
3.726 0.518778
3.786 0.520335
3.846 0.521785
3.906 0.523136
3.966 0.524394
4.026 0.525565
4.086 0.526656
4.146 0.527671
4.206 0.528617
4.266 0.529496
4.326 0.530315
4.386 0.531077
4.446 0.531787
4.506 0.532446
4.566 0.53306
4.626 0.533631
4.686 0.534163
4.746 0.534657
4.806 0.535117
4.866 0.535544
4.926 0.535942
4.986 0.536311
5.046 0.536655
5.106 0.536974
5.166 0.537272
5.226 0.537548
5.286 0.537804
5.346 0.538043
5.406 0.538265
5.466 0.53847
5.526 0.538662
5.586 0.53884
5.646 0.539005
5.706 0.539158
5.766 0.539301
5.826 0.539433
5.886 0.539556
5.946 0.53967
6.006 0.539776
6.066 0.539874
6.126 0.539966
6.186 0.54005
6.246 0.540129
6.306 0.540202
6.366 0.540269
6.426 0.540332
6.486 0.54039
6.546 0.540444
6.606 0.540494
6.666 0.54054
6.726 0.540583
6.786 0.540622
6.846 0.540659
6.906 0.540693
6.966 0.540724
7.026 0.540753
7.086 0.54078
7.146 0.540805
7.206 0.540828
7.266 0.540849
7.326 0.540868
7.386 0.540886
7.446 0.540903
7.506 0.540918
7.566 0.540932
7.626 0.540945
7.686 0.540957
7.746 0.540968
7.806 0.540978
7.866 0.540987
7.926 0.540996
7.986 0.541003
8.046 0.54101
8.106 0.541017
8.166 0.541023
8.226 0.541028
8.286 0.541033
8.346 0.541037
8.406 0.541041
8.466 0.541045
8.526 0.541048
8.586 0.541051
8.646 0.541054
8.706 0.541056
8.766 0.541059
8.826 0.541061
8.886 0.541062
8.946 0.541064
9.006 0.541066
9.066 0.541067
9.126 0.541068
9.186 0.541069
9.246 0.541071
9.306 0.541072
9.366 0.541073
9.426 0.541073
9.486 0.541073
9.546 0.541073
9.606 0.541073
9.666 0.541073
9.726 0.541073
9.786 0.541073
9.846 0.541073
9.906 0.541073
9.966 0.541073
10.026 0.541073
10.086 0.541073
10.146 0.541073
10.206 0.541073
10.266 0.541073
10.326 0.541073
10.386 0.541073
10.446 0.541073
10.506 0.541073
10.566 0.541073
10.626 0.541073
10.686 0.541073
10.746 0.541073
10.806 0.541073
10.866 0.541073
10.926 0.541073
10.986 0.541073
11.046 0.541073
11.106 0.541073
11.166 0.541073
11.226 0.541073
11.286 0.541073
11.346 0.541073
11.406 0.541073
11.466 0.541073
11.526 0.541073
11.586 0.541073
11.646 0.541073
11.706 0.541073
11.766 0.541073
11.826 0.541073
11.886 0.541073
11.946 0.541073
12.006 0.541073
12.066 0.541073
12.126 0.541073
12.186 0.541073
12.246 0.541073
12.306 0.541073
12.366 0.541073
12.426 0.541073
12.486 0.541073
12.546 0.541073
12.606 0.541073
12.666 0.541073
12.726 0.541073
12.786 0.541073
12.846 0.541073
12.906 0.541073
12.966 0.541073
13.026 0.541073
13.086 0.541073
13.146 0.541073
13.206 0.541073
13.266 0.541073
13.326 0.541073
13.386 0.541073
13.446 0.541073
13.506 0.541073
13.566 0.541073
13.626 0.541073
13.686 0.541073
13.746 0.541073
13.806 0.541073
13.866 0.541073
13.926 0.541073
13.986 0.541073
14.046 0.541073
14.106 0.541073
14.166 0.541073
14.226 0.541073
14.286 0.541073
14.346 0.541073
14.406 0.541073
14.466 0.541073
14.526 0.541073
14.586 0.541073
14.646 0.541073
14.706 0.541073
14.766 0.541073
14.826 0.541073
14.886 0.541073
14.946 0.541073
15.006 0.541073
15.066 0.541073
15.126 0.541073
15.186 0.541073
15.246 0.541073
15.306 0.541073
15.366 0.541073
15.426 0.541073
15.486 0.541073
15.546 0.541073
15.606 0.541073
15.666 0.541073
15.726 0.541073
15.786 0.541073
15.846 0.541073
15.906 0.541073
15.966 0.541073
16.026 0.541073
16.086 0.541073
16.146 0.541073
16.206 0.541073
16.266 0.541073
16.326 0.541073
16.386 0.541073
16.446 0.541073
16.506 0.541073
16.566 0.541073
16.626 0.541073
16.686 0.541073
16.746 0.541073
16.806 0.541073
16.866 0.541073
16.926 0.541073
16.986 0.541073
17.046 0.541073
17.106 0.541073
17.166 0.541073
17.226 0.541073
17.286 0.541073
17.346 0.541073
17.406 0.541073
17.466 0.541073
17.526 0.541073
17.586 0.541073
17.646 0.541073
17.706 0.541073
17.766 0.541073
17.826 0.541073
17.886 0.541073
17.946 0.541073
18.006 0.541073
18.066 0.541073
18.126 0.541073
18.186 0.541073
18.246 0.541073
18.306 0.541073
18.366 0.541073
18.426 0.541073
18.486 0.541073
18.546 0.541073
18.606 0.541073
18.666 0.541073
18.726 0.541073
18.786 0.541073
18.846 0.541073
18.906 0.541073
18.966 0.541073
19.026 0.541073
19.086 0.541073
19.146 0.541073
19.206 0.541073
19.266 0.541073
19.326 0.541073
19.386 0.541073
19.446 0.541073
19.506 0.541073
19.566 0.541073
19.626 0.541073
19.686 0.541073
19.746 0.541073
19.806 0.541073
19.866 0.541073
19.926 0.541073
19.986 0.541073
20.046 0.541073
20.106 0.541073
20.166 0.541073
20.226 0.541073
20.286 0.541073
20.346 0.541073
20.406 0.541073
20.466 0.541073
20.526 0.541073
20.586 0.541073
20.646 0.541073
20.706 0.541073
20.766 0.541073
20.826 0.541073
20.886 0.541073
20.946 0.541073
21.006 0.541073
21.066 0.541073
21.126 0.541073
21.186 0.541073
21.246 0.541073
21.306 0.541073
21.366 0.541073
21.426 0.541073
21.486 0.541073
21.546 0.541073
21.606 0.541073
21.666 0.541073
21.726 0.541073
21.786 0.541073
21.846 0.541073
21.906 0.541073
21.966 0.541073
22.026 0.541073
22.086 0.541073
22.146 0.541073
22.206 0.541073
22.266 0.541073
22.326 0.541073
22.386 0.541073
22.446 0.541073
22.506 0.541073
22.566 0.541073
22.626 0.541073
22.686 0.541073
22.746 0.541073
22.806 0.541073
22.866 0.541073
22.926 0.541073
22.986 0.541073
23.046 0.541073
23.106 0.541073
23.166 0.541073
23.226 0.541073
23.286 0.541073
23.346 0.541073
23.406 0.541073
23.466 0.541073
23.526 0.541073
23.586 0.541073
23.646 0.541073
23.706 0.541073
23.766 0.541073
23.826 0.541073
23.886 0.541073
23.946 0.541073
24.006 0.541073
24.066 0.541073
24.126 0.541073
24.186 0.541073
24.246 0.541073
24.306 0.541073
24.366 0.541073
24.426 0.541073
24.486 0.541073
24.546 0.541073
24.606 0.541073
24.666 0.541073
24.726 0.541073
24.786 0.541073
24.846 0.541073
24.906 0.541073
24.966 0.541073
25.026 0.541073
25.086 0.541073
25.146 0.541073
25.206 0.541073
25.266 0.541073
25.326 0.541073
25.386 0.541073
25.446 0.541073
25.506 0.541073
25.566 0.541073
25.626 0.541073
25.686 0.541073
25.746 0.541073
25.806 0.541073
25.866 0.541073
25.926 0.541073
25.986 0.541073
26.046 0.541073
26.106 0.541073
26.166 0.541073
26.226 0.541073
26.286 0.541073
26.346 0.541073
26.406 0.541073
26.466 0.541073
26.526 0.541073
26.586 0.541073
26.646 0.541073
26.706 0.541073
26.766 0.541073
26.826 0.541073
26.886 0.541073
26.946 0.541073
27.006 0.541073
27.066 0.541073
27.126 0.541073
27.186 0.541073
27.246 0.541073
27.306 0.541073
27.366 0.541073
27.426 0.541073
27.486 0.541073
27.546 0.541073
27.606 0.541073
27.666 0.541073
27.726 0.541073
27.786 0.541073
27.846 0.541073
27.906 0.541073
27.966 0.541073
28.026 0.541073
28.086 0.541073
28.146 0.541073
28.206 0.541073
28.266 0.541073
28.326 0.541073
28.386 0.541073
28.446 0.541073
28.506 0.541073
28.566 0.541073
28.626 0.541073
28.686 0.541073
28.746 0.541073
28.806 0.541073
28.866 0.541073
28.926 0.541073
28.986 0.541073
29.046 0.541073
29.106 0.541073
29.166 0.541073
29.226 0.541073
29.286 0.541073
29.346 0.541073
29.406 0.541073
29.466 0.541073
29.526 0.541073
29.586 0.541073
29.646 0.541073
29.706 0.541073
29.766 0.541073
29.826 0.541073
29.886 0.541073
29.946 0.541073
30.006 0.541073
30.066 0.541073
30.126 0.541073
30.186 0.541073
30.246 0.541073
30.306 0.541073
30.366 0.541073
30.426 0.541073
30.486 0.541073
30.546 0.541073
30.606 0.541073
30.666 0.541073
30.726 0.541073
30.786 0.541073
30.846 0.541073
30.906 0.541073
30.966 0.541073
31.026 0.541073
31.086 0.541073
31.146 0.541073
31.206 0.541073
31.266 0.541073
31.326 0.541073
31.386 0.541073
31.446 0.541073
31.506 0.541073
31.566 0.541073
31.626 0.541073
31.686 0.541073
31.746 0.541073
31.806 0.541073
31.866 0.541073
31.926 0.541073
31.986 0.541073
32.046 0.541073
32.106 0.541073
32.166 0.541073
32.226 0.541073
32.286 0.541073
32.346 0.541073
32.406 0.541073
32.466 0.541073
32.526 0.541073
32.586 0.541073
32.646 0.541073
32.706 0.541073
32.766 0.541073
32.826 0.541073
32.886 0.541073
32.946 0.541073
33.006 0.541073
33.066 0.541073
33.126 0.541073
33.186 0.541073
33.246 0.541073
33.306 0.541073
33.366 0.541073
33.426 0.541073
33.486 0.541073
33.546 0.541073
33.606 0.541073
33.666 0.541073
33.726 0.541073
33.786 0.541073
33.846 0.541073
33.906 0.541073
33.966 0.541073
34.026 0.541073
34.086 0.541073
34.146 0.541073
34.206 0.541073
34.266 0.541073
34.326 0.541073
34.386 0.541073
34.446 0.541073
34.506 0.541073
34.566 0.541073
34.626 0.541073
34.686 0.541073
34.746 0.541073
34.806 0.541073
34.866 0.541073
34.926 0.541073
34.986 0.541073
35.046 0.541073
35.106 0.541073
35.166 0.541073
35.226 0.541073
35.286 0.541073
35.346 0.541073
35.406 0.541073
35.466 0.541073
35.526 0.541073
35.586 0.541073
35.646 0.541073
35.706 0.541073
35.766 0.541073
35.826 0.541073
35.886 0.541073
35.946 0.541073
36.006 0.541073
36.066 0.541073
36.126 0.541073
36.186 0.541073
36.246 0.541073
36.306 0.541073
36.366 0.541073
36.426 0.541073
36.486 0.541073
36.546 0.541073
36.606 0.541073
36.666 0.541073
36.726 0.541073
36.786 0.541073
36.846 0.541073
36.906 0.541073
36.966 0.541073
37.026 0.541073
37.086 0.541073
37.146 0.541073
37.206 0.541073
37.266 0.541073
37.326 0.541073
37.386 0.541073
37.446 0.541073
37.506 0.541073
37.566 0.541073
37.626 0.541073
37.686 0.541073
37.746 0.541073
37.806 0.541073
37.866 0.541073
37.926 0.541073
37.986 0.541073
38.046 0.541073
38.106 0.541073
38.166 0.541073
38.226 0.541073
38.286 0.541073
38.346 0.541073
38.406 0.541073
38.466 0.541073
38.526 0.541073
38.586 0.541073
38.646 0.541073
38.706 0.541073
38.766 0.541073
38.826 0.541073
38.886 0.541073
38.946 0.541073
39.006 0.541073
39.066 0.541073
39.126 0.541073
39.186 0.541073
39.246 0.541073
39.306 0.541073
39.366 0.541073
39.426 0.541073
39.486 0.541073
39.546 0.541073
39.606 0.541073
39.666 0.541073
39.726 0.541073
39.786 0.541073
39.846 0.541073
39.906 0.541073
39.966 0.541073
40.026 0.541073
40.086 0.541073
40.146 0.541073
40.206 0.541073
40.266 0.541073
40.326 0.541073
40.386 0.541073
40.446 0.541073
40.506 0.541073
40.566 0.541073
40.626 0.541073
40.686 0.541073
40.746 0.541073
40.806 0.541073
40.866 0.541073
40.926 0.541073
40.986 0.541073
41.046 0.541073
41.106 0.541073
41.166 0.541073
41.226 0.541073
41.286 0.541073
41.346 0.541073
41.406 0.541073
41.466 0.541073
41.526 0.541073
41.586 0.541073
41.646 0.541073
41.706 0.541073
41.766 0.541073
41.826 0.541073
41.886 0.541073
41.946 0.541073
42.006 0.541073
42.066 0.541073
42.126 0.541073
42.186 0.541073
42.246 0.541073
42.306 0.541073
42.366 0.541073
42.426 0.541073
42.486 0.541073
42.546 0.541073
42.606 0.541073
42.666 0.541073
42.726 0.541073
42.786 0.541073
42.846 0.541073
42.906 0.541073
42.966 0.541073
43.026 0.541073
43.086 0.541073
43.146 0.541073
43.206 0.541073
43.266 0.541073
43.326 0.541073
43.386 0.541073
43.446 0.541073
43.506 0.541073
43.566 0.541073
43.626 0.541073
43.686 0.541073
43.746 0.541073
43.806 0.541073
43.866 0.541073
43.926 0.541073
43.986 0.541073
44.046 0.541073
44.106 0.541073
44.166 0.541073
44.226 0.541073
44.286 0.541073
44.346 0.541073
44.406 0.541073
44.466 0.541073
44.526 0.541073
44.586 0.541073
44.646 0.541073
44.706 0.541073
44.766 0.541073
44.826 0.541073
44.886 0.541073
44.946 0.541073
45.006 0.541073
45.066 0.541073
45.126 0.541073
45.186 0.541073
45.246 0.541073
45.306 0.541073
45.366 0.541073
45.426 0.541073
45.486 0.541073
45.546 0.541073
45.606 0.541073
45.666 0.541073
45.726 0.541073
45.786 0.541073
45.846 0.541073
45.906 0.541073
45.966 0.541073
46.026 0.541073
46.086 0.541073
46.146 0.541073
46.206 0.541073
46.266 0.541073
46.326 0.541073
46.386 0.541073
46.446 0.541073
46.506 0.541073
46.566 0.541073
46.626 0.541073
46.686 0.541073
46.746 0.541073
46.806 0.541073
46.866 0.541073
46.926 0.541073
46.986 0.541073
47.046 0.541073
47.106 0.541073
47.166 0.541073
47.226 0.541073
47.286 0.541073
47.346 0.541073
47.406 0.541073
47.466 0.541073
47.526 0.541073
47.586 0.541073
47.646 0.541073
47.706 0.541073
47.766 0.541073
47.826 0.541073
47.886 0.541073
47.946 0.541073
48.006 0.541073
48.066 0.541073
48.126 0.541073
48.186 0.541073
48.246 0.541073
48.306 0.541073
48.366 0.541073
48.426 0.541073
48.486 0.541073
48.546 0.541073
48.606 0.541073
48.666 0.541073
48.726 0.541073
48.786 0.541073
48.846 0.541073
48.906 0.541073
48.966 0.541073
49.026 0.541073
49.086 0.541073
49.146 0.541073
49.206 0.541073
49.266 0.541073
49.326 0.541073
49.386 0.541073
49.446 0.541073
49.506 0.541073
49.566 0.541073
49.626 0.541073
49.686 0.541073
49.746 0.541073
49.806 0.541073
49.866 0.541073
49.926 0.541073
49.986 0.541073
50.046 0.541073
50.106 0.541073
50.166 0.541073
50.226 0.541073
50.286 0.541073
50.346 0.541073
50.406 0.541073
50.466 0.541073
50.526 0.541073
50.586 0.541073
50.646 0.541073
50.706 0.541073
50.766 0.541073
50.826 0.541073
50.886 0.541073
50.946 0.541073
51.006 0.541073
51.066 0.541073
51.126 0.541073
51.186 0.541073
51.246 0.541073
51.306 0.541073
51.366 0.541073
51.426 0.541073
51.486 0.541073
51.546 0.541073
51.606 0.541073
51.666 0.541073
51.726 0.541073
51.786 0.541073
51.846 0.541073
51.906 0.541073
51.966 0.541073
52.026 0.541073
52.086 0.541073
52.146 0.541073
52.206 0.541073
52.266 0.541073
52.326 0.541073
52.386 0.541073
52.446 0.541073
52.506 0.541073
52.566 0.541073
52.626 0.541073
52.686 0.541073
52.746 0.541073
52.806 0.541073
52.866 0.541073
52.926 0.541073
52.986 0.541073
53.046 0.541073
53.106 0.541073
53.166 0.541073
53.226 0.541073
53.286 0.541073
53.346 0.541073
53.406 0.541073
53.466 0.541073
53.526 0.541073
53.586 0.541073
53.646 0.541073
53.706 0.541073
53.766 0.541073
53.826 0.541073
53.886 0.541073
53.946 0.541073
54.006 0.541073
54.066 0.541073
54.126 0.541073
54.186 0.541073
54.246 0.541073
54.306 0.541073
54.366 0.541073
54.426 0.541073
54.486 0.541073
54.546 0.541073
54.606 0.541073
54.666 0.541073
54.726 0.541073
54.786 0.541073
54.846 0.541073
54.906 0.541073
54.966 0.541073
55.026 0.541073
55.086 0.541073
55.146 0.541073
55.206 0.541073
55.266 0.541073
55.326 0.541073
55.386 0.541073
55.446 0.541073
55.506 0.541073
55.566 0.541073
55.626 0.541073
55.686 0.541073
55.746 0.541073
55.806 0.541073
55.866 0.541073
55.926 0.541073
55.986 0.541073
56.046 0.541073
56.106 0.541073
56.166 0.541073
56.226 0.541073
56.286 0.541073
56.346 0.541073
56.406 0.541073
56.466 0.541073
56.526 0.541073
56.586 0.541073
56.646 0.541073
56.706 0.541073
56.766 0.541073
56.826 0.541073
56.886 0.541073
56.946 0.541073
57.006 0.541073
57.066 0.541073
57.126 0.541073
57.186 0.541073
57.246 0.541073
57.306 0.541073
57.366 0.541073
57.426 0.541073
57.486 0.541073
57.546 0.541073
57.606 0.541073
57.666 0.541073
57.726 0.541073
57.786 0.541073
57.846 0.541073
57.906 0.541073
57.966 0.541073
58.026 0.541073
58.086 0.541073
58.146 0.541073
58.206 0.541073
58.266 0.541073
58.326 0.541073
58.386 0.541073
58.446 0.541073
58.506 0.541073
58.566 0.541073
58.626 0.541073
58.686 0.541073
58.746 0.541073
58.806 0.541073
58.866 0.541073
58.926 0.541073
58.986 0.541073
59.046 0.541073
59.106 0.541073
59.166 0.541073
59.226 0.541073
59.286 0.541073
59.346 0.541073
59.406 0.541073
59.466 0.541073
59.526 0.541073
59.586 0.541073
59.646 0.541073
59.706 0.541073
59.766 0.541073
59.826 0.541073
59.886 0.541073
59.946 0.541073

