0.006 0
0.066 0.00010171
0.126 0.00070021
0.186 0.00221208
0.246 0.0049922
0.306 0.00931322
0.366 0.0153535
0.426 0.0231942
0.486 0.0328236
0.546 0.0441493
0.606 0.0570128
0.666 0.0712143
0.726 0.0865533
0.786 0.102796
0.846 0.119705
0.906 0.13705
0.966 0.154617
1.026 0.172215
1.086 0.189678
1.146 0.206864
1.206 0.223654
1.266 0.239956
1.326 0.255697
1.386 0.270824
1.446 0.2853
1.506 0.299101
1.566 0.312219
1.626 0.324651
1.686 0.336405
1.746 0.347494
1.806 0.357935
1.866 0.367751
1.926 0.376966
1.986 0.385604
2.046 0.393694
2.106 0.401263
2.166 0.408338
2.226 0.414946
2.286 0.421114
2.346 0.426867
2.406 0.432232
2.466 0.437231
2.526 0.441888
2.586 0.446224
2.646 0.45026
2.706 0.454017
2.766 0.457511
2.826 0.460762
2.886 0.463785
2.946 0.466595
3.006 0.469208
3.066 0.471636
3.126 0.473893
3.186 0.47599
3.246 0.477938
3.306 0.479748
3.366 0.481429
3.426 0.48299
3.486 0.48444
3.546 0.485787
3.606 0.487038
3.666 0.488199
3.726 0.489277
3.786 0.490278
3.846 0.491208
3.906 0.492071
3.966 0.492871
4.026 0.493615
4.086 0.494305
4.146 0.494945
4.206 0.495539
4.266 0.496091
4.326 0.496603
4.386 0.497078
4.446 0.497519
4.506 0.497928
4.566 0.498307
4.626 0.498659
4.686 0.498986
4.746 0.499288
4.806 0.49957
4.866 0.49983
4.926 0.500072
4.986 0.500296
5.046 0.500504
5.106 0.500697
5.166 0.500876
5.226 0.501042
5.286 0.501195
5.346 0.501338
5.406 0.50147
5.466 0.501592
5.526 0.501706
5.586 0.501811
5.646 0.501908
5.706 0.501998
5.766 0.502082
5.826 0.502159
5.886 0.502231
5.946 0.502297
6.006 0.502359
6.066 0.502416
6.126 0.502468
6.186 0.502517
6.246 0.502562
6.306 0.502604
6.366 0.502642
6.426 0.502678
6.486 0.502711
6.546 0.502741
6.606 0.502769
6.666 0.502795
6.726 0.502819
6.786 0.502841
6.846 0.502861
6.906 0.50288
6.966 0.502897
7.026 0.502913
7.086 0.502927
7.146 0.502941
7.206 0.502953
7.266 0.502965
7.326 0.502975
7.386 0.502984
7.446 0.502993
7.506 0.503001
7.566 0.503008
7.626 0.503015
7.686 0.503021
7.746 0.503027
7.806 0.503032
7.866 0.503036
7.926 0.50304
7.986 0.503044
8.046 0.503048
8.106 0.503051
8.166 0.503054
8.226 0.503056
8.286 0.503058
8.346 0.503061
8.406 0.503062
8.466 0.503064
8.526 0.503066
8.586 0.503067
8.646 0.503068
8.706 0.50307
8.766 0.503071
8.826 0.503072
8.886 0.503073
8.946 0.503074
9.006 0.503074
9.066 0.503074
9.126 0.503074
9.186 0.503074
9.246 0.503074
9.306 0.503074
9.366 0.503074
9.426 0.503074
9.486 0.503074
9.546 0.503074
9.606 0.503074
9.666 0.503074
9.726 0.503074
9.786 0.503074
9.846 0.503074
9.906 0.503074
9.966 0.503074
10.026 0.503074
10.086 0.503074
10.146 0.503074
10.206 0.503074
10.266 0.503074
10.326 0.503074
10.386 0.503074
10.446 0.503074
10.506 0.503074
10.566 0.503074
10.626 0.503074
10.686 0.503074
10.746 0.503074
10.806 0.503074
10.866 0.503074
10.926 0.503074
10.986 0.503074
11.046 0.503074
11.106 0.503074
11.166 0.503074
11.226 0.503074
11.286 0.503074
11.346 0.503074
11.406 0.503074
11.466 0.503074
11.526 0.503074
11.586 0.503074
11.646 0.503074
11.706 0.503074
11.766 0.503074
11.826 0.503074
11.886 0.503074
11.946 0.503074
12.006 0.503074
12.066 0.503074
12.126 0.503074
12.186 0.503074
12.246 0.503074
12.306 0.503074
12.366 0.503074
12.426 0.503074
12.486 0.503074
12.546 0.503074
12.606 0.503074
12.666 0.503074
12.726 0.503074
12.786 0.503074
12.846 0.503074
12.906 0.503074
12.966 0.503074
13.026 0.503074
13.086 0.503074
13.146 0.503074
13.206 0.503074
13.266 0.503074
13.326 0.503074
13.386 0.503074
13.446 0.503074
13.506 0.503074
13.566 0.503074
13.626 0.503074
13.686 0.503074
13.746 0.503074
13.806 0.503074
13.866 0.503074
13.926 0.503074
13.986 0.503074
14.046 0.503074
14.106 0.503074
14.166 0.503074
14.226 0.503074
14.286 0.503074
14.346 0.503074
14.406 0.503074
14.466 0.503074
14.526 0.503074
14.586 0.503074
14.646 0.503074
14.706 0.503074
14.766 0.503074
14.826 0.503074
14.886 0.503074
14.946 0.503074
15.006 0.503074
15.066 0.503074
15.126 0.503074
15.186 0.503074
15.246 0.503074
15.306 0.503074
15.366 0.503074
15.426 0.503074
15.486 0.503074
15.546 0.503074
15.606 0.503074
15.666 0.503074
15.726 0.503074
15.786 0.503074
15.846 0.503074
15.906 0.503074
15.966 0.503074
16.026 0.503074
16.086 0.503074
16.146 0.503074
16.206 0.503074
16.266 0.503074
16.326 0.503074
16.386 0.503074
16.446 0.503074
16.506 0.503074
16.566 0.503074
16.626 0.503074
16.686 0.503074
16.746 0.503074
16.806 0.503074
16.866 0.503074
16.926 0.503074
16.986 0.503074
17.046 0.503074
17.106 0.503074
17.166 0.503074
17.226 0.503074
17.286 0.503074
17.346 0.503074
17.406 0.503074
17.466 0.503074
17.526 0.503074
17.586 0.503074
17.646 0.503074
17.706 0.503074
17.766 0.503074
17.826 0.503074
17.886 0.503074
17.946 0.503074
18.006 0.503074
18.066 0.503074
18.126 0.503074
18.186 0.503074
18.246 0.503074
18.306 0.503074
18.366 0.503074
18.426 0.503074
18.486 0.503074
18.546 0.503074
18.606 0.503074
18.666 0.503074
18.726 0.503074
18.786 0.503074
18.846 0.503074
18.906 0.503074
18.966 0.503074
19.026 0.503074
19.086 0.503074
19.146 0.503074
19.206 0.503074
19.266 0.503074
19.326 0.503074
19.386 0.503074
19.446 0.503074
19.506 0.503074
19.566 0.503074
19.626 0.503074
19.686 0.503074
19.746 0.503074
19.806 0.503074
19.866 0.503074
19.926 0.503074
19.986 0.503074
20.046 0.503074
20.106 0.503074
20.166 0.503074
20.226 0.503074
20.286 0.503074
20.346 0.503074
20.406 0.503074
20.466 0.503074
20.526 0.503074
20.586 0.503074
20.646 0.503074
20.706 0.503074
20.766 0.503074
20.826 0.503074
20.886 0.503074
20.946 0.503074
21.006 0.503074
21.066 0.503074
21.126 0.503074
21.186 0.503074
21.246 0.503074
21.306 0.503074
21.366 0.503074
21.426 0.503074
21.486 0.503074
21.546 0.503074
21.606 0.503074
21.666 0.503074
21.726 0.503074
21.786 0.503074
21.846 0.503074
21.906 0.503074
21.966 0.503074
22.026 0.503074
22.086 0.503074
22.146 0.503074
22.206 0.503074
22.266 0.503074
22.326 0.503074
22.386 0.503074
22.446 0.503074
22.506 0.503074
22.566 0.503074
22.626 0.503074
22.686 0.503074
22.746 0.503074
22.806 0.503074
22.866 0.503074
22.926 0.503074
22.986 0.503074
23.046 0.503074
23.106 0.503074
23.166 0.503074
23.226 0.503074
23.286 0.503074
23.346 0.503074
23.406 0.503074
23.466 0.503074
23.526 0.503074
23.586 0.503074
23.646 0.503074
23.706 0.503074
23.766 0.503074
23.826 0.503074
23.886 0.503074
23.946 0.503074
24.006 0.503074
24.066 0.503074
24.126 0.503074
24.186 0.503074
24.246 0.503074
24.306 0.503074
24.366 0.503074
24.426 0.503074
24.486 0.503074
24.546 0.503074
24.606 0.503074
24.666 0.503074
24.726 0.503074
24.786 0.503074
24.846 0.503074
24.906 0.503074
24.966 0.503074
25.026 0.503074
25.086 0.503074
25.146 0.503074
25.206 0.503074
25.266 0.503074
25.326 0.503074
25.386 0.503074
25.446 0.503074
25.506 0.503074
25.566 0.503074
25.626 0.503074
25.686 0.503074
25.746 0.503074
25.806 0.503074
25.866 0.503074
25.926 0.503074
25.986 0.503074
26.046 0.503074
26.106 0.503074
26.166 0.503074
26.226 0.503074
26.286 0.503074
26.346 0.503074
26.406 0.503074
26.466 0.503074
26.526 0.503074
26.586 0.503074
26.646 0.503074
26.706 0.503074
26.766 0.503074
26.826 0.503074
26.886 0.503074
26.946 0.503074
27.006 0.503074
27.066 0.503074
27.126 0.503074
27.186 0.503074
27.246 0.503074
27.306 0.503074
27.366 0.503074
27.426 0.503074
27.486 0.503074
27.546 0.503074
27.606 0.503074
27.666 0.503074
27.726 0.503074
27.786 0.503074
27.846 0.503074
27.906 0.503074
27.966 0.503074
28.026 0.503074
28.086 0.503074
28.146 0.503074
28.206 0.503074
28.266 0.503074
28.326 0.503074
28.386 0.503074
28.446 0.503074
28.506 0.503074
28.566 0.503074
28.626 0.503074
28.686 0.503074
28.746 0.503074
28.806 0.503074
28.866 0.503074
28.926 0.503074
28.986 0.503074
29.046 0.503074
29.106 0.503074
29.166 0.503074
29.226 0.503074
29.286 0.503074
29.346 0.503074
29.406 0.503074
29.466 0.503074
29.526 0.503074
29.586 0.503074
29.646 0.503074
29.706 0.503074
29.766 0.503074
29.826 0.503074
29.886 0.503074
29.946 0.503074
30.006 0.503074
30.066 0.503074
30.126 0.503074
30.186 0.503074
30.246 0.503074
30.306 0.503074
30.366 0.503074
30.426 0.503074
30.486 0.503074
30.546 0.503074
30.606 0.503074
30.666 0.503074
30.726 0.503074
30.786 0.503074
30.846 0.503074
30.906 0.503074
30.966 0.503074
31.026 0.503074
31.086 0.503074
31.146 0.503074
31.206 0.503074
31.266 0.503074
31.326 0.503074
31.386 0.503074
31.446 0.503074
31.506 0.503074
31.566 0.503074
31.626 0.503074
31.686 0.503074
31.746 0.503074
31.806 0.503074
31.866 0.503074
31.926 0.503074
31.986 0.503074
32.046 0.503074
32.106 0.503074
32.166 0.503074
32.226 0.503074
32.286 0.503074
32.346 0.503074
32.406 0.503074
32.466 0.503074
32.526 0.503074
32.586 0.503074
32.646 0.503074
32.706 0.503074
32.766 0.503074
32.826 0.503074
32.886 0.503074
32.946 0.503074
33.006 0.503074
33.066 0.503074
33.126 0.503074
33.186 0.503074
33.246 0.503074
33.306 0.503074
33.366 0.503074
33.426 0.503074
33.486 0.503074
33.546 0.503074
33.606 0.503074
33.666 0.503074
33.726 0.503074
33.786 0.503074
33.846 0.503074
33.906 0.503074
33.966 0.503074
34.026 0.503074
34.086 0.503074
34.146 0.503074
34.206 0.503074
34.266 0.503074
34.326 0.503074
34.386 0.503074
34.446 0.503074
34.506 0.503074
34.566 0.503074
34.626 0.503074
34.686 0.503074
34.746 0.503074
34.806 0.503074
34.866 0.503074
34.926 0.503074
34.986 0.503074
35.046 0.503074
35.106 0.503074
35.166 0.503074
35.226 0.503074
35.286 0.503074
35.346 0.503074
35.406 0.503074
35.466 0.503074
35.526 0.503074
35.586 0.503074
35.646 0.503074
35.706 0.503074
35.766 0.503074
35.826 0.503074
35.886 0.503074
35.946 0.503074
36.006 0.503074
36.066 0.503074
36.126 0.503074
36.186 0.503074
36.246 0.503074
36.306 0.503074
36.366 0.503074
36.426 0.503074
36.486 0.503074
36.546 0.503074
36.606 0.503074
36.666 0.503074
36.726 0.503074
36.786 0.503074
36.846 0.503074
36.906 0.503074
36.966 0.503074
37.026 0.503074
37.086 0.503074
37.146 0.503074
37.206 0.503074
37.266 0.503074
37.326 0.503074
37.386 0.503074
37.446 0.503074
37.506 0.503074
37.566 0.503074
37.626 0.503074
37.686 0.503074
37.746 0.503074
37.806 0.503074
37.866 0.503074
37.926 0.503074
37.986 0.503074
38.046 0.503074
38.106 0.503074
38.166 0.503074
38.226 0.503074
38.286 0.503074
38.346 0.503074
38.406 0.503074
38.466 0.503074
38.526 0.503074
38.586 0.503074
38.646 0.503074
38.706 0.503074
38.766 0.503074
38.826 0.503074
38.886 0.503074
38.946 0.503074
39.006 0.503074
39.066 0.503074
39.126 0.503074
39.186 0.503074
39.246 0.503074
39.306 0.503074
39.366 0.503074
39.426 0.503074
39.486 0.503074
39.546 0.503074
39.606 0.503074
39.666 0.503074
39.726 0.503074
39.786 0.503074
39.846 0.503074
39.906 0.503074
39.966 0.503074
40.026 0.503074
40.086 0.503074
40.146 0.503074
40.206 0.503074
40.266 0.503074
40.326 0.503074
40.386 0.503074
40.446 0.503074
40.506 0.503074
40.566 0.503074
40.626 0.503074
40.686 0.503074
40.746 0.503074
40.806 0.503074
40.866 0.503074
40.926 0.503074
40.986 0.503074
41.046 0.503074
41.106 0.503074
41.166 0.503074
41.226 0.503074
41.286 0.503074
41.346 0.503074
41.406 0.503074
41.466 0.503074
41.526 0.503074
41.586 0.503074
41.646 0.503074
41.706 0.503074
41.766 0.503074
41.826 0.503074
41.886 0.503074
41.946 0.503074
42.006 0.503074
42.066 0.503074
42.126 0.503074
42.186 0.503074
42.246 0.503074
42.306 0.503074
42.366 0.503074
42.426 0.503074
42.486 0.503074
42.546 0.503074
42.606 0.503074
42.666 0.503074
42.726 0.503074
42.786 0.503074
42.846 0.503074
42.906 0.503074
42.966 0.503074
43.026 0.503074
43.086 0.503074
43.146 0.503074
43.206 0.503074
43.266 0.503074
43.326 0.503074
43.386 0.503074
43.446 0.503074
43.506 0.503074
43.566 0.503074
43.626 0.503074
43.686 0.503074
43.746 0.503074
43.806 0.503074
43.866 0.503074
43.926 0.503074
43.986 0.503074
44.046 0.503074
44.106 0.503074
44.166 0.503074
44.226 0.503074
44.286 0.503074
44.346 0.503074
44.406 0.503074
44.466 0.503074
44.526 0.503074
44.586 0.503074
44.646 0.503074
44.706 0.503074
44.766 0.503074
44.826 0.503074
44.886 0.503074
44.946 0.503074
45.006 0.503074
45.066 0.503074
45.126 0.503074
45.186 0.503074
45.246 0.503074
45.306 0.503074
45.366 0.503074
45.426 0.503074
45.486 0.503074
45.546 0.503074
45.606 0.503074
45.666 0.503074
45.726 0.503074
45.786 0.503074
45.846 0.503074
45.906 0.503074
45.966 0.503074
46.026 0.503074
46.086 0.503074
46.146 0.503074
46.206 0.503074
46.266 0.503074
46.326 0.503074
46.386 0.503074
46.446 0.503074
46.506 0.503074
46.566 0.503074
46.626 0.503074
46.686 0.503074
46.746 0.503074
46.806 0.503074
46.866 0.503074
46.926 0.503074
46.986 0.503074
47.046 0.503074
47.106 0.503074
47.166 0.503074
47.226 0.503074
47.286 0.503074
47.346 0.503074
47.406 0.503074
47.466 0.503074
47.526 0.503074
47.586 0.503074
47.646 0.503074
47.706 0.503074
47.766 0.503074
47.826 0.503074
47.886 0.503074
47.946 0.503074
48.006 0.503074
48.066 0.503074
48.126 0.503074
48.186 0.503074
48.246 0.503074
48.306 0.503074
48.366 0.503074
48.426 0.503074
48.486 0.503074
48.546 0.503074
48.606 0.503074
48.666 0.503074
48.726 0.503074
48.786 0.503074
48.846 0.503074
48.906 0.503074
48.966 0.503074
49.026 0.503074
49.086 0.503074
49.146 0.503074
49.206 0.503074
49.266 0.503074
49.326 0.503074
49.386 0.503074
49.446 0.503074
49.506 0.503074
49.566 0.503074
49.626 0.503074
49.686 0.503074
49.746 0.503074
49.806 0.503074
49.866 0.503074
49.926 0.503074
49.986 0.503074
50.046 0.503074
50.106 0.503074
50.166 0.503074
50.226 0.503074
50.286 0.503074
50.346 0.503074
50.406 0.503074
50.466 0.503074
50.526 0.503074
50.586 0.503074
50.646 0.503074
50.706 0.503074
50.766 0.503074
50.826 0.503074
50.886 0.503074
50.946 0.503074
51.006 0.503074
51.066 0.503074
51.126 0.503074
51.186 0.503074
51.246 0.503074
51.306 0.503074
51.366 0.503074
51.426 0.503074
51.486 0.503074
51.546 0.503074
51.606 0.503074
51.666 0.503074
51.726 0.503074
51.786 0.503074
51.846 0.503074
51.906 0.503074
51.966 0.503074
52.026 0.503074
52.086 0.503074
52.146 0.503074
52.206 0.503074
52.266 0.503074
52.326 0.503074
52.386 0.503074
52.446 0.503074
52.506 0.503074
52.566 0.503074
52.626 0.503074
52.686 0.503074
52.746 0.503074
52.806 0.503074
52.866 0.503074
52.926 0.503074
52.986 0.503074
53.046 0.503074
53.106 0.503074
53.166 0.503074
53.226 0.503074
53.286 0.503074
53.346 0.503074
53.406 0.503074
53.466 0.503074
53.526 0.503074
53.586 0.503074
53.646 0.503074
53.706 0.503074
53.766 0.503074
53.826 0.503074
53.886 0.503074
53.946 0.503074
54.006 0.503074
54.066 0.503074
54.126 0.503074
54.186 0.503074
54.246 0.503074
54.306 0.503074
54.366 0.503074
54.426 0.503074
54.486 0.503074
54.546 0.503074
54.606 0.503074
54.666 0.503074
54.726 0.503074
54.786 0.503074
54.846 0.503074
54.906 0.503074
54.966 0.503074
55.026 0.503074
55.086 0.503074
55.146 0.503074
55.206 0.503074
55.266 0.503074
55.326 0.503074
55.386 0.503074
55.446 0.503074
55.506 0.503074
55.566 0.503074
55.626 0.503074
55.686 0.503074
55.746 0.503074
55.806 0.503074
55.866 0.503074
55.926 0.503074
55.986 0.503074
56.046 0.503074
56.106 0.503074
56.166 0.503074
56.226 0.503074
56.286 0.503074
56.346 0.503074
56.406 0.503074
56.466 0.503074
56.526 0.503074
56.586 0.503074
56.646 0.503074
56.706 0.503074
56.766 0.503074
56.826 0.503074
56.886 0.503074
56.946 0.503074
57.006 0.503074
57.066 0.503074
57.126 0.503074
57.186 0.503074
57.246 0.503074
57.306 0.503074
57.366 0.503074
57.426 0.503074
57.486 0.503074
57.546 0.503074
57.606 0.503074
57.666 0.503074
57.726 0.503074
57.786 0.503074
57.846 0.503074
57.906 0.503074
57.966 0.503074
58.026 0.503074
58.086 0.503074
58.146 0.503074
58.206 0.503074
58.266 0.503074
58.326 0.503074
58.386 0.503074
58.446 0.503074
58.506 0.503074
58.566 0.503074
58.626 0.503074
58.686 0.503074
58.746 0.503074
58.806 0.503074
58.866 0.503074
58.926 0.503074
58.986 0.503074
59.046 0.503074
59.106 0.503074
59.166 0.503074
59.226 0.503074
59.286 0.503074
59.346 0.503074
59.406 0.503074
59.466 0.503074
59.526 0.503074
59.586 0.503074
59.646 0.503074
59.706 0.503074
59.766 0.503074
59.826 0.503074
59.886 0.503074
59.946 0.503074

