0.006 0
0.066 0.00634504
0.126 0.0241182
0.186 0.0425864
0.246 0.0587165
0.306 0.0729151
0.366 0.085779
0.426 0.0977012
0.486 0.10892
0.546 0.11958
0.606 0.129771
0.666 0.139551
0.726 0.148957
0.786 0.158014
0.846 0.166741
0.906 0.17515
0.966 0.183251
1.026 0.191053
1.086 0.198562
1.146 0.205786
1.206 0.212731
1.266 0.219404
1.326 0.22581
1.386 0.231957
1.446 0.237852
1.506 0.2435
1.566 0.248911
1.626 0.254089
1.686 0.259044
1.746 0.263781
1.806 0.268309
1.866 0.272633
1.926 0.276763
1.986 0.280704
2.046 0.284464
2.106 0.28805
2.166 0.291468
2.226 0.294726
2.286 0.297829
2.346 0.300784
2.406 0.303597
2.466 0.306274
2.526 0.308821
2.586 0.311245
2.646 0.313549
2.706 0.315739
2.766 0.317821
2.826 0.3198
2.886 0.32168
2.946 0.323465
3.006 0.32516
3.066 0.32677
3.126 0.328298
3.186 0.329748
3.246 0.331125
3.306 0.33243
3.366 0.333669
3.426 0.334843
3.486 0.335957
3.546 0.337013
3.606 0.338014
3.666 0.338963
3.726 0.339863
3.786 0.340715
3.846 0.341522
3.906 0.342287
3.966 0.343011
4.026 0.343697
4.086 0.344346
4.146 0.344961
4.206 0.345543
4.266 0.346094
4.326 0.346616
4.386 0.347109
4.446 0.347576
4.506 0.348018
4.566 0.348435
4.626 0.348831
4.686 0.349204
4.746 0.349558
4.806 0.349892
4.866 0.350207
4.926 0.350506
4.986 0.350788
5.046 0.351054
5.106 0.351306
5.166 0.351544
5.226 0.351768
5.286 0.351981
5.346 0.352181
5.406 0.35237
5.466 0.352548
5.526 0.352717
5.586 0.352876
5.646 0.353026
5.706 0.353167
5.766 0.353301
5.826 0.353426
5.886 0.353545
5.946 0.353657
6.006 0.353762
6.066 0.353861
6.126 0.353955
6.186 0.354043
6.246 0.354125
6.306 0.354203
6.366 0.354277
6.426 0.354346
6.486 0.354411
6.546 0.354472
6.606 0.354529
6.666 0.354583
6.726 0.354633
6.786 0.354681
6.846 0.354725
6.906 0.354767
6.966 0.354806
7.026 0.354843
7.086 0.354877
7.146 0.354909
7.206 0.354939
7.266 0.354968
7.326 0.354994
7.386 0.355018
7.446 0.355041
7.506 0.355063
7.566 0.355083
7.626 0.355101
7.686 0.355118
7.746 0.355134
7.806 0.355149
7.866 0.355163
7.926 0.355176
7.986 0.355188
8.046 0.355198
8.106 0.355209
8.166 0.355218
8.226 0.355226
8.286 0.355234
8.346 0.355241
8.406 0.355248
8.466 0.355254
8.526 0.35526
8.586 0.355265
8.646 0.355269
8.706 0.355274
8.766 0.355278
8.826 0.355281
8.886 0.355284
8.946 0.355287
9.006 0.35529
9.066 0.355292
9.126 0.355294
9.186 0.355296
9.246 0.355298
9.306 0.3553
9.366 0.355302
9.426 0.355303
9.486 0.355305
9.546 0.355306
9.606 0.355306
9.666 0.355306
9.726 0.355306
9.786 0.355306
9.846 0.355306
9.906 0.355306
9.966 0.355306
10.026 0.355306
10.086 0.355306
10.146 0.355306
10.206 0.355306
10.266 0.355306
10.326 0.355306
10.386 0.355306
10.446 0.355306
10.506 0.355306
10.566 0.355306
10.626 0.355306
10.686 0.355306
10.746 0.355306
10.806 0.355306
10.866 0.355306
10.926 0.355306
10.986 0.355306
11.046 0.355306
11.106 0.355306
11.166 0.355306
11.226 0.355306
11.286 0.355306
11.346 0.355306
11.406 0.355306
11.466 0.355306
11.526 0.355306
11.586 0.355306
11.646 0.355306
11.706 0.355306
11.766 0.355306
11.826 0.355306
11.886 0.355306
11.946 0.355306
12.006 0.355306
12.066 0.355306
12.126 0.355306
12.186 0.355306
12.246 0.355306
12.306 0.355306
12.366 0.355306
12.426 0.355306
12.486 0.355306
12.546 0.355306
12.606 0.355306
12.666 0.355306
12.726 0.355306
12.786 0.355306
12.846 0.355306
12.906 0.355306
12.966 0.355306
13.026 0.355306
13.086 0.355306
13.146 0.355306
13.206 0.355306
13.266 0.355306
13.326 0.355306
13.386 0.355306
13.446 0.355306
13.506 0.355306
13.566 0.355306
13.626 0.355306
13.686 0.355306
13.746 0.355306
13.806 0.355306
13.866 0.355306
13.926 0.355306
13.986 0.355306
14.046 0.355306
14.106 0.355306
14.166 0.355306
14.226 0.355306
14.286 0.355306
14.346 0.355306
14.406 0.355306
14.466 0.355306
14.526 0.355306
14.586 0.355306
14.646 0.355306
14.706 0.355306
14.766 0.355306
14.826 0.355306
14.886 0.355306
14.946 0.355306
15.006 0.355306
15.066 0.355306
15.126 0.355306
15.186 0.355306
15.246 0.355306
15.306 0.355306
15.366 0.355306
15.426 0.355306
15.486 0.355306
15.546 0.355306
15.606 0.355306
15.666 0.355306
15.726 0.355306
15.786 0.355306
15.846 0.355306
15.906 0.355306
15.966 0.355306
16.026 0.355306
16.086 0.355306
16.146 0.355306
16.206 0.355306
16.266 0.355306
16.326 0.355306
16.386 0.355306
16.446 0.355306
16.506 0.355306
16.566 0.355306
16.626 0.355306
16.686 0.355306
16.746 0.355306
16.806 0.355306
16.866 0.355306
16.926 0.355306
16.986 0.355306
17.046 0.355306
17.106 0.355306
17.166 0.355306
17.226 0.355306
17.286 0.355306
17.346 0.355306
17.406 0.355306
17.466 0.355306
17.526 0.355306
17.586 0.355306
17.646 0.355306
17.706 0.355306
17.766 0.355306
17.826 0.355306
17.886 0.355306
17.946 0.355306
18.006 0.355306
18.066 0.355306
18.126 0.355306
18.186 0.355306
18.246 0.355306
18.306 0.355306
18.366 0.355306
18.426 0.355306
18.486 0.355306
18.546 0.355306
18.606 0.355306
18.666 0.355306
18.726 0.355306
18.786 0.355306
18.846 0.355306
18.906 0.355306
18.966 0.355306
19.026 0.355306
19.086 0.355306
19.146 0.355306
19.206 0.355306
19.266 0.355306
19.326 0.355306
19.386 0.355306
19.446 0.355306
19.506 0.355306
19.566 0.355306
19.626 0.355306
19.686 0.355306
19.746 0.355306
19.806 0.355306
19.866 0.355306
19.926 0.355306
19.986 0.355306
20.046 0.355306
20.106 0.355306
20.166 0.355306
20.226 0.355306
20.286 0.355306
20.346 0.355306
20.406 0.355306
20.466 0.355306
20.526 0.355306
20.586 0.355306
20.646 0.355306
20.706 0.355306
20.766 0.355306
20.826 0.355306
20.886 0.355306
20.946 0.355306
21.006 0.355306
21.066 0.355306
21.126 0.355306
21.186 0.355306
21.246 0.355306
21.306 0.355306
21.366 0.355306
21.426 0.355306
21.486 0.355306
21.546 0.355306
21.606 0.355306
21.666 0.355306
21.726 0.355306
21.786 0.355306
21.846 0.355306
21.906 0.355306
21.966 0.355306
22.026 0.355306
22.086 0.355306
22.146 0.355306
22.206 0.355306
22.266 0.355306
22.326 0.355306
22.386 0.355306
22.446 0.355306
22.506 0.355306
22.566 0.355306
22.626 0.355306
22.686 0.355306
22.746 0.355306
22.806 0.355306
22.866 0.355306
22.926 0.355306
22.986 0.355306
23.046 0.355306
23.106 0.355306
23.166 0.355306
23.226 0.355306
23.286 0.355306
23.346 0.355306
23.406 0.355306
23.466 0.355306
23.526 0.355306
23.586 0.355306
23.646 0.355306
23.706 0.355306
23.766 0.355306
23.826 0.355306
23.886 0.355306
23.946 0.355306
24.006 0.355306
24.066 0.355306
24.126 0.355306
24.186 0.355306
24.246 0.355306
24.306 0.355306
24.366 0.355306
24.426 0.355306
24.486 0.355306
24.546 0.355306
24.606 0.355306
24.666 0.355306
24.726 0.355306
24.786 0.355306
24.846 0.355306
24.906 0.355306
24.966 0.355306
25.026 0.355306
25.086 0.355306
25.146 0.355306
25.206 0.355306
25.266 0.355306
25.326 0.355306
25.386 0.355306
25.446 0.355306
25.506 0.355306
25.566 0.355306
25.626 0.355306
25.686 0.355306
25.746 0.355306
25.806 0.355306
25.866 0.355306
25.926 0.355306
25.986 0.355306
26.046 0.355306
26.106 0.355306
26.166 0.355306
26.226 0.355306
26.286 0.355306
26.346 0.355306
26.406 0.355306
26.466 0.355306
26.526 0.355306
26.586 0.355306
26.646 0.355306
26.706 0.355306
26.766 0.355306
26.826 0.355306
26.886 0.355306
26.946 0.355306
27.006 0.355306
27.066 0.355306
27.126 0.355306
27.186 0.355306
27.246 0.355306
27.306 0.355306
27.366 0.355306
27.426 0.355306
27.486 0.355306
27.546 0.355306
27.606 0.355306
27.666 0.355306
27.726 0.355306
27.786 0.355306
27.846 0.355306
27.906 0.355306
27.966 0.355306
28.026 0.355306
28.086 0.355306
28.146 0.355306
28.206 0.355306
28.266 0.355306
28.326 0.355306
28.386 0.355306
28.446 0.355306
28.506 0.355306
28.566 0.355306
28.626 0.355306
28.686 0.355306
28.746 0.355306
28.806 0.355306
28.866 0.355306
28.926 0.355306
28.986 0.355306
29.046 0.355306
29.106 0.355306
29.166 0.355306
29.226 0.355306
29.286 0.355306
29.346 0.355306
29.406 0.355306
29.466 0.355306
29.526 0.355306
29.586 0.355306
29.646 0.355306
29.706 0.355306
29.766 0.355306
29.826 0.355306
29.886 0.355306
29.946 0.355306
30.006 0.355306
30.066 0.355306
30.126 0.355306
30.186 0.355306
30.246 0.355306
30.306 0.355306
30.366 0.355306
30.426 0.355306
30.486 0.355306
30.546 0.355306
30.606 0.355306
30.666 0.355306
30.726 0.355306
30.786 0.355306
30.846 0.355306
30.906 0.355306
30.966 0.355306
31.026 0.355306
31.086 0.355306
31.146 0.355306
31.206 0.355306
31.266 0.355306
31.326 0.355306
31.386 0.355306
31.446 0.355306
31.506 0.355306
31.566 0.355306
31.626 0.355306
31.686 0.355306
31.746 0.355306
31.806 0.355306
31.866 0.355306
31.926 0.355306
31.986 0.355306
32.046 0.355306
32.106 0.355306
32.166 0.355306
32.226 0.355306
32.286 0.355306
32.346 0.355306
32.406 0.355306
32.466 0.355306
32.526 0.355306
32.586 0.355306
32.646 0.355306
32.706 0.355306
32.766 0.355306
32.826 0.355306
32.886 0.355306
32.946 0.355306
33.006 0.355306
33.066 0.355306
33.126 0.355306
33.186 0.355306
33.246 0.355306
33.306 0.355306
33.366 0.355306
33.426 0.355306
33.486 0.355306
33.546 0.355306
33.606 0.355306
33.666 0.355306
33.726 0.355306
33.786 0.355306
33.846 0.355306
33.906 0.355306
33.966 0.355306
34.026 0.355306
34.086 0.355306
34.146 0.355306
34.206 0.355306
34.266 0.355306
34.326 0.355306
34.386 0.355306
34.446 0.355306
34.506 0.355306
34.566 0.355306
34.626 0.355306
34.686 0.355306
34.746 0.355306
34.806 0.355306
34.866 0.355306
34.926 0.355306
34.986 0.355306
35.046 0.355306
35.106 0.355306
35.166 0.355306
35.226 0.355306
35.286 0.355306
35.346 0.355306
35.406 0.355306
35.466 0.355306
35.526 0.355306
35.586 0.355306
35.646 0.355306
35.706 0.355306
35.766 0.355306
35.826 0.355306
35.886 0.355306
35.946 0.355306
36.006 0.355306
36.066 0.355306
36.126 0.355306
36.186 0.355306
36.246 0.355306
36.306 0.355306
36.366 0.355306
36.426 0.355306
36.486 0.355306
36.546 0.355306
36.606 0.355306
36.666 0.355306
36.726 0.355306
36.786 0.355306
36.846 0.355306
36.906 0.355306
36.966 0.355306
37.026 0.355306
37.086 0.355306
37.146 0.355306
37.206 0.355306
37.266 0.355306
37.326 0.355306
37.386 0.355306
37.446 0.355306
37.506 0.355306
37.566 0.355306
37.626 0.355306
37.686 0.355306
37.746 0.355306
37.806 0.355306
37.866 0.355306
37.926 0.355306
37.986 0.355306
38.046 0.355306
38.106 0.355306
38.166 0.355306
38.226 0.355306
38.286 0.355306
38.346 0.355306
38.406 0.355306
38.466 0.355306
38.526 0.355306
38.586 0.355306
38.646 0.355306
38.706 0.355306
38.766 0.355306
38.826 0.355306
38.886 0.355306
38.946 0.355306
39.006 0.355306
39.066 0.355306
39.126 0.355306
39.186 0.355306
39.246 0.355306
39.306 0.355306
39.366 0.355306
39.426 0.355306
39.486 0.355306
39.546 0.355306
39.606 0.355306
39.666 0.355306
39.726 0.355306
39.786 0.355306
39.846 0.355306
39.906 0.355306
39.966 0.355306
40.026 0.355306
40.086 0.355306
40.146 0.355306
40.206 0.355306
40.266 0.355306
40.326 0.355306
40.386 0.355306
40.446 0.355306
40.506 0.355306
40.566 0.355306
40.626 0.355306
40.686 0.355306
40.746 0.355306
40.806 0.355306
40.866 0.355306
40.926 0.355306
40.986 0.355306
41.046 0.355306
41.106 0.355306
41.166 0.355306
41.226 0.355306
41.286 0.355306
41.346 0.355306
41.406 0.355306
41.466 0.355306
41.526 0.355306
41.586 0.355306
41.646 0.355306
41.706 0.355306
41.766 0.355306
41.826 0.355306
41.886 0.355306
41.946 0.355306
42.006 0.355306
42.066 0.355306
42.126 0.355306
42.186 0.355306
42.246 0.355306
42.306 0.355306
42.366 0.355306
42.426 0.355306
42.486 0.355306
42.546 0.355306
42.606 0.355306
42.666 0.355306
42.726 0.355306
42.786 0.355306
42.846 0.355306
42.906 0.355306
42.966 0.355306
43.026 0.355306
43.086 0.355306
43.146 0.355306
43.206 0.355306
43.266 0.355306
43.326 0.355306
43.386 0.355306
43.446 0.355306
43.506 0.355306
43.566 0.355306
43.626 0.355306
43.686 0.355306
43.746 0.355306
43.806 0.355306
43.866 0.355306
43.926 0.355306
43.986 0.355306
44.046 0.355306
44.106 0.355306
44.166 0.355306
44.226 0.355306
44.286 0.355306
44.346 0.355306
44.406 0.355306
44.466 0.355306
44.526 0.355306
44.586 0.355306
44.646 0.355306
44.706 0.355306
44.766 0.355306
44.826 0.355306
44.886 0.355306
44.946 0.355306
45.006 0.355306
45.066 0.355306
45.126 0.355306
45.186 0.355306
45.246 0.355306
45.306 0.355306
45.366 0.355306
45.426 0.355306
45.486 0.355306
45.546 0.355306
45.606 0.355306
45.666 0.355306
45.726 0.355306
45.786 0.355306
45.846 0.355306
45.906 0.355306
45.966 0.355306
46.026 0.355306
46.086 0.355306
46.146 0.355306
46.206 0.355306
46.266 0.355306
46.326 0.355306
46.386 0.355306
46.446 0.355306
46.506 0.355306
46.566 0.355306
46.626 0.355306
46.686 0.355306
46.746 0.355306
46.806 0.355306
46.866 0.355306
46.926 0.355306
46.986 0.355306
47.046 0.355306
47.106 0.355306
47.166 0.355306
47.226 0.355306
47.286 0.355306
47.346 0.355306
47.406 0.355306
47.466 0.355306
47.526 0.355306
47.586 0.355306
47.646 0.355306
47.706 0.355306
47.766 0.355306
47.826 0.355306
47.886 0.355306
47.946 0.355306
48.006 0.355306
48.066 0.355306
48.126 0.355306
48.186 0.355306
48.246 0.355306
48.306 0.355306
48.366 0.355306
48.426 0.355306
48.486 0.355306
48.546 0.355306
48.606 0.355306
48.666 0.355306
48.726 0.355306
48.786 0.355306
48.846 0.355306
48.906 0.355306
48.966 0.355306
49.026 0.355306
49.086 0.355306
49.146 0.355306
49.206 0.355306
49.266 0.355306
49.326 0.355306
49.386 0.355306
49.446 0.355306
49.506 0.355306
49.566 0.355306
49.626 0.355306
49.686 0.355306
49.746 0.355306
49.806 0.355306
49.866 0.355306
49.926 0.355306
49.986 0.355306
50.046 0.355306
50.106 0.355306
50.166 0.355306
50.226 0.355306
50.286 0.355306
50.346 0.355306
50.406 0.355306
50.466 0.355306
50.526 0.355306
50.586 0.355306
50.646 0.355306
50.706 0.355306
50.766 0.355306
50.826 0.355306
50.886 0.355306
50.946 0.355306
51.006 0.355306
51.066 0.355306
51.126 0.355306
51.186 0.355306
51.246 0.355306
51.306 0.355306
51.366 0.355306
51.426 0.355306
51.486 0.355306
51.546 0.355306
51.606 0.355306
51.666 0.355306
51.726 0.355306
51.786 0.355306
51.846 0.355306
51.906 0.355306
51.966 0.355306
52.026 0.355306
52.086 0.355306
52.146 0.355306
52.206 0.355306
52.266 0.355306
52.326 0.355306
52.386 0.355306
52.446 0.355306
52.506 0.355306
52.566 0.355306
52.626 0.355306
52.686 0.355306
52.746 0.355306
52.806 0.355306
52.866 0.355306
52.926 0.355306
52.986 0.355306
53.046 0.355306
53.106 0.355306
53.166 0.355306
53.226 0.355306
53.286 0.355306
53.346 0.355306
53.406 0.355306
53.466 0.355306
53.526 0.355306
53.586 0.355306
53.646 0.355306
53.706 0.355306
53.766 0.355306
53.826 0.355306
53.886 0.355306
53.946 0.355306
54.006 0.355306
54.066 0.355306
54.126 0.355306
54.186 0.355306
54.246 0.355306
54.306 0.355306
54.366 0.355306
54.426 0.355306
54.486 0.355306
54.546 0.355306
54.606 0.355306
54.666 0.355306
54.726 0.355306
54.786 0.355306
54.846 0.355306
54.906 0.355306
54.966 0.355306
55.026 0.355306
55.086 0.355306
55.146 0.355306
55.206 0.355306
55.266 0.355306
55.326 0.355306
55.386 0.355306
55.446 0.355306
55.506 0.355306
55.566 0.355306
55.626 0.355306
55.686 0.355306
55.746 0.355306
55.806 0.355306
55.866 0.355306
55.926 0.355306
55.986 0.355306
56.046 0.355306
56.106 0.355306
56.166 0.355306
56.226 0.355306
56.286 0.355306
56.346 0.355306
56.406 0.355306
56.466 0.355306
56.526 0.355306
56.586 0.355306
56.646 0.355306
56.706 0.355306
56.766 0.355306
56.826 0.355306
56.886 0.355306
56.946 0.355306
57.006 0.355306
57.066 0.355306
57.126 0.355306
57.186 0.355306
57.246 0.355306
57.306 0.355306
57.366 0.355306
57.426 0.355306
57.486 0.355306
57.546 0.355306
57.606 0.355306
57.666 0.355306
57.726 0.355306
57.786 0.355306
57.846 0.355306
57.906 0.355306
57.966 0.355306
58.026 0.355306
58.086 0.355306
58.146 0.355306
58.206 0.355306
58.266 0.355306
58.326 0.355306
58.386 0.355306
58.446 0.355306
58.506 0.355306
58.566 0.355306
58.626 0.355306
58.686 0.355306
58.746 0.355306
58.806 0.355306
58.866 0.355306
58.926 0.355306
58.986 0.355306
59.046 0.355306
59.106 0.355306
59.166 0.355306
59.226 0.355306
59.286 0.355306
59.346 0.355306
59.406 0.355306
59.466 0.355306
59.526 0.355306
59.586 0.355306
59.646 0.355306
59.706 0.355306
59.766 0.355306
59.826 0.355306
59.886 0.355306
59.946 0.355306

