0.006 0
0.066 0.0142191
0.126 0.026627
0.186 0.0397031
0.246 0.0528327
0.306 0.0657991
0.366 0.0785191
0.426 0.0909545
0.486 0.103083
0.546 0.114889
0.606 0.12636
0.666 0.137487
0.726 0.148261
0.786 0.158677
0.846 0.168732
0.906 0.178424
0.966 0.187753
1.026 0.196722
1.086 0.205334
1.146 0.213594
1.206 0.221508
1.266 0.229083
1.326 0.236328
1.386 0.24325
1.446 0.249859
1.506 0.256165
1.566 0.262176
1.626 0.267905
1.686 0.273359
1.746 0.278551
1.806 0.283489
1.866 0.288184
1.926 0.292646
1.986 0.296884
2.046 0.300908
2.106 0.304728
2.166 0.308353
2.226 0.311791
2.286 0.31505
2.346 0.318141
2.406 0.321069
2.466 0.323843
2.526 0.326471
2.586 0.328959
2.646 0.331314
2.706 0.333544
2.766 0.335654
2.826 0.337649
2.886 0.339537
2.946 0.341323
3.006 0.343011
3.066 0.344606
3.126 0.346115
3.186 0.34754
3.246 0.348887
3.306 0.350159
3.366 0.351361
3.426 0.352496
3.486 0.353568
3.546 0.35458
3.606 0.355535
3.666 0.356437
3.726 0.357288
3.786 0.358091
3.846 0.358848
3.906 0.359563
3.966 0.360237
4.026 0.360873
4.086 0.361473
4.146 0.362038
4.206 0.362571
4.266 0.363073
4.326 0.363546
4.386 0.363992
4.446 0.364413
4.506 0.364809
4.566 0.365182
4.626 0.365533
4.686 0.365864
4.746 0.366175
4.806 0.366468
4.866 0.366744
4.926 0.367004
4.986 0.367248
5.046 0.367478
5.106 0.367694
5.166 0.367897
5.226 0.368088
5.286 0.368268
5.346 0.368436
5.406 0.368595
5.466 0.368744
5.526 0.368884
5.586 0.369015
5.646 0.369139
5.706 0.369254
5.766 0.369363
5.826 0.369465
5.886 0.36956
5.946 0.36965
6.006 0.369733
6.066 0.369812
6.126 0.369885
6.186 0.369954
6.246 0.370018
6.306 0.370079
6.366 0.370135
6.426 0.370187
6.486 0.370236
6.546 0.370282
6.606 0.370325
6.666 0.370365
6.726 0.370402
6.786 0.370436
6.846 0.370468
6.906 0.370498
6.966 0.370526
7.026 0.370551
7.086 0.370575
7.146 0.370597
7.206 0.370617
7.266 0.370636
7.326 0.370654
7.386 0.37067
7.446 0.370684
7.506 0.370698
7.566 0.37071
7.626 0.370722
7.686 0.370732
7.746 0.370742
7.806 0.37075
7.866 0.370758
7.926 0.370766
7.986 0.370772
8.046 0.370778
8.106 0.370784
8.166 0.370789
8.226 0.370793
8.286 0.370797
8.346 0.370801
8.406 0.370805
8.466 0.370808
8.526 0.370811
8.586 0.370813
8.646 0.370816
8.706 0.370818
8.766 0.37082
8.826 0.370822
8.886 0.370822
8.946 0.370822
9.006 0.370822
9.066 0.370822
9.126 0.370822
9.186 0.370822
9.246 0.370822
9.306 0.370822
9.366 0.370822
9.426 0.370822
9.486 0.370822
9.546 0.370822
9.606 0.370822
9.666 0.370822
9.726 0.370822
9.786 0.370822
9.846 0.370822
9.906 0.370822
9.966 0.370822
10.026 0.370822
10.086 0.370822
10.146 0.370822
10.206 0.370822
10.266 0.370822
10.326 0.370822
10.386 0.370822
10.446 0.370822
10.506 0.370822
10.566 0.370822
10.626 0.370822
10.686 0.370822
10.746 0.370822
10.806 0.370822
10.866 0.370822
10.926 0.370822
10.986 0.370822
11.046 0.370822
11.106 0.370822
11.166 0.370822
11.226 0.370822
11.286 0.370822
11.346 0.370822
11.406 0.370822
11.466 0.370822
11.526 0.370822
11.586 0.370822
11.646 0.370822
11.706 0.370822
11.766 0.370822
11.826 0.370822
11.886 0.370822
11.946 0.370822
12.006 0.370822
12.066 0.370822
12.126 0.370822
12.186 0.370822
12.246 0.370822
12.306 0.370822
12.366 0.370822
12.426 0.370822
12.486 0.370822
12.546 0.370822
12.606 0.370822
12.666 0.370822
12.726 0.370822
12.786 0.370822
12.846 0.370822
12.906 0.370822
12.966 0.370822
13.026 0.370822
13.086 0.370822
13.146 0.370822
13.206 0.370822
13.266 0.370822
13.326 0.370822
13.386 0.370822
13.446 0.370822
13.506 0.370822
13.566 0.370822
13.626 0.370822
13.686 0.370822
13.746 0.370822
13.806 0.370822
13.866 0.370822
13.926 0.370822
13.986 0.370822
14.046 0.370822
14.106 0.370822
14.166 0.370822
14.226 0.370822
14.286 0.370822
14.346 0.370822
14.406 0.370822
14.466 0.370822
14.526 0.370822
14.586 0.370822
14.646 0.370822
14.706 0.370822
14.766 0.370822
14.826 0.370822
14.886 0.370822
14.946 0.370822
15.006 0.370822
15.066 0.370822
15.126 0.370822
15.186 0.370822
15.246 0.370822
15.306 0.370822
15.366 0.370822
15.426 0.370822
15.486 0.370822
15.546 0.370822
15.606 0.370822
15.666 0.370822
15.726 0.370822
15.786 0.370822
15.846 0.370822
15.906 0.370822
15.966 0.370822
16.026 0.370822
16.086 0.370822
16.146 0.370822
16.206 0.370822
16.266 0.370822
16.326 0.370822
16.386 0.370822
16.446 0.370822
16.506 0.370822
16.566 0.370822
16.626 0.370822
16.686 0.370822
16.746 0.370822
16.806 0.370822
16.866 0.370822
16.926 0.370822
16.986 0.370822
17.046 0.370822
17.106 0.370822
17.166 0.370822
17.226 0.370822
17.286 0.370822
17.346 0.370822
17.406 0.370822
17.466 0.370822
17.526 0.370822
17.586 0.370822
17.646 0.370822
17.706 0.370822
17.766 0.370822
17.826 0.370822
17.886 0.370822
17.946 0.370822
18.006 0.370822
18.066 0.370822
18.126 0.370822
18.186 0.370822
18.246 0.370822
18.306 0.370822
18.366 0.370822
18.426 0.370822
18.486 0.370822
18.546 0.370822
18.606 0.370822
18.666 0.370822
18.726 0.370822
18.786 0.370822
18.846 0.370822
18.906 0.370822
18.966 0.370822
19.026 0.370822
19.086 0.370822
19.146 0.370822
19.206 0.370822
19.266 0.370822
19.326 0.370822
19.386 0.370822
19.446 0.370822
19.506 0.370822
19.566 0.370822
19.626 0.370822
19.686 0.370822
19.746 0.370822
19.806 0.370822
19.866 0.370822
19.926 0.370822
19.986 0.370822
20.046 0.370822
20.106 0.370822
20.166 0.370822
20.226 0.370822
20.286 0.370822
20.346 0.370822
20.406 0.370822
20.466 0.370822
20.526 0.370822
20.586 0.370822
20.646 0.370822
20.706 0.370822
20.766 0.370822
20.826 0.370822
20.886 0.370822
20.946 0.370822
21.006 0.370822
21.066 0.370822
21.126 0.370822
21.186 0.370822
21.246 0.370822
21.306 0.370822
21.366 0.370822
21.426 0.370822
21.486 0.370822
21.546 0.370822
21.606 0.370822
21.666 0.370822
21.726 0.370822
21.786 0.370822
21.846 0.370822
21.906 0.370822
21.966 0.370822
22.026 0.370822
22.086 0.370822
22.146 0.370822
22.206 0.370822
22.266 0.370822
22.326 0.370822
22.386 0.370822
22.446 0.370822
22.506 0.370822
22.566 0.370822
22.626 0.370822
22.686 0.370822
22.746 0.370822
22.806 0.370822
22.866 0.370822
22.926 0.370822
22.986 0.370822
23.046 0.370822
23.106 0.370822
23.166 0.370822
23.226 0.370822
23.286 0.370822
23.346 0.370822
23.406 0.370822
23.466 0.370822
23.526 0.370822
23.586 0.370822
23.646 0.370822
23.706 0.370822
23.766 0.370822
23.826 0.370822
23.886 0.370822
23.946 0.370822
24.006 0.370822
24.066 0.370822
24.126 0.370822
24.186 0.370822
24.246 0.370822
24.306 0.370822
24.366 0.370822
24.426 0.370822
24.486 0.370822
24.546 0.370822
24.606 0.370822
24.666 0.370822
24.726 0.370822
24.786 0.370822
24.846 0.370822
24.906 0.370822
24.966 0.370822
25.026 0.370822
25.086 0.370822
25.146 0.370822
25.206 0.370822
25.266 0.370822
25.326 0.370822
25.386 0.370822
25.446 0.370822
25.506 0.370822
25.566 0.370822
25.626 0.370822
25.686 0.370822
25.746 0.370822
25.806 0.370822
25.866 0.370822
25.926 0.370822
25.986 0.370822
26.046 0.370822
26.106 0.370822
26.166 0.370822
26.226 0.370822
26.286 0.370822
26.346 0.370822
26.406 0.370822
26.466 0.370822
26.526 0.370822
26.586 0.370822
26.646 0.370822
26.706 0.370822
26.766 0.370822
26.826 0.370822
26.886 0.370822
26.946 0.370822
27.006 0.370822
27.066 0.370822
27.126 0.370822
27.186 0.370822
27.246 0.370822
27.306 0.370822
27.366 0.370822
27.426 0.370822
27.486 0.370822
27.546 0.370822
27.606 0.370822
27.666 0.370822
27.726 0.370822
27.786 0.370822
27.846 0.370822
27.906 0.370822
27.966 0.370822
28.026 0.370822
28.086 0.370822
28.146 0.370822
28.206 0.370822
28.266 0.370822
28.326 0.370822
28.386 0.370822
28.446 0.370822
28.506 0.370822
28.566 0.370822
28.626 0.370822
28.686 0.370822
28.746 0.370822
28.806 0.370822
28.866 0.370822
28.926 0.370822
28.986 0.370822
29.046 0.370822
29.106 0.370822
29.166 0.370822
29.226 0.370822
29.286 0.370822
29.346 0.370822
29.406 0.370822
29.466 0.370822
29.526 0.370822
29.586 0.370822
29.646 0.370822
29.706 0.370822
29.766 0.370822
29.826 0.370822
29.886 0.370822
29.946 0.370822
30.006 0.370822
30.066 0.370822
30.126 0.370822
30.186 0.370822
30.246 0.370822
30.306 0.370822
30.366 0.370822
30.426 0.370822
30.486 0.370822
30.546 0.370822
30.606 0.370822
30.666 0.370822
30.726 0.370822
30.786 0.370822
30.846 0.370822
30.906 0.370822
30.966 0.370822
31.026 0.370822
31.086 0.370822
31.146 0.370822
31.206 0.370822
31.266 0.370822
31.326 0.370822
31.386 0.370822
31.446 0.370822
31.506 0.370822
31.566 0.370822
31.626 0.370822
31.686 0.370822
31.746 0.370822
31.806 0.370822
31.866 0.370822
31.926 0.370822
31.986 0.370822
32.046 0.370822
32.106 0.370822
32.166 0.370822
32.226 0.370822
32.286 0.370822
32.346 0.370822
32.406 0.370822
32.466 0.370822
32.526 0.370822
32.586 0.370822
32.646 0.370822
32.706 0.370822
32.766 0.370822
32.826 0.370822
32.886 0.370822
32.946 0.370822
33.006 0.370822
33.066 0.370822
33.126 0.370822
33.186 0.370822
33.246 0.370822
33.306 0.370822
33.366 0.370822
33.426 0.370822
33.486 0.370822
33.546 0.370822
33.606 0.370822
33.666 0.370822
33.726 0.370822
33.786 0.370822
33.846 0.370822
33.906 0.370822
33.966 0.370822
34.026 0.370822
34.086 0.370822
34.146 0.370822
34.206 0.370822
34.266 0.370822
34.326 0.370822
34.386 0.370822
34.446 0.370822
34.506 0.370822
34.566 0.370822
34.626 0.370822
34.686 0.370822
34.746 0.370822
34.806 0.370822
34.866 0.370822
34.926 0.370822
34.986 0.370822
35.046 0.370822
35.106 0.370822
35.166 0.370822
35.226 0.370822
35.286 0.370822
35.346 0.370822
35.406 0.370822
35.466 0.370822
35.526 0.370822
35.586 0.370822
35.646 0.370822
35.706 0.370822
35.766 0.370822
35.826 0.370822
35.886 0.370822
35.946 0.370822
36.006 0.370822
36.066 0.370822
36.126 0.370822
36.186 0.370822
36.246 0.370822
36.306 0.370822
36.366 0.370822
36.426 0.370822
36.486 0.370822
36.546 0.370822
36.606 0.370822
36.666 0.370822
36.726 0.370822
36.786 0.370822
36.846 0.370822
36.906 0.370822
36.966 0.370822
37.026 0.370822
37.086 0.370822
37.146 0.370822
37.206 0.370822
37.266 0.370822
37.326 0.370822
37.386 0.370822
37.446 0.370822
37.506 0.370822
37.566 0.370822
37.626 0.370822
37.686 0.370822
37.746 0.370822
37.806 0.370822
37.866 0.370822
37.926 0.370822
37.986 0.370822
38.046 0.370822
38.106 0.370822
38.166 0.370822
38.226 0.370822
38.286 0.370822
38.346 0.370822
38.406 0.370822
38.466 0.370822
38.526 0.370822
38.586 0.370822
38.646 0.370822
38.706 0.370822
38.766 0.370822
38.826 0.370822
38.886 0.370822
38.946 0.370822
39.006 0.370822
39.066 0.370822
39.126 0.370822
39.186 0.370822
39.246 0.370822
39.306 0.370822
39.366 0.370822
39.426 0.370822
39.486 0.370822
39.546 0.370822
39.606 0.370822
39.666 0.370822
39.726 0.370822
39.786 0.370822
39.846 0.370822
39.906 0.370822
39.966 0.370822
40.026 0.370822
40.086 0.370822
40.146 0.370822
40.206 0.370822
40.266 0.370822
40.326 0.370822
40.386 0.370822
40.446 0.370822
40.506 0.370822
40.566 0.370822
40.626 0.370822
40.686 0.370822
40.746 0.370822
40.806 0.370822
40.866 0.370822
40.926 0.370822
40.986 0.370822
41.046 0.370822
41.106 0.370822
41.166 0.370822
41.226 0.370822
41.286 0.370822
41.346 0.370822
41.406 0.370822
41.466 0.370822
41.526 0.370822
41.586 0.370822
41.646 0.370822
41.706 0.370822
41.766 0.370822
41.826 0.370822
41.886 0.370822
41.946 0.370822
42.006 0.370822
42.066 0.370822
42.126 0.370822
42.186 0.370822
42.246 0.370822
42.306 0.370822
42.366 0.370822
42.426 0.370822
42.486 0.370822
42.546 0.370822
42.606 0.370822
42.666 0.370822
42.726 0.370822
42.786 0.370822
42.846 0.370822
42.906 0.370822
42.966 0.370822
43.026 0.370822
43.086 0.370822
43.146 0.370822
43.206 0.370822
43.266 0.370822
43.326 0.370822
43.386 0.370822
43.446 0.370822
43.506 0.370822
43.566 0.370822
43.626 0.370822
43.686 0.370822
43.746 0.370822
43.806 0.370822
43.866 0.370822
43.926 0.370822
43.986 0.370822
44.046 0.370822
44.106 0.370822
44.166 0.370822
44.226 0.370822
44.286 0.370822
44.346 0.370822
44.406 0.370822
44.466 0.370822
44.526 0.370822
44.586 0.370822
44.646 0.370822
44.706 0.370822
44.766 0.370822
44.826 0.370822
44.886 0.370822
44.946 0.370822
45.006 0.370822
45.066 0.370822
45.126 0.370822
45.186 0.370822
45.246 0.370822
45.306 0.370822
45.366 0.370822
45.426 0.370822
45.486 0.370822
45.546 0.370822
45.606 0.370822
45.666 0.370822
45.726 0.370822
45.786 0.370822
45.846 0.370822
45.906 0.370822
45.966 0.370822
46.026 0.370822
46.086 0.370822
46.146 0.370822
46.206 0.370822
46.266 0.370822
46.326 0.370822
46.386 0.370822
46.446 0.370822
46.506 0.370822
46.566 0.370822
46.626 0.370822
46.686 0.370822
46.746 0.370822
46.806 0.370822
46.866 0.370822
46.926 0.370822
46.986 0.370822
47.046 0.370822
47.106 0.370822
47.166 0.370822
47.226 0.370822
47.286 0.370822
47.346 0.370822
47.406 0.370822
47.466 0.370822
47.526 0.370822
47.586 0.370822
47.646 0.370822
47.706 0.370822
47.766 0.370822
47.826 0.370822
47.886 0.370822
47.946 0.370822
48.006 0.370822
48.066 0.370822
48.126 0.370822
48.186 0.370822
48.246 0.370822
48.306 0.370822
48.366 0.370822
48.426 0.370822
48.486 0.370822
48.546 0.370822
48.606 0.370822
48.666 0.370822
48.726 0.370822
48.786 0.370822
48.846 0.370822
48.906 0.370822
48.966 0.370822
49.026 0.370822
49.086 0.370822
49.146 0.370822
49.206 0.370822
49.266 0.370822
49.326 0.370822
49.386 0.370822
49.446 0.370822
49.506 0.370822
49.566 0.370822
49.626 0.370822
49.686 0.370822
49.746 0.370822
49.806 0.370822
49.866 0.370822
49.926 0.370822
49.986 0.370822
50.046 0.370822
50.106 0.370822
50.166 0.370822
50.226 0.370822
50.286 0.370822
50.346 0.370822
50.406 0.370822
50.466 0.370822
50.526 0.370822
50.586 0.370822
50.646 0.370822
50.706 0.370822
50.766 0.370822
50.826 0.370822
50.886 0.370822
50.946 0.370822
51.006 0.370822
51.066 0.370822
51.126 0.370822
51.186 0.370822
51.246 0.370822
51.306 0.370822
51.366 0.370822
51.426 0.370822
51.486 0.370822
51.546 0.370822
51.606 0.370822
51.666 0.370822
51.726 0.370822
51.786 0.370822
51.846 0.370822
51.906 0.370822
51.966 0.370822
52.026 0.370822
52.086 0.370822
52.146 0.370822
52.206 0.370822
52.266 0.370822
52.326 0.370822
52.386 0.370822
52.446 0.370822
52.506 0.370822
52.566 0.370822
52.626 0.370822
52.686 0.370822
52.746 0.370822
52.806 0.370822
52.866 0.370822
52.926 0.370822
52.986 0.370822
53.046 0.370822
53.106 0.370822
53.166 0.370822
53.226 0.370822
53.286 0.370822
53.346 0.370822
53.406 0.370822
53.466 0.370822
53.526 0.370822
53.586 0.370822
53.646 0.370822
53.706 0.370822
53.766 0.370822
53.826 0.370822
53.886 0.370822
53.946 0.370822
54.006 0.370822
54.066 0.370822
54.126 0.370822
54.186 0.370822
54.246 0.370822
54.306 0.370822
54.366 0.370822
54.426 0.370822
54.486 0.370822
54.546 0.370822
54.606 0.370822
54.666 0.370822
54.726 0.370822
54.786 0.370822
54.846 0.370822
54.906 0.370822
54.966 0.370822
55.026 0.370822
55.086 0.370822
55.146 0.370822
55.206 0.370822
55.266 0.370822
55.326 0.370822
55.386 0.370822
55.446 0.370822
55.506 0.370822
55.566 0.370822
55.626 0.370822
55.686 0.370822
55.746 0.370822
55.806 0.370822
55.866 0.370822
55.926 0.370822
55.986 0.370822
56.046 0.370822
56.106 0.370822
56.166 0.370822
56.226 0.370822
56.286 0.370822
56.346 0.370822
56.406 0.370822
56.466 0.370822
56.526 0.370822
56.586 0.370822
56.646 0.370822
56.706 0.370822
56.766 0.370822
56.826 0.370822
56.886 0.370822
56.946 0.370822
57.006 0.370822
57.066 0.370822
57.126 0.370822
57.186 0.370822
57.246 0.370822
57.306 0.370822
57.366 0.370822
57.426 0.370822
57.486 0.370822
57.546 0.370822
57.606 0.370822
57.666 0.370822
57.726 0.370822
57.786 0.370822
57.846 0.370822
57.906 0.370822
57.966 0.370822
58.026 0.370822
58.086 0.370822
58.146 0.370822
58.206 0.370822
58.266 0.370822
58.326 0.370822
58.386 0.370822
58.446 0.370822
58.506 0.370822
58.566 0.370822
58.626 0.370822
58.686 0.370822
58.746 0.370822
58.806 0.370822
58.866 0.370822
58.926 0.370822
58.986 0.370822
59.046 0.370822
59.106 0.370822
59.166 0.370822
59.226 0.370822
59.286 0.370822
59.346 0.370822
59.406 0.370822
59.466 0.370822
59.526 0.370822
59.586 0.370822
59.646 0.370822
59.706 0.370822
59.766 0.370822
59.826 0.370822
59.886 0.370822
59.946 0.370822

