0.006 0
0.066 0.00729966
0.126 0.0257433
0.186 0.043647
0.246 0.0590293
0.306 0.0726143
0.366 0.0850219
0.426 0.0966181
0.486 0.107613
0.546 0.118129
0.606 0.128239
0.666 0.137988
0.726 0.147405
0.786 0.156506
0.846 0.165303
0.906 0.173803
0.966 0.182013
1.026 0.189938
1.086 0.197581
1.146 0.204946
1.206 0.212039
1.266 0.218864
1.326 0.225425
1.386 0.231729
1.446 0.237781
1.506 0.243586
1.566 0.249151
1.626 0.254483
1.686 0.259588
1.746 0.264473
1.806 0.269145
1.866 0.273611
1.926 0.277877
1.986 0.281952
2.046 0.285841
2.106 0.289551
2.166 0.29309
2.226 0.296463
2.286 0.299678
2.346 0.302741
2.406 0.305658
2.466 0.308435
2.526 0.311077
2.586 0.313592
2.646 0.315984
2.706 0.318258
2.766 0.320421
2.826 0.322476
2.886 0.324429
2.946 0.326285
3.006 0.328047
3.066 0.32972
3.126 0.331309
3.186 0.332818
3.246 0.334249
3.306 0.335607
3.366 0.336896
3.426 0.338118
3.486 0.339277
3.546 0.340377
3.606 0.341419
3.666 0.342407
3.726 0.343343
3.786 0.34423
3.846 0.345071
3.906 0.345867
3.966 0.346622
4.026 0.347336
4.086 0.348013
4.146 0.348654
4.206 0.34926
4.266 0.349835
4.326 0.350378
4.386 0.350892
4.446 0.351379
4.506 0.351839
4.566 0.352275
4.626 0.352687
4.686 0.353077
4.746 0.353445
4.806 0.353793
4.866 0.354123
4.926 0.354434
4.986 0.354728
5.046 0.355006
5.106 0.355269
5.166 0.355517
5.226 0.355752
5.286 0.355973
5.346 0.356182
5.406 0.356379
5.466 0.356566
5.526 0.356742
5.586 0.356908
5.646 0.357064
5.706 0.357212
5.766 0.357351
5.826 0.357483
5.886 0.357607
5.946 0.357724
6.006 0.357834
6.066 0.357938
6.126 0.358035
6.186 0.358127
6.246 0.358214
6.306 0.358296
6.366 0.358372
6.426 0.358445
6.486 0.358513
6.546 0.358577
6.606 0.358637
6.666 0.358693
6.726 0.358746
6.786 0.358796
6.846 0.358843
6.906 0.358887
6.966 0.358928
7.026 0.358966
7.086 0.359002
7.146 0.359036
7.206 0.359068
7.266 0.359098
7.326 0.359125
7.386 0.359151
7.446 0.359175
7.506 0.359198
7.566 0.359219
7.626 0.359239
7.686 0.359257
7.746 0.359274
7.806 0.35929
7.866 0.359304
7.926 0.359318
7.986 0.35933
8.046 0.359342
8.106 0.359353
8.166 0.359363
8.226 0.359372
8.286 0.35938
8.346 0.359388
8.406 0.359395
8.466 0.359402
8.526 0.359408
8.586 0.359413
8.646 0.359418
8.706 0.359423
8.766 0.359427
8.826 0.359431
8.886 0.359434
8.946 0.359438
9.006 0.35944
9.066 0.359443
9.126 0.359445
9.186 0.359448
9.246 0.35945
9.306 0.359451
9.366 0.359453
9.426 0.359455
9.486 0.359456
9.546 0.359458
9.606 0.359459
9.666 0.359459
9.726 0.359459
9.786 0.359459
9.846 0.359459
9.906 0.359459
9.966 0.359459
10.026 0.359459
10.086 0.359459
10.146 0.359459
10.206 0.359459
10.266 0.359459
10.326 0.359459
10.386 0.359459
10.446 0.359459
10.506 0.359459
10.566 0.359459
10.626 0.359459
10.686 0.359459
10.746 0.359459
10.806 0.359459
10.866 0.359459
10.926 0.359459
10.986 0.359459
11.046 0.359459
11.106 0.359459
11.166 0.359459
11.226 0.359459
11.286 0.359459
11.346 0.359459
11.406 0.359459
11.466 0.359459
11.526 0.359459
11.586 0.359459
11.646 0.359459
11.706 0.359459
11.766 0.359459
11.826 0.359459
11.886 0.359459
11.946 0.359459
12.006 0.359459
12.066 0.359459
12.126 0.359459
12.186 0.359459
12.246 0.359459
12.306 0.359459
12.366 0.359459
12.426 0.359459
12.486 0.359459
12.546 0.359459
12.606 0.359459
12.666 0.359459
12.726 0.359459
12.786 0.359459
12.846 0.359459
12.906 0.359459
12.966 0.359459
13.026 0.359459
13.086 0.359459
13.146 0.359459
13.206 0.359459
13.266 0.359459
13.326 0.359459
13.386 0.359459
13.446 0.359459
13.506 0.359459
13.566 0.359459
13.626 0.359459
13.686 0.359459
13.746 0.359459
13.806 0.359459
13.866 0.359459
13.926 0.359459
13.986 0.359459
14.046 0.359459
14.106 0.359459
14.166 0.359459
14.226 0.359459
14.286 0.359459
14.346 0.359459
14.406 0.359459
14.466 0.359459
14.526 0.359459
14.586 0.359459
14.646 0.359459
14.706 0.359459
14.766 0.359459
14.826 0.359459
14.886 0.359459
14.946 0.359459
15.006 0.359459
15.066 0.359459
15.126 0.359459
15.186 0.359459
15.246 0.359459
15.306 0.359459
15.366 0.359459
15.426 0.359459
15.486 0.359459
15.546 0.359459
15.606 0.359459
15.666 0.359459
15.726 0.359459
15.786 0.359459
15.846 0.359459
15.906 0.359459
15.966 0.359459
16.026 0.359459
16.086 0.359459
16.146 0.359459
16.206 0.359459
16.266 0.359459
16.326 0.359459
16.386 0.359459
16.446 0.359459
16.506 0.359459
16.566 0.359459
16.626 0.359459
16.686 0.359459
16.746 0.359459
16.806 0.359459
16.866 0.359459
16.926 0.359459
16.986 0.359459
17.046 0.359459
17.106 0.359459
17.166 0.359459
17.226 0.359459
17.286 0.359459
17.346 0.359459
17.406 0.359459
17.466 0.359459
17.526 0.359459
17.586 0.359459
17.646 0.359459
17.706 0.359459
17.766 0.359459
17.826 0.359459
17.886 0.359459
17.946 0.359459
18.006 0.359459
18.066 0.359459
18.126 0.359459
18.186 0.359459
18.246 0.359459
18.306 0.359459
18.366 0.359459
18.426 0.359459
18.486 0.359459
18.546 0.359459
18.606 0.359459
18.666 0.359459
18.726 0.359459
18.786 0.359459
18.846 0.359459
18.906 0.359459
18.966 0.359459
19.026 0.359459
19.086 0.359459
19.146 0.359459
19.206 0.359459
19.266 0.359459
19.326 0.359459
19.386 0.359459
19.446 0.359459
19.506 0.359459
19.566 0.359459
19.626 0.359459
19.686 0.359459
19.746 0.359459
19.806 0.359459
19.866 0.359459
19.926 0.359459
19.986 0.359459
20.046 0.359459
20.106 0.359459
20.166 0.359459
20.226 0.359459
20.286 0.359459
20.346 0.359459
20.406 0.359459
20.466 0.359459
20.526 0.359459
20.586 0.359459
20.646 0.359459
20.706 0.359459
20.766 0.359459
20.826 0.359459
20.886 0.359459
20.946 0.359459
21.006 0.359459
21.066 0.359459
21.126 0.359459
21.186 0.359459
21.246 0.359459
21.306 0.359459
21.366 0.359459
21.426 0.359459
21.486 0.359459
21.546 0.359459
21.606 0.359459
21.666 0.359459
21.726 0.359459
21.786 0.359459
21.846 0.359459
21.906 0.359459
21.966 0.359459
22.026 0.359459
22.086 0.359459
22.146 0.359459
22.206 0.359459
22.266 0.359459
22.326 0.359459
22.386 0.359459
22.446 0.359459
22.506 0.359459
22.566 0.359459
22.626 0.359459
22.686 0.359459
22.746 0.359459
22.806 0.359459
22.866 0.359459
22.926 0.359459
22.986 0.359459
23.046 0.359459
23.106 0.359459
23.166 0.359459
23.226 0.359459
23.286 0.359459
23.346 0.359459
23.406 0.359459
23.466 0.359459
23.526 0.359459
23.586 0.359459
23.646 0.359459
23.706 0.359459
23.766 0.359459
23.826 0.359459
23.886 0.359459
23.946 0.359459
24.006 0.359459
24.066 0.359459
24.126 0.359459
24.186 0.359459
24.246 0.359459
24.306 0.359459
24.366 0.359459
24.426 0.359459
24.486 0.359459
24.546 0.359459
24.606 0.359459
24.666 0.359459
24.726 0.359459
24.786 0.359459
24.846 0.359459
24.906 0.359459
24.966 0.359459
25.026 0.359459
25.086 0.359459
25.146 0.359459
25.206 0.359459
25.266 0.359459
25.326 0.359459
25.386 0.359459
25.446 0.359459
25.506 0.359459
25.566 0.359459
25.626 0.359459
25.686 0.359459
25.746 0.359459
25.806 0.359459
25.866 0.359459
25.926 0.359459
25.986 0.359459
26.046 0.359459
26.106 0.359459
26.166 0.359459
26.226 0.359459
26.286 0.359459
26.346 0.359459
26.406 0.359459
26.466 0.359459
26.526 0.359459
26.586 0.359459
26.646 0.359459
26.706 0.359459
26.766 0.359459
26.826 0.359459
26.886 0.359459
26.946 0.359459
27.006 0.359459
27.066 0.359459
27.126 0.359459
27.186 0.359459
27.246 0.359459
27.306 0.359459
27.366 0.359459
27.426 0.359459
27.486 0.359459
27.546 0.359459
27.606 0.359459
27.666 0.359459
27.726 0.359459
27.786 0.359459
27.846 0.359459
27.906 0.359459
27.966 0.359459
28.026 0.359459
28.086 0.359459
28.146 0.359459
28.206 0.359459
28.266 0.359459
28.326 0.359459
28.386 0.359459
28.446 0.359459
28.506 0.359459
28.566 0.359459
28.626 0.359459
28.686 0.359459
28.746 0.359459
28.806 0.359459
28.866 0.359459
28.926 0.359459
28.986 0.359459
29.046 0.359459
29.106 0.359459
29.166 0.359459
29.226 0.359459
29.286 0.359459
29.346 0.359459
29.406 0.359459
29.466 0.359459
29.526 0.359459
29.586 0.359459
29.646 0.359459
29.706 0.359459
29.766 0.359459
29.826 0.359459
29.886 0.359459
29.946 0.359459
30.006 0.359459
30.066 0.359459
30.126 0.359459
30.186 0.359459
30.246 0.359459
30.306 0.359459
30.366 0.359459
30.426 0.359459
30.486 0.359459
30.546 0.359459
30.606 0.359459
30.666 0.359459
30.726 0.359459
30.786 0.359459
30.846 0.359459
30.906 0.359459
30.966 0.359459
31.026 0.359459
31.086 0.359459
31.146 0.359459
31.206 0.359459
31.266 0.359459
31.326 0.359459
31.386 0.359459
31.446 0.359459
31.506 0.359459
31.566 0.359459
31.626 0.359459
31.686 0.359459
31.746 0.359459
31.806 0.359459
31.866 0.359459
31.926 0.359459
31.986 0.359459
32.046 0.359459
32.106 0.359459
32.166 0.359459
32.226 0.359459
32.286 0.359459
32.346 0.359459
32.406 0.359459
32.466 0.359459
32.526 0.359459
32.586 0.359459
32.646 0.359459
32.706 0.359459
32.766 0.359459
32.826 0.359459
32.886 0.359459
32.946 0.359459
33.006 0.359459
33.066 0.359459
33.126 0.359459
33.186 0.359459
33.246 0.359459
33.306 0.359459
33.366 0.359459
33.426 0.359459
33.486 0.359459
33.546 0.359459
33.606 0.359459
33.666 0.359459
33.726 0.359459
33.786 0.359459
33.846 0.359459
33.906 0.359459
33.966 0.359459
34.026 0.359459
34.086 0.359459
34.146 0.359459
34.206 0.359459
34.266 0.359459
34.326 0.359459
34.386 0.359459
34.446 0.359459
34.506 0.359459
34.566 0.359459
34.626 0.359459
34.686 0.359459
34.746 0.359459
34.806 0.359459
34.866 0.359459
34.926 0.359459
34.986 0.359459
35.046 0.359459
35.106 0.359459
35.166 0.359459
35.226 0.359459
35.286 0.359459
35.346 0.359459
35.406 0.359459
35.466 0.359459
35.526 0.359459
35.586 0.359459
35.646 0.359459
35.706 0.359459
35.766 0.359459
35.826 0.359459
35.886 0.359459
35.946 0.359459
36.006 0.359459
36.066 0.359459
36.126 0.359459
36.186 0.359459
36.246 0.359459
36.306 0.359459
36.366 0.359459
36.426 0.359459
36.486 0.359459
36.546 0.359459
36.606 0.359459
36.666 0.359459
36.726 0.359459
36.786 0.359459
36.846 0.359459
36.906 0.359459
36.966 0.359459
37.026 0.359459
37.086 0.359459
37.146 0.359459
37.206 0.359459
37.266 0.359459
37.326 0.359459
37.386 0.359459
37.446 0.359459
37.506 0.359459
37.566 0.359459
37.626 0.359459
37.686 0.359459
37.746 0.359459
37.806 0.359459
37.866 0.359459
37.926 0.359459
37.986 0.359459
38.046 0.359459
38.106 0.359459
38.166 0.359459
38.226 0.359459
38.286 0.359459
38.346 0.359459
38.406 0.359459
38.466 0.359459
38.526 0.359459
38.586 0.359459
38.646 0.359459
38.706 0.359459
38.766 0.359459
38.826 0.359459
38.886 0.359459
38.946 0.359459
39.006 0.359459
39.066 0.359459
39.126 0.359459
39.186 0.359459
39.246 0.359459
39.306 0.359459
39.366 0.359459
39.426 0.359459
39.486 0.359459
39.546 0.359459
39.606 0.359459
39.666 0.359459
39.726 0.359459
39.786 0.359459
39.846 0.359459
39.906 0.359459
39.966 0.359459
40.026 0.359459
40.086 0.359459
40.146 0.359459
40.206 0.359459
40.266 0.359459
40.326 0.359459
40.386 0.359459
40.446 0.359459
40.506 0.359459
40.566 0.359459
40.626 0.359459
40.686 0.359459
40.746 0.359459
40.806 0.359459
40.866 0.359459
40.926 0.359459
40.986 0.359459
41.046 0.359459
41.106 0.359459
41.166 0.359459
41.226 0.359459
41.286 0.359459
41.346 0.359459
41.406 0.359459
41.466 0.359459
41.526 0.359459
41.586 0.359459
41.646 0.359459
41.706 0.359459
41.766 0.359459
41.826 0.359459
41.886 0.359459
41.946 0.359459
42.006 0.359459
42.066 0.359459
42.126 0.359459
42.186 0.359459
42.246 0.359459
42.306 0.359459
42.366 0.359459
42.426 0.359459
42.486 0.359459
42.546 0.359459
42.606 0.359459
42.666 0.359459
42.726 0.359459
42.786 0.359459
42.846 0.359459
42.906 0.359459
42.966 0.359459
43.026 0.359459
43.086 0.359459
43.146 0.359459
43.206 0.359459
43.266 0.359459
43.326 0.359459
43.386 0.359459
43.446 0.359459
43.506 0.359459
43.566 0.359459
43.626 0.359459
43.686 0.359459
43.746 0.359459
43.806 0.359459
43.866 0.359459
43.926 0.359459
43.986 0.359459
44.046 0.359459
44.106 0.359459
44.166 0.359459
44.226 0.359459
44.286 0.359459
44.346 0.359459
44.406 0.359459
44.466 0.359459
44.526 0.359459
44.586 0.359459
44.646 0.359459
44.706 0.359459
44.766 0.359459
44.826 0.359459
44.886 0.359459
44.946 0.359459
45.006 0.359459
45.066 0.359459
45.126 0.359459
45.186 0.359459
45.246 0.359459
45.306 0.359459
45.366 0.359459
45.426 0.359459
45.486 0.359459
45.546 0.359459
45.606 0.359459
45.666 0.359459
45.726 0.359459
45.786 0.359459
45.846 0.359459
45.906 0.359459
45.966 0.359459
46.026 0.359459
46.086 0.359459
46.146 0.359459
46.206 0.359459
46.266 0.359459
46.326 0.359459
46.386 0.359459
46.446 0.359459
46.506 0.359459
46.566 0.359459
46.626 0.359459
46.686 0.359459
46.746 0.359459
46.806 0.359459
46.866 0.359459
46.926 0.359459
46.986 0.359459
47.046 0.359459
47.106 0.359459
47.166 0.359459
47.226 0.359459
47.286 0.359459
47.346 0.359459
47.406 0.359459
47.466 0.359459
47.526 0.359459
47.586 0.359459
47.646 0.359459
47.706 0.359459
47.766 0.359459
47.826 0.359459
47.886 0.359459
47.946 0.359459
48.006 0.359459
48.066 0.359459
48.126 0.359459
48.186 0.359459
48.246 0.359459
48.306 0.359459
48.366 0.359459
48.426 0.359459
48.486 0.359459
48.546 0.359459
48.606 0.359459
48.666 0.359459
48.726 0.359459
48.786 0.359459
48.846 0.359459
48.906 0.359459
48.966 0.359459
49.026 0.359459
49.086 0.359459
49.146 0.359459
49.206 0.359459
49.266 0.359459
49.326 0.359459
49.386 0.359459
49.446 0.359459
49.506 0.359459
49.566 0.359459
49.626 0.359459
49.686 0.359459
49.746 0.359459
49.806 0.359459
49.866 0.359459
49.926 0.359459
49.986 0.359459
50.046 0.359459
50.106 0.359459
50.166 0.359459
50.226 0.359459
50.286 0.359459
50.346 0.359459
50.406 0.359459
50.466 0.359459
50.526 0.359459
50.586 0.359459
50.646 0.359459
50.706 0.359459
50.766 0.359459
50.826 0.359459
50.886 0.359459
50.946 0.359459
51.006 0.359459
51.066 0.359459
51.126 0.359459
51.186 0.359459
51.246 0.359459
51.306 0.359459
51.366 0.359459
51.426 0.359459
51.486 0.359459
51.546 0.359459
51.606 0.359459
51.666 0.359459
51.726 0.359459
51.786 0.359459
51.846 0.359459
51.906 0.359459
51.966 0.359459
52.026 0.359459
52.086 0.359459
52.146 0.359459
52.206 0.359459
52.266 0.359459
52.326 0.359459
52.386 0.359459
52.446 0.359459
52.506 0.359459
52.566 0.359459
52.626 0.359459
52.686 0.359459
52.746 0.359459
52.806 0.359459
52.866 0.359459
52.926 0.359459
52.986 0.359459
53.046 0.359459
53.106 0.359459
53.166 0.359459
53.226 0.359459
53.286 0.359459
53.346 0.359459
53.406 0.359459
53.466 0.359459
53.526 0.359459
53.586 0.359459
53.646 0.359459
53.706 0.359459
53.766 0.359459
53.826 0.359459
53.886 0.359459
53.946 0.359459
54.006 0.359459
54.066 0.359459
54.126 0.359459
54.186 0.359459
54.246 0.359459
54.306 0.359459
54.366 0.359459
54.426 0.359459
54.486 0.359459
54.546 0.359459
54.606 0.359459
54.666 0.359459
54.726 0.359459
54.786 0.359459
54.846 0.359459
54.906 0.359459
54.966 0.359459
55.026 0.359459
55.086 0.359459
55.146 0.359459
55.206 0.359459
55.266 0.359459
55.326 0.359459
55.386 0.359459
55.446 0.359459
55.506 0.359459
55.566 0.359459
55.626 0.359459
55.686 0.359459
55.746 0.359459
55.806 0.359459
55.866 0.359459
55.926 0.359459
55.986 0.359459
56.046 0.359459
56.106 0.359459
56.166 0.359459
56.226 0.359459
56.286 0.359459
56.346 0.359459
56.406 0.359459
56.466 0.359459
56.526 0.359459
56.586 0.359459
56.646 0.359459
56.706 0.359459
56.766 0.359459
56.826 0.359459
56.886 0.359459
56.946 0.359459
57.006 0.359459
57.066 0.359459
57.126 0.359459
57.186 0.359459
57.246 0.359459
57.306 0.359459
57.366 0.359459
57.426 0.359459
57.486 0.359459
57.546 0.359459
57.606 0.359459
57.666 0.359459
57.726 0.359459
57.786 0.359459
57.846 0.359459
57.906 0.359459
57.966 0.359459
58.026 0.359459
58.086 0.359459
58.146 0.359459
58.206 0.359459
58.266 0.359459
58.326 0.359459
58.386 0.359459
58.446 0.359459
58.506 0.359459
58.566 0.359459
58.626 0.359459
58.686 0.359459
58.746 0.359459
58.806 0.359459
58.866 0.359459
58.926 0.359459
58.986 0.359459
59.046 0.359459
59.106 0.359459
59.166 0.359459
59.226 0.359459
59.286 0.359459
59.346 0.359459
59.406 0.359459
59.466 0.359459
59.526 0.359459
59.586 0.359459
59.646 0.359459
59.706 0.359459
59.766 0.359459
59.826 0.359459
59.886 0.359459
59.946 0.359459

