0.006 0
0.066 8.44852e-06
0.126 5.87657e-05
0.186 0.000188759
0.246 0.000435761
0.306 0.000836409
0.366 0.00142643
0.426 0.00224045
0.486 0.00331177
0.546 0.00467223
0.606 0.00635202
0.666 0.00837952
0.726 0.0107812
0.786 0.0135815
0.846 0.0168027
0.906 0.020465
0.966 0.0245861
1.026 0.0291817
1.086 0.0342649
1.146 0.0398468
1.206 0.0459361
1.266 0.0525392
1.326 0.0596603
1.386 0.0673018
1.446 0.0754636
1.506 0.0841441
1.566 0.0933397
1.626 0.103045
1.686 0.113253
1.746 0.123956
1.806 0.135143
1.866 0.146804
1.926 0.158928
1.986 0.1715
2.046 0.184507
2.106 0.197935
2.166 0.211769
2.226 0.225993
2.286 0.240591
2.346 0.255547
2.406 0.270845
2.466 0.286468
2.526 0.3024
2.586 0.318624
2.646 0.335123
2.706 0.351882
2.766 0.368885
2.826 0.386114
2.886 0.403556
2.946 0.421194
3.006 0.439012
3.066 0.456997
3.126 0.475134
3.186 0.493407
3.246 0.511803
3.306 0.530308
3.366 0.548909
3.426 0.567592
3.486 0.586343
3.546 0.60515
3.606 0.624
3.666 0.64288
3.726 0.661778
3.786 0.680682
3.846 0.699579
3.906 0.718457
3.966 0.737304
4.026 0.756108
4.086 0.774858
4.146 0.793541
4.206 0.812147
4.266 0.830662
4.326 0.849077
4.386 0.867379
4.446 0.885558
4.506 0.903601
4.566 0.921497
4.626 0.939236
4.686 0.956805
4.746 0.974195
4.806 0.991394
4.866 1.00839
4.926 1.02518
4.986 1.04174
5.046 1.05806
5.106 1.07415
5.166 1.08998
5.226 1.10554
5.286 1.12083
5.346 1.13583
5.406 1.15054
5.466 1.16495
5.526 1.17904
5.586 1.1928
5.646 1.20624
5.706 1.21933
5.766 1.23208
5.826 1.24447
5.886 1.25648
5.946 1.26813
6.006 1.27939
6.066 1.29026
6.126 1.30073
6.186 1.3108
6.246 1.32045
6.306 1.32968
6.366 1.33849
6.426 1.34686
6.486 1.35479
6.546 1.36227
6.606 1.36931
6.666 1.37588
6.726 1.382
6.786 1.38764
6.846 1.39281
6.906 1.3975
6.966 1.4017
7.026 1.40542
7.086 1.40864
7.146 1.41137
7.206 1.41359
7.266 1.41531
7.326 1.41652
7.386 1.41722
7.446 1.41741
7.506 1.41742
7.566 1.41742
7.626 1.41743
7.686 1.41743
7.746 1.41744
7.806 1.41744
7.866 1.41744
7.926 1.41744
7.986 1.41745
8.046 1.41745
8.106 1.41745
8.166 1.41745
8.226 1.41745
8.286 1.41745
8.346 1.41746
8.406 1.41746
8.466 1.41746
8.526 1.41746
8.586 1.41746
8.646 1.41746
8.706 1.41746
8.766 1.41746
8.826 1.41746
8.886 1.41746
8.946 1.41746
9.006 1.41746
9.066 1.41746
9.126 1.41746
9.186 1.41746
9.246 1.41746
9.306 1.41746
9.366 1.41746
9.426 1.41746
9.486 1.41746
9.546 1.41747
9.606 1.41747
9.666 1.41747
9.726 1.41747
9.786 1.41747
9.846 1.41747
9.906 1.41747
9.966 1.41747
10.026 1.41747
10.086 1.41747
10.146 1.41747
10.206 1.41747
10.266 1.41747
10.326 1.41747
10.386 1.41747
10.446 1.41747
10.506 1.41747
10.566 1.41747
10.626 1.41747
10.686 1.41747
10.746 1.41747
10.806 1.41747
10.866 1.41747
10.926 1.41747
10.986 1.41747
11.046 1.41747
11.106 1.41747
11.166 1.41747
11.226 1.41747
11.286 1.41747
11.346 1.41747
11.406 1.41747
11.466 1.41747
11.526 1.41747
11.586 1.41747
11.646 1.41747
11.706 1.41747
11.766 1.41747
11.826 1.41747
11.886 1.41747
11.946 1.41747
12.006 1.41747
12.066 1.41747
12.126 1.41747
12.186 1.41747
12.246 1.41747
12.306 1.41747
12.366 1.41747
12.426 1.41747
12.486 1.41747
12.546 1.41747
12.606 1.41747
12.666 1.41747
12.726 1.41747
12.786 1.41747
12.846 1.41747
12.906 1.41747
12.966 1.41747
13.026 1.41747
13.086 1.41747
13.146 1.41747
13.206 1.41747
13.266 1.41747
13.326 1.41747
13.386 1.41747
13.446 1.41747
13.506 1.41747
13.566 1.41747
13.626 1.41747
13.686 1.41747
13.746 1.41747
13.806 1.41747
13.866 1.41747
13.926 1.41747
13.986 1.41747
14.046 1.41747
14.106 1.41747
14.166 1.41747
14.226 1.41747
14.286 1.41747
14.346 1.41747
14.406 1.41747
14.466 1.41747
14.526 1.41747
14.586 1.41747
14.646 1.41747
14.706 1.41747
14.766 1.41747
14.826 1.41747
14.886 1.41747
14.946 1.41747
15.006 1.41747
15.066 1.41747
15.126 1.41747
15.186 1.41747
15.246 1.41747
15.306 1.41747
15.366 1.41747
15.426 1.41747
15.486 1.41747
15.546 1.41747
15.606 1.41747
15.666 1.41747
15.726 1.41747
15.786 1.41747
15.846 1.41747
15.906 1.41747
15.966 1.41747
16.026 1.41747
16.086 1.41747
16.146 1.41747
16.206 1.41747
16.266 1.41747
16.326 1.41747
16.386 1.41747
16.446 1.41747
16.506 1.41747
16.566 1.41747
16.626 1.41747
16.686 1.41747
16.746 1.41747
16.806 1.41747
16.866 1.41747
16.926 1.41747
16.986 1.41747
17.046 1.41747
17.106 1.41747
17.166 1.41747
17.226 1.41747
17.286 1.41747
17.346 1.41747
17.406 1.41747
17.466 1.41747
17.526 1.41747
17.586 1.41747
17.646 1.41747
17.706 1.41747
17.766 1.41747
17.826 1.41747
17.886 1.41747
17.946 1.41747
18.006 1.41747
18.066 1.41747
18.126 1.41747
18.186 1.41747
18.246 1.41747
18.306 1.41747
18.366 1.41747
18.426 1.41747
18.486 1.41747
18.546 1.41747
18.606 1.41747
18.666 1.41747
18.726 1.41747
18.786 1.41747
18.846 1.41747
18.906 1.41747
18.966 1.41747
19.026 1.41747
19.086 1.41747
19.146 1.41747
19.206 1.41747
19.266 1.41747
19.326 1.41747
19.386 1.41747
19.446 1.41747
19.506 1.41747
19.566 1.41747
19.626 1.41747
19.686 1.41747
19.746 1.41747
19.806 1.41747
19.866 1.41747
19.926 1.41747
19.986 1.41747
20.046 1.41747
20.106 1.41747
20.166 1.41747
20.226 1.41747
20.286 1.41747
20.346 1.41747
20.406 1.41747
20.466 1.41747
20.526 1.41747
20.586 1.41747
20.646 1.41747
20.706 1.41747
20.766 1.41747
20.826 1.41747
20.886 1.41747
20.946 1.41747
21.006 1.41747
21.066 1.41747
21.126 1.41747
21.186 1.41747
21.246 1.41747
21.306 1.41747
21.366 1.41747
21.426 1.41747
21.486 1.41747
21.546 1.41747
21.606 1.41747
21.666 1.41747
21.726 1.41747
21.786 1.41747
21.846 1.41747
21.906 1.41747
21.966 1.41747
22.026 1.41747
22.086 1.41747
22.146 1.41747
22.206 1.41747
22.266 1.41747
22.326 1.41747
22.386 1.41747
22.446 1.41747
22.506 1.41747
22.566 1.41747
22.626 1.41747
22.686 1.41747
22.746 1.41747
22.806 1.41747
22.866 1.41747
22.926 1.41747
22.986 1.41747
23.046 1.41747
23.106 1.41747
23.166 1.41747
23.226 1.41747
23.286 1.41747
23.346 1.41747
23.406 1.41747
23.466 1.41747
23.526 1.41747
23.586 1.41747
23.646 1.41747
23.706 1.41747
23.766 1.41747
23.826 1.41747
23.886 1.41747
23.946 1.41747
24.006 1.41747
24.066 1.41747
24.126 1.41747
24.186 1.41747
24.246 1.41747
24.306 1.41747
24.366 1.41747
24.426 1.41747
24.486 1.41747
24.546 1.41747
24.606 1.41747
24.666 1.41747
24.726 1.41747
24.786 1.41747
24.846 1.41747
24.906 1.41747
24.966 1.41747
25.026 1.41747
25.086 1.41747
25.146 1.41747
25.206 1.41747
25.266 1.41747
25.326 1.41747
25.386 1.41747
25.446 1.41747
25.506 1.41747
25.566 1.41747
25.626 1.41747
25.686 1.41747
25.746 1.41747
25.806 1.41747
25.866 1.41747
25.926 1.41747
25.986 1.41747
26.046 1.41747
26.106 1.41747
26.166 1.41747
26.226 1.41747
26.286 1.41747
26.346 1.41747
26.406 1.41747
26.466 1.41747
26.526 1.41747
26.586 1.41747
26.646 1.41747
26.706 1.41747
26.766 1.41747
26.826 1.41747
26.886 1.41747
26.946 1.41747
27.006 1.41747
27.066 1.41747
27.126 1.41747
27.186 1.41747
27.246 1.41747
27.306 1.41747
27.366 1.41747
27.426 1.41747
27.486 1.41747
27.546 1.41747
27.606 1.41747
27.666 1.41747
27.726 1.41747
27.786 1.41747
27.846 1.41747
27.906 1.41747
27.966 1.41747
28.026 1.41747
28.086 1.41747
28.146 1.41747
28.206 1.41747
28.266 1.41747
28.326 1.41747
28.386 1.41747
28.446 1.41747
28.506 1.41747
28.566 1.41747
28.626 1.41747
28.686 1.41747
28.746 1.41747
28.806 1.41747
28.866 1.41747
28.926 1.41747
28.986 1.41747
29.046 1.41747
29.106 1.41747
29.166 1.41747
29.226 1.41747
29.286 1.41747
29.346 1.41747
29.406 1.41747
29.466 1.41747
29.526 1.41747
29.586 1.41747
29.646 1.41747
29.706 1.41747
29.766 1.41747
29.826 1.41747
29.886 1.41747
29.946 1.41747
30.006 1.41747
30.066 1.41747
30.126 1.41747
30.186 1.41747
30.246 1.41747
30.306 1.41747
30.366 1.41747
30.426 1.41747
30.486 1.41747
30.546 1.41747
30.606 1.41747
30.666 1.41747
30.726 1.41747
30.786 1.41747
30.846 1.41747
30.906 1.41747
30.966 1.41747
31.026 1.41747
31.086 1.41747
31.146 1.41747
31.206 1.41747
31.266 1.41747
31.326 1.41747
31.386 1.41747
31.446 1.41747
31.506 1.41747
31.566 1.41747
31.626 1.41747
31.686 1.41747
31.746 1.41747
31.806 1.41747
31.866 1.41747
31.926 1.41747
31.986 1.41747
32.046 1.41747
32.106 1.41747
32.166 1.41747
32.226 1.41747
32.286 1.41747
32.346 1.41747
32.406 1.41747
32.466 1.41747
32.526 1.41747
32.586 1.41747
32.646 1.41747
32.706 1.41747
32.766 1.41747
32.826 1.41747
32.886 1.41747
32.946 1.41747
33.006 1.41747
33.066 1.41747
33.126 1.41747
33.186 1.41747
33.246 1.41747
33.306 1.41747
33.366 1.41747
33.426 1.41747
33.486 1.41747
33.546 1.41747
33.606 1.41747
33.666 1.41747
33.726 1.41747
33.786 1.41747
33.846 1.41747
33.906 1.41747
33.966 1.41747
34.026 1.41747
34.086 1.41747
34.146 1.41747
34.206 1.41747
34.266 1.41747
34.326 1.41747
34.386 1.41747
34.446 1.41747
34.506 1.41747
34.566 1.41747
34.626 1.41747
34.686 1.41747
34.746 1.41747
34.806 1.41747
34.866 1.41747
34.926 1.41747
34.986 1.41747
35.046 1.41747
35.106 1.41747
35.166 1.41747
35.226 1.41747
35.286 1.41747
35.346 1.41747
35.406 1.41747
35.466 1.41747
35.526 1.41747
35.586 1.41747
35.646 1.41747
35.706 1.41747
35.766 1.41747
35.826 1.41747
35.886 1.41747
35.946 1.41747
36.006 1.41747
36.066 1.41747
36.126 1.41747
36.186 1.41747
36.246 1.41747
36.306 1.41747
36.366 1.41747
36.426 1.41747
36.486 1.41747
36.546 1.41747
36.606 1.41747
36.666 1.41747
36.726 1.41747
36.786 1.41747
36.846 1.41747
36.906 1.41747
36.966 1.41747
37.026 1.41747
37.086 1.41747
37.146 1.41747
37.206 1.41747
37.266 1.41747
37.326 1.41747
37.386 1.41747
37.446 1.41747
37.506 1.41747
37.566 1.41747
37.626 1.41747
37.686 1.41747
37.746 1.41747
37.806 1.41747
37.866 1.41747
37.926 1.41747
37.986 1.41747
38.046 1.41747
38.106 1.41747
38.166 1.41747
38.226 1.41747
38.286 1.41747
38.346 1.41747
38.406 1.41747
38.466 1.41747
38.526 1.41747
38.586 1.41747
38.646 1.41747
38.706 1.41747
38.766 1.41747
38.826 1.41747
38.886 1.41747
38.946 1.41747
39.006 1.41747
39.066 1.41747
39.126 1.41747
39.186 1.41747
39.246 1.41747
39.306 1.41747
39.366 1.41747
39.426 1.41747
39.486 1.41747
39.546 1.41747
39.606 1.41747
39.666 1.41747
39.726 1.41747
39.786 1.41747
39.846 1.41747
39.906 1.41747
39.966 1.41747
40.026 1.41747
40.086 1.41747
40.146 1.41747
40.206 1.41747
40.266 1.41747
40.326 1.41747
40.386 1.41747
40.446 1.41747
40.506 1.41747
40.566 1.41747
40.626 1.41747
40.686 1.41747
40.746 1.41747
40.806 1.41747
40.866 1.41747
40.926 1.41747
40.986 1.41747
41.046 1.41747
41.106 1.41747
41.166 1.41747
41.226 1.41747
41.286 1.41747
41.346 1.41747
41.406 1.41747
41.466 1.41747
41.526 1.41747
41.586 1.41747
41.646 1.41747
41.706 1.41747
41.766 1.41747
41.826 1.41747
41.886 1.41747
41.946 1.41747
42.006 1.41747
42.066 1.41747
42.126 1.41747
42.186 1.41747
42.246 1.41747
42.306 1.41747
42.366 1.41747
42.426 1.41747
42.486 1.41747
42.546 1.41747
42.606 1.41747
42.666 1.41747
42.726 1.41747
42.786 1.41747
42.846 1.41747
42.906 1.41747
42.966 1.41747
43.026 1.41747
43.086 1.41747
43.146 1.41747
43.206 1.41747
43.266 1.41747
43.326 1.41747
43.386 1.41747
43.446 1.41747
43.506 1.41747
43.566 1.41747
43.626 1.41747
43.686 1.41747
43.746 1.41747
43.806 1.41747
43.866 1.41747
43.926 1.41747
43.986 1.41747
44.046 1.41747
44.106 1.41747
44.166 1.41747
44.226 1.41747
44.286 1.41747
44.346 1.41747
44.406 1.41747
44.466 1.41747
44.526 1.41747
44.586 1.41747
44.646 1.41747
44.706 1.41747
44.766 1.41747
44.826 1.41747
44.886 1.41747
44.946 1.41747
45.006 1.41747
45.066 1.41747
45.126 1.41747
45.186 1.41747
45.246 1.41747
45.306 1.41747
45.366 1.41747
45.426 1.41747
45.486 1.41747
45.546 1.41747
45.606 1.41747
45.666 1.41747
45.726 1.41747
45.786 1.41747
45.846 1.41747
45.906 1.41747
45.966 1.41747
46.026 1.41747
46.086 1.41747
46.146 1.41747
46.206 1.41747
46.266 1.41747
46.326 1.41747
46.386 1.41747
46.446 1.41747
46.506 1.41747
46.566 1.41747
46.626 1.41747
46.686 1.41747
46.746 1.41747
46.806 1.41747
46.866 1.41747
46.926 1.41747
46.986 1.41747
47.046 1.41747
47.106 1.41747
47.166 1.41747
47.226 1.41747
47.286 1.41747
47.346 1.41747
47.406 1.41747
47.466 1.41747
47.526 1.41747
47.586 1.41747
47.646 1.41747
47.706 1.41747
47.766 1.41747
47.826 1.41747
47.886 1.41747
47.946 1.41747
48.006 1.41747
48.066 1.41747
48.126 1.41747
48.186 1.41747
48.246 1.41747
48.306 1.41747
48.366 1.41747
48.426 1.41747
48.486 1.41747
48.546 1.41747
48.606 1.41747
48.666 1.41747
48.726 1.41747
48.786 1.41747
48.846 1.41747
48.906 1.41747
48.966 1.41747
49.026 1.41747
49.086 1.41747
49.146 1.41747
49.206 1.41747
49.266 1.41747
49.326 1.41747
49.386 1.41747
49.446 1.41747
49.506 1.41747
49.566 1.41747
49.626 1.41747
49.686 1.41747
49.746 1.41747
49.806 1.41747
49.866 1.41747
49.926 1.41747
49.986 1.41747
50.046 1.41747
50.106 1.41747
50.166 1.41747
50.226 1.41747
50.286 1.41747
50.346 1.41747
50.406 1.41747
50.466 1.41747
50.526 1.41747
50.586 1.41747
50.646 1.41747
50.706 1.41747
50.766 1.41747
50.826 1.41747
50.886 1.41747
50.946 1.41747
51.006 1.41747
51.066 1.41747
51.126 1.41747
51.186 1.41747
51.246 1.41747
51.306 1.41747
51.366 1.41747
51.426 1.41747
51.486 1.41747
51.546 1.41747
51.606 1.41747
51.666 1.41747
51.726 1.41747
51.786 1.41747
51.846 1.41747
51.906 1.41747
51.966 1.41747
52.026 1.41747
52.086 1.41747
52.146 1.41747
52.206 1.41747
52.266 1.41747
52.326 1.41747
52.386 1.41747
52.446 1.41747
52.506 1.41747
52.566 1.41747
52.626 1.41747
52.686 1.41747
52.746 1.41747
52.806 1.41747
52.866 1.41747
52.926 1.41747
52.986 1.41747
53.046 1.41747
53.106 1.41747
53.166 1.41747
53.226 1.41747
53.286 1.41747
53.346 1.41747
53.406 1.41747
53.466 1.41747
53.526 1.41747
53.586 1.41747
53.646 1.41747
53.706 1.41747
53.766 1.41747
53.826 1.41747
53.886 1.41747
53.946 1.41747
54.006 1.41747
54.066 1.41747
54.126 1.41747
54.186 1.41747
54.246 1.41747
54.306 1.41747
54.366 1.41747
54.426 1.41747
54.486 1.41747
54.546 1.41747
54.606 1.41747
54.666 1.41747
54.726 1.41747
54.786 1.41747
54.846 1.41747
54.906 1.41747
54.966 1.41747
55.026 1.41747
55.086 1.41747
55.146 1.41747
55.206 1.41747
55.266 1.41747
55.326 1.41747
55.386 1.41747
55.446 1.41747
55.506 1.41747
55.566 1.41747
55.626 1.41747
55.686 1.41747
55.746 1.41747
55.806 1.41747
55.866 1.41747
55.926 1.41747
55.986 1.41747
56.046 1.41747
56.106 1.41747
56.166 1.41747
56.226 1.41747
56.286 1.41747
56.346 1.41747
56.406 1.41747
56.466 1.41747
56.526 1.41747
56.586 1.41747
56.646 1.41747
56.706 1.41747
56.766 1.41747
56.826 1.41747
56.886 1.41747
56.946 1.41747
57.006 1.41747
57.066 1.41747
57.126 1.41747
57.186 1.41747
57.246 1.41747
57.306 1.41747
57.366 1.41747
57.426 1.41747
57.486 1.41747
57.546 1.41747
57.606 1.41747
57.666 1.41747
57.726 1.41747
57.786 1.41747
57.846 1.41747
57.906 1.41747
57.966 1.41747
58.026 1.41747
58.086 1.41747
58.146 1.41747
58.206 1.41747
58.266 1.41747
58.326 1.41747
58.386 1.41747
58.446 1.41747
58.506 1.41747
58.566 1.41747
58.626 1.41747
58.686 1.41747
58.746 1.41747
58.806 1.41747
58.866 1.41747
58.926 1.41747
58.986 1.41747
59.046 1.41747
59.106 1.41747
59.166 1.41747
59.226 1.41747
59.286 1.41747
59.346 1.41747
59.406 1.41747
59.466 1.41747
59.526 1.41747
59.586 1.41747
59.646 1.41747
59.706 1.41747
59.766 1.41747
59.826 1.41747
59.886 1.41747
59.946 1.41747

