0.006 0
0.066 0.0157256
0.126 0.0306111
0.186 0.0429832
0.246 0.0546331
0.306 0.0660402
0.366 0.0773435
0.426 0.0885719
0.486 0.0997136
0.546 0.110741
0.606 0.121624
0.666 0.13233
0.726 0.142831
0.786 0.153103
0.846 0.163123
0.906 0.172874
0.966 0.182342
1.026 0.191517
1.086 0.200391
1.146 0.20896
1.206 0.21722
1.266 0.225172
1.326 0.232817
1.386 0.240157
1.446 0.247197
1.506 0.253942
1.566 0.260399
1.626 0.266574
1.686 0.272474
1.746 0.278108
1.806 0.283484
1.866 0.28861
1.926 0.293495
1.986 0.298147
2.046 0.302575
2.106 0.306789
2.166 0.310795
2.226 0.314604
2.286 0.318223
2.346 0.32166
2.406 0.324923
2.466 0.328021
2.526 0.330959
2.586 0.333747
2.646 0.33639
2.706 0.338895
2.766 0.34127
2.826 0.343519
2.886 0.34565
2.946 0.347669
3.006 0.349579
3.066 0.351388
3.126 0.3531
3.186 0.354719
3.246 0.356252
3.306 0.357701
3.366 0.359072
3.426 0.360368
3.486 0.361593
3.546 0.362751
3.606 0.363846
3.666 0.36488
3.726 0.365857
3.786 0.36678
3.846 0.367652
3.906 0.368475
3.966 0.369252
4.026 0.369986
4.086 0.370679
4.146 0.371333
4.206 0.37195
4.266 0.372533
4.326 0.373082
4.386 0.373601
4.446 0.37409
4.506 0.374551
4.566 0.374985
4.626 0.375395
4.686 0.375782
4.746 0.376146
4.806 0.37649
4.866 0.376813
4.926 0.377118
4.986 0.377405
5.046 0.377676
5.106 0.377931
5.166 0.378171
5.226 0.378397
5.286 0.378609
5.346 0.378809
5.406 0.378998
5.466 0.379175
5.526 0.379342
5.586 0.379499
5.646 0.379646
5.706 0.379785
5.766 0.379915
5.826 0.380038
5.886 0.380153
5.946 0.380261
6.006 0.380362
6.066 0.380457
6.126 0.380547
6.186 0.380631
6.246 0.38071
6.306 0.380783
6.366 0.380853
6.426 0.380917
6.486 0.380978
6.546 0.381035
6.606 0.381088
6.666 0.381138
6.726 0.381185
6.786 0.381228
6.846 0.381269
6.906 0.381307
6.966 0.381342
7.026 0.381376
7.086 0.381406
7.146 0.381435
7.206 0.381462
7.266 0.381487
7.326 0.38151
7.386 0.381531
7.446 0.381551
7.506 0.38157
7.566 0.381587
7.626 0.381603
7.686 0.381617
7.746 0.381631
7.806 0.381643
7.866 0.381655
7.926 0.381665
7.986 0.381675
8.046 0.381684
8.106 0.381692
8.166 0.381699
8.226 0.381706
8.286 0.381712
8.346 0.381718
8.406 0.381723
8.466 0.381728
8.526 0.381732
8.586 0.381736
8.646 0.38174
8.706 0.381743
8.766 0.381746
8.826 0.381748
8.886 0.381751
8.946 0.381753
9.006 0.381755
9.066 0.381757
9.126 0.381759
9.186 0.381761
9.246 0.381762
9.306 0.381762
9.366 0.381762
9.426 0.381762
9.486 0.381762
9.546 0.381762
9.606 0.381762
9.666 0.381762
9.726 0.381762
9.786 0.381762
9.846 0.381762
9.906 0.381762
9.966 0.381762
10.026 0.381762
10.086 0.381762
10.146 0.381762
10.206 0.381762
10.266 0.381762
10.326 0.381762
10.386 0.381762
10.446 0.381762
10.506 0.381762
10.566 0.381762
10.626 0.381762
10.686 0.381762
10.746 0.381762
10.806 0.381762
10.866 0.381762
10.926 0.381762
10.986 0.381762
11.046 0.381762
11.106 0.381762
11.166 0.381762
11.226 0.381762
11.286 0.381762
11.346 0.381762
11.406 0.381762
11.466 0.381762
11.526 0.381762
11.586 0.381762
11.646 0.381762
11.706 0.381762
11.766 0.381762
11.826 0.381762
11.886 0.381762
11.946 0.381762
12.006 0.381762
12.066 0.381762
12.126 0.381762
12.186 0.381762
12.246 0.381762
12.306 0.381762
12.366 0.381762
12.426 0.381762
12.486 0.381762
12.546 0.381762
12.606 0.381762
12.666 0.381762
12.726 0.381762
12.786 0.381762
12.846 0.381762
12.906 0.381762
12.966 0.381762
13.026 0.381762
13.086 0.381762
13.146 0.381762
13.206 0.381762
13.266 0.381762
13.326 0.381762
13.386 0.381762
13.446 0.381762
13.506 0.381762
13.566 0.381762
13.626 0.381762
13.686 0.381762
13.746 0.381762
13.806 0.381762
13.866 0.381762
13.926 0.381762
13.986 0.381762
14.046 0.381762
14.106 0.381762
14.166 0.381762
14.226 0.381762
14.286 0.381762
14.346 0.381762
14.406 0.381762
14.466 0.381762
14.526 0.381762
14.586 0.381762
14.646 0.381762
14.706 0.381762
14.766 0.381762
14.826 0.381762
14.886 0.381762
14.946 0.381762
15.006 0.381762
15.066 0.381762
15.126 0.381762
15.186 0.381762
15.246 0.381762
15.306 0.381762
15.366 0.381762
15.426 0.381762
15.486 0.381762
15.546 0.381762
15.606 0.381762
15.666 0.381762
15.726 0.381762
15.786 0.381762
15.846 0.381762
15.906 0.381762
15.966 0.381762
16.026 0.381762
16.086 0.381762
16.146 0.381762
16.206 0.381762
16.266 0.381762
16.326 0.381762
16.386 0.381762
16.446 0.381762
16.506 0.381762
16.566 0.381762
16.626 0.381762
16.686 0.381762
16.746 0.381762
16.806 0.381762
16.866 0.381762
16.926 0.381762
16.986 0.381762
17.046 0.381762
17.106 0.381762
17.166 0.381762
17.226 0.381762
17.286 0.381762
17.346 0.381762
17.406 0.381762
17.466 0.381762
17.526 0.381762
17.586 0.381762
17.646 0.381762
17.706 0.381762
17.766 0.381762
17.826 0.381762
17.886 0.381762
17.946 0.381762
18.006 0.381762
18.066 0.381762
18.126 0.381762
18.186 0.381762
18.246 0.381762
18.306 0.381762
18.366 0.381762
18.426 0.381762
18.486 0.381762
18.546 0.381762
18.606 0.381762
18.666 0.381762
18.726 0.381762
18.786 0.381762
18.846 0.381762
18.906 0.381762
18.966 0.381762
19.026 0.381762
19.086 0.381762
19.146 0.381762
19.206 0.381762
19.266 0.381762
19.326 0.381762
19.386 0.381762
19.446 0.381762
19.506 0.381762
19.566 0.381762
19.626 0.381762
19.686 0.381762
19.746 0.381762
19.806 0.381762
19.866 0.381762
19.926 0.381762
19.986 0.381762
20.046 0.381762
20.106 0.381762
20.166 0.381762
20.226 0.381762
20.286 0.381762
20.346 0.381762
20.406 0.381762
20.466 0.381762
20.526 0.381762
20.586 0.381762
20.646 0.381762
20.706 0.381762
20.766 0.381762
20.826 0.381762
20.886 0.381762
20.946 0.381762
21.006 0.381762
21.066 0.381762
21.126 0.381762
21.186 0.381762
21.246 0.381762
21.306 0.381762
21.366 0.381762
21.426 0.381762
21.486 0.381762
21.546 0.381762
21.606 0.381762
21.666 0.381762
21.726 0.381762
21.786 0.381762
21.846 0.381762
21.906 0.381762
21.966 0.381762
22.026 0.381762
22.086 0.381762
22.146 0.381762
22.206 0.381762
22.266 0.381762
22.326 0.381762
22.386 0.381762
22.446 0.381762
22.506 0.381762
22.566 0.381762
22.626 0.381762
22.686 0.381762
22.746 0.381762
22.806 0.381762
22.866 0.381762
22.926 0.381762
22.986 0.381762
23.046 0.381762
23.106 0.381762
23.166 0.381762
23.226 0.381762
23.286 0.381762
23.346 0.381762
23.406 0.381762
23.466 0.381762
23.526 0.381762
23.586 0.381762
23.646 0.381762
23.706 0.381762
23.766 0.381762
23.826 0.381762
23.886 0.381762
23.946 0.381762
24.006 0.381762
24.066 0.381762
24.126 0.381762
24.186 0.381762
24.246 0.381762
24.306 0.381762
24.366 0.381762
24.426 0.381762
24.486 0.381762
24.546 0.381762
24.606 0.381762
24.666 0.381762
24.726 0.381762
24.786 0.381762
24.846 0.381762
24.906 0.381762
24.966 0.381762
25.026 0.381762
25.086 0.381762
25.146 0.381762
25.206 0.381762
25.266 0.381762
25.326 0.381762
25.386 0.381762
25.446 0.381762
25.506 0.381762
25.566 0.381762
25.626 0.381762
25.686 0.381762
25.746 0.381762
25.806 0.381762
25.866 0.381762
25.926 0.381762
25.986 0.381762
26.046 0.381762
26.106 0.381762
26.166 0.381762
26.226 0.381762
26.286 0.381762
26.346 0.381762
26.406 0.381762
26.466 0.381762
26.526 0.381762
26.586 0.381762
26.646 0.381762
26.706 0.381762
26.766 0.381762
26.826 0.381762
26.886 0.381762
26.946 0.381762
27.006 0.381762
27.066 0.381762
27.126 0.381762
27.186 0.381762
27.246 0.381762
27.306 0.381762
27.366 0.381762
27.426 0.381762
27.486 0.381762
27.546 0.381762
27.606 0.381762
27.666 0.381762
27.726 0.381762
27.786 0.381762
27.846 0.381762
27.906 0.381762
27.966 0.381762
28.026 0.381762
28.086 0.381762
28.146 0.381762
28.206 0.381762
28.266 0.381762
28.326 0.381762
28.386 0.381762
28.446 0.381762
28.506 0.381762
28.566 0.381762
28.626 0.381762
28.686 0.381762
28.746 0.381762
28.806 0.381762
28.866 0.381762
28.926 0.381762
28.986 0.381762
29.046 0.381762
29.106 0.381762
29.166 0.381762
29.226 0.381762
29.286 0.381762
29.346 0.381762
29.406 0.381762
29.466 0.381762
29.526 0.381762
29.586 0.381762
29.646 0.381762
29.706 0.381762
29.766 0.381762
29.826 0.381762
29.886 0.381762
29.946 0.381762
30.006 0.381762
30.066 0.381762
30.126 0.381762
30.186 0.381762
30.246 0.381762
30.306 0.381762
30.366 0.381762
30.426 0.381762
30.486 0.381762
30.546 0.381762
30.606 0.381762
30.666 0.381762
30.726 0.381762
30.786 0.381762
30.846 0.381762
30.906 0.381762
30.966 0.381762
31.026 0.381762
31.086 0.381762
31.146 0.381762
31.206 0.381762
31.266 0.381762
31.326 0.381762
31.386 0.381762
31.446 0.381762
31.506 0.381762
31.566 0.381762
31.626 0.381762
31.686 0.381762
31.746 0.381762
31.806 0.381762
31.866 0.381762
31.926 0.381762
31.986 0.381762
32.046 0.381762
32.106 0.381762
32.166 0.381762
32.226 0.381762
32.286 0.381762
32.346 0.381762
32.406 0.381762
32.466 0.381762
32.526 0.381762
32.586 0.381762
32.646 0.381762
32.706 0.381762
32.766 0.381762
32.826 0.381762
32.886 0.381762
32.946 0.381762
33.006 0.381762
33.066 0.381762
33.126 0.381762
33.186 0.381762
33.246 0.381762
33.306 0.381762
33.366 0.381762
33.426 0.381762
33.486 0.381762
33.546 0.381762
33.606 0.381762
33.666 0.381762
33.726 0.381762
33.786 0.381762
33.846 0.381762
33.906 0.381762
33.966 0.381762
34.026 0.381762
34.086 0.381762
34.146 0.381762
34.206 0.381762
34.266 0.381762
34.326 0.381762
34.386 0.381762
34.446 0.381762
34.506 0.381762
34.566 0.381762
34.626 0.381762
34.686 0.381762
34.746 0.381762
34.806 0.381762
34.866 0.381762
34.926 0.381762
34.986 0.381762
35.046 0.381762
35.106 0.381762
35.166 0.381762
35.226 0.381762
35.286 0.381762
35.346 0.381762
35.406 0.381762
35.466 0.381762
35.526 0.381762
35.586 0.381762
35.646 0.381762
35.706 0.381762
35.766 0.381762
35.826 0.381762
35.886 0.381762
35.946 0.381762
36.006 0.381762
36.066 0.381762
36.126 0.381762
36.186 0.381762
36.246 0.381762
36.306 0.381762
36.366 0.381762
36.426 0.381762
36.486 0.381762
36.546 0.381762
36.606 0.381762
36.666 0.381762
36.726 0.381762
36.786 0.381762
36.846 0.381762
36.906 0.381762
36.966 0.381762
37.026 0.381762
37.086 0.381762
37.146 0.381762
37.206 0.381762
37.266 0.381762
37.326 0.381762
37.386 0.381762
37.446 0.381762
37.506 0.381762
37.566 0.381762
37.626 0.381762
37.686 0.381762
37.746 0.381762
37.806 0.381762
37.866 0.381762
37.926 0.381762
37.986 0.381762
38.046 0.381762
38.106 0.381762
38.166 0.381762
38.226 0.381762
38.286 0.381762
38.346 0.381762
38.406 0.381762
38.466 0.381762
38.526 0.381762
38.586 0.381762
38.646 0.381762
38.706 0.381762
38.766 0.381762
38.826 0.381762
38.886 0.381762
38.946 0.381762
39.006 0.381762
39.066 0.381762
39.126 0.381762
39.186 0.381762
39.246 0.381762
39.306 0.381762
39.366 0.381762
39.426 0.381762
39.486 0.381762
39.546 0.381762
39.606 0.381762
39.666 0.381762
39.726 0.381762
39.786 0.381762
39.846 0.381762
39.906 0.381762
39.966 0.381762
40.026 0.381762
40.086 0.381762
40.146 0.381762
40.206 0.381762
40.266 0.381762
40.326 0.381762
40.386 0.381762
40.446 0.381762
40.506 0.381762
40.566 0.381762
40.626 0.381762
40.686 0.381762
40.746 0.381762
40.806 0.381762
40.866 0.381762
40.926 0.381762
40.986 0.381762
41.046 0.381762
41.106 0.381762
41.166 0.381762
41.226 0.381762
41.286 0.381762
41.346 0.381762
41.406 0.381762
41.466 0.381762
41.526 0.381762
41.586 0.381762
41.646 0.381762
41.706 0.381762
41.766 0.381762
41.826 0.381762
41.886 0.381762
41.946 0.381762
42.006 0.381762
42.066 0.381762
42.126 0.381762
42.186 0.381762
42.246 0.381762
42.306 0.381762
42.366 0.381762
42.426 0.381762
42.486 0.381762
42.546 0.381762
42.606 0.381762
42.666 0.381762
42.726 0.381762
42.786 0.381762
42.846 0.381762
42.906 0.381762
42.966 0.381762
43.026 0.381762
43.086 0.381762
43.146 0.381762
43.206 0.381762
43.266 0.381762
43.326 0.381762
43.386 0.381762
43.446 0.381762
43.506 0.381762
43.566 0.381762
43.626 0.381762
43.686 0.381762
43.746 0.381762
43.806 0.381762
43.866 0.381762
43.926 0.381762
43.986 0.381762
44.046 0.381762
44.106 0.381762
44.166 0.381762
44.226 0.381762
44.286 0.381762
44.346 0.381762
44.406 0.381762
44.466 0.381762
44.526 0.381762
44.586 0.381762
44.646 0.381762
44.706 0.381762
44.766 0.381762
44.826 0.381762
44.886 0.381762
44.946 0.381762
45.006 0.381762
45.066 0.381762
45.126 0.381762
45.186 0.381762
45.246 0.381762
45.306 0.381762
45.366 0.381762
45.426 0.381762
45.486 0.381762
45.546 0.381762
45.606 0.381762
45.666 0.381762
45.726 0.381762
45.786 0.381762
45.846 0.381762
45.906 0.381762
45.966 0.381762
46.026 0.381762
46.086 0.381762
46.146 0.381762
46.206 0.381762
46.266 0.381762
46.326 0.381762
46.386 0.381762
46.446 0.381762
46.506 0.381762
46.566 0.381762
46.626 0.381762
46.686 0.381762
46.746 0.381762
46.806 0.381762
46.866 0.381762
46.926 0.381762
46.986 0.381762
47.046 0.381762
47.106 0.381762
47.166 0.381762
47.226 0.381762
47.286 0.381762
47.346 0.381762
47.406 0.381762
47.466 0.381762
47.526 0.381762
47.586 0.381762
47.646 0.381762
47.706 0.381762
47.766 0.381762
47.826 0.381762
47.886 0.381762
47.946 0.381762
48.006 0.381762
48.066 0.381762
48.126 0.381762
48.186 0.381762
48.246 0.381762
48.306 0.381762
48.366 0.381762
48.426 0.381762
48.486 0.381762
48.546 0.381762
48.606 0.381762
48.666 0.381762
48.726 0.381762
48.786 0.381762
48.846 0.381762
48.906 0.381762
48.966 0.381762
49.026 0.381762
49.086 0.381762
49.146 0.381762
49.206 0.381762
49.266 0.381762
49.326 0.381762
49.386 0.381762
49.446 0.381762
49.506 0.381762
49.566 0.381762
49.626 0.381762
49.686 0.381762
49.746 0.381762
49.806 0.381762
49.866 0.381762
49.926 0.381762
49.986 0.381762
50.046 0.381762
50.106 0.381762
50.166 0.381762
50.226 0.381762
50.286 0.381762
50.346 0.381762
50.406 0.381762
50.466 0.381762
50.526 0.381762
50.586 0.381762
50.646 0.381762
50.706 0.381762
50.766 0.381762
50.826 0.381762
50.886 0.381762
50.946 0.381762
51.006 0.381762
51.066 0.381762
51.126 0.381762
51.186 0.381762
51.246 0.381762
51.306 0.381762
51.366 0.381762
51.426 0.381762
51.486 0.381762
51.546 0.381762
51.606 0.381762
51.666 0.381762
51.726 0.381762
51.786 0.381762
51.846 0.381762
51.906 0.381762
51.966 0.381762
52.026 0.381762
52.086 0.381762
52.146 0.381762
52.206 0.381762
52.266 0.381762
52.326 0.381762
52.386 0.381762
52.446 0.381762
52.506 0.381762
52.566 0.381762
52.626 0.381762
52.686 0.381762
52.746 0.381762
52.806 0.381762
52.866 0.381762
52.926 0.381762
52.986 0.381762
53.046 0.381762
53.106 0.381762
53.166 0.381762
53.226 0.381762
53.286 0.381762
53.346 0.381762
53.406 0.381762
53.466 0.381762
53.526 0.381762
53.586 0.381762
53.646 0.381762
53.706 0.381762
53.766 0.381762
53.826 0.381762
53.886 0.381762
53.946 0.381762
54.006 0.381762
54.066 0.381762
54.126 0.381762
54.186 0.381762
54.246 0.381762
54.306 0.381762
54.366 0.381762
54.426 0.381762
54.486 0.381762
54.546 0.381762
54.606 0.381762
54.666 0.381762
54.726 0.381762
54.786 0.381762
54.846 0.381762
54.906 0.381762
54.966 0.381762
55.026 0.381762
55.086 0.381762
55.146 0.381762
55.206 0.381762
55.266 0.381762
55.326 0.381762
55.386 0.381762
55.446 0.381762
55.506 0.381762
55.566 0.381762
55.626 0.381762
55.686 0.381762
55.746 0.381762
55.806 0.381762
55.866 0.381762
55.926 0.381762
55.986 0.381762
56.046 0.381762
56.106 0.381762
56.166 0.381762
56.226 0.381762
56.286 0.381762
56.346 0.381762
56.406 0.381762
56.466 0.381762
56.526 0.381762
56.586 0.381762
56.646 0.381762
56.706 0.381762
56.766 0.381762
56.826 0.381762
56.886 0.381762
56.946 0.381762
57.006 0.381762
57.066 0.381762
57.126 0.381762
57.186 0.381762
57.246 0.381762
57.306 0.381762
57.366 0.381762
57.426 0.381762
57.486 0.381762
57.546 0.381762
57.606 0.381762
57.666 0.381762
57.726 0.381762
57.786 0.381762
57.846 0.381762
57.906 0.381762
57.966 0.381762
58.026 0.381762
58.086 0.381762
58.146 0.381762
58.206 0.381762
58.266 0.381762
58.326 0.381762
58.386 0.381762
58.446 0.381762
58.506 0.381762
58.566 0.381762
58.626 0.381762
58.686 0.381762
58.746 0.381762
58.806 0.381762
58.866 0.381762
58.926 0.381762
58.986 0.381762
59.046 0.381762
59.106 0.381762
59.166 0.381762
59.226 0.381762
59.286 0.381762
59.346 0.381762
59.406 0.381762
59.466 0.381762
59.526 0.381762
59.586 0.381762
59.646 0.381762
59.706 0.381762
59.766 0.381762
59.826 0.381762
59.886 0.381762
59.946 0.381762

