0.006 0
0.066 7.41062e-06
0.126 5.15323e-05
0.186 0.000165452
0.246 0.00038172
0.306 0.000732105
0.366 0.00124735
0.426 0.00195695
0.486 0.00288891
0.546 0.00406958
0.606 0.00552343
0.666 0.00727291
0.726 0.00933829
0.786 0.0117375
0.846 0.0144861
0.906 0.017597
0.966 0.0210808
1.026 0.0249452
1.086 0.0291955
1.146 0.0338343
1.206 0.0388614
1.266 0.0442743
1.326 0.0500679
1.386 0.0562347
1.446 0.0627649
1.506 0.0696465
1.566 0.0768653
1.626 0.0844055
1.686 0.0922491
1.746 0.100377
1.806 0.108768
1.866 0.1174
1.926 0.12625
1.986 0.135293
2.046 0.144505
2.106 0.153859
2.166 0.163331
2.226 0.172893
2.286 0.182546
2.346 0.192303
2.406 0.202144
2.466 0.212049
2.526 0.221998
2.586 0.231973
2.646 0.241955
2.706 0.251927
2.766 0.261872
2.826 0.271774
2.886 0.281617
2.946 0.291387
3.006 0.30107
3.066 0.310654
3.126 0.320127
3.186 0.329477
3.246 0.338694
3.306 0.34777
3.366 0.356697
3.426 0.365466
3.486 0.374071
3.546 0.382506
3.606 0.390767
3.666 0.398848
3.726 0.406747
3.786 0.41446
3.846 0.421986
3.906 0.429322
3.966 0.436468
4.026 0.443423
4.086 0.450187
4.146 0.45676
4.206 0.463143
4.266 0.469338
4.326 0.475345
4.386 0.481168
4.446 0.486808
4.506 0.492268
4.566 0.49755
4.626 0.502658
4.686 0.507594
4.746 0.512362
4.806 0.516966
4.866 0.521408
4.926 0.525692
4.986 0.529823
5.046 0.533803
5.106 0.537638
5.166 0.54133
5.226 0.544883
5.286 0.548302
5.346 0.55159
5.406 0.554751
5.466 0.55779
5.526 0.560709
5.586 0.563512
5.646 0.566204
5.706 0.568788
5.766 0.571267
5.826 0.573645
5.886 0.575926
5.946 0.578112
6.006 0.580208
6.066 0.582216
6.126 0.58414
6.186 0.585983
6.246 0.587747
6.306 0.589437
6.366 0.591053
6.426 0.5926
6.486 0.59408
6.546 0.595496
6.606 0.596849
6.666 0.598143
6.726 0.59938
6.786 0.600563
6.846 0.601693
6.906 0.602772
6.966 0.603803
7.026 0.604788
7.086 0.605728
7.146 0.606626
7.206 0.607483
7.266 0.608301
7.326 0.609082
7.386 0.609826
7.446 0.610537
7.506 0.611214
7.566 0.611861
7.626 0.612477
7.686 0.613065
7.746 0.613625
7.806 0.614159
7.866 0.614668
7.926 0.615153
7.986 0.615615
8.046 0.616056
8.106 0.616475
8.166 0.616875
8.226 0.617255
8.286 0.617618
8.346 0.617963
8.406 0.618291
8.466 0.618604
8.526 0.618902
8.586 0.619185
8.646 0.619455
8.706 0.619711
8.766 0.619955
8.826 0.620188
8.886 0.620408
8.946 0.620619
9.006 0.620818
9.066 0.621008
9.126 0.621189
9.186 0.621361
9.246 0.621524
9.306 0.621679
9.366 0.621827
9.426 0.621967
9.486 0.622101
9.546 0.622227
9.606 0.622347
9.666 0.622462
9.726 0.62257
9.786 0.622673
9.846 0.622771
9.906 0.622864
9.966 0.622953
10.026 0.623036
10.086 0.623116
10.146 0.623192
10.206 0.623263
10.266 0.623331
10.326 0.623396
10.386 0.623457
10.446 0.623515
10.506 0.62357
10.566 0.623623
10.626 0.623672
10.686 0.623719
10.746 0.623764
10.806 0.623806
10.866 0.623846
10.926 0.623884
10.986 0.62392
11.046 0.623954
11.106 0.623986
11.166 0.624017
11.226 0.624046
11.286 0.624073
11.346 0.624099
11.406 0.624124
11.466 0.624147
11.526 0.624169
11.586 0.62419
11.646 0.624209
11.706 0.624228
11.766 0.624246
11.826 0.624262
11.886 0.624278
11.946 0.624293
12.006 0.624307
12.066 0.62432
12.126 0.624332
12.186 0.624344
12.246 0.624355
12.306 0.624366
12.366 0.624375
12.426 0.624385
12.486 0.624393
12.546 0.624402
12.606 0.624409
12.666 0.624417
12.726 0.624424
12.786 0.62443
12.846 0.624436
12.906 0.624442
12.966 0.624447
13.026 0.624452
13.086 0.624457
13.146 0.624461
13.206 0.624465
13.266 0.624469
13.326 0.624472
13.386 0.624476
13.446 0.624479
13.506 0.624482
13.566 0.624484
13.626 0.624487
13.686 0.624489
13.746 0.624491
13.806 0.624493
13.866 0.624495
13.926 0.624497
13.986 0.624498
14.046 0.6245
14.106 0.624501
14.166 0.624502
14.226 0.624503
14.286 0.624505
14.346 0.624505
14.406 0.624506
14.466 0.624507
14.526 0.624508
14.586 0.624508
14.646 0.624509
14.706 0.62451
14.766 0.62451
14.826 0.62451
14.886 0.624511
14.946 0.624511
15.006 0.624512
15.066 0.624512
15.126 0.624512
15.186 0.624513
15.246 0.624513
15.306 0.624513
15.366 0.624513
15.426 0.624513
15.486 0.624513
15.546 0.624513
15.606 0.624513
15.666 0.624513
15.726 0.624513
15.786 0.624513
15.846 0.624513
15.906 0.624513
15.966 0.624513
16.026 0.624513
16.086 0.624513
16.146 0.624513
16.206 0.624513
16.266 0.624513
16.326 0.624513
16.386 0.624513
16.446 0.624513
16.506 0.624513
16.566 0.624513
16.626 0.624513
16.686 0.624513
16.746 0.624513
16.806 0.624513
16.866 0.624513
16.926 0.624513
16.986 0.624513
17.046 0.624513
17.106 0.624513
17.166 0.624513
17.226 0.624513
17.286 0.624513
17.346 0.624513
17.406 0.624513
17.466 0.624513
17.526 0.624513
17.586 0.624513
17.646 0.624513
17.706 0.624513
17.766 0.624513
17.826 0.624513
17.886 0.624513
17.946 0.624513
18.006 0.624513
18.066 0.624513
18.126 0.624513
18.186 0.624513
18.246 0.624513
18.306 0.624513
18.366 0.624513
18.426 0.624513
18.486 0.624513
18.546 0.624513
18.606 0.624513
18.666 0.624513
18.726 0.624513
18.786 0.624513
18.846 0.624513
18.906 0.624513
18.966 0.624513
19.026 0.624513
19.086 0.624513
19.146 0.624513
19.206 0.624513
19.266 0.624513
19.326 0.624513
19.386 0.624513
19.446 0.624513
19.506 0.624513
19.566 0.624513
19.626 0.624513
19.686 0.624513
19.746 0.624513
19.806 0.624513
19.866 0.624513
19.926 0.624513
19.986 0.624513
20.046 0.624513
20.106 0.624513
20.166 0.624513
20.226 0.624513
20.286 0.624513
20.346 0.624513
20.406 0.624513
20.466 0.624513
20.526 0.624513
20.586 0.624513
20.646 0.624513
20.706 0.624513
20.766 0.624513
20.826 0.624513
20.886 0.624513
20.946 0.624513
21.006 0.624513
21.066 0.624513
21.126 0.624513
21.186 0.624513
21.246 0.624513
21.306 0.624513
21.366 0.624513
21.426 0.624513
21.486 0.624513
21.546 0.624513
21.606 0.624513
21.666 0.624513
21.726 0.624513
21.786 0.624513
21.846 0.624513
21.906 0.624513
21.966 0.624513
22.026 0.624513
22.086 0.624513
22.146 0.624513
22.206 0.624513
22.266 0.624513
22.326 0.624513
22.386 0.624513
22.446 0.624513
22.506 0.624513
22.566 0.624513
22.626 0.624513
22.686 0.624513
22.746 0.624513
22.806 0.624513
22.866 0.624513
22.926 0.624513
22.986 0.624513
23.046 0.624513
23.106 0.624513
23.166 0.624513
23.226 0.624513
23.286 0.624513
23.346 0.624513
23.406 0.624513
23.466 0.624513
23.526 0.624513
23.586 0.624513
23.646 0.624513
23.706 0.624513
23.766 0.624513
23.826 0.624513
23.886 0.624513
23.946 0.624513
24.006 0.624513
24.066 0.624513
24.126 0.624513
24.186 0.624513
24.246 0.624513
24.306 0.624513
24.366 0.624513
24.426 0.624513
24.486 0.624513
24.546 0.624513
24.606 0.624513
24.666 0.624513
24.726 0.624513
24.786 0.624513
24.846 0.624513
24.906 0.624513
24.966 0.624513
25.026 0.624513
25.086 0.624513
25.146 0.624513
25.206 0.624513
25.266 0.624513
25.326 0.624513
25.386 0.624513
25.446 0.624513
25.506 0.624513
25.566 0.624513
25.626 0.624513
25.686 0.624513
25.746 0.624513
25.806 0.624513
25.866 0.624513
25.926 0.624513
25.986 0.624513
26.046 0.624513
26.106 0.624513
26.166 0.624513
26.226 0.624513
26.286 0.624513
26.346 0.624513
26.406 0.624513
26.466 0.624513
26.526 0.624513
26.586 0.624513
26.646 0.624513
26.706 0.624513
26.766 0.624513
26.826 0.624513
26.886 0.624513
26.946 0.624513
27.006 0.624513
27.066 0.624513
27.126 0.624513
27.186 0.624513
27.246 0.624513
27.306 0.624513
27.366 0.624513
27.426 0.624513
27.486 0.624513
27.546 0.624513
27.606 0.624513
27.666 0.624513
27.726 0.624513
27.786 0.624513
27.846 0.624513
27.906 0.624513
27.966 0.624513
28.026 0.624513
28.086 0.624513
28.146 0.624513
28.206 0.624513
28.266 0.624513
28.326 0.624513
28.386 0.624513
28.446 0.624513
28.506 0.624513
28.566 0.624513
28.626 0.624513
28.686 0.624513
28.746 0.624513
28.806 0.624513
28.866 0.624513
28.926 0.624513
28.986 0.624513
29.046 0.624513
29.106 0.624513
29.166 0.624513
29.226 0.624513
29.286 0.624513
29.346 0.624513
29.406 0.624513
29.466 0.624513
29.526 0.624513
29.586 0.624513
29.646 0.624513
29.706 0.624513
29.766 0.624513
29.826 0.624513
29.886 0.624513
29.946 0.624513
30.006 0.624513
30.066 0.624513
30.126 0.624513
30.186 0.624513
30.246 0.624513
30.306 0.624513
30.366 0.624513
30.426 0.624513
30.486 0.624513
30.546 0.624513
30.606 0.624513
30.666 0.624513
30.726 0.624513
30.786 0.624513
30.846 0.624513
30.906 0.624513
30.966 0.624513
31.026 0.624513
31.086 0.624513
31.146 0.624513
31.206 0.624513
31.266 0.624513
31.326 0.624513
31.386 0.624513
31.446 0.624513
31.506 0.624513
31.566 0.624513
31.626 0.624513
31.686 0.624513
31.746 0.624513
31.806 0.624513
31.866 0.624513
31.926 0.624513
31.986 0.624513
32.046 0.624513
32.106 0.624513
32.166 0.624513
32.226 0.624513
32.286 0.624513
32.346 0.624513
32.406 0.624513
32.466 0.624513
32.526 0.624513
32.586 0.624513
32.646 0.624513
32.706 0.624513
32.766 0.624513
32.826 0.624513
32.886 0.624513
32.946 0.624513
33.006 0.624513
33.066 0.624513
33.126 0.624513
33.186 0.624513
33.246 0.624513
33.306 0.624513
33.366 0.624513
33.426 0.624513
33.486 0.624513
33.546 0.624513
33.606 0.624513
33.666 0.624513
33.726 0.624513
33.786 0.624513
33.846 0.624513
33.906 0.624513
33.966 0.624513
34.026 0.624513
34.086 0.624513
34.146 0.624513
34.206 0.624513
34.266 0.624513
34.326 0.624513
34.386 0.624513
34.446 0.624513
34.506 0.624513
34.566 0.624513
34.626 0.624513
34.686 0.624513
34.746 0.624513
34.806 0.624513
34.866 0.624513
34.926 0.624513
34.986 0.624513
35.046 0.624513
35.106 0.624513
35.166 0.624513
35.226 0.624513
35.286 0.624513
35.346 0.624513
35.406 0.624513
35.466 0.624513
35.526 0.624513
35.586 0.624513
35.646 0.624513
35.706 0.624513
35.766 0.624513
35.826 0.624513
35.886 0.624513
35.946 0.624513
36.006 0.624513
36.066 0.624513
36.126 0.624513
36.186 0.624513
36.246 0.624513
36.306 0.624513
36.366 0.624513
36.426 0.624513
36.486 0.624513
36.546 0.624513
36.606 0.624513
36.666 0.624513
36.726 0.624513
36.786 0.624513
36.846 0.624513
36.906 0.624513
36.966 0.624513
37.026 0.624513
37.086 0.624513
37.146 0.624513
37.206 0.624513
37.266 0.624513
37.326 0.624513
37.386 0.624513
37.446 0.624513
37.506 0.624513
37.566 0.624513
37.626 0.624513
37.686 0.624513
37.746 0.624513
37.806 0.624513
37.866 0.624513
37.926 0.624513
37.986 0.624513
38.046 0.624513
38.106 0.624513
38.166 0.624513
38.226 0.624513
38.286 0.624513
38.346 0.624513
38.406 0.624513
38.466 0.624513
38.526 0.624513
38.586 0.624513
38.646 0.624513
38.706 0.624513
38.766 0.624513
38.826 0.624513
38.886 0.624513
38.946 0.624513
39.006 0.624513
39.066 0.624513
39.126 0.624513
39.186 0.624513
39.246 0.624513
39.306 0.624513
39.366 0.624513
39.426 0.624513
39.486 0.624513
39.546 0.624513
39.606 0.624513
39.666 0.624513
39.726 0.624513
39.786 0.624513
39.846 0.624513
39.906 0.624513
39.966 0.624513
40.026 0.624513
40.086 0.624513
40.146 0.624513
40.206 0.624513
40.266 0.624513
40.326 0.624513
40.386 0.624513
40.446 0.624513
40.506 0.624513
40.566 0.624513
40.626 0.624513
40.686 0.624513
40.746 0.624513
40.806 0.624513
40.866 0.624513
40.926 0.624513
40.986 0.624513
41.046 0.624513
41.106 0.624513
41.166 0.624513
41.226 0.624513
41.286 0.624513
41.346 0.624513
41.406 0.624513
41.466 0.624513
41.526 0.624513
41.586 0.624513
41.646 0.624513
41.706 0.624513
41.766 0.624513
41.826 0.624513
41.886 0.624513
41.946 0.624513
42.006 0.624513
42.066 0.624513
42.126 0.624513
42.186 0.624513
42.246 0.624513
42.306 0.624513
42.366 0.624513
42.426 0.624513
42.486 0.624513
42.546 0.624513
42.606 0.624513
42.666 0.624513
42.726 0.624513
42.786 0.624513
42.846 0.624513
42.906 0.624513
42.966 0.624513
43.026 0.624513
43.086 0.624513
43.146 0.624513
43.206 0.624513
43.266 0.624513
43.326 0.624513
43.386 0.624513
43.446 0.624513
43.506 0.624513
43.566 0.624513
43.626 0.624513
43.686 0.624513
43.746 0.624513
43.806 0.624513
43.866 0.624513
43.926 0.624513
43.986 0.624513
44.046 0.624513
44.106 0.624513
44.166 0.624513
44.226 0.624513
44.286 0.624513
44.346 0.624513
44.406 0.624513
44.466 0.624513
44.526 0.624513
44.586 0.624513
44.646 0.624513
44.706 0.624513
44.766 0.624513
44.826 0.624513
44.886 0.624513
44.946 0.624513
45.006 0.624513
45.066 0.624513
45.126 0.624513
45.186 0.624513
45.246 0.624513
45.306 0.624513
45.366 0.624513
45.426 0.624513
45.486 0.624513
45.546 0.624513
45.606 0.624513
45.666 0.624513
45.726 0.624513
45.786 0.624513
45.846 0.624513
45.906 0.624513
45.966 0.624513
46.026 0.624513
46.086 0.624513
46.146 0.624513
46.206 0.624513
46.266 0.624513
46.326 0.624513
46.386 0.624513
46.446 0.624513
46.506 0.624513
46.566 0.624513
46.626 0.624513
46.686 0.624513
46.746 0.624513
46.806 0.624513
46.866 0.624513
46.926 0.624513
46.986 0.624513
47.046 0.624513
47.106 0.624513
47.166 0.624513
47.226 0.624513
47.286 0.624513
47.346 0.624513
47.406 0.624513
47.466 0.624513
47.526 0.624513
47.586 0.624513
47.646 0.624513
47.706 0.624513
47.766 0.624513
47.826 0.624513
47.886 0.624513
47.946 0.624513
48.006 0.624513
48.066 0.624513
48.126 0.624513
48.186 0.624513
48.246 0.624513
48.306 0.624513
48.366 0.624513
48.426 0.624513
48.486 0.624513
48.546 0.624513
48.606 0.624513
48.666 0.624513
48.726 0.624513
48.786 0.624513
48.846 0.624513
48.906 0.624513
48.966 0.624513
49.026 0.624513
49.086 0.624513
49.146 0.624513
49.206 0.624513
49.266 0.624513
49.326 0.624513
49.386 0.624513
49.446 0.624513
49.506 0.624513
49.566 0.624513
49.626 0.624513
49.686 0.624513
49.746 0.624513
49.806 0.624513
49.866 0.624513
49.926 0.624513
49.986 0.624513
50.046 0.624513
50.106 0.624513
50.166 0.624513
50.226 0.624513
50.286 0.624513
50.346 0.624513
50.406 0.624513
50.466 0.624513
50.526 0.624513
50.586 0.624513
50.646 0.624513
50.706 0.624513
50.766 0.624513
50.826 0.624513
50.886 0.624513
50.946 0.624513
51.006 0.624513
51.066 0.624513
51.126 0.624513
51.186 0.624513
51.246 0.624513
51.306 0.624513
51.366 0.624513
51.426 0.624513
51.486 0.624513
51.546 0.624513
51.606 0.624513
51.666 0.624513
51.726 0.624513
51.786 0.624513
51.846 0.624513
51.906 0.624513
51.966 0.624513
52.026 0.624513
52.086 0.624513
52.146 0.624513
52.206 0.624513
52.266 0.624513
52.326 0.624513
52.386 0.624513
52.446 0.624513
52.506 0.624513
52.566 0.624513
52.626 0.624513
52.686 0.624513
52.746 0.624513
52.806 0.624513
52.866 0.624513
52.926 0.624513
52.986 0.624513
53.046 0.624513
53.106 0.624513
53.166 0.624513
53.226 0.624513
53.286 0.624513
53.346 0.624513
53.406 0.624513
53.466 0.624513
53.526 0.624513
53.586 0.624513
53.646 0.624513
53.706 0.624513
53.766 0.624513
53.826 0.624513
53.886 0.624513
53.946 0.624513
54.006 0.624513
54.066 0.624513
54.126 0.624513
54.186 0.624513
54.246 0.624513
54.306 0.624513
54.366 0.624513
54.426 0.624513
54.486 0.624513
54.546 0.624513
54.606 0.624513
54.666 0.624513
54.726 0.624513
54.786 0.624513
54.846 0.624513
54.906 0.624513
54.966 0.624513
55.026 0.624513
55.086 0.624513
55.146 0.624513
55.206 0.624513
55.266 0.624513
55.326 0.624513
55.386 0.624513
55.446 0.624513
55.506 0.624513
55.566 0.624513
55.626 0.624513
55.686 0.624513
55.746 0.624513
55.806 0.624513
55.866 0.624513
55.926 0.624513
55.986 0.624513
56.046 0.624513
56.106 0.624513
56.166 0.624513
56.226 0.624513
56.286 0.624513
56.346 0.624513
56.406 0.624513
56.466 0.624513
56.526 0.624513
56.586 0.624513
56.646 0.624513
56.706 0.624513
56.766 0.624513
56.826 0.624513
56.886 0.624513
56.946 0.624513
57.006 0.624513
57.066 0.624513
57.126 0.624513
57.186 0.624513
57.246 0.624513
57.306 0.624513
57.366 0.624513
57.426 0.624513
57.486 0.624513
57.546 0.624513
57.606 0.624513
57.666 0.624513
57.726 0.624513
57.786 0.624513
57.846 0.624513
57.906 0.624513
57.966 0.624513
58.026 0.624513
58.086 0.624513
58.146 0.624513
58.206 0.624513
58.266 0.624513
58.326 0.624513
58.386 0.624513
58.446 0.624513
58.506 0.624513
58.566 0.624513
58.626 0.624513
58.686 0.624513
58.746 0.624513
58.806 0.624513
58.866 0.624513
58.926 0.624513
58.986 0.624513
59.046 0.624513
59.106 0.624513
59.166 0.624513
59.226 0.624513
59.286 0.624513
59.346 0.624513
59.406 0.624513
59.466 0.624513
59.526 0.624513
59.586 0.624513
59.646 0.624513
59.706 0.624513
59.766 0.624513
59.826 0.624513
59.886 0.624513
59.946 0.624513

