0.006 0
0.066 0.0155272
0.126 0.0273607
0.186 0.0395554
0.246 0.0519923
0.306 0.0644995
0.366 0.0769567
0.426 0.0892803
0.486 0.10141
0.546 0.1133
0.606 0.124915
0.666 0.136228
0.726 0.147219
0.786 0.157872
0.846 0.168176
0.906 0.178123
0.966 0.187709
1.026 0.196933
1.086 0.205795
1.146 0.2143
1.206 0.222451
1.266 0.230254
1.326 0.237717
1.386 0.244847
1.446 0.251655
1.506 0.258149
1.566 0.264338
1.626 0.270235
1.686 0.275847
1.746 0.281187
1.806 0.286265
1.866 0.29109
1.926 0.295674
1.986 0.300027
2.046 0.304158
2.106 0.308077
2.166 0.311793
2.226 0.315317
2.286 0.318657
2.346 0.321821
2.406 0.324818
2.466 0.327656
2.526 0.330342
2.586 0.332884
2.646 0.33529
2.706 0.337566
2.766 0.339718
2.826 0.341754
2.886 0.343678
2.946 0.345497
3.006 0.347215
3.066 0.348839
3.126 0.350374
3.186 0.351823
3.246 0.353192
3.306 0.354484
3.366 0.355704
3.426 0.356856
3.486 0.357943
3.546 0.358969
3.606 0.359937
3.666 0.360851
3.726 0.361712
3.786 0.362525
3.846 0.363292
3.906 0.364014
3.966 0.364696
4.026 0.365338
4.086 0.365944
4.146 0.366515
4.206 0.367053
4.266 0.36756
4.326 0.368037
4.386 0.368487
4.446 0.368911
4.506 0.36931
4.566 0.369686
4.626 0.37004
4.686 0.370373
4.746 0.370686
4.806 0.370982
4.866 0.371259
4.926 0.371521
4.986 0.371767
5.046 0.371998
5.106 0.372215
5.166 0.37242
5.226 0.372612
5.286 0.372793
5.346 0.372963
5.406 0.373123
5.466 0.373273
5.526 0.373414
5.586 0.373546
5.646 0.37367
5.706 0.373787
5.766 0.373897
5.826 0.373999
5.886 0.374096
5.946 0.374186
6.006 0.374271
6.066 0.37435
6.126 0.374425
6.186 0.374494
6.246 0.37456
6.306 0.374621
6.366 0.374678
6.426 0.374731
6.486 0.374781
6.546 0.374828
6.606 0.374872
6.666 0.374912
6.726 0.37495
6.786 0.374986
6.846 0.375019
6.906 0.37505
6.966 0.375078
7.026 0.375105
7.086 0.37513
7.146 0.375153
7.206 0.375174
7.266 0.375194
7.326 0.375212
7.386 0.375229
7.446 0.375245
7.506 0.375259
7.566 0.375272
7.626 0.375285
7.686 0.375296
7.746 0.375307
7.806 0.375316
7.866 0.375325
7.926 0.375333
7.986 0.37534
8.046 0.375347
8.106 0.375353
8.166 0.375359
8.226 0.375364
8.286 0.375368
8.346 0.375372
8.406 0.375376
8.466 0.37538
8.526 0.375383
8.586 0.375386
8.646 0.375388
8.706 0.375391
8.766 0.375393
8.826 0.375395
8.886 0.375397
8.946 0.375399
9.006 0.375401
9.066 0.375401
9.126 0.375401
9.186 0.375401
9.246 0.375401
9.306 0.375401
9.366 0.375401
9.426 0.375401
9.486 0.375401
9.546 0.375401
9.606 0.375401
9.666 0.375401
9.726 0.375401
9.786 0.375401
9.846 0.375401
9.906 0.375401
9.966 0.375401
10.026 0.375401
10.086 0.375401
10.146 0.375401
10.206 0.375401
10.266 0.375401
10.326 0.375401
10.386 0.375401
10.446 0.375401
10.506 0.375401
10.566 0.375401
10.626 0.375401
10.686 0.375401
10.746 0.375401
10.806 0.375401
10.866 0.375401
10.926 0.375401
10.986 0.375401
11.046 0.375401
11.106 0.375401
11.166 0.375401
11.226 0.375401
11.286 0.375401
11.346 0.375401
11.406 0.375401
11.466 0.375401
11.526 0.375401
11.586 0.375401
11.646 0.375401
11.706 0.375401
11.766 0.375401
11.826 0.375401
11.886 0.375401
11.946 0.375401
12.006 0.375401
12.066 0.375401
12.126 0.375401
12.186 0.375401
12.246 0.375401
12.306 0.375401
12.366 0.375401
12.426 0.375401
12.486 0.375401
12.546 0.375401
12.606 0.375401
12.666 0.375401
12.726 0.375401
12.786 0.375401
12.846 0.375401
12.906 0.375401
12.966 0.375401
13.026 0.375401
13.086 0.375401
13.146 0.375401
13.206 0.375401
13.266 0.375401
13.326 0.375401
13.386 0.375401
13.446 0.375401
13.506 0.375401
13.566 0.375401
13.626 0.375401
13.686 0.375401
13.746 0.375401
13.806 0.375401
13.866 0.375401
13.926 0.375401
13.986 0.375401
14.046 0.375401
14.106 0.375401
14.166 0.375401
14.226 0.375401
14.286 0.375401
14.346 0.375401
14.406 0.375401
14.466 0.375401
14.526 0.375401
14.586 0.375401
14.646 0.375401
14.706 0.375401
14.766 0.375401
14.826 0.375401
14.886 0.375401
14.946 0.375401
15.006 0.375401
15.066 0.375401
15.126 0.375401
15.186 0.375401
15.246 0.375401
15.306 0.375401
15.366 0.375401
15.426 0.375401
15.486 0.375401
15.546 0.375401
15.606 0.375401
15.666 0.375401
15.726 0.375401
15.786 0.375401
15.846 0.375401
15.906 0.375401
15.966 0.375401
16.026 0.375401
16.086 0.375401
16.146 0.375401
16.206 0.375401
16.266 0.375401
16.326 0.375401
16.386 0.375401
16.446 0.375401
16.506 0.375401
16.566 0.375401
16.626 0.375401
16.686 0.375401
16.746 0.375401
16.806 0.375401
16.866 0.375401
16.926 0.375401
16.986 0.375401
17.046 0.375401
17.106 0.375401
17.166 0.375401
17.226 0.375401
17.286 0.375401
17.346 0.375401
17.406 0.375401
17.466 0.375401
17.526 0.375401
17.586 0.375401
17.646 0.375401
17.706 0.375401
17.766 0.375401
17.826 0.375401
17.886 0.375401
17.946 0.375401
18.006 0.375401
18.066 0.375401
18.126 0.375401
18.186 0.375401
18.246 0.375401
18.306 0.375401
18.366 0.375401
18.426 0.375401
18.486 0.375401
18.546 0.375401
18.606 0.375401
18.666 0.375401
18.726 0.375401
18.786 0.375401
18.846 0.375401
18.906 0.375401
18.966 0.375401
19.026 0.375401
19.086 0.375401
19.146 0.375401
19.206 0.375401
19.266 0.375401
19.326 0.375401
19.386 0.375401
19.446 0.375401
19.506 0.375401
19.566 0.375401
19.626 0.375401
19.686 0.375401
19.746 0.375401
19.806 0.375401
19.866 0.375401
19.926 0.375401
19.986 0.375401
20.046 0.375401
20.106 0.375401
20.166 0.375401
20.226 0.375401
20.286 0.375401
20.346 0.375401
20.406 0.375401
20.466 0.375401
20.526 0.375401
20.586 0.375401
20.646 0.375401
20.706 0.375401
20.766 0.375401
20.826 0.375401
20.886 0.375401
20.946 0.375401
21.006 0.375401
21.066 0.375401
21.126 0.375401
21.186 0.375401
21.246 0.375401
21.306 0.375401
21.366 0.375401
21.426 0.375401
21.486 0.375401
21.546 0.375401
21.606 0.375401
21.666 0.375401
21.726 0.375401
21.786 0.375401
21.846 0.375401
21.906 0.375401
21.966 0.375401
22.026 0.375401
22.086 0.375401
22.146 0.375401
22.206 0.375401
22.266 0.375401
22.326 0.375401
22.386 0.375401
22.446 0.375401
22.506 0.375401
22.566 0.375401
22.626 0.375401
22.686 0.375401
22.746 0.375401
22.806 0.375401
22.866 0.375401
22.926 0.375401
22.986 0.375401
23.046 0.375401
23.106 0.375401
23.166 0.375401
23.226 0.375401
23.286 0.375401
23.346 0.375401
23.406 0.375401
23.466 0.375401
23.526 0.375401
23.586 0.375401
23.646 0.375401
23.706 0.375401
23.766 0.375401
23.826 0.375401
23.886 0.375401
23.946 0.375401
24.006 0.375401
24.066 0.375401
24.126 0.375401
24.186 0.375401
24.246 0.375401
24.306 0.375401
24.366 0.375401
24.426 0.375401
24.486 0.375401
24.546 0.375401
24.606 0.375401
24.666 0.375401
24.726 0.375401
24.786 0.375401
24.846 0.375401
24.906 0.375401
24.966 0.375401
25.026 0.375401
25.086 0.375401
25.146 0.375401
25.206 0.375401
25.266 0.375401
25.326 0.375401
25.386 0.375401
25.446 0.375401
25.506 0.375401
25.566 0.375401
25.626 0.375401
25.686 0.375401
25.746 0.375401
25.806 0.375401
25.866 0.375401
25.926 0.375401
25.986 0.375401
26.046 0.375401
26.106 0.375401
26.166 0.375401
26.226 0.375401
26.286 0.375401
26.346 0.375401
26.406 0.375401
26.466 0.375401
26.526 0.375401
26.586 0.375401
26.646 0.375401
26.706 0.375401
26.766 0.375401
26.826 0.375401
26.886 0.375401
26.946 0.375401
27.006 0.375401
27.066 0.375401
27.126 0.375401
27.186 0.375401
27.246 0.375401
27.306 0.375401
27.366 0.375401
27.426 0.375401
27.486 0.375401
27.546 0.375401
27.606 0.375401
27.666 0.375401
27.726 0.375401
27.786 0.375401
27.846 0.375401
27.906 0.375401
27.966 0.375401
28.026 0.375401
28.086 0.375401
28.146 0.375401
28.206 0.375401
28.266 0.375401
28.326 0.375401
28.386 0.375401
28.446 0.375401
28.506 0.375401
28.566 0.375401
28.626 0.375401
28.686 0.375401
28.746 0.375401
28.806 0.375401
28.866 0.375401
28.926 0.375401
28.986 0.375401
29.046 0.375401
29.106 0.375401
29.166 0.375401
29.226 0.375401
29.286 0.375401
29.346 0.375401
29.406 0.375401
29.466 0.375401
29.526 0.375401
29.586 0.375401
29.646 0.375401
29.706 0.375401
29.766 0.375401
29.826 0.375401
29.886 0.375401
29.946 0.375401
30.006 0.375401
30.066 0.375401
30.126 0.375401
30.186 0.375401
30.246 0.375401
30.306 0.375401
30.366 0.375401
30.426 0.375401
30.486 0.375401
30.546 0.375401
30.606 0.375401
30.666 0.375401
30.726 0.375401
30.786 0.375401
30.846 0.375401
30.906 0.375401
30.966 0.375401
31.026 0.375401
31.086 0.375401
31.146 0.375401
31.206 0.375401
31.266 0.375401
31.326 0.375401
31.386 0.375401
31.446 0.375401
31.506 0.375401
31.566 0.375401
31.626 0.375401
31.686 0.375401
31.746 0.375401
31.806 0.375401
31.866 0.375401
31.926 0.375401
31.986 0.375401
32.046 0.375401
32.106 0.375401
32.166 0.375401
32.226 0.375401
32.286 0.375401
32.346 0.375401
32.406 0.375401
32.466 0.375401
32.526 0.375401
32.586 0.375401
32.646 0.375401
32.706 0.375401
32.766 0.375401
32.826 0.375401
32.886 0.375401
32.946 0.375401
33.006 0.375401
33.066 0.375401
33.126 0.375401
33.186 0.375401
33.246 0.375401
33.306 0.375401
33.366 0.375401
33.426 0.375401
33.486 0.375401
33.546 0.375401
33.606 0.375401
33.666 0.375401
33.726 0.375401
33.786 0.375401
33.846 0.375401
33.906 0.375401
33.966 0.375401
34.026 0.375401
34.086 0.375401
34.146 0.375401
34.206 0.375401
34.266 0.375401
34.326 0.375401
34.386 0.375401
34.446 0.375401
34.506 0.375401
34.566 0.375401
34.626 0.375401
34.686 0.375401
34.746 0.375401
34.806 0.375401
34.866 0.375401
34.926 0.375401
34.986 0.375401
35.046 0.375401
35.106 0.375401
35.166 0.375401
35.226 0.375401
35.286 0.375401
35.346 0.375401
35.406 0.375401
35.466 0.375401
35.526 0.375401
35.586 0.375401
35.646 0.375401
35.706 0.375401
35.766 0.375401
35.826 0.375401
35.886 0.375401
35.946 0.375401
36.006 0.375401
36.066 0.375401
36.126 0.375401
36.186 0.375401
36.246 0.375401
36.306 0.375401
36.366 0.375401
36.426 0.375401
36.486 0.375401
36.546 0.375401
36.606 0.375401
36.666 0.375401
36.726 0.375401
36.786 0.375401
36.846 0.375401
36.906 0.375401
36.966 0.375401
37.026 0.375401
37.086 0.375401
37.146 0.375401
37.206 0.375401
37.266 0.375401
37.326 0.375401
37.386 0.375401
37.446 0.375401
37.506 0.375401
37.566 0.375401
37.626 0.375401
37.686 0.375401
37.746 0.375401
37.806 0.375401
37.866 0.375401
37.926 0.375401
37.986 0.375401
38.046 0.375401
38.106 0.375401
38.166 0.375401
38.226 0.375401
38.286 0.375401
38.346 0.375401
38.406 0.375401
38.466 0.375401
38.526 0.375401
38.586 0.375401
38.646 0.375401
38.706 0.375401
38.766 0.375401
38.826 0.375401
38.886 0.375401
38.946 0.375401
39.006 0.375401
39.066 0.375401
39.126 0.375401
39.186 0.375401
39.246 0.375401
39.306 0.375401
39.366 0.375401
39.426 0.375401
39.486 0.375401
39.546 0.375401
39.606 0.375401
39.666 0.375401
39.726 0.375401
39.786 0.375401
39.846 0.375401
39.906 0.375401
39.966 0.375401
40.026 0.375401
40.086 0.375401
40.146 0.375401
40.206 0.375401
40.266 0.375401
40.326 0.375401
40.386 0.375401
40.446 0.375401
40.506 0.375401
40.566 0.375401
40.626 0.375401
40.686 0.375401
40.746 0.375401
40.806 0.375401
40.866 0.375401
40.926 0.375401
40.986 0.375401
41.046 0.375401
41.106 0.375401
41.166 0.375401
41.226 0.375401
41.286 0.375401
41.346 0.375401
41.406 0.375401
41.466 0.375401
41.526 0.375401
41.586 0.375401
41.646 0.375401
41.706 0.375401
41.766 0.375401
41.826 0.375401
41.886 0.375401
41.946 0.375401
42.006 0.375401
42.066 0.375401
42.126 0.375401
42.186 0.375401
42.246 0.375401
42.306 0.375401
42.366 0.375401
42.426 0.375401
42.486 0.375401
42.546 0.375401
42.606 0.375401
42.666 0.375401
42.726 0.375401
42.786 0.375401
42.846 0.375401
42.906 0.375401
42.966 0.375401
43.026 0.375401
43.086 0.375401
43.146 0.375401
43.206 0.375401
43.266 0.375401
43.326 0.375401
43.386 0.375401
43.446 0.375401
43.506 0.375401
43.566 0.375401
43.626 0.375401
43.686 0.375401
43.746 0.375401
43.806 0.375401
43.866 0.375401
43.926 0.375401
43.986 0.375401
44.046 0.375401
44.106 0.375401
44.166 0.375401
44.226 0.375401
44.286 0.375401
44.346 0.375401
44.406 0.375401
44.466 0.375401
44.526 0.375401
44.586 0.375401
44.646 0.375401
44.706 0.375401
44.766 0.375401
44.826 0.375401
44.886 0.375401
44.946 0.375401
45.006 0.375401
45.066 0.375401
45.126 0.375401
45.186 0.375401
45.246 0.375401
45.306 0.375401
45.366 0.375401
45.426 0.375401
45.486 0.375401
45.546 0.375401
45.606 0.375401
45.666 0.375401
45.726 0.375401
45.786 0.375401
45.846 0.375401
45.906 0.375401
45.966 0.375401
46.026 0.375401
46.086 0.375401
46.146 0.375401
46.206 0.375401
46.266 0.375401
46.326 0.375401
46.386 0.375401
46.446 0.375401
46.506 0.375401
46.566 0.375401
46.626 0.375401
46.686 0.375401
46.746 0.375401
46.806 0.375401
46.866 0.375401
46.926 0.375401
46.986 0.375401
47.046 0.375401
47.106 0.375401
47.166 0.375401
47.226 0.375401
47.286 0.375401
47.346 0.375401
47.406 0.375401
47.466 0.375401
47.526 0.375401
47.586 0.375401
47.646 0.375401
47.706 0.375401
47.766 0.375401
47.826 0.375401
47.886 0.375401
47.946 0.375401
48.006 0.375401
48.066 0.375401
48.126 0.375401
48.186 0.375401
48.246 0.375401
48.306 0.375401
48.366 0.375401
48.426 0.375401
48.486 0.375401
48.546 0.375401
48.606 0.375401
48.666 0.375401
48.726 0.375401
48.786 0.375401
48.846 0.375401
48.906 0.375401
48.966 0.375401
49.026 0.375401
49.086 0.375401
49.146 0.375401
49.206 0.375401
49.266 0.375401
49.326 0.375401
49.386 0.375401
49.446 0.375401
49.506 0.375401
49.566 0.375401
49.626 0.375401
49.686 0.375401
49.746 0.375401
49.806 0.375401
49.866 0.375401
49.926 0.375401
49.986 0.375401
50.046 0.375401
50.106 0.375401
50.166 0.375401
50.226 0.375401
50.286 0.375401
50.346 0.375401
50.406 0.375401
50.466 0.375401
50.526 0.375401
50.586 0.375401
50.646 0.375401
50.706 0.375401
50.766 0.375401
50.826 0.375401
50.886 0.375401
50.946 0.375401
51.006 0.375401
51.066 0.375401
51.126 0.375401
51.186 0.375401
51.246 0.375401
51.306 0.375401
51.366 0.375401
51.426 0.375401
51.486 0.375401
51.546 0.375401
51.606 0.375401
51.666 0.375401
51.726 0.375401
51.786 0.375401
51.846 0.375401
51.906 0.375401
51.966 0.375401
52.026 0.375401
52.086 0.375401
52.146 0.375401
52.206 0.375401
52.266 0.375401
52.326 0.375401
52.386 0.375401
52.446 0.375401
52.506 0.375401
52.566 0.375401
52.626 0.375401
52.686 0.375401
52.746 0.375401
52.806 0.375401
52.866 0.375401
52.926 0.375401
52.986 0.375401
53.046 0.375401
53.106 0.375401
53.166 0.375401
53.226 0.375401
53.286 0.375401
53.346 0.375401
53.406 0.375401
53.466 0.375401
53.526 0.375401
53.586 0.375401
53.646 0.375401
53.706 0.375401
53.766 0.375401
53.826 0.375401
53.886 0.375401
53.946 0.375401
54.006 0.375401
54.066 0.375401
54.126 0.375401
54.186 0.375401
54.246 0.375401
54.306 0.375401
54.366 0.375401
54.426 0.375401
54.486 0.375401
54.546 0.375401
54.606 0.375401
54.666 0.375401
54.726 0.375401
54.786 0.375401
54.846 0.375401
54.906 0.375401
54.966 0.375401
55.026 0.375401
55.086 0.375401
55.146 0.375401
55.206 0.375401
55.266 0.375401
55.326 0.375401
55.386 0.375401
55.446 0.375401
55.506 0.375401
55.566 0.375401
55.626 0.375401
55.686 0.375401
55.746 0.375401
55.806 0.375401
55.866 0.375401
55.926 0.375401
55.986 0.375401
56.046 0.375401
56.106 0.375401
56.166 0.375401
56.226 0.375401
56.286 0.375401
56.346 0.375401
56.406 0.375401
56.466 0.375401
56.526 0.375401
56.586 0.375401
56.646 0.375401
56.706 0.375401
56.766 0.375401
56.826 0.375401
56.886 0.375401
56.946 0.375401
57.006 0.375401
57.066 0.375401
57.126 0.375401
57.186 0.375401
57.246 0.375401
57.306 0.375401
57.366 0.375401
57.426 0.375401
57.486 0.375401
57.546 0.375401
57.606 0.375401
57.666 0.375401
57.726 0.375401
57.786 0.375401
57.846 0.375401
57.906 0.375401
57.966 0.375401
58.026 0.375401
58.086 0.375401
58.146 0.375401
58.206 0.375401
58.266 0.375401
58.326 0.375401
58.386 0.375401
58.446 0.375401
58.506 0.375401
58.566 0.375401
58.626 0.375401
58.686 0.375401
58.746 0.375401
58.806 0.375401
58.866 0.375401
58.926 0.375401
58.986 0.375401
59.046 0.375401
59.106 0.375401
59.166 0.375401
59.226 0.375401
59.286 0.375401
59.346 0.375401
59.406 0.375401
59.466 0.375401
59.526 0.375401
59.586 0.375401
59.646 0.375401
59.706 0.375401
59.766 0.375401
59.826 0.375401
59.886 0.375401
59.946 0.375401

