0.006 0
0.066 0.0158794
0.126 0.0277421
0.186 0.0397435
0.246 0.0519681
0.306 0.0642933
0.366 0.0766093
0.426 0.088831
0.486 0.100893
0.546 0.112744
0.606 0.124344
0.666 0.135662
0.726 0.146673
0.786 0.157358
0.846 0.167703
0.906 0.1777
0.966 0.187341
1.026 0.196625
1.086 0.20555
1.146 0.214118
1.206 0.222335
1.266 0.230204
1.326 0.237732
1.386 0.244928
1.446 0.251799
1.506 0.258355
1.566 0.264606
1.626 0.270561
1.686 0.276231
1.746 0.281627
1.806 0.286757
1.866 0.291634
1.926 0.296267
1.986 0.300666
2.046 0.304842
2.106 0.308804
2.166 0.312562
2.226 0.316124
2.286 0.319501
2.346 0.3227
2.406 0.32573
2.466 0.328599
2.526 0.331316
2.586 0.333887
2.646 0.336319
2.706 0.338621
2.766 0.340797
2.826 0.342855
2.886 0.344801
2.946 0.34664
3.006 0.348378
3.066 0.35002
3.126 0.351571
3.186 0.353036
3.246 0.35442
3.306 0.355727
3.366 0.35696
3.426 0.358125
3.486 0.359224
3.546 0.360261
3.606 0.36124
3.666 0.362163
3.726 0.363034
3.786 0.363856
3.846 0.36463
3.906 0.365361
3.966 0.36605
4.026 0.366699
4.086 0.367311
4.146 0.367888
4.206 0.368432
4.266 0.368944
4.326 0.369427
4.386 0.369881
4.446 0.37031
4.506 0.370713
4.566 0.371093
4.626 0.37145
4.686 0.371787
4.746 0.372104
4.806 0.372402
4.866 0.372683
4.926 0.372947
4.986 0.373195
5.046 0.373429
5.106 0.373649
5.166 0.373855
5.226 0.37405
5.286 0.374232
5.346 0.374404
5.406 0.374565
5.466 0.374717
5.526 0.374859
5.586 0.374993
5.646 0.375119
5.706 0.375236
5.766 0.375347
5.826 0.375451
5.886 0.375548
5.946 0.37564
6.006 0.375725
6.066 0.375805
6.126 0.375881
6.186 0.375951
6.246 0.376017
6.306 0.376079
6.366 0.376137
6.426 0.376191
6.486 0.376241
6.546 0.376288
6.606 0.376333
6.666 0.376374
6.726 0.376412
6.786 0.376448
6.846 0.376482
6.906 0.376513
6.966 0.376542
7.026 0.376569
7.086 0.376594
7.146 0.376617
7.206 0.376639
7.266 0.376659
7.326 0.376677
7.386 0.376694
7.446 0.37671
7.506 0.376725
7.566 0.376739
7.626 0.376751
7.686 0.376763
7.746 0.376773
7.806 0.376783
7.866 0.376792
7.926 0.3768
7.986 0.376808
8.046 0.376814
8.106 0.376821
8.166 0.376826
8.226 0.376831
8.286 0.376836
8.346 0.37684
8.406 0.376844
8.466 0.376848
8.526 0.376851
8.586 0.376854
8.646 0.376857
8.706 0.376859
8.766 0.376861
8.826 0.376863
8.886 0.376865
8.946 0.376867
9.006 0.376869
9.066 0.37687
9.126 0.37687
9.186 0.37687
9.246 0.37687
9.306 0.37687
9.366 0.37687
9.426 0.37687
9.486 0.37687
9.546 0.37687
9.606 0.37687
9.666 0.37687
9.726 0.37687
9.786 0.37687
9.846 0.37687
9.906 0.37687
9.966 0.37687
10.026 0.37687
10.086 0.37687
10.146 0.37687
10.206 0.37687
10.266 0.37687
10.326 0.37687
10.386 0.37687
10.446 0.37687
10.506 0.37687
10.566 0.37687
10.626 0.37687
10.686 0.37687
10.746 0.37687
10.806 0.37687
10.866 0.37687
10.926 0.37687
10.986 0.37687
11.046 0.37687
11.106 0.37687
11.166 0.37687
11.226 0.37687
11.286 0.37687
11.346 0.37687
11.406 0.37687
11.466 0.37687
11.526 0.37687
11.586 0.37687
11.646 0.37687
11.706 0.37687
11.766 0.37687
11.826 0.37687
11.886 0.37687
11.946 0.37687
12.006 0.37687
12.066 0.37687
12.126 0.37687
12.186 0.37687
12.246 0.37687
12.306 0.37687
12.366 0.37687
12.426 0.37687
12.486 0.37687
12.546 0.37687
12.606 0.37687
12.666 0.37687
12.726 0.37687
12.786 0.37687
12.846 0.37687
12.906 0.37687
12.966 0.37687
13.026 0.37687
13.086 0.37687
13.146 0.37687
13.206 0.37687
13.266 0.37687
13.326 0.37687
13.386 0.37687
13.446 0.37687
13.506 0.37687
13.566 0.37687
13.626 0.37687
13.686 0.37687
13.746 0.37687
13.806 0.37687
13.866 0.37687
13.926 0.37687
13.986 0.37687
14.046 0.37687
14.106 0.37687
14.166 0.37687
14.226 0.37687
14.286 0.37687
14.346 0.37687
14.406 0.37687
14.466 0.37687
14.526 0.37687
14.586 0.37687
14.646 0.37687
14.706 0.37687
14.766 0.37687
14.826 0.37687
14.886 0.37687
14.946 0.37687
15.006 0.37687
15.066 0.37687
15.126 0.37687
15.186 0.37687
15.246 0.37687
15.306 0.37687
15.366 0.37687
15.426 0.37687
15.486 0.37687
15.546 0.37687
15.606 0.37687
15.666 0.37687
15.726 0.37687
15.786 0.37687
15.846 0.37687
15.906 0.37687
15.966 0.37687
16.026 0.37687
16.086 0.37687
16.146 0.37687
16.206 0.37687
16.266 0.37687
16.326 0.37687
16.386 0.37687
16.446 0.37687
16.506 0.37687
16.566 0.37687
16.626 0.37687
16.686 0.37687
16.746 0.37687
16.806 0.37687
16.866 0.37687
16.926 0.37687
16.986 0.37687
17.046 0.37687
17.106 0.37687
17.166 0.37687
17.226 0.37687
17.286 0.37687
17.346 0.37687
17.406 0.37687
17.466 0.37687
17.526 0.37687
17.586 0.37687
17.646 0.37687
17.706 0.37687
17.766 0.37687
17.826 0.37687
17.886 0.37687
17.946 0.37687
18.006 0.37687
18.066 0.37687
18.126 0.37687
18.186 0.37687
18.246 0.37687
18.306 0.37687
18.366 0.37687
18.426 0.37687
18.486 0.37687
18.546 0.37687
18.606 0.37687
18.666 0.37687
18.726 0.37687
18.786 0.37687
18.846 0.37687
18.906 0.37687
18.966 0.37687
19.026 0.37687
19.086 0.37687
19.146 0.37687
19.206 0.37687
19.266 0.37687
19.326 0.37687
19.386 0.37687
19.446 0.37687
19.506 0.37687
19.566 0.37687
19.626 0.37687
19.686 0.37687
19.746 0.37687
19.806 0.37687
19.866 0.37687
19.926 0.37687
19.986 0.37687
20.046 0.37687
20.106 0.37687
20.166 0.37687
20.226 0.37687
20.286 0.37687
20.346 0.37687
20.406 0.37687
20.466 0.37687
20.526 0.37687
20.586 0.37687
20.646 0.37687
20.706 0.37687
20.766 0.37687
20.826 0.37687
20.886 0.37687
20.946 0.37687
21.006 0.37687
21.066 0.37687
21.126 0.37687
21.186 0.37687
21.246 0.37687
21.306 0.37687
21.366 0.37687
21.426 0.37687
21.486 0.37687
21.546 0.37687
21.606 0.37687
21.666 0.37687
21.726 0.37687
21.786 0.37687
21.846 0.37687
21.906 0.37687
21.966 0.37687
22.026 0.37687
22.086 0.37687
22.146 0.37687
22.206 0.37687
22.266 0.37687
22.326 0.37687
22.386 0.37687
22.446 0.37687
22.506 0.37687
22.566 0.37687
22.626 0.37687
22.686 0.37687
22.746 0.37687
22.806 0.37687
22.866 0.37687
22.926 0.37687
22.986 0.37687
23.046 0.37687
23.106 0.37687
23.166 0.37687
23.226 0.37687
23.286 0.37687
23.346 0.37687
23.406 0.37687
23.466 0.37687
23.526 0.37687
23.586 0.37687
23.646 0.37687
23.706 0.37687
23.766 0.37687
23.826 0.37687
23.886 0.37687
23.946 0.37687
24.006 0.37687
24.066 0.37687
24.126 0.37687
24.186 0.37687
24.246 0.37687
24.306 0.37687
24.366 0.37687
24.426 0.37687
24.486 0.37687
24.546 0.37687
24.606 0.37687
24.666 0.37687
24.726 0.37687
24.786 0.37687
24.846 0.37687
24.906 0.37687
24.966 0.37687
25.026 0.37687
25.086 0.37687
25.146 0.37687
25.206 0.37687
25.266 0.37687
25.326 0.37687
25.386 0.37687
25.446 0.37687
25.506 0.37687
25.566 0.37687
25.626 0.37687
25.686 0.37687
25.746 0.37687
25.806 0.37687
25.866 0.37687
25.926 0.37687
25.986 0.37687
26.046 0.37687
26.106 0.37687
26.166 0.37687
26.226 0.37687
26.286 0.37687
26.346 0.37687
26.406 0.37687
26.466 0.37687
26.526 0.37687
26.586 0.37687
26.646 0.37687
26.706 0.37687
26.766 0.37687
26.826 0.37687
26.886 0.37687
26.946 0.37687
27.006 0.37687
27.066 0.37687
27.126 0.37687
27.186 0.37687
27.246 0.37687
27.306 0.37687
27.366 0.37687
27.426 0.37687
27.486 0.37687
27.546 0.37687
27.606 0.37687
27.666 0.37687
27.726 0.37687
27.786 0.37687
27.846 0.37687
27.906 0.37687
27.966 0.37687
28.026 0.37687
28.086 0.37687
28.146 0.37687
28.206 0.37687
28.266 0.37687
28.326 0.37687
28.386 0.37687
28.446 0.37687
28.506 0.37687
28.566 0.37687
28.626 0.37687
28.686 0.37687
28.746 0.37687
28.806 0.37687
28.866 0.37687
28.926 0.37687
28.986 0.37687
29.046 0.37687
29.106 0.37687
29.166 0.37687
29.226 0.37687
29.286 0.37687
29.346 0.37687
29.406 0.37687
29.466 0.37687
29.526 0.37687
29.586 0.37687
29.646 0.37687
29.706 0.37687
29.766 0.37687
29.826 0.37687
29.886 0.37687
29.946 0.37687
30.006 0.37687
30.066 0.37687
30.126 0.37687
30.186 0.37687
30.246 0.37687
30.306 0.37687
30.366 0.37687
30.426 0.37687
30.486 0.37687
30.546 0.37687
30.606 0.37687
30.666 0.37687
30.726 0.37687
30.786 0.37687
30.846 0.37687
30.906 0.37687
30.966 0.37687
31.026 0.37687
31.086 0.37687
31.146 0.37687
31.206 0.37687
31.266 0.37687
31.326 0.37687
31.386 0.37687
31.446 0.37687
31.506 0.37687
31.566 0.37687
31.626 0.37687
31.686 0.37687
31.746 0.37687
31.806 0.37687
31.866 0.37687
31.926 0.37687
31.986 0.37687
32.046 0.37687
32.106 0.37687
32.166 0.37687
32.226 0.37687
32.286 0.37687
32.346 0.37687
32.406 0.37687
32.466 0.37687
32.526 0.37687
32.586 0.37687
32.646 0.37687
32.706 0.37687
32.766 0.37687
32.826 0.37687
32.886 0.37687
32.946 0.37687
33.006 0.37687
33.066 0.37687
33.126 0.37687
33.186 0.37687
33.246 0.37687
33.306 0.37687
33.366 0.37687
33.426 0.37687
33.486 0.37687
33.546 0.37687
33.606 0.37687
33.666 0.37687
33.726 0.37687
33.786 0.37687
33.846 0.37687
33.906 0.37687
33.966 0.37687
34.026 0.37687
34.086 0.37687
34.146 0.37687
34.206 0.37687
34.266 0.37687
34.326 0.37687
34.386 0.37687
34.446 0.37687
34.506 0.37687
34.566 0.37687
34.626 0.37687
34.686 0.37687
34.746 0.37687
34.806 0.37687
34.866 0.37687
34.926 0.37687
34.986 0.37687
35.046 0.37687
35.106 0.37687
35.166 0.37687
35.226 0.37687
35.286 0.37687
35.346 0.37687
35.406 0.37687
35.466 0.37687
35.526 0.37687
35.586 0.37687
35.646 0.37687
35.706 0.37687
35.766 0.37687
35.826 0.37687
35.886 0.37687
35.946 0.37687
36.006 0.37687
36.066 0.37687
36.126 0.37687
36.186 0.37687
36.246 0.37687
36.306 0.37687
36.366 0.37687
36.426 0.37687
36.486 0.37687
36.546 0.37687
36.606 0.37687
36.666 0.37687
36.726 0.37687
36.786 0.37687
36.846 0.37687
36.906 0.37687
36.966 0.37687
37.026 0.37687
37.086 0.37687
37.146 0.37687
37.206 0.37687
37.266 0.37687
37.326 0.37687
37.386 0.37687
37.446 0.37687
37.506 0.37687
37.566 0.37687
37.626 0.37687
37.686 0.37687
37.746 0.37687
37.806 0.37687
37.866 0.37687
37.926 0.37687
37.986 0.37687
38.046 0.37687
38.106 0.37687
38.166 0.37687
38.226 0.37687
38.286 0.37687
38.346 0.37687
38.406 0.37687
38.466 0.37687
38.526 0.37687
38.586 0.37687
38.646 0.37687
38.706 0.37687
38.766 0.37687
38.826 0.37687
38.886 0.37687
38.946 0.37687
39.006 0.37687
39.066 0.37687
39.126 0.37687
39.186 0.37687
39.246 0.37687
39.306 0.37687
39.366 0.37687
39.426 0.37687
39.486 0.37687
39.546 0.37687
39.606 0.37687
39.666 0.37687
39.726 0.37687
39.786 0.37687
39.846 0.37687
39.906 0.37687
39.966 0.37687
40.026 0.37687
40.086 0.37687
40.146 0.37687
40.206 0.37687
40.266 0.37687
40.326 0.37687
40.386 0.37687
40.446 0.37687
40.506 0.37687
40.566 0.37687
40.626 0.37687
40.686 0.37687
40.746 0.37687
40.806 0.37687
40.866 0.37687
40.926 0.37687
40.986 0.37687
41.046 0.37687
41.106 0.37687
41.166 0.37687
41.226 0.37687
41.286 0.37687
41.346 0.37687
41.406 0.37687
41.466 0.37687
41.526 0.37687
41.586 0.37687
41.646 0.37687
41.706 0.37687
41.766 0.37687
41.826 0.37687
41.886 0.37687
41.946 0.37687
42.006 0.37687
42.066 0.37687
42.126 0.37687
42.186 0.37687
42.246 0.37687
42.306 0.37687
42.366 0.37687
42.426 0.37687
42.486 0.37687
42.546 0.37687
42.606 0.37687
42.666 0.37687
42.726 0.37687
42.786 0.37687
42.846 0.37687
42.906 0.37687
42.966 0.37687
43.026 0.37687
43.086 0.37687
43.146 0.37687
43.206 0.37687
43.266 0.37687
43.326 0.37687
43.386 0.37687
43.446 0.37687
43.506 0.37687
43.566 0.37687
43.626 0.37687
43.686 0.37687
43.746 0.37687
43.806 0.37687
43.866 0.37687
43.926 0.37687
43.986 0.37687
44.046 0.37687
44.106 0.37687
44.166 0.37687
44.226 0.37687
44.286 0.37687
44.346 0.37687
44.406 0.37687
44.466 0.37687
44.526 0.37687
44.586 0.37687
44.646 0.37687
44.706 0.37687
44.766 0.37687
44.826 0.37687
44.886 0.37687
44.946 0.37687
45.006 0.37687
45.066 0.37687
45.126 0.37687
45.186 0.37687
45.246 0.37687
45.306 0.37687
45.366 0.37687
45.426 0.37687
45.486 0.37687
45.546 0.37687
45.606 0.37687
45.666 0.37687
45.726 0.37687
45.786 0.37687
45.846 0.37687
45.906 0.37687
45.966 0.37687
46.026 0.37687
46.086 0.37687
46.146 0.37687
46.206 0.37687
46.266 0.37687
46.326 0.37687
46.386 0.37687
46.446 0.37687
46.506 0.37687
46.566 0.37687
46.626 0.37687
46.686 0.37687
46.746 0.37687
46.806 0.37687
46.866 0.37687
46.926 0.37687
46.986 0.37687
47.046 0.37687
47.106 0.37687
47.166 0.37687
47.226 0.37687
47.286 0.37687
47.346 0.37687
47.406 0.37687
47.466 0.37687
47.526 0.37687
47.586 0.37687
47.646 0.37687
47.706 0.37687
47.766 0.37687
47.826 0.37687
47.886 0.37687
47.946 0.37687
48.006 0.37687
48.066 0.37687
48.126 0.37687
48.186 0.37687
48.246 0.37687
48.306 0.37687
48.366 0.37687
48.426 0.37687
48.486 0.37687
48.546 0.37687
48.606 0.37687
48.666 0.37687
48.726 0.37687
48.786 0.37687
48.846 0.37687
48.906 0.37687
48.966 0.37687
49.026 0.37687
49.086 0.37687
49.146 0.37687
49.206 0.37687
49.266 0.37687
49.326 0.37687
49.386 0.37687
49.446 0.37687
49.506 0.37687
49.566 0.37687
49.626 0.37687
49.686 0.37687
49.746 0.37687
49.806 0.37687
49.866 0.37687
49.926 0.37687
49.986 0.37687
50.046 0.37687
50.106 0.37687
50.166 0.37687
50.226 0.37687
50.286 0.37687
50.346 0.37687
50.406 0.37687
50.466 0.37687
50.526 0.37687
50.586 0.37687
50.646 0.37687
50.706 0.37687
50.766 0.37687
50.826 0.37687
50.886 0.37687
50.946 0.37687
51.006 0.37687
51.066 0.37687
51.126 0.37687
51.186 0.37687
51.246 0.37687
51.306 0.37687
51.366 0.37687
51.426 0.37687
51.486 0.37687
51.546 0.37687
51.606 0.37687
51.666 0.37687
51.726 0.37687
51.786 0.37687
51.846 0.37687
51.906 0.37687
51.966 0.37687
52.026 0.37687
52.086 0.37687
52.146 0.37687
52.206 0.37687
52.266 0.37687
52.326 0.37687
52.386 0.37687
52.446 0.37687
52.506 0.37687
52.566 0.37687
52.626 0.37687
52.686 0.37687
52.746 0.37687
52.806 0.37687
52.866 0.37687
52.926 0.37687
52.986 0.37687
53.046 0.37687
53.106 0.37687
53.166 0.37687
53.226 0.37687
53.286 0.37687
53.346 0.37687
53.406 0.37687
53.466 0.37687
53.526 0.37687
53.586 0.37687
53.646 0.37687
53.706 0.37687
53.766 0.37687
53.826 0.37687
53.886 0.37687
53.946 0.37687
54.006 0.37687
54.066 0.37687
54.126 0.37687
54.186 0.37687
54.246 0.37687
54.306 0.37687
54.366 0.37687
54.426 0.37687
54.486 0.37687
54.546 0.37687
54.606 0.37687
54.666 0.37687
54.726 0.37687
54.786 0.37687
54.846 0.37687
54.906 0.37687
54.966 0.37687
55.026 0.37687
55.086 0.37687
55.146 0.37687
55.206 0.37687
55.266 0.37687
55.326 0.37687
55.386 0.37687
55.446 0.37687
55.506 0.37687
55.566 0.37687
55.626 0.37687
55.686 0.37687
55.746 0.37687
55.806 0.37687
55.866 0.37687
55.926 0.37687
55.986 0.37687
56.046 0.37687
56.106 0.37687
56.166 0.37687
56.226 0.37687
56.286 0.37687
56.346 0.37687
56.406 0.37687
56.466 0.37687
56.526 0.37687
56.586 0.37687
56.646 0.37687
56.706 0.37687
56.766 0.37687
56.826 0.37687
56.886 0.37687
56.946 0.37687
57.006 0.37687
57.066 0.37687
57.126 0.37687
57.186 0.37687
57.246 0.37687
57.306 0.37687
57.366 0.37687
57.426 0.37687
57.486 0.37687
57.546 0.37687
57.606 0.37687
57.666 0.37687
57.726 0.37687
57.786 0.37687
57.846 0.37687
57.906 0.37687
57.966 0.37687
58.026 0.37687
58.086 0.37687
58.146 0.37687
58.206 0.37687
58.266 0.37687
58.326 0.37687
58.386 0.37687
58.446 0.37687
58.506 0.37687
58.566 0.37687
58.626 0.37687
58.686 0.37687
58.746 0.37687
58.806 0.37687
58.866 0.37687
58.926 0.37687
58.986 0.37687
59.046 0.37687
59.106 0.37687
59.166 0.37687
59.226 0.37687
59.286 0.37687
59.346 0.37687
59.406 0.37687
59.466 0.37687
59.526 0.37687
59.586 0.37687
59.646 0.37687
59.706 0.37687
59.766 0.37687
59.826 0.37687
59.886 0.37687
59.946 0.37687

