0.006 0
0.066 0.00729116
0.126 0.0257283
0.186 0.0436425
0.246 0.059033
0.306 0.0726229
0.366 0.0850333
0.426 0.0966308
0.486 0.107626
0.546 0.118141
0.606 0.12825
0.666 0.137998
0.726 0.147413
0.786 0.156512
0.846 0.165307
0.906 0.173806
0.966 0.182014
1.026 0.189936
1.086 0.197577
1.146 0.20494
1.206 0.212031
1.266 0.218854
1.326 0.225413
1.386 0.231715
1.446 0.237764
1.506 0.243567
1.566 0.249131
1.626 0.254461
1.686 0.259564
1.746 0.264448
1.806 0.269118
1.866 0.273582
1.926 0.277847
1.986 0.28192
2.046 0.285807
2.106 0.289516
2.166 0.293054
2.226 0.296426
2.286 0.29964
2.346 0.302701
2.406 0.305617
2.466 0.308392
2.526 0.311034
2.586 0.313548
2.646 0.315939
2.706 0.318212
2.766 0.320374
2.826 0.322428
2.886 0.32438
2.946 0.326235
3.006 0.327996
3.066 0.329669
3.126 0.331257
3.186 0.332764
3.246 0.334195
3.306 0.335553
3.366 0.33684
3.426 0.338062
3.486 0.33922
3.546 0.340319
3.606 0.34136
3.666 0.342348
3.726 0.343283
3.786 0.34417
3.846 0.34501
3.906 0.345806
3.966 0.34656
4.026 0.347274
4.086 0.34795
4.146 0.34859
4.206 0.349196
4.266 0.34977
4.326 0.350313
4.386 0.350826
4.446 0.351312
4.506 0.351772
4.566 0.352207
4.626 0.352619
4.686 0.353008
4.746 0.353376
4.806 0.353724
4.866 0.354052
4.926 0.354363
4.986 0.354657
5.046 0.354934
5.106 0.355197
5.166 0.355444
5.226 0.355678
5.286 0.355899
5.346 0.356108
5.406 0.356305
5.466 0.35649
5.526 0.356666
5.586 0.356831
5.646 0.356987
5.706 0.357135
5.766 0.357274
5.826 0.357405
5.886 0.357528
5.946 0.357644
6.006 0.357754
6.066 0.357857
6.126 0.357955
6.186 0.358046
6.246 0.358133
6.306 0.358214
6.366 0.35829
6.426 0.358362
6.486 0.358429
6.546 0.358493
6.606 0.358552
6.666 0.358608
6.726 0.358661
6.786 0.35871
6.846 0.358757
6.906 0.3588
6.966 0.358841
7.026 0.358879
7.086 0.358915
7.146 0.358948
7.206 0.35898
7.266 0.359009
7.326 0.359036
7.386 0.359062
7.446 0.359085
7.506 0.359108
7.566 0.359128
7.626 0.359147
7.686 0.359165
7.746 0.359182
7.806 0.359197
7.866 0.359212
7.926 0.359225
7.986 0.359237
8.046 0.359249
8.106 0.359259
8.166 0.359269
8.226 0.359278
8.286 0.359286
8.346 0.359293
8.406 0.3593
8.466 0.359306
8.526 0.359312
8.586 0.359317
8.646 0.359322
8.706 0.359327
8.766 0.359331
8.826 0.359334
8.886 0.359337
8.946 0.35934
9.006 0.359343
9.066 0.359346
9.126 0.359348
9.186 0.35935
9.246 0.359352
9.306 0.359354
9.366 0.359356
9.426 0.359357
9.486 0.359359
9.546 0.359359
9.606 0.359359
9.666 0.359359
9.726 0.359359
9.786 0.359359
9.846 0.359359
9.906 0.359359
9.966 0.359359
10.026 0.359359
10.086 0.359359
10.146 0.359359
10.206 0.359359
10.266 0.359359
10.326 0.359359
10.386 0.359359
10.446 0.359359
10.506 0.359359
10.566 0.359359
10.626 0.359359
10.686 0.359359
10.746 0.359359
10.806 0.359359
10.866 0.359359
10.926 0.359359
10.986 0.359359
11.046 0.359359
11.106 0.359359
11.166 0.359359
11.226 0.359359
11.286 0.359359
11.346 0.359359
11.406 0.359359
11.466 0.359359
11.526 0.359359
11.586 0.359359
11.646 0.359359
11.706 0.359359
11.766 0.359359
11.826 0.359359
11.886 0.359359
11.946 0.359359
12.006 0.359359
12.066 0.359359
12.126 0.359359
12.186 0.359359
12.246 0.359359
12.306 0.359359
12.366 0.359359
12.426 0.359359
12.486 0.359359
12.546 0.359359
12.606 0.359359
12.666 0.359359
12.726 0.359359
12.786 0.359359
12.846 0.359359
12.906 0.359359
12.966 0.359359
13.026 0.359359
13.086 0.359359
13.146 0.359359
13.206 0.359359
13.266 0.359359
13.326 0.359359
13.386 0.359359
13.446 0.359359
13.506 0.359359
13.566 0.359359
13.626 0.359359
13.686 0.359359
13.746 0.359359
13.806 0.359359
13.866 0.359359
13.926 0.359359
13.986 0.359359
14.046 0.359359
14.106 0.359359
14.166 0.359359
14.226 0.359359
14.286 0.359359
14.346 0.359359
14.406 0.359359
14.466 0.359359
14.526 0.359359
14.586 0.359359
14.646 0.359359
14.706 0.359359
14.766 0.359359
14.826 0.359359
14.886 0.359359
14.946 0.359359
15.006 0.359359
15.066 0.359359
15.126 0.359359
15.186 0.359359
15.246 0.359359
15.306 0.359359
15.366 0.359359
15.426 0.359359
15.486 0.359359
15.546 0.359359
15.606 0.359359
15.666 0.359359
15.726 0.359359
15.786 0.359359
15.846 0.359359
15.906 0.359359
15.966 0.359359
16.026 0.359359
16.086 0.359359
16.146 0.359359
16.206 0.359359
16.266 0.359359
16.326 0.359359
16.386 0.359359
16.446 0.359359
16.506 0.359359
16.566 0.359359
16.626 0.359359
16.686 0.359359
16.746 0.359359
16.806 0.359359
16.866 0.359359
16.926 0.359359
16.986 0.359359
17.046 0.359359
17.106 0.359359
17.166 0.359359
17.226 0.359359
17.286 0.359359
17.346 0.359359
17.406 0.359359
17.466 0.359359
17.526 0.359359
17.586 0.359359
17.646 0.359359
17.706 0.359359
17.766 0.359359
17.826 0.359359
17.886 0.359359
17.946 0.359359
18.006 0.359359
18.066 0.359359
18.126 0.359359
18.186 0.359359
18.246 0.359359
18.306 0.359359
18.366 0.359359
18.426 0.359359
18.486 0.359359
18.546 0.359359
18.606 0.359359
18.666 0.359359
18.726 0.359359
18.786 0.359359
18.846 0.359359
18.906 0.359359
18.966 0.359359
19.026 0.359359
19.086 0.359359
19.146 0.359359
19.206 0.359359
19.266 0.359359
19.326 0.359359
19.386 0.359359
19.446 0.359359
19.506 0.359359
19.566 0.359359
19.626 0.359359
19.686 0.359359
19.746 0.359359
19.806 0.359359
19.866 0.359359
19.926 0.359359
19.986 0.359359
20.046 0.359359
20.106 0.359359
20.166 0.359359
20.226 0.359359
20.286 0.359359
20.346 0.359359
20.406 0.359359
20.466 0.359359
20.526 0.359359
20.586 0.359359
20.646 0.359359
20.706 0.359359
20.766 0.359359
20.826 0.359359
20.886 0.359359
20.946 0.359359
21.006 0.359359
21.066 0.359359
21.126 0.359359
21.186 0.359359
21.246 0.359359
21.306 0.359359
21.366 0.359359
21.426 0.359359
21.486 0.359359
21.546 0.359359
21.606 0.359359
21.666 0.359359
21.726 0.359359
21.786 0.359359
21.846 0.359359
21.906 0.359359
21.966 0.359359
22.026 0.359359
22.086 0.359359
22.146 0.359359
22.206 0.359359
22.266 0.359359
22.326 0.359359
22.386 0.359359
22.446 0.359359
22.506 0.359359
22.566 0.359359
22.626 0.359359
22.686 0.359359
22.746 0.359359
22.806 0.359359
22.866 0.359359
22.926 0.359359
22.986 0.359359
23.046 0.359359
23.106 0.359359
23.166 0.359359
23.226 0.359359
23.286 0.359359
23.346 0.359359
23.406 0.359359
23.466 0.359359
23.526 0.359359
23.586 0.359359
23.646 0.359359
23.706 0.359359
23.766 0.359359
23.826 0.359359
23.886 0.359359
23.946 0.359359
24.006 0.359359
24.066 0.359359
24.126 0.359359
24.186 0.359359
24.246 0.359359
24.306 0.359359
24.366 0.359359
24.426 0.359359
24.486 0.359359
24.546 0.359359
24.606 0.359359
24.666 0.359359
24.726 0.359359
24.786 0.359359
24.846 0.359359
24.906 0.359359
24.966 0.359359
25.026 0.359359
25.086 0.359359
25.146 0.359359
25.206 0.359359
25.266 0.359359
25.326 0.359359
25.386 0.359359
25.446 0.359359
25.506 0.359359
25.566 0.359359
25.626 0.359359
25.686 0.359359
25.746 0.359359
25.806 0.359359
25.866 0.359359
25.926 0.359359
25.986 0.359359
26.046 0.359359
26.106 0.359359
26.166 0.359359
26.226 0.359359
26.286 0.359359
26.346 0.359359
26.406 0.359359
26.466 0.359359
26.526 0.359359
26.586 0.359359
26.646 0.359359
26.706 0.359359
26.766 0.359359
26.826 0.359359
26.886 0.359359
26.946 0.359359
27.006 0.359359
27.066 0.359359
27.126 0.359359
27.186 0.359359
27.246 0.359359
27.306 0.359359
27.366 0.359359
27.426 0.359359
27.486 0.359359
27.546 0.359359
27.606 0.359359
27.666 0.359359
27.726 0.359359
27.786 0.359359
27.846 0.359359
27.906 0.359359
27.966 0.359359
28.026 0.359359
28.086 0.359359
28.146 0.359359
28.206 0.359359
28.266 0.359359
28.326 0.359359
28.386 0.359359
28.446 0.359359
28.506 0.359359
28.566 0.359359
28.626 0.359359
28.686 0.359359
28.746 0.359359
28.806 0.359359
28.866 0.359359
28.926 0.359359
28.986 0.359359
29.046 0.359359
29.106 0.359359
29.166 0.359359
29.226 0.359359
29.286 0.359359
29.346 0.359359
29.406 0.359359
29.466 0.359359
29.526 0.359359
29.586 0.359359
29.646 0.359359
29.706 0.359359
29.766 0.359359
29.826 0.359359
29.886 0.359359
29.946 0.359359
30.006 0.359359
30.066 0.359359
30.126 0.359359
30.186 0.359359
30.246 0.359359
30.306 0.359359
30.366 0.359359
30.426 0.359359
30.486 0.359359
30.546 0.359359
30.606 0.359359
30.666 0.359359
30.726 0.359359
30.786 0.359359
30.846 0.359359
30.906 0.359359
30.966 0.359359
31.026 0.359359
31.086 0.359359
31.146 0.359359
31.206 0.359359
31.266 0.359359
31.326 0.359359
31.386 0.359359
31.446 0.359359
31.506 0.359359
31.566 0.359359
31.626 0.359359
31.686 0.359359
31.746 0.359359
31.806 0.359359
31.866 0.359359
31.926 0.359359
31.986 0.359359
32.046 0.359359
32.106 0.359359
32.166 0.359359
32.226 0.359359
32.286 0.359359
32.346 0.359359
32.406 0.359359
32.466 0.359359
32.526 0.359359
32.586 0.359359
32.646 0.359359
32.706 0.359359
32.766 0.359359
32.826 0.359359
32.886 0.359359
32.946 0.359359
33.006 0.359359
33.066 0.359359
33.126 0.359359
33.186 0.359359
33.246 0.359359
33.306 0.359359
33.366 0.359359
33.426 0.359359
33.486 0.359359
33.546 0.359359
33.606 0.359359
33.666 0.359359
33.726 0.359359
33.786 0.359359
33.846 0.359359
33.906 0.359359
33.966 0.359359
34.026 0.359359
34.086 0.359359
34.146 0.359359
34.206 0.359359
34.266 0.359359
34.326 0.359359
34.386 0.359359
34.446 0.359359
34.506 0.359359
34.566 0.359359
34.626 0.359359
34.686 0.359359
34.746 0.359359
34.806 0.359359
34.866 0.359359
34.926 0.359359
34.986 0.359359
35.046 0.359359
35.106 0.359359
35.166 0.359359
35.226 0.359359
35.286 0.359359
35.346 0.359359
35.406 0.359359
35.466 0.359359
35.526 0.359359
35.586 0.359359
35.646 0.359359
35.706 0.359359
35.766 0.359359
35.826 0.359359
35.886 0.359359
35.946 0.359359
36.006 0.359359
36.066 0.359359
36.126 0.359359
36.186 0.359359
36.246 0.359359
36.306 0.359359
36.366 0.359359
36.426 0.359359
36.486 0.359359
36.546 0.359359
36.606 0.359359
36.666 0.359359
36.726 0.359359
36.786 0.359359
36.846 0.359359
36.906 0.359359
36.966 0.359359
37.026 0.359359
37.086 0.359359
37.146 0.359359
37.206 0.359359
37.266 0.359359
37.326 0.359359
37.386 0.359359
37.446 0.359359
37.506 0.359359
37.566 0.359359
37.626 0.359359
37.686 0.359359
37.746 0.359359
37.806 0.359359
37.866 0.359359
37.926 0.359359
37.986 0.359359
38.046 0.359359
38.106 0.359359
38.166 0.359359
38.226 0.359359
38.286 0.359359
38.346 0.359359
38.406 0.359359
38.466 0.359359
38.526 0.359359
38.586 0.359359
38.646 0.359359
38.706 0.359359
38.766 0.359359
38.826 0.359359
38.886 0.359359
38.946 0.359359
39.006 0.359359
39.066 0.359359
39.126 0.359359
39.186 0.359359
39.246 0.359359
39.306 0.359359
39.366 0.359359
39.426 0.359359
39.486 0.359359
39.546 0.359359
39.606 0.359359
39.666 0.359359
39.726 0.359359
39.786 0.359359
39.846 0.359359
39.906 0.359359
39.966 0.359359
40.026 0.359359
40.086 0.359359
40.146 0.359359
40.206 0.359359
40.266 0.359359
40.326 0.359359
40.386 0.359359
40.446 0.359359
40.506 0.359359
40.566 0.359359
40.626 0.359359
40.686 0.359359
40.746 0.359359
40.806 0.359359
40.866 0.359359
40.926 0.359359
40.986 0.359359
41.046 0.359359
41.106 0.359359
41.166 0.359359
41.226 0.359359
41.286 0.359359
41.346 0.359359
41.406 0.359359
41.466 0.359359
41.526 0.359359
41.586 0.359359
41.646 0.359359
41.706 0.359359
41.766 0.359359
41.826 0.359359
41.886 0.359359
41.946 0.359359
42.006 0.359359
42.066 0.359359
42.126 0.359359
42.186 0.359359
42.246 0.359359
42.306 0.359359
42.366 0.359359
42.426 0.359359
42.486 0.359359
42.546 0.359359
42.606 0.359359
42.666 0.359359
42.726 0.359359
42.786 0.359359
42.846 0.359359
42.906 0.359359
42.966 0.359359
43.026 0.359359
43.086 0.359359
43.146 0.359359
43.206 0.359359
43.266 0.359359
43.326 0.359359
43.386 0.359359
43.446 0.359359
43.506 0.359359
43.566 0.359359
43.626 0.359359
43.686 0.359359
43.746 0.359359
43.806 0.359359
43.866 0.359359
43.926 0.359359
43.986 0.359359
44.046 0.359359
44.106 0.359359
44.166 0.359359
44.226 0.359359
44.286 0.359359
44.346 0.359359
44.406 0.359359
44.466 0.359359
44.526 0.359359
44.586 0.359359
44.646 0.359359
44.706 0.359359
44.766 0.359359
44.826 0.359359
44.886 0.359359
44.946 0.359359
45.006 0.359359
45.066 0.359359
45.126 0.359359
45.186 0.359359
45.246 0.359359
45.306 0.359359
45.366 0.359359
45.426 0.359359
45.486 0.359359
45.546 0.359359
45.606 0.359359
45.666 0.359359
45.726 0.359359
45.786 0.359359
45.846 0.359359
45.906 0.359359
45.966 0.359359
46.026 0.359359
46.086 0.359359
46.146 0.359359
46.206 0.359359
46.266 0.359359
46.326 0.359359
46.386 0.359359
46.446 0.359359
46.506 0.359359
46.566 0.359359
46.626 0.359359
46.686 0.359359
46.746 0.359359
46.806 0.359359
46.866 0.359359
46.926 0.359359
46.986 0.359359
47.046 0.359359
47.106 0.359359
47.166 0.359359
47.226 0.359359
47.286 0.359359
47.346 0.359359
47.406 0.359359
47.466 0.359359
47.526 0.359359
47.586 0.359359
47.646 0.359359
47.706 0.359359
47.766 0.359359
47.826 0.359359
47.886 0.359359
47.946 0.359359
48.006 0.359359
48.066 0.359359
48.126 0.359359
48.186 0.359359
48.246 0.359359
48.306 0.359359
48.366 0.359359
48.426 0.359359
48.486 0.359359
48.546 0.359359
48.606 0.359359
48.666 0.359359
48.726 0.359359
48.786 0.359359
48.846 0.359359
48.906 0.359359
48.966 0.359359
49.026 0.359359
49.086 0.359359
49.146 0.359359
49.206 0.359359
49.266 0.359359
49.326 0.359359
49.386 0.359359
49.446 0.359359
49.506 0.359359
49.566 0.359359
49.626 0.359359
49.686 0.359359
49.746 0.359359
49.806 0.359359
49.866 0.359359
49.926 0.359359
49.986 0.359359
50.046 0.359359
50.106 0.359359
50.166 0.359359
50.226 0.359359
50.286 0.359359
50.346 0.359359
50.406 0.359359
50.466 0.359359
50.526 0.359359
50.586 0.359359
50.646 0.359359
50.706 0.359359
50.766 0.359359
50.826 0.359359
50.886 0.359359
50.946 0.359359
51.006 0.359359
51.066 0.359359
51.126 0.359359
51.186 0.359359
51.246 0.359359
51.306 0.359359
51.366 0.359359
51.426 0.359359
51.486 0.359359
51.546 0.359359
51.606 0.359359
51.666 0.359359
51.726 0.359359
51.786 0.359359
51.846 0.359359
51.906 0.359359
51.966 0.359359
52.026 0.359359
52.086 0.359359
52.146 0.359359
52.206 0.359359
52.266 0.359359
52.326 0.359359
52.386 0.359359
52.446 0.359359
52.506 0.359359
52.566 0.359359
52.626 0.359359
52.686 0.359359
52.746 0.359359
52.806 0.359359
52.866 0.359359
52.926 0.359359
52.986 0.359359
53.046 0.359359
53.106 0.359359
53.166 0.359359
53.226 0.359359
53.286 0.359359
53.346 0.359359
53.406 0.359359
53.466 0.359359
53.526 0.359359
53.586 0.359359
53.646 0.359359
53.706 0.359359
53.766 0.359359
53.826 0.359359
53.886 0.359359
53.946 0.359359
54.006 0.359359
54.066 0.359359
54.126 0.359359
54.186 0.359359
54.246 0.359359
54.306 0.359359
54.366 0.359359
54.426 0.359359
54.486 0.359359
54.546 0.359359
54.606 0.359359
54.666 0.359359
54.726 0.359359
54.786 0.359359
54.846 0.359359
54.906 0.359359
54.966 0.359359
55.026 0.359359
55.086 0.359359
55.146 0.359359
55.206 0.359359
55.266 0.359359
55.326 0.359359
55.386 0.359359
55.446 0.359359
55.506 0.359359
55.566 0.359359
55.626 0.359359
55.686 0.359359
55.746 0.359359
55.806 0.359359
55.866 0.359359
55.926 0.359359
55.986 0.359359
56.046 0.359359
56.106 0.359359
56.166 0.359359
56.226 0.359359
56.286 0.359359
56.346 0.359359
56.406 0.359359
56.466 0.359359
56.526 0.359359
56.586 0.359359
56.646 0.359359
56.706 0.359359
56.766 0.359359
56.826 0.359359
56.886 0.359359
56.946 0.359359
57.006 0.359359
57.066 0.359359
57.126 0.359359
57.186 0.359359
57.246 0.359359
57.306 0.359359
57.366 0.359359
57.426 0.359359
57.486 0.359359
57.546 0.359359
57.606 0.359359
57.666 0.359359
57.726 0.359359
57.786 0.359359
57.846 0.359359
57.906 0.359359
57.966 0.359359
58.026 0.359359
58.086 0.359359
58.146 0.359359
58.206 0.359359
58.266 0.359359
58.326 0.359359
58.386 0.359359
58.446 0.359359
58.506 0.359359
58.566 0.359359
58.626 0.359359
58.686 0.359359
58.746 0.359359
58.806 0.359359
58.866 0.359359
58.926 0.359359
58.986 0.359359
59.046 0.359359
59.106 0.359359
59.166 0.359359
59.226 0.359359
59.286 0.359359
59.346 0.359359
59.406 0.359359
59.466 0.359359
59.526 0.359359
59.586 0.359359
59.646 0.359359
59.706 0.359359
59.766 0.359359
59.826 0.359359
59.886 0.359359
59.946 0.359359

