0.006 0
0.066 3.84527e-05
0.126 0.000266604
0.186 0.000851874
0.246 0.00195245
0.306 0.00371337
0.366 0.00626313
0.426 0.00971093
0.486 0.0141446
0.546 0.0196294
0.606 0.0262076
0.666 0.0338983
0.726 0.0426988
0.786 0.0525861
0.846 0.0635185
0.906 0.0754382
0.966 0.0882739
1.026 0.101943
1.086 0.116356
1.146 0.131417
1.206 0.147026
1.266 0.163085
1.326 0.179496
1.386 0.196162
1.446 0.212994
1.506 0.229908
1.566 0.246823
1.626 0.263669
1.686 0.280382
1.746 0.296905
1.806 0.313188
1.866 0.32919
1.926 0.344875
1.986 0.360214
2.046 0.375184
2.106 0.389767
2.166 0.40395
2.226 0.417723
2.286 0.431083
2.346 0.444026
2.406 0.456554
2.466 0.468669
2.526 0.480377
2.586 0.491684
2.646 0.502597
2.706 0.513125
2.766 0.523276
2.826 0.53306
2.886 0.542486
2.946 0.551564
3.006 0.560303
3.066 0.568713
3.126 0.576803
3.186 0.584581
3.246 0.592055
3.306 0.599234
3.366 0.606124
3.426 0.612733
3.486 0.619066
3.546 0.625129
3.606 0.630928
3.666 0.636468
3.726 0.641752
3.786 0.646785
3.846 0.65157
3.906 0.65611
3.966 0.660407
4.026 0.664464
4.086 0.668283
4.146 0.671864
4.206 0.675209
4.266 0.67832
4.326 0.681195
4.386 0.683837
4.446 0.686244
4.506 0.688416
4.566 0.690354
4.626 0.692056
4.686 0.693522
4.746 0.69475
4.806 0.695741
4.866 0.696491
4.926 0.697002
4.986 0.697302
5.046 0.697557
5.106 0.697792
5.166 0.698009
5.226 0.698209
5.286 0.698393
5.346 0.698563
5.406 0.69872
5.466 0.698865
5.526 0.698998
5.586 0.699121
5.646 0.699234
5.706 0.699339
5.766 0.699435
5.826 0.699524
5.886 0.699605
5.946 0.699681
6.006 0.699751
6.066 0.699815
6.126 0.699874
6.186 0.699928
6.246 0.699979
6.306 0.700025
6.366 0.700068
6.426 0.700107
6.486 0.700143
6.546 0.700177
6.606 0.700208
6.666 0.700236
6.726 0.700262
6.786 0.700286
6.846 0.700309
6.906 0.700329
6.966 0.700348
7.026 0.700365
7.086 0.700382
7.146 0.700396
7.206 0.70041
7.266 0.700423
7.326 0.700434
7.386 0.700445
7.446 0.700455
7.506 0.700464
7.566 0.700472
7.626 0.70048
7.686 0.700487
7.746 0.700494
7.806 0.7005
7.866 0.700505
7.926 0.70051
7.986 0.700515
8.046 0.700519
8.106 0.700523
8.166 0.700527
8.226 0.700531
8.286 0.700534
8.346 0.700537
8.406 0.700539
8.466 0.700542
8.526 0.700544
8.586 0.700546
8.646 0.700548
8.706 0.70055
8.766 0.700551
8.826 0.700553
8.886 0.700554
8.946 0.700556
9.006 0.700557
9.066 0.700558
9.126 0.700559
9.186 0.70056
9.246 0.700561
9.306 0.700562
9.366 0.700562
9.426 0.700563
9.486 0.700564
9.546 0.700564
9.606 0.700565
9.666 0.700565
9.726 0.700566
9.786 0.700566
9.846 0.700566
9.906 0.700567
9.966 0.700567
10.026 0.700567
10.086 0.700568
10.146 0.700568
10.206 0.700568
10.266 0.700568
10.326 0.700568
10.386 0.700569
10.446 0.700569
10.506 0.700569
10.566 0.700569
10.626 0.700569
10.686 0.700569
10.746 0.700569
10.806 0.70057
10.866 0.70057
10.926 0.70057
10.986 0.70057
11.046 0.70057
11.106 0.70057
11.166 0.70057
11.226 0.70057
11.286 0.70057
11.346 0.70057
11.406 0.70057
11.466 0.70057
11.526 0.70057
11.586 0.70057
11.646 0.70057
11.706 0.70057
11.766 0.70057
11.826 0.70057
11.886 0.70057
11.946 0.70057
12.006 0.700571
12.066 0.700571
12.126 0.700571
12.186 0.700571
12.246 0.700571
12.306 0.700571
12.366 0.700571
12.426 0.700571
12.486 0.700571
12.546 0.700571
12.606 0.700571
12.666 0.700571
12.726 0.700571
12.786 0.700571
12.846 0.700571
12.906 0.700571
12.966 0.700571
13.026 0.700571
13.086 0.700571
13.146 0.700571
13.206 0.700571
13.266 0.700571
13.326 0.700571
13.386 0.700571
13.446 0.700571
13.506 0.700571
13.566 0.700571
13.626 0.700571
13.686 0.700571
13.746 0.700571
13.806 0.700571
13.866 0.700571
13.926 0.700571
13.986 0.700571
14.046 0.700571
14.106 0.700571
14.166 0.700571
14.226 0.700571
14.286 0.700571
14.346 0.700571
14.406 0.700571
14.466 0.700571
14.526 0.700571
14.586 0.700571
14.646 0.700571
14.706 0.700571
14.766 0.700571
14.826 0.700571
14.886 0.700571
14.946 0.700571
15.006 0.700571
15.066 0.700571
15.126 0.700571
15.186 0.700571
15.246 0.700571
15.306 0.700571
15.366 0.700571
15.426 0.700571
15.486 0.700571
15.546 0.700571
15.606 0.700571
15.666 0.700571
15.726 0.700571
15.786 0.700571
15.846 0.700571
15.906 0.700571
15.966 0.700571
16.026 0.700571
16.086 0.700571
16.146 0.700571
16.206 0.700571
16.266 0.700571
16.326 0.700571
16.386 0.700571
16.446 0.700571
16.506 0.700571
16.566 0.700571
16.626 0.700571
16.686 0.700571
16.746 0.700571
16.806 0.700571
16.866 0.700571
16.926 0.700571
16.986 0.700571
17.046 0.700571
17.106 0.700571
17.166 0.700571
17.226 0.700571
17.286 0.700571
17.346 0.700571
17.406 0.700571
17.466 0.700571
17.526 0.700571
17.586 0.700571
17.646 0.700571
17.706 0.700571
17.766 0.700571
17.826 0.700571
17.886 0.700571
17.946 0.700571
18.006 0.700571
18.066 0.700571
18.126 0.700571
18.186 0.700571
18.246 0.700571
18.306 0.700571
18.366 0.700571
18.426 0.700571
18.486 0.700571
18.546 0.700571
18.606 0.700571
18.666 0.700571
18.726 0.700571
18.786 0.700571
18.846 0.700571
18.906 0.700571
18.966 0.700571
19.026 0.700571
19.086 0.700571
19.146 0.700571
19.206 0.700571
19.266 0.700571
19.326 0.700571
19.386 0.700571
19.446 0.700571
19.506 0.700571
19.566 0.700571
19.626 0.700571
19.686 0.700571
19.746 0.700571
19.806 0.700571
19.866 0.700571
19.926 0.700571
19.986 0.700571
20.046 0.700571
20.106 0.700571
20.166 0.700571
20.226 0.700571
20.286 0.700571
20.346 0.700571
20.406 0.700571
20.466 0.700571
20.526 0.700571
20.586 0.700571
20.646 0.700571
20.706 0.700571
20.766 0.700571
20.826 0.700571
20.886 0.700571
20.946 0.700571
21.006 0.700571
21.066 0.700571
21.126 0.700571
21.186 0.700571
21.246 0.700571
21.306 0.700571
21.366 0.700571
21.426 0.700571
21.486 0.700571
21.546 0.700571
21.606 0.700571
21.666 0.700571
21.726 0.700571
21.786 0.700571
21.846 0.700571
21.906 0.700571
21.966 0.700571
22.026 0.700571
22.086 0.700571
22.146 0.700571
22.206 0.700571
22.266 0.700571
22.326 0.700571
22.386 0.700571
22.446 0.700571
22.506 0.700571
22.566 0.700571
22.626 0.700571
22.686 0.700571
22.746 0.700571
22.806 0.700571
22.866 0.700571
22.926 0.700571
22.986 0.700571
23.046 0.700571
23.106 0.700571
23.166 0.700571
23.226 0.700571
23.286 0.700571
23.346 0.700571
23.406 0.700571
23.466 0.700571
23.526 0.700571
23.586 0.700571
23.646 0.700571
23.706 0.700571
23.766 0.700571
23.826 0.700571
23.886 0.700571
23.946 0.700571
24.006 0.700571
24.066 0.700571
24.126 0.700571
24.186 0.700571
24.246 0.700571
24.306 0.700571
24.366 0.700571
24.426 0.700571
24.486 0.700571
24.546 0.700571
24.606 0.700571
24.666 0.700571
24.726 0.700571
24.786 0.700571
24.846 0.700571
24.906 0.700571
24.966 0.700571
25.026 0.700571
25.086 0.700571
25.146 0.700571
25.206 0.700571
25.266 0.700571
25.326 0.700571
25.386 0.700571
25.446 0.700571
25.506 0.700571
25.566 0.700571
25.626 0.700571
25.686 0.700571
25.746 0.700571
25.806 0.700571
25.866 0.700571
25.926 0.700571
25.986 0.700571
26.046 0.700571
26.106 0.700571
26.166 0.700571
26.226 0.700571
26.286 0.700571
26.346 0.700571
26.406 0.700571
26.466 0.700571
26.526 0.700571
26.586 0.700571
26.646 0.700571
26.706 0.700571
26.766 0.700571
26.826 0.700571
26.886 0.700571
26.946 0.700571
27.006 0.700571
27.066 0.700571
27.126 0.700571
27.186 0.700571
27.246 0.700571
27.306 0.700571
27.366 0.700571
27.426 0.700571
27.486 0.700571
27.546 0.700571
27.606 0.700571
27.666 0.700571
27.726 0.700571
27.786 0.700571
27.846 0.700571
27.906 0.700571
27.966 0.700571
28.026 0.700571
28.086 0.700571
28.146 0.700571
28.206 0.700571
28.266 0.700571
28.326 0.700571
28.386 0.700571
28.446 0.700571
28.506 0.700571
28.566 0.700571
28.626 0.700571
28.686 0.700571
28.746 0.700571
28.806 0.700571
28.866 0.700571
28.926 0.700571
28.986 0.700571
29.046 0.700571
29.106 0.700571
29.166 0.700571
29.226 0.700571
29.286 0.700571
29.346 0.700571
29.406 0.700571
29.466 0.700571
29.526 0.700571
29.586 0.700571
29.646 0.700571
29.706 0.700571
29.766 0.700571
29.826 0.700571
29.886 0.700571
29.946 0.700571
30.006 0.700571
30.066 0.700571
30.126 0.700571
30.186 0.700571
30.246 0.700571
30.306 0.700571
30.366 0.700571
30.426 0.700571
30.486 0.700571
30.546 0.700571
30.606 0.700571
30.666 0.700571
30.726 0.700571
30.786 0.700571
30.846 0.700571
30.906 0.700571
30.966 0.700571
31.026 0.700571
31.086 0.700571
31.146 0.700571
31.206 0.700571
31.266 0.700571
31.326 0.700571
31.386 0.700571
31.446 0.700571
31.506 0.700571
31.566 0.700571
31.626 0.700571
31.686 0.700571
31.746 0.700571
31.806 0.700571
31.866 0.700571
31.926 0.700571
31.986 0.700571
32.046 0.700571
32.106 0.700571
32.166 0.700571
32.226 0.700571
32.286 0.700571
32.346 0.700571
32.406 0.700571
32.466 0.700571
32.526 0.700571
32.586 0.700571
32.646 0.700571
32.706 0.700571
32.766 0.700571
32.826 0.700571
32.886 0.700571
32.946 0.700571
33.006 0.700571
33.066 0.700571
33.126 0.700571
33.186 0.700571
33.246 0.700571
33.306 0.700571
33.366 0.700571
33.426 0.700571
33.486 0.700571
33.546 0.700571
33.606 0.700571
33.666 0.700571
33.726 0.700571
33.786 0.700571
33.846 0.700571
33.906 0.700571
33.966 0.700571
34.026 0.700571
34.086 0.700571
34.146 0.700571
34.206 0.700571
34.266 0.700571
34.326 0.700571
34.386 0.700571
34.446 0.700571
34.506 0.700571
34.566 0.700571
34.626 0.700571
34.686 0.700571
34.746 0.700571
34.806 0.700571
34.866 0.700571
34.926 0.700571
34.986 0.700571
35.046 0.700571
35.106 0.700571
35.166 0.700571
35.226 0.700571
35.286 0.700571
35.346 0.700571
35.406 0.700571
35.466 0.700571
35.526 0.700571
35.586 0.700571
35.646 0.700571
35.706 0.700571
35.766 0.700571
35.826 0.700571
35.886 0.700571
35.946 0.700571
36.006 0.700571
36.066 0.700571
36.126 0.700571
36.186 0.700571
36.246 0.700571
36.306 0.700571
36.366 0.700571
36.426 0.700571
36.486 0.700571
36.546 0.700571
36.606 0.700571
36.666 0.700571
36.726 0.700571
36.786 0.700571
36.846 0.700571
36.906 0.700571
36.966 0.700571
37.026 0.700571
37.086 0.700571
37.146 0.700571
37.206 0.700571
37.266 0.700571
37.326 0.700571
37.386 0.700571
37.446 0.700571
37.506 0.700571
37.566 0.700571
37.626 0.700571
37.686 0.700571
37.746 0.700571
37.806 0.700571
37.866 0.700571
37.926 0.700571
37.986 0.700571
38.046 0.700571
38.106 0.700571
38.166 0.700571
38.226 0.700571
38.286 0.700571
38.346 0.700571
38.406 0.700571
38.466 0.700571
38.526 0.700571
38.586 0.700571
38.646 0.700571
38.706 0.700571
38.766 0.700571
38.826 0.700571
38.886 0.700571
38.946 0.700571
39.006 0.700571
39.066 0.700571
39.126 0.700571
39.186 0.700571
39.246 0.700571
39.306 0.700571
39.366 0.700571
39.426 0.700571
39.486 0.700571
39.546 0.700571
39.606 0.700571
39.666 0.700571
39.726 0.700571
39.786 0.700571
39.846 0.700571
39.906 0.700571
39.966 0.700571
40.026 0.700571
40.086 0.700571
40.146 0.700571
40.206 0.700571
40.266 0.700571
40.326 0.700571
40.386 0.700571
40.446 0.700571
40.506 0.700571
40.566 0.700571
40.626 0.700571
40.686 0.700571
40.746 0.700571
40.806 0.700571
40.866 0.700571
40.926 0.700571
40.986 0.700571
41.046 0.700571
41.106 0.700571
41.166 0.700571
41.226 0.700571
41.286 0.700571
41.346 0.700571
41.406 0.700571
41.466 0.700571
41.526 0.700571
41.586 0.700571
41.646 0.700571
41.706 0.700571
41.766 0.700571
41.826 0.700571
41.886 0.700571
41.946 0.700571
42.006 0.700571
42.066 0.700571
42.126 0.700571
42.186 0.700571
42.246 0.700571
42.306 0.700571
42.366 0.700571
42.426 0.700571
42.486 0.700571
42.546 0.700571
42.606 0.700571
42.666 0.700571
42.726 0.700571
42.786 0.700571
42.846 0.700571
42.906 0.700571
42.966 0.700571
43.026 0.700571
43.086 0.700571
43.146 0.700571
43.206 0.700571
43.266 0.700571
43.326 0.700571
43.386 0.700571
43.446 0.700571
43.506 0.700571
43.566 0.700571
43.626 0.700571
43.686 0.700571
43.746 0.700571
43.806 0.700571
43.866 0.700571
43.926 0.700571
43.986 0.700571
44.046 0.700571
44.106 0.700571
44.166 0.700571
44.226 0.700571
44.286 0.700571
44.346 0.700571
44.406 0.700571
44.466 0.700571
44.526 0.700571
44.586 0.700571
44.646 0.700571
44.706 0.700571
44.766 0.700571
44.826 0.700571
44.886 0.700571
44.946 0.700571
45.006 0.700571
45.066 0.700571
45.126 0.700571
45.186 0.700571
45.246 0.700571
45.306 0.700571
45.366 0.700571
45.426 0.700571
45.486 0.700571
45.546 0.700571
45.606 0.700571
45.666 0.700571
45.726 0.700571
45.786 0.700571
45.846 0.700571
45.906 0.700571
45.966 0.700571
46.026 0.700571
46.086 0.700571
46.146 0.700571
46.206 0.700571
46.266 0.700571
46.326 0.700571
46.386 0.700571
46.446 0.700571
46.506 0.700571
46.566 0.700571
46.626 0.700571
46.686 0.700571
46.746 0.700571
46.806 0.700571
46.866 0.700571
46.926 0.700571
46.986 0.700571
47.046 0.700571
47.106 0.700571
47.166 0.700571
47.226 0.700571
47.286 0.700571
47.346 0.700571
47.406 0.700571
47.466 0.700571
47.526 0.700571
47.586 0.700571
47.646 0.700571
47.706 0.700571
47.766 0.700571
47.826 0.700571
47.886 0.700571
47.946 0.700571
48.006 0.700571
48.066 0.700571
48.126 0.700571
48.186 0.700571
48.246 0.700571
48.306 0.700571
48.366 0.700571
48.426 0.700571
48.486 0.700571
48.546 0.700571
48.606 0.700571
48.666 0.700571
48.726 0.700571
48.786 0.700571
48.846 0.700571
48.906 0.700571
48.966 0.700571
49.026 0.700571
49.086 0.700571
49.146 0.700571
49.206 0.700571
49.266 0.700571
49.326 0.700571
49.386 0.700571
49.446 0.700571
49.506 0.700571
49.566 0.700571
49.626 0.700571
49.686 0.700571
49.746 0.700571
49.806 0.700571
49.866 0.700571
49.926 0.700571
49.986 0.700571
50.046 0.700571
50.106 0.700571
50.166 0.700571
50.226 0.700571
50.286 0.700571
50.346 0.700571
50.406 0.700571
50.466 0.700571
50.526 0.700571
50.586 0.700571
50.646 0.700571
50.706 0.700571
50.766 0.700571
50.826 0.700571
50.886 0.700571
50.946 0.700571
51.006 0.700571
51.066 0.700571
51.126 0.700571
51.186 0.700571
51.246 0.700571
51.306 0.700571
51.366 0.700571
51.426 0.700571
51.486 0.700571
51.546 0.700571
51.606 0.700571
51.666 0.700571
51.726 0.700571
51.786 0.700571
51.846 0.700571
51.906 0.700571
51.966 0.700571
52.026 0.700571
52.086 0.700571
52.146 0.700571
52.206 0.700571
52.266 0.700571
52.326 0.700571
52.386 0.700571
52.446 0.700571
52.506 0.700571
52.566 0.700571
52.626 0.700571
52.686 0.700571
52.746 0.700571
52.806 0.700571
52.866 0.700571
52.926 0.700571
52.986 0.700571
53.046 0.700571
53.106 0.700571
53.166 0.700571
53.226 0.700571
53.286 0.700571
53.346 0.700571
53.406 0.700571
53.466 0.700571
53.526 0.700571
53.586 0.700571
53.646 0.700571
53.706 0.700571
53.766 0.700571
53.826 0.700571
53.886 0.700571
53.946 0.700571
54.006 0.700571
54.066 0.700571
54.126 0.700571
54.186 0.700571
54.246 0.700571
54.306 0.700571
54.366 0.700571
54.426 0.700571
54.486 0.700571
54.546 0.700571
54.606 0.700571
54.666 0.700571
54.726 0.700571
54.786 0.700571
54.846 0.700571
54.906 0.700571
54.966 0.700571
55.026 0.700571
55.086 0.700571
55.146 0.700571
55.206 0.700571
55.266 0.700571
55.326 0.700571
55.386 0.700571
55.446 0.700571
55.506 0.700571
55.566 0.700571
55.626 0.700571
55.686 0.700571
55.746 0.700571
55.806 0.700571
55.866 0.700571
55.926 0.700571
55.986 0.700571
56.046 0.700571
56.106 0.700571
56.166 0.700571
56.226 0.700571
56.286 0.700571
56.346 0.700571
56.406 0.700571
56.466 0.700571
56.526 0.700571
56.586 0.700571
56.646 0.700571
56.706 0.700571
56.766 0.700571
56.826 0.700571
56.886 0.700571
56.946 0.700571
57.006 0.700571
57.066 0.700571
57.126 0.700571
57.186 0.700571
57.246 0.700571
57.306 0.700571
57.366 0.700571
57.426 0.700571
57.486 0.700571
57.546 0.700571
57.606 0.700571
57.666 0.700571
57.726 0.700571
57.786 0.700571
57.846 0.700571
57.906 0.700571
57.966 0.700571
58.026 0.700571
58.086 0.700571
58.146 0.700571
58.206 0.700571
58.266 0.700571
58.326 0.700571
58.386 0.700571
58.446 0.700571
58.506 0.700571
58.566 0.700571
58.626 0.700571
58.686 0.700571
58.746 0.700571
58.806 0.700571
58.866 0.700571
58.926 0.700571
58.986 0.700571
59.046 0.700571
59.106 0.700571
59.166 0.700571
59.226 0.700571
59.286 0.700571
59.346 0.700571
59.406 0.700571
59.466 0.700571
59.526 0.700571
59.586 0.700571
59.646 0.700571
59.706 0.700571
59.766 0.700571
59.826 0.700571
59.886 0.700571
59.946 0.700571

