0.006 0
0.066 1.2186e-05
0.126 8.47521e-05
0.186 0.000272173
0.246 0.000628147
0.306 0.00120524
0.366 0.00205455
0.426 0.00322536
0.486 0.00476486
0.546 0.00671786
0.606 0.00912653
0.666 0.0120302
0.726 0.0154651
0.786 0.0194644
0.846 0.0240579
0.906 0.0292719
0.966 0.0351293
1.026 0.0416495
1.086 0.0488486
1.146 0.0567392
1.206 0.0653303
1.266 0.0746279
1.326 0.0846349
1.386 0.0953508
1.446 0.106773
1.506 0.118895
1.566 0.131708
1.626 0.145203
1.686 0.159365
1.746 0.17418
1.806 0.189632
1.866 0.205701
1.926 0.222368
1.986 0.239612
2.046 0.257411
2.106 0.27574
2.166 0.294576
2.226 0.313895
2.286 0.33367
2.346 0.353875
2.406 0.374485
2.466 0.395472
2.526 0.416811
2.586 0.438473
2.646 0.460432
2.706 0.482662
2.766 0.505134
2.826 0.527823
2.886 0.550701
2.946 0.573743
3.006 0.596921
3.066 0.62021
3.126 0.643584
3.186 0.667019
3.246 0.690487
3.306 0.713966
3.366 0.73743
3.426 0.760856
3.486 0.78422
3.546 0.807499
3.606 0.830671
3.666 0.853712
3.726 0.876602
3.786 0.899319
3.846 0.921843
3.906 0.944153
3.966 0.96623
4.026 0.988055
4.086 1.00961
4.146 1.03087
4.206 1.05183
4.266 1.07247
4.326 1.09276
4.386 1.1127
4.446 1.13227
4.506 1.15146
4.566 1.17025
4.626 1.18862
4.686 1.20657
4.746 1.22408
4.806 1.24114
4.866 1.25774
4.926 1.27387
4.986 1.28951
5.046 1.30467
5.106 1.31932
5.166 1.33346
5.226 1.34709
5.286 1.36018
5.346 1.37275
5.406 1.38477
5.466 1.39624
5.526 1.40715
5.586 1.41751
5.646 1.4273
5.706 1.43651
5.766 1.44515
5.826 1.45321
5.886 1.46067
5.946 1.46755
6.006 1.47383
6.066 1.47951
6.126 1.48459
6.186 1.48907
6.246 1.49293
6.306 1.49618
6.366 1.49882
6.426 1.50084
6.486 1.50224
6.546 1.50301
6.606 1.50319
6.666 1.50319
6.726 1.50319
6.786 1.5032
6.846 1.5032
6.906 1.5032
6.966 1.5032
7.026 1.5032
7.086 1.5032
7.146 1.5032
7.206 1.5032
7.266 1.5032
7.326 1.5032
7.386 1.5032
7.446 1.5032
7.506 1.5032
7.566 1.5032
7.626 1.5032
7.686 1.5032
7.746 1.5032
7.806 1.5032
7.866 1.5032
7.926 1.5032
7.986 1.5032
8.046 1.5032
8.106 1.5032
8.166 1.5032
8.226 1.5032
8.286 1.5032
8.346 1.5032
8.406 1.5032
8.466 1.5032
8.526 1.5032
8.586 1.5032
8.646 1.5032
8.706 1.5032
8.766 1.5032
8.826 1.5032
8.886 1.5032
8.946 1.5032
9.006 1.5032
9.066 1.5032
9.126 1.5032
9.186 1.5032
9.246 1.5032
9.306 1.5032
9.366 1.5032
9.426 1.5032
9.486 1.5032
9.546 1.5032
9.606 1.5032
9.666 1.5032
9.726 1.5032
9.786 1.5032
9.846 1.5032
9.906 1.5032
9.966 1.5032
10.026 1.5032
10.086 1.5032
10.146 1.5032
10.206 1.5032
10.266 1.5032
10.326 1.5032
10.386 1.5032
10.446 1.5032
10.506 1.5032
10.566 1.5032
10.626 1.5032
10.686 1.5032
10.746 1.5032
10.806 1.5032
10.866 1.5032
10.926 1.5032
10.986 1.5032
11.046 1.5032
11.106 1.5032
11.166 1.5032
11.226 1.5032
11.286 1.5032
11.346 1.5032
11.406 1.5032
11.466 1.5032
11.526 1.5032
11.586 1.5032
11.646 1.5032
11.706 1.5032
11.766 1.5032
11.826 1.5032
11.886 1.5032
11.946 1.5032
12.006 1.5032
12.066 1.5032
12.126 1.5032
12.186 1.5032
12.246 1.5032
12.306 1.5032
12.366 1.5032
12.426 1.5032
12.486 1.5032
12.546 1.5032
12.606 1.5032
12.666 1.5032
12.726 1.5032
12.786 1.5032
12.846 1.5032
12.906 1.5032
12.966 1.5032
13.026 1.5032
13.086 1.5032
13.146 1.5032
13.206 1.5032
13.266 1.5032
13.326 1.5032
13.386 1.5032
13.446 1.5032
13.506 1.5032
13.566 1.5032
13.626 1.5032
13.686 1.5032
13.746 1.5032
13.806 1.5032
13.866 1.5032
13.926 1.5032
13.986 1.5032
14.046 1.5032
14.106 1.5032
14.166 1.5032
14.226 1.5032
14.286 1.5032
14.346 1.5032
14.406 1.5032
14.466 1.5032
14.526 1.5032
14.586 1.5032
14.646 1.5032
14.706 1.5032
14.766 1.5032
14.826 1.5032
14.886 1.5032
14.946 1.5032
15.006 1.5032
15.066 1.5032
15.126 1.5032
15.186 1.5032
15.246 1.5032
15.306 1.5032
15.366 1.5032
15.426 1.5032
15.486 1.5032
15.546 1.5032
15.606 1.5032
15.666 1.5032
15.726 1.5032
15.786 1.5032
15.846 1.5032
15.906 1.5032
15.966 1.5032
16.026 1.5032
16.086 1.5032
16.146 1.5032
16.206 1.5032
16.266 1.5032
16.326 1.5032
16.386 1.5032
16.446 1.5032
16.506 1.5032
16.566 1.5032
16.626 1.5032
16.686 1.5032
16.746 1.5032
16.806 1.5032
16.866 1.5032
16.926 1.5032
16.986 1.5032
17.046 1.5032
17.106 1.5032
17.166 1.5032
17.226 1.5032
17.286 1.5032
17.346 1.5032
17.406 1.5032
17.466 1.5032
17.526 1.5032
17.586 1.5032
17.646 1.5032
17.706 1.5032
17.766 1.5032
17.826 1.5032
17.886 1.5032
17.946 1.5032
18.006 1.5032
18.066 1.5032
18.126 1.5032
18.186 1.5032
18.246 1.5032
18.306 1.5032
18.366 1.5032
18.426 1.5032
18.486 1.5032
18.546 1.5032
18.606 1.5032
18.666 1.5032
18.726 1.5032
18.786 1.5032
18.846 1.5032
18.906 1.5032
18.966 1.5032
19.026 1.5032
19.086 1.5032
19.146 1.5032
19.206 1.5032
19.266 1.5032
19.326 1.5032
19.386 1.5032
19.446 1.5032
19.506 1.5032
19.566 1.5032
19.626 1.5032
19.686 1.5032
19.746 1.5032
19.806 1.5032
19.866 1.5032
19.926 1.5032
19.986 1.5032
20.046 1.5032
20.106 1.5032
20.166 1.5032
20.226 1.5032
20.286 1.5032
20.346 1.5032
20.406 1.5032
20.466 1.5032
20.526 1.5032
20.586 1.5032
20.646 1.5032
20.706 1.5032
20.766 1.5032
20.826 1.5032
20.886 1.5032
20.946 1.5032
21.006 1.5032
21.066 1.5032
21.126 1.5032
21.186 1.5032
21.246 1.5032
21.306 1.5032
21.366 1.5032
21.426 1.5032
21.486 1.5032
21.546 1.5032
21.606 1.5032
21.666 1.5032
21.726 1.5032
21.786 1.5032
21.846 1.5032
21.906 1.5032
21.966 1.5032
22.026 1.5032
22.086 1.5032
22.146 1.5032
22.206 1.5032
22.266 1.5032
22.326 1.5032
22.386 1.5032
22.446 1.5032
22.506 1.5032
22.566 1.5032
22.626 1.5032
22.686 1.5032
22.746 1.5032
22.806 1.5032
22.866 1.5032
22.926 1.5032
22.986 1.5032
23.046 1.5032
23.106 1.5032
23.166 1.5032
23.226 1.5032
23.286 1.5032
23.346 1.5032
23.406 1.5032
23.466 1.5032
23.526 1.5032
23.586 1.5032
23.646 1.5032
23.706 1.5032
23.766 1.5032
23.826 1.5032
23.886 1.5032
23.946 1.5032
24.006 1.5032
24.066 1.5032
24.126 1.5032
24.186 1.5032
24.246 1.5032
24.306 1.5032
24.366 1.5032
24.426 1.5032
24.486 1.5032
24.546 1.5032
24.606 1.5032
24.666 1.5032
24.726 1.5032
24.786 1.5032
24.846 1.5032
24.906 1.5032
24.966 1.5032
25.026 1.5032
25.086 1.5032
25.146 1.5032
25.206 1.5032
25.266 1.5032
25.326 1.5032
25.386 1.5032
25.446 1.5032
25.506 1.5032
25.566 1.5032
25.626 1.5032
25.686 1.5032
25.746 1.5032
25.806 1.5032
25.866 1.5032
25.926 1.5032
25.986 1.5032
26.046 1.5032
26.106 1.5032
26.166 1.5032
26.226 1.5032
26.286 1.5032
26.346 1.5032
26.406 1.5032
26.466 1.5032
26.526 1.5032
26.586 1.5032
26.646 1.5032
26.706 1.5032
26.766 1.5032
26.826 1.5032
26.886 1.5032
26.946 1.5032
27.006 1.5032
27.066 1.5032
27.126 1.5032
27.186 1.5032
27.246 1.5032
27.306 1.5032
27.366 1.5032
27.426 1.5032
27.486 1.5032
27.546 1.5032
27.606 1.5032
27.666 1.5032
27.726 1.5032
27.786 1.5032
27.846 1.5032
27.906 1.5032
27.966 1.5032
28.026 1.5032
28.086 1.5032
28.146 1.5032
28.206 1.5032
28.266 1.5032
28.326 1.5032
28.386 1.5032
28.446 1.5032
28.506 1.5032
28.566 1.5032
28.626 1.5032
28.686 1.5032
28.746 1.5032
28.806 1.5032
28.866 1.5032
28.926 1.5032
28.986 1.5032
29.046 1.5032
29.106 1.5032
29.166 1.5032
29.226 1.5032
29.286 1.5032
29.346 1.5032
29.406 1.5032
29.466 1.5032
29.526 1.5032
29.586 1.5032
29.646 1.5032
29.706 1.5032
29.766 1.5032
29.826 1.5032
29.886 1.5032
29.946 1.5032
30.006 1.5032
30.066 1.5032
30.126 1.5032
30.186 1.5032
30.246 1.5032
30.306 1.5032
30.366 1.5032
30.426 1.5032
30.486 1.5032
30.546 1.5032
30.606 1.5032
30.666 1.5032
30.726 1.5032
30.786 1.5032
30.846 1.5032
30.906 1.5032
30.966 1.5032
31.026 1.5032
31.086 1.5032
31.146 1.5032
31.206 1.5032
31.266 1.5032
31.326 1.5032
31.386 1.5032
31.446 1.5032
31.506 1.5032
31.566 1.5032
31.626 1.5032
31.686 1.5032
31.746 1.5032
31.806 1.5032
31.866 1.5032
31.926 1.5032
31.986 1.5032
32.046 1.5032
32.106 1.5032
32.166 1.5032
32.226 1.5032
32.286 1.5032
32.346 1.5032
32.406 1.5032
32.466 1.5032
32.526 1.5032
32.586 1.5032
32.646 1.5032
32.706 1.5032
32.766 1.5032
32.826 1.5032
32.886 1.5032
32.946 1.5032
33.006 1.5032
33.066 1.5032
33.126 1.5032
33.186 1.5032
33.246 1.5032
33.306 1.5032
33.366 1.5032
33.426 1.5032
33.486 1.5032
33.546 1.5032
33.606 1.5032
33.666 1.5032
33.726 1.5032
33.786 1.5032
33.846 1.5032
33.906 1.5032
33.966 1.5032
34.026 1.5032
34.086 1.5032
34.146 1.5032
34.206 1.5032
34.266 1.5032
34.326 1.5032
34.386 1.5032
34.446 1.5032
34.506 1.5032
34.566 1.5032
34.626 1.5032
34.686 1.5032
34.746 1.5032
34.806 1.5032
34.866 1.5032
34.926 1.5032
34.986 1.5032
35.046 1.5032
35.106 1.5032
35.166 1.5032
35.226 1.5032
35.286 1.5032
35.346 1.5032
35.406 1.5032
35.466 1.5032
35.526 1.5032
35.586 1.5032
35.646 1.5032
35.706 1.5032
35.766 1.5032
35.826 1.5032
35.886 1.5032
35.946 1.5032
36.006 1.5032
36.066 1.5032
36.126 1.5032
36.186 1.5032
36.246 1.5032
36.306 1.5032
36.366 1.5032
36.426 1.5032
36.486 1.5032
36.546 1.5032
36.606 1.5032
36.666 1.5032
36.726 1.5032
36.786 1.5032
36.846 1.5032
36.906 1.5032
36.966 1.5032
37.026 1.5032
37.086 1.5032
37.146 1.5032
37.206 1.5032
37.266 1.5032
37.326 1.5032
37.386 1.5032
37.446 1.5032
37.506 1.5032
37.566 1.5032
37.626 1.5032
37.686 1.5032
37.746 1.5032
37.806 1.5032
37.866 1.5032
37.926 1.5032
37.986 1.5032
38.046 1.5032
38.106 1.5032
38.166 1.5032
38.226 1.5032
38.286 1.5032
38.346 1.5032
38.406 1.5032
38.466 1.5032
38.526 1.5032
38.586 1.5032
38.646 1.5032
38.706 1.5032
38.766 1.5032
38.826 1.5032
38.886 1.5032
38.946 1.5032
39.006 1.5032
39.066 1.5032
39.126 1.5032
39.186 1.5032
39.246 1.5032
39.306 1.5032
39.366 1.5032
39.426 1.5032
39.486 1.5032
39.546 1.5032
39.606 1.5032
39.666 1.5032
39.726 1.5032
39.786 1.5032
39.846 1.5032
39.906 1.5032
39.966 1.5032
40.026 1.5032
40.086 1.5032
40.146 1.5032
40.206 1.5032
40.266 1.5032
40.326 1.5032
40.386 1.5032
40.446 1.5032
40.506 1.5032
40.566 1.5032
40.626 1.5032
40.686 1.5032
40.746 1.5032
40.806 1.5032
40.866 1.5032
40.926 1.5032
40.986 1.5032
41.046 1.5032
41.106 1.5032
41.166 1.5032
41.226 1.5032
41.286 1.5032
41.346 1.5032
41.406 1.5032
41.466 1.5032
41.526 1.5032
41.586 1.5032
41.646 1.5032
41.706 1.5032
41.766 1.5032
41.826 1.5032
41.886 1.5032
41.946 1.5032
42.006 1.5032
42.066 1.5032
42.126 1.5032
42.186 1.5032
42.246 1.5032
42.306 1.5032
42.366 1.5032
42.426 1.5032
42.486 1.5032
42.546 1.5032
42.606 1.5032
42.666 1.5032
42.726 1.5032
42.786 1.5032
42.846 1.5032
42.906 1.5032
42.966 1.5032
43.026 1.5032
43.086 1.5032
43.146 1.5032
43.206 1.5032
43.266 1.5032
43.326 1.5032
43.386 1.5032
43.446 1.5032
43.506 1.5032
43.566 1.5032
43.626 1.5032
43.686 1.5032
43.746 1.5032
43.806 1.5032
43.866 1.5032
43.926 1.5032
43.986 1.5032
44.046 1.5032
44.106 1.5032
44.166 1.5032
44.226 1.5032
44.286 1.5032
44.346 1.5032
44.406 1.5032
44.466 1.5032
44.526 1.5032
44.586 1.5032
44.646 1.5032
44.706 1.5032
44.766 1.5032
44.826 1.5032
44.886 1.5032
44.946 1.5032
45.006 1.5032
45.066 1.5032
45.126 1.5032
45.186 1.5032
45.246 1.5032
45.306 1.5032
45.366 1.5032
45.426 1.5032
45.486 1.5032
45.546 1.5032
45.606 1.5032
45.666 1.5032
45.726 1.5032
45.786 1.5032
45.846 1.5032
45.906 1.5032
45.966 1.5032
46.026 1.5032
46.086 1.5032
46.146 1.5032
46.206 1.5032
46.266 1.5032
46.326 1.5032
46.386 1.5032
46.446 1.5032
46.506 1.5032
46.566 1.5032
46.626 1.5032
46.686 1.5032
46.746 1.5032
46.806 1.5032
46.866 1.5032
46.926 1.5032
46.986 1.5032
47.046 1.5032
47.106 1.5032
47.166 1.5032
47.226 1.5032
47.286 1.5032
47.346 1.5032
47.406 1.5032
47.466 1.5032
47.526 1.5032
47.586 1.5032
47.646 1.5032
47.706 1.5032
47.766 1.5032
47.826 1.5032
47.886 1.5032
47.946 1.5032
48.006 1.5032
48.066 1.5032
48.126 1.5032
48.186 1.5032
48.246 1.5032
48.306 1.5032
48.366 1.5032
48.426 1.5032
48.486 1.5032
48.546 1.5032
48.606 1.5032
48.666 1.5032
48.726 1.5032
48.786 1.5032
48.846 1.5032
48.906 1.5032
48.966 1.5032
49.026 1.5032
49.086 1.5032
49.146 1.5032
49.206 1.5032
49.266 1.5032
49.326 1.5032
49.386 1.5032
49.446 1.5032
49.506 1.5032
49.566 1.5032
49.626 1.5032
49.686 1.5032
49.746 1.5032
49.806 1.5032
49.866 1.5032
49.926 1.5032
49.986 1.5032
50.046 1.5032
50.106 1.5032
50.166 1.5032
50.226 1.5032
50.286 1.5032
50.346 1.5032
50.406 1.5032
50.466 1.5032
50.526 1.5032
50.586 1.5032
50.646 1.5032
50.706 1.5032
50.766 1.5032
50.826 1.5032
50.886 1.5032
50.946 1.5032
51.006 1.5032
51.066 1.5032
51.126 1.5032
51.186 1.5032
51.246 1.5032
51.306 1.5032
51.366 1.5032
51.426 1.5032
51.486 1.5032
51.546 1.5032
51.606 1.5032
51.666 1.5032
51.726 1.5032
51.786 1.5032
51.846 1.5032
51.906 1.5032
51.966 1.5032
52.026 1.5032
52.086 1.5032
52.146 1.5032
52.206 1.5032
52.266 1.5032
52.326 1.5032
52.386 1.5032
52.446 1.5032
52.506 1.5032
52.566 1.5032
52.626 1.5032
52.686 1.5032
52.746 1.5032
52.806 1.5032
52.866 1.5032
52.926 1.5032
52.986 1.5032
53.046 1.5032
53.106 1.5032
53.166 1.5032
53.226 1.5032
53.286 1.5032
53.346 1.5032
53.406 1.5032
53.466 1.5032
53.526 1.5032
53.586 1.5032
53.646 1.5032
53.706 1.5032
53.766 1.5032
53.826 1.5032
53.886 1.5032
53.946 1.5032
54.006 1.5032
54.066 1.5032
54.126 1.5032
54.186 1.5032
54.246 1.5032
54.306 1.5032
54.366 1.5032
54.426 1.5032
54.486 1.5032
54.546 1.5032
54.606 1.5032
54.666 1.5032
54.726 1.5032
54.786 1.5032
54.846 1.5032
54.906 1.5032
54.966 1.5032
55.026 1.5032
55.086 1.5032
55.146 1.5032
55.206 1.5032
55.266 1.5032
55.326 1.5032
55.386 1.5032
55.446 1.5032
55.506 1.5032
55.566 1.5032
55.626 1.5032
55.686 1.5032
55.746 1.5032
55.806 1.5032
55.866 1.5032
55.926 1.5032
55.986 1.5032
56.046 1.5032
56.106 1.5032
56.166 1.5032
56.226 1.5032
56.286 1.5032
56.346 1.5032
56.406 1.5032
56.466 1.5032
56.526 1.5032
56.586 1.5032
56.646 1.5032
56.706 1.5032
56.766 1.5032
56.826 1.5032
56.886 1.5032
56.946 1.5032
57.006 1.5032
57.066 1.5032
57.126 1.5032
57.186 1.5032
57.246 1.5032
57.306 1.5032
57.366 1.5032
57.426 1.5032
57.486 1.5032
57.546 1.5032
57.606 1.5032
57.666 1.5032
57.726 1.5032
57.786 1.5032
57.846 1.5032
57.906 1.5032
57.966 1.5032
58.026 1.5032
58.086 1.5032
58.146 1.5032
58.206 1.5032
58.266 1.5032
58.326 1.5032
58.386 1.5032
58.446 1.5032
58.506 1.5032
58.566 1.5032
58.626 1.5032
58.686 1.5032
58.746 1.5032
58.806 1.5032
58.866 1.5032
58.926 1.5032
58.986 1.5032
59.046 1.5032
59.106 1.5032
59.166 1.5032
59.226 1.5032
59.286 1.5032
59.346 1.5032
59.406 1.5032
59.466 1.5032
59.526 1.5032
59.586 1.5032
59.646 1.5032
59.706 1.5032
59.766 1.5032
59.826 1.5032
59.886 1.5032
59.946 1.5032

