0.006 0
0.066 0.000615564
0.126 0.00400259
0.186 0.0116012
0.246 0.0235144
0.306 0.038881
0.366 0.056468
0.426 0.0751149
0.486 0.0939313
0.546 0.112318
0.606 0.129912
0.666 0.146576
0.726 0.162264
0.786 0.17696
0.846 0.190684
0.906 0.203476
0.966 0.215384
1.026 0.226462
1.086 0.236765
1.146 0.246345
1.206 0.255253
1.266 0.263536
1.326 0.271239
1.386 0.278404
1.446 0.285069
1.506 0.29127
1.566 0.29704
1.626 0.30241
1.686 0.30741
1.746 0.312064
1.806 0.316397
1.866 0.320433
1.926 0.324191
1.986 0.327692
2.046 0.330954
2.106 0.333992
2.166 0.336823
2.226 0.339461
2.286 0.34192
2.346 0.344211
2.406 0.346347
2.466 0.348337
2.526 0.350193
2.586 0.351923
2.646 0.353535
2.706 0.355039
2.766 0.35644
2.826 0.357747
2.886 0.358966
2.946 0.360102
3.006 0.361161
3.066 0.362149
3.126 0.36307
3.186 0.363929
3.246 0.36473
3.306 0.365477
3.366 0.366173
3.426 0.366823
3.486 0.367428
3.546 0.367993
3.606 0.36852
3.666 0.369011
3.726 0.369469
3.786 0.369896
3.846 0.370294
3.906 0.370665
3.966 0.371011
4.026 0.371334
4.086 0.371635
4.146 0.371916
4.206 0.372177
4.266 0.372421
4.326 0.372649
4.386 0.372861
4.446 0.373058
4.506 0.373243
4.566 0.373414
4.626 0.373574
4.686 0.373724
4.746 0.373863
4.806 0.373992
4.866 0.374113
4.926 0.374225
4.986 0.37433
5.046 0.374428
5.106 0.374519
5.166 0.374603
5.226 0.374682
5.286 0.374756
5.346 0.374824
5.406 0.374888
5.466 0.374947
5.526 0.375002
5.586 0.375054
5.646 0.375102
5.706 0.375146
5.766 0.375187
5.826 0.375226
5.886 0.375262
5.946 0.375295
6.006 0.375326
6.066 0.375354
6.126 0.375381
6.186 0.375406
6.246 0.375429
6.306 0.37545
6.366 0.37547
6.426 0.375488
6.486 0.375505
6.546 0.375521
6.606 0.375536
6.666 0.375549
6.726 0.375562
6.786 0.375574
6.846 0.375584
6.906 0.375594
6.966 0.375603
7.026 0.375612
7.086 0.375619
7.146 0.375627
7.206 0.375633
7.266 0.375639
7.326 0.375645
7.386 0.37565
7.446 0.375655
7.506 0.375659
7.566 0.375663
7.626 0.375666
7.686 0.37567
7.746 0.375673
7.806 0.375675
7.866 0.375678
7.926 0.37568
7.986 0.375682
8.046 0.375684
8.106 0.375686
8.166 0.375687
8.226 0.375689
8.286 0.37569
8.346 0.375691
8.406 0.375692
8.466 0.375693
8.526 0.375694
8.586 0.375695
8.646 0.375695
8.706 0.375696
8.766 0.375697
8.826 0.375698
8.886 0.375698
8.946 0.375698
9.006 0.375698
9.066 0.375698
9.126 0.375698
9.186 0.375698
9.246 0.375698
9.306 0.375698
9.366 0.375698
9.426 0.375698
9.486 0.375698
9.546 0.375698
9.606 0.375698
9.666 0.375698
9.726 0.375698
9.786 0.375698
9.846 0.375698
9.906 0.375698
9.966 0.375698
10.026 0.375698
10.086 0.375698
10.146 0.375698
10.206 0.375698
10.266 0.375698
10.326 0.375698
10.386 0.375698
10.446 0.375698
10.506 0.375698
10.566 0.375698
10.626 0.375698
10.686 0.375698
10.746 0.375698
10.806 0.375698
10.866 0.375698
10.926 0.375698
10.986 0.375698
11.046 0.375698
11.106 0.375698
11.166 0.375698
11.226 0.375698
11.286 0.375698
11.346 0.375698
11.406 0.375698
11.466 0.375698
11.526 0.375698
11.586 0.375698
11.646 0.375698
11.706 0.375698
11.766 0.375698
11.826 0.375698
11.886 0.375698
11.946 0.375698
12.006 0.375698
12.066 0.375698
12.126 0.375698
12.186 0.375698
12.246 0.375698
12.306 0.375698
12.366 0.375698
12.426 0.375698
12.486 0.375698
12.546 0.375698
12.606 0.375698
12.666 0.375698
12.726 0.375698
12.786 0.375698
12.846 0.375698
12.906 0.375698
12.966 0.375698
13.026 0.375698
13.086 0.375698
13.146 0.375698
13.206 0.375698
13.266 0.375698
13.326 0.375698
13.386 0.375698
13.446 0.375698
13.506 0.375698
13.566 0.375698
13.626 0.375698
13.686 0.375698
13.746 0.375698
13.806 0.375698
13.866 0.375698
13.926 0.375698
13.986 0.375698
14.046 0.375698
14.106 0.375698
14.166 0.375698
14.226 0.375698
14.286 0.375698
14.346 0.375698
14.406 0.375698
14.466 0.375698
14.526 0.375698
14.586 0.375698
14.646 0.375698
14.706 0.375698
14.766 0.375698
14.826 0.375698
14.886 0.375698
14.946 0.375698
15.006 0.375698
15.066 0.375698
15.126 0.375698
15.186 0.375698
15.246 0.375698
15.306 0.375698
15.366 0.375698
15.426 0.375698
15.486 0.375698
15.546 0.375698
15.606 0.375698
15.666 0.375698
15.726 0.375698
15.786 0.375698
15.846 0.375698
15.906 0.375698
15.966 0.375698
16.026 0.375698
16.086 0.375698
16.146 0.375698
16.206 0.375698
16.266 0.375698
16.326 0.375698
16.386 0.375698
16.446 0.375698
16.506 0.375698
16.566 0.375698
16.626 0.375698
16.686 0.375698
16.746 0.375698
16.806 0.375698
16.866 0.375698
16.926 0.375698
16.986 0.375698
17.046 0.375698
17.106 0.375698
17.166 0.375698
17.226 0.375698
17.286 0.375698
17.346 0.375698
17.406 0.375698
17.466 0.375698
17.526 0.375698
17.586 0.375698
17.646 0.375698
17.706 0.375698
17.766 0.375698
17.826 0.375698
17.886 0.375698
17.946 0.375698
18.006 0.375698
18.066 0.375698
18.126 0.375698
18.186 0.375698
18.246 0.375698
18.306 0.375698
18.366 0.375698
18.426 0.375698
18.486 0.375698
18.546 0.375698
18.606 0.375698
18.666 0.375698
18.726 0.375698
18.786 0.375698
18.846 0.375698
18.906 0.375698
18.966 0.375698
19.026 0.375698
19.086 0.375698
19.146 0.375698
19.206 0.375698
19.266 0.375698
19.326 0.375698
19.386 0.375698
19.446 0.375698
19.506 0.375698
19.566 0.375698
19.626 0.375698
19.686 0.375698
19.746 0.375698
19.806 0.375698
19.866 0.375698
19.926 0.375698
19.986 0.375698
20.046 0.375698
20.106 0.375698
20.166 0.375698
20.226 0.375698
20.286 0.375698
20.346 0.375698
20.406 0.375698
20.466 0.375698
20.526 0.375698
20.586 0.375698
20.646 0.375698
20.706 0.375698
20.766 0.375698
20.826 0.375698
20.886 0.375698
20.946 0.375698
21.006 0.375698
21.066 0.375698
21.126 0.375698
21.186 0.375698
21.246 0.375698
21.306 0.375698
21.366 0.375698
21.426 0.375698
21.486 0.375698
21.546 0.375698
21.606 0.375698
21.666 0.375698
21.726 0.375698
21.786 0.375698
21.846 0.375698
21.906 0.375698
21.966 0.375698
22.026 0.375698
22.086 0.375698
22.146 0.375698
22.206 0.375698
22.266 0.375698
22.326 0.375698
22.386 0.375698
22.446 0.375698
22.506 0.375698
22.566 0.375698
22.626 0.375698
22.686 0.375698
22.746 0.375698
22.806 0.375698
22.866 0.375698
22.926 0.375698
22.986 0.375698
23.046 0.375698
23.106 0.375698
23.166 0.375698
23.226 0.375698
23.286 0.375698
23.346 0.375698
23.406 0.375698
23.466 0.375698
23.526 0.375698
23.586 0.375698
23.646 0.375698
23.706 0.375698
23.766 0.375698
23.826 0.375698
23.886 0.375698
23.946 0.375698
24.006 0.375698
24.066 0.375698
24.126 0.375698
24.186 0.375698
24.246 0.375698
24.306 0.375698
24.366 0.375698
24.426 0.375698
24.486 0.375698
24.546 0.375698
24.606 0.375698
24.666 0.375698
24.726 0.375698
24.786 0.375698
24.846 0.375698
24.906 0.375698
24.966 0.375698
25.026 0.375698
25.086 0.375698
25.146 0.375698
25.206 0.375698
25.266 0.375698
25.326 0.375698
25.386 0.375698
25.446 0.375698
25.506 0.375698
25.566 0.375698
25.626 0.375698
25.686 0.375698
25.746 0.375698
25.806 0.375698
25.866 0.375698
25.926 0.375698
25.986 0.375698
26.046 0.375698
26.106 0.375698
26.166 0.375698
26.226 0.375698
26.286 0.375698
26.346 0.375698
26.406 0.375698
26.466 0.375698
26.526 0.375698
26.586 0.375698
26.646 0.375698
26.706 0.375698
26.766 0.375698
26.826 0.375698
26.886 0.375698
26.946 0.375698
27.006 0.375698
27.066 0.375698
27.126 0.375698
27.186 0.375698
27.246 0.375698
27.306 0.375698
27.366 0.375698
27.426 0.375698
27.486 0.375698
27.546 0.375698
27.606 0.375698
27.666 0.375698
27.726 0.375698
27.786 0.375698
27.846 0.375698
27.906 0.375698
27.966 0.375698
28.026 0.375698
28.086 0.375698
28.146 0.375698
28.206 0.375698
28.266 0.375698
28.326 0.375698
28.386 0.375698
28.446 0.375698
28.506 0.375698
28.566 0.375698
28.626 0.375698
28.686 0.375698
28.746 0.375698
28.806 0.375698
28.866 0.375698
28.926 0.375698
28.986 0.375698
29.046 0.375698
29.106 0.375698
29.166 0.375698
29.226 0.375698
29.286 0.375698
29.346 0.375698
29.406 0.375698
29.466 0.375698
29.526 0.375698
29.586 0.375698
29.646 0.375698
29.706 0.375698
29.766 0.375698
29.826 0.375698
29.886 0.375698
29.946 0.375698
30.006 0.375698
30.066 0.375698
30.126 0.375698
30.186 0.375698
30.246 0.375698
30.306 0.375698
30.366 0.375698
30.426 0.375698
30.486 0.375698
30.546 0.375698
30.606 0.375698
30.666 0.375698
30.726 0.375698
30.786 0.375698
30.846 0.375698
30.906 0.375698
30.966 0.375698
31.026 0.375698
31.086 0.375698
31.146 0.375698
31.206 0.375698
31.266 0.375698
31.326 0.375698
31.386 0.375698
31.446 0.375698
31.506 0.375698
31.566 0.375698
31.626 0.375698
31.686 0.375698
31.746 0.375698
31.806 0.375698
31.866 0.375698
31.926 0.375698
31.986 0.375698
32.046 0.375698
32.106 0.375698
32.166 0.375698
32.226 0.375698
32.286 0.375698
32.346 0.375698
32.406 0.375698
32.466 0.375698
32.526 0.375698
32.586 0.375698
32.646 0.375698
32.706 0.375698
32.766 0.375698
32.826 0.375698
32.886 0.375698
32.946 0.375698
33.006 0.375698
33.066 0.375698
33.126 0.375698
33.186 0.375698
33.246 0.375698
33.306 0.375698
33.366 0.375698
33.426 0.375698
33.486 0.375698
33.546 0.375698
33.606 0.375698
33.666 0.375698
33.726 0.375698
33.786 0.375698
33.846 0.375698
33.906 0.375698
33.966 0.375698
34.026 0.375698
34.086 0.375698
34.146 0.375698
34.206 0.375698
34.266 0.375698
34.326 0.375698
34.386 0.375698
34.446 0.375698
34.506 0.375698
34.566 0.375698
34.626 0.375698
34.686 0.375698
34.746 0.375698
34.806 0.375698
34.866 0.375698
34.926 0.375698
34.986 0.375698
35.046 0.375698
35.106 0.375698
35.166 0.375698
35.226 0.375698
35.286 0.375698
35.346 0.375698
35.406 0.375698
35.466 0.375698
35.526 0.375698
35.586 0.375698
35.646 0.375698
35.706 0.375698
35.766 0.375698
35.826 0.375698
35.886 0.375698
35.946 0.375698
36.006 0.375698
36.066 0.375698
36.126 0.375698
36.186 0.375698
36.246 0.375698
36.306 0.375698
36.366 0.375698
36.426 0.375698
36.486 0.375698
36.546 0.375698
36.606 0.375698
36.666 0.375698
36.726 0.375698
36.786 0.375698
36.846 0.375698
36.906 0.375698
36.966 0.375698
37.026 0.375698
37.086 0.375698
37.146 0.375698
37.206 0.375698
37.266 0.375698
37.326 0.375698
37.386 0.375698
37.446 0.375698
37.506 0.375698
37.566 0.375698
37.626 0.375698
37.686 0.375698
37.746 0.375698
37.806 0.375698
37.866 0.375698
37.926 0.375698
37.986 0.375698
38.046 0.375698
38.106 0.375698
38.166 0.375698
38.226 0.375698
38.286 0.375698
38.346 0.375698
38.406 0.375698
38.466 0.375698
38.526 0.375698
38.586 0.375698
38.646 0.375698
38.706 0.375698
38.766 0.375698
38.826 0.375698
38.886 0.375698
38.946 0.375698
39.006 0.375698
39.066 0.375698
39.126 0.375698
39.186 0.375698
39.246 0.375698
39.306 0.375698
39.366 0.375698
39.426 0.375698
39.486 0.375698
39.546 0.375698
39.606 0.375698
39.666 0.375698
39.726 0.375698
39.786 0.375698
39.846 0.375698
39.906 0.375698
39.966 0.375698
40.026 0.375698
40.086 0.375698
40.146 0.375698
40.206 0.375698
40.266 0.375698
40.326 0.375698
40.386 0.375698
40.446 0.375698
40.506 0.375698
40.566 0.375698
40.626 0.375698
40.686 0.375698
40.746 0.375698
40.806 0.375698
40.866 0.375698
40.926 0.375698
40.986 0.375698
41.046 0.375698
41.106 0.375698
41.166 0.375698
41.226 0.375698
41.286 0.375698
41.346 0.375698
41.406 0.375698
41.466 0.375698
41.526 0.375698
41.586 0.375698
41.646 0.375698
41.706 0.375698
41.766 0.375698
41.826 0.375698
41.886 0.375698
41.946 0.375698
42.006 0.375698
42.066 0.375698
42.126 0.375698
42.186 0.375698
42.246 0.375698
42.306 0.375698
42.366 0.375698
42.426 0.375698
42.486 0.375698
42.546 0.375698
42.606 0.375698
42.666 0.375698
42.726 0.375698
42.786 0.375698
42.846 0.375698
42.906 0.375698
42.966 0.375698
43.026 0.375698
43.086 0.375698
43.146 0.375698
43.206 0.375698
43.266 0.375698
43.326 0.375698
43.386 0.375698
43.446 0.375698
43.506 0.375698
43.566 0.375698
43.626 0.375698
43.686 0.375698
43.746 0.375698
43.806 0.375698
43.866 0.375698
43.926 0.375698
43.986 0.375698
44.046 0.375698
44.106 0.375698
44.166 0.375698
44.226 0.375698
44.286 0.375698
44.346 0.375698
44.406 0.375698
44.466 0.375698
44.526 0.375698
44.586 0.375698
44.646 0.375698
44.706 0.375698
44.766 0.375698
44.826 0.375698
44.886 0.375698
44.946 0.375698
45.006 0.375698
45.066 0.375698
45.126 0.375698
45.186 0.375698
45.246 0.375698
45.306 0.375698
45.366 0.375698
45.426 0.375698
45.486 0.375698
45.546 0.375698
45.606 0.375698
45.666 0.375698
45.726 0.375698
45.786 0.375698
45.846 0.375698
45.906 0.375698
45.966 0.375698
46.026 0.375698
46.086 0.375698
46.146 0.375698
46.206 0.375698
46.266 0.375698
46.326 0.375698
46.386 0.375698
46.446 0.375698
46.506 0.375698
46.566 0.375698
46.626 0.375698
46.686 0.375698
46.746 0.375698
46.806 0.375698
46.866 0.375698
46.926 0.375698
46.986 0.375698
47.046 0.375698
47.106 0.375698
47.166 0.375698
47.226 0.375698
47.286 0.375698
47.346 0.375698
47.406 0.375698
47.466 0.375698
47.526 0.375698
47.586 0.375698
47.646 0.375698
47.706 0.375698
47.766 0.375698
47.826 0.375698
47.886 0.375698
47.946 0.375698
48.006 0.375698
48.066 0.375698
48.126 0.375698
48.186 0.375698
48.246 0.375698
48.306 0.375698
48.366 0.375698
48.426 0.375698
48.486 0.375698
48.546 0.375698
48.606 0.375698
48.666 0.375698
48.726 0.375698
48.786 0.375698
48.846 0.375698
48.906 0.375698
48.966 0.375698
49.026 0.375698
49.086 0.375698
49.146 0.375698
49.206 0.375698
49.266 0.375698
49.326 0.375698
49.386 0.375698
49.446 0.375698
49.506 0.375698
49.566 0.375698
49.626 0.375698
49.686 0.375698
49.746 0.375698
49.806 0.375698
49.866 0.375698
49.926 0.375698
49.986 0.375698
50.046 0.375698
50.106 0.375698
50.166 0.375698
50.226 0.375698
50.286 0.375698
50.346 0.375698
50.406 0.375698
50.466 0.375698
50.526 0.375698
50.586 0.375698
50.646 0.375698
50.706 0.375698
50.766 0.375698
50.826 0.375698
50.886 0.375698
50.946 0.375698
51.006 0.375698
51.066 0.375698
51.126 0.375698
51.186 0.375698
51.246 0.375698
51.306 0.375698
51.366 0.375698
51.426 0.375698
51.486 0.375698
51.546 0.375698
51.606 0.375698
51.666 0.375698
51.726 0.375698
51.786 0.375698
51.846 0.375698
51.906 0.375698
51.966 0.375698
52.026 0.375698
52.086 0.375698
52.146 0.375698
52.206 0.375698
52.266 0.375698
52.326 0.375698
52.386 0.375698
52.446 0.375698
52.506 0.375698
52.566 0.375698
52.626 0.375698
52.686 0.375698
52.746 0.375698
52.806 0.375698
52.866 0.375698
52.926 0.375698
52.986 0.375698
53.046 0.375698
53.106 0.375698
53.166 0.375698
53.226 0.375698
53.286 0.375698
53.346 0.375698
53.406 0.375698
53.466 0.375698
53.526 0.375698
53.586 0.375698
53.646 0.375698
53.706 0.375698
53.766 0.375698
53.826 0.375698
53.886 0.375698
53.946 0.375698
54.006 0.375698
54.066 0.375698
54.126 0.375698
54.186 0.375698
54.246 0.375698
54.306 0.375698
54.366 0.375698
54.426 0.375698
54.486 0.375698
54.546 0.375698
54.606 0.375698
54.666 0.375698
54.726 0.375698
54.786 0.375698
54.846 0.375698
54.906 0.375698
54.966 0.375698
55.026 0.375698
55.086 0.375698
55.146 0.375698
55.206 0.375698
55.266 0.375698
55.326 0.375698
55.386 0.375698
55.446 0.375698
55.506 0.375698
55.566 0.375698
55.626 0.375698
55.686 0.375698
55.746 0.375698
55.806 0.375698
55.866 0.375698
55.926 0.375698
55.986 0.375698
56.046 0.375698
56.106 0.375698
56.166 0.375698
56.226 0.375698
56.286 0.375698
56.346 0.375698
56.406 0.375698
56.466 0.375698
56.526 0.375698
56.586 0.375698
56.646 0.375698
56.706 0.375698
56.766 0.375698
56.826 0.375698
56.886 0.375698
56.946 0.375698
57.006 0.375698
57.066 0.375698
57.126 0.375698
57.186 0.375698
57.246 0.375698
57.306 0.375698
57.366 0.375698
57.426 0.375698
57.486 0.375698
57.546 0.375698
57.606 0.375698
57.666 0.375698
57.726 0.375698
57.786 0.375698
57.846 0.375698
57.906 0.375698
57.966 0.375698
58.026 0.375698
58.086 0.375698
58.146 0.375698
58.206 0.375698
58.266 0.375698
58.326 0.375698
58.386 0.375698
58.446 0.375698
58.506 0.375698
58.566 0.375698
58.626 0.375698
58.686 0.375698
58.746 0.375698
58.806 0.375698
58.866 0.375698
58.926 0.375698
58.986 0.375698
59.046 0.375698
59.106 0.375698
59.166 0.375698
59.226 0.375698
59.286 0.375698
59.346 0.375698
59.406 0.375698
59.466 0.375698
59.526 0.375698
59.586 0.375698
59.646 0.375698
59.706 0.375698
59.766 0.375698
59.826 0.375698
59.886 0.375698
59.946 0.375698

