0.006 0
0.066 2.10449e-06
0.126 1.46485e-05
0.186 4.71056e-05
0.246 0.000108917
0.306 0.000209478
0.366 0.000358121
0.426 0.000564102
0.486 0.000836585
0.546 0.00118463
0.606 0.00161718
0.666 0.00214304
0.726 0.00277087
0.786 0.00350917
0.846 0.00436627
0.906 0.00535032
0.966 0.00646927
1.026 0.00773088
1.086 0.00914266
1.146 0.0107119
1.206 0.0124457
1.266 0.0143509
1.326 0.0164341
1.386 0.0187015
1.446 0.0211593
1.506 0.0238131
1.566 0.0266686
1.626 0.0297309
1.686 0.0330049
1.746 0.0364953
1.806 0.0402065
1.866 0.0441426
1.926 0.0483071
1.986 0.0527038
2.046 0.0573356
2.106 0.0622055
2.166 0.067316
2.226 0.0726694
2.286 0.0782677
2.346 0.0841125
2.406 0.0902052
2.466 0.0965469
2.526 0.103138
2.586 0.10998
2.646 0.117073
2.706 0.124415
2.766 0.132009
2.826 0.139851
2.886 0.147943
2.946 0.156282
3.006 0.164867
3.066 0.173697
3.126 0.182769
3.186 0.192082
3.246 0.201634
3.306 0.211421
3.366 0.22144
3.426 0.23169
3.486 0.242166
3.546 0.252865
3.606 0.263784
3.666 0.274918
3.726 0.286263
3.786 0.297815
3.846 0.30957
3.906 0.321523
3.966 0.333669
4.026 0.346003
4.086 0.35852
4.146 0.371214
4.206 0.384081
4.266 0.397113
4.326 0.410307
4.386 0.423655
4.446 0.437151
4.506 0.45079
4.566 0.464565
4.626 0.478468
4.686 0.492495
4.746 0.506637
4.806 0.520889
4.866 0.535242
4.926 0.549691
4.986 0.564227
5.046 0.578843
5.106 0.593533
5.166 0.608288
5.226 0.623101
5.286 0.637964
5.346 0.65287
5.406 0.66781
5.466 0.682777
5.526 0.697763
5.586 0.71276
5.646 0.72776
5.706 0.742754
5.766 0.757734
5.826 0.772693
5.886 0.787622
5.946 0.802513
6.006 0.817357
6.066 0.832147
6.126 0.846873
6.186 0.861528
6.246 0.876102
6.306 0.890589
6.366 0.904979
6.426 0.919264
6.486 0.933436
6.546 0.947486
6.606 0.961406
6.666 0.975189
6.726 0.988825
6.786 1.00231
6.846 1.01562
6.906 1.02877
6.966 1.04174
7.026 1.05453
7.086 1.06711
7.146 1.0795
7.206 1.09167
7.266 1.10363
7.326 1.11536
7.386 1.12686
7.446 1.13812
7.506 1.14913
7.566 1.15988
7.626 1.17038
7.686 1.1806
7.746 1.19054
7.806 1.20021
7.866 1.20958
7.926 1.21866
7.986 1.22743
8.046 1.23589
8.106 1.24404
8.166 1.25186
8.226 1.25936
8.286 1.26652
8.346 1.27334
8.406 1.27982
8.466 1.28594
8.526 1.29171
8.586 1.29712
8.646 1.30216
8.706 1.30682
8.766 1.31111
8.826 1.31502
8.886 1.31854
8.946 1.32168
9.006 1.32441
9.066 1.32675
9.126 1.32869
9.186 1.33021
9.246 1.33133
9.306 1.33204
9.366 1.33232
9.426 1.33233
9.486 1.33234
9.546 1.33235
9.606 1.33235
9.666 1.33236
9.726 1.33236
9.786 1.33237
9.846 1.33237
9.906 1.33238
9.966 1.33238
10.026 1.33239
10.086 1.33239
10.146 1.33239
10.206 1.33239
10.266 1.3324
10.326 1.3324
10.386 1.3324
10.446 1.3324
10.506 1.33241
10.566 1.33241
10.626 1.33241
10.686 1.33241
10.746 1.33241
10.806 1.33242
10.866 1.33242
10.926 1.33242
10.986 1.33242
11.046 1.33242
11.106 1.33242
11.166 1.33242
11.226 1.33242
11.286 1.33242
11.346 1.33242
11.406 1.33243
11.466 1.33243
11.526 1.33243
11.586 1.33243
11.646 1.33243
11.706 1.33243
11.766 1.33243
11.826 1.33243
11.886 1.33243
11.946 1.33243
12.006 1.33243
12.066 1.33243
12.126 1.33243
12.186 1.33243
12.246 1.33243
12.306 1.33243
12.366 1.33243
12.426 1.33243
12.486 1.33243
12.546 1.33243
12.606 1.33243
12.666 1.33243
12.726 1.33243
12.786 1.33243
12.846 1.33243
12.906 1.33243
12.966 1.33243
13.026 1.33243
13.086 1.33243
13.146 1.33243
13.206 1.33243
13.266 1.33243
13.326 1.33243
13.386 1.33243
13.446 1.33243
13.506 1.33243
13.566 1.33243
13.626 1.33243
13.686 1.33243
13.746 1.33243
13.806 1.33243
13.866 1.33243
13.926 1.33243
13.986 1.33243
14.046 1.33243
14.106 1.33243
14.166 1.33243
14.226 1.33243
14.286 1.33243
14.346 1.33243
14.406 1.33243
14.466 1.33243
14.526 1.33243
14.586 1.33243
14.646 1.33243
14.706 1.33243
14.766 1.33243
14.826 1.33243
14.886 1.33243
14.946 1.33243
15.006 1.33243
15.066 1.33243
15.126 1.33243
15.186 1.33243
15.246 1.33243
15.306 1.33243
15.366 1.33243
15.426 1.33243
15.486 1.33243
15.546 1.33243
15.606 1.33243
15.666 1.33243
15.726 1.33243
15.786 1.33243
15.846 1.33243
15.906 1.33243
15.966 1.33243
16.026 1.33243
16.086 1.33243
16.146 1.33243
16.206 1.33243
16.266 1.33243
16.326 1.33243
16.386 1.33243
16.446 1.33243
16.506 1.33243
16.566 1.33243
16.626 1.33243
16.686 1.33243
16.746 1.33243
16.806 1.33243
16.866 1.33243
16.926 1.33243
16.986 1.33243
17.046 1.33243
17.106 1.33243
17.166 1.33243
17.226 1.33243
17.286 1.33243
17.346 1.33243
17.406 1.33243
17.466 1.33243
17.526 1.33243
17.586 1.33243
17.646 1.33243
17.706 1.33243
17.766 1.33243
17.826 1.33243
17.886 1.33243
17.946 1.33243
18.006 1.33243
18.066 1.33243
18.126 1.33243
18.186 1.33243
18.246 1.33243
18.306 1.33243
18.366 1.33243
18.426 1.33243
18.486 1.33243
18.546 1.33243
18.606 1.33243
18.666 1.33243
18.726 1.33243
18.786 1.33243
18.846 1.33243
18.906 1.33243
18.966 1.33243
19.026 1.33243
19.086 1.33243
19.146 1.33243
19.206 1.33243
19.266 1.33243
19.326 1.33243
19.386 1.33243
19.446 1.33243
19.506 1.33243
19.566 1.33243
19.626 1.33243
19.686 1.33243
19.746 1.33243
19.806 1.33243
19.866 1.33243
19.926 1.33243
19.986 1.33243
20.046 1.33243
20.106 1.33243
20.166 1.33243
20.226 1.33243
20.286 1.33243
20.346 1.33243
20.406 1.33243
20.466 1.33243
20.526 1.33243
20.586 1.33243
20.646 1.33243
20.706 1.33243
20.766 1.33243
20.826 1.33243
20.886 1.33243
20.946 1.33243
21.006 1.33243
21.066 1.33243
21.126 1.33243
21.186 1.33243
21.246 1.33243
21.306 1.33243
21.366 1.33243
21.426 1.33243
21.486 1.33243
21.546 1.33243
21.606 1.33243
21.666 1.33243
21.726 1.33243
21.786 1.33243
21.846 1.33243
21.906 1.33243
21.966 1.33243
22.026 1.33243
22.086 1.33243
22.146 1.33243
22.206 1.33243
22.266 1.33243
22.326 1.33243
22.386 1.33243
22.446 1.33243
22.506 1.33243
22.566 1.33243
22.626 1.33243
22.686 1.33243
22.746 1.33243
22.806 1.33243
22.866 1.33243
22.926 1.33243
22.986 1.33243
23.046 1.33243
23.106 1.33243
23.166 1.33243
23.226 1.33243
23.286 1.33243
23.346 1.33243
23.406 1.33243
23.466 1.33243
23.526 1.33243
23.586 1.33243
23.646 1.33243
23.706 1.33243
23.766 1.33243
23.826 1.33243
23.886 1.33243
23.946 1.33243
24.006 1.33243
24.066 1.33243
24.126 1.33243
24.186 1.33243
24.246 1.33243
24.306 1.33243
24.366 1.33243
24.426 1.33243
24.486 1.33243
24.546 1.33243
24.606 1.33243
24.666 1.33243
24.726 1.33243
24.786 1.33243
24.846 1.33243
24.906 1.33243
24.966 1.33243
25.026 1.33243
25.086 1.33243
25.146 1.33243
25.206 1.33243
25.266 1.33243
25.326 1.33243
25.386 1.33243
25.446 1.33243
25.506 1.33243
25.566 1.33243
25.626 1.33243
25.686 1.33243
25.746 1.33243
25.806 1.33243
25.866 1.33243
25.926 1.33243
25.986 1.33243
26.046 1.33243
26.106 1.33243
26.166 1.33243
26.226 1.33243
26.286 1.33243
26.346 1.33243
26.406 1.33243
26.466 1.33243
26.526 1.33243
26.586 1.33243
26.646 1.33243
26.706 1.33243
26.766 1.33243
26.826 1.33243
26.886 1.33243
26.946 1.33243
27.006 1.33243
27.066 1.33243
27.126 1.33243
27.186 1.33243
27.246 1.33243
27.306 1.33243
27.366 1.33243
27.426 1.33243
27.486 1.33243
27.546 1.33243
27.606 1.33243
27.666 1.33243
27.726 1.33243
27.786 1.33243
27.846 1.33243
27.906 1.33243
27.966 1.33243
28.026 1.33243
28.086 1.33243
28.146 1.33243
28.206 1.33243
28.266 1.33243
28.326 1.33243
28.386 1.33243
28.446 1.33243
28.506 1.33243
28.566 1.33243
28.626 1.33243
28.686 1.33243
28.746 1.33243
28.806 1.33243
28.866 1.33243
28.926 1.33243
28.986 1.33243
29.046 1.33243
29.106 1.33243
29.166 1.33243
29.226 1.33243
29.286 1.33243
29.346 1.33243
29.406 1.33243
29.466 1.33243
29.526 1.33243
29.586 1.33243
29.646 1.33243
29.706 1.33243
29.766 1.33243
29.826 1.33243
29.886 1.33243
29.946 1.33243
30.006 1.33243
30.066 1.33243
30.126 1.33243
30.186 1.33243
30.246 1.33243
30.306 1.33243
30.366 1.33243
30.426 1.33243
30.486 1.33243
30.546 1.33243
30.606 1.33243
30.666 1.33243
30.726 1.33243
30.786 1.33243
30.846 1.33243
30.906 1.33243
30.966 1.33243
31.026 1.33243
31.086 1.33243
31.146 1.33243
31.206 1.33243
31.266 1.33243
31.326 1.33243
31.386 1.33243
31.446 1.33243
31.506 1.33243
31.566 1.33243
31.626 1.33243
31.686 1.33243
31.746 1.33243
31.806 1.33243
31.866 1.33243
31.926 1.33243
31.986 1.33243
32.046 1.33243
32.106 1.33243
32.166 1.33243
32.226 1.33243
32.286 1.33243
32.346 1.33243
32.406 1.33243
32.466 1.33243
32.526 1.33243
32.586 1.33243
32.646 1.33243
32.706 1.33243
32.766 1.33243
32.826 1.33243
32.886 1.33243
32.946 1.33243
33.006 1.33243
33.066 1.33243
33.126 1.33243
33.186 1.33243
33.246 1.33243
33.306 1.33243
33.366 1.33243
33.426 1.33243
33.486 1.33243
33.546 1.33243
33.606 1.33243
33.666 1.33243
33.726 1.33243
33.786 1.33243
33.846 1.33243
33.906 1.33243
33.966 1.33243
34.026 1.33243
34.086 1.33243
34.146 1.33243
34.206 1.33243
34.266 1.33243
34.326 1.33243
34.386 1.33243
34.446 1.33243
34.506 1.33243
34.566 1.33243
34.626 1.33243
34.686 1.33243
34.746 1.33243
34.806 1.33243
34.866 1.33243
34.926 1.33243
34.986 1.33243
35.046 1.33243
35.106 1.33243
35.166 1.33243
35.226 1.33243
35.286 1.33243
35.346 1.33243
35.406 1.33243
35.466 1.33243
35.526 1.33243
35.586 1.33243
35.646 1.33243
35.706 1.33243
35.766 1.33243
35.826 1.33243
35.886 1.33243
35.946 1.33243
36.006 1.33243
36.066 1.33243
36.126 1.33243
36.186 1.33243
36.246 1.33243
36.306 1.33243
36.366 1.33243
36.426 1.33243
36.486 1.33243
36.546 1.33243
36.606 1.33243
36.666 1.33243
36.726 1.33243
36.786 1.33243
36.846 1.33243
36.906 1.33243
36.966 1.33243
37.026 1.33243
37.086 1.33243
37.146 1.33243
37.206 1.33243
37.266 1.33243
37.326 1.33243
37.386 1.33243
37.446 1.33243
37.506 1.33243
37.566 1.33243
37.626 1.33243
37.686 1.33243
37.746 1.33243
37.806 1.33243
37.866 1.33243
37.926 1.33243
37.986 1.33243
38.046 1.33243
38.106 1.33243
38.166 1.33243
38.226 1.33243
38.286 1.33243
38.346 1.33243
38.406 1.33243
38.466 1.33243
38.526 1.33243
38.586 1.33243
38.646 1.33243
38.706 1.33243
38.766 1.33243
38.826 1.33243
38.886 1.33243
38.946 1.33243
39.006 1.33243
39.066 1.33243
39.126 1.33243
39.186 1.33243
39.246 1.33243
39.306 1.33243
39.366 1.33243
39.426 1.33243
39.486 1.33243
39.546 1.33243
39.606 1.33243
39.666 1.33243
39.726 1.33243
39.786 1.33243
39.846 1.33243
39.906 1.33243
39.966 1.33243
40.026 1.33243
40.086 1.33243
40.146 1.33243
40.206 1.33243
40.266 1.33243
40.326 1.33243
40.386 1.33243
40.446 1.33243
40.506 1.33243
40.566 1.33243
40.626 1.33243
40.686 1.33243
40.746 1.33243
40.806 1.33243
40.866 1.33243
40.926 1.33243
40.986 1.33243
41.046 1.33243
41.106 1.33243
41.166 1.33243
41.226 1.33243
41.286 1.33243
41.346 1.33243
41.406 1.33243
41.466 1.33243
41.526 1.33243
41.586 1.33243
41.646 1.33243
41.706 1.33243
41.766 1.33243
41.826 1.33243
41.886 1.33243
41.946 1.33243
42.006 1.33243
42.066 1.33243
42.126 1.33243
42.186 1.33243
42.246 1.33243
42.306 1.33243
42.366 1.33243
42.426 1.33243
42.486 1.33243
42.546 1.33243
42.606 1.33243
42.666 1.33243
42.726 1.33243
42.786 1.33243
42.846 1.33243
42.906 1.33243
42.966 1.33243
43.026 1.33243
43.086 1.33243
43.146 1.33243
43.206 1.33243
43.266 1.33243
43.326 1.33243
43.386 1.33243
43.446 1.33243
43.506 1.33243
43.566 1.33243
43.626 1.33243
43.686 1.33243
43.746 1.33243
43.806 1.33243
43.866 1.33243
43.926 1.33243
43.986 1.33243
44.046 1.33243
44.106 1.33243
44.166 1.33243
44.226 1.33243
44.286 1.33243
44.346 1.33243
44.406 1.33243
44.466 1.33243
44.526 1.33243
44.586 1.33243
44.646 1.33243
44.706 1.33243
44.766 1.33243
44.826 1.33243
44.886 1.33243
44.946 1.33243
45.006 1.33243
45.066 1.33243
45.126 1.33243
45.186 1.33243
45.246 1.33243
45.306 1.33243
45.366 1.33243
45.426 1.33243
45.486 1.33243
45.546 1.33243
45.606 1.33243
45.666 1.33243
45.726 1.33243
45.786 1.33243
45.846 1.33243
45.906 1.33243
45.966 1.33243
46.026 1.33243
46.086 1.33243
46.146 1.33243
46.206 1.33243
46.266 1.33243
46.326 1.33243
46.386 1.33243
46.446 1.33243
46.506 1.33243
46.566 1.33243
46.626 1.33243
46.686 1.33243
46.746 1.33243
46.806 1.33243
46.866 1.33243
46.926 1.33243
46.986 1.33243
47.046 1.33243
47.106 1.33243
47.166 1.33243
47.226 1.33243
47.286 1.33243
47.346 1.33243
47.406 1.33243
47.466 1.33243
47.526 1.33243
47.586 1.33243
47.646 1.33243
47.706 1.33243
47.766 1.33243
47.826 1.33243
47.886 1.33243
47.946 1.33243
48.006 1.33243
48.066 1.33243
48.126 1.33243
48.186 1.33243
48.246 1.33243
48.306 1.33243
48.366 1.33243
48.426 1.33243
48.486 1.33243
48.546 1.33243
48.606 1.33243
48.666 1.33243
48.726 1.33243
48.786 1.33243
48.846 1.33243
48.906 1.33243
48.966 1.33243
49.026 1.33243
49.086 1.33243
49.146 1.33243
49.206 1.33243
49.266 1.33243
49.326 1.33243
49.386 1.33243
49.446 1.33243
49.506 1.33243
49.566 1.33243
49.626 1.33243
49.686 1.33243
49.746 1.33243
49.806 1.33243
49.866 1.33243
49.926 1.33243
49.986 1.33243
50.046 1.33243
50.106 1.33243
50.166 1.33243
50.226 1.33243
50.286 1.33243
50.346 1.33243
50.406 1.33243
50.466 1.33243
50.526 1.33243
50.586 1.33243
50.646 1.33243
50.706 1.33243
50.766 1.33243
50.826 1.33243
50.886 1.33243
50.946 1.33243
51.006 1.33243
51.066 1.33243
51.126 1.33243
51.186 1.33243
51.246 1.33243
51.306 1.33243
51.366 1.33243
51.426 1.33243
51.486 1.33243
51.546 1.33243
51.606 1.33243
51.666 1.33243
51.726 1.33243
51.786 1.33243
51.846 1.33243
51.906 1.33243
51.966 1.33243
52.026 1.33243
52.086 1.33243
52.146 1.33243
52.206 1.33243
52.266 1.33243
52.326 1.33243
52.386 1.33243
52.446 1.33243
52.506 1.33243
52.566 1.33243
52.626 1.33243
52.686 1.33243
52.746 1.33243
52.806 1.33243
52.866 1.33243
52.926 1.33243
52.986 1.33243
53.046 1.33243
53.106 1.33243
53.166 1.33243
53.226 1.33243
53.286 1.33243
53.346 1.33243
53.406 1.33243
53.466 1.33243
53.526 1.33243
53.586 1.33243
53.646 1.33243
53.706 1.33243
53.766 1.33243
53.826 1.33243
53.886 1.33243
53.946 1.33243
54.006 1.33243
54.066 1.33243
54.126 1.33243
54.186 1.33243
54.246 1.33243
54.306 1.33243
54.366 1.33243
54.426 1.33243
54.486 1.33243
54.546 1.33243
54.606 1.33243
54.666 1.33243
54.726 1.33243
54.786 1.33243
54.846 1.33243
54.906 1.33243
54.966 1.33243
55.026 1.33243
55.086 1.33243
55.146 1.33243
55.206 1.33243
55.266 1.33243
55.326 1.33243
55.386 1.33243
55.446 1.33243
55.506 1.33243
55.566 1.33243
55.626 1.33243
55.686 1.33243
55.746 1.33243
55.806 1.33243
55.866 1.33243
55.926 1.33243
55.986 1.33243
56.046 1.33243
56.106 1.33243
56.166 1.33243
56.226 1.33243
56.286 1.33243
56.346 1.33243
56.406 1.33243
56.466 1.33243
56.526 1.33243
56.586 1.33243
56.646 1.33243
56.706 1.33243
56.766 1.33243
56.826 1.33243
56.886 1.33243
56.946 1.33243
57.006 1.33243
57.066 1.33243
57.126 1.33243
57.186 1.33243
57.246 1.33243
57.306 1.33243
57.366 1.33243
57.426 1.33243
57.486 1.33243
57.546 1.33243
57.606 1.33243
57.666 1.33243
57.726 1.33243
57.786 1.33243
57.846 1.33243
57.906 1.33243
57.966 1.33243
58.026 1.33243
58.086 1.33243
58.146 1.33243
58.206 1.33243
58.266 1.33243
58.326 1.33243
58.386 1.33243
58.446 1.33243
58.506 1.33243
58.566 1.33243
58.626 1.33243
58.686 1.33243
58.746 1.33243
58.806 1.33243
58.866 1.33243
58.926 1.33243
58.986 1.33243
59.046 1.33243
59.106 1.33243
59.166 1.33243
59.226 1.33243
59.286 1.33243
59.346 1.33243
59.406 1.33243
59.466 1.33243
59.526 1.33243
59.586 1.33243
59.646 1.33243
59.706 1.33243
59.766 1.33243
59.826 1.33243
59.886 1.33243
59.946 1.33243

