0.006 0
0.066 1.6911e-05
0.126 0.000117491
0.186 0.000376669
0.246 0.000867248
0.306 0.0016589
0.366 0.00281715
0.426 0.00440243
0.486 0.00646912
0.546 0.00906472
0.606 0.0122291
0.666 0.0159943
0.726 0.0203835
0.786 0.0254122
0.846 0.0310874
0.906 0.0374088
0.966 0.0443691
1.026 0.0519552
1.086 0.0601484
1.146 0.0689258
1.206 0.0782609
1.266 0.0881244
1.326 0.0984851
1.386 0.10931
1.446 0.120566
1.506 0.13222
1.566 0.144238
1.626 0.156587
1.686 0.169236
1.746 0.182154
1.806 0.195313
1.866 0.208686
1.926 0.222247
1.986 0.235973
2.046 0.249843
2.106 0.263837
2.166 0.277936
2.226 0.292126
2.286 0.306392
2.346 0.320721
2.406 0.335101
2.466 0.349523
2.526 0.363979
2.586 0.37846
2.646 0.392959
2.706 0.407472
2.766 0.421992
2.826 0.436516
2.886 0.451039
2.946 0.465557
3.006 0.480068
3.066 0.494567
3.126 0.509053
3.186 0.523522
3.246 0.537971
3.306 0.552398
3.366 0.566799
3.426 0.581171
3.486 0.595511
3.546 0.609816
3.606 0.624083
3.666 0.638306
3.726 0.652482
3.786 0.666608
3.846 0.680678
3.906 0.694688
3.966 0.708634
4.026 0.722509
4.086 0.736309
4.146 0.750027
4.206 0.76366
4.266 0.7772
4.326 0.790641
4.386 0.803978
4.446 0.817203
4.506 0.830311
4.566 0.843295
4.626 0.856148
4.686 0.868864
4.746 0.881434
4.806 0.893854
4.866 0.906115
4.926 0.91821
4.986 0.930133
5.046 0.941876
5.106 0.953433
5.166 0.964796
5.226 0.975957
5.286 0.986911
5.346 0.99765
5.406 1.00817
5.466 1.01846
5.526 1.02851
5.586 1.03832
5.646 1.04788
5.706 1.05718
5.766 1.06622
5.826 1.075
5.886 1.08349
5.946 1.09171
6.006 1.09964
6.066 1.10727
6.126 1.1146
6.186 1.12163
6.246 1.12835
6.306 1.13475
6.366 1.14082
6.426 1.14657
6.486 1.15198
6.546 1.15705
6.606 1.16178
6.666 1.16616
6.726 1.17019
6.786 1.17386
6.846 1.17716
6.906 1.1801
6.966 1.18267
7.026 1.18486
7.086 1.18667
7.146 1.1881
7.206 1.18913
7.266 1.18978
7.326 1.19003
7.386 1.19004
7.446 1.19004
7.506 1.19005
7.566 1.19005
7.626 1.19005
7.686 1.19005
7.746 1.19005
7.806 1.19006
7.866 1.19006
7.926 1.19006
7.986 1.19006
8.046 1.19006
8.106 1.19006
8.166 1.19006
8.226 1.19006
8.286 1.19007
8.346 1.19007
8.406 1.19007
8.466 1.19007
8.526 1.19007
8.586 1.19007
8.646 1.19007
8.706 1.19007
8.766 1.19007
8.826 1.19007
8.886 1.19007
8.946 1.19007
9.006 1.19007
9.066 1.19007
9.126 1.19007
9.186 1.19007
9.246 1.19007
9.306 1.19007
9.366 1.19007
9.426 1.19007
9.486 1.19007
9.546 1.19007
9.606 1.19007
9.666 1.19007
9.726 1.19007
9.786 1.19007
9.846 1.19007
9.906 1.19007
9.966 1.19007
10.026 1.19007
10.086 1.19007
10.146 1.19007
10.206 1.19007
10.266 1.19007
10.326 1.19007
10.386 1.19007
10.446 1.19007
10.506 1.19007
10.566 1.19007
10.626 1.19007
10.686 1.19007
10.746 1.19007
10.806 1.19007
10.866 1.19007
10.926 1.19007
10.986 1.19007
11.046 1.19007
11.106 1.19007
11.166 1.19007
11.226 1.19007
11.286 1.19007
11.346 1.19007
11.406 1.19007
11.466 1.19007
11.526 1.19007
11.586 1.19007
11.646 1.19007
11.706 1.19007
11.766 1.19007
11.826 1.19007
11.886 1.19007
11.946 1.19007
12.006 1.19007
12.066 1.19007
12.126 1.19007
12.186 1.19007
12.246 1.19007
12.306 1.19007
12.366 1.19007
12.426 1.19007
12.486 1.19007
12.546 1.19007
12.606 1.19007
12.666 1.19007
12.726 1.19007
12.786 1.19007
12.846 1.19007
12.906 1.19007
12.966 1.19007
13.026 1.19007
13.086 1.19007
13.146 1.19007
13.206 1.19007
13.266 1.19007
13.326 1.19007
13.386 1.19007
13.446 1.19007
13.506 1.19007
13.566 1.19007
13.626 1.19007
13.686 1.19007
13.746 1.19007
13.806 1.19007
13.866 1.19007
13.926 1.19007
13.986 1.19007
14.046 1.19007
14.106 1.19007
14.166 1.19007
14.226 1.19007
14.286 1.19007
14.346 1.19007
14.406 1.19007
14.466 1.19007
14.526 1.19007
14.586 1.19007
14.646 1.19007
14.706 1.19007
14.766 1.19007
14.826 1.19007
14.886 1.19007
14.946 1.19007
15.006 1.19007
15.066 1.19007
15.126 1.19007
15.186 1.19007
15.246 1.19007
15.306 1.19007
15.366 1.19007
15.426 1.19007
15.486 1.19007
15.546 1.19007
15.606 1.19007
15.666 1.19007
15.726 1.19007
15.786 1.19007
15.846 1.19007
15.906 1.19007
15.966 1.19007
16.026 1.19007
16.086 1.19007
16.146 1.19007
16.206 1.19007
16.266 1.19007
16.326 1.19007
16.386 1.19007
16.446 1.19007
16.506 1.19007
16.566 1.19007
16.626 1.19007
16.686 1.19007
16.746 1.19007
16.806 1.19007
16.866 1.19007
16.926 1.19007
16.986 1.19007
17.046 1.19007
17.106 1.19007
17.166 1.19007
17.226 1.19007
17.286 1.19007
17.346 1.19007
17.406 1.19007
17.466 1.19007
17.526 1.19007
17.586 1.19007
17.646 1.19007
17.706 1.19007
17.766 1.19007
17.826 1.19007
17.886 1.19007
17.946 1.19007
18.006 1.19007
18.066 1.19007
18.126 1.19007
18.186 1.19007
18.246 1.19007
18.306 1.19007
18.366 1.19007
18.426 1.19007
18.486 1.19007
18.546 1.19007
18.606 1.19007
18.666 1.19007
18.726 1.19007
18.786 1.19007
18.846 1.19007
18.906 1.19007
18.966 1.19007
19.026 1.19007
19.086 1.19007
19.146 1.19007
19.206 1.19007
19.266 1.19007
19.326 1.19007
19.386 1.19007
19.446 1.19007
19.506 1.19007
19.566 1.19007
19.626 1.19007
19.686 1.19007
19.746 1.19007
19.806 1.19007
19.866 1.19007
19.926 1.19007
19.986 1.19007
20.046 1.19007
20.106 1.19007
20.166 1.19007
20.226 1.19007
20.286 1.19007
20.346 1.19007
20.406 1.19007
20.466 1.19007
20.526 1.19007
20.586 1.19007
20.646 1.19007
20.706 1.19007
20.766 1.19007
20.826 1.19007
20.886 1.19007
20.946 1.19007
21.006 1.19007
21.066 1.19007
21.126 1.19007
21.186 1.19007
21.246 1.19007
21.306 1.19007
21.366 1.19007
21.426 1.19007
21.486 1.19007
21.546 1.19007
21.606 1.19007
21.666 1.19007
21.726 1.19007
21.786 1.19007
21.846 1.19007
21.906 1.19007
21.966 1.19007
22.026 1.19007
22.086 1.19007
22.146 1.19007
22.206 1.19007
22.266 1.19007
22.326 1.19007
22.386 1.19007
22.446 1.19007
22.506 1.19007
22.566 1.19007
22.626 1.19007
22.686 1.19007
22.746 1.19007
22.806 1.19007
22.866 1.19007
22.926 1.19007
22.986 1.19007
23.046 1.19007
23.106 1.19007
23.166 1.19007
23.226 1.19007
23.286 1.19007
23.346 1.19007
23.406 1.19007
23.466 1.19007
23.526 1.19007
23.586 1.19007
23.646 1.19007
23.706 1.19007
23.766 1.19007
23.826 1.19007
23.886 1.19007
23.946 1.19007
24.006 1.19007
24.066 1.19007
24.126 1.19007
24.186 1.19007
24.246 1.19007
24.306 1.19007
24.366 1.19007
24.426 1.19007
24.486 1.19007
24.546 1.19007
24.606 1.19007
24.666 1.19007
24.726 1.19007
24.786 1.19007
24.846 1.19007
24.906 1.19007
24.966 1.19007
25.026 1.19007
25.086 1.19007
25.146 1.19007
25.206 1.19007
25.266 1.19007
25.326 1.19007
25.386 1.19007
25.446 1.19007
25.506 1.19007
25.566 1.19007
25.626 1.19007
25.686 1.19007
25.746 1.19007
25.806 1.19007
25.866 1.19007
25.926 1.19007
25.986 1.19007
26.046 1.19007
26.106 1.19007
26.166 1.19007
26.226 1.19007
26.286 1.19007
26.346 1.19007
26.406 1.19007
26.466 1.19007
26.526 1.19007
26.586 1.19007
26.646 1.19007
26.706 1.19007
26.766 1.19007
26.826 1.19007
26.886 1.19007
26.946 1.19007
27.006 1.19007
27.066 1.19007
27.126 1.19007
27.186 1.19007
27.246 1.19007
27.306 1.19007
27.366 1.19007
27.426 1.19007
27.486 1.19007
27.546 1.19007
27.606 1.19007
27.666 1.19007
27.726 1.19007
27.786 1.19007
27.846 1.19007
27.906 1.19007
27.966 1.19007
28.026 1.19007
28.086 1.19007
28.146 1.19007
28.206 1.19007
28.266 1.19007
28.326 1.19007
28.386 1.19007
28.446 1.19007
28.506 1.19007
28.566 1.19007
28.626 1.19007
28.686 1.19007
28.746 1.19007
28.806 1.19007
28.866 1.19007
28.926 1.19007
28.986 1.19007
29.046 1.19007
29.106 1.19007
29.166 1.19007
29.226 1.19007
29.286 1.19007
29.346 1.19007
29.406 1.19007
29.466 1.19007
29.526 1.19007
29.586 1.19007
29.646 1.19007
29.706 1.19007
29.766 1.19007
29.826 1.19007
29.886 1.19007
29.946 1.19007
30.006 1.19007
30.066 1.19007
30.126 1.19007
30.186 1.19007
30.246 1.19007
30.306 1.19007
30.366 1.19007
30.426 1.19007
30.486 1.19007
30.546 1.19007
30.606 1.19007
30.666 1.19007
30.726 1.19007
30.786 1.19007
30.846 1.19007
30.906 1.19007
30.966 1.19007
31.026 1.19007
31.086 1.19007
31.146 1.19007
31.206 1.19007
31.266 1.19007
31.326 1.19007
31.386 1.19007
31.446 1.19007
31.506 1.19007
31.566 1.19007
31.626 1.19007
31.686 1.19007
31.746 1.19007
31.806 1.19007
31.866 1.19007
31.926 1.19007
31.986 1.19007
32.046 1.19007
32.106 1.19007
32.166 1.19007
32.226 1.19007
32.286 1.19007
32.346 1.19007
32.406 1.19007
32.466 1.19007
32.526 1.19007
32.586 1.19007
32.646 1.19007
32.706 1.19007
32.766 1.19007
32.826 1.19007
32.886 1.19007
32.946 1.19007
33.006 1.19007
33.066 1.19007
33.126 1.19007
33.186 1.19007
33.246 1.19007
33.306 1.19007
33.366 1.19007
33.426 1.19007
33.486 1.19007
33.546 1.19007
33.606 1.19007
33.666 1.19007
33.726 1.19007
33.786 1.19007
33.846 1.19007
33.906 1.19007
33.966 1.19007
34.026 1.19007
34.086 1.19007
34.146 1.19007
34.206 1.19007
34.266 1.19007
34.326 1.19007
34.386 1.19007
34.446 1.19007
34.506 1.19007
34.566 1.19007
34.626 1.19007
34.686 1.19007
34.746 1.19007
34.806 1.19007
34.866 1.19007
34.926 1.19007
34.986 1.19007
35.046 1.19007
35.106 1.19007
35.166 1.19007
35.226 1.19007
35.286 1.19007
35.346 1.19007
35.406 1.19007
35.466 1.19007
35.526 1.19007
35.586 1.19007
35.646 1.19007
35.706 1.19007
35.766 1.19007
35.826 1.19007
35.886 1.19007
35.946 1.19007
36.006 1.19007
36.066 1.19007
36.126 1.19007
36.186 1.19007
36.246 1.19007
36.306 1.19007
36.366 1.19007
36.426 1.19007
36.486 1.19007
36.546 1.19007
36.606 1.19007
36.666 1.19007
36.726 1.19007
36.786 1.19007
36.846 1.19007
36.906 1.19007
36.966 1.19007
37.026 1.19007
37.086 1.19007
37.146 1.19007
37.206 1.19007
37.266 1.19007
37.326 1.19007
37.386 1.19007
37.446 1.19007
37.506 1.19007
37.566 1.19007
37.626 1.19007
37.686 1.19007
37.746 1.19007
37.806 1.19007
37.866 1.19007
37.926 1.19007
37.986 1.19007
38.046 1.19007
38.106 1.19007
38.166 1.19007
38.226 1.19007
38.286 1.19007
38.346 1.19007
38.406 1.19007
38.466 1.19007
38.526 1.19007
38.586 1.19007
38.646 1.19007
38.706 1.19007
38.766 1.19007
38.826 1.19007
38.886 1.19007
38.946 1.19007
39.006 1.19007
39.066 1.19007
39.126 1.19007
39.186 1.19007
39.246 1.19007
39.306 1.19007
39.366 1.19007
39.426 1.19007
39.486 1.19007
39.546 1.19007
39.606 1.19007
39.666 1.19007
39.726 1.19007
39.786 1.19007
39.846 1.19007
39.906 1.19007
39.966 1.19007
40.026 1.19007
40.086 1.19007
40.146 1.19007
40.206 1.19007
40.266 1.19007
40.326 1.19007
40.386 1.19007
40.446 1.19007
40.506 1.19007
40.566 1.19007
40.626 1.19007
40.686 1.19007
40.746 1.19007
40.806 1.19007
40.866 1.19007
40.926 1.19007
40.986 1.19007
41.046 1.19007
41.106 1.19007
41.166 1.19007
41.226 1.19007
41.286 1.19007
41.346 1.19007
41.406 1.19007
41.466 1.19007
41.526 1.19007
41.586 1.19007
41.646 1.19007
41.706 1.19007
41.766 1.19007
41.826 1.19007
41.886 1.19007
41.946 1.19007
42.006 1.19007
42.066 1.19007
42.126 1.19007
42.186 1.19007
42.246 1.19007
42.306 1.19007
42.366 1.19007
42.426 1.19007
42.486 1.19007
42.546 1.19007
42.606 1.19007
42.666 1.19007
42.726 1.19007
42.786 1.19007
42.846 1.19007
42.906 1.19007
42.966 1.19007
43.026 1.19007
43.086 1.19007
43.146 1.19007
43.206 1.19007
43.266 1.19007
43.326 1.19007
43.386 1.19007
43.446 1.19007
43.506 1.19007
43.566 1.19007
43.626 1.19007
43.686 1.19007
43.746 1.19007
43.806 1.19007
43.866 1.19007
43.926 1.19007
43.986 1.19007
44.046 1.19007
44.106 1.19007
44.166 1.19007
44.226 1.19007
44.286 1.19007
44.346 1.19007
44.406 1.19007
44.466 1.19007
44.526 1.19007
44.586 1.19007
44.646 1.19007
44.706 1.19007
44.766 1.19007
44.826 1.19007
44.886 1.19007
44.946 1.19007
45.006 1.19007
45.066 1.19007
45.126 1.19007
45.186 1.19007
45.246 1.19007
45.306 1.19007
45.366 1.19007
45.426 1.19007
45.486 1.19007
45.546 1.19007
45.606 1.19007
45.666 1.19007
45.726 1.19007
45.786 1.19007
45.846 1.19007
45.906 1.19007
45.966 1.19007
46.026 1.19007
46.086 1.19007
46.146 1.19007
46.206 1.19007
46.266 1.19007
46.326 1.19007
46.386 1.19007
46.446 1.19007
46.506 1.19007
46.566 1.19007
46.626 1.19007
46.686 1.19007
46.746 1.19007
46.806 1.19007
46.866 1.19007
46.926 1.19007
46.986 1.19007
47.046 1.19007
47.106 1.19007
47.166 1.19007
47.226 1.19007
47.286 1.19007
47.346 1.19007
47.406 1.19007
47.466 1.19007
47.526 1.19007
47.586 1.19007
47.646 1.19007
47.706 1.19007
47.766 1.19007
47.826 1.19007
47.886 1.19007
47.946 1.19007
48.006 1.19007
48.066 1.19007
48.126 1.19007
48.186 1.19007
48.246 1.19007
48.306 1.19007
48.366 1.19007
48.426 1.19007
48.486 1.19007
48.546 1.19007
48.606 1.19007
48.666 1.19007
48.726 1.19007
48.786 1.19007
48.846 1.19007
48.906 1.19007
48.966 1.19007
49.026 1.19007
49.086 1.19007
49.146 1.19007
49.206 1.19007
49.266 1.19007
49.326 1.19007
49.386 1.19007
49.446 1.19007
49.506 1.19007
49.566 1.19007
49.626 1.19007
49.686 1.19007
49.746 1.19007
49.806 1.19007
49.866 1.19007
49.926 1.19007
49.986 1.19007
50.046 1.19007
50.106 1.19007
50.166 1.19007
50.226 1.19007
50.286 1.19007
50.346 1.19007
50.406 1.19007
50.466 1.19007
50.526 1.19007
50.586 1.19007
50.646 1.19007
50.706 1.19007
50.766 1.19007
50.826 1.19007
50.886 1.19007
50.946 1.19007
51.006 1.19007
51.066 1.19007
51.126 1.19007
51.186 1.19007
51.246 1.19007
51.306 1.19007
51.366 1.19007
51.426 1.19007
51.486 1.19007
51.546 1.19007
51.606 1.19007
51.666 1.19007
51.726 1.19007
51.786 1.19007
51.846 1.19007
51.906 1.19007
51.966 1.19007
52.026 1.19007
52.086 1.19007
52.146 1.19007
52.206 1.19007
52.266 1.19007
52.326 1.19007
52.386 1.19007
52.446 1.19007
52.506 1.19007
52.566 1.19007
52.626 1.19007
52.686 1.19007
52.746 1.19007
52.806 1.19007
52.866 1.19007
52.926 1.19007
52.986 1.19007
53.046 1.19007
53.106 1.19007
53.166 1.19007
53.226 1.19007
53.286 1.19007
53.346 1.19007
53.406 1.19007
53.466 1.19007
53.526 1.19007
53.586 1.19007
53.646 1.19007
53.706 1.19007
53.766 1.19007
53.826 1.19007
53.886 1.19007
53.946 1.19007
54.006 1.19007
54.066 1.19007
54.126 1.19007
54.186 1.19007
54.246 1.19007
54.306 1.19007
54.366 1.19007
54.426 1.19007
54.486 1.19007
54.546 1.19007
54.606 1.19007
54.666 1.19007
54.726 1.19007
54.786 1.19007
54.846 1.19007
54.906 1.19007
54.966 1.19007
55.026 1.19007
55.086 1.19007
55.146 1.19007
55.206 1.19007
55.266 1.19007
55.326 1.19007
55.386 1.19007
55.446 1.19007
55.506 1.19007
55.566 1.19007
55.626 1.19007
55.686 1.19007
55.746 1.19007
55.806 1.19007
55.866 1.19007
55.926 1.19007
55.986 1.19007
56.046 1.19007
56.106 1.19007
56.166 1.19007
56.226 1.19007
56.286 1.19007
56.346 1.19007
56.406 1.19007
56.466 1.19007
56.526 1.19007
56.586 1.19007
56.646 1.19007
56.706 1.19007
56.766 1.19007
56.826 1.19007
56.886 1.19007
56.946 1.19007
57.006 1.19007
57.066 1.19007
57.126 1.19007
57.186 1.19007
57.246 1.19007
57.306 1.19007
57.366 1.19007
57.426 1.19007
57.486 1.19007
57.546 1.19007
57.606 1.19007
57.666 1.19007
57.726 1.19007
57.786 1.19007
57.846 1.19007
57.906 1.19007
57.966 1.19007
58.026 1.19007
58.086 1.19007
58.146 1.19007
58.206 1.19007
58.266 1.19007
58.326 1.19007
58.386 1.19007
58.446 1.19007
58.506 1.19007
58.566 1.19007
58.626 1.19007
58.686 1.19007
58.746 1.19007
58.806 1.19007
58.866 1.19007
58.926 1.19007
58.986 1.19007
59.046 1.19007
59.106 1.19007
59.166 1.19007
59.226 1.19007
59.286 1.19007
59.346 1.19007
59.406 1.19007
59.466 1.19007
59.526 1.19007
59.586 1.19007
59.646 1.19007
59.706 1.19007
59.766 1.19007
59.826 1.19007
59.886 1.19007
59.946 1.19007

