0.006 0
0.066 1.8806e-05
0.126 0.000130747
0.186 0.000419638
0.246 0.000967713
0.306 0.0018549
0.366 0.00315813
0.426 0.00495071
0.486 0.00730172
0.546 0.0102755
0.606 0.0139312
0.666 0.0183224
0.726 0.0234968
0.786 0.0294959
0.846 0.0363551
0.906 0.0441033
0.966 0.0527633
1.026 0.0623512
1.086 0.0728775
1.146 0.0843462
1.206 0.096756
1.266 0.1101
1.326 0.124366
1.386 0.139537
1.446 0.155592
1.506 0.172505
1.566 0.190247
1.626 0.208787
1.686 0.228088
1.746 0.248113
1.806 0.268822
1.866 0.290173
1.926 0.312123
1.986 0.334628
2.046 0.357642
2.106 0.381119
2.166 0.405014
2.226 0.42928
2.286 0.453872
2.346 0.478743
2.406 0.503849
2.466 0.529146
2.526 0.55459
2.586 0.580138
2.646 0.605749
2.706 0.631384
2.766 0.657002
2.826 0.682567
2.886 0.708043
2.946 0.733393
3.006 0.758587
3.066 0.78359
3.126 0.808374
3.186 0.832909
3.246 0.857168
3.306 0.881125
3.366 0.904756
3.426 0.928037
3.486 0.950946
3.546 0.973465
3.606 0.995572
3.666 1.01725
3.726 1.03848
3.786 1.05926
3.846 1.07956
3.906 1.09936
3.966 1.11867
4.026 1.13747
4.086 1.15574
4.146 1.17348
4.206 1.19068
4.266 1.20733
4.326 1.22342
4.386 1.23895
4.446 1.2539
4.506 1.26828
4.566 1.28208
4.626 1.29529
4.686 1.30791
4.746 1.31993
4.806 1.33135
4.866 1.34217
4.926 1.35239
4.986 1.362
5.046 1.37099
5.106 1.37937
5.166 1.38714
5.226 1.39429
5.286 1.40082
5.346 1.40673
5.406 1.41201
5.466 1.41668
5.526 1.42071
5.586 1.42413
5.646 1.42691
5.706 1.42907
5.766 1.43059
5.826 1.43149
5.886 1.43176
5.946 1.43176
6.006 1.43176
6.066 1.43176
6.126 1.43176
6.186 1.43176
6.246 1.43176
6.306 1.43176
6.366 1.43176
6.426 1.43176
6.486 1.43176
6.546 1.43176
6.606 1.43176
6.666 1.43176
6.726 1.43176
6.786 1.43176
6.846 1.43176
6.906 1.43176
6.966 1.43176
7.026 1.43176
7.086 1.43176
7.146 1.43176
7.206 1.43176
7.266 1.43176
7.326 1.43176
7.386 1.43176
7.446 1.43176
7.506 1.43176
7.566 1.43176
7.626 1.43176
7.686 1.43176
7.746 1.43176
7.806 1.43176
7.866 1.43176
7.926 1.43176
7.986 1.43176
8.046 1.43176
8.106 1.43176
8.166 1.43176
8.226 1.43176
8.286 1.43176
8.346 1.43176
8.406 1.43176
8.466 1.43176
8.526 1.43176
8.586 1.43176
8.646 1.43176
8.706 1.43176
8.766 1.43176
8.826 1.43176
8.886 1.43176
8.946 1.43176
9.006 1.43176
9.066 1.43176
9.126 1.43176
9.186 1.43176
9.246 1.43176
9.306 1.43176
9.366 1.43176
9.426 1.43176
9.486 1.43176
9.546 1.43176
9.606 1.43176
9.666 1.43176
9.726 1.43176
9.786 1.43176
9.846 1.43176
9.906 1.43176
9.966 1.43176
10.026 1.43176
10.086 1.43176
10.146 1.43176
10.206 1.43176
10.266 1.43176
10.326 1.43176
10.386 1.43176
10.446 1.43176
10.506 1.43176
10.566 1.43176
10.626 1.43176
10.686 1.43176
10.746 1.43176
10.806 1.43176
10.866 1.43176
10.926 1.43176
10.986 1.43176
11.046 1.43176
11.106 1.43176
11.166 1.43176
11.226 1.43176
11.286 1.43176
11.346 1.43176
11.406 1.43176
11.466 1.43176
11.526 1.43176
11.586 1.43176
11.646 1.43176
11.706 1.43176
11.766 1.43176
11.826 1.43176
11.886 1.43176
11.946 1.43176
12.006 1.43176
12.066 1.43176
12.126 1.43176
12.186 1.43176
12.246 1.43176
12.306 1.43176
12.366 1.43176
12.426 1.43176
12.486 1.43176
12.546 1.43176
12.606 1.43176
12.666 1.43176
12.726 1.43176
12.786 1.43176
12.846 1.43176
12.906 1.43176
12.966 1.43176
13.026 1.43176
13.086 1.43176
13.146 1.43176
13.206 1.43176
13.266 1.43176
13.326 1.43176
13.386 1.43176
13.446 1.43176
13.506 1.43176
13.566 1.43176
13.626 1.43176
13.686 1.43176
13.746 1.43176
13.806 1.43176
13.866 1.43176
13.926 1.43176
13.986 1.43176
14.046 1.43176
14.106 1.43176
14.166 1.43176
14.226 1.43176
14.286 1.43176
14.346 1.43176
14.406 1.43176
14.466 1.43176
14.526 1.43176
14.586 1.43176
14.646 1.43176
14.706 1.43176
14.766 1.43176
14.826 1.43176
14.886 1.43176
14.946 1.43176
15.006 1.43176
15.066 1.43176
15.126 1.43176
15.186 1.43176
15.246 1.43176
15.306 1.43176
15.366 1.43176
15.426 1.43176
15.486 1.43176
15.546 1.43176
15.606 1.43176
15.666 1.43176
15.726 1.43176
15.786 1.43176
15.846 1.43176
15.906 1.43176
15.966 1.43176
16.026 1.43176
16.086 1.43176
16.146 1.43176
16.206 1.43176
16.266 1.43176
16.326 1.43176
16.386 1.43176
16.446 1.43176
16.506 1.43176
16.566 1.43176
16.626 1.43176
16.686 1.43176
16.746 1.43176
16.806 1.43176
16.866 1.43176
16.926 1.43176
16.986 1.43176
17.046 1.43176
17.106 1.43176
17.166 1.43176
17.226 1.43176
17.286 1.43176
17.346 1.43176
17.406 1.43176
17.466 1.43176
17.526 1.43176
17.586 1.43176
17.646 1.43176
17.706 1.43176
17.766 1.43176
17.826 1.43176
17.886 1.43176
17.946 1.43176
18.006 1.43176
18.066 1.43176
18.126 1.43176
18.186 1.43176
18.246 1.43176
18.306 1.43176
18.366 1.43176
18.426 1.43176
18.486 1.43176
18.546 1.43176
18.606 1.43176
18.666 1.43176
18.726 1.43176
18.786 1.43176
18.846 1.43176
18.906 1.43176
18.966 1.43176
19.026 1.43176
19.086 1.43176
19.146 1.43176
19.206 1.43176
19.266 1.43176
19.326 1.43176
19.386 1.43176
19.446 1.43176
19.506 1.43176
19.566 1.43176
19.626 1.43176
19.686 1.43176
19.746 1.43176
19.806 1.43176
19.866 1.43176
19.926 1.43176
19.986 1.43176
20.046 1.43176
20.106 1.43176
20.166 1.43176
20.226 1.43176
20.286 1.43176
20.346 1.43176
20.406 1.43176
20.466 1.43176
20.526 1.43176
20.586 1.43176
20.646 1.43176
20.706 1.43176
20.766 1.43176
20.826 1.43176
20.886 1.43176
20.946 1.43176
21.006 1.43176
21.066 1.43176
21.126 1.43176
21.186 1.43176
21.246 1.43176
21.306 1.43176
21.366 1.43176
21.426 1.43176
21.486 1.43176
21.546 1.43176
21.606 1.43176
21.666 1.43176
21.726 1.43176
21.786 1.43176
21.846 1.43176
21.906 1.43176
21.966 1.43176
22.026 1.43176
22.086 1.43176
22.146 1.43176
22.206 1.43176
22.266 1.43176
22.326 1.43176
22.386 1.43176
22.446 1.43176
22.506 1.43176
22.566 1.43176
22.626 1.43176
22.686 1.43176
22.746 1.43176
22.806 1.43176
22.866 1.43176
22.926 1.43176
22.986 1.43176
23.046 1.43176
23.106 1.43176
23.166 1.43176
23.226 1.43176
23.286 1.43176
23.346 1.43176
23.406 1.43176
23.466 1.43176
23.526 1.43176
23.586 1.43176
23.646 1.43176
23.706 1.43176
23.766 1.43176
23.826 1.43176
23.886 1.43176
23.946 1.43176
24.006 1.43176
24.066 1.43176
24.126 1.43176
24.186 1.43176
24.246 1.43176
24.306 1.43176
24.366 1.43176
24.426 1.43176
24.486 1.43176
24.546 1.43176
24.606 1.43176
24.666 1.43176
24.726 1.43176
24.786 1.43176
24.846 1.43176
24.906 1.43176
24.966 1.43176
25.026 1.43176
25.086 1.43176
25.146 1.43176
25.206 1.43176
25.266 1.43176
25.326 1.43176
25.386 1.43176
25.446 1.43176
25.506 1.43176
25.566 1.43176
25.626 1.43176
25.686 1.43176
25.746 1.43176
25.806 1.43176
25.866 1.43176
25.926 1.43176
25.986 1.43176
26.046 1.43176
26.106 1.43176
26.166 1.43176
26.226 1.43176
26.286 1.43176
26.346 1.43176
26.406 1.43176
26.466 1.43176
26.526 1.43176
26.586 1.43176
26.646 1.43176
26.706 1.43176
26.766 1.43176
26.826 1.43176
26.886 1.43176
26.946 1.43176
27.006 1.43176
27.066 1.43176
27.126 1.43176
27.186 1.43176
27.246 1.43176
27.306 1.43176
27.366 1.43176
27.426 1.43176
27.486 1.43176
27.546 1.43176
27.606 1.43176
27.666 1.43176
27.726 1.43176
27.786 1.43176
27.846 1.43176
27.906 1.43176
27.966 1.43176
28.026 1.43176
28.086 1.43176
28.146 1.43176
28.206 1.43176
28.266 1.43176
28.326 1.43176
28.386 1.43176
28.446 1.43176
28.506 1.43176
28.566 1.43176
28.626 1.43176
28.686 1.43176
28.746 1.43176
28.806 1.43176
28.866 1.43176
28.926 1.43176
28.986 1.43176
29.046 1.43176
29.106 1.43176
29.166 1.43176
29.226 1.43176
29.286 1.43176
29.346 1.43176
29.406 1.43176
29.466 1.43176
29.526 1.43176
29.586 1.43176
29.646 1.43176
29.706 1.43176
29.766 1.43176
29.826 1.43176
29.886 1.43176
29.946 1.43176
30.006 1.43176
30.066 1.43176
30.126 1.43176
30.186 1.43176
30.246 1.43176
30.306 1.43176
30.366 1.43176
30.426 1.43176
30.486 1.43176
30.546 1.43176
30.606 1.43176
30.666 1.43176
30.726 1.43176
30.786 1.43176
30.846 1.43176
30.906 1.43176
30.966 1.43176
31.026 1.43176
31.086 1.43176
31.146 1.43176
31.206 1.43176
31.266 1.43176
31.326 1.43176
31.386 1.43176
31.446 1.43176
31.506 1.43176
31.566 1.43176
31.626 1.43176
31.686 1.43176
31.746 1.43176
31.806 1.43176
31.866 1.43176
31.926 1.43176
31.986 1.43176
32.046 1.43176
32.106 1.43176
32.166 1.43176
32.226 1.43176
32.286 1.43176
32.346 1.43176
32.406 1.43176
32.466 1.43176
32.526 1.43176
32.586 1.43176
32.646 1.43176
32.706 1.43176
32.766 1.43176
32.826 1.43176
32.886 1.43176
32.946 1.43176
33.006 1.43176
33.066 1.43176
33.126 1.43176
33.186 1.43176
33.246 1.43176
33.306 1.43176
33.366 1.43176
33.426 1.43176
33.486 1.43176
33.546 1.43176
33.606 1.43176
33.666 1.43176
33.726 1.43176
33.786 1.43176
33.846 1.43176
33.906 1.43176
33.966 1.43176
34.026 1.43176
34.086 1.43176
34.146 1.43176
34.206 1.43176
34.266 1.43176
34.326 1.43176
34.386 1.43176
34.446 1.43176
34.506 1.43176
34.566 1.43176
34.626 1.43176
34.686 1.43176
34.746 1.43176
34.806 1.43176
34.866 1.43176
34.926 1.43176
34.986 1.43176
35.046 1.43176
35.106 1.43176
35.166 1.43176
35.226 1.43176
35.286 1.43176
35.346 1.43176
35.406 1.43176
35.466 1.43176
35.526 1.43176
35.586 1.43176
35.646 1.43176
35.706 1.43176
35.766 1.43176
35.826 1.43176
35.886 1.43176
35.946 1.43176
36.006 1.43176
36.066 1.43176
36.126 1.43176
36.186 1.43176
36.246 1.43176
36.306 1.43176
36.366 1.43176
36.426 1.43176
36.486 1.43176
36.546 1.43176
36.606 1.43176
36.666 1.43176
36.726 1.43176
36.786 1.43176
36.846 1.43176
36.906 1.43176
36.966 1.43176
37.026 1.43176
37.086 1.43176
37.146 1.43176
37.206 1.43176
37.266 1.43176
37.326 1.43176
37.386 1.43176
37.446 1.43176
37.506 1.43176
37.566 1.43176
37.626 1.43176
37.686 1.43176
37.746 1.43176
37.806 1.43176
37.866 1.43176
37.926 1.43176
37.986 1.43176
38.046 1.43176
38.106 1.43176
38.166 1.43176
38.226 1.43176
38.286 1.43176
38.346 1.43176
38.406 1.43176
38.466 1.43176
38.526 1.43176
38.586 1.43176
38.646 1.43176
38.706 1.43176
38.766 1.43176
38.826 1.43176
38.886 1.43176
38.946 1.43176
39.006 1.43176
39.066 1.43176
39.126 1.43176
39.186 1.43176
39.246 1.43176
39.306 1.43176
39.366 1.43176
39.426 1.43176
39.486 1.43176
39.546 1.43176
39.606 1.43176
39.666 1.43176
39.726 1.43176
39.786 1.43176
39.846 1.43176
39.906 1.43176
39.966 1.43176
40.026 1.43176
40.086 1.43176
40.146 1.43176
40.206 1.43176
40.266 1.43176
40.326 1.43176
40.386 1.43176
40.446 1.43176
40.506 1.43176
40.566 1.43176
40.626 1.43176
40.686 1.43176
40.746 1.43176
40.806 1.43176
40.866 1.43176
40.926 1.43176
40.986 1.43176
41.046 1.43176
41.106 1.43176
41.166 1.43176
41.226 1.43176
41.286 1.43176
41.346 1.43176
41.406 1.43176
41.466 1.43176
41.526 1.43176
41.586 1.43176
41.646 1.43176
41.706 1.43176
41.766 1.43176
41.826 1.43176
41.886 1.43176
41.946 1.43176
42.006 1.43176
42.066 1.43176
42.126 1.43176
42.186 1.43176
42.246 1.43176
42.306 1.43176
42.366 1.43176
42.426 1.43176
42.486 1.43176
42.546 1.43176
42.606 1.43176
42.666 1.43176
42.726 1.43176
42.786 1.43176
42.846 1.43176
42.906 1.43176
42.966 1.43176
43.026 1.43176
43.086 1.43176
43.146 1.43176
43.206 1.43176
43.266 1.43176
43.326 1.43176
43.386 1.43176
43.446 1.43176
43.506 1.43176
43.566 1.43176
43.626 1.43176
43.686 1.43176
43.746 1.43176
43.806 1.43176
43.866 1.43176
43.926 1.43176
43.986 1.43176
44.046 1.43176
44.106 1.43176
44.166 1.43176
44.226 1.43176
44.286 1.43176
44.346 1.43176
44.406 1.43176
44.466 1.43176
44.526 1.43176
44.586 1.43176
44.646 1.43176
44.706 1.43176
44.766 1.43176
44.826 1.43176
44.886 1.43176
44.946 1.43176
45.006 1.43176
45.066 1.43176
45.126 1.43176
45.186 1.43176
45.246 1.43176
45.306 1.43176
45.366 1.43176
45.426 1.43176
45.486 1.43176
45.546 1.43176
45.606 1.43176
45.666 1.43176
45.726 1.43176
45.786 1.43176
45.846 1.43176
45.906 1.43176
45.966 1.43176
46.026 1.43176
46.086 1.43176
46.146 1.43176
46.206 1.43176
46.266 1.43176
46.326 1.43176
46.386 1.43176
46.446 1.43176
46.506 1.43176
46.566 1.43176
46.626 1.43176
46.686 1.43176
46.746 1.43176
46.806 1.43176
46.866 1.43176
46.926 1.43176
46.986 1.43176
47.046 1.43176
47.106 1.43176
47.166 1.43176
47.226 1.43176
47.286 1.43176
47.346 1.43176
47.406 1.43176
47.466 1.43176
47.526 1.43176
47.586 1.43176
47.646 1.43176
47.706 1.43176
47.766 1.43176
47.826 1.43176
47.886 1.43176
47.946 1.43176
48.006 1.43176
48.066 1.43176
48.126 1.43176
48.186 1.43176
48.246 1.43176
48.306 1.43176
48.366 1.43176
48.426 1.43176
48.486 1.43176
48.546 1.43176
48.606 1.43176
48.666 1.43176
48.726 1.43176
48.786 1.43176
48.846 1.43176
48.906 1.43176
48.966 1.43176
49.026 1.43176
49.086 1.43176
49.146 1.43176
49.206 1.43176
49.266 1.43176
49.326 1.43176
49.386 1.43176
49.446 1.43176
49.506 1.43176
49.566 1.43176
49.626 1.43176
49.686 1.43176
49.746 1.43176
49.806 1.43176
49.866 1.43176
49.926 1.43176
49.986 1.43176
50.046 1.43176
50.106 1.43176
50.166 1.43176
50.226 1.43176
50.286 1.43176
50.346 1.43176
50.406 1.43176
50.466 1.43176
50.526 1.43176
50.586 1.43176
50.646 1.43176
50.706 1.43176
50.766 1.43176
50.826 1.43176
50.886 1.43176
50.946 1.43176
51.006 1.43176
51.066 1.43176
51.126 1.43176
51.186 1.43176
51.246 1.43176
51.306 1.43176
51.366 1.43176
51.426 1.43176
51.486 1.43176
51.546 1.43176
51.606 1.43176
51.666 1.43176
51.726 1.43176
51.786 1.43176
51.846 1.43176
51.906 1.43176
51.966 1.43176
52.026 1.43176
52.086 1.43176
52.146 1.43176
52.206 1.43176
52.266 1.43176
52.326 1.43176
52.386 1.43176
52.446 1.43176
52.506 1.43176
52.566 1.43176
52.626 1.43176
52.686 1.43176
52.746 1.43176
52.806 1.43176
52.866 1.43176
52.926 1.43176
52.986 1.43176
53.046 1.43176
53.106 1.43176
53.166 1.43176
53.226 1.43176
53.286 1.43176
53.346 1.43176
53.406 1.43176
53.466 1.43176
53.526 1.43176
53.586 1.43176
53.646 1.43176
53.706 1.43176
53.766 1.43176
53.826 1.43176
53.886 1.43176
53.946 1.43176
54.006 1.43176
54.066 1.43176
54.126 1.43176
54.186 1.43176
54.246 1.43176
54.306 1.43176
54.366 1.43176
54.426 1.43176
54.486 1.43176
54.546 1.43176
54.606 1.43176
54.666 1.43176
54.726 1.43176
54.786 1.43176
54.846 1.43176
54.906 1.43176
54.966 1.43176
55.026 1.43176
55.086 1.43176
55.146 1.43176
55.206 1.43176
55.266 1.43176
55.326 1.43176
55.386 1.43176
55.446 1.43176
55.506 1.43176
55.566 1.43176
55.626 1.43176
55.686 1.43176
55.746 1.43176
55.806 1.43176
55.866 1.43176
55.926 1.43176
55.986 1.43176
56.046 1.43176
56.106 1.43176
56.166 1.43176
56.226 1.43176
56.286 1.43176
56.346 1.43176
56.406 1.43176
56.466 1.43176
56.526 1.43176
56.586 1.43176
56.646 1.43176
56.706 1.43176
56.766 1.43176
56.826 1.43176
56.886 1.43176
56.946 1.43176
57.006 1.43176
57.066 1.43176
57.126 1.43176
57.186 1.43176
57.246 1.43176
57.306 1.43176
57.366 1.43176
57.426 1.43176
57.486 1.43176
57.546 1.43176
57.606 1.43176
57.666 1.43176
57.726 1.43176
57.786 1.43176
57.846 1.43176
57.906 1.43176
57.966 1.43176
58.026 1.43176
58.086 1.43176
58.146 1.43176
58.206 1.43176
58.266 1.43176
58.326 1.43176
58.386 1.43176
58.446 1.43176
58.506 1.43176
58.566 1.43176
58.626 1.43176
58.686 1.43176
58.746 1.43176
58.806 1.43176
58.866 1.43176
58.926 1.43176
58.986 1.43176
59.046 1.43176
59.106 1.43176
59.166 1.43176
59.226 1.43176
59.286 1.43176
59.346 1.43176
59.406 1.43176
59.466 1.43176
59.526 1.43176
59.586 1.43176
59.646 1.43176
59.706 1.43176
59.766 1.43176
59.826 1.43176
59.886 1.43176
59.946 1.43176

