0.006 0
0.066 0.00100684
0.126 0.00623497
0.186 0.0169072
0.246 0.0318691
0.306 0.0491211
0.366 0.0669357
0.426 0.0842511
0.486 0.10057
0.546 0.115744
0.606 0.129874
0.666 0.143107
0.726 0.155611
0.786 0.16756
0.846 0.179126
0.906 0.190464
0.966 0.201693
1.026 0.212865
1.086 0.223909
1.146 0.234621
1.206 0.244751
1.266 0.254138
1.326 0.262721
1.386 0.270509
1.446 0.27754
1.506 0.283868
1.566 0.289554
1.626 0.294658
1.686 0.299235
1.746 0.303339
1.806 0.307019
1.866 0.310319
1.926 0.31328
1.986 0.315937
2.046 0.318322
2.106 0.320465
2.166 0.322391
2.226 0.324122
2.286 0.32568
2.346 0.327082
2.406 0.328345
2.466 0.329482
2.526 0.330508
2.586 0.331433
2.646 0.332267
2.706 0.33302
2.766 0.3337
2.826 0.334314
2.886 0.33487
2.946 0.335372
3.006 0.335826
3.066 0.336236
3.126 0.336608
3.186 0.336944
3.246 0.337249
3.306 0.337525
3.366 0.337775
3.426 0.338001
3.486 0.338206
3.546 0.338392
3.606 0.338561
3.666 0.338714
3.726 0.338853
3.786 0.338979
3.846 0.339093
3.906 0.339197
3.966 0.339291
4.026 0.339376
4.086 0.339454
4.146 0.339524
4.206 0.339588
4.266 0.339646
4.326 0.339699
4.386 0.339747
4.446 0.339791
4.506 0.33983
4.566 0.339866
4.626 0.339898
4.686 0.339928
4.746 0.339955
4.806 0.339979
4.866 0.340001
4.926 0.340022
4.986 0.34004
5.046 0.340056
5.106 0.340071
5.166 0.340085
5.226 0.340098
5.286 0.340109
5.346 0.340119
5.406 0.340128
5.466 0.340137
5.526 0.340144
5.586 0.340151
5.646 0.340157
5.706 0.340163
5.766 0.340168
5.826 0.340172
5.886 0.340177
5.946 0.34018
6.006 0.340184
6.066 0.340187
6.126 0.34019
6.186 0.340192
6.246 0.340194
6.306 0.340196
6.366 0.340198
6.426 0.3402
6.486 0.340201
6.546 0.340202
6.606 0.340204
6.666 0.340205
6.726 0.340206
6.786 0.340206
6.846 0.340207
6.906 0.340208
6.966 0.340209
7.026 0.340209
7.086 0.34021
7.146 0.34021
7.206 0.340211
7.266 0.340211
7.326 0.340211
7.386 0.340211
7.446 0.340211
7.506 0.340211
7.566 0.340211
7.626 0.340211
7.686 0.340211
7.746 0.340211
7.806 0.340211
7.866 0.340211
7.926 0.340211
7.986 0.340211
8.046 0.340211
8.106 0.340211
8.166 0.340211
8.226 0.340211
8.286 0.340211
8.346 0.340211
8.406 0.340211
8.466 0.340211
8.526 0.340211
8.586 0.340211
8.646 0.340211
8.706 0.340211
8.766 0.340211
8.826 0.340211
8.886 0.340211
8.946 0.340211
9.006 0.340211
9.066 0.340211
9.126 0.340211
9.186 0.340211
9.246 0.340211
9.306 0.340211
9.366 0.340211
9.426 0.340211
9.486 0.340211
9.546 0.340211
9.606 0.340211
9.666 0.340211
9.726 0.340211
9.786 0.340211
9.846 0.340211
9.906 0.340211
9.966 0.340211
10.026 0.340211
10.086 0.340211
10.146 0.340211
10.206 0.340211
10.266 0.340211
10.326 0.340211
10.386 0.340211
10.446 0.340211
10.506 0.340211
10.566 0.340211
10.626 0.340211
10.686 0.340211
10.746 0.340211
10.806 0.340211
10.866 0.340211
10.926 0.340211
10.986 0.340211
11.046 0.340211
11.106 0.340211
11.166 0.340211
11.226 0.340211
11.286 0.340211
11.346 0.340211
11.406 0.340211
11.466 0.340211
11.526 0.340211
11.586 0.340211
11.646 0.340211
11.706 0.340211
11.766 0.340211
11.826 0.340211
11.886 0.340211
11.946 0.340211
12.006 0.340211
12.066 0.340211
12.126 0.340211
12.186 0.340211
12.246 0.340211
12.306 0.340211
12.366 0.340211
12.426 0.340211
12.486 0.340211
12.546 0.340211
12.606 0.340211
12.666 0.340211
12.726 0.340211
12.786 0.340211
12.846 0.340211
12.906 0.340211
12.966 0.340211
13.026 0.340211
13.086 0.340211
13.146 0.340211
13.206 0.340211
13.266 0.340211
13.326 0.340211
13.386 0.340211
13.446 0.340211
13.506 0.340211
13.566 0.340211
13.626 0.340211
13.686 0.340211
13.746 0.340211
13.806 0.340211
13.866 0.340211
13.926 0.340211
13.986 0.340211
14.046 0.340211
14.106 0.340211
14.166 0.340211
14.226 0.340211
14.286 0.340211
14.346 0.340211
14.406 0.340211
14.466 0.340211
14.526 0.340211
14.586 0.340211
14.646 0.340211
14.706 0.340211
14.766 0.340211
14.826 0.340211
14.886 0.340211
14.946 0.340211
15.006 0.340211
15.066 0.340211
15.126 0.340211
15.186 0.340211
15.246 0.340211
15.306 0.340211
15.366 0.340211
15.426 0.340211
15.486 0.340211
15.546 0.340211
15.606 0.340211
15.666 0.340211
15.726 0.340211
15.786 0.340211
15.846 0.340211
15.906 0.340211
15.966 0.340211
16.026 0.340211
16.086 0.340211
16.146 0.340211
16.206 0.340211
16.266 0.340211
16.326 0.340211
16.386 0.340211
16.446 0.340211
16.506 0.340211
16.566 0.340211
16.626 0.340211
16.686 0.340211
16.746 0.340211
16.806 0.340211
16.866 0.340211
16.926 0.340211
16.986 0.340211
17.046 0.340211
17.106 0.340211
17.166 0.340211
17.226 0.340211
17.286 0.340211
17.346 0.340211
17.406 0.340211
17.466 0.340211
17.526 0.340211
17.586 0.340211
17.646 0.340211
17.706 0.340211
17.766 0.340211
17.826 0.340211
17.886 0.340211
17.946 0.340211
18.006 0.340211
18.066 0.340211
18.126 0.340211
18.186 0.340211
18.246 0.340211
18.306 0.340211
18.366 0.340211
18.426 0.340211
18.486 0.340211
18.546 0.340211
18.606 0.340211
18.666 0.340211
18.726 0.340211
18.786 0.340211
18.846 0.340211
18.906 0.340211
18.966 0.340211
19.026 0.340211
19.086 0.340211
19.146 0.340211
19.206 0.340211
19.266 0.340211
19.326 0.340211
19.386 0.340211
19.446 0.340211
19.506 0.340211
19.566 0.340211
19.626 0.340211
19.686 0.340211
19.746 0.340211
19.806 0.340211
19.866 0.340211
19.926 0.340211
19.986 0.340211
20.046 0.340211
20.106 0.340211
20.166 0.340211
20.226 0.340211
20.286 0.340211
20.346 0.340211
20.406 0.340211
20.466 0.340211
20.526 0.340211
20.586 0.340211
20.646 0.340211
20.706 0.340211
20.766 0.340211
20.826 0.340211
20.886 0.340211
20.946 0.340211
21.006 0.340211
21.066 0.340211
21.126 0.340211
21.186 0.340211
21.246 0.340211
21.306 0.340211
21.366 0.340211
21.426 0.340211
21.486 0.340211
21.546 0.340211
21.606 0.340211
21.666 0.340211
21.726 0.340211
21.786 0.340211
21.846 0.340211
21.906 0.340211
21.966 0.340211
22.026 0.340211
22.086 0.340211
22.146 0.340211
22.206 0.340211
22.266 0.340211
22.326 0.340211
22.386 0.340211
22.446 0.340211
22.506 0.340211
22.566 0.340211
22.626 0.340211
22.686 0.340211
22.746 0.340211
22.806 0.340211
22.866 0.340211
22.926 0.340211
22.986 0.340211
23.046 0.340211
23.106 0.340211
23.166 0.340211
23.226 0.340211
23.286 0.340211
23.346 0.340211
23.406 0.340211
23.466 0.340211
23.526 0.340211
23.586 0.340211
23.646 0.340211
23.706 0.340211
23.766 0.340211
23.826 0.340211
23.886 0.340211
23.946 0.340211
24.006 0.340211
24.066 0.340211
24.126 0.340211
24.186 0.340211
24.246 0.340211
24.306 0.340211
24.366 0.340211
24.426 0.340211
24.486 0.340211
24.546 0.340211
24.606 0.340211
24.666 0.340211
24.726 0.340211
24.786 0.340211
24.846 0.340211
24.906 0.340211
24.966 0.340211
25.026 0.340211
25.086 0.340211
25.146 0.340211
25.206 0.340211
25.266 0.340211
25.326 0.340211
25.386 0.340211
25.446 0.340211
25.506 0.340211
25.566 0.340211
25.626 0.340211
25.686 0.340211
25.746 0.340211
25.806 0.340211
25.866 0.340211
25.926 0.340211
25.986 0.340211
26.046 0.340211
26.106 0.340211
26.166 0.340211
26.226 0.340211
26.286 0.340211
26.346 0.340211
26.406 0.340211
26.466 0.340211
26.526 0.340211
26.586 0.340211
26.646 0.340211
26.706 0.340211
26.766 0.340211
26.826 0.340211
26.886 0.340211
26.946 0.340211
27.006 0.340211
27.066 0.340211
27.126 0.340211
27.186 0.340211
27.246 0.340211
27.306 0.340211
27.366 0.340211
27.426 0.340211
27.486 0.340211
27.546 0.340211
27.606 0.340211
27.666 0.340211
27.726 0.340211
27.786 0.340211
27.846 0.340211
27.906 0.340211
27.966 0.340211
28.026 0.340211
28.086 0.340211
28.146 0.340211
28.206 0.340211
28.266 0.340211
28.326 0.340211
28.386 0.340211
28.446 0.340211
28.506 0.340211
28.566 0.340211
28.626 0.340211
28.686 0.340211
28.746 0.340211
28.806 0.340211
28.866 0.340211
28.926 0.340211
28.986 0.340211
29.046 0.340211
29.106 0.340211
29.166 0.340211
29.226 0.340211
29.286 0.340211
29.346 0.340211
29.406 0.340211
29.466 0.340211
29.526 0.340211
29.586 0.340211
29.646 0.340211
29.706 0.340211
29.766 0.340211
29.826 0.340211
29.886 0.340211
29.946 0.340211
30.006 0.340211
30.066 0.340211
30.126 0.340211
30.186 0.340211
30.246 0.340211
30.306 0.340211
30.366 0.340211
30.426 0.340211
30.486 0.340211
30.546 0.340211
30.606 0.340211
30.666 0.340211
30.726 0.340211
30.786 0.340211
30.846 0.340211
30.906 0.340211
30.966 0.340211
31.026 0.340211
31.086 0.340211
31.146 0.340211
31.206 0.340211
31.266 0.340211
31.326 0.340211
31.386 0.340211
31.446 0.340211
31.506 0.340211
31.566 0.340211
31.626 0.340211
31.686 0.340211
31.746 0.340211
31.806 0.340211
31.866 0.340211
31.926 0.340211
31.986 0.340211
32.046 0.340211
32.106 0.340211
32.166 0.340211
32.226 0.340211
32.286 0.340211
32.346 0.340211
32.406 0.340211
32.466 0.340211
32.526 0.340211
32.586 0.340211
32.646 0.340211
32.706 0.340211
32.766 0.340211
32.826 0.340211
32.886 0.340211
32.946 0.340211
33.006 0.340211
33.066 0.340211
33.126 0.340211
33.186 0.340211
33.246 0.340211
33.306 0.340211
33.366 0.340211
33.426 0.340211
33.486 0.340211
33.546 0.340211
33.606 0.340211
33.666 0.340211
33.726 0.340211
33.786 0.340211
33.846 0.340211
33.906 0.340211
33.966 0.340211
34.026 0.340211
34.086 0.340211
34.146 0.340211
34.206 0.340211
34.266 0.340211
34.326 0.340211
34.386 0.340211
34.446 0.340211
34.506 0.340211
34.566 0.340211
34.626 0.340211
34.686 0.340211
34.746 0.340211
34.806 0.340211
34.866 0.340211
34.926 0.340211
34.986 0.340211
35.046 0.340211
35.106 0.340211
35.166 0.340211
35.226 0.340211
35.286 0.340211
35.346 0.340211
35.406 0.340211
35.466 0.340211
35.526 0.340211
35.586 0.340211
35.646 0.340211
35.706 0.340211
35.766 0.340211
35.826 0.340211
35.886 0.340211
35.946 0.340211
36.006 0.340211
36.066 0.340211
36.126 0.340211
36.186 0.340211
36.246 0.340211
36.306 0.340211
36.366 0.340211
36.426 0.340211
36.486 0.340211
36.546 0.340211
36.606 0.340211
36.666 0.340211
36.726 0.340211
36.786 0.340211
36.846 0.340211
36.906 0.340211
36.966 0.340211
37.026 0.340211
37.086 0.340211
37.146 0.340211
37.206 0.340211
37.266 0.340211
37.326 0.340211
37.386 0.340211
37.446 0.340211
37.506 0.340211
37.566 0.340211
37.626 0.340211
37.686 0.340211
37.746 0.340211
37.806 0.340211
37.866 0.340211
37.926 0.340211
37.986 0.340211
38.046 0.340211
38.106 0.340211
38.166 0.340211
38.226 0.340211
38.286 0.340211
38.346 0.340211
38.406 0.340211
38.466 0.340211
38.526 0.340211
38.586 0.340211
38.646 0.340211
38.706 0.340211
38.766 0.340211
38.826 0.340211
38.886 0.340211
38.946 0.340211
39.006 0.340211
39.066 0.340211
39.126 0.340211
39.186 0.340211
39.246 0.340211
39.306 0.340211
39.366 0.340211
39.426 0.340211
39.486 0.340211
39.546 0.340211
39.606 0.340211
39.666 0.340211
39.726 0.340211
39.786 0.340211
39.846 0.340211
39.906 0.340211
39.966 0.340211
40.026 0.340211
40.086 0.340211
40.146 0.340211
40.206 0.340211
40.266 0.340211
40.326 0.340211
40.386 0.340211
40.446 0.340211
40.506 0.340211
40.566 0.340211
40.626 0.340211
40.686 0.340211
40.746 0.340211
40.806 0.340211
40.866 0.340211
40.926 0.340211
40.986 0.340211
41.046 0.340211
41.106 0.340211
41.166 0.340211
41.226 0.340211
41.286 0.340211
41.346 0.340211
41.406 0.340211
41.466 0.340211
41.526 0.340211
41.586 0.340211
41.646 0.340211
41.706 0.340211
41.766 0.340211
41.826 0.340211
41.886 0.340211
41.946 0.340211
42.006 0.340211
42.066 0.340211
42.126 0.340211
42.186 0.340211
42.246 0.340211
42.306 0.340211
42.366 0.340211
42.426 0.340211
42.486 0.340211
42.546 0.340211
42.606 0.340211
42.666 0.340211
42.726 0.340211
42.786 0.340211
42.846 0.340211
42.906 0.340211
42.966 0.340211
43.026 0.340211
43.086 0.340211
43.146 0.340211
43.206 0.340211
43.266 0.340211
43.326 0.340211
43.386 0.340211
43.446 0.340211
43.506 0.340211
43.566 0.340211
43.626 0.340211
43.686 0.340211
43.746 0.340211
43.806 0.340211
43.866 0.340211
43.926 0.340211
43.986 0.340211
44.046 0.340211
44.106 0.340211
44.166 0.340211
44.226 0.340211
44.286 0.340211
44.346 0.340211
44.406 0.340211
44.466 0.340211
44.526 0.340211
44.586 0.340211
44.646 0.340211
44.706 0.340211
44.766 0.340211
44.826 0.340211
44.886 0.340211
44.946 0.340211
45.006 0.340211
45.066 0.340211
45.126 0.340211
45.186 0.340211
45.246 0.340211
45.306 0.340211
45.366 0.340211
45.426 0.340211
45.486 0.340211
45.546 0.340211
45.606 0.340211
45.666 0.340211
45.726 0.340211
45.786 0.340211
45.846 0.340211
45.906 0.340211
45.966 0.340211
46.026 0.340211
46.086 0.340211
46.146 0.340211
46.206 0.340211
46.266 0.340211
46.326 0.340211
46.386 0.340211
46.446 0.340211
46.506 0.340211
46.566 0.340211
46.626 0.340211
46.686 0.340211
46.746 0.340211
46.806 0.340211
46.866 0.340211
46.926 0.340211
46.986 0.340211
47.046 0.340211
47.106 0.340211
47.166 0.340211
47.226 0.340211
47.286 0.340211
47.346 0.340211
47.406 0.340211
47.466 0.340211
47.526 0.340211
47.586 0.340211
47.646 0.340211
47.706 0.340211
47.766 0.340211
47.826 0.340211
47.886 0.340211
47.946 0.340211
48.006 0.340211
48.066 0.340211
48.126 0.340211
48.186 0.340211
48.246 0.340211
48.306 0.340211
48.366 0.340211
48.426 0.340211
48.486 0.340211
48.546 0.340211
48.606 0.340211
48.666 0.340211
48.726 0.340211
48.786 0.340211
48.846 0.340211
48.906 0.340211
48.966 0.340211
49.026 0.340211
49.086 0.340211
49.146 0.340211
49.206 0.340211
49.266 0.340211
49.326 0.340211
49.386 0.340211
49.446 0.340211
49.506 0.340211
49.566 0.340211
49.626 0.340211
49.686 0.340211
49.746 0.340211
49.806 0.340211
49.866 0.340211
49.926 0.340211
49.986 0.340211
50.046 0.340211
50.106 0.340211
50.166 0.340211
50.226 0.340211
50.286 0.340211
50.346 0.340211
50.406 0.340211
50.466 0.340211
50.526 0.340211
50.586 0.340211
50.646 0.340211
50.706 0.340211
50.766 0.340211
50.826 0.340211
50.886 0.340211
50.946 0.340211
51.006 0.340211
51.066 0.340211
51.126 0.340211
51.186 0.340211
51.246 0.340211
51.306 0.340211
51.366 0.340211
51.426 0.340211
51.486 0.340211
51.546 0.340211
51.606 0.340211
51.666 0.340211
51.726 0.340211
51.786 0.340211
51.846 0.340211
51.906 0.340211
51.966 0.340211
52.026 0.340211
52.086 0.340211
52.146 0.340211
52.206 0.340211
52.266 0.340211
52.326 0.340211
52.386 0.340211
52.446 0.340211
52.506 0.340211
52.566 0.340211
52.626 0.340211
52.686 0.340211
52.746 0.340211
52.806 0.340211
52.866 0.340211
52.926 0.340211
52.986 0.340211
53.046 0.340211
53.106 0.340211
53.166 0.340211
53.226 0.340211
53.286 0.340211
53.346 0.340211
53.406 0.340211
53.466 0.340211
53.526 0.340211
53.586 0.340211
53.646 0.340211
53.706 0.340211
53.766 0.340211
53.826 0.340211
53.886 0.340211
53.946 0.340211
54.006 0.340211
54.066 0.340211
54.126 0.340211
54.186 0.340211
54.246 0.340211
54.306 0.340211
54.366 0.340211
54.426 0.340211
54.486 0.340211
54.546 0.340211
54.606 0.340211
54.666 0.340211
54.726 0.340211
54.786 0.340211
54.846 0.340211
54.906 0.340211
54.966 0.340211
55.026 0.340211
55.086 0.340211
55.146 0.340211
55.206 0.340211
55.266 0.340211
55.326 0.340211
55.386 0.340211
55.446 0.340211
55.506 0.340211
55.566 0.340211
55.626 0.340211
55.686 0.340211
55.746 0.340211
55.806 0.340211
55.866 0.340211
55.926 0.340211
55.986 0.340211
56.046 0.340211
56.106 0.340211
56.166 0.340211
56.226 0.340211
56.286 0.340211
56.346 0.340211
56.406 0.340211
56.466 0.340211
56.526 0.340211
56.586 0.340211
56.646 0.340211
56.706 0.340211
56.766 0.340211
56.826 0.340211
56.886 0.340211
56.946 0.340211
57.006 0.340211
57.066 0.340211
57.126 0.340211
57.186 0.340211
57.246 0.340211
57.306 0.340211
57.366 0.340211
57.426 0.340211
57.486 0.340211
57.546 0.340211
57.606 0.340211
57.666 0.340211
57.726 0.340211
57.786 0.340211
57.846 0.340211
57.906 0.340211
57.966 0.340211
58.026 0.340211
58.086 0.340211
58.146 0.340211
58.206 0.340211
58.266 0.340211
58.326 0.340211
58.386 0.340211
58.446 0.340211
58.506 0.340211
58.566 0.340211
58.626 0.340211
58.686 0.340211
58.746 0.340211
58.806 0.340211
58.866 0.340211
58.926 0.340211
58.986 0.340211
59.046 0.340211
59.106 0.340211
59.166 0.340211
59.226 0.340211
59.286 0.340211
59.346 0.340211
59.406 0.340211
59.466 0.340211
59.526 0.340211
59.586 0.340211
59.646 0.340211
59.706 0.340211
59.766 0.340211
59.826 0.340211
59.886 0.340211
59.946 0.340211

