0.006 0
0.066 3.18332e-05
0.126 0.000220916
0.186 0.000706953
0.246 0.00162364
0.306 0.00309598
0.366 0.00523785
0.426 0.0081498
0.486 0.0119173
0.546 0.0166094
0.606 0.0222781
0.666 0.0289581
0.726 0.0366676
0.786 0.0454094
0.846 0.0551721
0.906 0.0659326
0.966 0.0776572
1.026 0.0903045
1.086 0.103826
1.146 0.11817
1.206 0.13328
1.266 0.149099
1.326 0.16557
1.386 0.182637
1.446 0.200244
1.506 0.218337
1.566 0.236868
1.626 0.255788
1.686 0.275053
1.746 0.294623
1.806 0.31446
1.866 0.334527
1.926 0.354795
1.986 0.375233
2.046 0.395813
2.106 0.416512
2.166 0.437306
2.226 0.458174
2.286 0.479095
2.346 0.500051
2.406 0.521024
2.466 0.541996
2.526 0.562951
2.586 0.583873
2.646 0.604747
2.706 0.625558
2.766 0.646289
2.826 0.666928
2.886 0.687458
2.946 0.707867
3.006 0.72814
3.066 0.748262
3.126 0.76822
3.186 0.788001
3.246 0.807591
3.306 0.826976
3.366 0.846144
3.426 0.865081
3.486 0.883776
3.546 0.902215
3.606 0.920387
3.666 0.93828
3.726 0.955883
3.786 0.973183
3.846 0.990172
3.906 1.00684
3.966 1.02317
4.026 1.03916
4.086 1.05479
4.146 1.07006
4.206 1.08496
4.266 1.09949
4.326 1.11362
4.386 1.12735
4.446 1.14069
4.506 1.15361
4.566 1.16611
4.626 1.17818
4.686 1.18982
4.746 1.20103
4.806 1.21179
4.866 1.22209
4.926 1.23194
4.986 1.24133
5.046 1.25025
5.106 1.2587
5.166 1.26667
5.226 1.27416
5.286 1.28117
5.346 1.28768
5.406 1.2937
5.466 1.29922
5.526 1.30424
5.586 1.30875
5.646 1.31275
5.706 1.31624
5.766 1.31921
5.826 1.32167
5.886 1.3236
5.946 1.32501
6.006 1.32589
6.066 1.32625
6.126 1.32625
6.186 1.32625
6.246 1.32625
6.306 1.32625
6.366 1.32625
6.426 1.32626
6.486 1.32626
6.546 1.32626
6.606 1.32626
6.666 1.32626
6.726 1.32626
6.786 1.32626
6.846 1.32626
6.906 1.32626
6.966 1.32626
7.026 1.32626
7.086 1.32626
7.146 1.32626
7.206 1.32626
7.266 1.32626
7.326 1.32626
7.386 1.32626
7.446 1.32626
7.506 1.32626
7.566 1.32626
7.626 1.32626
7.686 1.32626
7.746 1.32626
7.806 1.32626
7.866 1.32626
7.926 1.32626
7.986 1.32626
8.046 1.32626
8.106 1.32626
8.166 1.32626
8.226 1.32626
8.286 1.32626
8.346 1.32626
8.406 1.32626
8.466 1.32626
8.526 1.32626
8.586 1.32626
8.646 1.32626
8.706 1.32626
8.766 1.32626
8.826 1.32626
8.886 1.32626
8.946 1.32626
9.006 1.32626
9.066 1.32626
9.126 1.32626
9.186 1.32626
9.246 1.32626
9.306 1.32626
9.366 1.32626
9.426 1.32626
9.486 1.32626
9.546 1.32626
9.606 1.32626
9.666 1.32626
9.726 1.32626
9.786 1.32626
9.846 1.32626
9.906 1.32626
9.966 1.32626
10.026 1.32626
10.086 1.32626
10.146 1.32626
10.206 1.32626
10.266 1.32626
10.326 1.32626
10.386 1.32626
10.446 1.32626
10.506 1.32626
10.566 1.32626
10.626 1.32626
10.686 1.32626
10.746 1.32626
10.806 1.32626
10.866 1.32626
10.926 1.32626
10.986 1.32626
11.046 1.32626
11.106 1.32626
11.166 1.32626
11.226 1.32626
11.286 1.32626
11.346 1.32626
11.406 1.32626
11.466 1.32626
11.526 1.32626
11.586 1.32626
11.646 1.32626
11.706 1.32626
11.766 1.32626
11.826 1.32626
11.886 1.32626
11.946 1.32626
12.006 1.32626
12.066 1.32626
12.126 1.32626
12.186 1.32626
12.246 1.32626
12.306 1.32626
12.366 1.32626
12.426 1.32626
12.486 1.32626
12.546 1.32626
12.606 1.32626
12.666 1.32626
12.726 1.32626
12.786 1.32626
12.846 1.32626
12.906 1.32626
12.966 1.32626
13.026 1.32626
13.086 1.32626
13.146 1.32626
13.206 1.32626
13.266 1.32626
13.326 1.32626
13.386 1.32626
13.446 1.32626
13.506 1.32626
13.566 1.32626
13.626 1.32626
13.686 1.32626
13.746 1.32626
13.806 1.32626
13.866 1.32626
13.926 1.32626
13.986 1.32626
14.046 1.32626
14.106 1.32626
14.166 1.32626
14.226 1.32626
14.286 1.32626
14.346 1.32626
14.406 1.32626
14.466 1.32626
14.526 1.32626
14.586 1.32626
14.646 1.32626
14.706 1.32626
14.766 1.32626
14.826 1.32626
14.886 1.32626
14.946 1.32626
15.006 1.32626
15.066 1.32626
15.126 1.32626
15.186 1.32626
15.246 1.32626
15.306 1.32626
15.366 1.32626
15.426 1.32626
15.486 1.32626
15.546 1.32626
15.606 1.32626
15.666 1.32626
15.726 1.32626
15.786 1.32626
15.846 1.32626
15.906 1.32626
15.966 1.32626
16.026 1.32626
16.086 1.32626
16.146 1.32626
16.206 1.32626
16.266 1.32626
16.326 1.32626
16.386 1.32626
16.446 1.32626
16.506 1.32626
16.566 1.32626
16.626 1.32626
16.686 1.32626
16.746 1.32626
16.806 1.32626
16.866 1.32626
16.926 1.32626
16.986 1.32626
17.046 1.32626
17.106 1.32626
17.166 1.32626
17.226 1.32626
17.286 1.32626
17.346 1.32626
17.406 1.32626
17.466 1.32626
17.526 1.32626
17.586 1.32626
17.646 1.32626
17.706 1.32626
17.766 1.32626
17.826 1.32626
17.886 1.32626
17.946 1.32626
18.006 1.32626
18.066 1.32626
18.126 1.32626
18.186 1.32626
18.246 1.32626
18.306 1.32626
18.366 1.32626
18.426 1.32626
18.486 1.32626
18.546 1.32626
18.606 1.32626
18.666 1.32626
18.726 1.32626
18.786 1.32626
18.846 1.32626
18.906 1.32626
18.966 1.32626
19.026 1.32626
19.086 1.32626
19.146 1.32626
19.206 1.32626
19.266 1.32626
19.326 1.32626
19.386 1.32626
19.446 1.32626
19.506 1.32626
19.566 1.32626
19.626 1.32626
19.686 1.32626
19.746 1.32626
19.806 1.32626
19.866 1.32626
19.926 1.32626
19.986 1.32626
20.046 1.32626
20.106 1.32626
20.166 1.32626
20.226 1.32626
20.286 1.32626
20.346 1.32626
20.406 1.32626
20.466 1.32626
20.526 1.32626
20.586 1.32626
20.646 1.32626
20.706 1.32626
20.766 1.32626
20.826 1.32626
20.886 1.32626
20.946 1.32626
21.006 1.32626
21.066 1.32626
21.126 1.32626
21.186 1.32626
21.246 1.32626
21.306 1.32626
21.366 1.32626
21.426 1.32626
21.486 1.32626
21.546 1.32626
21.606 1.32626
21.666 1.32626
21.726 1.32626
21.786 1.32626
21.846 1.32626
21.906 1.32626
21.966 1.32626
22.026 1.32626
22.086 1.32626
22.146 1.32626
22.206 1.32626
22.266 1.32626
22.326 1.32626
22.386 1.32626
22.446 1.32626
22.506 1.32626
22.566 1.32626
22.626 1.32626
22.686 1.32626
22.746 1.32626
22.806 1.32626
22.866 1.32626
22.926 1.32626
22.986 1.32626
23.046 1.32626
23.106 1.32626
23.166 1.32626
23.226 1.32626
23.286 1.32626
23.346 1.32626
23.406 1.32626
23.466 1.32626
23.526 1.32626
23.586 1.32626
23.646 1.32626
23.706 1.32626
23.766 1.32626
23.826 1.32626
23.886 1.32626
23.946 1.32626
24.006 1.32626
24.066 1.32626
24.126 1.32626
24.186 1.32626
24.246 1.32626
24.306 1.32626
24.366 1.32626
24.426 1.32626
24.486 1.32626
24.546 1.32626
24.606 1.32626
24.666 1.32626
24.726 1.32626
24.786 1.32626
24.846 1.32626
24.906 1.32626
24.966 1.32626
25.026 1.32626
25.086 1.32626
25.146 1.32626
25.206 1.32626
25.266 1.32626
25.326 1.32626
25.386 1.32626
25.446 1.32626
25.506 1.32626
25.566 1.32626
25.626 1.32626
25.686 1.32626
25.746 1.32626
25.806 1.32626
25.866 1.32626
25.926 1.32626
25.986 1.32626
26.046 1.32626
26.106 1.32626
26.166 1.32626
26.226 1.32626
26.286 1.32626
26.346 1.32626
26.406 1.32626
26.466 1.32626
26.526 1.32626
26.586 1.32626
26.646 1.32626
26.706 1.32626
26.766 1.32626
26.826 1.32626
26.886 1.32626
26.946 1.32626
27.006 1.32626
27.066 1.32626
27.126 1.32626
27.186 1.32626
27.246 1.32626
27.306 1.32626
27.366 1.32626
27.426 1.32626
27.486 1.32626
27.546 1.32626
27.606 1.32626
27.666 1.32626
27.726 1.32626
27.786 1.32626
27.846 1.32626
27.906 1.32626
27.966 1.32626
28.026 1.32626
28.086 1.32626
28.146 1.32626
28.206 1.32626
28.266 1.32626
28.326 1.32626
28.386 1.32626
28.446 1.32626
28.506 1.32626
28.566 1.32626
28.626 1.32626
28.686 1.32626
28.746 1.32626
28.806 1.32626
28.866 1.32626
28.926 1.32626
28.986 1.32626
29.046 1.32626
29.106 1.32626
29.166 1.32626
29.226 1.32626
29.286 1.32626
29.346 1.32626
29.406 1.32626
29.466 1.32626
29.526 1.32626
29.586 1.32626
29.646 1.32626
29.706 1.32626
29.766 1.32626
29.826 1.32626
29.886 1.32626
29.946 1.32626
30.006 1.32626
30.066 1.32626
30.126 1.32626
30.186 1.32626
30.246 1.32626
30.306 1.32626
30.366 1.32626
30.426 1.32626
30.486 1.32626
30.546 1.32626
30.606 1.32626
30.666 1.32626
30.726 1.32626
30.786 1.32626
30.846 1.32626
30.906 1.32626
30.966 1.32626
31.026 1.32626
31.086 1.32626
31.146 1.32626
31.206 1.32626
31.266 1.32626
31.326 1.32626
31.386 1.32626
31.446 1.32626
31.506 1.32626
31.566 1.32626
31.626 1.32626
31.686 1.32626
31.746 1.32626
31.806 1.32626
31.866 1.32626
31.926 1.32626
31.986 1.32626
32.046 1.32626
32.106 1.32626
32.166 1.32626
32.226 1.32626
32.286 1.32626
32.346 1.32626
32.406 1.32626
32.466 1.32626
32.526 1.32626
32.586 1.32626
32.646 1.32626
32.706 1.32626
32.766 1.32626
32.826 1.32626
32.886 1.32626
32.946 1.32626
33.006 1.32626
33.066 1.32626
33.126 1.32626
33.186 1.32626
33.246 1.32626
33.306 1.32626
33.366 1.32626
33.426 1.32626
33.486 1.32626
33.546 1.32626
33.606 1.32626
33.666 1.32626
33.726 1.32626
33.786 1.32626
33.846 1.32626
33.906 1.32626
33.966 1.32626
34.026 1.32626
34.086 1.32626
34.146 1.32626
34.206 1.32626
34.266 1.32626
34.326 1.32626
34.386 1.32626
34.446 1.32626
34.506 1.32626
34.566 1.32626
34.626 1.32626
34.686 1.32626
34.746 1.32626
34.806 1.32626
34.866 1.32626
34.926 1.32626
34.986 1.32626
35.046 1.32626
35.106 1.32626
35.166 1.32626
35.226 1.32626
35.286 1.32626
35.346 1.32626
35.406 1.32626
35.466 1.32626
35.526 1.32626
35.586 1.32626
35.646 1.32626
35.706 1.32626
35.766 1.32626
35.826 1.32626
35.886 1.32626
35.946 1.32626
36.006 1.32626
36.066 1.32626
36.126 1.32626
36.186 1.32626
36.246 1.32626
36.306 1.32626
36.366 1.32626
36.426 1.32626
36.486 1.32626
36.546 1.32626
36.606 1.32626
36.666 1.32626
36.726 1.32626
36.786 1.32626
36.846 1.32626
36.906 1.32626
36.966 1.32626
37.026 1.32626
37.086 1.32626
37.146 1.32626
37.206 1.32626
37.266 1.32626
37.326 1.32626
37.386 1.32626
37.446 1.32626
37.506 1.32626
37.566 1.32626
37.626 1.32626
37.686 1.32626
37.746 1.32626
37.806 1.32626
37.866 1.32626
37.926 1.32626
37.986 1.32626
38.046 1.32626
38.106 1.32626
38.166 1.32626
38.226 1.32626
38.286 1.32626
38.346 1.32626
38.406 1.32626
38.466 1.32626
38.526 1.32626
38.586 1.32626
38.646 1.32626
38.706 1.32626
38.766 1.32626
38.826 1.32626
38.886 1.32626
38.946 1.32626
39.006 1.32626
39.066 1.32626
39.126 1.32626
39.186 1.32626
39.246 1.32626
39.306 1.32626
39.366 1.32626
39.426 1.32626
39.486 1.32626
39.546 1.32626
39.606 1.32626
39.666 1.32626
39.726 1.32626
39.786 1.32626
39.846 1.32626
39.906 1.32626
39.966 1.32626
40.026 1.32626
40.086 1.32626
40.146 1.32626
40.206 1.32626
40.266 1.32626
40.326 1.32626
40.386 1.32626
40.446 1.32626
40.506 1.32626
40.566 1.32626
40.626 1.32626
40.686 1.32626
40.746 1.32626
40.806 1.32626
40.866 1.32626
40.926 1.32626
40.986 1.32626
41.046 1.32626
41.106 1.32626
41.166 1.32626
41.226 1.32626
41.286 1.32626
41.346 1.32626
41.406 1.32626
41.466 1.32626
41.526 1.32626
41.586 1.32626
41.646 1.32626
41.706 1.32626
41.766 1.32626
41.826 1.32626
41.886 1.32626
41.946 1.32626
42.006 1.32626
42.066 1.32626
42.126 1.32626
42.186 1.32626
42.246 1.32626
42.306 1.32626
42.366 1.32626
42.426 1.32626
42.486 1.32626
42.546 1.32626
42.606 1.32626
42.666 1.32626
42.726 1.32626
42.786 1.32626
42.846 1.32626
42.906 1.32626
42.966 1.32626
43.026 1.32626
43.086 1.32626
43.146 1.32626
43.206 1.32626
43.266 1.32626
43.326 1.32626
43.386 1.32626
43.446 1.32626
43.506 1.32626
43.566 1.32626
43.626 1.32626
43.686 1.32626
43.746 1.32626
43.806 1.32626
43.866 1.32626
43.926 1.32626
43.986 1.32626
44.046 1.32626
44.106 1.32626
44.166 1.32626
44.226 1.32626
44.286 1.32626
44.346 1.32626
44.406 1.32626
44.466 1.32626
44.526 1.32626
44.586 1.32626
44.646 1.32626
44.706 1.32626
44.766 1.32626
44.826 1.32626
44.886 1.32626
44.946 1.32626
45.006 1.32626
45.066 1.32626
45.126 1.32626
45.186 1.32626
45.246 1.32626
45.306 1.32626
45.366 1.32626
45.426 1.32626
45.486 1.32626
45.546 1.32626
45.606 1.32626
45.666 1.32626
45.726 1.32626
45.786 1.32626
45.846 1.32626
45.906 1.32626
45.966 1.32626
46.026 1.32626
46.086 1.32626
46.146 1.32626
46.206 1.32626
46.266 1.32626
46.326 1.32626
46.386 1.32626
46.446 1.32626
46.506 1.32626
46.566 1.32626
46.626 1.32626
46.686 1.32626
46.746 1.32626
46.806 1.32626
46.866 1.32626
46.926 1.32626
46.986 1.32626
47.046 1.32626
47.106 1.32626
47.166 1.32626
47.226 1.32626
47.286 1.32626
47.346 1.32626
47.406 1.32626
47.466 1.32626
47.526 1.32626
47.586 1.32626
47.646 1.32626
47.706 1.32626
47.766 1.32626
47.826 1.32626
47.886 1.32626
47.946 1.32626
48.006 1.32626
48.066 1.32626
48.126 1.32626
48.186 1.32626
48.246 1.32626
48.306 1.32626
48.366 1.32626
48.426 1.32626
48.486 1.32626
48.546 1.32626
48.606 1.32626
48.666 1.32626
48.726 1.32626
48.786 1.32626
48.846 1.32626
48.906 1.32626
48.966 1.32626
49.026 1.32626
49.086 1.32626
49.146 1.32626
49.206 1.32626
49.266 1.32626
49.326 1.32626
49.386 1.32626
49.446 1.32626
49.506 1.32626
49.566 1.32626
49.626 1.32626
49.686 1.32626
49.746 1.32626
49.806 1.32626
49.866 1.32626
49.926 1.32626
49.986 1.32626
50.046 1.32626
50.106 1.32626
50.166 1.32626
50.226 1.32626
50.286 1.32626
50.346 1.32626
50.406 1.32626
50.466 1.32626
50.526 1.32626
50.586 1.32626
50.646 1.32626
50.706 1.32626
50.766 1.32626
50.826 1.32626
50.886 1.32626
50.946 1.32626
51.006 1.32626
51.066 1.32626
51.126 1.32626
51.186 1.32626
51.246 1.32626
51.306 1.32626
51.366 1.32626
51.426 1.32626
51.486 1.32626
51.546 1.32626
51.606 1.32626
51.666 1.32626
51.726 1.32626
51.786 1.32626
51.846 1.32626
51.906 1.32626
51.966 1.32626
52.026 1.32626
52.086 1.32626
52.146 1.32626
52.206 1.32626
52.266 1.32626
52.326 1.32626
52.386 1.32626
52.446 1.32626
52.506 1.32626
52.566 1.32626
52.626 1.32626
52.686 1.32626
52.746 1.32626
52.806 1.32626
52.866 1.32626
52.926 1.32626
52.986 1.32626
53.046 1.32626
53.106 1.32626
53.166 1.32626
53.226 1.32626
53.286 1.32626
53.346 1.32626
53.406 1.32626
53.466 1.32626
53.526 1.32626
53.586 1.32626
53.646 1.32626
53.706 1.32626
53.766 1.32626
53.826 1.32626
53.886 1.32626
53.946 1.32626
54.006 1.32626
54.066 1.32626
54.126 1.32626
54.186 1.32626
54.246 1.32626
54.306 1.32626
54.366 1.32626
54.426 1.32626
54.486 1.32626
54.546 1.32626
54.606 1.32626
54.666 1.32626
54.726 1.32626
54.786 1.32626
54.846 1.32626
54.906 1.32626
54.966 1.32626
55.026 1.32626
55.086 1.32626
55.146 1.32626
55.206 1.32626
55.266 1.32626
55.326 1.32626
55.386 1.32626
55.446 1.32626
55.506 1.32626
55.566 1.32626
55.626 1.32626
55.686 1.32626
55.746 1.32626
55.806 1.32626
55.866 1.32626
55.926 1.32626
55.986 1.32626
56.046 1.32626
56.106 1.32626
56.166 1.32626
56.226 1.32626
56.286 1.32626
56.346 1.32626
56.406 1.32626
56.466 1.32626
56.526 1.32626
56.586 1.32626
56.646 1.32626
56.706 1.32626
56.766 1.32626
56.826 1.32626
56.886 1.32626
56.946 1.32626
57.006 1.32626
57.066 1.32626
57.126 1.32626
57.186 1.32626
57.246 1.32626
57.306 1.32626
57.366 1.32626
57.426 1.32626
57.486 1.32626
57.546 1.32626
57.606 1.32626
57.666 1.32626
57.726 1.32626
57.786 1.32626
57.846 1.32626
57.906 1.32626
57.966 1.32626
58.026 1.32626
58.086 1.32626
58.146 1.32626
58.206 1.32626
58.266 1.32626
58.326 1.32626
58.386 1.32626
58.446 1.32626
58.506 1.32626
58.566 1.32626
58.626 1.32626
58.686 1.32626
58.746 1.32626
58.806 1.32626
58.866 1.32626
58.926 1.32626
58.986 1.32626
59.046 1.32626
59.106 1.32626
59.166 1.32626
59.226 1.32626
59.286 1.32626
59.346 1.32626
59.406 1.32626
59.466 1.32626
59.526 1.32626
59.586 1.32626
59.646 1.32626
59.706 1.32626
59.766 1.32626
59.826 1.32626
59.886 1.32626
59.946 1.32626

