0.006 0
0.066 0.0155598
0.126 0.0273802
0.186 0.0394305
0.246 0.0515574
0.306 0.0635351
0.366 0.0752394
0.426 0.0866246
0.486 0.0976847
0.546 0.108441
0.606 0.118933
0.666 0.129217
0.726 0.139362
0.786 0.149442
0.846 0.159535
0.906 0.169711
0.966 0.180014
1.026 0.190434
1.086 0.200863
1.146 0.211095
1.206 0.220905
1.266 0.230135
1.326 0.238711
1.386 0.246616
1.446 0.253862
1.506 0.260481
1.566 0.266512
1.626 0.271999
1.686 0.276984
1.746 0.28151
1.806 0.285617
1.866 0.289344
1.926 0.292724
1.986 0.29579
2.046 0.298572
2.106 0.301096
2.166 0.303386
2.226 0.305465
2.286 0.307353
2.346 0.309068
2.406 0.310625
2.466 0.312041
2.526 0.313328
2.586 0.314498
2.646 0.315562
2.706 0.316531
2.766 0.317412
2.826 0.318214
2.886 0.318945
2.946 0.31961
3.006 0.320216
3.066 0.320769
3.126 0.321272
3.186 0.321731
3.246 0.32215
3.306 0.322532
3.366 0.32288
3.426 0.323197
3.486 0.323487
3.546 0.323751
3.606 0.323993
3.666 0.324213
3.726 0.324414
3.786 0.324598
3.846 0.324766
3.906 0.324919
3.966 0.325058
4.026 0.325186
4.086 0.325303
4.146 0.325409
4.206 0.325506
4.266 0.325595
4.326 0.325676
4.386 0.32575
4.446 0.325818
4.506 0.32588
4.566 0.325936
4.626 0.325988
4.686 0.326035
4.746 0.326078
4.806 0.326117
4.866 0.326152
4.926 0.326185
4.986 0.326215
5.046 0.326242
5.106 0.326267
5.166 0.326289
5.226 0.32631
5.286 0.326328
5.346 0.326345
5.406 0.326361
5.466 0.326375
5.526 0.326388
5.586 0.326399
5.646 0.32641
5.706 0.326419
5.766 0.326428
5.826 0.326436
5.886 0.326443
5.946 0.326449
6.006 0.326455
6.066 0.32646
6.126 0.326465
6.186 0.326469
6.246 0.326473
6.306 0.326477
6.366 0.32648
6.426 0.326483
6.486 0.326485
6.546 0.326488
6.606 0.32649
6.666 0.326492
6.726 0.326493
6.786 0.326495
6.846 0.326496
6.906 0.326498
6.966 0.326499
7.026 0.3265
7.086 0.326501
7.146 0.326502
7.206 0.326502
7.266 0.326502
7.326 0.326502
7.386 0.326502
7.446 0.326502
7.506 0.326502
7.566 0.326502
7.626 0.326502
7.686 0.326502
7.746 0.326502
7.806 0.326502
7.866 0.326502
7.926 0.326502
7.986 0.326502
8.046 0.326502
8.106 0.326502
8.166 0.326502
8.226 0.326502
8.286 0.326502
8.346 0.326502
8.406 0.326502
8.466 0.326502
8.526 0.326502
8.586 0.326502
8.646 0.326502
8.706 0.326502
8.766 0.326502
8.826 0.326502
8.886 0.326502
8.946 0.326502
9.006 0.326502
9.066 0.326502
9.126 0.326502
9.186 0.326502
9.246 0.326502
9.306 0.326502
9.366 0.326502
9.426 0.326502
9.486 0.326502
9.546 0.326502
9.606 0.326502
9.666 0.326502
9.726 0.326502
9.786 0.326502
9.846 0.326502
9.906 0.326502
9.966 0.326502
10.026 0.326502
10.086 0.326502
10.146 0.326502
10.206 0.326502
10.266 0.326502
10.326 0.326502
10.386 0.326502
10.446 0.326502
10.506 0.326502
10.566 0.326502
10.626 0.326502
10.686 0.326502
10.746 0.326502
10.806 0.326502
10.866 0.326502
10.926 0.326502
10.986 0.326502
11.046 0.326502
11.106 0.326502
11.166 0.326502
11.226 0.326502
11.286 0.326502
11.346 0.326502
11.406 0.326502
11.466 0.326502
11.526 0.326502
11.586 0.326502
11.646 0.326502
11.706 0.326502
11.766 0.326502
11.826 0.326502
11.886 0.326502
11.946 0.326502
12.006 0.326502
12.066 0.326502
12.126 0.326502
12.186 0.326502
12.246 0.326502
12.306 0.326502
12.366 0.326502
12.426 0.326502
12.486 0.326502
12.546 0.326502
12.606 0.326502
12.666 0.326502
12.726 0.326502
12.786 0.326502
12.846 0.326502
12.906 0.326502
12.966 0.326502
13.026 0.326502
13.086 0.326502
13.146 0.326502
13.206 0.326502
13.266 0.326502
13.326 0.326502
13.386 0.326502
13.446 0.326502
13.506 0.326502
13.566 0.326502
13.626 0.326502
13.686 0.326502
13.746 0.326502
13.806 0.326502
13.866 0.326502
13.926 0.326502
13.986 0.326502
14.046 0.326502
14.106 0.326502
14.166 0.326502
14.226 0.326502
14.286 0.326502
14.346 0.326502
14.406 0.326502
14.466 0.326502
14.526 0.326502
14.586 0.326502
14.646 0.326502
14.706 0.326502
14.766 0.326502
14.826 0.326502
14.886 0.326502
14.946 0.326502
15.006 0.326502
15.066 0.326502
15.126 0.326502
15.186 0.326502
15.246 0.326502
15.306 0.326502
15.366 0.326502
15.426 0.326502
15.486 0.326502
15.546 0.326502
15.606 0.326502
15.666 0.326502
15.726 0.326502
15.786 0.326502
15.846 0.326502
15.906 0.326502
15.966 0.326502
16.026 0.326502
16.086 0.326502
16.146 0.326502
16.206 0.326502
16.266 0.326502
16.326 0.326502
16.386 0.326502
16.446 0.326502
16.506 0.326502
16.566 0.326502
16.626 0.326502
16.686 0.326502
16.746 0.326502
16.806 0.326502
16.866 0.326502
16.926 0.326502
16.986 0.326502
17.046 0.326502
17.106 0.326502
17.166 0.326502
17.226 0.326502
17.286 0.326502
17.346 0.326502
17.406 0.326502
17.466 0.326502
17.526 0.326502
17.586 0.326502
17.646 0.326502
17.706 0.326502
17.766 0.326502
17.826 0.326502
17.886 0.326502
17.946 0.326502
18.006 0.326502
18.066 0.326502
18.126 0.326502
18.186 0.326502
18.246 0.326502
18.306 0.326502
18.366 0.326502
18.426 0.326502
18.486 0.326502
18.546 0.326502
18.606 0.326502
18.666 0.326502
18.726 0.326502
18.786 0.326502
18.846 0.326502
18.906 0.326502
18.966 0.326502
19.026 0.326502
19.086 0.326502
19.146 0.326502
19.206 0.326502
19.266 0.326502
19.326 0.326502
19.386 0.326502
19.446 0.326502
19.506 0.326502
19.566 0.326502
19.626 0.326502
19.686 0.326502
19.746 0.326502
19.806 0.326502
19.866 0.326502
19.926 0.326502
19.986 0.326502
20.046 0.326502
20.106 0.326502
20.166 0.326502
20.226 0.326502
20.286 0.326502
20.346 0.326502
20.406 0.326502
20.466 0.326502
20.526 0.326502
20.586 0.326502
20.646 0.326502
20.706 0.326502
20.766 0.326502
20.826 0.326502
20.886 0.326502
20.946 0.326502
21.006 0.326502
21.066 0.326502
21.126 0.326502
21.186 0.326502
21.246 0.326502
21.306 0.326502
21.366 0.326502
21.426 0.326502
21.486 0.326502
21.546 0.326502
21.606 0.326502
21.666 0.326502
21.726 0.326502
21.786 0.326502
21.846 0.326502
21.906 0.326502
21.966 0.326502
22.026 0.326502
22.086 0.326502
22.146 0.326502
22.206 0.326502
22.266 0.326502
22.326 0.326502
22.386 0.326502
22.446 0.326502
22.506 0.326502
22.566 0.326502
22.626 0.326502
22.686 0.326502
22.746 0.326502
22.806 0.326502
22.866 0.326502
22.926 0.326502
22.986 0.326502
23.046 0.326502
23.106 0.326502
23.166 0.326502
23.226 0.326502
23.286 0.326502
23.346 0.326502
23.406 0.326502
23.466 0.326502
23.526 0.326502
23.586 0.326502
23.646 0.326502
23.706 0.326502
23.766 0.326502
23.826 0.326502
23.886 0.326502
23.946 0.326502
24.006 0.326502
24.066 0.326502
24.126 0.326502
24.186 0.326502
24.246 0.326502
24.306 0.326502
24.366 0.326502
24.426 0.326502
24.486 0.326502
24.546 0.326502
24.606 0.326502
24.666 0.326502
24.726 0.326502
24.786 0.326502
24.846 0.326502
24.906 0.326502
24.966 0.326502
25.026 0.326502
25.086 0.326502
25.146 0.326502
25.206 0.326502
25.266 0.326502
25.326 0.326502
25.386 0.326502
25.446 0.326502
25.506 0.326502
25.566 0.326502
25.626 0.326502
25.686 0.326502
25.746 0.326502
25.806 0.326502
25.866 0.326502
25.926 0.326502
25.986 0.326502
26.046 0.326502
26.106 0.326502
26.166 0.326502
26.226 0.326502
26.286 0.326502
26.346 0.326502
26.406 0.326502
26.466 0.326502
26.526 0.326502
26.586 0.326502
26.646 0.326502
26.706 0.326502
26.766 0.326502
26.826 0.326502
26.886 0.326502
26.946 0.326502
27.006 0.326502
27.066 0.326502
27.126 0.326502
27.186 0.326502
27.246 0.326502
27.306 0.326502
27.366 0.326502
27.426 0.326502
27.486 0.326502
27.546 0.326502
27.606 0.326502
27.666 0.326502
27.726 0.326502
27.786 0.326502
27.846 0.326502
27.906 0.326502
27.966 0.326502
28.026 0.326502
28.086 0.326502
28.146 0.326502
28.206 0.326502
28.266 0.326502
28.326 0.326502
28.386 0.326502
28.446 0.326502
28.506 0.326502
28.566 0.326502
28.626 0.326502
28.686 0.326502
28.746 0.326502
28.806 0.326502
28.866 0.326502
28.926 0.326502
28.986 0.326502
29.046 0.326502
29.106 0.326502
29.166 0.326502
29.226 0.326502
29.286 0.326502
29.346 0.326502
29.406 0.326502
29.466 0.326502
29.526 0.326502
29.586 0.326502
29.646 0.326502
29.706 0.326502
29.766 0.326502
29.826 0.326502
29.886 0.326502
29.946 0.326502
30.006 0.326502
30.066 0.326502
30.126 0.326502
30.186 0.326502
30.246 0.326502
30.306 0.326502
30.366 0.326502
30.426 0.326502
30.486 0.326502
30.546 0.326502
30.606 0.326502
30.666 0.326502
30.726 0.326502
30.786 0.326502
30.846 0.326502
30.906 0.326502
30.966 0.326502
31.026 0.326502
31.086 0.326502
31.146 0.326502
31.206 0.326502
31.266 0.326502
31.326 0.326502
31.386 0.326502
31.446 0.326502
31.506 0.326502
31.566 0.326502
31.626 0.326502
31.686 0.326502
31.746 0.326502
31.806 0.326502
31.866 0.326502
31.926 0.326502
31.986 0.326502
32.046 0.326502
32.106 0.326502
32.166 0.326502
32.226 0.326502
32.286 0.326502
32.346 0.326502
32.406 0.326502
32.466 0.326502
32.526 0.326502
32.586 0.326502
32.646 0.326502
32.706 0.326502
32.766 0.326502
32.826 0.326502
32.886 0.326502
32.946 0.326502
33.006 0.326502
33.066 0.326502
33.126 0.326502
33.186 0.326502
33.246 0.326502
33.306 0.326502
33.366 0.326502
33.426 0.326502
33.486 0.326502
33.546 0.326502
33.606 0.326502
33.666 0.326502
33.726 0.326502
33.786 0.326502
33.846 0.326502
33.906 0.326502
33.966 0.326502
34.026 0.326502
34.086 0.326502
34.146 0.326502
34.206 0.326502
34.266 0.326502
34.326 0.326502
34.386 0.326502
34.446 0.326502
34.506 0.326502
34.566 0.326502
34.626 0.326502
34.686 0.326502
34.746 0.326502
34.806 0.326502
34.866 0.326502
34.926 0.326502
34.986 0.326502
35.046 0.326502
35.106 0.326502
35.166 0.326502
35.226 0.326502
35.286 0.326502
35.346 0.326502
35.406 0.326502
35.466 0.326502
35.526 0.326502
35.586 0.326502
35.646 0.326502
35.706 0.326502
35.766 0.326502
35.826 0.326502
35.886 0.326502
35.946 0.326502
36.006 0.326502
36.066 0.326502
36.126 0.326502
36.186 0.326502
36.246 0.326502
36.306 0.326502
36.366 0.326502
36.426 0.326502
36.486 0.326502
36.546 0.326502
36.606 0.326502
36.666 0.326502
36.726 0.326502
36.786 0.326502
36.846 0.326502
36.906 0.326502
36.966 0.326502
37.026 0.326502
37.086 0.326502
37.146 0.326502
37.206 0.326502
37.266 0.326502
37.326 0.326502
37.386 0.326502
37.446 0.326502
37.506 0.326502
37.566 0.326502
37.626 0.326502
37.686 0.326502
37.746 0.326502
37.806 0.326502
37.866 0.326502
37.926 0.326502
37.986 0.326502
38.046 0.326502
38.106 0.326502
38.166 0.326502
38.226 0.326502
38.286 0.326502
38.346 0.326502
38.406 0.326502
38.466 0.326502
38.526 0.326502
38.586 0.326502
38.646 0.326502
38.706 0.326502
38.766 0.326502
38.826 0.326502
38.886 0.326502
38.946 0.326502
39.006 0.326502
39.066 0.326502
39.126 0.326502
39.186 0.326502
39.246 0.326502
39.306 0.326502
39.366 0.326502
39.426 0.326502
39.486 0.326502
39.546 0.326502
39.606 0.326502
39.666 0.326502
39.726 0.326502
39.786 0.326502
39.846 0.326502
39.906 0.326502
39.966 0.326502
40.026 0.326502
40.086 0.326502
40.146 0.326502
40.206 0.326502
40.266 0.326502
40.326 0.326502
40.386 0.326502
40.446 0.326502
40.506 0.326502
40.566 0.326502
40.626 0.326502
40.686 0.326502
40.746 0.326502
40.806 0.326502
40.866 0.326502
40.926 0.326502
40.986 0.326502
41.046 0.326502
41.106 0.326502
41.166 0.326502
41.226 0.326502
41.286 0.326502
41.346 0.326502
41.406 0.326502
41.466 0.326502
41.526 0.326502
41.586 0.326502
41.646 0.326502
41.706 0.326502
41.766 0.326502
41.826 0.326502
41.886 0.326502
41.946 0.326502
42.006 0.326502
42.066 0.326502
42.126 0.326502
42.186 0.326502
42.246 0.326502
42.306 0.326502
42.366 0.326502
42.426 0.326502
42.486 0.326502
42.546 0.326502
42.606 0.326502
42.666 0.326502
42.726 0.326502
42.786 0.326502
42.846 0.326502
42.906 0.326502
42.966 0.326502
43.026 0.326502
43.086 0.326502
43.146 0.326502
43.206 0.326502
43.266 0.326502
43.326 0.326502
43.386 0.326502
43.446 0.326502
43.506 0.326502
43.566 0.326502
43.626 0.326502
43.686 0.326502
43.746 0.326502
43.806 0.326502
43.866 0.326502
43.926 0.326502
43.986 0.326502
44.046 0.326502
44.106 0.326502
44.166 0.326502
44.226 0.326502
44.286 0.326502
44.346 0.326502
44.406 0.326502
44.466 0.326502
44.526 0.326502
44.586 0.326502
44.646 0.326502
44.706 0.326502
44.766 0.326502
44.826 0.326502
44.886 0.326502
44.946 0.326502
45.006 0.326502
45.066 0.326502
45.126 0.326502
45.186 0.326502
45.246 0.326502
45.306 0.326502
45.366 0.326502
45.426 0.326502
45.486 0.326502
45.546 0.326502
45.606 0.326502
45.666 0.326502
45.726 0.326502
45.786 0.326502
45.846 0.326502
45.906 0.326502
45.966 0.326502
46.026 0.326502
46.086 0.326502
46.146 0.326502
46.206 0.326502
46.266 0.326502
46.326 0.326502
46.386 0.326502
46.446 0.326502
46.506 0.326502
46.566 0.326502
46.626 0.326502
46.686 0.326502
46.746 0.326502
46.806 0.326502
46.866 0.326502
46.926 0.326502
46.986 0.326502
47.046 0.326502
47.106 0.326502
47.166 0.326502
47.226 0.326502
47.286 0.326502
47.346 0.326502
47.406 0.326502
47.466 0.326502
47.526 0.326502
47.586 0.326502
47.646 0.326502
47.706 0.326502
47.766 0.326502
47.826 0.326502
47.886 0.326502
47.946 0.326502
48.006 0.326502
48.066 0.326502
48.126 0.326502
48.186 0.326502
48.246 0.326502
48.306 0.326502
48.366 0.326502
48.426 0.326502
48.486 0.326502
48.546 0.326502
48.606 0.326502
48.666 0.326502
48.726 0.326502
48.786 0.326502
48.846 0.326502
48.906 0.326502
48.966 0.326502
49.026 0.326502
49.086 0.326502
49.146 0.326502
49.206 0.326502
49.266 0.326502
49.326 0.326502
49.386 0.326502
49.446 0.326502
49.506 0.326502
49.566 0.326502
49.626 0.326502
49.686 0.326502
49.746 0.326502
49.806 0.326502
49.866 0.326502
49.926 0.326502
49.986 0.326502
50.046 0.326502
50.106 0.326502
50.166 0.326502
50.226 0.326502
50.286 0.326502
50.346 0.326502
50.406 0.326502
50.466 0.326502
50.526 0.326502
50.586 0.326502
50.646 0.326502
50.706 0.326502
50.766 0.326502
50.826 0.326502
50.886 0.326502
50.946 0.326502
51.006 0.326502
51.066 0.326502
51.126 0.326502
51.186 0.326502
51.246 0.326502
51.306 0.326502
51.366 0.326502
51.426 0.326502
51.486 0.326502
51.546 0.326502
51.606 0.326502
51.666 0.326502
51.726 0.326502
51.786 0.326502
51.846 0.326502
51.906 0.326502
51.966 0.326502
52.026 0.326502
52.086 0.326502
52.146 0.326502
52.206 0.326502
52.266 0.326502
52.326 0.326502
52.386 0.326502
52.446 0.326502
52.506 0.326502
52.566 0.326502
52.626 0.326502
52.686 0.326502
52.746 0.326502
52.806 0.326502
52.866 0.326502
52.926 0.326502
52.986 0.326502
53.046 0.326502
53.106 0.326502
53.166 0.326502
53.226 0.326502
53.286 0.326502
53.346 0.326502
53.406 0.326502
53.466 0.326502
53.526 0.326502
53.586 0.326502
53.646 0.326502
53.706 0.326502
53.766 0.326502
53.826 0.326502
53.886 0.326502
53.946 0.326502
54.006 0.326502
54.066 0.326502
54.126 0.326502
54.186 0.326502
54.246 0.326502
54.306 0.326502
54.366 0.326502
54.426 0.326502
54.486 0.326502
54.546 0.326502
54.606 0.326502
54.666 0.326502
54.726 0.326502
54.786 0.326502
54.846 0.326502
54.906 0.326502
54.966 0.326502
55.026 0.326502
55.086 0.326502
55.146 0.326502
55.206 0.326502
55.266 0.326502
55.326 0.326502
55.386 0.326502
55.446 0.326502
55.506 0.326502
55.566 0.326502
55.626 0.326502
55.686 0.326502
55.746 0.326502
55.806 0.326502
55.866 0.326502
55.926 0.326502
55.986 0.326502
56.046 0.326502
56.106 0.326502
56.166 0.326502
56.226 0.326502
56.286 0.326502
56.346 0.326502
56.406 0.326502
56.466 0.326502
56.526 0.326502
56.586 0.326502
56.646 0.326502
56.706 0.326502
56.766 0.326502
56.826 0.326502
56.886 0.326502
56.946 0.326502
57.006 0.326502
57.066 0.326502
57.126 0.326502
57.186 0.326502
57.246 0.326502
57.306 0.326502
57.366 0.326502
57.426 0.326502
57.486 0.326502
57.546 0.326502
57.606 0.326502
57.666 0.326502
57.726 0.326502
57.786 0.326502
57.846 0.326502
57.906 0.326502
57.966 0.326502
58.026 0.326502
58.086 0.326502
58.146 0.326502
58.206 0.326502
58.266 0.326502
58.326 0.326502
58.386 0.326502
58.446 0.326502
58.506 0.326502
58.566 0.326502
58.626 0.326502
58.686 0.326502
58.746 0.326502
58.806 0.326502
58.866 0.326502
58.926 0.326502
58.986 0.326502
59.046 0.326502
59.106 0.326502
59.166 0.326502
59.226 0.326502
59.286 0.326502
59.346 0.326502
59.406 0.326502
59.466 0.326502
59.526 0.326502
59.586 0.326502
59.646 0.326502
59.706 0.326502
59.766 0.326502
59.826 0.326502
59.886 0.326502
59.946 0.326502

