0.006 0
0.066 0.00148305
0.126 0.00872126
0.186 0.0221695
0.246 0.0392325
0.306 0.0573059
0.366 0.0748191
0.426 0.0911375
0.486 0.106147
0.546 0.119953
0.606 0.132739
0.666 0.144711
0.726 0.156069
0.786 0.166997
0.846 0.177661
0.906 0.18819
0.966 0.19866
1.026 0.209043
1.086 0.219183
1.146 0.22885
1.206 0.237872
1.266 0.246171
1.326 0.25374
1.386 0.260607
1.446 0.266817
1.506 0.272421
1.566 0.277473
1.626 0.282023
1.686 0.286121
1.746 0.289811
1.806 0.293134
1.866 0.296128
1.926 0.298825
1.986 0.301256
2.046 0.303449
2.106 0.305427
2.166 0.307213
2.226 0.308825
2.286 0.310282
2.346 0.311599
2.406 0.31279
2.466 0.313867
2.526 0.314843
2.586 0.315726
2.646 0.316526
2.706 0.317251
2.766 0.317908
2.826 0.318504
2.886 0.319045
2.946 0.319535
3.006 0.319981
3.066 0.320385
3.126 0.320752
3.186 0.321086
3.246 0.321389
3.306 0.321665
3.366 0.321915
3.426 0.322143
3.486 0.32235
3.546 0.322538
3.606 0.32271
3.666 0.322866
3.726 0.323008
3.786 0.323137
3.846 0.323254
3.906 0.323362
3.966 0.323459
4.026 0.323548
4.086 0.323628
4.146 0.323702
4.206 0.323769
4.266 0.32383
4.326 0.323885
4.386 0.323936
4.446 0.323982
4.506 0.324024
4.566 0.324062
4.626 0.324097
4.686 0.324128
4.746 0.324157
4.806 0.324183
4.866 0.324207
4.926 0.324228
4.986 0.324248
5.046 0.324266
5.106 0.324282
5.166 0.324297
5.226 0.32431
5.286 0.324323
5.346 0.324334
5.406 0.324344
5.466 0.324353
5.526 0.324361
5.586 0.324368
5.646 0.324375
5.706 0.324381
5.766 0.324387
5.826 0.324392
5.886 0.324396
5.946 0.3244
6.006 0.324404
6.066 0.324407
6.126 0.32441
6.186 0.324413
6.246 0.324415
6.306 0.324417
6.366 0.324419
6.426 0.324421
6.486 0.324423
6.546 0.324424
6.606 0.324426
6.666 0.324427
6.726 0.324428
6.786 0.324429
6.846 0.32443
6.906 0.324431
6.966 0.324432
7.026 0.324432
7.086 0.324432
7.146 0.324432
7.206 0.324432
7.266 0.324432
7.326 0.324432
7.386 0.324432
7.446 0.324432
7.506 0.324432
7.566 0.324432
7.626 0.324432
7.686 0.324432
7.746 0.324432
7.806 0.324432
7.866 0.324432
7.926 0.324432
7.986 0.324432
8.046 0.324432
8.106 0.324432
8.166 0.324432
8.226 0.324432
8.286 0.324432
8.346 0.324432
8.406 0.324432
8.466 0.324432
8.526 0.324432
8.586 0.324432
8.646 0.324432
8.706 0.324432
8.766 0.324432
8.826 0.324432
8.886 0.324432
8.946 0.324432
9.006 0.324432
9.066 0.324432
9.126 0.324432
9.186 0.324432
9.246 0.324432
9.306 0.324432
9.366 0.324432
9.426 0.324432
9.486 0.324432
9.546 0.324432
9.606 0.324432
9.666 0.324432
9.726 0.324432
9.786 0.324432
9.846 0.324432
9.906 0.324432
9.966 0.324432
10.026 0.324432
10.086 0.324432
10.146 0.324432
10.206 0.324432
10.266 0.324432
10.326 0.324432
10.386 0.324432
10.446 0.324432
10.506 0.324432
10.566 0.324432
10.626 0.324432
10.686 0.324432
10.746 0.324432
10.806 0.324432
10.866 0.324432
10.926 0.324432
10.986 0.324432
11.046 0.324432
11.106 0.324432
11.166 0.324432
11.226 0.324432
11.286 0.324432
11.346 0.324432
11.406 0.324432
11.466 0.324432
11.526 0.324432
11.586 0.324432
11.646 0.324432
11.706 0.324432
11.766 0.324432
11.826 0.324432
11.886 0.324432
11.946 0.324432
12.006 0.324432
12.066 0.324432
12.126 0.324432
12.186 0.324432
12.246 0.324432
12.306 0.324432
12.366 0.324432
12.426 0.324432
12.486 0.324432
12.546 0.324432
12.606 0.324432
12.666 0.324432
12.726 0.324432
12.786 0.324432
12.846 0.324432
12.906 0.324432
12.966 0.324432
13.026 0.324432
13.086 0.324432
13.146 0.324432
13.206 0.324432
13.266 0.324432
13.326 0.324432
13.386 0.324432
13.446 0.324432
13.506 0.324432
13.566 0.324432
13.626 0.324432
13.686 0.324432
13.746 0.324432
13.806 0.324432
13.866 0.324432
13.926 0.324432
13.986 0.324432
14.046 0.324432
14.106 0.324432
14.166 0.324432
14.226 0.324432
14.286 0.324432
14.346 0.324432
14.406 0.324432
14.466 0.324432
14.526 0.324432
14.586 0.324432
14.646 0.324432
14.706 0.324432
14.766 0.324432
14.826 0.324432
14.886 0.324432
14.946 0.324432
15.006 0.324432
15.066 0.324432
15.126 0.324432
15.186 0.324432
15.246 0.324432
15.306 0.324432
15.366 0.324432
15.426 0.324432
15.486 0.324432
15.546 0.324432
15.606 0.324432
15.666 0.324432
15.726 0.324432
15.786 0.324432
15.846 0.324432
15.906 0.324432
15.966 0.324432
16.026 0.324432
16.086 0.324432
16.146 0.324432
16.206 0.324432
16.266 0.324432
16.326 0.324432
16.386 0.324432
16.446 0.324432
16.506 0.324432
16.566 0.324432
16.626 0.324432
16.686 0.324432
16.746 0.324432
16.806 0.324432
16.866 0.324432
16.926 0.324432
16.986 0.324432
17.046 0.324432
17.106 0.324432
17.166 0.324432
17.226 0.324432
17.286 0.324432
17.346 0.324432
17.406 0.324432
17.466 0.324432
17.526 0.324432
17.586 0.324432
17.646 0.324432
17.706 0.324432
17.766 0.324432
17.826 0.324432
17.886 0.324432
17.946 0.324432
18.006 0.324432
18.066 0.324432
18.126 0.324432
18.186 0.324432
18.246 0.324432
18.306 0.324432
18.366 0.324432
18.426 0.324432
18.486 0.324432
18.546 0.324432
18.606 0.324432
18.666 0.324432
18.726 0.324432
18.786 0.324432
18.846 0.324432
18.906 0.324432
18.966 0.324432
19.026 0.324432
19.086 0.324432
19.146 0.324432
19.206 0.324432
19.266 0.324432
19.326 0.324432
19.386 0.324432
19.446 0.324432
19.506 0.324432
19.566 0.324432
19.626 0.324432
19.686 0.324432
19.746 0.324432
19.806 0.324432
19.866 0.324432
19.926 0.324432
19.986 0.324432
20.046 0.324432
20.106 0.324432
20.166 0.324432
20.226 0.324432
20.286 0.324432
20.346 0.324432
20.406 0.324432
20.466 0.324432
20.526 0.324432
20.586 0.324432
20.646 0.324432
20.706 0.324432
20.766 0.324432
20.826 0.324432
20.886 0.324432
20.946 0.324432
21.006 0.324432
21.066 0.324432
21.126 0.324432
21.186 0.324432
21.246 0.324432
21.306 0.324432
21.366 0.324432
21.426 0.324432
21.486 0.324432
21.546 0.324432
21.606 0.324432
21.666 0.324432
21.726 0.324432
21.786 0.324432
21.846 0.324432
21.906 0.324432
21.966 0.324432
22.026 0.324432
22.086 0.324432
22.146 0.324432
22.206 0.324432
22.266 0.324432
22.326 0.324432
22.386 0.324432
22.446 0.324432
22.506 0.324432
22.566 0.324432
22.626 0.324432
22.686 0.324432
22.746 0.324432
22.806 0.324432
22.866 0.324432
22.926 0.324432
22.986 0.324432
23.046 0.324432
23.106 0.324432
23.166 0.324432
23.226 0.324432
23.286 0.324432
23.346 0.324432
23.406 0.324432
23.466 0.324432
23.526 0.324432
23.586 0.324432
23.646 0.324432
23.706 0.324432
23.766 0.324432
23.826 0.324432
23.886 0.324432
23.946 0.324432
24.006 0.324432
24.066 0.324432
24.126 0.324432
24.186 0.324432
24.246 0.324432
24.306 0.324432
24.366 0.324432
24.426 0.324432
24.486 0.324432
24.546 0.324432
24.606 0.324432
24.666 0.324432
24.726 0.324432
24.786 0.324432
24.846 0.324432
24.906 0.324432
24.966 0.324432
25.026 0.324432
25.086 0.324432
25.146 0.324432
25.206 0.324432
25.266 0.324432
25.326 0.324432
25.386 0.324432
25.446 0.324432
25.506 0.324432
25.566 0.324432
25.626 0.324432
25.686 0.324432
25.746 0.324432
25.806 0.324432
25.866 0.324432
25.926 0.324432
25.986 0.324432
26.046 0.324432
26.106 0.324432
26.166 0.324432
26.226 0.324432
26.286 0.324432
26.346 0.324432
26.406 0.324432
26.466 0.324432
26.526 0.324432
26.586 0.324432
26.646 0.324432
26.706 0.324432
26.766 0.324432
26.826 0.324432
26.886 0.324432
26.946 0.324432
27.006 0.324432
27.066 0.324432
27.126 0.324432
27.186 0.324432
27.246 0.324432
27.306 0.324432
27.366 0.324432
27.426 0.324432
27.486 0.324432
27.546 0.324432
27.606 0.324432
27.666 0.324432
27.726 0.324432
27.786 0.324432
27.846 0.324432
27.906 0.324432
27.966 0.324432
28.026 0.324432
28.086 0.324432
28.146 0.324432
28.206 0.324432
28.266 0.324432
28.326 0.324432
28.386 0.324432
28.446 0.324432
28.506 0.324432
28.566 0.324432
28.626 0.324432
28.686 0.324432
28.746 0.324432
28.806 0.324432
28.866 0.324432
28.926 0.324432
28.986 0.324432
29.046 0.324432
29.106 0.324432
29.166 0.324432
29.226 0.324432
29.286 0.324432
29.346 0.324432
29.406 0.324432
29.466 0.324432
29.526 0.324432
29.586 0.324432
29.646 0.324432
29.706 0.324432
29.766 0.324432
29.826 0.324432
29.886 0.324432
29.946 0.324432
30.006 0.324432
30.066 0.324432
30.126 0.324432
30.186 0.324432
30.246 0.324432
30.306 0.324432
30.366 0.324432
30.426 0.324432
30.486 0.324432
30.546 0.324432
30.606 0.324432
30.666 0.324432
30.726 0.324432
30.786 0.324432
30.846 0.324432
30.906 0.324432
30.966 0.324432
31.026 0.324432
31.086 0.324432
31.146 0.324432
31.206 0.324432
31.266 0.324432
31.326 0.324432
31.386 0.324432
31.446 0.324432
31.506 0.324432
31.566 0.324432
31.626 0.324432
31.686 0.324432
31.746 0.324432
31.806 0.324432
31.866 0.324432
31.926 0.324432
31.986 0.324432
32.046 0.324432
32.106 0.324432
32.166 0.324432
32.226 0.324432
32.286 0.324432
32.346 0.324432
32.406 0.324432
32.466 0.324432
32.526 0.324432
32.586 0.324432
32.646 0.324432
32.706 0.324432
32.766 0.324432
32.826 0.324432
32.886 0.324432
32.946 0.324432
33.006 0.324432
33.066 0.324432
33.126 0.324432
33.186 0.324432
33.246 0.324432
33.306 0.324432
33.366 0.324432
33.426 0.324432
33.486 0.324432
33.546 0.324432
33.606 0.324432
33.666 0.324432
33.726 0.324432
33.786 0.324432
33.846 0.324432
33.906 0.324432
33.966 0.324432
34.026 0.324432
34.086 0.324432
34.146 0.324432
34.206 0.324432
34.266 0.324432
34.326 0.324432
34.386 0.324432
34.446 0.324432
34.506 0.324432
34.566 0.324432
34.626 0.324432
34.686 0.324432
34.746 0.324432
34.806 0.324432
34.866 0.324432
34.926 0.324432
34.986 0.324432
35.046 0.324432
35.106 0.324432
35.166 0.324432
35.226 0.324432
35.286 0.324432
35.346 0.324432
35.406 0.324432
35.466 0.324432
35.526 0.324432
35.586 0.324432
35.646 0.324432
35.706 0.324432
35.766 0.324432
35.826 0.324432
35.886 0.324432
35.946 0.324432
36.006 0.324432
36.066 0.324432
36.126 0.324432
36.186 0.324432
36.246 0.324432
36.306 0.324432
36.366 0.324432
36.426 0.324432
36.486 0.324432
36.546 0.324432
36.606 0.324432
36.666 0.324432
36.726 0.324432
36.786 0.324432
36.846 0.324432
36.906 0.324432
36.966 0.324432
37.026 0.324432
37.086 0.324432
37.146 0.324432
37.206 0.324432
37.266 0.324432
37.326 0.324432
37.386 0.324432
37.446 0.324432
37.506 0.324432
37.566 0.324432
37.626 0.324432
37.686 0.324432
37.746 0.324432
37.806 0.324432
37.866 0.324432
37.926 0.324432
37.986 0.324432
38.046 0.324432
38.106 0.324432
38.166 0.324432
38.226 0.324432
38.286 0.324432
38.346 0.324432
38.406 0.324432
38.466 0.324432
38.526 0.324432
38.586 0.324432
38.646 0.324432
38.706 0.324432
38.766 0.324432
38.826 0.324432
38.886 0.324432
38.946 0.324432
39.006 0.324432
39.066 0.324432
39.126 0.324432
39.186 0.324432
39.246 0.324432
39.306 0.324432
39.366 0.324432
39.426 0.324432
39.486 0.324432
39.546 0.324432
39.606 0.324432
39.666 0.324432
39.726 0.324432
39.786 0.324432
39.846 0.324432
39.906 0.324432
39.966 0.324432
40.026 0.324432
40.086 0.324432
40.146 0.324432
40.206 0.324432
40.266 0.324432
40.326 0.324432
40.386 0.324432
40.446 0.324432
40.506 0.324432
40.566 0.324432
40.626 0.324432
40.686 0.324432
40.746 0.324432
40.806 0.324432
40.866 0.324432
40.926 0.324432
40.986 0.324432
41.046 0.324432
41.106 0.324432
41.166 0.324432
41.226 0.324432
41.286 0.324432
41.346 0.324432
41.406 0.324432
41.466 0.324432
41.526 0.324432
41.586 0.324432
41.646 0.324432
41.706 0.324432
41.766 0.324432
41.826 0.324432
41.886 0.324432
41.946 0.324432
42.006 0.324432
42.066 0.324432
42.126 0.324432
42.186 0.324432
42.246 0.324432
42.306 0.324432
42.366 0.324432
42.426 0.324432
42.486 0.324432
42.546 0.324432
42.606 0.324432
42.666 0.324432
42.726 0.324432
42.786 0.324432
42.846 0.324432
42.906 0.324432
42.966 0.324432
43.026 0.324432
43.086 0.324432
43.146 0.324432
43.206 0.324432
43.266 0.324432
43.326 0.324432
43.386 0.324432
43.446 0.324432
43.506 0.324432
43.566 0.324432
43.626 0.324432
43.686 0.324432
43.746 0.324432
43.806 0.324432
43.866 0.324432
43.926 0.324432
43.986 0.324432
44.046 0.324432
44.106 0.324432
44.166 0.324432
44.226 0.324432
44.286 0.324432
44.346 0.324432
44.406 0.324432
44.466 0.324432
44.526 0.324432
44.586 0.324432
44.646 0.324432
44.706 0.324432
44.766 0.324432
44.826 0.324432
44.886 0.324432
44.946 0.324432
45.006 0.324432
45.066 0.324432
45.126 0.324432
45.186 0.324432
45.246 0.324432
45.306 0.324432
45.366 0.324432
45.426 0.324432
45.486 0.324432
45.546 0.324432
45.606 0.324432
45.666 0.324432
45.726 0.324432
45.786 0.324432
45.846 0.324432
45.906 0.324432
45.966 0.324432
46.026 0.324432
46.086 0.324432
46.146 0.324432
46.206 0.324432
46.266 0.324432
46.326 0.324432
46.386 0.324432
46.446 0.324432
46.506 0.324432
46.566 0.324432
46.626 0.324432
46.686 0.324432
46.746 0.324432
46.806 0.324432
46.866 0.324432
46.926 0.324432
46.986 0.324432
47.046 0.324432
47.106 0.324432
47.166 0.324432
47.226 0.324432
47.286 0.324432
47.346 0.324432
47.406 0.324432
47.466 0.324432
47.526 0.324432
47.586 0.324432
47.646 0.324432
47.706 0.324432
47.766 0.324432
47.826 0.324432
47.886 0.324432
47.946 0.324432
48.006 0.324432
48.066 0.324432
48.126 0.324432
48.186 0.324432
48.246 0.324432
48.306 0.324432
48.366 0.324432
48.426 0.324432
48.486 0.324432
48.546 0.324432
48.606 0.324432
48.666 0.324432
48.726 0.324432
48.786 0.324432
48.846 0.324432
48.906 0.324432
48.966 0.324432
49.026 0.324432
49.086 0.324432
49.146 0.324432
49.206 0.324432
49.266 0.324432
49.326 0.324432
49.386 0.324432
49.446 0.324432
49.506 0.324432
49.566 0.324432
49.626 0.324432
49.686 0.324432
49.746 0.324432
49.806 0.324432
49.866 0.324432
49.926 0.324432
49.986 0.324432
50.046 0.324432
50.106 0.324432
50.166 0.324432
50.226 0.324432
50.286 0.324432
50.346 0.324432
50.406 0.324432
50.466 0.324432
50.526 0.324432
50.586 0.324432
50.646 0.324432
50.706 0.324432
50.766 0.324432
50.826 0.324432
50.886 0.324432
50.946 0.324432
51.006 0.324432
51.066 0.324432
51.126 0.324432
51.186 0.324432
51.246 0.324432
51.306 0.324432
51.366 0.324432
51.426 0.324432
51.486 0.324432
51.546 0.324432
51.606 0.324432
51.666 0.324432
51.726 0.324432
51.786 0.324432
51.846 0.324432
51.906 0.324432
51.966 0.324432
52.026 0.324432
52.086 0.324432
52.146 0.324432
52.206 0.324432
52.266 0.324432
52.326 0.324432
52.386 0.324432
52.446 0.324432
52.506 0.324432
52.566 0.324432
52.626 0.324432
52.686 0.324432
52.746 0.324432
52.806 0.324432
52.866 0.324432
52.926 0.324432
52.986 0.324432
53.046 0.324432
53.106 0.324432
53.166 0.324432
53.226 0.324432
53.286 0.324432
53.346 0.324432
53.406 0.324432
53.466 0.324432
53.526 0.324432
53.586 0.324432
53.646 0.324432
53.706 0.324432
53.766 0.324432
53.826 0.324432
53.886 0.324432
53.946 0.324432
54.006 0.324432
54.066 0.324432
54.126 0.324432
54.186 0.324432
54.246 0.324432
54.306 0.324432
54.366 0.324432
54.426 0.324432
54.486 0.324432
54.546 0.324432
54.606 0.324432
54.666 0.324432
54.726 0.324432
54.786 0.324432
54.846 0.324432
54.906 0.324432
54.966 0.324432
55.026 0.324432
55.086 0.324432
55.146 0.324432
55.206 0.324432
55.266 0.324432
55.326 0.324432
55.386 0.324432
55.446 0.324432
55.506 0.324432
55.566 0.324432
55.626 0.324432
55.686 0.324432
55.746 0.324432
55.806 0.324432
55.866 0.324432
55.926 0.324432
55.986 0.324432
56.046 0.324432
56.106 0.324432
56.166 0.324432
56.226 0.324432
56.286 0.324432
56.346 0.324432
56.406 0.324432
56.466 0.324432
56.526 0.324432
56.586 0.324432
56.646 0.324432
56.706 0.324432
56.766 0.324432
56.826 0.324432
56.886 0.324432
56.946 0.324432
57.006 0.324432
57.066 0.324432
57.126 0.324432
57.186 0.324432
57.246 0.324432
57.306 0.324432
57.366 0.324432
57.426 0.324432
57.486 0.324432
57.546 0.324432
57.606 0.324432
57.666 0.324432
57.726 0.324432
57.786 0.324432
57.846 0.324432
57.906 0.324432
57.966 0.324432
58.026 0.324432
58.086 0.324432
58.146 0.324432
58.206 0.324432
58.266 0.324432
58.326 0.324432
58.386 0.324432
58.446 0.324432
58.506 0.324432
58.566 0.324432
58.626 0.324432
58.686 0.324432
58.746 0.324432
58.806 0.324432
58.866 0.324432
58.926 0.324432
58.986 0.324432
59.046 0.324432
59.106 0.324432
59.166 0.324432
59.226 0.324432
59.286 0.324432
59.346 0.324432
59.406 0.324432
59.466 0.324432
59.526 0.324432
59.586 0.324432
59.646 0.324432
59.706 0.324432
59.766 0.324432
59.826 0.324432
59.886 0.324432
59.946 0.324432

