0.006 0
0.066 1.24975e-05
0.126 8.68488e-05
0.186 0.000278541
0.246 0.000641657
0.306 0.0012282
0.366 0.00208739
0.426 0.00326498
0.486 0.00480254
0.546 0.00673683
0.606 0.00909919
0.666 0.0119151
0.726 0.0152037
0.786 0.018978
0.846 0.0232445
0.906 0.0280041
0.966 0.0332516
1.026 0.0389769
1.086 0.0451656
1.146 0.0517992
1.206 0.0588558
1.266 0.0663112
1.326 0.0741388
1.386 0.0823105
1.446 0.0907973
1.506 0.0995694
1.566 0.108597
1.626 0.11785
1.686 0.127299
1.746 0.136916
1.806 0.146672
1.866 0.156542
1.926 0.1665
1.986 0.176522
2.046 0.186585
2.106 0.19667
2.166 0.206755
2.226 0.216824
2.286 0.22686
2.346 0.236849
2.406 0.246776
2.466 0.25663
2.526 0.266401
2.586 0.276078
2.646 0.285655
2.706 0.295122
2.766 0.304475
2.826 0.313709
2.886 0.322818
2.946 0.331799
3.006 0.340649
3.066 0.349366
3.126 0.357948
3.186 0.366394
3.246 0.374702
3.306 0.382873
3.366 0.390906
3.426 0.3988
3.486 0.406557
3.546 0.414175
3.606 0.421657
3.666 0.429002
3.726 0.436211
3.786 0.443284
3.846 0.450223
3.906 0.457027
3.966 0.463698
4.026 0.470236
4.086 0.476641
4.146 0.482914
4.206 0.489055
4.266 0.495064
4.326 0.500942
4.386 0.506689
4.446 0.512304
4.506 0.517788
4.566 0.52314
4.626 0.52836
4.686 0.533448
4.746 0.538402
4.806 0.543222
4.866 0.547908
4.926 0.552459
4.986 0.556873
5.046 0.561151
5.106 0.565289
5.166 0.569288
5.226 0.573147
5.286 0.576863
5.346 0.580435
5.406 0.583863
5.466 0.587144
5.526 0.590276
5.586 0.59326
5.646 0.596091
5.706 0.59877
5.766 0.601293
5.826 0.60366
5.886 0.605869
5.946 0.607917
6.006 0.609803
6.066 0.611525
6.126 0.613081
6.186 0.614469
6.246 0.615687
6.306 0.616734
6.366 0.617607
6.426 0.618305
6.486 0.618825
6.546 0.619166
6.606 0.619342
6.666 0.619479
6.726 0.619608
6.786 0.619729
6.846 0.619843
6.906 0.619949
6.966 0.620049
7.026 0.620142
7.086 0.62023
7.146 0.620312
7.206 0.620389
7.266 0.620461
7.326 0.620529
7.386 0.620593
7.446 0.620652
7.506 0.620708
7.566 0.62076
7.626 0.620809
7.686 0.620855
7.746 0.620898
7.806 0.620938
7.866 0.620976
7.926 0.621011
7.986 0.621044
8.046 0.621075
8.106 0.621104
8.166 0.621132
8.226 0.621157
8.286 0.621181
8.346 0.621203
8.406 0.621224
8.466 0.621244
8.526 0.621262
8.586 0.621279
8.646 0.621295
8.706 0.621311
8.766 0.621325
8.826 0.621338
8.886 0.62135
8.946 0.621362
9.006 0.621373
9.066 0.621383
9.126 0.621392
9.186 0.621401
9.246 0.62141
9.306 0.621417
9.366 0.621425
9.426 0.621431
9.486 0.621438
9.546 0.621444
9.606 0.621449
9.666 0.621455
9.726 0.62146
9.786 0.621464
9.846 0.621468
9.906 0.621472
9.966 0.621476
10.026 0.62148
10.086 0.621483
10.146 0.621486
10.206 0.621489
10.266 0.621492
10.326 0.621494
10.386 0.621496
10.446 0.621499
10.506 0.621501
10.566 0.621503
10.626 0.621504
10.686 0.621506
10.746 0.621508
10.806 0.621509
10.866 0.621511
10.926 0.621512
10.986 0.621513
11.046 0.621514
11.106 0.621515
11.166 0.621516
11.226 0.621517
11.286 0.621518
11.346 0.621519
11.406 0.62152
11.466 0.62152
11.526 0.621521
11.586 0.621522
11.646 0.621522
11.706 0.621523
11.766 0.621523
11.826 0.621524
11.886 0.621524
11.946 0.621525
12.006 0.621525
12.066 0.621525
12.126 0.621526
12.186 0.621526
12.246 0.621526
12.306 0.621526
12.366 0.621527
12.426 0.621527
12.486 0.621527
12.546 0.621527
12.606 0.621528
12.666 0.621528
12.726 0.621528
12.786 0.621528
12.846 0.621528
12.906 0.621528
12.966 0.621529
13.026 0.621529
13.086 0.621529
13.146 0.621529
13.206 0.621529
13.266 0.621529
13.326 0.621529
13.386 0.621529
13.446 0.621529
13.506 0.621529
13.566 0.621529
13.626 0.62153
13.686 0.62153
13.746 0.62153
13.806 0.62153
13.866 0.62153
13.926 0.62153
13.986 0.62153
14.046 0.62153
14.106 0.62153
14.166 0.62153
14.226 0.62153
14.286 0.62153
14.346 0.62153
14.406 0.62153
14.466 0.62153
14.526 0.62153
14.586 0.62153
14.646 0.62153
14.706 0.62153
14.766 0.62153
14.826 0.62153
14.886 0.62153
14.946 0.62153
15.006 0.62153
15.066 0.62153
15.126 0.62153
15.186 0.62153
15.246 0.62153
15.306 0.62153
15.366 0.62153
15.426 0.62153
15.486 0.62153
15.546 0.62153
15.606 0.62153
15.666 0.62153
15.726 0.62153
15.786 0.62153
15.846 0.62153
15.906 0.62153
15.966 0.62153
16.026 0.62153
16.086 0.62153
16.146 0.62153
16.206 0.62153
16.266 0.62153
16.326 0.62153
16.386 0.62153
16.446 0.62153
16.506 0.62153
16.566 0.62153
16.626 0.62153
16.686 0.62153
16.746 0.62153
16.806 0.62153
16.866 0.62153
16.926 0.62153
16.986 0.62153
17.046 0.62153
17.106 0.62153
17.166 0.62153
17.226 0.62153
17.286 0.62153
17.346 0.62153
17.406 0.62153
17.466 0.62153
17.526 0.62153
17.586 0.62153
17.646 0.62153
17.706 0.62153
17.766 0.62153
17.826 0.62153
17.886 0.62153
17.946 0.62153
18.006 0.62153
18.066 0.62153
18.126 0.62153
18.186 0.62153
18.246 0.62153
18.306 0.62153
18.366 0.62153
18.426 0.62153
18.486 0.62153
18.546 0.62153
18.606 0.62153
18.666 0.62153
18.726 0.62153
18.786 0.62153
18.846 0.62153
18.906 0.62153
18.966 0.62153
19.026 0.62153
19.086 0.62153
19.146 0.62153
19.206 0.62153
19.266 0.62153
19.326 0.62153
19.386 0.62153
19.446 0.62153
19.506 0.62153
19.566 0.62153
19.626 0.62153
19.686 0.62153
19.746 0.62153
19.806 0.62153
19.866 0.62153
19.926 0.62153
19.986 0.62153
20.046 0.62153
20.106 0.62153
20.166 0.62153
20.226 0.62153
20.286 0.62153
20.346 0.62153
20.406 0.62153
20.466 0.62153
20.526 0.62153
20.586 0.62153
20.646 0.62153
20.706 0.62153
20.766 0.62153
20.826 0.62153
20.886 0.62153
20.946 0.62153
21.006 0.62153
21.066 0.62153
21.126 0.62153
21.186 0.62153
21.246 0.62153
21.306 0.62153
21.366 0.62153
21.426 0.62153
21.486 0.62153
21.546 0.62153
21.606 0.62153
21.666 0.62153
21.726 0.62153
21.786 0.62153
21.846 0.62153
21.906 0.62153
21.966 0.62153
22.026 0.62153
22.086 0.62153
22.146 0.62153
22.206 0.62153
22.266 0.62153
22.326 0.62153
22.386 0.62153
22.446 0.62153
22.506 0.62153
22.566 0.62153
22.626 0.62153
22.686 0.62153
22.746 0.62153
22.806 0.62153
22.866 0.62153
22.926 0.62153
22.986 0.62153
23.046 0.62153
23.106 0.62153
23.166 0.62153
23.226 0.62153
23.286 0.62153
23.346 0.62153
23.406 0.62153
23.466 0.62153
23.526 0.62153
23.586 0.62153
23.646 0.62153
23.706 0.62153
23.766 0.62153
23.826 0.62153
23.886 0.62153
23.946 0.62153
24.006 0.62153
24.066 0.62153
24.126 0.62153
24.186 0.62153
24.246 0.62153
24.306 0.62153
24.366 0.62153
24.426 0.62153
24.486 0.62153
24.546 0.62153
24.606 0.62153
24.666 0.62153
24.726 0.62153
24.786 0.62153
24.846 0.62153
24.906 0.62153
24.966 0.62153
25.026 0.62153
25.086 0.62153
25.146 0.62153
25.206 0.62153
25.266 0.62153
25.326 0.62153
25.386 0.62153
25.446 0.62153
25.506 0.62153
25.566 0.62153
25.626 0.62153
25.686 0.62153
25.746 0.62153
25.806 0.62153
25.866 0.62153
25.926 0.62153
25.986 0.62153
26.046 0.62153
26.106 0.62153
26.166 0.62153
26.226 0.62153
26.286 0.62153
26.346 0.62153
26.406 0.62153
26.466 0.62153
26.526 0.62153
26.586 0.62153
26.646 0.62153
26.706 0.62153
26.766 0.62153
26.826 0.62153
26.886 0.62153
26.946 0.62153
27.006 0.62153
27.066 0.62153
27.126 0.62153
27.186 0.62153
27.246 0.62153
27.306 0.62153
27.366 0.62153
27.426 0.62153
27.486 0.62153
27.546 0.62153
27.606 0.62153
27.666 0.62153
27.726 0.62153
27.786 0.62153
27.846 0.62153
27.906 0.62153
27.966 0.62153
28.026 0.62153
28.086 0.62153
28.146 0.62153
28.206 0.62153
28.266 0.62153
28.326 0.62153
28.386 0.62153
28.446 0.62153
28.506 0.62153
28.566 0.62153
28.626 0.62153
28.686 0.62153
28.746 0.62153
28.806 0.62153
28.866 0.62153
28.926 0.62153
28.986 0.62153
29.046 0.62153
29.106 0.62153
29.166 0.62153
29.226 0.62153
29.286 0.62153
29.346 0.62153
29.406 0.62153
29.466 0.62153
29.526 0.62153
29.586 0.62153
29.646 0.62153
29.706 0.62153
29.766 0.62153
29.826 0.62153
29.886 0.62153
29.946 0.62153
30.006 0.62153
30.066 0.62153
30.126 0.62153
30.186 0.62153
30.246 0.62153
30.306 0.62153
30.366 0.62153
30.426 0.62153
30.486 0.62153
30.546 0.62153
30.606 0.62153
30.666 0.62153
30.726 0.62153
30.786 0.62153
30.846 0.62153
30.906 0.62153
30.966 0.62153
31.026 0.62153
31.086 0.62153
31.146 0.62153
31.206 0.62153
31.266 0.62153
31.326 0.62153
31.386 0.62153
31.446 0.62153
31.506 0.62153
31.566 0.62153
31.626 0.62153
31.686 0.62153
31.746 0.62153
31.806 0.62153
31.866 0.62153
31.926 0.62153
31.986 0.62153
32.046 0.62153
32.106 0.62153
32.166 0.62153
32.226 0.62153
32.286 0.62153
32.346 0.62153
32.406 0.62153
32.466 0.62153
32.526 0.62153
32.586 0.62153
32.646 0.62153
32.706 0.62153
32.766 0.62153
32.826 0.62153
32.886 0.62153
32.946 0.62153
33.006 0.62153
33.066 0.62153
33.126 0.62153
33.186 0.62153
33.246 0.62153
33.306 0.62153
33.366 0.62153
33.426 0.62153
33.486 0.62153
33.546 0.62153
33.606 0.62153
33.666 0.62153
33.726 0.62153
33.786 0.62153
33.846 0.62153
33.906 0.62153
33.966 0.62153
34.026 0.62153
34.086 0.62153
34.146 0.62153
34.206 0.62153
34.266 0.62153
34.326 0.62153
34.386 0.62153
34.446 0.62153
34.506 0.62153
34.566 0.62153
34.626 0.62153
34.686 0.62153
34.746 0.62153
34.806 0.62153
34.866 0.62153
34.926 0.62153
34.986 0.62153
35.046 0.62153
35.106 0.62153
35.166 0.62153
35.226 0.62153
35.286 0.62153
35.346 0.62153
35.406 0.62153
35.466 0.62153
35.526 0.62153
35.586 0.62153
35.646 0.62153
35.706 0.62153
35.766 0.62153
35.826 0.62153
35.886 0.62153
35.946 0.62153
36.006 0.62153
36.066 0.62153
36.126 0.62153
36.186 0.62153
36.246 0.62153
36.306 0.62153
36.366 0.62153
36.426 0.62153
36.486 0.62153
36.546 0.62153
36.606 0.62153
36.666 0.62153
36.726 0.62153
36.786 0.62153
36.846 0.62153
36.906 0.62153
36.966 0.62153
37.026 0.62153
37.086 0.62153
37.146 0.62153
37.206 0.62153
37.266 0.62153
37.326 0.62153
37.386 0.62153
37.446 0.62153
37.506 0.62153
37.566 0.62153
37.626 0.62153
37.686 0.62153
37.746 0.62153
37.806 0.62153
37.866 0.62153
37.926 0.62153
37.986 0.62153
38.046 0.62153
38.106 0.62153
38.166 0.62153
38.226 0.62153
38.286 0.62153
38.346 0.62153
38.406 0.62153
38.466 0.62153
38.526 0.62153
38.586 0.62153
38.646 0.62153
38.706 0.62153
38.766 0.62153
38.826 0.62153
38.886 0.62153
38.946 0.62153
39.006 0.62153
39.066 0.62153
39.126 0.62153
39.186 0.62153
39.246 0.62153
39.306 0.62153
39.366 0.62153
39.426 0.62153
39.486 0.62153
39.546 0.62153
39.606 0.62153
39.666 0.62153
39.726 0.62153
39.786 0.62153
39.846 0.62153
39.906 0.62153
39.966 0.62153
40.026 0.62153
40.086 0.62153
40.146 0.62153
40.206 0.62153
40.266 0.62153
40.326 0.62153
40.386 0.62153
40.446 0.62153
40.506 0.62153
40.566 0.62153
40.626 0.62153
40.686 0.62153
40.746 0.62153
40.806 0.62153
40.866 0.62153
40.926 0.62153
40.986 0.62153
41.046 0.62153
41.106 0.62153
41.166 0.62153
41.226 0.62153
41.286 0.62153
41.346 0.62153
41.406 0.62153
41.466 0.62153
41.526 0.62153
41.586 0.62153
41.646 0.62153
41.706 0.62153
41.766 0.62153
41.826 0.62153
41.886 0.62153
41.946 0.62153
42.006 0.62153
42.066 0.62153
42.126 0.62153
42.186 0.62153
42.246 0.62153
42.306 0.62153
42.366 0.62153
42.426 0.62153
42.486 0.62153
42.546 0.62153
42.606 0.62153
42.666 0.62153
42.726 0.62153
42.786 0.62153
42.846 0.62153
42.906 0.62153
42.966 0.62153
43.026 0.62153
43.086 0.62153
43.146 0.62153
43.206 0.62153
43.266 0.62153
43.326 0.62153
43.386 0.62153
43.446 0.62153
43.506 0.62153
43.566 0.62153
43.626 0.62153
43.686 0.62153
43.746 0.62153
43.806 0.62153
43.866 0.62153
43.926 0.62153
43.986 0.62153
44.046 0.62153
44.106 0.62153
44.166 0.62153
44.226 0.62153
44.286 0.62153
44.346 0.62153
44.406 0.62153
44.466 0.62153
44.526 0.62153
44.586 0.62153
44.646 0.62153
44.706 0.62153
44.766 0.62153
44.826 0.62153
44.886 0.62153
44.946 0.62153
45.006 0.62153
45.066 0.62153
45.126 0.62153
45.186 0.62153
45.246 0.62153
45.306 0.62153
45.366 0.62153
45.426 0.62153
45.486 0.62153
45.546 0.62153
45.606 0.62153
45.666 0.62153
45.726 0.62153
45.786 0.62153
45.846 0.62153
45.906 0.62153
45.966 0.62153
46.026 0.62153
46.086 0.62153
46.146 0.62153
46.206 0.62153
46.266 0.62153
46.326 0.62153
46.386 0.62153
46.446 0.62153
46.506 0.62153
46.566 0.62153
46.626 0.62153
46.686 0.62153
46.746 0.62153
46.806 0.62153
46.866 0.62153
46.926 0.62153
46.986 0.62153
47.046 0.62153
47.106 0.62153
47.166 0.62153
47.226 0.62153
47.286 0.62153
47.346 0.62153
47.406 0.62153
47.466 0.62153
47.526 0.62153
47.586 0.62153
47.646 0.62153
47.706 0.62153
47.766 0.62153
47.826 0.62153
47.886 0.62153
47.946 0.62153
48.006 0.62153
48.066 0.62153
48.126 0.62153
48.186 0.62153
48.246 0.62153
48.306 0.62153
48.366 0.62153
48.426 0.62153
48.486 0.62153
48.546 0.62153
48.606 0.62153
48.666 0.62153
48.726 0.62153
48.786 0.62153
48.846 0.62153
48.906 0.62153
48.966 0.62153
49.026 0.62153
49.086 0.62153
49.146 0.62153
49.206 0.62153
49.266 0.62153
49.326 0.62153
49.386 0.62153
49.446 0.62153
49.506 0.62153
49.566 0.62153
49.626 0.62153
49.686 0.62153
49.746 0.62153
49.806 0.62153
49.866 0.62153
49.926 0.62153
49.986 0.62153
50.046 0.62153
50.106 0.62153
50.166 0.62153
50.226 0.62153
50.286 0.62153
50.346 0.62153
50.406 0.62153
50.466 0.62153
50.526 0.62153
50.586 0.62153
50.646 0.62153
50.706 0.62153
50.766 0.62153
50.826 0.62153
50.886 0.62153
50.946 0.62153
51.006 0.62153
51.066 0.62153
51.126 0.62153
51.186 0.62153
51.246 0.62153
51.306 0.62153
51.366 0.62153
51.426 0.62153
51.486 0.62153
51.546 0.62153
51.606 0.62153
51.666 0.62153
51.726 0.62153
51.786 0.62153
51.846 0.62153
51.906 0.62153
51.966 0.62153
52.026 0.62153
52.086 0.62153
52.146 0.62153
52.206 0.62153
52.266 0.62153
52.326 0.62153
52.386 0.62153
52.446 0.62153
52.506 0.62153
52.566 0.62153
52.626 0.62153
52.686 0.62153
52.746 0.62153
52.806 0.62153
52.866 0.62153
52.926 0.62153
52.986 0.62153
53.046 0.62153
53.106 0.62153
53.166 0.62153
53.226 0.62153
53.286 0.62153
53.346 0.62153
53.406 0.62153
53.466 0.62153
53.526 0.62153
53.586 0.62153
53.646 0.62153
53.706 0.62153
53.766 0.62153
53.826 0.62153
53.886 0.62153
53.946 0.62153
54.006 0.62153
54.066 0.62153
54.126 0.62153
54.186 0.62153
54.246 0.62153
54.306 0.62153
54.366 0.62153
54.426 0.62153
54.486 0.62153
54.546 0.62153
54.606 0.62153
54.666 0.62153
54.726 0.62153
54.786 0.62153
54.846 0.62153
54.906 0.62153
54.966 0.62153
55.026 0.62153
55.086 0.62153
55.146 0.62153
55.206 0.62153
55.266 0.62153
55.326 0.62153
55.386 0.62153
55.446 0.62153
55.506 0.62153
55.566 0.62153
55.626 0.62153
55.686 0.62153
55.746 0.62153
55.806 0.62153
55.866 0.62153
55.926 0.62153
55.986 0.62153
56.046 0.62153
56.106 0.62153
56.166 0.62153
56.226 0.62153
56.286 0.62153
56.346 0.62153
56.406 0.62153
56.466 0.62153
56.526 0.62153
56.586 0.62153
56.646 0.62153
56.706 0.62153
56.766 0.62153
56.826 0.62153
56.886 0.62153
56.946 0.62153
57.006 0.62153
57.066 0.62153
57.126 0.62153
57.186 0.62153
57.246 0.62153
57.306 0.62153
57.366 0.62153
57.426 0.62153
57.486 0.62153
57.546 0.62153
57.606 0.62153
57.666 0.62153
57.726 0.62153
57.786 0.62153
57.846 0.62153
57.906 0.62153
57.966 0.62153
58.026 0.62153
58.086 0.62153
58.146 0.62153
58.206 0.62153
58.266 0.62153
58.326 0.62153
58.386 0.62153
58.446 0.62153
58.506 0.62153
58.566 0.62153
58.626 0.62153
58.686 0.62153
58.746 0.62153
58.806 0.62153
58.866 0.62153
58.926 0.62153
58.986 0.62153
59.046 0.62153
59.106 0.62153
59.166 0.62153
59.226 0.62153
59.286 0.62153
59.346 0.62153
59.406 0.62153
59.466 0.62153
59.526 0.62153
59.586 0.62153
59.646 0.62153
59.706 0.62153
59.766 0.62153
59.826 0.62153
59.886 0.62153
59.946 0.62153

