0.006 0
0.066 3.70731e-06
0.126 2.57846e-05
0.186 8.28081e-05
0.246 0.000191124
0.306 0.000366739
0.366 0.000625219
0.426 0.000981586
0.486 0.00145022
0.546 0.00204478
0.606 0.0027781
0.666 0.00366212
0.726 0.00470782
0.786 0.00592516
0.846 0.007323
0.906 0.0089091
0.966 0.01069
1.026 0.0126712
1.086 0.0148567
1.146 0.0172496
1.206 0.0198515
1.266 0.022663
1.326 0.0256834
1.386 0.0289107
1.446 0.0323421
1.506 0.0359732
1.566 0.0397997
1.626 0.0438252
1.686 0.0480473
1.746 0.0524603
1.806 0.0570579
1.866 0.061833
1.926 0.0667778
1.986 0.0718843
2.046 0.0771438
2.106 0.0825472
2.166 0.0880852
2.226 0.093748
2.286 0.0995258
2.346 0.105409
2.406 0.111386
2.466 0.117449
2.526 0.123585
2.586 0.129786
2.646 0.136042
2.706 0.142342
2.766 0.148677
2.826 0.155037
2.886 0.161413
2.946 0.167797
3.006 0.174179
3.066 0.180551
3.126 0.186906
3.186 0.193235
3.246 0.199531
3.306 0.205788
3.366 0.211999
3.426 0.218158
3.486 0.224259
3.546 0.230296
3.606 0.236265
3.666 0.242162
3.726 0.247981
3.786 0.253719
3.846 0.259373
3.906 0.264939
3.966 0.270415
4.026 0.275797
4.086 0.281085
4.146 0.286275
4.206 0.291367
4.266 0.296359
4.326 0.301249
4.386 0.306038
4.446 0.310724
4.506 0.315307
4.566 0.319786
4.626 0.324163
4.686 0.328437
4.746 0.332608
4.806 0.336677
4.866 0.340644
4.926 0.344511
4.986 0.348279
5.046 0.351947
5.106 0.355518
5.166 0.358993
5.226 0.362372
5.286 0.365658
5.346 0.368852
5.406 0.371955
5.466 0.374968
5.526 0.377895
5.586 0.380735
5.646 0.383491
5.706 0.386164
5.766 0.388757
5.826 0.39127
5.886 0.393706
5.946 0.396067
6.006 0.398353
6.066 0.400567
6.126 0.402711
6.186 0.404787
6.246 0.406795
6.306 0.408738
6.366 0.410618
6.426 0.412435
6.486 0.414193
6.546 0.415892
6.606 0.417534
6.666 0.419121
6.726 0.420654
6.786 0.422135
6.846 0.423566
6.906 0.424947
6.966 0.42628
7.026 0.427567
7.086 0.428809
7.146 0.430008
7.206 0.431164
7.266 0.43228
7.326 0.433356
7.386 0.434394
7.446 0.435394
7.506 0.436359
7.566 0.437289
7.626 0.438185
7.686 0.439049
7.746 0.439881
7.806 0.440683
7.866 0.441455
7.926 0.442199
7.986 0.442916
8.046 0.443606
8.106 0.44427
8.166 0.44491
8.226 0.445526
8.286 0.446119
8.346 0.446689
8.406 0.447238
8.466 0.447766
8.526 0.448275
8.586 0.448764
8.646 0.449234
8.706 0.449687
8.766 0.450122
8.826 0.45054
8.886 0.450943
8.946 0.45133
9.006 0.451702
9.066 0.452059
9.126 0.452403
9.186 0.452734
9.246 0.453051
9.306 0.453356
9.366 0.453649
9.426 0.453931
9.486 0.454202
9.546 0.454462
9.606 0.454712
9.666 0.454952
9.726 0.455182
9.786 0.455404
9.846 0.455616
9.906 0.45582
9.966 0.456016
10.026 0.456204
10.086 0.456385
10.146 0.456558
10.206 0.456725
10.266 0.456884
10.326 0.457038
10.386 0.457185
10.446 0.457326
10.506 0.457462
10.566 0.457591
10.626 0.457716
10.686 0.457836
10.746 0.457951
10.806 0.458061
10.866 0.458166
10.926 0.458267
10.986 0.458364
11.046 0.458458
11.106 0.458547
11.166 0.458632
11.226 0.458715
11.286 0.458793
11.346 0.458869
11.406 0.458941
11.466 0.45901
11.526 0.459077
11.586 0.45914
11.646 0.459201
11.706 0.459259
11.766 0.459315
11.826 0.459369
11.886 0.45942
11.946 0.45947
12.006 0.459517
12.066 0.459562
12.126 0.459605
12.186 0.459646
12.246 0.459686
12.306 0.459724
12.366 0.45976
12.426 0.459795
12.486 0.459828
12.546 0.45986
12.606 0.459891
12.666 0.45992
12.726 0.459948
12.786 0.459974
12.846 0.46
12.906 0.460024
12.966 0.460048
13.026 0.46007
13.086 0.460091
13.146 0.460112
13.206 0.460131
13.266 0.46015
13.326 0.460168
13.386 0.460185
13.446 0.460201
13.506 0.460216
13.566 0.460231
13.626 0.460245
13.686 0.460259
13.746 0.460272
13.806 0.460284
13.866 0.460296
13.926 0.460307
13.986 0.460318
14.046 0.460328
14.106 0.460338
14.166 0.460347
14.226 0.460356
14.286 0.460364
14.346 0.460372
14.406 0.46038
14.466 0.460387
14.526 0.460394
14.586 0.460401
14.646 0.460407
14.706 0.460413
14.766 0.460419
14.826 0.460424
14.886 0.460429
14.946 0.460434
15.006 0.460439
15.066 0.460443
15.126 0.460448
15.186 0.460451
15.246 0.460455
15.306 0.460459
15.366 0.460462
15.426 0.460465
15.486 0.460468
15.546 0.460471
15.606 0.460474
15.666 0.460476
15.726 0.460479
15.786 0.460481
15.846 0.460483
15.906 0.460485
15.966 0.460487
16.026 0.460489
16.086 0.460491
16.146 0.460492
16.206 0.460494
16.266 0.460495
16.326 0.460496
16.386 0.460497
16.446 0.460499
16.506 0.4605
16.566 0.460501
16.626 0.460501
16.686 0.460502
16.746 0.460503
16.806 0.460504
16.866 0.460504
16.926 0.460505
16.986 0.460506
17.046 0.460506
17.106 0.460507
17.166 0.460507
17.226 0.460508
17.286 0.460508
17.346 0.460508
17.406 0.460509
17.466 0.460509
17.526 0.460509
17.586 0.460509
17.646 0.46051
17.706 0.46051
17.766 0.46051
17.826 0.46051
17.886 0.46051
17.946 0.46051
18.006 0.460511
18.066 0.460511
18.126 0.460511
18.186 0.460511
18.246 0.460511
18.306 0.460511
18.366 0.460511
18.426 0.460511
18.486 0.460511
18.546 0.460511
18.606 0.460511
18.666 0.460511
18.726 0.460511
18.786 0.460511
18.846 0.460511
18.906 0.460511
18.966 0.460511
19.026 0.460511
19.086 0.460511
19.146 0.460511
19.206 0.460511
19.266 0.460511
19.326 0.460511
19.386 0.460511
19.446 0.460511
19.506 0.460511
19.566 0.460511
19.626 0.460511
19.686 0.460511
19.746 0.460511
19.806 0.460511
19.866 0.460511
19.926 0.460511
19.986 0.460511
20.046 0.460511
20.106 0.460511
20.166 0.460511
20.226 0.460511
20.286 0.460511
20.346 0.460511
20.406 0.460511
20.466 0.460511
20.526 0.460511
20.586 0.460511
20.646 0.460511
20.706 0.460511
20.766 0.460511
20.826 0.460511
20.886 0.460511
20.946 0.460511
21.006 0.460511
21.066 0.460511
21.126 0.460511
21.186 0.460511
21.246 0.460511
21.306 0.460511
21.366 0.460511
21.426 0.460511
21.486 0.460511
21.546 0.460511
21.606 0.460511
21.666 0.460511
21.726 0.460511
21.786 0.460511
21.846 0.460511
21.906 0.460511
21.966 0.460511
22.026 0.460511
22.086 0.460511
22.146 0.460511
22.206 0.460511
22.266 0.460511
22.326 0.460511
22.386 0.460511
22.446 0.460511
22.506 0.460511
22.566 0.460511
22.626 0.460511
22.686 0.460511
22.746 0.460511
22.806 0.460511
22.866 0.460511
22.926 0.460511
22.986 0.460511
23.046 0.460511
23.106 0.460511
23.166 0.460511
23.226 0.460511
23.286 0.460511
23.346 0.460511
23.406 0.460511
23.466 0.460511
23.526 0.460511
23.586 0.460511
23.646 0.460511
23.706 0.460511
23.766 0.460511
23.826 0.460511
23.886 0.460511
23.946 0.460511
24.006 0.460511
24.066 0.460511
24.126 0.460511
24.186 0.460511
24.246 0.460511
24.306 0.460511
24.366 0.460511
24.426 0.460511
24.486 0.460511
24.546 0.460511
24.606 0.460511
24.666 0.460511
24.726 0.460511
24.786 0.460511
24.846 0.460511
24.906 0.460511
24.966 0.460511
25.026 0.460511
25.086 0.460511
25.146 0.460511
25.206 0.460511
25.266 0.460511
25.326 0.460511
25.386 0.460511
25.446 0.460511
25.506 0.460511
25.566 0.460511
25.626 0.460511
25.686 0.460511
25.746 0.460511
25.806 0.460511
25.866 0.460511
25.926 0.460511
25.986 0.460511
26.046 0.460511
26.106 0.460511
26.166 0.460511
26.226 0.460511
26.286 0.460511
26.346 0.460511
26.406 0.460511
26.466 0.460511
26.526 0.460511
26.586 0.460511
26.646 0.460511
26.706 0.460511
26.766 0.460511
26.826 0.460511
26.886 0.460511
26.946 0.460511
27.006 0.460511
27.066 0.460511
27.126 0.460511
27.186 0.460511
27.246 0.460511
27.306 0.460511
27.366 0.460511
27.426 0.460511
27.486 0.460511
27.546 0.460511
27.606 0.460511
27.666 0.460511
27.726 0.460511
27.786 0.460511
27.846 0.460511
27.906 0.460511
27.966 0.460511
28.026 0.460511
28.086 0.460511
28.146 0.460511
28.206 0.460511
28.266 0.460511
28.326 0.460511
28.386 0.460511
28.446 0.460511
28.506 0.460511
28.566 0.460511
28.626 0.460511
28.686 0.460511
28.746 0.460511
28.806 0.460511
28.866 0.460511
28.926 0.460511
28.986 0.460511
29.046 0.460511
29.106 0.460511
29.166 0.460511
29.226 0.460511
29.286 0.460511
29.346 0.460511
29.406 0.460511
29.466 0.460511
29.526 0.460511
29.586 0.460511
29.646 0.460511
29.706 0.460511
29.766 0.460511
29.826 0.460511
29.886 0.460511
29.946 0.460511
30.006 0.460511
30.066 0.460511
30.126 0.460511
30.186 0.460511
30.246 0.460511
30.306 0.460511
30.366 0.460511
30.426 0.460511
30.486 0.460511
30.546 0.460511
30.606 0.460511
30.666 0.460511
30.726 0.460511
30.786 0.460511
30.846 0.460511
30.906 0.460511
30.966 0.460511
31.026 0.460511
31.086 0.460511
31.146 0.460511
31.206 0.460511
31.266 0.460511
31.326 0.460511
31.386 0.460511
31.446 0.460511
31.506 0.460511
31.566 0.460511
31.626 0.460511
31.686 0.460511
31.746 0.460511
31.806 0.460511
31.866 0.460511
31.926 0.460511
31.986 0.460511
32.046 0.460511
32.106 0.460511
32.166 0.460511
32.226 0.460511
32.286 0.460511
32.346 0.460511
32.406 0.460511
32.466 0.460511
32.526 0.460511
32.586 0.460511
32.646 0.460511
32.706 0.460511
32.766 0.460511
32.826 0.460511
32.886 0.460511
32.946 0.460511
33.006 0.460511
33.066 0.460511
33.126 0.460511
33.186 0.460511
33.246 0.460511
33.306 0.460511
33.366 0.460511
33.426 0.460511
33.486 0.460511
33.546 0.460511
33.606 0.460511
33.666 0.460511
33.726 0.460511
33.786 0.460511
33.846 0.460511
33.906 0.460511
33.966 0.460511
34.026 0.460511
34.086 0.460511
34.146 0.460511
34.206 0.460511
34.266 0.460511
34.326 0.460511
34.386 0.460511
34.446 0.460511
34.506 0.460511
34.566 0.460511
34.626 0.460511
34.686 0.460511
34.746 0.460511
34.806 0.460511
34.866 0.460511
34.926 0.460511
34.986 0.460511
35.046 0.460511
35.106 0.460511
35.166 0.460511
35.226 0.460511
35.286 0.460511
35.346 0.460511
35.406 0.460511
35.466 0.460511
35.526 0.460511
35.586 0.460511
35.646 0.460511
35.706 0.460511
35.766 0.460511
35.826 0.460511
35.886 0.460511
35.946 0.460511
36.006 0.460511
36.066 0.460511
36.126 0.460511
36.186 0.460511
36.246 0.460511
36.306 0.460511
36.366 0.460511
36.426 0.460511
36.486 0.460511
36.546 0.460511
36.606 0.460511
36.666 0.460511
36.726 0.460511
36.786 0.460511
36.846 0.460511
36.906 0.460511
36.966 0.460511
37.026 0.460511
37.086 0.460511
37.146 0.460511
37.206 0.460511
37.266 0.460511
37.326 0.460511
37.386 0.460511
37.446 0.460511
37.506 0.460511
37.566 0.460511
37.626 0.460511
37.686 0.460511
37.746 0.460511
37.806 0.460511
37.866 0.460511
37.926 0.460511
37.986 0.460511
38.046 0.460511
38.106 0.460511
38.166 0.460511
38.226 0.460511
38.286 0.460511
38.346 0.460511
38.406 0.460511
38.466 0.460511
38.526 0.460511
38.586 0.460511
38.646 0.460511
38.706 0.460511
38.766 0.460511
38.826 0.460511
38.886 0.460511
38.946 0.460511
39.006 0.460511
39.066 0.460511
39.126 0.460511
39.186 0.460511
39.246 0.460511
39.306 0.460511
39.366 0.460511
39.426 0.460511
39.486 0.460511
39.546 0.460511
39.606 0.460511
39.666 0.460511
39.726 0.460511
39.786 0.460511
39.846 0.460511
39.906 0.460511
39.966 0.460511
40.026 0.460511
40.086 0.460511
40.146 0.460511
40.206 0.460511
40.266 0.460511
40.326 0.460511
40.386 0.460511
40.446 0.460511
40.506 0.460511
40.566 0.460511
40.626 0.460511
40.686 0.460511
40.746 0.460511
40.806 0.460511
40.866 0.460511
40.926 0.460511
40.986 0.460511
41.046 0.460511
41.106 0.460511
41.166 0.460511
41.226 0.460511
41.286 0.460511
41.346 0.460511
41.406 0.460511
41.466 0.460511
41.526 0.460511
41.586 0.460511
41.646 0.460511
41.706 0.460511
41.766 0.460511
41.826 0.460511
41.886 0.460511
41.946 0.460511
42.006 0.460511
42.066 0.460511
42.126 0.460511
42.186 0.460511
42.246 0.460511
42.306 0.460511
42.366 0.460511
42.426 0.460511
42.486 0.460511
42.546 0.460511
42.606 0.460511
42.666 0.460511
42.726 0.460511
42.786 0.460511
42.846 0.460511
42.906 0.460511
42.966 0.460511
43.026 0.460511
43.086 0.460511
43.146 0.460511
43.206 0.460511
43.266 0.460511
43.326 0.460511
43.386 0.460511
43.446 0.460511
43.506 0.460511
43.566 0.460511
43.626 0.460511
43.686 0.460511
43.746 0.460511
43.806 0.460511
43.866 0.460511
43.926 0.460511
43.986 0.460511
44.046 0.460511
44.106 0.460511
44.166 0.460511
44.226 0.460511
44.286 0.460511
44.346 0.460511
44.406 0.460511
44.466 0.460511
44.526 0.460511
44.586 0.460511
44.646 0.460511
44.706 0.460511
44.766 0.460511
44.826 0.460511
44.886 0.460511
44.946 0.460511
45.006 0.460511
45.066 0.460511
45.126 0.460511
45.186 0.460511
45.246 0.460511
45.306 0.460511
45.366 0.460511
45.426 0.460511
45.486 0.460511
45.546 0.460511
45.606 0.460511
45.666 0.460511
45.726 0.460511
45.786 0.460511
45.846 0.460511
45.906 0.460511
45.966 0.460511
46.026 0.460511
46.086 0.460511
46.146 0.460511
46.206 0.460511
46.266 0.460511
46.326 0.460511
46.386 0.460511
46.446 0.460511
46.506 0.460511
46.566 0.460511
46.626 0.460511
46.686 0.460511
46.746 0.460511
46.806 0.460511
46.866 0.460511
46.926 0.460511
46.986 0.460511
47.046 0.460511
47.106 0.460511
47.166 0.460511
47.226 0.460511
47.286 0.460511
47.346 0.460511
47.406 0.460511
47.466 0.460511
47.526 0.460511
47.586 0.460511
47.646 0.460511
47.706 0.460511
47.766 0.460511
47.826 0.460511
47.886 0.460511
47.946 0.460511
48.006 0.460511
48.066 0.460511
48.126 0.460511
48.186 0.460511
48.246 0.460511
48.306 0.460511
48.366 0.460511
48.426 0.460511
48.486 0.460511
48.546 0.460511
48.606 0.460511
48.666 0.460511
48.726 0.460511
48.786 0.460511
48.846 0.460511
48.906 0.460511
48.966 0.460511
49.026 0.460511
49.086 0.460511
49.146 0.460511
49.206 0.460511
49.266 0.460511
49.326 0.460511
49.386 0.460511
49.446 0.460511
49.506 0.460511
49.566 0.460511
49.626 0.460511
49.686 0.460511
49.746 0.460511
49.806 0.460511
49.866 0.460511
49.926 0.460511
49.986 0.460511
50.046 0.460511
50.106 0.460511
50.166 0.460511
50.226 0.460511
50.286 0.460511
50.346 0.460511
50.406 0.460511
50.466 0.460511
50.526 0.460511
50.586 0.460511
50.646 0.460511
50.706 0.460511
50.766 0.460511
50.826 0.460511
50.886 0.460511
50.946 0.460511
51.006 0.460511
51.066 0.460511
51.126 0.460511
51.186 0.460511
51.246 0.460511
51.306 0.460511
51.366 0.460511
51.426 0.460511
51.486 0.460511
51.546 0.460511
51.606 0.460511
51.666 0.460511
51.726 0.460511
51.786 0.460511
51.846 0.460511
51.906 0.460511
51.966 0.460511
52.026 0.460511
52.086 0.460511
52.146 0.460511
52.206 0.460511
52.266 0.460511
52.326 0.460511
52.386 0.460511
52.446 0.460511
52.506 0.460511
52.566 0.460511
52.626 0.460511
52.686 0.460511
52.746 0.460511
52.806 0.460511
52.866 0.460511
52.926 0.460511
52.986 0.460511
53.046 0.460511
53.106 0.460511
53.166 0.460511
53.226 0.460511
53.286 0.460511
53.346 0.460511
53.406 0.460511
53.466 0.460511
53.526 0.460511
53.586 0.460511
53.646 0.460511
53.706 0.460511
53.766 0.460511
53.826 0.460511
53.886 0.460511
53.946 0.460511
54.006 0.460511
54.066 0.460511
54.126 0.460511
54.186 0.460511
54.246 0.460511
54.306 0.460511
54.366 0.460511
54.426 0.460511
54.486 0.460511
54.546 0.460511
54.606 0.460511
54.666 0.460511
54.726 0.460511
54.786 0.460511
54.846 0.460511
54.906 0.460511
54.966 0.460511
55.026 0.460511
55.086 0.460511
55.146 0.460511
55.206 0.460511
55.266 0.460511
55.326 0.460511
55.386 0.460511
55.446 0.460511
55.506 0.460511
55.566 0.460511
55.626 0.460511
55.686 0.460511
55.746 0.460511
55.806 0.460511
55.866 0.460511
55.926 0.460511
55.986 0.460511
56.046 0.460511
56.106 0.460511
56.166 0.460511
56.226 0.460511
56.286 0.460511
56.346 0.460511
56.406 0.460511
56.466 0.460511
56.526 0.460511
56.586 0.460511
56.646 0.460511
56.706 0.460511
56.766 0.460511
56.826 0.460511
56.886 0.460511
56.946 0.460511
57.006 0.460511
57.066 0.460511
57.126 0.460511
57.186 0.460511
57.246 0.460511
57.306 0.460511
57.366 0.460511
57.426 0.460511
57.486 0.460511
57.546 0.460511
57.606 0.460511
57.666 0.460511
57.726 0.460511
57.786 0.460511
57.846 0.460511
57.906 0.460511
57.966 0.460511
58.026 0.460511
58.086 0.460511
58.146 0.460511
58.206 0.460511
58.266 0.460511
58.326 0.460511
58.386 0.460511
58.446 0.460511
58.506 0.460511
58.566 0.460511
58.626 0.460511
58.686 0.460511
58.746 0.460511
58.806 0.460511
58.866 0.460511
58.926 0.460511
58.986 0.460511
59.046 0.460511
59.106 0.460511
59.166 0.460511
59.226 0.460511
59.286 0.460511
59.346 0.460511
59.406 0.460511
59.466 0.460511
59.526 0.460511
59.586 0.460511
59.646 0.460511
59.706 0.460511
59.766 0.460511
59.826 0.460511
59.886 0.460511
59.946 0.460511

