0.006 0
0.066 3.80572e-05
0.126 0.000263717
0.186 0.000841938
0.246 0.00192759
0.306 0.00366158
0.366 0.00616784
0.426 0.0095515
0.486 0.0138981
0.546 0.0192737
0.606 0.025726
0.666 0.0332855
0.726 0.0419665
0.786 0.0517673
0.846 0.062668
0.906 0.0746253
0.966 0.0875651
1.026 0.101377
1.086 0.115918
1.146 0.131034
1.206 0.146576
1.266 0.162417
1.326 0.178453
1.386 0.194603
1.446 0.210804
1.506 0.227009
1.566 0.243183
1.626 0.2593
1.686 0.275345
1.746 0.291308
1.806 0.307184
1.866 0.322972
1.926 0.338675
1.986 0.354298
2.046 0.369846
2.106 0.385327
2.166 0.400749
2.226 0.416118
2.286 0.431443
2.346 0.44673
2.406 0.461984
2.466 0.477213
2.526 0.492419
2.586 0.507607
2.646 0.522779
2.706 0.537937
2.766 0.553082
2.826 0.568212
2.886 0.583328
2.946 0.598427
3.006 0.613506
3.066 0.628563
3.126 0.643592
3.186 0.658589
3.246 0.673548
3.306 0.688465
3.366 0.703331
3.426 0.718141
3.486 0.732888
3.546 0.747563
3.606 0.762159
3.666 0.776668
3.726 0.791082
3.786 0.805393
3.846 0.819591
3.906 0.833668
3.966 0.847615
4.026 0.861424
4.086 0.875086
4.146 0.888591
4.206 0.901932
4.266 0.915099
4.326 0.928083
4.386 0.940876
4.446 0.953469
4.506 0.965854
4.566 0.978022
4.626 0.989964
4.686 1.00167
4.746 1.01314
4.806 1.02436
4.866 1.03532
4.926 1.04601
4.986 1.05643
5.046 1.06657
5.106 1.07643
5.166 1.08599
5.226 1.09524
5.286 1.10419
5.346 1.11282
5.406 1.12113
5.466 1.12911
5.526 1.13676
5.586 1.14406
5.646 1.15102
5.706 1.15763
5.766 1.16388
5.826 1.16976
5.886 1.17527
5.946 1.18041
6.006 1.18517
6.066 1.18955
6.126 1.19353
6.186 1.19712
6.246 1.20032
6.306 1.20311
6.366 1.20549
6.426 1.20746
6.486 1.20902
6.546 1.21016
6.606 1.21088
6.666 1.21117
6.726 1.21118
6.786 1.21118
6.846 1.21118
6.906 1.21118
6.966 1.21118
7.026 1.21118
7.086 1.21118
7.146 1.21118
7.206 1.21118
7.266 1.21118
7.326 1.21118
7.386 1.21118
7.446 1.21118
7.506 1.21118
7.566 1.21118
7.626 1.21118
7.686 1.21118
7.746 1.21118
7.806 1.21118
7.866 1.21118
7.926 1.21118
7.986 1.21118
8.046 1.21118
8.106 1.21118
8.166 1.21118
8.226 1.21118
8.286 1.21118
8.346 1.21118
8.406 1.21118
8.466 1.21118
8.526 1.21118
8.586 1.21118
8.646 1.21118
8.706 1.21118
8.766 1.21118
8.826 1.21118
8.886 1.21118
8.946 1.21118
9.006 1.21118
9.066 1.21118
9.126 1.21118
9.186 1.21118
9.246 1.21118
9.306 1.21118
9.366 1.21118
9.426 1.21118
9.486 1.21118
9.546 1.21118
9.606 1.21118
9.666 1.21118
9.726 1.21118
9.786 1.21118
9.846 1.21118
9.906 1.21118
9.966 1.21118
10.026 1.21118
10.086 1.21118
10.146 1.21118
10.206 1.21118
10.266 1.21118
10.326 1.21118
10.386 1.21118
10.446 1.21118
10.506 1.21118
10.566 1.21118
10.626 1.21118
10.686 1.21118
10.746 1.21118
10.806 1.21118
10.866 1.21118
10.926 1.21118
10.986 1.21118
11.046 1.21118
11.106 1.21118
11.166 1.21118
11.226 1.21118
11.286 1.21118
11.346 1.21118
11.406 1.21118
11.466 1.21118
11.526 1.21118
11.586 1.21118
11.646 1.21118
11.706 1.21118
11.766 1.21118
11.826 1.21118
11.886 1.21118
11.946 1.21118
12.006 1.21118
12.066 1.21118
12.126 1.21118
12.186 1.21118
12.246 1.21118
12.306 1.21118
12.366 1.21118
12.426 1.21118
12.486 1.21118
12.546 1.21118
12.606 1.21118
12.666 1.21118
12.726 1.21118
12.786 1.21118
12.846 1.21118
12.906 1.21118
12.966 1.21118
13.026 1.21118
13.086 1.21118
13.146 1.21118
13.206 1.21118
13.266 1.21118
13.326 1.21118
13.386 1.21118
13.446 1.21118
13.506 1.21118
13.566 1.21118
13.626 1.21118
13.686 1.21118
13.746 1.21118
13.806 1.21118
13.866 1.21118
13.926 1.21118
13.986 1.21118
14.046 1.21118
14.106 1.21118
14.166 1.21118
14.226 1.21118
14.286 1.21118
14.346 1.21118
14.406 1.21118
14.466 1.21118
14.526 1.21118
14.586 1.21118
14.646 1.21118
14.706 1.21118
14.766 1.21118
14.826 1.21118
14.886 1.21118
14.946 1.21118
15.006 1.21118
15.066 1.21118
15.126 1.21118
15.186 1.21118
15.246 1.21118
15.306 1.21118
15.366 1.21118
15.426 1.21118
15.486 1.21118
15.546 1.21118
15.606 1.21118
15.666 1.21118
15.726 1.21118
15.786 1.21118
15.846 1.21118
15.906 1.21118
15.966 1.21118
16.026 1.21118
16.086 1.21118
16.146 1.21118
16.206 1.21118
16.266 1.21118
16.326 1.21118
16.386 1.21118
16.446 1.21118
16.506 1.21118
16.566 1.21118
16.626 1.21118
16.686 1.21118
16.746 1.21118
16.806 1.21118
16.866 1.21118
16.926 1.21118
16.986 1.21118
17.046 1.21118
17.106 1.21118
17.166 1.21118
17.226 1.21118
17.286 1.21118
17.346 1.21118
17.406 1.21118
17.466 1.21118
17.526 1.21118
17.586 1.21118
17.646 1.21118
17.706 1.21118
17.766 1.21118
17.826 1.21118
17.886 1.21118
17.946 1.21118
18.006 1.21118
18.066 1.21118
18.126 1.21118
18.186 1.21118
18.246 1.21118
18.306 1.21118
18.366 1.21118
18.426 1.21118
18.486 1.21118
18.546 1.21118
18.606 1.21118
18.666 1.21118
18.726 1.21118
18.786 1.21118
18.846 1.21118
18.906 1.21118
18.966 1.21118
19.026 1.21118
19.086 1.21118
19.146 1.21118
19.206 1.21118
19.266 1.21118
19.326 1.21118
19.386 1.21118
19.446 1.21118
19.506 1.21118
19.566 1.21118
19.626 1.21118
19.686 1.21118
19.746 1.21118
19.806 1.21118
19.866 1.21118
19.926 1.21118
19.986 1.21118
20.046 1.21118
20.106 1.21118
20.166 1.21118
20.226 1.21118
20.286 1.21118
20.346 1.21118
20.406 1.21118
20.466 1.21118
20.526 1.21118
20.586 1.21118
20.646 1.21118
20.706 1.21118
20.766 1.21118
20.826 1.21118
20.886 1.21118
20.946 1.21118
21.006 1.21118
21.066 1.21118
21.126 1.21118
21.186 1.21118
21.246 1.21118
21.306 1.21118
21.366 1.21118
21.426 1.21118
21.486 1.21118
21.546 1.21118
21.606 1.21118
21.666 1.21118
21.726 1.21118
21.786 1.21118
21.846 1.21118
21.906 1.21118
21.966 1.21118
22.026 1.21118
22.086 1.21118
22.146 1.21118
22.206 1.21118
22.266 1.21118
22.326 1.21118
22.386 1.21118
22.446 1.21118
22.506 1.21118
22.566 1.21118
22.626 1.21118
22.686 1.21118
22.746 1.21118
22.806 1.21118
22.866 1.21118
22.926 1.21118
22.986 1.21118
23.046 1.21118
23.106 1.21118
23.166 1.21118
23.226 1.21118
23.286 1.21118
23.346 1.21118
23.406 1.21118
23.466 1.21118
23.526 1.21118
23.586 1.21118
23.646 1.21118
23.706 1.21118
23.766 1.21118
23.826 1.21118
23.886 1.21118
23.946 1.21118
24.006 1.21118
24.066 1.21118
24.126 1.21118
24.186 1.21118
24.246 1.21118
24.306 1.21118
24.366 1.21118
24.426 1.21118
24.486 1.21118
24.546 1.21118
24.606 1.21118
24.666 1.21118
24.726 1.21118
24.786 1.21118
24.846 1.21118
24.906 1.21118
24.966 1.21118
25.026 1.21118
25.086 1.21118
25.146 1.21118
25.206 1.21118
25.266 1.21118
25.326 1.21118
25.386 1.21118
25.446 1.21118
25.506 1.21118
25.566 1.21118
25.626 1.21118
25.686 1.21118
25.746 1.21118
25.806 1.21118
25.866 1.21118
25.926 1.21118
25.986 1.21118
26.046 1.21118
26.106 1.21118
26.166 1.21118
26.226 1.21118
26.286 1.21118
26.346 1.21118
26.406 1.21118
26.466 1.21118
26.526 1.21118
26.586 1.21118
26.646 1.21118
26.706 1.21118
26.766 1.21118
26.826 1.21118
26.886 1.21118
26.946 1.21118
27.006 1.21118
27.066 1.21118
27.126 1.21118
27.186 1.21118
27.246 1.21118
27.306 1.21118
27.366 1.21118
27.426 1.21118
27.486 1.21118
27.546 1.21118
27.606 1.21118
27.666 1.21118
27.726 1.21118
27.786 1.21118
27.846 1.21118
27.906 1.21118
27.966 1.21118
28.026 1.21118
28.086 1.21118
28.146 1.21118
28.206 1.21118
28.266 1.21118
28.326 1.21118
28.386 1.21118
28.446 1.21118
28.506 1.21118
28.566 1.21118
28.626 1.21118
28.686 1.21118
28.746 1.21118
28.806 1.21118
28.866 1.21118
28.926 1.21118
28.986 1.21118
29.046 1.21118
29.106 1.21118
29.166 1.21118
29.226 1.21118
29.286 1.21118
29.346 1.21118
29.406 1.21118
29.466 1.21118
29.526 1.21118
29.586 1.21118
29.646 1.21118
29.706 1.21118
29.766 1.21118
29.826 1.21118
29.886 1.21118
29.946 1.21118
30.006 1.21118
30.066 1.21118
30.126 1.21118
30.186 1.21118
30.246 1.21118
30.306 1.21118
30.366 1.21118
30.426 1.21118
30.486 1.21118
30.546 1.21118
30.606 1.21118
30.666 1.21118
30.726 1.21118
30.786 1.21118
30.846 1.21118
30.906 1.21118
30.966 1.21118
31.026 1.21118
31.086 1.21118
31.146 1.21118
31.206 1.21118
31.266 1.21118
31.326 1.21118
31.386 1.21118
31.446 1.21118
31.506 1.21118
31.566 1.21118
31.626 1.21118
31.686 1.21118
31.746 1.21118
31.806 1.21118
31.866 1.21118
31.926 1.21118
31.986 1.21118
32.046 1.21118
32.106 1.21118
32.166 1.21118
32.226 1.21118
32.286 1.21118
32.346 1.21118
32.406 1.21118
32.466 1.21118
32.526 1.21118
32.586 1.21118
32.646 1.21118
32.706 1.21118
32.766 1.21118
32.826 1.21118
32.886 1.21118
32.946 1.21118
33.006 1.21118
33.066 1.21118
33.126 1.21118
33.186 1.21118
33.246 1.21118
33.306 1.21118
33.366 1.21118
33.426 1.21118
33.486 1.21118
33.546 1.21118
33.606 1.21118
33.666 1.21118
33.726 1.21118
33.786 1.21118
33.846 1.21118
33.906 1.21118
33.966 1.21118
34.026 1.21118
34.086 1.21118
34.146 1.21118
34.206 1.21118
34.266 1.21118
34.326 1.21118
34.386 1.21118
34.446 1.21118
34.506 1.21118
34.566 1.21118
34.626 1.21118
34.686 1.21118
34.746 1.21118
34.806 1.21118
34.866 1.21118
34.926 1.21118
34.986 1.21118
35.046 1.21118
35.106 1.21118
35.166 1.21118
35.226 1.21118
35.286 1.21118
35.346 1.21118
35.406 1.21118
35.466 1.21118
35.526 1.21118
35.586 1.21118
35.646 1.21118
35.706 1.21118
35.766 1.21118
35.826 1.21118
35.886 1.21118
35.946 1.21118
36.006 1.21118
36.066 1.21118
36.126 1.21118
36.186 1.21118
36.246 1.21118
36.306 1.21118
36.366 1.21118
36.426 1.21118
36.486 1.21118
36.546 1.21118
36.606 1.21118
36.666 1.21118
36.726 1.21118
36.786 1.21118
36.846 1.21118
36.906 1.21118
36.966 1.21118
37.026 1.21118
37.086 1.21118
37.146 1.21118
37.206 1.21118
37.266 1.21118
37.326 1.21118
37.386 1.21118
37.446 1.21118
37.506 1.21118
37.566 1.21118
37.626 1.21118
37.686 1.21118
37.746 1.21118
37.806 1.21118
37.866 1.21118
37.926 1.21118
37.986 1.21118
38.046 1.21118
38.106 1.21118
38.166 1.21118
38.226 1.21118
38.286 1.21118
38.346 1.21118
38.406 1.21118
38.466 1.21118
38.526 1.21118
38.586 1.21118
38.646 1.21118
38.706 1.21118
38.766 1.21118
38.826 1.21118
38.886 1.21118
38.946 1.21118
39.006 1.21118
39.066 1.21118
39.126 1.21118
39.186 1.21118
39.246 1.21118
39.306 1.21118
39.366 1.21118
39.426 1.21118
39.486 1.21118
39.546 1.21118
39.606 1.21118
39.666 1.21118
39.726 1.21118
39.786 1.21118
39.846 1.21118
39.906 1.21118
39.966 1.21118
40.026 1.21118
40.086 1.21118
40.146 1.21118
40.206 1.21118
40.266 1.21118
40.326 1.21118
40.386 1.21118
40.446 1.21118
40.506 1.21118
40.566 1.21118
40.626 1.21118
40.686 1.21118
40.746 1.21118
40.806 1.21118
40.866 1.21118
40.926 1.21118
40.986 1.21118
41.046 1.21118
41.106 1.21118
41.166 1.21118
41.226 1.21118
41.286 1.21118
41.346 1.21118
41.406 1.21118
41.466 1.21118
41.526 1.21118
41.586 1.21118
41.646 1.21118
41.706 1.21118
41.766 1.21118
41.826 1.21118
41.886 1.21118
41.946 1.21118
42.006 1.21118
42.066 1.21118
42.126 1.21118
42.186 1.21118
42.246 1.21118
42.306 1.21118
42.366 1.21118
42.426 1.21118
42.486 1.21118
42.546 1.21118
42.606 1.21118
42.666 1.21118
42.726 1.21118
42.786 1.21118
42.846 1.21118
42.906 1.21118
42.966 1.21118
43.026 1.21118
43.086 1.21118
43.146 1.21118
43.206 1.21118
43.266 1.21118
43.326 1.21118
43.386 1.21118
43.446 1.21118
43.506 1.21118
43.566 1.21118
43.626 1.21118
43.686 1.21118
43.746 1.21118
43.806 1.21118
43.866 1.21118
43.926 1.21118
43.986 1.21118
44.046 1.21118
44.106 1.21118
44.166 1.21118
44.226 1.21118
44.286 1.21118
44.346 1.21118
44.406 1.21118
44.466 1.21118
44.526 1.21118
44.586 1.21118
44.646 1.21118
44.706 1.21118
44.766 1.21118
44.826 1.21118
44.886 1.21118
44.946 1.21118
45.006 1.21118
45.066 1.21118
45.126 1.21118
45.186 1.21118
45.246 1.21118
45.306 1.21118
45.366 1.21118
45.426 1.21118
45.486 1.21118
45.546 1.21118
45.606 1.21118
45.666 1.21118
45.726 1.21118
45.786 1.21118
45.846 1.21118
45.906 1.21118
45.966 1.21118
46.026 1.21118
46.086 1.21118
46.146 1.21118
46.206 1.21118
46.266 1.21118
46.326 1.21118
46.386 1.21118
46.446 1.21118
46.506 1.21118
46.566 1.21118
46.626 1.21118
46.686 1.21118
46.746 1.21118
46.806 1.21118
46.866 1.21118
46.926 1.21118
46.986 1.21118
47.046 1.21118
47.106 1.21118
47.166 1.21118
47.226 1.21118
47.286 1.21118
47.346 1.21118
47.406 1.21118
47.466 1.21118
47.526 1.21118
47.586 1.21118
47.646 1.21118
47.706 1.21118
47.766 1.21118
47.826 1.21118
47.886 1.21118
47.946 1.21118
48.006 1.21118
48.066 1.21118
48.126 1.21118
48.186 1.21118
48.246 1.21118
48.306 1.21118
48.366 1.21118
48.426 1.21118
48.486 1.21118
48.546 1.21118
48.606 1.21118
48.666 1.21118
48.726 1.21118
48.786 1.21118
48.846 1.21118
48.906 1.21118
48.966 1.21118
49.026 1.21118
49.086 1.21118
49.146 1.21118
49.206 1.21118
49.266 1.21118
49.326 1.21118
49.386 1.21118
49.446 1.21118
49.506 1.21118
49.566 1.21118
49.626 1.21118
49.686 1.21118
49.746 1.21118
49.806 1.21118
49.866 1.21118
49.926 1.21118
49.986 1.21118
50.046 1.21118
50.106 1.21118
50.166 1.21118
50.226 1.21118
50.286 1.21118
50.346 1.21118
50.406 1.21118
50.466 1.21118
50.526 1.21118
50.586 1.21118
50.646 1.21118
50.706 1.21118
50.766 1.21118
50.826 1.21118
50.886 1.21118
50.946 1.21118
51.006 1.21118
51.066 1.21118
51.126 1.21118
51.186 1.21118
51.246 1.21118
51.306 1.21118
51.366 1.21118
51.426 1.21118
51.486 1.21118
51.546 1.21118
51.606 1.21118
51.666 1.21118
51.726 1.21118
51.786 1.21118
51.846 1.21118
51.906 1.21118
51.966 1.21118
52.026 1.21118
52.086 1.21118
52.146 1.21118
52.206 1.21118
52.266 1.21118
52.326 1.21118
52.386 1.21118
52.446 1.21118
52.506 1.21118
52.566 1.21118
52.626 1.21118
52.686 1.21118
52.746 1.21118
52.806 1.21118
52.866 1.21118
52.926 1.21118
52.986 1.21118
53.046 1.21118
53.106 1.21118
53.166 1.21118
53.226 1.21118
53.286 1.21118
53.346 1.21118
53.406 1.21118
53.466 1.21118
53.526 1.21118
53.586 1.21118
53.646 1.21118
53.706 1.21118
53.766 1.21118
53.826 1.21118
53.886 1.21118
53.946 1.21118
54.006 1.21118
54.066 1.21118
54.126 1.21118
54.186 1.21118
54.246 1.21118
54.306 1.21118
54.366 1.21118
54.426 1.21118
54.486 1.21118
54.546 1.21118
54.606 1.21118
54.666 1.21118
54.726 1.21118
54.786 1.21118
54.846 1.21118
54.906 1.21118
54.966 1.21118
55.026 1.21118
55.086 1.21118
55.146 1.21118
55.206 1.21118
55.266 1.21118
55.326 1.21118
55.386 1.21118
55.446 1.21118
55.506 1.21118
55.566 1.21118
55.626 1.21118
55.686 1.21118
55.746 1.21118
55.806 1.21118
55.866 1.21118
55.926 1.21118
55.986 1.21118
56.046 1.21118
56.106 1.21118
56.166 1.21118
56.226 1.21118
56.286 1.21118
56.346 1.21118
56.406 1.21118
56.466 1.21118
56.526 1.21118
56.586 1.21118
56.646 1.21118
56.706 1.21118
56.766 1.21118
56.826 1.21118
56.886 1.21118
56.946 1.21118
57.006 1.21118
57.066 1.21118
57.126 1.21118
57.186 1.21118
57.246 1.21118
57.306 1.21118
57.366 1.21118
57.426 1.21118
57.486 1.21118
57.546 1.21118
57.606 1.21118
57.666 1.21118
57.726 1.21118
57.786 1.21118
57.846 1.21118
57.906 1.21118
57.966 1.21118
58.026 1.21118
58.086 1.21118
58.146 1.21118
58.206 1.21118
58.266 1.21118
58.326 1.21118
58.386 1.21118
58.446 1.21118
58.506 1.21118
58.566 1.21118
58.626 1.21118
58.686 1.21118
58.746 1.21118
58.806 1.21118
58.866 1.21118
58.926 1.21118
58.986 1.21118
59.046 1.21118
59.106 1.21118
59.166 1.21118
59.226 1.21118
59.286 1.21118
59.346 1.21118
59.406 1.21118
59.466 1.21118
59.526 1.21118
59.586 1.21118
59.646 1.21118
59.706 1.21118
59.766 1.21118
59.826 1.21118
59.886 1.21118
59.946 1.21118

