0.006 0
0.066 2.55247e-05
0.126 0.000177022
0.186 0.00056592
0.246 0.00129803
0.306 0.00247134
0.366 0.00417421
0.426 0.00648418
0.486 0.00946738
0.546 0.0131785
0.606 0.0176611
0.666 0.0229491
0.726 0.029067
0.786 0.0360319
0.846 0.0438534
0.906 0.0525335
0.966 0.0620643
1.026 0.0724229
1.086 0.083563
1.146 0.0954039
1.206 0.107823
1.266 0.120662
1.326 0.133748
1.386 0.146919
1.446 0.160041
1.506 0.17301
1.566 0.185748
1.626 0.198198
1.686 0.210323
1.746 0.222098
1.806 0.233508
1.866 0.244546
1.926 0.255213
1.986 0.265514
2.046 0.275458
2.106 0.285055
2.166 0.294318
2.226 0.303262
2.286 0.311903
2.346 0.320255
2.406 0.328334
2.466 0.336155
2.526 0.343733
2.586 0.351082
2.646 0.358216
2.706 0.365148
2.766 0.37189
2.826 0.378452
2.886 0.384846
2.946 0.391082
3.006 0.397168
3.066 0.403112
3.126 0.408922
3.186 0.414605
3.246 0.420165
3.306 0.42561
3.366 0.430944
3.426 0.43617
3.486 0.441293
3.546 0.446316
3.606 0.451241
3.666 0.45607
3.726 0.460806
3.786 0.465449
3.846 0.470001
3.906 0.474463
3.966 0.478835
4.026 0.483117
4.086 0.487309
4.146 0.491411
4.206 0.495421
4.266 0.499341
4.326 0.503167
4.386 0.506899
4.446 0.510537
4.506 0.514078
4.566 0.517521
4.626 0.520864
4.686 0.524105
4.746 0.527244
4.806 0.530276
4.866 0.533202
4.926 0.536017
4.986 0.538721
5.046 0.541312
5.106 0.543786
5.166 0.546141
5.226 0.548376
5.286 0.550488
5.346 0.552474
5.406 0.554333
5.466 0.556061
5.526 0.557656
5.586 0.559117
5.646 0.56044
5.706 0.561623
5.766 0.562664
5.826 0.563561
5.886 0.56431
5.946 0.564911
6.006 0.56536
6.066 0.565655
6.126 0.565794
6.186 0.565821
6.246 0.565841
6.306 0.565859
6.366 0.565876
6.426 0.565892
6.486 0.565906
6.546 0.565919
6.606 0.565931
6.666 0.565942
6.726 0.565953
6.786 0.565962
6.846 0.565971
6.906 0.565978
6.966 0.565986
7.026 0.565992
7.086 0.565999
7.146 0.566004
7.206 0.566009
7.266 0.566014
7.326 0.566018
7.386 0.566022
7.446 0.566026
7.506 0.56603
7.566 0.566033
7.626 0.566035
7.686 0.566038
7.746 0.566041
7.806 0.566043
7.866 0.566045
7.926 0.566047
7.986 0.566048
8.046 0.56605
8.106 0.566051
8.166 0.566053
8.226 0.566054
8.286 0.566055
8.346 0.566056
8.406 0.566057
8.466 0.566058
8.526 0.566059
8.586 0.56606
8.646 0.56606
8.706 0.566061
8.766 0.566061
8.826 0.566062
8.886 0.566062
8.946 0.566063
9.006 0.566063
9.066 0.566064
9.126 0.566064
9.186 0.566064
9.246 0.566065
9.306 0.566065
9.366 0.566065
9.426 0.566065
9.486 0.566066
9.546 0.566066
9.606 0.566066
9.666 0.566066
9.726 0.566066
9.786 0.566066
9.846 0.566066
9.906 0.566067
9.966 0.566067
10.026 0.566067
10.086 0.566067
10.146 0.566067
10.206 0.566067
10.266 0.566067
10.326 0.566067
10.386 0.566067
10.446 0.566067
10.506 0.566067
10.566 0.566067
10.626 0.566067
10.686 0.566067
10.746 0.566068
10.806 0.566068
10.866 0.566068
10.926 0.566068
10.986 0.566068
11.046 0.566068
11.106 0.566068
11.166 0.566068
11.226 0.566068
11.286 0.566068
11.346 0.566068
11.406 0.566068
11.466 0.566068
11.526 0.566068
11.586 0.566068
11.646 0.566068
11.706 0.566068
11.766 0.566068
11.826 0.566068
11.886 0.566068
11.946 0.566068
12.006 0.566068
12.066 0.566068
12.126 0.566068
12.186 0.566068
12.246 0.566068
12.306 0.566068
12.366 0.566068
12.426 0.566068
12.486 0.566068
12.546 0.566068
12.606 0.566068
12.666 0.566068
12.726 0.566068
12.786 0.566068
12.846 0.566068
12.906 0.566068
12.966 0.566068
13.026 0.566068
13.086 0.566068
13.146 0.566068
13.206 0.566068
13.266 0.566068
13.326 0.566068
13.386 0.566068
13.446 0.566068
13.506 0.566068
13.566 0.566068
13.626 0.566068
13.686 0.566068
13.746 0.566068
13.806 0.566068
13.866 0.566068
13.926 0.566068
13.986 0.566068
14.046 0.566068
14.106 0.566068
14.166 0.566068
14.226 0.566068
14.286 0.566068
14.346 0.566068
14.406 0.566068
14.466 0.566068
14.526 0.566068
14.586 0.566068
14.646 0.566068
14.706 0.566068
14.766 0.566068
14.826 0.566068
14.886 0.566068
14.946 0.566068
15.006 0.566068
15.066 0.566068
15.126 0.566068
15.186 0.566068
15.246 0.566068
15.306 0.566068
15.366 0.566068
15.426 0.566068
15.486 0.566068
15.546 0.566068
15.606 0.566068
15.666 0.566068
15.726 0.566068
15.786 0.566068
15.846 0.566068
15.906 0.566068
15.966 0.566068
16.026 0.566068
16.086 0.566068
16.146 0.566068
16.206 0.566068
16.266 0.566068
16.326 0.566068
16.386 0.566068
16.446 0.566068
16.506 0.566068
16.566 0.566068
16.626 0.566068
16.686 0.566068
16.746 0.566068
16.806 0.566068
16.866 0.566068
16.926 0.566068
16.986 0.566068
17.046 0.566068
17.106 0.566068
17.166 0.566068
17.226 0.566068
17.286 0.566068
17.346 0.566068
17.406 0.566068
17.466 0.566068
17.526 0.566068
17.586 0.566068
17.646 0.566068
17.706 0.566068
17.766 0.566068
17.826 0.566068
17.886 0.566068
17.946 0.566068
18.006 0.566068
18.066 0.566068
18.126 0.566068
18.186 0.566068
18.246 0.566068
18.306 0.566068
18.366 0.566068
18.426 0.566068
18.486 0.566068
18.546 0.566068
18.606 0.566068
18.666 0.566068
18.726 0.566068
18.786 0.566068
18.846 0.566068
18.906 0.566068
18.966 0.566068
19.026 0.566068
19.086 0.566068
19.146 0.566068
19.206 0.566068
19.266 0.566068
19.326 0.566068
19.386 0.566068
19.446 0.566068
19.506 0.566068
19.566 0.566068
19.626 0.566068
19.686 0.566068
19.746 0.566068
19.806 0.566068
19.866 0.566068
19.926 0.566068
19.986 0.566068
20.046 0.566068
20.106 0.566068
20.166 0.566068
20.226 0.566068
20.286 0.566068
20.346 0.566068
20.406 0.566068
20.466 0.566068
20.526 0.566068
20.586 0.566068
20.646 0.566068
20.706 0.566068
20.766 0.566068
20.826 0.566068
20.886 0.566068
20.946 0.566068
21.006 0.566068
21.066 0.566068
21.126 0.566068
21.186 0.566068
21.246 0.566068
21.306 0.566068
21.366 0.566068
21.426 0.566068
21.486 0.566068
21.546 0.566068
21.606 0.566068
21.666 0.566068
21.726 0.566068
21.786 0.566068
21.846 0.566068
21.906 0.566068
21.966 0.566068
22.026 0.566068
22.086 0.566068
22.146 0.566068
22.206 0.566068
22.266 0.566068
22.326 0.566068
22.386 0.566068
22.446 0.566068
22.506 0.566068
22.566 0.566068
22.626 0.566068
22.686 0.566068
22.746 0.566068
22.806 0.566068
22.866 0.566068
22.926 0.566068
22.986 0.566068
23.046 0.566068
23.106 0.566068
23.166 0.566068
23.226 0.566068
23.286 0.566068
23.346 0.566068
23.406 0.566068
23.466 0.566068
23.526 0.566068
23.586 0.566068
23.646 0.566068
23.706 0.566068
23.766 0.566068
23.826 0.566068
23.886 0.566068
23.946 0.566068
24.006 0.566068
24.066 0.566068
24.126 0.566068
24.186 0.566068
24.246 0.566068
24.306 0.566068
24.366 0.566068
24.426 0.566068
24.486 0.566068
24.546 0.566068
24.606 0.566068
24.666 0.566068
24.726 0.566068
24.786 0.566068
24.846 0.566068
24.906 0.566068
24.966 0.566068
25.026 0.566068
25.086 0.566068
25.146 0.566068
25.206 0.566068
25.266 0.566068
25.326 0.566068
25.386 0.566068
25.446 0.566068
25.506 0.566068
25.566 0.566068
25.626 0.566068
25.686 0.566068
25.746 0.566068
25.806 0.566068
25.866 0.566068
25.926 0.566068
25.986 0.566068
26.046 0.566068
26.106 0.566068
26.166 0.566068
26.226 0.566068
26.286 0.566068
26.346 0.566068
26.406 0.566068
26.466 0.566068
26.526 0.566068
26.586 0.566068
26.646 0.566068
26.706 0.566068
26.766 0.566068
26.826 0.566068
26.886 0.566068
26.946 0.566068
27.006 0.566068
27.066 0.566068
27.126 0.566068
27.186 0.566068
27.246 0.566068
27.306 0.566068
27.366 0.566068
27.426 0.566068
27.486 0.566068
27.546 0.566068
27.606 0.566068
27.666 0.566068
27.726 0.566068
27.786 0.566068
27.846 0.566068
27.906 0.566068
27.966 0.566068
28.026 0.566068
28.086 0.566068
28.146 0.566068
28.206 0.566068
28.266 0.566068
28.326 0.566068
28.386 0.566068
28.446 0.566068
28.506 0.566068
28.566 0.566068
28.626 0.566068
28.686 0.566068
28.746 0.566068
28.806 0.566068
28.866 0.566068
28.926 0.566068
28.986 0.566068
29.046 0.566068
29.106 0.566068
29.166 0.566068
29.226 0.566068
29.286 0.566068
29.346 0.566068
29.406 0.566068
29.466 0.566068
29.526 0.566068
29.586 0.566068
29.646 0.566068
29.706 0.566068
29.766 0.566068
29.826 0.566068
29.886 0.566068
29.946 0.566068
30.006 0.566068
30.066 0.566068
30.126 0.566068
30.186 0.566068
30.246 0.566068
30.306 0.566068
30.366 0.566068
30.426 0.566068
30.486 0.566068
30.546 0.566068
30.606 0.566068
30.666 0.566068
30.726 0.566068
30.786 0.566068
30.846 0.566068
30.906 0.566068
30.966 0.566068
31.026 0.566068
31.086 0.566068
31.146 0.566068
31.206 0.566068
31.266 0.566068
31.326 0.566068
31.386 0.566068
31.446 0.566068
31.506 0.566068
31.566 0.566068
31.626 0.566068
31.686 0.566068
31.746 0.566068
31.806 0.566068
31.866 0.566068
31.926 0.566068
31.986 0.566068
32.046 0.566068
32.106 0.566068
32.166 0.566068
32.226 0.566068
32.286 0.566068
32.346 0.566068
32.406 0.566068
32.466 0.566068
32.526 0.566068
32.586 0.566068
32.646 0.566068
32.706 0.566068
32.766 0.566068
32.826 0.566068
32.886 0.566068
32.946 0.566068
33.006 0.566068
33.066 0.566068
33.126 0.566068
33.186 0.566068
33.246 0.566068
33.306 0.566068
33.366 0.566068
33.426 0.566068
33.486 0.566068
33.546 0.566068
33.606 0.566068
33.666 0.566068
33.726 0.566068
33.786 0.566068
33.846 0.566068
33.906 0.566068
33.966 0.566068
34.026 0.566068
34.086 0.566068
34.146 0.566068
34.206 0.566068
34.266 0.566068
34.326 0.566068
34.386 0.566068
34.446 0.566068
34.506 0.566068
34.566 0.566068
34.626 0.566068
34.686 0.566068
34.746 0.566068
34.806 0.566068
34.866 0.566068
34.926 0.566068
34.986 0.566068
35.046 0.566068
35.106 0.566068
35.166 0.566068
35.226 0.566068
35.286 0.566068
35.346 0.566068
35.406 0.566068
35.466 0.566068
35.526 0.566068
35.586 0.566068
35.646 0.566068
35.706 0.566068
35.766 0.566068
35.826 0.566068
35.886 0.566068
35.946 0.566068
36.006 0.566068
36.066 0.566068
36.126 0.566068
36.186 0.566068
36.246 0.566068
36.306 0.566068
36.366 0.566068
36.426 0.566068
36.486 0.566068
36.546 0.566068
36.606 0.566068
36.666 0.566068
36.726 0.566068
36.786 0.566068
36.846 0.566068
36.906 0.566068
36.966 0.566068
37.026 0.566068
37.086 0.566068
37.146 0.566068
37.206 0.566068
37.266 0.566068
37.326 0.566068
37.386 0.566068
37.446 0.566068
37.506 0.566068
37.566 0.566068
37.626 0.566068
37.686 0.566068
37.746 0.566068
37.806 0.566068
37.866 0.566068
37.926 0.566068
37.986 0.566068
38.046 0.566068
38.106 0.566068
38.166 0.566068
38.226 0.566068
38.286 0.566068
38.346 0.566068
38.406 0.566068
38.466 0.566068
38.526 0.566068
38.586 0.566068
38.646 0.566068
38.706 0.566068
38.766 0.566068
38.826 0.566068
38.886 0.566068
38.946 0.566068
39.006 0.566068
39.066 0.566068
39.126 0.566068
39.186 0.566068
39.246 0.566068
39.306 0.566068
39.366 0.566068
39.426 0.566068
39.486 0.566068
39.546 0.566068
39.606 0.566068
39.666 0.566068
39.726 0.566068
39.786 0.566068
39.846 0.566068
39.906 0.566068
39.966 0.566068
40.026 0.566068
40.086 0.566068
40.146 0.566068
40.206 0.566068
40.266 0.566068
40.326 0.566068
40.386 0.566068
40.446 0.566068
40.506 0.566068
40.566 0.566068
40.626 0.566068
40.686 0.566068
40.746 0.566068
40.806 0.566068
40.866 0.566068
40.926 0.566068
40.986 0.566068
41.046 0.566068
41.106 0.566068
41.166 0.566068
41.226 0.566068
41.286 0.566068
41.346 0.566068
41.406 0.566068
41.466 0.566068
41.526 0.566068
41.586 0.566068
41.646 0.566068
41.706 0.566068
41.766 0.566068
41.826 0.566068
41.886 0.566068
41.946 0.566068
42.006 0.566068
42.066 0.566068
42.126 0.566068
42.186 0.566068
42.246 0.566068
42.306 0.566068
42.366 0.566068
42.426 0.566068
42.486 0.566068
42.546 0.566068
42.606 0.566068
42.666 0.566068
42.726 0.566068
42.786 0.566068
42.846 0.566068
42.906 0.566068
42.966 0.566068
43.026 0.566068
43.086 0.566068
43.146 0.566068
43.206 0.566068
43.266 0.566068
43.326 0.566068
43.386 0.566068
43.446 0.566068
43.506 0.566068
43.566 0.566068
43.626 0.566068
43.686 0.566068
43.746 0.566068
43.806 0.566068
43.866 0.566068
43.926 0.566068
43.986 0.566068
44.046 0.566068
44.106 0.566068
44.166 0.566068
44.226 0.566068
44.286 0.566068
44.346 0.566068
44.406 0.566068
44.466 0.566068
44.526 0.566068
44.586 0.566068
44.646 0.566068
44.706 0.566068
44.766 0.566068
44.826 0.566068
44.886 0.566068
44.946 0.566068
45.006 0.566068
45.066 0.566068
45.126 0.566068
45.186 0.566068
45.246 0.566068
45.306 0.566068
45.366 0.566068
45.426 0.566068
45.486 0.566068
45.546 0.566068
45.606 0.566068
45.666 0.566068
45.726 0.566068
45.786 0.566068
45.846 0.566068
45.906 0.566068
45.966 0.566068
46.026 0.566068
46.086 0.566068
46.146 0.566068
46.206 0.566068
46.266 0.566068
46.326 0.566068
46.386 0.566068
46.446 0.566068
46.506 0.566068
46.566 0.566068
46.626 0.566068
46.686 0.566068
46.746 0.566068
46.806 0.566068
46.866 0.566068
46.926 0.566068
46.986 0.566068
47.046 0.566068
47.106 0.566068
47.166 0.566068
47.226 0.566068
47.286 0.566068
47.346 0.566068
47.406 0.566068
47.466 0.566068
47.526 0.566068
47.586 0.566068
47.646 0.566068
47.706 0.566068
47.766 0.566068
47.826 0.566068
47.886 0.566068
47.946 0.566068
48.006 0.566068
48.066 0.566068
48.126 0.566068
48.186 0.566068
48.246 0.566068
48.306 0.566068
48.366 0.566068
48.426 0.566068
48.486 0.566068
48.546 0.566068
48.606 0.566068
48.666 0.566068
48.726 0.566068
48.786 0.566068
48.846 0.566068
48.906 0.566068
48.966 0.566068
49.026 0.566068
49.086 0.566068
49.146 0.566068
49.206 0.566068
49.266 0.566068
49.326 0.566068
49.386 0.566068
49.446 0.566068
49.506 0.566068
49.566 0.566068
49.626 0.566068
49.686 0.566068
49.746 0.566068
49.806 0.566068
49.866 0.566068
49.926 0.566068
49.986 0.566068
50.046 0.566068
50.106 0.566068
50.166 0.566068
50.226 0.566068
50.286 0.566068
50.346 0.566068
50.406 0.566068
50.466 0.566068
50.526 0.566068
50.586 0.566068
50.646 0.566068
50.706 0.566068
50.766 0.566068
50.826 0.566068
50.886 0.566068
50.946 0.566068
51.006 0.566068
51.066 0.566068
51.126 0.566068
51.186 0.566068
51.246 0.566068
51.306 0.566068
51.366 0.566068
51.426 0.566068
51.486 0.566068
51.546 0.566068
51.606 0.566068
51.666 0.566068
51.726 0.566068
51.786 0.566068
51.846 0.566068
51.906 0.566068
51.966 0.566068
52.026 0.566068
52.086 0.566068
52.146 0.566068
52.206 0.566068
52.266 0.566068
52.326 0.566068
52.386 0.566068
52.446 0.566068
52.506 0.566068
52.566 0.566068
52.626 0.566068
52.686 0.566068
52.746 0.566068
52.806 0.566068
52.866 0.566068
52.926 0.566068
52.986 0.566068
53.046 0.566068
53.106 0.566068
53.166 0.566068
53.226 0.566068
53.286 0.566068
53.346 0.566068
53.406 0.566068
53.466 0.566068
53.526 0.566068
53.586 0.566068
53.646 0.566068
53.706 0.566068
53.766 0.566068
53.826 0.566068
53.886 0.566068
53.946 0.566068
54.006 0.566068
54.066 0.566068
54.126 0.566068
54.186 0.566068
54.246 0.566068
54.306 0.566068
54.366 0.566068
54.426 0.566068
54.486 0.566068
54.546 0.566068
54.606 0.566068
54.666 0.566068
54.726 0.566068
54.786 0.566068
54.846 0.566068
54.906 0.566068
54.966 0.566068
55.026 0.566068
55.086 0.566068
55.146 0.566068
55.206 0.566068
55.266 0.566068
55.326 0.566068
55.386 0.566068
55.446 0.566068
55.506 0.566068
55.566 0.566068
55.626 0.566068
55.686 0.566068
55.746 0.566068
55.806 0.566068
55.866 0.566068
55.926 0.566068
55.986 0.566068
56.046 0.566068
56.106 0.566068
56.166 0.566068
56.226 0.566068
56.286 0.566068
56.346 0.566068
56.406 0.566068
56.466 0.566068
56.526 0.566068
56.586 0.566068
56.646 0.566068
56.706 0.566068
56.766 0.566068
56.826 0.566068
56.886 0.566068
56.946 0.566068
57.006 0.566068
57.066 0.566068
57.126 0.566068
57.186 0.566068
57.246 0.566068
57.306 0.566068
57.366 0.566068
57.426 0.566068
57.486 0.566068
57.546 0.566068
57.606 0.566068
57.666 0.566068
57.726 0.566068
57.786 0.566068
57.846 0.566068
57.906 0.566068
57.966 0.566068
58.026 0.566068
58.086 0.566068
58.146 0.566068
58.206 0.566068
58.266 0.566068
58.326 0.566068
58.386 0.566068
58.446 0.566068
58.506 0.566068
58.566 0.566068
58.626 0.566068
58.686 0.566068
58.746 0.566068
58.806 0.566068
58.866 0.566068
58.926 0.566068
58.986 0.566068
59.046 0.566068
59.106 0.566068
59.166 0.566068
59.226 0.566068
59.286 0.566068
59.346 0.566068
59.406 0.566068
59.466 0.566068
59.526 0.566068
59.586 0.566068
59.646 0.566068
59.706 0.566068
59.766 0.566068
59.826 0.566068
59.886 0.566068
59.946 0.566068

