0.006 0
0.066 0.000806598
0.126 0.00510515
0.186 0.0142522
0.246 0.0277033
0.306 0.0439366
0.366 0.0613636
0.426 0.0788204
0.486 0.0956328
0.546 0.111541
0.606 0.126502
0.666 0.140568
0.726 0.153862
0.786 0.166536
0.846 0.178756
0.906 0.19068
0.966 0.202448
1.026 0.214149
1.086 0.225781
1.146 0.237197
1.206 0.248136
1.266 0.258364
1.326 0.267763
1.386 0.276308
1.446 0.284024
1.506 0.290966
1.566 0.297193
1.626 0.302773
1.686 0.307766
1.746 0.312233
1.806 0.316229
1.866 0.319803
1.926 0.323001
1.986 0.325863
2.046 0.328425
2.106 0.330721
2.166 0.332778
2.226 0.334623
2.286 0.336279
2.346 0.337765
2.406 0.339099
2.466 0.340299
2.526 0.341377
2.586 0.342347
2.646 0.34322
2.706 0.344005
2.766 0.344713
2.826 0.345351
2.886 0.345926
2.946 0.346445
3.006 0.346913
3.066 0.347335
3.126 0.347716
3.186 0.348061
3.246 0.348372
3.306 0.348653
3.366 0.348907
3.426 0.349136
3.486 0.349344
3.546 0.349532
3.606 0.349702
3.666 0.349856
3.726 0.349995
3.786 0.350121
3.846 0.350235
3.906 0.350338
3.966 0.350432
4.026 0.350516
4.086 0.350593
4.146 0.350663
4.206 0.350726
4.266 0.350783
4.326 0.350835
4.386 0.350882
4.446 0.350924
4.506 0.350963
4.566 0.350997
4.626 0.351029
4.686 0.351058
4.746 0.351084
4.806 0.351107
4.866 0.351128
4.926 0.351148
4.986 0.351165
5.046 0.351181
5.106 0.351195
5.166 0.351208
5.226 0.35122
5.286 0.351231
5.346 0.35124
5.406 0.351249
5.466 0.351257
5.526 0.351264
5.586 0.35127
5.646 0.351276
5.706 0.351281
5.766 0.351286
5.826 0.35129
5.886 0.351294
5.946 0.351297
6.006 0.3513
6.066 0.351303
6.126 0.351306
6.186 0.351308
6.246 0.35131
6.306 0.351312
6.366 0.351313
6.426 0.351315
6.486 0.351316
6.546 0.351317
6.606 0.351318
6.666 0.351319
6.726 0.35132
6.786 0.351321
6.846 0.351322
6.906 0.351323
6.966 0.351323
7.026 0.351324
7.086 0.351324
7.146 0.351324
7.206 0.351324
7.266 0.351324
7.326 0.351324
7.386 0.351324
7.446 0.351324
7.506 0.351324
7.566 0.351324
7.626 0.351324
7.686 0.351324
7.746 0.351324
7.806 0.351324
7.866 0.351324
7.926 0.351324
7.986 0.351324
8.046 0.351324
8.106 0.351324
8.166 0.351324
8.226 0.351324
8.286 0.351324
8.346 0.351324
8.406 0.351324
8.466 0.351324
8.526 0.351324
8.586 0.351324
8.646 0.351324
8.706 0.351324
8.766 0.351324
8.826 0.351324
8.886 0.351324
8.946 0.351324
9.006 0.351324
9.066 0.351324
9.126 0.351324
9.186 0.351324
9.246 0.351324
9.306 0.351324
9.366 0.351324
9.426 0.351324
9.486 0.351324
9.546 0.351324
9.606 0.351324
9.666 0.351324
9.726 0.351324
9.786 0.351324
9.846 0.351324
9.906 0.351324
9.966 0.351324
10.026 0.351324
10.086 0.351324
10.146 0.351324
10.206 0.351324
10.266 0.351324
10.326 0.351324
10.386 0.351324
10.446 0.351324
10.506 0.351324
10.566 0.351324
10.626 0.351324
10.686 0.351324
10.746 0.351324
10.806 0.351324
10.866 0.351324
10.926 0.351324
10.986 0.351324
11.046 0.351324
11.106 0.351324
11.166 0.351324
11.226 0.351324
11.286 0.351324
11.346 0.351324
11.406 0.351324
11.466 0.351324
11.526 0.351324
11.586 0.351324
11.646 0.351324
11.706 0.351324
11.766 0.351324
11.826 0.351324
11.886 0.351324
11.946 0.351324
12.006 0.351324
12.066 0.351324
12.126 0.351324
12.186 0.351324
12.246 0.351324
12.306 0.351324
12.366 0.351324
12.426 0.351324
12.486 0.351324
12.546 0.351324
12.606 0.351324
12.666 0.351324
12.726 0.351324
12.786 0.351324
12.846 0.351324
12.906 0.351324
12.966 0.351324
13.026 0.351324
13.086 0.351324
13.146 0.351324
13.206 0.351324
13.266 0.351324
13.326 0.351324
13.386 0.351324
13.446 0.351324
13.506 0.351324
13.566 0.351324
13.626 0.351324
13.686 0.351324
13.746 0.351324
13.806 0.351324
13.866 0.351324
13.926 0.351324
13.986 0.351324
14.046 0.351324
14.106 0.351324
14.166 0.351324
14.226 0.351324
14.286 0.351324
14.346 0.351324
14.406 0.351324
14.466 0.351324
14.526 0.351324
14.586 0.351324
14.646 0.351324
14.706 0.351324
14.766 0.351324
14.826 0.351324
14.886 0.351324
14.946 0.351324
15.006 0.351324
15.066 0.351324
15.126 0.351324
15.186 0.351324
15.246 0.351324
15.306 0.351324
15.366 0.351324
15.426 0.351324
15.486 0.351324
15.546 0.351324
15.606 0.351324
15.666 0.351324
15.726 0.351324
15.786 0.351324
15.846 0.351324
15.906 0.351324
15.966 0.351324
16.026 0.351324
16.086 0.351324
16.146 0.351324
16.206 0.351324
16.266 0.351324
16.326 0.351324
16.386 0.351324
16.446 0.351324
16.506 0.351324
16.566 0.351324
16.626 0.351324
16.686 0.351324
16.746 0.351324
16.806 0.351324
16.866 0.351324
16.926 0.351324
16.986 0.351324
17.046 0.351324
17.106 0.351324
17.166 0.351324
17.226 0.351324
17.286 0.351324
17.346 0.351324
17.406 0.351324
17.466 0.351324
17.526 0.351324
17.586 0.351324
17.646 0.351324
17.706 0.351324
17.766 0.351324
17.826 0.351324
17.886 0.351324
17.946 0.351324
18.006 0.351324
18.066 0.351324
18.126 0.351324
18.186 0.351324
18.246 0.351324
18.306 0.351324
18.366 0.351324
18.426 0.351324
18.486 0.351324
18.546 0.351324
18.606 0.351324
18.666 0.351324
18.726 0.351324
18.786 0.351324
18.846 0.351324
18.906 0.351324
18.966 0.351324
19.026 0.351324
19.086 0.351324
19.146 0.351324
19.206 0.351324
19.266 0.351324
19.326 0.351324
19.386 0.351324
19.446 0.351324
19.506 0.351324
19.566 0.351324
19.626 0.351324
19.686 0.351324
19.746 0.351324
19.806 0.351324
19.866 0.351324
19.926 0.351324
19.986 0.351324
20.046 0.351324
20.106 0.351324
20.166 0.351324
20.226 0.351324
20.286 0.351324
20.346 0.351324
20.406 0.351324
20.466 0.351324
20.526 0.351324
20.586 0.351324
20.646 0.351324
20.706 0.351324
20.766 0.351324
20.826 0.351324
20.886 0.351324
20.946 0.351324
21.006 0.351324
21.066 0.351324
21.126 0.351324
21.186 0.351324
21.246 0.351324
21.306 0.351324
21.366 0.351324
21.426 0.351324
21.486 0.351324
21.546 0.351324
21.606 0.351324
21.666 0.351324
21.726 0.351324
21.786 0.351324
21.846 0.351324
21.906 0.351324
21.966 0.351324
22.026 0.351324
22.086 0.351324
22.146 0.351324
22.206 0.351324
22.266 0.351324
22.326 0.351324
22.386 0.351324
22.446 0.351324
22.506 0.351324
22.566 0.351324
22.626 0.351324
22.686 0.351324
22.746 0.351324
22.806 0.351324
22.866 0.351324
22.926 0.351324
22.986 0.351324
23.046 0.351324
23.106 0.351324
23.166 0.351324
23.226 0.351324
23.286 0.351324
23.346 0.351324
23.406 0.351324
23.466 0.351324
23.526 0.351324
23.586 0.351324
23.646 0.351324
23.706 0.351324
23.766 0.351324
23.826 0.351324
23.886 0.351324
23.946 0.351324
24.006 0.351324
24.066 0.351324
24.126 0.351324
24.186 0.351324
24.246 0.351324
24.306 0.351324
24.366 0.351324
24.426 0.351324
24.486 0.351324
24.546 0.351324
24.606 0.351324
24.666 0.351324
24.726 0.351324
24.786 0.351324
24.846 0.351324
24.906 0.351324
24.966 0.351324
25.026 0.351324
25.086 0.351324
25.146 0.351324
25.206 0.351324
25.266 0.351324
25.326 0.351324
25.386 0.351324
25.446 0.351324
25.506 0.351324
25.566 0.351324
25.626 0.351324
25.686 0.351324
25.746 0.351324
25.806 0.351324
25.866 0.351324
25.926 0.351324
25.986 0.351324
26.046 0.351324
26.106 0.351324
26.166 0.351324
26.226 0.351324
26.286 0.351324
26.346 0.351324
26.406 0.351324
26.466 0.351324
26.526 0.351324
26.586 0.351324
26.646 0.351324
26.706 0.351324
26.766 0.351324
26.826 0.351324
26.886 0.351324
26.946 0.351324
27.006 0.351324
27.066 0.351324
27.126 0.351324
27.186 0.351324
27.246 0.351324
27.306 0.351324
27.366 0.351324
27.426 0.351324
27.486 0.351324
27.546 0.351324
27.606 0.351324
27.666 0.351324
27.726 0.351324
27.786 0.351324
27.846 0.351324
27.906 0.351324
27.966 0.351324
28.026 0.351324
28.086 0.351324
28.146 0.351324
28.206 0.351324
28.266 0.351324
28.326 0.351324
28.386 0.351324
28.446 0.351324
28.506 0.351324
28.566 0.351324
28.626 0.351324
28.686 0.351324
28.746 0.351324
28.806 0.351324
28.866 0.351324
28.926 0.351324
28.986 0.351324
29.046 0.351324
29.106 0.351324
29.166 0.351324
29.226 0.351324
29.286 0.351324
29.346 0.351324
29.406 0.351324
29.466 0.351324
29.526 0.351324
29.586 0.351324
29.646 0.351324
29.706 0.351324
29.766 0.351324
29.826 0.351324
29.886 0.351324
29.946 0.351324
30.006 0.351324
30.066 0.351324
30.126 0.351324
30.186 0.351324
30.246 0.351324
30.306 0.351324
30.366 0.351324
30.426 0.351324
30.486 0.351324
30.546 0.351324
30.606 0.351324
30.666 0.351324
30.726 0.351324
30.786 0.351324
30.846 0.351324
30.906 0.351324
30.966 0.351324
31.026 0.351324
31.086 0.351324
31.146 0.351324
31.206 0.351324
31.266 0.351324
31.326 0.351324
31.386 0.351324
31.446 0.351324
31.506 0.351324
31.566 0.351324
31.626 0.351324
31.686 0.351324
31.746 0.351324
31.806 0.351324
31.866 0.351324
31.926 0.351324
31.986 0.351324
32.046 0.351324
32.106 0.351324
32.166 0.351324
32.226 0.351324
32.286 0.351324
32.346 0.351324
32.406 0.351324
32.466 0.351324
32.526 0.351324
32.586 0.351324
32.646 0.351324
32.706 0.351324
32.766 0.351324
32.826 0.351324
32.886 0.351324
32.946 0.351324
33.006 0.351324
33.066 0.351324
33.126 0.351324
33.186 0.351324
33.246 0.351324
33.306 0.351324
33.366 0.351324
33.426 0.351324
33.486 0.351324
33.546 0.351324
33.606 0.351324
33.666 0.351324
33.726 0.351324
33.786 0.351324
33.846 0.351324
33.906 0.351324
33.966 0.351324
34.026 0.351324
34.086 0.351324
34.146 0.351324
34.206 0.351324
34.266 0.351324
34.326 0.351324
34.386 0.351324
34.446 0.351324
34.506 0.351324
34.566 0.351324
34.626 0.351324
34.686 0.351324
34.746 0.351324
34.806 0.351324
34.866 0.351324
34.926 0.351324
34.986 0.351324
35.046 0.351324
35.106 0.351324
35.166 0.351324
35.226 0.351324
35.286 0.351324
35.346 0.351324
35.406 0.351324
35.466 0.351324
35.526 0.351324
35.586 0.351324
35.646 0.351324
35.706 0.351324
35.766 0.351324
35.826 0.351324
35.886 0.351324
35.946 0.351324
36.006 0.351324
36.066 0.351324
36.126 0.351324
36.186 0.351324
36.246 0.351324
36.306 0.351324
36.366 0.351324
36.426 0.351324
36.486 0.351324
36.546 0.351324
36.606 0.351324
36.666 0.351324
36.726 0.351324
36.786 0.351324
36.846 0.351324
36.906 0.351324
36.966 0.351324
37.026 0.351324
37.086 0.351324
37.146 0.351324
37.206 0.351324
37.266 0.351324
37.326 0.351324
37.386 0.351324
37.446 0.351324
37.506 0.351324
37.566 0.351324
37.626 0.351324
37.686 0.351324
37.746 0.351324
37.806 0.351324
37.866 0.351324
37.926 0.351324
37.986 0.351324
38.046 0.351324
38.106 0.351324
38.166 0.351324
38.226 0.351324
38.286 0.351324
38.346 0.351324
38.406 0.351324
38.466 0.351324
38.526 0.351324
38.586 0.351324
38.646 0.351324
38.706 0.351324
38.766 0.351324
38.826 0.351324
38.886 0.351324
38.946 0.351324
39.006 0.351324
39.066 0.351324
39.126 0.351324
39.186 0.351324
39.246 0.351324
39.306 0.351324
39.366 0.351324
39.426 0.351324
39.486 0.351324
39.546 0.351324
39.606 0.351324
39.666 0.351324
39.726 0.351324
39.786 0.351324
39.846 0.351324
39.906 0.351324
39.966 0.351324
40.026 0.351324
40.086 0.351324
40.146 0.351324
40.206 0.351324
40.266 0.351324
40.326 0.351324
40.386 0.351324
40.446 0.351324
40.506 0.351324
40.566 0.351324
40.626 0.351324
40.686 0.351324
40.746 0.351324
40.806 0.351324
40.866 0.351324
40.926 0.351324
40.986 0.351324
41.046 0.351324
41.106 0.351324
41.166 0.351324
41.226 0.351324
41.286 0.351324
41.346 0.351324
41.406 0.351324
41.466 0.351324
41.526 0.351324
41.586 0.351324
41.646 0.351324
41.706 0.351324
41.766 0.351324
41.826 0.351324
41.886 0.351324
41.946 0.351324
42.006 0.351324
42.066 0.351324
42.126 0.351324
42.186 0.351324
42.246 0.351324
42.306 0.351324
42.366 0.351324
42.426 0.351324
42.486 0.351324
42.546 0.351324
42.606 0.351324
42.666 0.351324
42.726 0.351324
42.786 0.351324
42.846 0.351324
42.906 0.351324
42.966 0.351324
43.026 0.351324
43.086 0.351324
43.146 0.351324
43.206 0.351324
43.266 0.351324
43.326 0.351324
43.386 0.351324
43.446 0.351324
43.506 0.351324
43.566 0.351324
43.626 0.351324
43.686 0.351324
43.746 0.351324
43.806 0.351324
43.866 0.351324
43.926 0.351324
43.986 0.351324
44.046 0.351324
44.106 0.351324
44.166 0.351324
44.226 0.351324
44.286 0.351324
44.346 0.351324
44.406 0.351324
44.466 0.351324
44.526 0.351324
44.586 0.351324
44.646 0.351324
44.706 0.351324
44.766 0.351324
44.826 0.351324
44.886 0.351324
44.946 0.351324
45.006 0.351324
45.066 0.351324
45.126 0.351324
45.186 0.351324
45.246 0.351324
45.306 0.351324
45.366 0.351324
45.426 0.351324
45.486 0.351324
45.546 0.351324
45.606 0.351324
45.666 0.351324
45.726 0.351324
45.786 0.351324
45.846 0.351324
45.906 0.351324
45.966 0.351324
46.026 0.351324
46.086 0.351324
46.146 0.351324
46.206 0.351324
46.266 0.351324
46.326 0.351324
46.386 0.351324
46.446 0.351324
46.506 0.351324
46.566 0.351324
46.626 0.351324
46.686 0.351324
46.746 0.351324
46.806 0.351324
46.866 0.351324
46.926 0.351324
46.986 0.351324
47.046 0.351324
47.106 0.351324
47.166 0.351324
47.226 0.351324
47.286 0.351324
47.346 0.351324
47.406 0.351324
47.466 0.351324
47.526 0.351324
47.586 0.351324
47.646 0.351324
47.706 0.351324
47.766 0.351324
47.826 0.351324
47.886 0.351324
47.946 0.351324
48.006 0.351324
48.066 0.351324
48.126 0.351324
48.186 0.351324
48.246 0.351324
48.306 0.351324
48.366 0.351324
48.426 0.351324
48.486 0.351324
48.546 0.351324
48.606 0.351324
48.666 0.351324
48.726 0.351324
48.786 0.351324
48.846 0.351324
48.906 0.351324
48.966 0.351324
49.026 0.351324
49.086 0.351324
49.146 0.351324
49.206 0.351324
49.266 0.351324
49.326 0.351324
49.386 0.351324
49.446 0.351324
49.506 0.351324
49.566 0.351324
49.626 0.351324
49.686 0.351324
49.746 0.351324
49.806 0.351324
49.866 0.351324
49.926 0.351324
49.986 0.351324
50.046 0.351324
50.106 0.351324
50.166 0.351324
50.226 0.351324
50.286 0.351324
50.346 0.351324
50.406 0.351324
50.466 0.351324
50.526 0.351324
50.586 0.351324
50.646 0.351324
50.706 0.351324
50.766 0.351324
50.826 0.351324
50.886 0.351324
50.946 0.351324
51.006 0.351324
51.066 0.351324
51.126 0.351324
51.186 0.351324
51.246 0.351324
51.306 0.351324
51.366 0.351324
51.426 0.351324
51.486 0.351324
51.546 0.351324
51.606 0.351324
51.666 0.351324
51.726 0.351324
51.786 0.351324
51.846 0.351324
51.906 0.351324
51.966 0.351324
52.026 0.351324
52.086 0.351324
52.146 0.351324
52.206 0.351324
52.266 0.351324
52.326 0.351324
52.386 0.351324
52.446 0.351324
52.506 0.351324
52.566 0.351324
52.626 0.351324
52.686 0.351324
52.746 0.351324
52.806 0.351324
52.866 0.351324
52.926 0.351324
52.986 0.351324
53.046 0.351324
53.106 0.351324
53.166 0.351324
53.226 0.351324
53.286 0.351324
53.346 0.351324
53.406 0.351324
53.466 0.351324
53.526 0.351324
53.586 0.351324
53.646 0.351324
53.706 0.351324
53.766 0.351324
53.826 0.351324
53.886 0.351324
53.946 0.351324
54.006 0.351324
54.066 0.351324
54.126 0.351324
54.186 0.351324
54.246 0.351324
54.306 0.351324
54.366 0.351324
54.426 0.351324
54.486 0.351324
54.546 0.351324
54.606 0.351324
54.666 0.351324
54.726 0.351324
54.786 0.351324
54.846 0.351324
54.906 0.351324
54.966 0.351324
55.026 0.351324
55.086 0.351324
55.146 0.351324
55.206 0.351324
55.266 0.351324
55.326 0.351324
55.386 0.351324
55.446 0.351324
55.506 0.351324
55.566 0.351324
55.626 0.351324
55.686 0.351324
55.746 0.351324
55.806 0.351324
55.866 0.351324
55.926 0.351324
55.986 0.351324
56.046 0.351324
56.106 0.351324
56.166 0.351324
56.226 0.351324
56.286 0.351324
56.346 0.351324
56.406 0.351324
56.466 0.351324
56.526 0.351324
56.586 0.351324
56.646 0.351324
56.706 0.351324
56.766 0.351324
56.826 0.351324
56.886 0.351324
56.946 0.351324
57.006 0.351324
57.066 0.351324
57.126 0.351324
57.186 0.351324
57.246 0.351324
57.306 0.351324
57.366 0.351324
57.426 0.351324
57.486 0.351324
57.546 0.351324
57.606 0.351324
57.666 0.351324
57.726 0.351324
57.786 0.351324
57.846 0.351324
57.906 0.351324
57.966 0.351324
58.026 0.351324
58.086 0.351324
58.146 0.351324
58.206 0.351324
58.266 0.351324
58.326 0.351324
58.386 0.351324
58.446 0.351324
58.506 0.351324
58.566 0.351324
58.626 0.351324
58.686 0.351324
58.746 0.351324
58.806 0.351324
58.866 0.351324
58.926 0.351324
58.986 0.351324
59.046 0.351324
59.106 0.351324
59.166 0.351324
59.226 0.351324
59.286 0.351324
59.346 0.351324
59.406 0.351324
59.466 0.351324
59.526 0.351324
59.586 0.351324
59.646 0.351324
59.706 0.351324
59.766 0.351324
59.826 0.351324
59.886 0.351324
59.946 0.351324

