0.006 0.00674013
0.066 0.11269
0.126 0.171859
0.186 0.229295
0.246 0.28265
0.306 0.33111
0.366 0.374787
0.426 0.414111
0.486 0.449575
0.546 0.481648
0.606 0.510747
0.666 0.537232
0.726 0.561412
0.786 0.583553
0.846 0.603883
0.906 0.622597
0.966 0.639867
1.026 0.65584
1.086 0.670644
1.146 0.684395
1.206 0.69719
1.266 0.709118
1.326 0.720257
1.386 0.730676
1.446 0.740438
1.506 0.749598
1.566 0.758204
1.626 0.766303
1.686 0.773933
1.746 0.781132
1.806 0.787931
1.866 0.794362
1.926 0.80045
1.986 0.80622
2.046 0.811696
2.106 0.816897
2.166 0.821841
2.226 0.826547
2.286 0.83103
2.346 0.835304
2.406 0.839382
2.466 0.843278
2.526 0.847002
2.586 0.850564
2.646 0.853974
2.706 0.857242
2.766 0.860375
2.826 0.863381
2.886 0.866267
2.946 0.869041
3.006 0.871707
3.066 0.874272
3.126 0.876741
3.186 0.87912
3.246 0.881412
3.306 0.883623
3.366 0.885756
3.426 0.887815
3.486 0.889804
3.546 0.891726
3.606 0.893584
3.666 0.895382
3.726 0.897122
3.786 0.898806
3.846 0.900438
3.906 0.90202
3.966 0.903553
4.026 0.90504
4.086 0.906484
4.146 0.907885
4.206 0.909245
4.266 0.910567
4.326 0.911852
4.386 0.913101
4.446 0.914315
4.506 0.915497
4.566 0.916647
4.626 0.917767
4.686 0.918858
4.746 0.91992
4.806 0.920955
4.866 0.921965
4.926 0.922949
4.986 0.923909
5.046 0.924845
5.106 0.925759
5.166 0.926652
5.226 0.927523
5.286 0.928374
5.346 0.929206
5.406 0.930018
5.466 0.930812
5.526 0.931589
5.586 0.932349
5.646 0.933091
5.706 0.933818
5.766 0.93453
5.826 0.935226
5.886 0.935908
5.946 0.936575
6.006 0.937229
6.066 0.93787
6.126 0.938498
6.186 0.939113
6.246 0.939716
6.306 0.940308
6.366 0.940887
6.426 0.941456
6.486 0.942014
6.546 0.942562
6.606 0.943099
6.666 0.943626
6.726 0.944144
6.786 0.944652
6.846 0.945151
6.906 0.945641
6.966 0.946123
7.026 0.946596
7.086 0.947061
7.146 0.947518
7.206 0.947967
7.266 0.948408
7.326 0.948843
7.386 0.949269
7.446 0.949689
7.506 0.950102
7.566 0.950508
7.626 0.950908
7.686 0.951301
7.746 0.951688
7.806 0.952069
7.866 0.952444
7.926 0.952813
7.986 0.953176
8.046 0.953534
8.106 0.953887
8.166 0.954234
8.226 0.954576
8.286 0.954913
8.346 0.955245
8.406 0.955572
8.466 0.955894
8.526 0.956212
8.586 0.956525
8.646 0.956833
8.706 0.957138
8.766 0.957438
8.826 0.957734
8.886 0.958026
8.946 0.958314
9.006 0.958597
9.066 0.958878
9.126 0.959154
9.186 0.959426
9.246 0.959695
9.306 0.959961
9.366 0.960222
9.426 0.960481
9.486 0.960736
9.546 0.960988
9.606 0.961236
9.666 0.961482
9.726 0.961724
9.786 0.961963
9.846 0.9622
9.906 0.962433
9.966 0.962664
10.026 0.962891
10.086 0.963116
10.146 0.963339
10.206 0.963558
10.266 0.963775
10.326 0.96399
10.386 0.964202
10.446 0.964411
10.506 0.964618
10.566 0.964822
10.626 0.965025
10.686 0.965225
10.746 0.965422
10.806 0.965618
10.866 0.965811
10.926 0.966002
10.986 0.966191
11.046 0.966378
11.106 0.966563
11.166 0.966745
11.226 0.966926
11.286 0.967105
11.346 0.967282
11.406 0.967457
11.466 0.96763
11.526 0.967801
11.586 0.967971
11.646 0.968138
11.706 0.968304
11.766 0.968469
11.826 0.968631
11.886 0.968792
11.946 0.968951
12.006 0.969109
12.066 0.969265
12.126 0.96942
12.186 0.969573
12.246 0.969724
12.306 0.969874
12.366 0.970022
12.426 0.970169
12.486 0.970315
12.546 0.970459
12.606 0.970602
12.666 0.970743
12.726 0.970883
12.786 0.971022
12.846 0.971159
12.906 0.971295
12.966 0.97143
13.026 0.971563
13.086 0.971696
13.146 0.971827
13.206 0.971957
13.266 0.972085
13.326 0.972213
13.386 0.972339
13.446 0.972464
13.506 0.972588
13.566 0.972711
13.626 0.972833
13.686 0.972954
13.746 0.973074
13.806 0.973192
13.866 0.97331
13.926 0.973426
13.986 0.973542
14.046 0.973656
14.106 0.97377
14.166 0.973883
14.226 0.973994
14.286 0.974105
14.346 0.974215
14.406 0.974323
14.466 0.974431
14.526 0.974538
14.586 0.974644
14.646 0.97475
14.706 0.974854
14.766 0.974957
14.826 0.97506
14.886 0.975162
14.946 0.975263
15.006 0.975363
15.066 0.975462
15.126 0.975561
15.186 0.975659
15.246 0.975756
15.306 0.975852
15.366 0.975947
15.426 0.976042
15.486 0.976136
15.546 0.976229
15.606 0.976322
15.666 0.976414
15.726 0.976505
15.786 0.976595
15.846 0.976685
15.906 0.976774
15.966 0.976862
16.026 0.97695
16.086 0.977037
16.146 0.977123
16.206 0.977209
16.266 0.977294
16.326 0.977378
16.386 0.977462
16.446 0.977545
16.506 0.977628
16.566 0.97771
16.626 0.977791
16.686 0.977872
16.746 0.977952
16.806 0.978031
16.866 0.97811
16.926 0.978189
16.986 0.978267
17.046 0.978344
17.106 0.978421
17.166 0.978497
17.226 0.978573
17.286 0.978648
17.346 0.978723
17.406 0.978797
17.466 0.978871
17.526 0.978944
17.586 0.979016
17.646 0.979088
17.706 0.97916
17.766 0.979231
17.826 0.979302
17.886 0.979372
17.946 0.979442
18.006 0.979511
18.066 0.97958
18.126 0.979648
18.186 0.979716
18.246 0.979783
18.306 0.97985
18.366 0.979917
18.426 0.979983
18.486 0.980048
18.546 0.980113
18.606 0.980178
18.666 0.980243
18.726 0.980307
18.786 0.98037
18.846 0.980433
18.906 0.980496
18.966 0.980558
19.026 0.98062
19.086 0.980682
19.146 0.980743
19.206 0.980804
19.266 0.980864
19.326 0.980924
19.386 0.980984
19.446 0.981043
19.506 0.981102
19.566 0.98116
19.626 0.981218
19.686 0.981276
19.746 0.981334
19.806 0.981391
19.866 0.981447
19.926 0.981504
19.986 0.98156
20.046 0.981615
20.106 0.981671
20.166 0.981726
20.226 0.981781
20.286 0.981835
20.346 0.981889
20.406 0.981943
20.466 0.981996
20.526 0.982049
20.586 0.982102
20.646 0.982155
20.706 0.982207
20.766 0.982259
20.826 0.98231
20.886 0.982362
20.946 0.982413
21.006 0.982463
21.066 0.982514
21.126 0.982564
21.186 0.982614
21.246 0.982663
21.306 0.982712
21.366 0.982761
21.426 0.98281
21.486 0.982858
21.546 0.982907
21.606 0.982954
21.666 0.983002
21.726 0.983049
21.786 0.983096
21.846 0.983143
21.906 0.98319
21.966 0.983236
22.026 0.983282
22.086 0.983328
22.146 0.983374
22.206 0.983419
22.266 0.983464
22.326 0.983509
22.386 0.983553
22.446 0.983598
22.506 0.983642
22.566 0.983686
22.626 0.983729
22.686 0.983773
22.746 0.983816
22.806 0.983859
22.866 0.983901
22.926 0.983944
22.986 0.983986
23.046 0.984028
23.106 0.98407
23.166 0.984112
23.226 0.984153
23.286 0.984194
23.346 0.984235
23.406 0.984276
23.466 0.984316
23.526 0.984357
23.586 0.984397
23.646 0.984437
23.706 0.984476
23.766 0.984516
23.826 0.984555
23.886 0.984594
23.946 0.984633
24.006 0.984672
24.066 0.98471
24.126 0.984749
24.186 0.984787
24.246 0.984825
24.306 0.984862
24.366 0.9849
24.426 0.984937
24.486 0.984975
24.546 0.985012
24.606 0.985048
24.666 0.985085
24.726 0.985122
24.786 0.985158
24.846 0.985194
24.906 0.98523
24.966 0.985266
25.026 0.985301
25.086 0.985337
25.146 0.985372
25.206 0.985407
25.266 0.985442
25.326 0.985477
25.386 0.985511
25.446 0.985546
25.506 0.98558
25.566 0.985614
25.626 0.985648
25.686 0.985682
25.746 0.985715
25.806 0.985749
25.866 0.985782
25.926 0.985815
25.986 0.985848
26.046 0.985881
26.106 0.985914
26.166 0.985946
26.226 0.985979
26.286 0.986011
26.346 0.986043
26.406 0.986075
26.466 0.986107
26.526 0.986138
26.586 0.98617
26.646 0.986201
26.706 0.986232
26.766 0.986263
26.826 0.986294
26.886 0.986325
26.946 0.986356
27.006 0.986386
27.066 0.986417
27.126 0.986447
27.186 0.986477
27.246 0.986507
27.306 0.986537
27.366 0.986567
27.426 0.986596
27.486 0.986626
27.546 0.986655
27.606 0.986684
27.666 0.986713
27.726 0.986742
27.786 0.986771
27.846 0.9868
27.906 0.986828
27.966 0.986857
28.026 0.986885
28.086 0.986913
28.146 0.986941
28.206 0.986969
28.266 0.986997
28.326 0.987025
28.386 0.987053
28.446 0.98708
28.506 0.987107
28.566 0.987135
28.626 0.987162
28.686 0.987189
28.746 0.987216
28.806 0.987243
28.866 0.987269
28.926 0.987296
28.986 0.987322
29.046 0.987349
29.106 0.987375
29.166 0.987401
29.226 0.987427
29.286 0.987453
29.346 0.987479
29.406 0.987504
29.466 0.98753
29.526 0.987556
29.586 0.987581
29.646 0.987606
29.706 0.987631
29.766 0.987657
29.826 0.987682
29.886 0.987706
29.946 0.987731
30.006 0.987756
30.066 0.98778
30.126 0.987805
30.186 0.987829
30.246 0.987854
30.306 0.987878
30.366 0.987902
30.426 0.987926
30.486 0.98795
30.546 0.987974
30.606 0.987997
30.666 0.988021
30.726 0.988045
30.786 0.988068
30.846 0.988091
30.906 0.988115
30.966 0.988138
31.026 0.988161
31.086 0.988184
31.146 0.988207
31.206 0.98823
31.266 0.988252
31.326 0.988275
31.386 0.988297
31.446 0.98832
31.506 0.988342
31.566 0.988365
31.626 0.988387
31.686 0.988409
31.746 0.988431
31.806 0.988453
31.866 0.988475
31.926 0.988497
31.986 0.988518
32.046 0.98854
32.106 0.988561
32.166 0.988583
32.226 0.988604
32.286 0.988626
32.346 0.988647
32.406 0.988668
32.466 0.988689
32.526 0.98871
32.586 0.988731
32.646 0.988752
32.706 0.988772
32.766 0.988793
32.826 0.988814
32.886 0.988834
32.946 0.988855
33.006 0.988875
33.066 0.988895
33.126 0.988916
33.186 0.988936
33.246 0.988956
33.306 0.988976
33.366 0.988996
33.426 0.989016
33.486 0.989035
33.546 0.989055
33.606 0.989075
33.666 0.989094
33.726 0.989114
33.786 0.989133
33.846 0.989153
33.906 0.989172
33.966 0.989191
34.026 0.98921
34.086 0.989229
34.146 0.989248
34.206 0.989267
34.266 0.989286
34.326 0.989305
34.386 0.989324
34.446 0.989343
34.506 0.989361
34.566 0.98938
34.626 0.989398
34.686 0.989417
34.746 0.989435
34.806 0.989453
34.866 0.989472
34.926 0.98949
34.986 0.989508
35.046 0.989526
35.106 0.989544
35.166 0.989562
35.226 0.98958
35.286 0.989598
35.346 0.989615
35.406 0.989633
35.466 0.989651
35.526 0.989668
35.586 0.989686
35.646 0.989703
35.706 0.989721
35.766 0.989738
35.826 0.989755
35.886 0.989772
35.946 0.98979
36.006 0.989807
36.066 0.989824
36.126 0.989841
36.186 0.989858
36.246 0.989875
36.306 0.989891
36.366 0.989908
36.426 0.989925
36.486 0.989942
36.546 0.989958
36.606 0.989975
36.666 0.989991
36.726 0.990008
36.786 0.990024
36.846 0.99004
36.906 0.990057
36.966 0.990073
37.026 0.990089
37.086 0.990105
37.146 0.990121
37.206 0.990137
37.266 0.990153
37.326 0.990169
37.386 0.990185
37.446 0.990201
37.506 0.990216
37.566 0.990232
37.626 0.990248
37.686 0.990263
37.746 0.990279
37.806 0.990294
37.866 0.99031
37.926 0.990325
37.986 0.990341
38.046 0.990356
38.106 0.990371
38.166 0.990386
38.226 0.990402
38.286 0.990417
38.346 0.990432
38.406 0.990447
38.466 0.990462
38.526 0.990477
38.586 0.990492
38.646 0.990506
38.706 0.990521
38.766 0.990536
38.826 0.990551
38.886 0.990565
38.946 0.99058
39.006 0.990594
39.066 0.990609
39.126 0.990623
39.186 0.990638
39.246 0.990652
39.306 0.990667
39.366 0.990681
39.426 0.990695
39.486 0.990709
39.546 0.990723
39.606 0.990738
39.666 0.990752
39.726 0.990766
39.786 0.99078
39.846 0.990794
39.906 0.990808
39.966 0.990821
40.026 0.990835
40.086 0.990849
40.146 0.990863
40.206 0.990876
40.266 0.99089
40.326 0.990904
40.386 0.990917
40.446 0.990931
40.506 0.990944
40.566 0.990958
40.626 0.990971
40.686 0.990985
40.746 0.990998
40.806 0.991011
40.866 0.991024
40.926 0.991038
40.986 0.991051
41.046 0.991064
41.106 0.991077
41.166 0.99109
41.226 0.991103
41.286 0.991116
41.346 0.991129
41.406 0.991142
41.466 0.991155
41.526 0.991168
41.586 0.991181
41.646 0.991193
41.706 0.991206
41.766 0.991219
41.826 0.991231
41.886 0.991244
41.946 0.991257
42.006 0.991269
42.066 0.991282
42.126 0.991294
42.186 0.991307
42.246 0.991319
42.306 0.991331
42.366 0.991344
42.426 0.991356
42.486 0.991368
42.546 0.99138
42.606 0.991393
42.666 0.991405
42.726 0.991417
42.786 0.991429
42.846 0.991441
42.906 0.991453
42.966 0.991465
43.026 0.991477
43.086 0.991489
43.146 0.991501
43.206 0.991513
43.266 0.991524
43.326 0.991536
43.386 0.991548
43.446 0.99156
43.506 0.991571
43.566 0.991583
43.626 0.991595
43.686 0.991606
43.746 0.991618
43.806 0.991629
43.866 0.991641
43.926 0.991652
43.986 0.991664
44.046 0.991675
44.106 0.991687
44.166 0.991698
44.226 0.991709
44.286 0.991721
44.346 0.991732
44.406 0.991743
44.466 0.991754
44.526 0.991765
44.586 0.991776
44.646 0.991788
44.706 0.991799
44.766 0.99181
44.826 0.991821
44.886 0.991832
44.946 0.991843
45.006 0.991853
45.066 0.991864
45.126 0.991875
45.186 0.991886
45.246 0.991897
45.306 0.991908
45.366 0.991918
45.426 0.991929
45.486 0.99194
45.546 0.99195
45.606 0.991961
45.666 0.991972
45.726 0.991982
45.786 0.991993
45.846 0.992003
45.906 0.992014
45.966 0.992024
46.026 0.992035
46.086 0.992045
46.146 0.992056
46.206 0.992066
46.266 0.992076
46.326 0.992087
46.386 0.992097
46.446 0.992107
46.506 0.992117
46.566 0.992127
46.626 0.992138
46.686 0.992148
46.746 0.992158
46.806 0.992168
46.866 0.992178
46.926 0.992188
46.986 0.992198
47.046 0.992208
47.106 0.992218
47.166 0.992228
47.226 0.992238
47.286 0.992248
47.346 0.992258
47.406 0.992268
47.466 0.992277
47.526 0.992287
47.586 0.992297
47.646 0.992307
47.706 0.992316
47.766 0.992326
47.826 0.992336
47.886 0.992345
47.946 0.992355
48.006 0.992365
48.066 0.992374
48.126 0.992384
48.186 0.992393
48.246 0.992403
48.306 0.992412
48.366 0.992422
48.426 0.992431
48.486 0.99244
48.546 0.99245
48.606 0.992459
48.666 0.992468
48.726 0.992478
48.786 0.992487
48.846 0.992496
48.906 0.992506
48.966 0.992515
49.026 0.992524
49.086 0.992533
49.146 0.992542
49.206 0.992551
49.266 0.992561
49.326 0.99257
49.386 0.992579
49.446 0.992588
49.506 0.992597
49.566 0.992606
49.626 0.992615
49.686 0.992624
49.746 0.992633
49.806 0.992642
49.866 0.99265
49.926 0.992659
49.986 0.992668
50.046 0.992677
50.106 0.992686
50.166 0.992695
50.226 0.992703
50.286 0.992712
50.346 0.992721
50.406 0.992729
50.466 0.992738
50.526 0.992747
50.586 0.992755
50.646 0.992764
50.706 0.992773
50.766 0.992781
50.826 0.99279
50.886 0.992798
50.946 0.992807
51.006 0.992815
51.066 0.992824
51.126 0.992832
51.186 0.992841
51.246 0.992849
51.306 0.992857
51.366 0.992866
51.426 0.992874
51.486 0.992882
51.546 0.992891
51.606 0.992899
51.666 0.992907
51.726 0.992916
51.786 0.992924
51.846 0.992932
51.906 0.99294
51.966 0.992948
52.026 0.992957
52.086 0.992965
52.146 0.992973
52.206 0.992981
52.266 0.992989
52.326 0.992997
52.386 0.993005
52.446 0.993013
52.506 0.993021
52.566 0.993029
52.626 0.993037
52.686 0.993045
52.746 0.993053
52.806 0.993061
52.866 0.993069
52.926 0.993077
52.986 0.993085
53.046 0.993093
53.106 0.9931
53.166 0.993108
53.226 0.993116
53.286 0.993124
53.346 0.993132
53.406 0.993139
53.466 0.993147
53.526 0.993155
53.586 0.993162
53.646 0.99317
53.706 0.993178
53.766 0.993185
53.826 0.993193
53.886 0.993201
53.946 0.993208
54.006 0.993216
54.066 0.993223
54.126 0.993231
54.186 0.993238
54.246 0.993246
54.306 0.993253
54.366 0.993261
54.426 0.993268
54.486 0.993276
54.546 0.993283
54.606 0.993291
54.666 0.993298
54.726 0.993305
54.786 0.993313
54.846 0.99332
54.906 0.993327
54.966 0.993335
55.026 0.993342
55.086 0.993349
55.146 0.993356
55.206 0.993364
55.266 0.993371
55.326 0.993378
55.386 0.993385
55.446 0.993393
55.506 0.9934
55.566 0.993407
55.626 0.993414
55.686 0.993421
55.746 0.993428
55.806 0.993435
55.866 0.993442
55.926 0.993449
55.986 0.993456
56.046 0.993463
56.106 0.993471
56.166 0.993477
56.226 0.993484
56.286 0.993491
56.346 0.993498
56.406 0.993505
56.466 0.993512
56.526 0.993519
56.586 0.993526
56.646 0.993533
56.706 0.99354
56.766 0.993547
56.826 0.993554
56.886 0.99356
56.946 0.993567
57.006 0.993574
57.066 0.993581
57.126 0.993587
57.186 0.993594
57.246 0.993601
57.306 0.993608
57.366 0.993614
57.426 0.993621
57.486 0.993628
57.546 0.993634
57.606 0.993641
57.666 0.993648
57.726 0.993654
57.786 0.993661
57.846 0.993668
57.906 0.993674
57.966 0.993681
58.026 0.993687
58.086 0.993694
58.146 0.9937
58.206 0.993707
58.266 0.993713
58.326 0.99372
58.386 0.993726
58.446 0.993733
58.506 0.993739
58.566 0.993746
58.626 0.993752
58.686 0.993758
58.746 0.993765
58.806 0.993771
58.866 0.993778
58.926 0.993784
58.986 0.99379
59.046 0.993797
59.106 0.993803
59.166 0.993809
59.226 0.993816
59.286 0.993822
59.346 0.993828
59.406 0.993834
59.466 0.993841
59.526 0.993847
59.586 0.993853
59.646 0.993859
59.706 0.993865
59.766 0.993872
59.826 0.993878
59.886 0.993884
59.946 0.99389

