0.006 0.330222
0.066 0.331443
0.126 0.334699
0.186 0.339941
0.246 0.347098
0.306 0.35607
0.366 0.366735
0.426 0.37894
0.486 0.392515
0.546 0.407268
0.606 0.422994
0.666 0.439484
0.726 0.456524
0.786 0.473913
0.846 0.491457
0.906 0.508983
0.966 0.526339
1.026 0.543394
1.086 0.560042
1.146 0.5762
1.206 0.591804
1.266 0.606812
1.326 0.621196
1.386 0.634944
1.446 0.648053
1.506 0.66053
1.566 0.67239
1.626 0.683651
1.686 0.694337
1.746 0.70447
1.806 0.714079
1.866 0.72319
1.926 0.73183
1.986 0.740025
2.046 0.747801
2.106 0.755183
2.166 0.762194
2.226 0.768857
2.286 0.775194
2.346 0.781223
2.406 0.786965
2.466 0.792436
2.526 0.797654
2.586 0.802633
2.646 0.807388
2.706 0.811933
2.766 0.816279
2.826 0.82044
2.886 0.824424
2.946 0.828243
3.006 0.831906
3.066 0.835422
3.126 0.838799
3.186 0.842044
3.246 0.845165
3.306 0.848169
3.366 0.851061
3.426 0.853847
3.486 0.856534
3.546 0.859125
3.606 0.861627
3.666 0.864042
3.726 0.866376
3.786 0.868633
3.846 0.870815
3.906 0.872927
3.966 0.874972
4.026 0.876953
4.086 0.878873
4.146 0.880734
4.206 0.882539
4.266 0.884291
4.326 0.885992
4.386 0.887644
4.446 0.889249
4.506 0.890809
4.566 0.892326
4.626 0.893802
4.686 0.895237
4.746 0.896635
4.806 0.897996
4.866 0.899322
4.926 0.900613
4.986 0.901873
5.046 0.9031
5.106 0.904298
5.166 0.905466
5.226 0.906606
5.286 0.907719
5.346 0.908806
5.406 0.909867
5.466 0.910904
5.526 0.911918
5.586 0.912908
5.646 0.913877
5.706 0.914825
5.766 0.915751
5.826 0.916658
5.886 0.917546
5.946 0.918414
6.006 0.919265
6.066 0.920098
6.126 0.920914
6.186 0.921714
6.246 0.922498
6.306 0.923266
6.366 0.924019
6.426 0.924757
6.486 0.925481
6.546 0.926191
6.606 0.926888
6.666 0.927572
6.726 0.928243
6.786 0.928902
6.846 0.929549
6.906 0.930184
6.966 0.930808
7.026 0.93142
7.086 0.932022
7.146 0.932614
7.206 0.933195
7.266 0.933766
7.326 0.934328
7.386 0.93488
7.446 0.935423
7.506 0.935957
7.566 0.936482
7.626 0.936999
7.686 0.937507
7.746 0.938008
7.806 0.9385
7.866 0.938984
7.926 0.939461
7.986 0.939931
8.046 0.940393
8.106 0.940848
8.166 0.941296
8.226 0.941738
8.286 0.942173
8.346 0.942601
8.406 0.943024
8.466 0.94344
8.526 0.94385
8.586 0.944254
8.646 0.944652
8.706 0.945045
8.766 0.945432
8.826 0.945813
8.886 0.94619
8.946 0.946561
9.006 0.946927
9.066 0.947288
9.126 0.947644
9.186 0.947995
9.246 0.948342
9.306 0.948684
9.366 0.949021
9.426 0.949355
9.486 0.949683
9.546 0.950008
9.606 0.950328
9.666 0.950645
9.726 0.950957
9.786 0.951265
9.846 0.95157
9.906 0.951871
9.966 0.952168
10.026 0.952461
10.086 0.952751
10.146 0.953037
10.206 0.95332
10.266 0.9536
10.326 0.953876
10.386 0.954149
10.446 0.954418
10.506 0.954685
10.566 0.954948
10.626 0.955209
10.686 0.955466
10.746 0.95572
10.806 0.955972
10.866 0.95622
10.926 0.956466
10.986 0.95671
11.046 0.95695
11.106 0.957188
11.166 0.957423
11.226 0.957655
11.286 0.957886
11.346 0.958113
11.406 0.958338
11.466 0.958561
11.526 0.958781
11.586 0.958999
11.646 0.959215
11.706 0.959429
11.766 0.95964
11.826 0.959849
11.886 0.960056
11.946 0.960261
12.006 0.960463
12.066 0.960664
12.126 0.960862
12.186 0.961059
12.246 0.961254
12.306 0.961446
12.366 0.961637
12.426 0.961826
12.486 0.962013
12.546 0.962198
12.606 0.962382
12.666 0.962564
12.726 0.962743
12.786 0.962922
12.846 0.963098
12.906 0.963273
12.966 0.963446
13.026 0.963618
13.086 0.963788
13.146 0.963956
13.206 0.964123
13.266 0.964288
13.326 0.964452
13.386 0.964614
13.446 0.964775
13.506 0.964934
13.566 0.965092
13.626 0.965249
13.686 0.965404
13.746 0.965557
13.806 0.96571
13.866 0.965861
13.926 0.96601
13.986 0.966159
14.046 0.966306
14.106 0.966452
14.166 0.966596
14.226 0.96674
14.286 0.966882
14.346 0.967022
14.406 0.967162
14.466 0.967301
14.526 0.967438
14.586 0.967574
14.646 0.967709
14.706 0.967843
14.766 0.967976
14.826 0.968108
14.886 0.968238
14.946 0.968368
15.006 0.968496
15.066 0.968624
15.126 0.96875
15.186 0.968876
15.246 0.969
15.306 0.969124
15.366 0.969246
15.426 0.969368
15.486 0.969488
15.546 0.969608
15.606 0.969727
15.666 0.969844
15.726 0.969961
15.786 0.970077
15.846 0.970192
15.906 0.970306
15.966 0.97042
16.026 0.970532
16.086 0.970644
16.146 0.970754
16.206 0.970864
16.266 0.970973
16.326 0.971082
16.386 0.971189
16.446 0.971296
16.506 0.971402
16.566 0.971507
16.626 0.971611
16.686 0.971715
16.746 0.971817
16.806 0.971919
16.866 0.972021
16.926 0.972121
16.986 0.972221
17.046 0.97232
17.106 0.972419
17.166 0.972517
17.226 0.972614
17.286 0.97271
17.346 0.972806
17.406 0.972901
17.466 0.972995
17.526 0.973089
17.586 0.973182
17.646 0.973275
17.706 0.973366
17.766 0.973458
17.826 0.973548
17.886 0.973638
17.946 0.973727
18.006 0.973816
18.066 0.973904
18.126 0.973992
18.186 0.974079
18.246 0.974165
18.306 0.974251
18.366 0.974336
18.426 0.974421
18.486 0.974505
18.546 0.974588
18.606 0.974671
18.666 0.974754
18.726 0.974836
18.786 0.974917
18.846 0.974998
18.906 0.975078
18.966 0.975158
19.026 0.975238
19.086 0.975316
19.146 0.975395
19.206 0.975473
19.266 0.97555
19.326 0.975627
19.386 0.975703
19.446 0.975779
19.506 0.975855
19.566 0.97593
19.626 0.976004
19.686 0.976078
19.746 0.976152
19.806 0.976225
19.866 0.976297
19.926 0.97637
19.986 0.976441
20.046 0.976513
20.106 0.976584
20.166 0.976654
20.226 0.976724
20.286 0.976794
20.346 0.976863
20.406 0.976932
20.466 0.977
20.526 0.977069
20.586 0.977136
20.646 0.977203
20.706 0.97727
20.766 0.977337
20.826 0.977403
20.886 0.977468
20.946 0.977534
21.006 0.977599
21.066 0.977663
21.126 0.977727
21.186 0.977791
21.246 0.977854
21.306 0.977917
21.366 0.97798
21.426 0.978043
21.486 0.978105
21.546 0.978166
21.606 0.978228
21.666 0.978288
21.726 0.978349
21.786 0.978409
21.846 0.978469
21.906 0.978529
21.966 0.978588
22.026 0.978647
22.086 0.978706
22.146 0.978764
22.206 0.978822
22.266 0.97888
22.326 0.978937
22.386 0.978994
22.446 0.979051
22.506 0.979107
22.566 0.979164
22.626 0.979219
22.686 0.979275
22.746 0.97933
22.806 0.979385
22.866 0.97944
22.926 0.979494
22.986 0.979548
23.046 0.979602
23.106 0.979656
23.166 0.979709
23.226 0.979762
23.286 0.979815
23.346 0.979867
23.406 0.979919
23.466 0.979971
23.526 0.980023
23.586 0.980074
23.646 0.980125
23.706 0.980176
23.766 0.980226
23.826 0.980277
23.886 0.980327
23.946 0.980376
24.006 0.980426
24.066 0.980475
24.126 0.980524
24.186 0.980573
24.246 0.980622
24.306 0.98067
24.366 0.980718
24.426 0.980766
24.486 0.980813
24.546 0.980861
24.606 0.980908
24.666 0.980955
24.726 0.981001
24.786 0.981048
24.846 0.981094
24.906 0.98114
24.966 0.981186
25.026 0.981231
25.086 0.981277
25.146 0.981322
25.206 0.981367
25.266 0.981411
25.326 0.981456
25.386 0.9815
25.446 0.981544
25.506 0.981588
25.566 0.981632
25.626 0.981675
25.686 0.981718
25.746 0.981761
25.806 0.981804
25.866 0.981847
25.926 0.981889
25.986 0.981931
26.046 0.981973
26.106 0.982015
26.166 0.982057
26.226 0.982098
26.286 0.982139
26.346 0.98218
26.406 0.982221
26.466 0.982262
26.526 0.982302
26.586 0.982343
26.646 0.982383
26.706 0.982423
26.766 0.982462
26.826 0.982502
26.886 0.982541
26.946 0.982581
27.006 0.98262
27.066 0.982659
27.126 0.982697
27.186 0.982736
27.246 0.982774
27.306 0.982812
27.366 0.98285
27.426 0.982888
27.486 0.982926
27.546 0.982963
27.606 0.983001
27.666 0.983038
27.726 0.983075
27.786 0.983112
27.846 0.983148
27.906 0.983185
27.966 0.983221
28.026 0.983258
28.086 0.983294
28.146 0.98333
28.206 0.983365
28.266 0.983401
28.326 0.983436
28.386 0.983472
28.446 0.983507
28.506 0.983542
28.566 0.983577
28.626 0.983611
28.686 0.983646
28.746 0.98368
28.806 0.983715
28.866 0.983749
28.926 0.983783
28.986 0.983817
29.046 0.98385
29.106 0.983884
29.166 0.983917
29.226 0.983951
29.286 0.983984
29.346 0.984017
29.406 0.98405
29.466 0.984082
29.526 0.984115
29.586 0.984147
29.646 0.98418
29.706 0.984212
29.766 0.984244
29.826 0.984276
29.886 0.984308
29.946 0.98434
30.006 0.984371
30.066 0.984403
30.126 0.984434
30.186 0.984465
30.246 0.984496
30.306 0.984527
30.366 0.984558
30.426 0.984589
30.486 0.984619
30.546 0.98465
30.606 0.98468
30.666 0.98471
30.726 0.98474
30.786 0.98477
30.846 0.9848
30.906 0.98483
30.966 0.984859
31.026 0.984889
31.086 0.984918
31.146 0.984948
31.206 0.984977
31.266 0.985006
31.326 0.985035
31.386 0.985064
31.446 0.985092
31.506 0.985121
31.566 0.985149
31.626 0.985178
31.686 0.985206
31.746 0.985234
31.806 0.985262
31.866 0.98529
31.926 0.985318
31.986 0.985346
32.046 0.985373
32.106 0.985401
32.166 0.985428
32.226 0.985456
32.286 0.985483
32.346 0.98551
32.406 0.985537
32.466 0.985564
32.526 0.985591
32.586 0.985618
32.646 0.985644
32.706 0.985671
32.766 0.985697
32.826 0.985724
32.886 0.98575
32.946 0.985776
33.006 0.985802
33.066 0.985828
33.126 0.985854
33.186 0.985879
33.246 0.985905
33.306 0.985931
33.366 0.985956
33.426 0.985982
33.486 0.986007
33.546 0.986032
33.606 0.986057
33.666 0.986082
33.726 0.986107
33.786 0.986132
33.846 0.986157
33.906 0.986181
33.966 0.986206
34.026 0.986231
34.086 0.986255
34.146 0.986279
34.206 0.986303
34.266 0.986328
34.326 0.986352
34.386 0.986376
34.446 0.9864
34.506 0.986423
34.566 0.986447
34.626 0.986471
34.686 0.986494
34.746 0.986518
34.806 0.986541
34.866 0.986565
34.926 0.986588
34.986 0.986611
35.046 0.986634
35.106 0.986657
35.166 0.98668
35.226 0.986703
35.286 0.986726
35.346 0.986748
35.406 0.986771
35.466 0.986793
35.526 0.986816
35.586 0.986838
35.646 0.98686
35.706 0.986883
35.766 0.986905
35.826 0.986927
35.886 0.986949
35.946 0.986971
36.006 0.986993
36.066 0.987014
36.126 0.987036
36.186 0.987058
36.246 0.987079
36.306 0.987101
36.366 0.987122
36.426 0.987144
36.486 0.987165
36.546 0.987186
36.606 0.987207
36.666 0.987228
36.726 0.987249
36.786 0.98727
36.846 0.987291
36.906 0.987312
36.966 0.987333
37.026 0.987353
37.086 0.987374
37.146 0.987394
37.206 0.987415
37.266 0.987435
37.326 0.987456
37.386 0.987476
37.446 0.987496
37.506 0.987516
37.566 0.987536
37.626 0.987556
37.686 0.987576
37.746 0.987596
37.806 0.987616
37.866 0.987636
37.926 0.987655
37.986 0.987675
38.046 0.987694
38.106 0.987714
38.166 0.987733
38.226 0.987753
38.286 0.987772
38.346 0.987791
38.406 0.987811
38.466 0.98783
38.526 0.987849
38.586 0.987868
38.646 0.987887
38.706 0.987906
38.766 0.987924
38.826 0.987943
38.886 0.987962
38.946 0.987981
39.006 0.987999
39.066 0.988018
39.126 0.988036
39.186 0.988055
39.246 0.988073
39.306 0.988091
39.366 0.98811
39.426 0.988128
39.486 0.988146
39.546 0.988164
39.606 0.988182
39.666 0.9882
39.726 0.988218
39.786 0.988236
39.846 0.988254
39.906 0.988271
39.966 0.988289
40.026 0.988307
40.086 0.988324
40.146 0.988342
40.206 0.988359
40.266 0.988377
40.326 0.988394
40.386 0.988412
40.446 0.988429
40.506 0.988446
40.566 0.988463
40.626 0.988481
40.686 0.988498
40.746 0.988515
40.806 0.988532
40.866 0.988549
40.926 0.988565
40.986 0.988582
41.046 0.988599
41.106 0.988616
41.166 0.988632
41.226 0.988649
41.286 0.988666
41.346 0.988682
41.406 0.988699
41.466 0.988715
41.526 0.988732
41.586 0.988748
41.646 0.988764
41.706 0.988781
41.766 0.988797
41.826 0.988813
41.886 0.988829
41.946 0.988845
42.006 0.988861
42.066 0.988877
42.126 0.988893
42.186 0.988909
42.246 0.988925
42.306 0.988941
42.366 0.988956
42.426 0.988972
42.486 0.988988
42.546 0.989003
42.606 0.989019
42.666 0.989034
42.726 0.98905
42.786 0.989065
42.846 0.989081
42.906 0.989096
42.966 0.989111
43.026 0.989127
43.086 0.989142
43.146 0.989157
43.206 0.989172
43.266 0.989187
43.326 0.989202
43.386 0.989217
43.446 0.989232
43.506 0.989247
43.566 0.989262
43.626 0.989277
43.686 0.989292
43.746 0.989307
43.806 0.989321
43.866 0.989336
43.926 0.989351
43.986 0.989365
44.046 0.98938
44.106 0.989394
44.166 0.989409
44.226 0.989423
44.286 0.989438
44.346 0.989452
44.406 0.989466
44.466 0.989481
44.526 0.989495
44.586 0.989509
44.646 0.989523
44.706 0.989537
44.766 0.989551
44.826 0.989566
44.886 0.98958
44.946 0.989594
45.006 0.989607
45.066 0.989621
45.126 0.989635
45.186 0.989649
45.246 0.989663
45.306 0.989677
45.366 0.98969
45.426 0.989704
45.486 0.989718
45.546 0.989731
45.606 0.989745
45.666 0.989758
45.726 0.989772
45.786 0.989785
45.846 0.989799
45.906 0.989812
45.966 0.989826
46.026 0.989839
46.086 0.989852
46.146 0.989866
46.206 0.989879
46.266 0.989892
46.326 0.989905
46.386 0.989918
46.446 0.989931
46.506 0.989944
46.566 0.989957
46.626 0.98997
46.686 0.989983
46.746 0.989996
46.806 0.990009
46.866 0.990022
46.926 0.990035
46.986 0.990048
47.046 0.99006
47.106 0.990073
47.166 0.990086
47.226 0.990098
47.286 0.990111
47.346 0.990124
47.406 0.990136
47.466 0.990149
47.526 0.990161
47.586 0.990174
47.646 0.990186
47.706 0.990199
47.766 0.990211
47.826 0.990223
47.886 0.990236
47.946 0.990248
48.006 0.99026
48.066 0.990272
48.126 0.990285
48.186 0.990297
48.246 0.990309
48.306 0.990321
48.366 0.990333
48.426 0.990345
48.486 0.990357
48.546 0.990369
48.606 0.990381
48.666 0.990393
48.726 0.990405
48.786 0.990417
48.846 0.990428
48.906 0.99044
48.966 0.990452
49.026 0.990464
49.086 0.990475
49.146 0.990487
49.206 0.990499
49.266 0.99051
49.326 0.990522
49.386 0.990534
49.446 0.990545
49.506 0.990557
49.566 0.990568
49.626 0.99058
49.686 0.990591
49.746 0.990602
49.806 0.990614
49.866 0.990625
49.926 0.990636
49.986 0.990648
50.046 0.990659
50.106 0.99067
50.166 0.990681
50.226 0.990693
50.286 0.990704
50.346 0.990715
50.406 0.990726
50.466 0.990737
50.526 0.990748
50.586 0.990759
50.646 0.99077
50.706 0.990781
50.766 0.990792
50.826 0.990803
50.886 0.990814
50.946 0.990825
51.006 0.990836
51.066 0.990846
51.126 0.990857
51.186 0.990868
51.246 0.990879
51.306 0.990889
51.366 0.9909
51.426 0.990911
51.486 0.990921
51.546 0.990932
51.606 0.990943
51.666 0.990953
51.726 0.990964
51.786 0.990974
51.846 0.990985
51.906 0.990995
51.966 0.991006
52.026 0.991016
52.086 0.991027
52.146 0.991037
52.206 0.991047
52.266 0.991058
52.326 0.991068
52.386 0.991078
52.446 0.991088
52.506 0.991099
52.566 0.991109
52.626 0.991119
52.686 0.991129
52.746 0.991139
52.806 0.991149
52.866 0.99116
52.926 0.99117
52.986 0.99118
53.046 0.99119
53.106 0.9912
53.166 0.99121
53.226 0.99122
53.286 0.99123
53.346 0.991239
53.406 0.991249
53.466 0.991259
53.526 0.991269
53.586 0.991279
53.646 0.991289
53.706 0.991298
53.766 0.991308
53.826 0.991318
53.886 0.991328
53.946 0.991337
54.006 0.991347
54.066 0.991357
54.126 0.991366
54.186 0.991376
54.246 0.991385
54.306 0.991395
54.366 0.991404
54.426 0.991414
54.486 0.991424
54.546 0.991433
54.606 0.991442
54.666 0.991452
54.726 0.991461
54.786 0.991471
54.846 0.99148
54.906 0.991489
54.966 0.991499
55.026 0.991508
55.086 0.991517
55.146 0.991527
55.206 0.991536
55.266 0.991545
55.326 0.991554
55.386 0.991563
55.446 0.991573
55.506 0.991582
55.566 0.991591
55.626 0.9916
55.686 0.991609
55.746 0.991618
55.806 0.991627
55.866 0.991636
55.926 0.991645
55.986 0.991654
56.046 0.991663
56.106 0.991672
56.166 0.991681
56.226 0.99169
56.286 0.991699
56.346 0.991708
56.406 0.991717
56.466 0.991725
56.526 0.991734
56.586 0.991743
56.646 0.991752
56.706 0.991761
56.766 0.991769
56.826 0.991778
56.886 0.991787
56.946 0.991796
57.006 0.991804
57.066 0.991813
57.126 0.991821
57.186 0.99183
57.246 0.991839
57.306 0.991847
57.366 0.991856
57.426 0.991864
57.486 0.991873
57.546 0.991881
57.606 0.99189
57.666 0.991898
57.726 0.991907
57.786 0.991915
57.846 0.991924
57.906 0.991932
57.966 0.99194
58.026 0.991949
58.086 0.991957
58.146 0.991966
58.206 0.991974
58.266 0.991982
58.326 0.99199
58.386 0.991999
58.446 0.992007
58.506 0.992015
58.566 0.992023
58.626 0.992032
58.686 0.99204
58.746 0.992048
58.806 0.992056
58.866 0.992064
58.926 0.992072
58.986 0.99208
59.046 0.992088
59.106 0.992097
59.166 0.992105
59.226 0.992113
59.286 0.992121
59.346 0.992129
59.406 0.992137
59.466 0.992145
59.526 0.992153
59.586 0.99216
59.646 0.992168
59.706 0.992176
59.766 0.992184
59.826 0.992192
59.886 0.9922
59.946 0.992208

