0.006 0.406392
0.066 0.407059
0.126 0.408842
0.186 0.411725
0.246 0.415685
0.306 0.420692
0.366 0.426705
0.426 0.433677
0.486 0.441552
0.546 0.450265
0.606 0.459747
0.666 0.469918
0.726 0.480697
0.786 0.491996
0.846 0.503726
0.906 0.515797
0.966 0.528119
1.026 0.540605
1.086 0.553172
1.146 0.565742
1.206 0.578243
1.266 0.590611
1.326 0.60279
1.386 0.61473
1.446 0.626392
1.506 0.63774
1.566 0.648751
1.626 0.659403
1.686 0.669685
1.746 0.679587
1.806 0.689107
1.866 0.698245
1.926 0.707003
1.986 0.71539
2.046 0.723414
2.106 0.731089
2.166 0.738429
2.226 0.745448
2.286 0.752161
2.346 0.758582
2.406 0.764724
2.466 0.770602
2.526 0.776228
2.586 0.781616
2.646 0.786777
2.706 0.791724
2.766 0.796467
2.826 0.801016
2.886 0.805383
2.946 0.809575
3.006 0.813604
3.066 0.817475
3.126 0.821199
3.186 0.824782
3.246 0.828232
3.306 0.831555
3.366 0.834757
3.426 0.837845
3.486 0.840824
3.546 0.843699
3.606 0.846475
3.666 0.849158
3.726 0.851751
3.786 0.854259
3.846 0.856686
3.906 0.859035
3.966 0.86131
4.026 0.863514
4.086 0.86565
4.146 0.867722
4.206 0.869731
4.266 0.871682
4.326 0.873575
4.386 0.875415
4.446 0.877202
4.506 0.878939
4.566 0.880628
4.626 0.882271
4.686 0.88387
4.746 0.885426
4.806 0.886941
4.866 0.888418
4.926 0.889856
4.986 0.891258
5.046 0.892625
5.106 0.893958
5.166 0.895258
5.226 0.896527
5.286 0.897766
5.346 0.898975
5.406 0.900157
5.466 0.901311
5.526 0.902439
5.586 0.903541
5.646 0.904619
5.706 0.905673
5.766 0.906703
5.826 0.907712
5.886 0.908699
5.946 0.909665
6.006 0.910611
6.066 0.911538
6.126 0.912445
6.186 0.913334
6.246 0.914205
6.306 0.915059
6.366 0.915896
6.426 0.916717
6.486 0.917521
6.546 0.918311
6.606 0.919085
6.666 0.919845
6.726 0.920591
6.786 0.921322
6.846 0.922041
6.906 0.922747
6.966 0.923439
7.026 0.92412
7.086 0.924788
7.146 0.925445
7.206 0.926091
7.266 0.926725
7.326 0.927349
7.386 0.927962
7.446 0.928565
7.506 0.929157
7.566 0.92974
7.626 0.930314
7.686 0.930878
7.746 0.931433
7.806 0.931979
7.866 0.932517
7.926 0.933046
7.986 0.933567
8.046 0.93408
8.106 0.934585
8.166 0.935082
8.226 0.935572
8.286 0.936054
8.346 0.93653
8.406 0.936998
8.466 0.937459
8.526 0.937914
8.586 0.938362
8.646 0.938804
8.706 0.939239
8.766 0.939668
8.826 0.940092
8.886 0.940509
8.946 0.940921
9.006 0.941326
9.066 0.941727
9.126 0.942122
9.186 0.942511
9.246 0.942896
9.306 0.943275
9.366 0.943649
9.426 0.944018
9.486 0.944383
9.546 0.944743
9.606 0.945098
9.666 0.945449
9.726 0.945795
9.786 0.946137
9.846 0.946474
9.906 0.946807
9.966 0.947137
10.026 0.947462
10.086 0.947783
10.146 0.9481
10.206 0.948414
10.266 0.948723
10.326 0.949029
10.386 0.949332
10.446 0.94963
10.506 0.949926
10.566 0.950217
10.626 0.950506
10.686 0.950791
10.746 0.951073
10.806 0.951351
10.866 0.951627
10.926 0.951899
10.986 0.952169
11.046 0.952435
11.106 0.952698
11.166 0.952959
11.226 0.953216
11.286 0.953471
11.346 0.953723
11.406 0.953972
11.466 0.954219
11.526 0.954463
11.586 0.954704
11.646 0.954943
11.706 0.95518
11.766 0.955414
11.826 0.955645
11.886 0.955874
11.946 0.956101
12.006 0.956325
12.066 0.956547
12.126 0.956767
12.186 0.956985
12.246 0.9572
12.306 0.957414
12.366 0.957625
12.426 0.957834
12.486 0.958041
12.546 0.958246
12.606 0.958449
12.666 0.95865
12.726 0.958849
12.786 0.959047
12.846 0.959242
12.906 0.959435
12.966 0.959627
13.026 0.959817
13.086 0.960005
13.146 0.960191
13.206 0.960376
13.266 0.960559
13.326 0.96074
13.386 0.96092
13.446 0.961097
13.506 0.961274
13.566 0.961448
13.626 0.961622
13.686 0.961793
13.746 0.961963
13.806 0.962132
13.866 0.962299
13.926 0.962464
13.986 0.962629
14.046 0.962791
14.106 0.962953
14.166 0.963113
14.226 0.963271
14.286 0.963428
14.346 0.963584
14.406 0.963739
14.466 0.963892
14.526 0.964044
14.586 0.964194
14.646 0.964344
14.706 0.964492
14.766 0.964639
14.826 0.964785
14.886 0.964929
14.946 0.965073
15.006 0.965215
15.066 0.965356
15.126 0.965496
15.186 0.965634
15.246 0.965772
15.306 0.965909
15.366 0.966044
15.426 0.966178
15.486 0.966312
15.546 0.966444
15.606 0.966575
15.666 0.966705
15.726 0.966835
15.786 0.966963
15.846 0.96709
15.906 0.967216
15.966 0.967342
16.026 0.967466
16.086 0.967589
16.146 0.967712
16.206 0.967833
16.266 0.967954
16.326 0.968074
16.386 0.968192
16.446 0.96831
16.506 0.968427
16.566 0.968544
16.626 0.968659
16.686 0.968774
16.746 0.968887
16.806 0.969
16.866 0.969112
16.926 0.969223
16.986 0.969334
17.046 0.969443
17.106 0.969552
17.166 0.96966
17.226 0.969768
17.286 0.969874
17.346 0.96998
17.406 0.970085
17.466 0.97019
17.526 0.970293
17.586 0.970396
17.646 0.970498
17.706 0.9706
17.766 0.970701
17.826 0.970801
17.886 0.9709
17.946 0.970999
18.006 0.971097
18.066 0.971194
18.126 0.971291
18.186 0.971387
18.246 0.971483
18.306 0.971577
18.366 0.971672
18.426 0.971765
18.486 0.971858
18.546 0.971951
18.606 0.972042
18.666 0.972133
18.726 0.972224
18.786 0.972314
18.846 0.972403
18.906 0.972492
18.966 0.97258
19.026 0.972668
19.086 0.972755
19.146 0.972842
19.206 0.972928
19.266 0.973013
19.326 0.973098
19.386 0.973183
19.446 0.973267
19.506 0.97335
19.566 0.973433
19.626 0.973515
19.686 0.973597
19.746 0.973678
19.806 0.973759
19.866 0.973839
19.926 0.973919
19.986 0.973999
20.046 0.974077
20.106 0.974156
20.166 0.974234
20.226 0.974311
20.286 0.974388
20.346 0.974465
20.406 0.974541
20.466 0.974616
20.526 0.974691
20.586 0.974766
20.646 0.97484
20.706 0.974914
20.766 0.974988
20.826 0.975061
20.886 0.975133
20.946 0.975205
21.006 0.975277
21.066 0.975348
21.126 0.975419
21.186 0.97549
21.246 0.97556
21.306 0.97563
21.366 0.975699
21.426 0.975768
21.486 0.975836
21.546 0.975904
21.606 0.975972
21.666 0.976039
21.726 0.976106
21.786 0.976173
21.846 0.976239
21.906 0.976305
21.966 0.976371
22.026 0.976436
22.086 0.976501
22.146 0.976565
22.206 0.976629
22.266 0.976693
22.326 0.976756
22.386 0.976819
22.446 0.976882
22.506 0.976944
22.566 0.977006
22.626 0.977068
22.686 0.977129
22.746 0.97719
22.806 0.977251
22.866 0.977312
22.926 0.977372
22.986 0.977431
23.046 0.977491
23.106 0.97755
23.166 0.977609
23.226 0.977667
23.286 0.977725
23.346 0.977783
23.406 0.977841
23.466 0.977898
23.526 0.977955
23.586 0.978012
23.646 0.978068
23.706 0.978124
23.766 0.97818
23.826 0.978236
23.886 0.978291
23.946 0.978346
24.006 0.978401
24.066 0.978455
24.126 0.978509
24.186 0.978563
24.246 0.978617
24.306 0.97867
24.366 0.978723
24.426 0.978776
24.486 0.978829
24.546 0.978881
24.606 0.978933
24.666 0.978985
24.726 0.979037
24.786 0.979088
24.846 0.979139
24.906 0.97919
24.966 0.97924
25.026 0.979291
25.086 0.979341
25.146 0.97939
25.206 0.97944
25.266 0.979489
25.326 0.979538
25.386 0.979587
25.446 0.979636
25.506 0.979684
25.566 0.979732
25.626 0.97978
25.686 0.979828
25.746 0.979876
25.806 0.979923
25.866 0.97997
25.926 0.980017
25.986 0.980063
26.046 0.98011
26.106 0.980156
26.166 0.980202
26.226 0.980248
26.286 0.980293
26.346 0.980339
26.406 0.980384
26.466 0.980429
26.526 0.980473
26.586 0.980518
26.646 0.980562
26.706 0.980606
26.766 0.98065
26.826 0.980694
26.886 0.980737
26.946 0.980781
27.006 0.980824
27.066 0.980867
27.126 0.980909
27.186 0.980952
27.246 0.980994
27.306 0.981036
27.366 0.981078
27.426 0.98112
27.486 0.981162
27.546 0.981203
27.606 0.981244
27.666 0.981286
27.726 0.981326
27.786 0.981367
27.846 0.981408
27.906 0.981448
27.966 0.981488
28.026 0.981528
28.086 0.981568
28.146 0.981608
28.206 0.981647
28.266 0.981687
28.326 0.981726
28.386 0.981765
28.446 0.981803
28.506 0.981842
28.566 0.981881
28.626 0.981919
28.686 0.981957
28.746 0.981995
28.806 0.982033
28.866 0.982071
28.926 0.982108
28.986 0.982146
29.046 0.982183
29.106 0.98222
29.166 0.982257
29.226 0.982293
29.286 0.98233
29.346 0.982367
29.406 0.982403
29.466 0.982439
29.526 0.982475
29.586 0.982511
29.646 0.982547
29.706 0.982582
29.766 0.982618
29.826 0.982653
29.886 0.982688
29.946 0.982723
30.006 0.982758
30.066 0.982793
30.126 0.982827
30.186 0.982862
30.246 0.982896
30.306 0.98293
30.366 0.982964
30.426 0.982998
30.486 0.983032
30.546 0.983065
30.606 0.983099
30.666 0.983132
30.726 0.983165
30.786 0.983198
30.846 0.983231
30.906 0.983264
30.966 0.983297
31.026 0.983329
31.086 0.983362
31.146 0.983394
31.206 0.983426
31.266 0.983458
31.326 0.98349
31.386 0.983522
31.446 0.983554
31.506 0.983586
31.566 0.983617
31.626 0.983648
31.686 0.98368
31.746 0.983711
31.806 0.983742
31.866 0.983773
31.926 0.983803
31.986 0.983834
32.046 0.983864
32.106 0.983895
32.166 0.983925
32.226 0.983955
32.286 0.983985
32.346 0.984015
32.406 0.984045
32.466 0.984075
32.526 0.984104
32.586 0.984134
32.646 0.984163
32.706 0.984193
32.766 0.984222
32.826 0.984251
32.886 0.98428
32.946 0.984309
33.006 0.984337
33.066 0.984366
33.126 0.984395
33.186 0.984423
33.246 0.984451
33.306 0.98448
33.366 0.984508
33.426 0.984536
33.486 0.984564
33.546 0.984592
33.606 0.984619
33.666 0.984647
33.726 0.984674
33.786 0.984702
33.846 0.984729
33.906 0.984756
33.966 0.984784
34.026 0.984811
34.086 0.984838
34.146 0.984864
34.206 0.984891
34.266 0.984918
34.326 0.984944
34.386 0.984971
34.446 0.984997
34.506 0.985024
34.566 0.98505
34.626 0.985076
34.686 0.985102
34.746 0.985128
34.806 0.985154
34.866 0.985179
34.926 0.985205
34.986 0.985231
35.046 0.985256
35.106 0.985281
35.166 0.985307
35.226 0.985332
35.286 0.985357
35.346 0.985382
35.406 0.985407
35.466 0.985432
35.526 0.985457
35.586 0.985481
35.646 0.985506
35.706 0.985531
35.766 0.985555
35.826 0.985579
35.886 0.985604
35.946 0.985628
36.006 0.985652
36.066 0.985676
36.126 0.9857
36.186 0.985724
36.246 0.985748
36.306 0.985771
36.366 0.985795
36.426 0.985819
36.486 0.985842
36.546 0.985865
36.606 0.985889
36.666 0.985912
36.726 0.985935
36.786 0.985958
36.846 0.985981
36.906 0.986004
36.966 0.986027
37.026 0.98605
37.086 0.986073
37.146 0.986095
37.206 0.986118
37.266 0.98614
37.326 0.986163
37.386 0.986185
37.446 0.986208
37.506 0.98623
37.566 0.986252
37.626 0.986274
37.686 0.986296
37.746 0.986318
37.806 0.98634
37.866 0.986362
37.926 0.986383
37.986 0.986405
38.046 0.986427
38.106 0.986448
38.166 0.98647
38.226 0.986491
38.286 0.986512
38.346 0.986534
38.406 0.986555
38.466 0.986576
38.526 0.986597
38.586 0.986618
38.646 0.986639
38.706 0.98666
38.766 0.98668
38.826 0.986701
38.886 0.986722
38.946 0.986742
39.006 0.986763
39.066 0.986783
39.126 0.986804
39.186 0.986824
39.246 0.986844
39.306 0.986865
39.366 0.986885
39.426 0.986905
39.486 0.986925
39.546 0.986945
39.606 0.986965
39.666 0.986985
39.726 0.987004
39.786 0.987024
39.846 0.987044
39.906 0.987063
39.966 0.987083
40.026 0.987102
40.086 0.987122
40.146 0.987141
40.206 0.987161
40.266 0.98718
40.326 0.987199
40.386 0.987218
40.446 0.987237
40.506 0.987256
40.566 0.987275
40.626 0.987294
40.686 0.987313
40.746 0.987332
40.806 0.987351
40.866 0.987369
40.926 0.987388
40.986 0.987406
41.046 0.987425
41.106 0.987443
41.166 0.987462
41.226 0.98748
41.286 0.987499
41.346 0.987517
41.406 0.987535
41.466 0.987553
41.526 0.987571
41.586 0.987589
41.646 0.987607
41.706 0.987625
41.766 0.987643
41.826 0.987661
41.886 0.987679
41.946 0.987696
42.006 0.987714
42.066 0.987732
42.126 0.987749
42.186 0.987767
42.246 0.987784
42.306 0.987802
42.366 0.987819
42.426 0.987837
42.486 0.987854
42.546 0.987871
42.606 0.987888
42.666 0.987905
42.726 0.987922
42.786 0.987939
42.846 0.987956
42.906 0.987973
42.966 0.98799
43.026 0.988007
43.086 0.988024
43.146 0.988041
43.206 0.988057
43.266 0.988074
43.326 0.988091
43.386 0.988107
43.446 0.988124
43.506 0.98814
43.566 0.988157
43.626 0.988173
43.686 0.988189
43.746 0.988206
43.806 0.988222
43.866 0.988238
43.926 0.988254
43.986 0.98827
44.046 0.988287
44.106 0.988303
44.166 0.988319
44.226 0.988335
44.286 0.98835
44.346 0.988366
44.406 0.988382
44.466 0.988398
44.526 0.988414
44.586 0.988429
44.646 0.988445
44.706 0.98846
44.766 0.988476
44.826 0.988492
44.886 0.988507
44.946 0.988522
45.006 0.988538
45.066 0.988553
45.126 0.988569
45.186 0.988584
45.246 0.988599
45.306 0.988614
45.366 0.988629
45.426 0.988644
45.486 0.988659
45.546 0.988675
45.606 0.98869
45.666 0.988704
45.726 0.988719
45.786 0.988734
45.846 0.988749
45.906 0.988764
45.966 0.988779
46.026 0.988793
46.086 0.988808
46.146 0.988823
46.206 0.988837
46.266 0.988852
46.326 0.988866
46.386 0.988881
46.446 0.988895
46.506 0.98891
46.566 0.988924
46.626 0.988938
46.686 0.988953
46.746 0.988967
46.806 0.988981
46.866 0.988995
46.926 0.989009
46.986 0.989024
47.046 0.989038
47.106 0.989052
47.166 0.989066
47.226 0.98908
47.286 0.989094
47.346 0.989107
47.406 0.989121
47.466 0.989135
47.526 0.989149
47.586 0.989163
47.646 0.989176
47.706 0.98919
47.766 0.989204
47.826 0.989217
47.886 0.989231
47.946 0.989245
48.006 0.989258
48.066 0.989272
48.126 0.989285
48.186 0.989298
48.246 0.989312
48.306 0.989325
48.366 0.989338
48.426 0.989352
48.486 0.989365
48.546 0.989378
48.606 0.989391
48.666 0.989404
48.726 0.989418
48.786 0.989431
48.846 0.989444
48.906 0.989457
48.966 0.98947
49.026 0.989483
49.086 0.989496
49.146 0.989509
49.206 0.989521
49.266 0.989534
49.326 0.989547
49.386 0.98956
49.446 0.989573
49.506 0.989585
49.566 0.989598
49.626 0.989611
49.686 0.989623
49.746 0.989636
49.806 0.989648
49.866 0.989661
49.926 0.989673
49.986 0.989686
50.046 0.989698
50.106 0.989711
50.166 0.989723
50.226 0.989735
50.286 0.989748
50.346 0.98976
50.406 0.989772
50.466 0.989784
50.526 0.989797
50.586 0.989809
50.646 0.989821
50.706 0.989833
50.766 0.989845
50.826 0.989857
50.886 0.989869
50.946 0.989881
51.006 0.989893
51.066 0.989905
51.126 0.989917
51.186 0.989929
51.246 0.989941
51.306 0.989952
51.366 0.989964
51.426 0.989976
51.486 0.989988
51.546 0.989999
51.606 0.990011
51.666 0.990023
51.726 0.990034
51.786 0.990046
51.846 0.990058
51.906 0.990069
51.966 0.990081
52.026 0.990092
52.086 0.990104
52.146 0.990115
52.206 0.990127
52.266 0.990138
52.326 0.990149
52.386 0.990161
52.446 0.990172
52.506 0.990183
52.566 0.990194
52.626 0.990206
52.686 0.990217
52.746 0.990228
52.806 0.990239
52.866 0.99025
52.926 0.990262
52.986 0.990273
53.046 0.990284
53.106 0.990295
53.166 0.990306
53.226 0.990317
53.286 0.990328
53.346 0.990339
53.406 0.990349
53.466 0.99036
53.526 0.990371
53.586 0.990382
53.646 0.990393
53.706 0.990404
53.766 0.990414
53.826 0.990425
53.886 0.990436
53.946 0.990447
54.006 0.990457
54.066 0.990468
54.126 0.990478
54.186 0.990489
54.246 0.9905
54.306 0.99051
54.366 0.990521
54.426 0.990531
54.486 0.990542
54.546 0.990552
54.606 0.990563
54.666 0.990573
54.726 0.990583
54.786 0.990594
54.846 0.990604
54.906 0.990614
54.966 0.990625
55.026 0.990635
55.086 0.990645
55.146 0.990655
55.206 0.990666
55.266 0.990676
55.326 0.990686
55.386 0.990696
55.446 0.990706
55.506 0.990716
55.566 0.990726
55.626 0.990736
55.686 0.990746
55.746 0.990756
55.806 0.990766
55.866 0.990776
55.926 0.990786
55.986 0.990796
56.046 0.990806
56.106 0.990816
56.166 0.990826
56.226 0.990836
56.286 0.990846
56.346 0.990855
56.406 0.990865
56.466 0.990875
56.526 0.990885
56.586 0.990894
56.646 0.990904
56.706 0.990914
56.766 0.990923
56.826 0.990933
56.886 0.990943
56.946 0.990952
57.006 0.990962
57.066 0.990971
57.126 0.990981
57.186 0.99099
57.246 0.991
57.306 0.991009
57.366 0.991019
57.426 0.991028
57.486 0.991038
57.546 0.991047
57.606 0.991056
57.666 0.991066
57.726 0.991075
57.786 0.991084
57.846 0.991094
57.906 0.991103
57.966 0.991112
58.026 0.991121
58.086 0.99113
58.146 0.99114
58.206 0.991149
58.266 0.991158
58.326 0.991167
58.386 0.991176
58.446 0.991185
58.506 0.991194
58.566 0.991204
58.626 0.991213
58.686 0.991222
58.746 0.991231
58.806 0.99124
58.866 0.991249
58.926 0.991257
58.986 0.991266
59.046 0.991275
59.106 0.991284
59.166 0.991293
59.226 0.991302
59.286 0.991311
59.346 0.99132
59.406 0.991328
59.466 0.991337
59.526 0.991346
59.586 0.991355
59.646 0.991363
59.706 0.991372
59.766 0.991381
59.826 0.99139
59.886 0.991398
59.946 0.991407

