0.006 1
0.066 1.00033
0.126 1.00122
0.186 1.00265
0.246 1.00463
0.306 1.00713
0.366 1.01015
0.426 1.01367
0.486 1.01767
0.546 1.02214
0.606 1.02704
0.666 1.03235
0.726 1.03804
0.786 1.04407
0.846 1.05042
0.906 1.05704
0.966 1.06389
1.026 1.07094
1.086 1.07814
1.146 1.08544
1.206 1.0928
1.266 1.10018
1.326 1.10753
1.386 1.11481
1.446 1.12197
1.506 1.12897
1.566 1.13577
1.626 1.14233
1.686 1.14862
1.746 1.15461
1.806 1.16027
1.866 1.16558
1.926 1.1705
1.986 1.17504
2.046 1.17918
2.106 1.1829
2.166 1.1862
2.226 1.18909
2.286 1.19156
2.346 1.19362
2.406 1.19527
2.466 1.19657
2.526 1.19757
2.586 1.19831
2.646 1.1988
2.706 1.19904
2.766 1.19906
2.826 1.19887
2.886 1.19849
2.946 1.19792
3.006 1.19719
3.066 1.1963
3.126 1.19527
3.186 1.19412
3.246 1.19285
3.306 1.19148
3.366 1.19002
3.426 1.18847
3.486 1.18686
3.546 1.18519
3.606 1.18346
3.666 1.18169
3.726 1.17988
3.786 1.17803
3.846 1.17617
3.906 1.17428
3.966 1.17238
4.026 1.17048
4.086 1.16856
4.146 1.16665
4.206 1.16474
4.266 1.16283
4.326 1.16093
4.386 1.15905
4.446 1.15717
4.506 1.15532
4.566 1.15348
4.626 1.15165
4.686 1.14985
4.746 1.14807
4.806 1.14631
4.866 1.14457
4.926 1.14286
4.986 1.14117
5.046 1.13951
5.106 1.13787
5.166 1.13625
5.226 1.13466
5.286 1.1331
5.346 1.13156
5.406 1.13004
5.466 1.12855
5.526 1.12709
5.586 1.12565
5.646 1.12424
5.706 1.12285
5.766 1.12148
5.826 1.12014
5.886 1.11882
5.946 1.11753
6.006 1.11626
6.066 1.11501
6.126 1.11378
6.186 1.11258
6.246 1.11139
6.306 1.11023
6.366 1.10909
6.426 1.10797
6.486 1.10687
6.546 1.10579
6.606 1.10473
6.666 1.10368
6.726 1.10266
6.786 1.10165
6.846 1.10066
6.906 1.09969
6.966 1.09874
7.026 1.0978
7.086 1.09688
7.146 1.09597
7.206 1.09508
7.266 1.0942
7.326 1.09334
7.386 1.0925
7.446 1.09167
7.506 1.09085
7.566 1.09005
7.626 1.08925
7.686 1.08848
7.746 1.08771
7.806 1.08696
7.866 1.08622
7.926 1.08549
7.986 1.08478
8.046 1.08407
8.106 1.08338
8.166 1.0827
8.226 1.08202
8.286 1.08136
8.346 1.08071
8.406 1.08007
8.466 1.07944
8.526 1.07882
8.586 1.0782
8.646 1.0776
8.706 1.07701
8.766 1.07642
8.826 1.07585
8.886 1.07528
8.946 1.07472
9.006 1.07417
9.066 1.07362
9.126 1.07309
9.186 1.07256
9.246 1.07204
9.306 1.07152
9.366 1.07102
9.426 1.07052
9.486 1.07003
9.546 1.06954
9.606 1.06906
9.666 1.06859
9.726 1.06812
9.786 1.06766
9.846 1.06721
9.906 1.06676
9.966 1.06632
10.026 1.06588
10.086 1.06545
10.146 1.06503
10.206 1.06461
10.266 1.06419
10.326 1.06379
10.386 1.06338
10.446 1.06298
10.506 1.06259
10.566 1.0622
10.626 1.06182
10.686 1.06144
10.746 1.06106
10.806 1.06069
10.866 1.06033
10.926 1.05996
10.986 1.05961
11.046 1.05925
11.106 1.05891
11.166 1.05856
11.226 1.05822
11.286 1.05788
11.346 1.05755
11.406 1.05722
11.466 1.0569
11.526 1.05657
11.586 1.05626
11.646 1.05594
11.706 1.05563
11.766 1.05532
11.826 1.05502
11.886 1.05472
11.946 1.05442
12.006 1.05413
12.066 1.05383
12.126 1.05355
12.186 1.05326
12.246 1.05298
12.306 1.0527
12.366 1.05242
12.426 1.05215
12.486 1.05188
12.546 1.05161
12.606 1.05135
12.666 1.05109
12.726 1.05083
12.786 1.05057
12.846 1.05032
12.906 1.05006
12.966 1.04981
13.026 1.04957
13.086 1.04932
13.146 1.04908
13.206 1.04884
13.266 1.0486
13.326 1.04837
13.386 1.04814
13.446 1.04791
13.506 1.04768
13.566 1.04745
13.626 1.04723
13.686 1.04701
13.746 1.04679
13.806 1.04657
13.866 1.04635
13.926 1.04614
13.986 1.04593
14.046 1.04572
14.106 1.04551
14.166 1.0453
14.226 1.0451
14.286 1.0449
14.346 1.0447
14.406 1.0445
14.466 1.0443
14.526 1.04411
14.586 1.04391
14.646 1.04372
14.706 1.04353
14.766 1.04334
14.826 1.04315
14.886 1.04297
14.946 1.04278
15.006 1.0426
15.066 1.04242
15.126 1.04224
15.186 1.04207
15.246 1.04189
15.306 1.04171
15.366 1.04154
15.426 1.04137
15.486 1.0412
15.546 1.04103
15.606 1.04086
15.666 1.0407
15.726 1.04053
15.786 1.04037
15.846 1.04021
15.906 1.04005
15.966 1.03989
16.026 1.03973
16.086 1.03957
16.146 1.03941
16.206 1.03926
16.266 1.03911
16.326 1.03895
16.386 1.0388
16.446 1.03865
16.506 1.0385
16.566 1.03836
16.626 1.03821
16.686 1.03807
16.746 1.03792
16.806 1.03778
16.866 1.03764
16.926 1.03749
16.986 1.03735
17.046 1.03722
17.106 1.03708
17.166 1.03694
17.226 1.03681
17.286 1.03667
17.346 1.03654
17.406 1.0364
17.466 1.03627
17.526 1.03614
17.586 1.03601
17.646 1.03588
17.706 1.03575
17.766 1.03563
17.826 1.0355
17.886 1.03537
17.946 1.03525
18.006 1.03513
18.066 1.035
18.126 1.03488
18.186 1.03476
18.246 1.03464
18.306 1.03452
18.366 1.0344
18.426 1.03428
18.486 1.03417
18.546 1.03405
18.606 1.03393
18.666 1.03382
18.726 1.03371
18.786 1.03359
18.846 1.03348
18.906 1.03337
18.966 1.03326
19.026 1.03315
19.086 1.03304
19.146 1.03293
19.206 1.03282
19.266 1.03271
19.326 1.03261
19.386 1.0325
19.446 1.0324
19.506 1.03229
19.566 1.03219
19.626 1.03209
19.686 1.03198
19.746 1.03188
19.806 1.03178
19.866 1.03168
19.926 1.03158
19.986 1.03148
20.046 1.03138
20.106 1.03128
20.166 1.03119
20.226 1.03109
20.286 1.03099
20.346 1.0309
20.406 1.0308
20.466 1.03071
20.526 1.03061
20.586 1.03052
20.646 1.03043
20.706 1.03033
20.766 1.03024
20.826 1.03015
20.886 1.03006
20.946 1.02997
21.006 1.02988
21.066 1.02979
21.126 1.0297
21.186 1.02962
21.246 1.02953
21.306 1.02944
21.366 1.02936
21.426 1.02927
21.486 1.02918
21.546 1.0291
21.606 1.02902
21.666 1.02893
21.726 1.02885
21.786 1.02877
21.846 1.02868
21.906 1.0286
21.966 1.02852
22.026 1.02844
22.086 1.02836
22.146 1.02828
22.206 1.0282
22.266 1.02812
22.326 1.02804
22.386 1.02796
22.446 1.02788
22.506 1.02781
22.566 1.02773
22.626 1.02765
22.686 1.02758
22.746 1.0275
22.806 1.02743
22.866 1.02735
22.926 1.02728
22.986 1.0272
23.046 1.02713
23.106 1.02705
23.166 1.02698
23.226 1.02691
23.286 1.02684
23.346 1.02677
23.406 1.02669
23.466 1.02662
23.526 1.02655
23.586 1.02648
23.646 1.02641
23.706 1.02634
23.766 1.02627
23.826 1.0262
23.886 1.02614
23.946 1.02607
24.006 1.026
24.066 1.02593
24.126 1.02587
24.186 1.0258
24.246 1.02573
24.306 1.02567
24.366 1.0256
24.426 1.02554
24.486 1.02547
24.546 1.02541
24.606 1.02534
24.666 1.02528
24.726 1.02521
24.786 1.02515
24.846 1.02509
24.906 1.02503
24.966 1.02496
25.026 1.0249
25.086 1.02484
25.146 1.02478
25.206 1.02472
25.266 1.02466
25.326 1.0246
25.386 1.02453
25.446 1.02447
25.506 1.02442
25.566 1.02436
25.626 1.0243
25.686 1.02424
25.746 1.02418
25.806 1.02412
25.866 1.02406
25.926 1.02401
25.986 1.02395
26.046 1.02389
26.106 1.02383
26.166 1.02378
26.226 1.02372
26.286 1.02366
26.346 1.02361
26.406 1.02355
26.466 1.0235
26.526 1.02344
26.586 1.02339
26.646 1.02333
26.706 1.02328
26.766 1.02323
26.826 1.02317
26.886 1.02312
26.946 1.02306
27.006 1.02301
27.066 1.02296
27.126 1.02291
27.186 1.02285
27.246 1.0228
27.306 1.02275
27.366 1.0227
27.426 1.02265
27.486 1.0226
27.546 1.02255
27.606 1.02249
27.666 1.02244
27.726 1.02239
27.786 1.02234
27.846 1.02229
27.906 1.02224
27.966 1.0222
28.026 1.02215
28.086 1.0221
28.146 1.02205
28.206 1.022
28.266 1.02195
28.326 1.0219
28.386 1.02186
28.446 1.02181
28.506 1.02176
28.566 1.02171
28.626 1.02167
28.686 1.02162
28.746 1.02157
28.806 1.02153
28.866 1.02148
28.926 1.02143
28.986 1.02139
29.046 1.02134
29.106 1.0213
29.166 1.02125
29.226 1.02121
29.286 1.02116
29.346 1.02112
29.406 1.02107
29.466 1.02103
29.526 1.02099
29.586 1.02094
29.646 1.0209
29.706 1.02085
29.766 1.02081
29.826 1.02077
29.886 1.02072
29.946 1.02068
30.006 1.02064
30.066 1.0206
30.126 1.02055
30.186 1.02051
30.246 1.02047
30.306 1.02043
30.366 1.02039
30.426 1.02035
30.486 1.0203
30.546 1.02026
30.606 1.02022
30.666 1.02018
30.726 1.02014
30.786 1.0201
30.846 1.02006
30.906 1.02002
30.966 1.01998
31.026 1.01994
31.086 1.0199
31.146 1.01986
31.206 1.01982
31.266 1.01978
31.326 1.01974
31.386 1.0197
31.446 1.01967
31.506 1.01963
31.566 1.01959
31.626 1.01955
31.686 1.01951
31.746 1.01947
31.806 1.01944
31.866 1.0194
31.926 1.01936
31.986 1.01932
32.046 1.01929
32.106 1.01925
32.166 1.01921
32.226 1.01918
32.286 1.01914
32.346 1.0191
32.406 1.01907
32.466 1.01903
32.526 1.01899
32.586 1.01896
32.646 1.01892
32.706 1.01889
32.766 1.01885
32.826 1.01882
32.886 1.01878
32.946 1.01875
33.006 1.01871
33.066 1.01868
33.126 1.01864
33.186 1.01861
33.246 1.01857
33.306 1.01854
33.366 1.0185
33.426 1.01847
33.486 1.01843
33.546 1.0184
33.606 1.01837
33.666 1.01833
33.726 1.0183
33.786 1.01827
33.846 1.01823
33.906 1.0182
33.966 1.01817
34.026 1.01813
34.086 1.0181
34.146 1.01807
34.206 1.01804
34.266 1.018
34.326 1.01797
34.386 1.01794
34.446 1.01791
34.506 1.01788
34.566 1.01784
34.626 1.01781
34.686 1.01778
34.746 1.01775
34.806 1.01772
34.866 1.01769
34.926 1.01765
34.986 1.01762
35.046 1.01759
35.106 1.01756
35.166 1.01753
35.226 1.0175
35.286 1.01747
35.346 1.01744
35.406 1.01741
35.466 1.01738
35.526 1.01735
35.586 1.01732
35.646 1.01729
35.706 1.01726
35.766 1.01723
35.826 1.0172
35.886 1.01717
35.946 1.01714
36.006 1.01711
36.066 1.01708
36.126 1.01705
36.186 1.01702
36.246 1.017
36.306 1.01697
36.366 1.01694
36.426 1.01691
36.486 1.01688
36.546 1.01685
36.606 1.01682
36.666 1.0168
36.726 1.01677
36.786 1.01674
36.846 1.01671
36.906 1.01668
36.966 1.01666
37.026 1.01663
37.086 1.0166
37.146 1.01657
37.206 1.01655
37.266 1.01652
37.326 1.01649
37.386 1.01646
37.446 1.01644
37.506 1.01641
37.566 1.01638
37.626 1.01636
37.686 1.01633
37.746 1.0163
37.806 1.01628
37.866 1.01625
37.926 1.01622
37.986 1.0162
38.046 1.01617
38.106 1.01615
38.166 1.01612
38.226 1.01609
38.286 1.01607
38.346 1.01604
38.406 1.01602
38.466 1.01599
38.526 1.01597
38.586 1.01594
38.646 1.01591
38.706 1.01589
38.766 1.01586
38.826 1.01584
38.886 1.01581
38.946 1.01579
39.006 1.01576
39.066 1.01574
39.126 1.01571
39.186 1.01569
39.246 1.01567
39.306 1.01564
39.366 1.01562
39.426 1.01559
39.486 1.01557
39.546 1.01554
39.606 1.01552
39.666 1.0155
39.726 1.01547
39.786 1.01545
39.846 1.01542
39.906 1.0154
39.966 1.01538
40.026 1.01535
40.086 1.01533
40.146 1.01531
40.206 1.01528
40.266 1.01526
40.326 1.01524
40.386 1.01521
40.446 1.01519
40.506 1.01517
40.566 1.01514
40.626 1.01512
40.686 1.0151
40.746 1.01508
40.806 1.01505
40.866 1.01503
40.926 1.01501
40.986 1.01499
41.046 1.01496
41.106 1.01494
41.166 1.01492
41.226 1.0149
41.286 1.01487
41.346 1.01485
41.406 1.01483
41.466 1.01481
41.526 1.01479
41.586 1.01476
41.646 1.01474
41.706 1.01472
41.766 1.0147
41.826 1.01468
41.886 1.01466
41.946 1.01463
42.006 1.01461
42.066 1.01459
42.126 1.01457
42.186 1.01455
42.246 1.01453
42.306 1.01451
42.366 1.01449
42.426 1.01447
42.486 1.01444
42.546 1.01442
42.606 1.0144
42.666 1.01438
42.726 1.01436
42.786 1.01434
42.846 1.01432
42.906 1.0143
42.966 1.01428
43.026 1.01426
43.086 1.01424
43.146 1.01422
43.206 1.0142
43.266 1.01418
43.326 1.01416
43.386 1.01414
43.446 1.01412
43.506 1.0141
43.566 1.01408
43.626 1.01406
43.686 1.01404
43.746 1.01402
43.806 1.014
43.866 1.01398
43.926 1.01396
43.986 1.01394
44.046 1.01392
44.106 1.0139
44.166 1.01388
44.226 1.01386
44.286 1.01385
44.346 1.01383
44.406 1.01381
44.466 1.01379
44.526 1.01377
44.586 1.01375
44.646 1.01373
44.706 1.01371
44.766 1.01369
44.826 1.01368
44.886 1.01366
44.946 1.01364
45.006 1.01362
45.066 1.0136
45.126 1.01358
45.186 1.01356
45.246 1.01355
45.306 1.01353
45.366 1.01351
45.426 1.01349
45.486 1.01347
45.546 1.01345
45.606 1.01344
45.666 1.01342
45.726 1.0134
45.786 1.01338
45.846 1.01336
45.906 1.01335
45.966 1.01333
46.026 1.01331
46.086 1.01329
46.146 1.01328
46.206 1.01326
46.266 1.01324
46.326 1.01322
46.386 1.01321
46.446 1.01319
46.506 1.01317
46.566 1.01315
46.626 1.01314
46.686 1.01312
46.746 1.0131
46.806 1.01309
46.866 1.01307
46.926 1.01305
46.986 1.01303
47.046 1.01302
47.106 1.013
47.166 1.01298
47.226 1.01297
47.286 1.01295
47.346 1.01293
47.406 1.01292
47.466 1.0129
47.526 1.01288
47.586 1.01287
47.646 1.01285
47.706 1.01283
47.766 1.01282
47.826 1.0128
47.886 1.01278
47.946 1.01277
48.006 1.01275
48.066 1.01274
48.126 1.01272
48.186 1.0127
48.246 1.01269
48.306 1.01267
48.366 1.01266
48.426 1.01264
48.486 1.01262
48.546 1.01261
48.606 1.01259
48.666 1.01258
48.726 1.01256
48.786 1.01254
48.846 1.01253
48.906 1.01251
48.966 1.0125
49.026 1.01248
49.086 1.01247
49.146 1.01245
49.206 1.01243
49.266 1.01242
49.326 1.0124
49.386 1.01239
49.446 1.01237
49.506 1.01236
49.566 1.01234
49.626 1.01233
49.686 1.01231
49.746 1.0123
49.806 1.01228
49.866 1.01227
49.926 1.01225
49.986 1.01224
50.046 1.01222
50.106 1.01221
50.166 1.01219
50.226 1.01218
50.286 1.01216
50.346 1.01215
50.406 1.01213
50.466 1.01212
50.526 1.0121
50.586 1.01209
50.646 1.01207
50.706 1.01206
50.766 1.01205
50.826 1.01203
50.886 1.01202
50.946 1.012
51.006 1.01199
51.066 1.01197
51.126 1.01196
51.186 1.01195
51.246 1.01193
51.306 1.01192
51.366 1.0119
51.426 1.01189
51.486 1.01187
51.546 1.01186
51.606 1.01185
51.666 1.01183
51.726 1.01182
51.786 1.0118
51.846 1.01179
51.906 1.01178
51.966 1.01176
52.026 1.01175
52.086 1.01174
52.146 1.01172
52.206 1.01171
52.266 1.01169
52.326 1.01168
52.386 1.01167
52.446 1.01165
52.506 1.01164
52.566 1.01163
52.626 1.01161
52.686 1.0116
52.746 1.01159
52.806 1.01157
52.866 1.01156
52.926 1.01155
52.986 1.01153
53.046 1.01152
53.106 1.01151
53.166 1.01149
53.226 1.01148
53.286 1.01147
53.346 1.01145
53.406 1.01144
53.466 1.01143
53.526 1.01141
53.586 1.0114
53.646 1.01139
53.706 1.01138
53.766 1.01136
53.826 1.01135
53.886 1.01134
53.946 1.01132
54.006 1.01131
54.066 1.0113
54.126 1.01129
54.186 1.01127
54.246 1.01126
54.306 1.01125
54.366 1.01123
54.426 1.01122
54.486 1.01121
54.546 1.0112
54.606 1.01118
54.666 1.01117
54.726 1.01116
54.786 1.01115
54.846 1.01113
54.906 1.01112
54.966 1.01111
55.026 1.0111
55.086 1.01109
55.146 1.01107
55.206 1.01106
55.266 1.01105
55.326 1.01104
55.386 1.01102
55.446 1.01101
55.506 1.011
55.566 1.01099
55.626 1.01098
55.686 1.01096
55.746 1.01095
55.806 1.01094
55.866 1.01093
55.926 1.01092
55.986 1.0109
56.046 1.01089
56.106 1.01088
56.166 1.01087
56.226 1.01086
56.286 1.01085
56.346 1.01083
56.406 1.01082
56.466 1.01081
56.526 1.0108
56.586 1.01079
56.646 1.01078
56.706 1.01076
56.766 1.01075
56.826 1.01074
56.886 1.01073
56.946 1.01072
57.006 1.01071
57.066 1.01069
57.126 1.01068
57.186 1.01067
57.246 1.01066
57.306 1.01065
57.366 1.01064
57.426 1.01063
57.486 1.01062
57.546 1.0106
57.606 1.01059
57.666 1.01058
57.726 1.01057
57.786 1.01056
57.846 1.01055
57.906 1.01054
57.966 1.01053
58.026 1.01051
58.086 1.0105
58.146 1.01049
58.206 1.01048
58.266 1.01047
58.326 1.01046
58.386 1.01045
58.446 1.01044
58.506 1.01043
58.566 1.01042
58.626 1.01041
58.686 1.01039
58.746 1.01038
58.806 1.01037
58.866 1.01036
58.926 1.01035
58.986 1.01034
59.046 1.01033
59.106 1.01032
59.166 1.01031
59.226 1.0103
59.286 1.01029
59.346 1.01028
59.406 1.01027
59.466 1.01026
59.526 1.01025
59.586 1.01024
59.646 1.01022
59.706 1.01021
59.766 1.0102
59.826 1.01019
59.886 1.01018
59.946 1.01017

