0.006 1
0.066 1.00098
0.126 1.00358
0.186 1.00776
0.246 1.01348
0.306 1.02067
0.366 1.02926
0.426 1.03914
0.486 1.05019
0.546 1.06229
0.606 1.07528
0.666 1.08901
0.726 1.10331
0.786 1.118
0.846 1.13291
0.906 1.14786
0.966 1.16268
1.026 1.1772
1.086 1.19128
1.146 1.20477
1.206 1.21755
1.266 1.22954
1.326 1.24065
1.386 1.25082
1.446 1.26003
1.506 1.26826
1.566 1.27551
1.626 1.28179
1.686 1.28715
1.746 1.29162
1.806 1.29525
1.866 1.2981
1.926 1.30023
1.986 1.30169
2.046 1.30256
2.106 1.30287
2.166 1.3027
2.226 1.3021
2.286 1.30111
2.346 1.29978
2.406 1.29817
2.466 1.29629
2.526 1.2942
2.586 1.29193
2.646 1.28949
2.706 1.28692
2.766 1.28424
2.826 1.28147
2.886 1.27862
2.946 1.27571
3.006 1.27276
3.066 1.26977
3.126 1.26676
3.186 1.26372
3.246 1.26068
3.306 1.25763
3.366 1.25458
3.426 1.25154
3.486 1.2485
3.546 1.24547
3.606 1.24245
3.666 1.23945
3.726 1.23646
3.786 1.23348
3.846 1.23052
3.906 1.22758
3.966 1.22466
4.026 1.22175
4.086 1.21886
4.146 1.21598
4.206 1.21313
4.266 1.21028
4.326 1.20745
4.386 1.20464
4.446 1.20184
4.506 1.19906
4.566 1.19628
4.626 1.19352
4.686 1.19078
4.746 1.18804
4.806 1.18531
4.866 1.1826
4.926 1.17989
4.986 1.17719
5.046 1.17454
5.106 1.17196
5.166 1.16945
5.226 1.16701
5.286 1.16465
5.346 1.16234
5.406 1.1601
5.466 1.15792
5.526 1.1558
5.586 1.15374
5.646 1.15172
5.706 1.14976
5.766 1.14785
5.826 1.14599
5.886 1.14417
5.946 1.14239
6.006 1.14066
6.066 1.13897
6.126 1.13733
6.186 1.13571
6.246 1.13414
6.306 1.1326
6.366 1.1311
6.426 1.12963
6.486 1.12819
6.546 1.12679
6.606 1.12541
6.666 1.12407
6.726 1.12275
6.786 1.12146
6.846 1.1202
6.906 1.11896
6.966 1.11775
7.026 1.11656
7.086 1.1154
7.146 1.11426
7.206 1.11314
7.266 1.11204
7.326 1.11097
7.386 1.10991
7.446 1.10888
7.506 1.10786
7.566 1.10687
7.626 1.10589
7.686 1.10493
7.746 1.10398
7.806 1.10306
7.866 1.10215
7.926 1.10125
7.986 1.10037
8.046 1.09951
8.106 1.09866
8.166 1.09783
8.226 1.09701
8.286 1.0962
8.346 1.0954
8.406 1.09462
8.466 1.09386
8.526 1.0931
8.586 1.09236
8.646 1.09163
8.706 1.09091
8.766 1.0902
8.826 1.0895
8.886 1.08881
8.946 1.08814
9.006 1.08747
9.066 1.08681
9.126 1.08617
9.186 1.08553
9.246 1.0849
9.306 1.08428
9.366 1.08367
9.426 1.08307
9.486 1.08248
9.546 1.0819
9.606 1.08132
9.666 1.08075
9.726 1.08019
9.786 1.07964
9.846 1.0791
9.906 1.07856
9.966 1.07803
10.026 1.07751
10.086 1.07699
10.146 1.07648
10.206 1.07598
10.266 1.07548
10.326 1.075
10.386 1.07451
10.446 1.07404
10.506 1.07357
10.566 1.0731
10.626 1.07264
10.686 1.07219
10.746 1.07174
10.806 1.0713
10.866 1.07086
10.926 1.07043
10.986 1.07001
11.046 1.06958
11.106 1.06917
11.166 1.06876
11.226 1.06835
11.286 1.06795
11.346 1.06755
11.406 1.06716
11.466 1.06677
11.526 1.06639
11.586 1.06601
11.646 1.06564
11.706 1.06527
11.766 1.0649
11.826 1.06454
11.886 1.06418
11.946 1.06383
12.006 1.06348
12.066 1.06313
12.126 1.06279
12.186 1.06245
12.246 1.06212
12.306 1.06179
12.366 1.06146
12.426 1.06113
12.486 1.06081
12.546 1.06049
12.606 1.06018
12.666 1.05987
12.726 1.05956
12.786 1.05926
12.846 1.05895
12.906 1.05866
12.966 1.05836
13.026 1.05807
13.086 1.05778
13.146 1.05749
13.206 1.05721
13.266 1.05692
13.326 1.05665
13.386 1.05637
13.446 1.0561
13.506 1.05583
13.566 1.05556
13.626 1.05529
13.686 1.05503
13.746 1.05477
13.806 1.05451
13.866 1.05426
13.926 1.054
13.986 1.05375
14.046 1.05351
14.106 1.05326
14.166 1.05302
14.226 1.05277
14.286 1.05253
14.346 1.0523
14.406 1.05206
14.466 1.05183
14.526 1.0516
14.586 1.05137
14.646 1.05114
14.706 1.05092
14.766 1.05069
14.826 1.05047
14.886 1.05025
14.946 1.05004
15.006 1.04982
15.066 1.04961
15.126 1.0494
15.186 1.04919
15.246 1.04898
15.306 1.04877
15.366 1.04857
15.426 1.04837
15.486 1.04816
15.546 1.04797
15.606 1.04777
15.666 1.04757
15.726 1.04738
15.786 1.04718
15.846 1.04699
15.906 1.0468
15.966 1.04661
16.026 1.04643
16.086 1.04624
16.146 1.04606
16.206 1.04588
16.266 1.04569
16.326 1.04551
16.386 1.04534
16.446 1.04516
16.506 1.04498
16.566 1.04481
16.626 1.04464
16.686 1.04447
16.746 1.0443
16.806 1.04413
16.866 1.04396
16.926 1.04379
16.986 1.04363
17.046 1.04346
17.106 1.0433
17.166 1.04314
17.226 1.04298
17.286 1.04282
17.346 1.04266
17.406 1.04251
17.466 1.04235
17.526 1.0422
17.586 1.04204
17.646 1.04189
17.706 1.04174
17.766 1.04159
17.826 1.04144
17.886 1.0413
17.946 1.04115
18.006 1.041
18.066 1.04086
18.126 1.04071
18.186 1.04057
18.246 1.04043
18.306 1.04029
18.366 1.04015
18.426 1.04001
18.486 1.03987
18.546 1.03974
18.606 1.0396
18.666 1.03947
18.726 1.03933
18.786 1.0392
18.846 1.03907
18.906 1.03894
18.966 1.03881
19.026 1.03868
19.086 1.03855
19.146 1.03842
19.206 1.03829
19.266 1.03817
19.326 1.03804
19.386 1.03792
19.446 1.03779
19.506 1.03767
19.566 1.03755
19.626 1.03743
19.686 1.03731
19.746 1.03719
19.806 1.03707
19.866 1.03695
19.926 1.03683
19.986 1.03671
20.046 1.0366
20.106 1.03648
20.166 1.03637
20.226 1.03625
20.286 1.03614
20.346 1.03603
20.406 1.03592
20.466 1.03581
20.526 1.0357
20.586 1.03559
20.646 1.03548
20.706 1.03537
20.766 1.03526
20.826 1.03515
20.886 1.03505
20.946 1.03494
21.006 1.03484
21.066 1.03473
21.126 1.03463
21.186 1.03453
21.246 1.03442
21.306 1.03432
21.366 1.03422
21.426 1.03412
21.486 1.03402
21.546 1.03392
21.606 1.03382
21.666 1.03372
21.726 1.03362
21.786 1.03353
21.846 1.03343
21.906 1.03333
21.966 1.03324
22.026 1.03314
22.086 1.03305
22.146 1.03295
22.206 1.03286
22.266 1.03277
22.326 1.03268
22.386 1.03258
22.446 1.03249
22.506 1.0324
22.566 1.03231
22.626 1.03222
22.686 1.03213
22.746 1.03204
22.806 1.03195
22.866 1.03187
22.926 1.03178
22.986 1.03169
23.046 1.03161
23.106 1.03152
23.166 1.03143
23.226 1.03135
23.286 1.03126
23.346 1.03118
23.406 1.0311
23.466 1.03101
23.526 1.03093
23.586 1.03085
23.646 1.03077
23.706 1.03068
23.766 1.0306
23.826 1.03052
23.886 1.03044
23.946 1.03036
24.006 1.03028
24.066 1.0302
24.126 1.03013
24.186 1.03005
24.246 1.02997
24.306 1.02989
24.366 1.02982
24.426 1.02974
24.486 1.02966
24.546 1.02959
24.606 1.02951
24.666 1.02944
24.726 1.02936
24.786 1.02929
24.846 1.02921
24.906 1.02914
24.966 1.02907
25.026 1.029
25.086 1.02892
25.146 1.02885
25.206 1.02878
25.266 1.02871
25.326 1.02864
25.386 1.02857
25.446 1.0285
25.506 1.02843
25.566 1.02836
25.626 1.02829
25.686 1.02822
25.746 1.02815
25.806 1.02808
25.866 1.02801
25.926 1.02795
25.986 1.02788
26.046 1.02781
26.106 1.02775
26.166 1.02768
26.226 1.02761
26.286 1.02755
26.346 1.02748
26.406 1.02742
26.466 1.02735
26.526 1.02729
26.586 1.02722
26.646 1.02716
26.706 1.0271
26.766 1.02703
26.826 1.02697
26.886 1.02691
26.946 1.02685
27.006 1.02678
27.066 1.02672
27.126 1.02666
27.186 1.0266
27.246 1.02654
27.306 1.02648
27.366 1.02642
27.426 1.02636
27.486 1.0263
27.546 1.02624
27.606 1.02618
27.666 1.02612
27.726 1.02606
27.786 1.026
27.846 1.02594
27.906 1.02589
27.966 1.02583
28.026 1.02577
28.086 1.02571
28.146 1.02566
28.206 1.0256
28.266 1.02554
28.326 1.02549
28.386 1.02543
28.446 1.02538
28.506 1.02532
28.566 1.02526
28.626 1.02521
28.686 1.02515
28.746 1.0251
28.806 1.02505
28.866 1.02499
28.926 1.02494
28.986 1.02488
29.046 1.02483
29.106 1.02478
29.166 1.02473
29.226 1.02467
29.286 1.02462
29.346 1.02457
29.406 1.02452
29.466 1.02446
29.526 1.02441
29.586 1.02436
29.646 1.02431
29.706 1.02426
29.766 1.02421
29.826 1.02416
29.886 1.02411
29.946 1.02406
30.006 1.02401
30.066 1.02396
30.126 1.02391
30.186 1.02386
30.246 1.02381
30.306 1.02376
30.366 1.02371
30.426 1.02366
30.486 1.02362
30.546 1.02357
30.606 1.02352
30.666 1.02347
30.726 1.02343
30.786 1.02338
30.846 1.02333
30.906 1.02328
30.966 1.02324
31.026 1.02319
31.086 1.02314
31.146 1.0231
31.206 1.02305
31.266 1.02301
31.326 1.02296
31.386 1.02292
31.446 1.02287
31.506 1.02283
31.566 1.02278
31.626 1.02274
31.686 1.02269
31.746 1.02265
31.806 1.0226
31.866 1.02256
31.926 1.02252
31.986 1.02247
32.046 1.02243
32.106 1.02238
32.166 1.02234
32.226 1.0223
32.286 1.02226
32.346 1.02221
32.406 1.02217
32.466 1.02213
32.526 1.02209
32.586 1.02204
32.646 1.022
32.706 1.02196
32.766 1.02192
32.826 1.02188
32.886 1.02184
32.946 1.0218
33.006 1.02175
33.066 1.02171
33.126 1.02167
33.186 1.02163
33.246 1.02159
33.306 1.02155
33.366 1.02151
33.426 1.02147
33.486 1.02143
33.546 1.02139
33.606 1.02135
33.666 1.02131
33.726 1.02127
33.786 1.02124
33.846 1.0212
33.906 1.02116
33.966 1.02112
34.026 1.02108
34.086 1.02104
34.146 1.021
34.206 1.02097
34.266 1.02093
34.326 1.02089
34.386 1.02085
34.446 1.02082
34.506 1.02078
34.566 1.02074
34.626 1.0207
34.686 1.02067
34.746 1.02063
34.806 1.02059
34.866 1.02056
34.926 1.02052
34.986 1.02049
35.046 1.02045
35.106 1.02041
35.166 1.02038
35.226 1.02034
35.286 1.02031
35.346 1.02027
35.406 1.02023
35.466 1.0202
35.526 1.02016
35.586 1.02013
35.646 1.02009
35.706 1.02006
35.766 1.02002
35.826 1.01999
35.886 1.01996
35.946 1.01992
36.006 1.01989
36.066 1.01985
36.126 1.01982
36.186 1.01979
36.246 1.01975
36.306 1.01972
36.366 1.01968
36.426 1.01965
36.486 1.01962
36.546 1.01958
36.606 1.01955
36.666 1.01952
36.726 1.01949
36.786 1.01945
36.846 1.01942
36.906 1.01939
36.966 1.01936
37.026 1.01932
37.086 1.01929
37.146 1.01926
37.206 1.01923
37.266 1.0192
37.326 1.01916
37.386 1.01913
37.446 1.0191
37.506 1.01907
37.566 1.01904
37.626 1.01901
37.686 1.01898
37.746 1.01894
37.806 1.01891
37.866 1.01888
37.926 1.01885
37.986 1.01882
38.046 1.01879
38.106 1.01876
38.166 1.01873
38.226 1.0187
38.286 1.01867
38.346 1.01864
38.406 1.01861
38.466 1.01858
38.526 1.01855
38.586 1.01852
38.646 1.01849
38.706 1.01846
38.766 1.01843
38.826 1.0184
38.886 1.01837
38.946 1.01834
39.006 1.01832
39.066 1.01829
39.126 1.01826
39.186 1.01823
39.246 1.0182
39.306 1.01817
39.366 1.01814
39.426 1.01811
39.486 1.01809
39.546 1.01806
39.606 1.01803
39.666 1.018
39.726 1.01797
39.786 1.01795
39.846 1.01792
39.906 1.01789
39.966 1.01786
40.026 1.01784
40.086 1.01781
40.146 1.01778
40.206 1.01775
40.266 1.01773
40.326 1.0177
40.386 1.01767
40.446 1.01765
40.506 1.01762
40.566 1.01759
40.626 1.01757
40.686 1.01754
40.746 1.01751
40.806 1.01749
40.866 1.01746
40.926 1.01743
40.986 1.01741
41.046 1.01738
41.106 1.01736
41.166 1.01733
41.226 1.0173
41.286 1.01728
41.346 1.01725
41.406 1.01723
41.466 1.0172
41.526 1.01718
41.586 1.01715
41.646 1.01712
41.706 1.0171
41.766 1.01707
41.826 1.01705
41.886 1.01702
41.946 1.017
42.006 1.01697
42.066 1.01695
42.126 1.01692
42.186 1.0169
42.246 1.01687
42.306 1.01685
42.366 1.01683
42.426 1.0168
42.486 1.01678
42.546 1.01675
42.606 1.01673
42.666 1.0167
42.726 1.01668
42.786 1.01666
42.846 1.01663
42.906 1.01661
42.966 1.01659
43.026 1.01656
43.086 1.01654
43.146 1.01651
43.206 1.01649
43.266 1.01647
43.326 1.01644
43.386 1.01642
43.446 1.0164
43.506 1.01637
43.566 1.01635
43.626 1.01633
43.686 1.01631
43.746 1.01628
43.806 1.01626
43.866 1.01624
43.926 1.01621
43.986 1.01619
44.046 1.01617
44.106 1.01615
44.166 1.01612
44.226 1.0161
44.286 1.01608
44.346 1.01606
44.406 1.01603
44.466 1.01601
44.526 1.01599
44.586 1.01597
44.646 1.01595
44.706 1.01592
44.766 1.0159
44.826 1.01588
44.886 1.01586
44.946 1.01584
45.006 1.01582
45.066 1.01579
45.126 1.01577
45.186 1.01575
45.246 1.01573
45.306 1.01571
45.366 1.01569
45.426 1.01567
45.486 1.01564
45.546 1.01562
45.606 1.0156
45.666 1.01558
45.726 1.01556
45.786 1.01554
45.846 1.01552
45.906 1.0155
45.966 1.01548
46.026 1.01546
46.086 1.01544
46.146 1.01542
46.206 1.0154
46.266 1.01537
46.326 1.01535
46.386 1.01533
46.446 1.01531
46.506 1.01529
46.566 1.01527
46.626 1.01525
46.686 1.01523
46.746 1.01521
46.806 1.01519
46.866 1.01517
46.926 1.01515
46.986 1.01513
47.046 1.01511
47.106 1.01509
47.166 1.01507
47.226 1.01506
47.286 1.01504
47.346 1.01502
47.406 1.015
47.466 1.01498
47.526 1.01496
47.586 1.01494
47.646 1.01492
47.706 1.0149
47.766 1.01488
47.826 1.01486
47.886 1.01484
47.946 1.01482
48.006 1.01481
48.066 1.01479
48.126 1.01477
48.186 1.01475
48.246 1.01473
48.306 1.01471
48.366 1.01469
48.426 1.01467
48.486 1.01466
48.546 1.01464
48.606 1.01462
48.666 1.0146
48.726 1.01458
48.786 1.01456
48.846 1.01454
48.906 1.01453
48.966 1.01451
49.026 1.01449
49.086 1.01447
49.146 1.01445
49.206 1.01444
49.266 1.01442
49.326 1.0144
49.386 1.01438
49.446 1.01436
49.506 1.01435
49.566 1.01433
49.626 1.01431
49.686 1.01429
49.746 1.01428
49.806 1.01426
49.866 1.01424
49.926 1.01422
49.986 1.01421
50.046 1.01419
50.106 1.01417
50.166 1.01415
50.226 1.01414
50.286 1.01412
50.346 1.0141
50.406 1.01409
50.466 1.01407
50.526 1.01405
50.586 1.01403
50.646 1.01402
50.706 1.014
50.766 1.01398
50.826 1.01397
50.886 1.01395
50.946 1.01393
51.006 1.01392
51.066 1.0139
51.126 1.01388
51.186 1.01387
51.246 1.01385
51.306 1.01383
51.366 1.01382
51.426 1.0138
51.486 1.01378
51.546 1.01377
51.606 1.01375
51.666 1.01373
51.726 1.01372
51.786 1.0137
51.846 1.01369
51.906 1.01367
51.966 1.01365
52.026 1.01364
52.086 1.01362
52.146 1.01361
52.206 1.01359
52.266 1.01357
52.326 1.01356
52.386 1.01354
52.446 1.01353
52.506 1.01351
52.566 1.01349
52.626 1.01348
52.686 1.01346
52.746 1.01345
52.806 1.01343
52.866 1.01342
52.926 1.0134
52.986 1.01339
53.046 1.01337
53.106 1.01335
53.166 1.01334
53.226 1.01332
53.286 1.01331
53.346 1.01329
53.406 1.01328
53.466 1.01326
53.526 1.01325
53.586 1.01323
53.646 1.01322
53.706 1.0132
53.766 1.01319
53.826 1.01317
53.886 1.01316
53.946 1.01314
54.006 1.01313
54.066 1.01311
54.126 1.0131
54.186 1.01308
54.246 1.01307
54.306 1.01305
54.366 1.01304
54.426 1.01302
54.486 1.01301
54.546 1.013
54.606 1.01298
54.666 1.01297
54.726 1.01295
54.786 1.01294
54.846 1.01292
54.906 1.01291
54.966 1.01289
55.026 1.01288
55.086 1.01287
55.146 1.01285
55.206 1.01284
55.266 1.01282
55.326 1.01281
55.386 1.01279
55.446 1.01278
55.506 1.01277
55.566 1.01275
55.626 1.01274
55.686 1.01272
55.746 1.01271
55.806 1.0127
55.866 1.01268
55.926 1.01267
55.986 1.01265
56.046 1.01264
56.106 1.01263
56.166 1.01261
56.226 1.0126
56.286 1.01259
56.346 1.01257
56.406 1.01256
56.466 1.01254
56.526 1.01253
56.586 1.01252
56.646 1.0125
56.706 1.01249
56.766 1.01248
56.826 1.01246
56.886 1.01245
56.946 1.01244
57.006 1.01242
57.066 1.01241
57.126 1.0124
57.186 1.01238
57.246 1.01237
57.306 1.01236
57.366 1.01234
57.426 1.01233
57.486 1.01232
57.546 1.01231
57.606 1.01229
57.666 1.01228
57.726 1.01227
57.786 1.01225
57.846 1.01224
57.906 1.01223
57.966 1.01221
58.026 1.0122
58.086 1.01219
58.146 1.01218
58.206 1.01216
58.266 1.01215
58.326 1.01214
58.386 1.01212
58.446 1.01211
58.506 1.0121
58.566 1.01209
58.626 1.01207
58.686 1.01206
58.746 1.01205
58.806 1.01204
58.866 1.01202
58.926 1.01201
58.986 1.012
59.046 1.01199
59.106 1.01197
59.166 1.01196
59.226 1.01195
59.286 1.01194
59.346 1.01193
59.406 1.01191
59.466 1.0119
59.526 1.01189
59.586 1.01188
59.646 1.01186
59.706 1.01185
59.766 1.01184
59.826 1.01183
59.886 1.01182
59.946 1.0118

