0.006 0.215768
0.066 0.219408
0.126 0.22903
0.186 0.244268
0.246 0.264522
0.306 0.288959
0.366 0.316572
0.426 0.346288
0.486 0.377074
0.546 0.408037
0.606 0.438466
0.666 0.467845
0.726 0.495844
0.786 0.522278
0.846 0.547065
0.906 0.570198
0.966 0.59172
1.026 0.611702
1.086 0.630237
1.146 0.647423
1.206 0.663361
1.266 0.67815
1.326 0.691884
1.386 0.704651
1.446 0.716534
1.506 0.727609
1.566 0.737944
1.626 0.747601
1.686 0.756639
1.746 0.765109
1.806 0.773058
1.866 0.780527
1.926 0.787556
1.986 0.79418
2.046 0.80043
2.106 0.806334
2.166 0.811918
2.226 0.817207
2.286 0.822222
2.346 0.826981
2.406 0.831504
2.466 0.835807
2.526 0.839904
2.586 0.843809
2.646 0.847535
2.706 0.851094
2.766 0.854495
2.826 0.857749
2.886 0.860865
2.946 0.863851
3.006 0.866714
3.066 0.869463
3.126 0.872103
3.186 0.87464
3.246 0.877081
3.306 0.87943
3.366 0.881693
3.426 0.883873
3.486 0.885976
3.546 0.888006
3.606 0.889965
3.666 0.891858
3.726 0.893687
3.786 0.895457
3.846 0.897169
3.906 0.898826
3.966 0.900432
4.026 0.901987
4.086 0.903495
4.146 0.904958
4.206 0.906378
4.266 0.907756
4.326 0.909094
4.386 0.910394
4.446 0.911658
4.506 0.912887
4.566 0.914082
4.626 0.915245
4.686 0.916377
4.746 0.91748
4.806 0.918553
4.866 0.9196
4.926 0.920619
4.986 0.921614
5.046 0.922584
5.106 0.92353
5.166 0.924453
5.226 0.925355
5.286 0.926235
5.346 0.927094
5.406 0.927934
5.466 0.928755
5.526 0.929557
5.586 0.930342
5.646 0.931109
5.706 0.93186
5.766 0.932594
5.826 0.933313
5.886 0.934016
5.946 0.934705
6.006 0.93538
6.066 0.936041
6.126 0.936688
6.186 0.937323
6.246 0.937945
6.306 0.938554
6.366 0.939152
6.426 0.939739
6.486 0.940314
6.546 0.940878
6.606 0.941432
6.666 0.941975
6.726 0.942509
6.786 0.943032
6.846 0.943547
6.906 0.944052
6.966 0.944548
7.026 0.945035
7.086 0.945514
7.146 0.945985
7.206 0.946447
7.266 0.946902
7.326 0.947349
7.386 0.947788
7.446 0.948221
7.506 0.948646
7.566 0.949064
7.626 0.949476
7.686 0.949881
7.746 0.950279
7.806 0.950671
7.866 0.951057
7.926 0.951437
7.986 0.951811
8.046 0.95218
8.106 0.952543
8.166 0.9529
8.226 0.953252
8.286 0.953599
8.346 0.953941
8.406 0.954277
8.466 0.954609
8.526 0.954936
8.586 0.955259
8.646 0.955576
8.706 0.95589
8.766 0.956199
8.826 0.956503
8.886 0.956804
8.946 0.9571
9.006 0.957392
9.066 0.95768
9.126 0.957965
9.186 0.958245
9.246 0.958522
9.306 0.958795
9.366 0.959065
9.426 0.959331
9.486 0.959593
9.546 0.959853
9.606 0.960109
9.666 0.960361
9.726 0.960611
9.786 0.960857
9.846 0.961101
9.906 0.961341
9.966 0.961578
10.026 0.961813
10.086 0.962045
10.146 0.962273
10.206 0.9625
10.266 0.962723
10.326 0.962944
10.386 0.963162
10.446 0.963378
10.506 0.963591
10.566 0.963801
10.626 0.96401
10.686 0.964215
10.746 0.964419
10.806 0.96462
10.866 0.964819
10.926 0.965016
10.986 0.96521
11.046 0.965403
11.106 0.965593
11.166 0.965781
11.226 0.965967
11.286 0.966151
11.346 0.966333
11.406 0.966513
11.466 0.966692
11.526 0.966868
11.586 0.967043
11.646 0.967215
11.706 0.967386
11.766 0.967555
11.826 0.967723
11.886 0.967888
11.946 0.968052
12.006 0.968214
12.066 0.968375
12.126 0.968534
12.186 0.968691
12.246 0.968847
12.306 0.969002
12.366 0.969154
12.426 0.969306
12.486 0.969456
12.546 0.969604
12.606 0.969751
12.666 0.969896
12.726 0.970041
12.786 0.970183
12.846 0.970325
12.906 0.970465
12.966 0.970603
13.026 0.970741
13.086 0.970877
13.146 0.971012
13.206 0.971146
13.266 0.971278
13.326 0.971409
13.386 0.971539
13.446 0.971668
13.506 0.971796
13.566 0.971922
13.626 0.972048
13.686 0.972172
13.746 0.972295
13.806 0.972417
13.866 0.972538
13.926 0.972658
13.986 0.972777
14.046 0.972895
14.106 0.973012
14.166 0.973128
14.226 0.973243
14.286 0.973357
14.346 0.97347
14.406 0.973582
14.466 0.973693
14.526 0.973803
14.586 0.973912
14.646 0.974021
14.706 0.974128
14.766 0.974234
14.826 0.97434
14.886 0.974445
14.946 0.974549
15.006 0.974652
15.066 0.974754
15.126 0.974856
15.186 0.974956
15.246 0.975056
15.306 0.975155
15.366 0.975253
15.426 0.975351
15.486 0.975447
15.546 0.975543
15.606 0.975639
15.666 0.975733
15.726 0.975827
15.786 0.97592
15.846 0.976012
15.906 0.976104
15.966 0.976195
16.026 0.976285
16.086 0.976374
16.146 0.976463
16.206 0.976551
16.266 0.976639
16.326 0.976726
16.386 0.976812
16.446 0.976898
16.506 0.976983
16.566 0.977067
16.626 0.977151
16.686 0.977234
16.746 0.977316
16.806 0.977398
16.866 0.97748
16.926 0.97756
16.986 0.97764
17.046 0.97772
17.106 0.977799
17.166 0.977878
17.226 0.977956
17.286 0.978033
17.346 0.97811
17.406 0.978186
17.466 0.978262
17.526 0.978337
17.586 0.978412
17.646 0.978486
17.706 0.97856
17.766 0.978633
17.826 0.978706
17.886 0.978778
17.946 0.978849
18.006 0.978921
18.066 0.978991
18.126 0.979062
18.186 0.979132
18.246 0.979201
18.306 0.97927
18.366 0.979338
18.426 0.979406
18.486 0.979474
18.546 0.979541
18.606 0.979608
18.666 0.979674
18.726 0.97974
18.786 0.979805
18.846 0.97987
18.906 0.979934
18.966 0.979999
19.026 0.980062
19.086 0.980126
19.146 0.980189
19.206 0.980251
19.266 0.980313
19.326 0.980375
19.386 0.980436
19.446 0.980497
19.506 0.980558
19.566 0.980618
19.626 0.980678
19.686 0.980737
19.746 0.980796
19.806 0.980855
19.866 0.980914
19.926 0.980972
19.986 0.981029
20.046 0.981087
20.106 0.981144
20.166 0.9812
20.226 0.981257
20.286 0.981312
20.346 0.981368
20.406 0.981423
20.466 0.981478
20.526 0.981533
20.586 0.981587
20.646 0.981641
20.706 0.981695
20.766 0.981748
20.826 0.981802
20.886 0.981854
20.946 0.981907
21.006 0.981959
21.066 0.982011
21.126 0.982062
21.186 0.982114
21.246 0.982165
21.306 0.982215
21.366 0.982266
21.426 0.982316
21.486 0.982366
21.546 0.982415
21.606 0.982464
21.666 0.982513
21.726 0.982562
21.786 0.982611
21.846 0.982659
21.906 0.982707
21.966 0.982754
22.026 0.982802
22.086 0.982849
22.146 0.982896
22.206 0.982942
22.266 0.982989
22.326 0.983035
22.386 0.983081
22.446 0.983126
22.506 0.983172
22.566 0.983217
22.626 0.983262
22.686 0.983306
22.746 0.983351
22.806 0.983395
22.866 0.983439
22.926 0.983482
22.986 0.983526
23.046 0.983569
23.106 0.983612
23.166 0.983655
23.226 0.983698
23.286 0.98374
23.346 0.983782
23.406 0.983824
23.466 0.983866
23.526 0.983907
23.586 0.983948
23.646 0.98399
23.706 0.98403
23.766 0.984071
23.826 0.984111
23.886 0.984152
23.946 0.984192
24.006 0.984232
24.066 0.984271
24.126 0.984311
24.186 0.98435
24.246 0.984389
24.306 0.984428
24.366 0.984466
24.426 0.984505
24.486 0.984543
24.546 0.984581
24.606 0.984619
24.666 0.984657
24.726 0.984694
24.786 0.984732
24.846 0.984769
24.906 0.984806
24.966 0.984843
25.026 0.984879
25.086 0.984916
25.146 0.984952
25.206 0.984988
25.266 0.985024
25.326 0.98506
25.386 0.985095
25.446 0.985131
25.506 0.985166
25.566 0.985201
25.626 0.985236
25.686 0.985271
25.746 0.985305
25.806 0.98534
25.866 0.985374
25.926 0.985408
25.986 0.985442
26.046 0.985476
26.106 0.985509
26.166 0.985543
26.226 0.985576
26.286 0.985609
26.346 0.985642
26.406 0.985675
26.466 0.985708
26.526 0.98574
26.586 0.985773
26.646 0.985805
26.706 0.985837
26.766 0.985869
26.826 0.985901
26.886 0.985933
26.946 0.985964
27.006 0.985996
27.066 0.986027
27.126 0.986058
27.186 0.986089
27.246 0.98612
27.306 0.986151
27.366 0.986181
27.426 0.986212
27.486 0.986242
27.546 0.986272
27.606 0.986302
27.666 0.986332
27.726 0.986362
27.786 0.986391
27.846 0.986421
27.906 0.98645
27.966 0.98648
28.026 0.986509
28.086 0.986538
28.146 0.986567
28.206 0.986596
28.266 0.986624
28.326 0.986653
28.386 0.986681
28.446 0.986709
28.506 0.986738
28.566 0.986766
28.626 0.986793
28.686 0.986821
28.746 0.986849
28.806 0.986877
28.866 0.986904
28.926 0.986931
28.986 0.986959
29.046 0.986986
29.106 0.987013
29.166 0.98704
29.226 0.987066
29.286 0.987093
29.346 0.98712
29.406 0.987146
29.466 0.987172
29.526 0.987199
29.586 0.987225
29.646 0.987251
29.706 0.987277
29.766 0.987303
29.826 0.987328
29.886 0.987354
29.946 0.987379
30.006 0.987405
30.066 0.98743
30.126 0.987455
30.186 0.98748
30.246 0.987505
30.306 0.98753
30.366 0.987555
30.426 0.98758
30.486 0.987604
30.546 0.987629
30.606 0.987653
30.666 0.987678
30.726 0.987702
30.786 0.987726
30.846 0.98775
30.906 0.987774
30.966 0.987798
31.026 0.987821
31.086 0.987845
31.146 0.987869
31.206 0.987892
31.266 0.987915
31.326 0.987939
31.386 0.987962
31.446 0.987985
31.506 0.988008
31.566 0.988031
31.626 0.988054
31.686 0.988077
31.746 0.988099
31.806 0.988122
31.866 0.988144
31.926 0.988167
31.986 0.988189
32.046 0.988211
32.106 0.988233
32.166 0.988256
32.226 0.988278
32.286 0.988299
32.346 0.988321
32.406 0.988343
32.466 0.988365
32.526 0.988386
32.586 0.988408
32.646 0.988429
32.706 0.988451
32.766 0.988472
32.826 0.988493
32.886 0.988514
32.946 0.988535
33.006 0.988556
33.066 0.988577
33.126 0.988598
33.186 0.988619
33.246 0.988639
33.306 0.98866
33.366 0.98868
33.426 0.988701
33.486 0.988721
33.546 0.988741
33.606 0.988762
33.666 0.988782
33.726 0.988802
33.786 0.988822
33.846 0.988842
33.906 0.988862
33.966 0.988881
34.026 0.988901
34.086 0.988921
34.146 0.98894
34.206 0.98896
34.266 0.988979
34.326 0.988999
34.386 0.989018
34.446 0.989037
34.506 0.989056
34.566 0.989076
34.626 0.989095
34.686 0.989114
34.746 0.989132
34.806 0.989151
34.866 0.98917
34.926 0.989189
34.986 0.989207
35.046 0.989226
35.106 0.989244
35.166 0.989263
35.226 0.989281
35.286 0.9893
35.346 0.989318
35.406 0.989336
35.466 0.989354
35.526 0.989372
35.586 0.98939
35.646 0.989408
35.706 0.989426
35.766 0.989444
35.826 0.989462
35.886 0.989479
35.946 0.989497
36.006 0.989515
36.066 0.989532
36.126 0.98955
36.186 0.989567
36.246 0.989585
36.306 0.989602
36.366 0.989619
36.426 0.989636
36.486 0.989653
36.546 0.98967
36.606 0.989687
36.666 0.989704
36.726 0.989721
36.786 0.989738
36.846 0.989755
36.906 0.989772
36.966 0.989788
37.026 0.989805
37.086 0.989822
37.146 0.989838
37.206 0.989855
37.266 0.989871
37.326 0.989887
37.386 0.989904
37.446 0.98992
37.506 0.989936
37.566 0.989952
37.626 0.989968
37.686 0.989985
37.746 0.990001
37.806 0.990016
37.866 0.990032
37.926 0.990048
37.986 0.990064
38.046 0.99008
38.106 0.990095
38.166 0.990111
38.226 0.990127
38.286 0.990142
38.346 0.990158
38.406 0.990173
38.466 0.990189
38.526 0.990204
38.586 0.990219
38.646 0.990235
38.706 0.99025
38.766 0.990265
38.826 0.99028
38.886 0.990295
38.946 0.99031
39.006 0.990325
39.066 0.99034
39.126 0.990355
39.186 0.99037
39.246 0.990385
39.306 0.990399
39.366 0.990414
39.426 0.990429
39.486 0.990443
39.546 0.990458
39.606 0.990472
39.666 0.990487
39.726 0.990501
39.786 0.990516
39.846 0.99053
39.906 0.990544
39.966 0.990559
40.026 0.990573
40.086 0.990587
40.146 0.990601
40.206 0.990615
40.266 0.990629
40.326 0.990643
40.386 0.990657
40.446 0.990671
40.506 0.990685
40.566 0.990699
40.626 0.990713
40.686 0.990726
40.746 0.99074
40.806 0.990754
40.866 0.990768
40.926 0.990781
40.986 0.990795
41.046 0.990808
41.106 0.990822
41.166 0.990835
41.226 0.990849
41.286 0.990862
41.346 0.990875
41.406 0.990888
41.466 0.990902
41.526 0.990915
41.586 0.990928
41.646 0.990941
41.706 0.990954
41.766 0.990967
41.826 0.99098
41.886 0.990993
41.946 0.991006
42.006 0.991019
42.066 0.991032
42.126 0.991045
42.186 0.991058
42.246 0.99107
42.306 0.991083
42.366 0.991096
42.426 0.991109
42.486 0.991121
42.546 0.991134
42.606 0.991146
42.666 0.991159
42.726 0.991171
42.786 0.991184
42.846 0.991196
42.906 0.991208
42.966 0.991221
43.026 0.991233
43.086 0.991245
43.146 0.991258
43.206 0.99127
43.266 0.991282
43.326 0.991294
43.386 0.991306
43.446 0.991318
43.506 0.99133
43.566 0.991342
43.626 0.991354
43.686 0.991366
43.746 0.991378
43.806 0.99139
43.866 0.991402
43.926 0.991413
43.986 0.991425
44.046 0.991437
44.106 0.991449
44.166 0.99146
44.226 0.991472
44.286 0.991484
44.346 0.991495
44.406 0.991507
44.466 0.991518
44.526 0.99153
44.586 0.991541
44.646 0.991553
44.706 0.991564
44.766 0.991575
44.826 0.991587
44.886 0.991598
44.946 0.991609
45.006 0.99162
45.066 0.991632
45.126 0.991643
45.186 0.991654
45.246 0.991665
45.306 0.991676
45.366 0.991687
45.426 0.991698
45.486 0.991709
45.546 0.99172
45.606 0.991731
45.666 0.991742
45.726 0.991753
45.786 0.991764
45.846 0.991775
45.906 0.991785
45.966 0.991796
46.026 0.991807
46.086 0.991818
46.146 0.991828
46.206 0.991839
46.266 0.99185
46.326 0.99186
46.386 0.991871
46.446 0.991881
46.506 0.991892
46.566 0.991902
46.626 0.991913
46.686 0.991923
46.746 0.991934
46.806 0.991944
46.866 0.991954
46.926 0.991965
46.986 0.991975
47.046 0.991985
47.106 0.991995
47.166 0.992006
47.226 0.992016
47.286 0.992026
47.346 0.992036
47.406 0.992046
47.466 0.992056
47.526 0.992066
47.586 0.992077
47.646 0.992087
47.706 0.992097
47.766 0.992106
47.826 0.992116
47.886 0.992126
47.946 0.992136
48.006 0.992146
48.066 0.992156
48.126 0.992166
48.186 0.992176
48.246 0.992185
48.306 0.992195
48.366 0.992205
48.426 0.992215
48.486 0.992224
48.546 0.992234
48.606 0.992243
48.666 0.992253
48.726 0.992263
48.786 0.992272
48.846 0.992282
48.906 0.992291
48.966 0.992301
49.026 0.99231
49.086 0.99232
49.146 0.992329
49.206 0.992338
49.266 0.992348
49.326 0.992357
49.386 0.992366
49.446 0.992376
49.506 0.992385
49.566 0.992394
49.626 0.992403
49.686 0.992413
49.746 0.992422
49.806 0.992431
49.866 0.99244
49.926 0.992449
49.986 0.992458
50.046 0.992467
50.106 0.992477
50.166 0.992486
50.226 0.992495
50.286 0.992504
50.346 0.992513
50.406 0.992521
50.466 0.99253
50.526 0.992539
50.586 0.992548
50.646 0.992557
50.706 0.992566
50.766 0.992575
50.826 0.992584
50.886 0.992592
50.946 0.992601
51.006 0.99261
51.066 0.992618
51.126 0.992627
51.186 0.992636
51.246 0.992645
51.306 0.992653
51.366 0.992662
51.426 0.99267
51.486 0.992679
51.546 0.992687
51.606 0.992696
51.666 0.992705
51.726 0.992713
51.786 0.992721
51.846 0.99273
51.906 0.992738
51.966 0.992747
52.026 0.992755
52.086 0.992764
52.146 0.992772
52.206 0.99278
52.266 0.992789
52.326 0.992797
52.386 0.992805
52.446 0.992813
52.506 0.992822
52.566 0.99283
52.626 0.992838
52.686 0.992846
52.746 0.992854
52.806 0.992863
52.866 0.992871
52.926 0.992879
52.986 0.992887
53.046 0.992895
53.106 0.992903
53.166 0.992911
53.226 0.992919
53.286 0.992927
53.346 0.992935
53.406 0.992943
53.466 0.992951
53.526 0.992959
53.586 0.992967
53.646 0.992975
53.706 0.992983
53.766 0.99299
53.826 0.992998
53.886 0.993006
53.946 0.993014
54.006 0.993022
54.066 0.99303
54.126 0.993037
54.186 0.993045
54.246 0.993053
54.306 0.99306
54.366 0.993068
54.426 0.993076
54.486 0.993083
54.546 0.993091
54.606 0.993099
54.666 0.993106
54.726 0.993114
54.786 0.993121
54.846 0.993129
54.906 0.993137
54.966 0.993144
55.026 0.993152
55.086 0.993159
55.146 0.993166
55.206 0.993174
55.266 0.993181
55.326 0.993189
55.386 0.993196
55.446 0.993204
55.506 0.993211
55.566 0.993218
55.626 0.993226
55.686 0.993233
55.746 0.99324
55.806 0.993248
55.866 0.993255
55.926 0.993262
55.986 0.993269
56.046 0.993277
56.106 0.993284
56.166 0.993291
56.226 0.993298
56.286 0.993305
56.346 0.993313
56.406 0.99332
56.466 0.993327
56.526 0.993334
56.586 0.993341
56.646 0.993348
56.706 0.993355
56.766 0.993362
56.826 0.993369
56.886 0.993376
56.946 0.993383
57.006 0.99339
57.066 0.993397
57.126 0.993404
57.186 0.993411
57.246 0.993418
57.306 0.993425
57.366 0.993432
57.426 0.993439
57.486 0.993446
57.546 0.993452
57.606 0.993459
57.666 0.993466
57.726 0.993473
57.786 0.99348
57.846 0.993486
57.906 0.993493
57.966 0.9935
58.026 0.993507
58.086 0.993513
58.146 0.99352
58.206 0.993527
58.266 0.993534
58.326 0.99354
58.386 0.993547
58.446 0.993554
58.506 0.99356
58.566 0.993567
58.626 0.993573
58.686 0.99358
58.746 0.993587
58.806 0.993593
58.866 0.9936
58.926 0.993606
58.986 0.993613
59.046 0.993619
59.106 0.993626
59.166 0.993632
59.226 0.993639
59.286 0.993645
59.346 0.993652
59.406 0.993658
59.466 0.993665
59.526 0.993671
59.586 0.993677
59.646 0.993684
59.706 0.99369
59.766 0.993696
59.826 0.993703
59.886 0.993709
59.946 0.993715

