0.006 0.303879
0.066 0.303971
0.126 0.304217
0.186 0.304618
0.246 0.305172
0.306 0.30588
0.366 0.30674
0.426 0.307753
0.486 0.308917
0.546 0.310233
0.606 0.311698
0.666 0.313313
0.726 0.315076
0.786 0.316985
0.846 0.31904
0.906 0.32124
0.966 0.323583
1.026 0.326067
1.086 0.328692
1.146 0.331455
1.206 0.334354
1.266 0.337388
1.326 0.340556
1.386 0.343854
1.446 0.347281
1.506 0.350835
1.566 0.354513
1.626 0.358314
1.686 0.362235
1.746 0.366273
1.806 0.370426
1.866 0.37469
1.926 0.379065
1.986 0.383546
2.046 0.38813
2.106 0.392815
2.166 0.397597
2.226 0.402473
2.286 0.407439
2.346 0.412493
2.406 0.417629
2.466 0.422846
2.526 0.428138
2.586 0.433501
2.646 0.438932
2.706 0.444427
2.766 0.44998
2.826 0.455588
2.886 0.461246
2.946 0.46695
3.006 0.472694
3.066 0.478475
3.126 0.484286
3.186 0.490124
3.246 0.495984
3.306 0.50186
3.366 0.507749
3.426 0.513644
3.486 0.519541
3.546 0.525436
3.606 0.531323
3.666 0.537198
3.726 0.543056
3.786 0.548894
3.846 0.554706
3.906 0.560488
3.966 0.566236
4.026 0.571946
4.086 0.577615
4.146 0.583238
4.206 0.588812
4.266 0.594334
4.326 0.599801
4.386 0.605209
4.446 0.610556
4.506 0.61584
4.566 0.621057
4.626 0.626206
4.686 0.631284
4.746 0.63629
4.806 0.641222
4.866 0.646079
4.926 0.650859
4.986 0.655561
5.046 0.660184
5.106 0.664727
5.166 0.66919
5.226 0.673572
5.286 0.677872
5.346 0.68209
5.406 0.686227
5.466 0.690282
5.526 0.694254
5.586 0.698145
5.646 0.701955
5.706 0.705684
5.766 0.709332
5.826 0.7129
5.886 0.716388
5.946 0.719797
6.006 0.723129
6.066 0.726383
6.126 0.72956
6.186 0.732663
6.246 0.735693
6.306 0.738654
6.366 0.741547
6.426 0.744376
6.486 0.747141
6.546 0.749846
6.606 0.752493
6.666 0.755082
6.726 0.757617
6.786 0.760099
6.846 0.76253
6.906 0.76491
6.966 0.767243
7.026 0.769529
7.086 0.771769
7.146 0.773966
7.206 0.776119
7.266 0.778232
7.326 0.780304
7.386 0.782337
7.446 0.784333
7.506 0.786291
7.566 0.788214
7.626 0.790102
7.686 0.791956
7.746 0.793777
7.806 0.795566
7.866 0.797324
7.926 0.799051
7.986 0.800749
8.046 0.802418
8.106 0.804059
8.166 0.805672
8.226 0.807259
8.286 0.80882
8.346 0.810355
8.406 0.811866
8.466 0.813352
8.526 0.814815
8.586 0.816255
8.646 0.817673
8.706 0.819068
8.766 0.820442
8.826 0.821795
8.886 0.823128
8.946 0.824441
9.006 0.825734
9.066 0.827008
9.126 0.828263
9.186 0.8295
9.246 0.830719
9.306 0.831921
9.366 0.833106
9.426 0.834274
9.486 0.835425
9.546 0.836561
9.606 0.837681
9.666 0.838785
9.726 0.839875
9.786 0.840949
9.846 0.842009
9.906 0.843055
9.966 0.844088
10.026 0.845106
10.086 0.846112
10.146 0.847104
10.206 0.848083
10.266 0.84905
10.326 0.850005
10.386 0.850947
10.446 0.851878
10.506 0.852797
10.566 0.853704
10.626 0.854601
10.686 0.855486
10.746 0.856361
10.806 0.857225
10.866 0.858078
10.926 0.858922
10.986 0.859755
11.046 0.860578
11.106 0.861392
11.166 0.862197
11.226 0.862992
11.286 0.863778
11.346 0.864554
11.406 0.865322
11.466 0.866082
11.526 0.866832
11.586 0.867575
11.646 0.868309
11.706 0.869034
11.766 0.869752
11.826 0.870462
11.886 0.871165
11.946 0.871859
12.006 0.872546
12.066 0.873226
12.126 0.873899
12.186 0.874564
12.246 0.875223
12.306 0.875874
12.366 0.876519
12.426 0.877157
12.486 0.877788
12.546 0.878413
12.606 0.879032
12.666 0.879644
12.726 0.88025
12.786 0.88085
12.846 0.881444
12.906 0.882032
12.966 0.882614
13.026 0.883191
13.086 0.883761
13.146 0.884327
13.206 0.884886
13.266 0.885441
13.326 0.88599
13.386 0.886534
13.446 0.887072
13.506 0.887606
13.566 0.888134
13.626 0.888657
13.686 0.889176
13.746 0.88969
13.806 0.890199
13.866 0.890703
13.926 0.891203
13.986 0.891698
14.046 0.892188
14.106 0.892674
14.166 0.893156
14.226 0.893634
14.286 0.894107
14.346 0.894576
14.406 0.895041
14.466 0.895501
14.526 0.895958
14.586 0.896411
14.646 0.89686
14.706 0.897305
14.766 0.897746
14.826 0.898183
14.886 0.898616
14.946 0.899046
15.006 0.899472
15.066 0.899895
15.126 0.900314
15.186 0.90073
15.246 0.901142
15.306 0.901551
15.366 0.901956
15.426 0.902358
15.486 0.902757
15.546 0.903152
15.606 0.903544
15.666 0.903933
15.726 0.904319
15.786 0.904702
15.846 0.905082
15.906 0.905459
15.966 0.905832
16.026 0.906203
16.086 0.906571
16.146 0.906936
16.206 0.907298
16.266 0.907657
16.326 0.908014
16.386 0.908368
16.446 0.908719
16.506 0.909067
16.566 0.909413
16.626 0.909756
16.686 0.910097
16.746 0.910435
16.806 0.91077
16.866 0.911103
16.926 0.911434
16.986 0.911762
17.046 0.912087
17.106 0.91241
17.166 0.912731
17.226 0.913049
17.286 0.913366
17.346 0.913679
17.406 0.913991
17.466 0.9143
17.526 0.914607
17.586 0.914912
17.646 0.915215
17.706 0.915516
17.766 0.915814
17.826 0.91611
17.886 0.916405
17.946 0.916697
18.006 0.916987
18.066 0.917275
18.126 0.917561
18.186 0.917845
18.246 0.918128
18.306 0.918408
18.366 0.918686
18.426 0.918963
18.486 0.919237
18.546 0.91951
18.606 0.919781
18.666 0.92005
18.726 0.920317
18.786 0.920583
18.846 0.920846
18.906 0.921108
18.966 0.921369
19.026 0.921627
19.086 0.921884
19.146 0.922139
19.206 0.922392
19.266 0.922644
19.326 0.922894
19.386 0.923143
19.446 0.92339
19.506 0.923635
19.566 0.923879
19.626 0.924122
19.686 0.924362
19.746 0.924601
19.806 0.924839
19.866 0.925075
19.926 0.92531
19.986 0.925543
20.046 0.925775
20.106 0.926005
20.166 0.926234
20.226 0.926462
20.286 0.926688
20.346 0.926913
20.406 0.927136
20.466 0.927358
20.526 0.927579
20.586 0.927798
20.646 0.928016
20.706 0.928233
20.766 0.928448
20.826 0.928662
20.886 0.928875
20.946 0.929086
21.006 0.929297
21.066 0.929506
21.126 0.929713
21.186 0.92992
21.246 0.930125
21.306 0.930329
21.366 0.930532
21.426 0.930734
21.486 0.930935
21.546 0.931134
21.606 0.931332
21.666 0.93153
21.726 0.931726
21.786 0.931921
21.846 0.932114
21.906 0.932307
21.966 0.932499
22.026 0.932689
22.086 0.932879
22.146 0.933067
22.206 0.933254
22.266 0.933441
22.326 0.933626
22.386 0.93381
22.446 0.933993
22.506 0.934175
22.566 0.934356
22.626 0.934537
22.686 0.934716
22.746 0.934894
22.806 0.935071
22.866 0.935248
22.926 0.935423
22.986 0.935597
23.046 0.935771
23.106 0.935943
23.166 0.936115
23.226 0.936285
23.286 0.936455
23.346 0.936624
23.406 0.936792
23.466 0.936959
23.526 0.937125
23.586 0.93729
23.646 0.937455
23.706 0.937618
23.766 0.937781
23.826 0.937943
23.886 0.938104
23.946 0.938264
24.006 0.938424
24.066 0.938582
24.126 0.93874
24.186 0.938897
24.246 0.939053
24.306 0.939208
24.366 0.939363
24.426 0.939516
24.486 0.939669
24.546 0.939822
24.606 0.939973
24.666 0.940124
24.726 0.940274
24.786 0.940423
24.846 0.940571
24.906 0.940719
24.966 0.940866
25.026 0.941012
25.086 0.941158
25.146 0.941302
25.206 0.941446
25.266 0.94159
25.326 0.941732
25.386 0.941874
25.446 0.942016
25.506 0.942156
25.566 0.942296
25.626 0.942435
25.686 0.942574
25.746 0.942712
25.806 0.942849
25.866 0.942986
25.926 0.943122
25.986 0.943257
26.046 0.943392
26.106 0.943526
26.166 0.943659
26.226 0.943792
26.286 0.943924
26.346 0.944055
26.406 0.944186
26.466 0.944316
26.526 0.944446
26.586 0.944575
26.646 0.944704
26.706 0.944831
26.766 0.944959
26.826 0.945085
26.886 0.945211
26.946 0.945337
27.006 0.945462
27.066 0.945586
27.126 0.94571
27.186 0.945833
27.246 0.945956
27.306 0.946078
27.366 0.9462
27.426 0.946321
27.486 0.946441
27.546 0.946561
27.606 0.946681
27.666 0.9468
27.726 0.946918
27.786 0.947036
27.846 0.947153
27.906 0.94727
27.966 0.947386
28.026 0.947502
28.086 0.947617
28.146 0.947732
28.206 0.947846
28.266 0.94796
28.326 0.948073
28.386 0.948186
28.446 0.948298
28.506 0.94841
28.566 0.948521
28.626 0.948632
28.686 0.948742
28.746 0.948852
28.806 0.948962
28.866 0.949071
28.926 0.949179
28.986 0.949287
29.046 0.949395
29.106 0.949502
29.166 0.949608
29.226 0.949715
29.286 0.94982
29.346 0.949926
29.406 0.95003
29.466 0.950135
29.526 0.950239
29.586 0.950342
29.646 0.950446
29.706 0.950548
29.766 0.95065
29.826 0.950752
29.886 0.950854
29.946 0.950955
30.006 0.951055
30.066 0.951156
30.126 0.951255
30.186 0.951355
30.246 0.951454
30.306 0.951552
30.366 0.95165
30.426 0.951748
30.486 0.951845
30.546 0.951942
30.606 0.952039
30.666 0.952135
30.726 0.952231
30.786 0.952326
30.846 0.952422
30.906 0.952516
30.966 0.95261
31.026 0.952704
31.086 0.952798
31.146 0.952891
31.206 0.952984
31.266 0.953076
31.326 0.953168
31.386 0.95326
31.446 0.953352
31.506 0.953443
31.566 0.953533
31.626 0.953624
31.686 0.953713
31.746 0.953803
31.806 0.953892
31.866 0.953981
31.926 0.95407
31.986 0.954158
32.046 0.954246
32.106 0.954333
32.166 0.954421
32.226 0.954508
32.286 0.954594
32.346 0.95468
32.406 0.954766
32.466 0.954852
32.526 0.954937
32.586 0.955022
32.646 0.955107
32.706 0.955191
32.766 0.955275
32.826 0.955359
32.886 0.955442
32.946 0.955525
33.006 0.955608
33.066 0.95569
33.126 0.955772
33.186 0.955854
33.246 0.955935
33.306 0.956017
33.366 0.956098
33.426 0.956178
33.486 0.956259
33.546 0.956339
33.606 0.956418
33.666 0.956498
33.726 0.956577
33.786 0.956656
33.846 0.956734
33.906 0.956813
33.966 0.956891
34.026 0.956968
34.086 0.957046
34.146 0.957123
34.206 0.9572
34.266 0.957276
34.326 0.957353
34.386 0.957429
34.446 0.957505
34.506 0.95758
34.566 0.957655
34.626 0.95773
34.686 0.957805
34.746 0.95788
34.806 0.957954
34.866 0.958028
34.926 0.958101
34.986 0.958175
35.046 0.958248
35.106 0.958321
35.166 0.958394
35.226 0.958466
35.286 0.958538
35.346 0.95861
35.406 0.958682
35.466 0.958753
35.526 0.958824
35.586 0.958895
35.646 0.958966
35.706 0.959036
35.766 0.959106
35.826 0.959176
35.886 0.959246
35.946 0.959316
36.006 0.959385
36.066 0.959454
36.126 0.959523
36.186 0.959591
36.246 0.959659
36.306 0.959727
36.366 0.959795
36.426 0.959863
36.486 0.95993
36.546 0.959997
36.606 0.960064
36.666 0.960131
36.726 0.960198
36.786 0.960264
36.846 0.96033
36.906 0.960396
36.966 0.960461
37.026 0.960527
37.086 0.960592
37.146 0.960657
37.206 0.960722
37.266 0.960786
37.326 0.96085
37.386 0.960915
37.446 0.960978
37.506 0.961042
37.566 0.961106
37.626 0.961169
37.686 0.961232
37.746 0.961295
37.806 0.961357
37.866 0.96142
37.926 0.961482
37.986 0.961544
38.046 0.961606
38.106 0.961668
38.166 0.961729
38.226 0.96179
38.286 0.961852
38.346 0.961912
38.406 0.961973
38.466 0.962034
38.526 0.962094
38.586 0.962154
38.646 0.962214
38.706 0.962274
38.766 0.962333
38.826 0.962393
38.886 0.962452
38.946 0.962511
39.006 0.962569
39.066 0.962628
39.126 0.962686
39.186 0.962745
39.246 0.962803
39.306 0.962861
39.366 0.962918
39.426 0.962976
39.486 0.963033
39.546 0.96309
39.606 0.963147
39.666 0.963204
39.726 0.963261
39.786 0.963317
39.846 0.963374
39.906 0.96343
39.966 0.963486
40.026 0.963541
40.086 0.963597
40.146 0.963652
40.206 0.963708
40.266 0.963763
40.326 0.963818
40.386 0.963872
40.446 0.963927
40.506 0.963981
40.566 0.964036
40.626 0.96409
40.686 0.964144
40.746 0.964198
40.806 0.964251
40.866 0.964305
40.926 0.964358
40.986 0.964411
41.046 0.964464
41.106 0.964517
41.166 0.96457
41.226 0.964622
41.286 0.964674
41.346 0.964727
41.406 0.964779
41.466 0.964831
41.526 0.964882
41.586 0.964934
41.646 0.964985
41.706 0.965037
41.766 0.965088
41.826 0.965139
41.886 0.96519
41.946 0.96524
42.006 0.965291
42.066 0.965341
42.126 0.965391
42.186 0.965442
42.246 0.965491
42.306 0.965541
42.366 0.965591
42.426 0.965641
42.486 0.96569
42.546 0.965739
42.606 0.965788
42.666 0.965837
42.726 0.965886
42.786 0.965935
42.846 0.965983
42.906 0.966032
42.966 0.96608
43.026 0.966128
43.086 0.966176
43.146 0.966224
43.206 0.966272
43.266 0.966319
43.326 0.966367
43.386 0.966414
43.446 0.966461
43.506 0.966508
43.566 0.966555
43.626 0.966602
43.686 0.966649
43.746 0.966695
43.806 0.966742
43.866 0.966788
43.926 0.966834
43.986 0.96688
44.046 0.966926
44.106 0.966972
44.166 0.967017
44.226 0.967063
44.286 0.967108
44.346 0.967153
44.406 0.967199
44.466 0.967244
44.526 0.967288
44.586 0.967333
44.646 0.967378
44.706 0.967422
44.766 0.967467
44.826 0.967511
44.886 0.967555
44.946 0.967599
45.006 0.967643
45.066 0.967687
45.126 0.967731
45.186 0.967774
45.246 0.967818
45.306 0.967861
45.366 0.967904
45.426 0.967947
45.486 0.96799
45.546 0.968033
45.606 0.968076
45.666 0.968119
45.726 0.968161
45.786 0.968203
45.846 0.968246
45.906 0.968288
45.966 0.96833
46.026 0.968372
46.086 0.968414
46.146 0.968456
46.206 0.968497
46.266 0.968539
46.326 0.96858
46.386 0.968621
46.446 0.968663
46.506 0.968704
46.566 0.968745
46.626 0.968786
46.686 0.968826
46.746 0.968867
46.806 0.968907
46.866 0.968948
46.926 0.968988
46.986 0.969028
47.046 0.969069
47.106 0.969109
47.166 0.969149
47.226 0.969188
47.286 0.969228
47.346 0.969268
47.406 0.969307
47.466 0.969347
47.526 0.969386
47.586 0.969425
47.646 0.969464
47.706 0.969503
47.766 0.969542
47.826 0.969581
47.886 0.96962
47.946 0.969658
48.006 0.969697
48.066 0.969735
48.126 0.969774
48.186 0.969812
48.246 0.96985
48.306 0.969888
48.366 0.969926
48.426 0.969964
48.486 0.970001
48.546 0.970039
48.606 0.970077
48.666 0.970114
48.726 0.970151
48.786 0.970189
48.846 0.970226
48.906 0.970263
48.966 0.9703
49.026 0.970337
49.086 0.970374
49.146 0.97041
49.206 0.970447
49.266 0.970484
49.326 0.97052
49.386 0.970556
49.446 0.970593
49.506 0.970629
49.566 0.970665
49.626 0.970701
49.686 0.970737
49.746 0.970773
49.806 0.970808
49.866 0.970844
49.926 0.97088
49.986 0.970915
50.046 0.970951
50.106 0.970986
50.166 0.971021
50.226 0.971056
50.286 0.971091
50.346 0.971126
50.406 0.971161
50.466 0.971196
50.526 0.971231
50.586 0.971265
50.646 0.9713
50.706 0.971334
50.766 0.971369
50.826 0.971403
50.886 0.971437
50.946 0.971471
51.006 0.971505
51.066 0.971539
51.126 0.971573
51.186 0.971607
51.246 0.971641
51.306 0.971674
51.366 0.971708
51.426 0.971741
51.486 0.971775
51.546 0.971808
51.606 0.971841
51.666 0.971875
51.726 0.971908
51.786 0.971941
51.846 0.971974
51.906 0.972007
51.966 0.972039
52.026 0.972072
52.086 0.972105
52.146 0.972137
52.206 0.97217
52.266 0.972202
52.326 0.972234
52.386 0.972267
52.446 0.972299
52.506 0.972331
52.566 0.972363
52.626 0.972395
52.686 0.972427
52.746 0.972459
52.806 0.97249
52.866 0.972522
52.926 0.972554
52.986 0.972585
53.046 0.972617
53.106 0.972648
53.166 0.972679
53.226 0.97271
53.286 0.972742
53.346 0.972773
53.406 0.972804
53.466 0.972835
53.526 0.972866
53.586 0.972896
53.646 0.972927
53.706 0.972958
53.766 0.972988
53.826 0.973019
53.886 0.973049
53.946 0.97308
54.006 0.97311
54.066 0.97314
54.126 0.973171
54.186 0.973201
54.246 0.973231
54.306 0.973261
54.366 0.973291
54.426 0.97332
54.486 0.97335
54.546 0.97338
54.606 0.97341
54.666 0.973439
54.726 0.973469
54.786 0.973498
54.846 0.973528
54.906 0.973557
54.966 0.973586
55.026 0.973615
55.086 0.973644
55.146 0.973673
55.206 0.973702
55.266 0.973731
55.326 0.97376
55.386 0.973789
55.446 0.973818
55.506 0.973847
55.566 0.973875
55.626 0.973904
55.686 0.973932
55.746 0.973961
55.806 0.973989
55.866 0.974017
55.926 0.974046
55.986 0.974074
56.046 0.974102
56.106 0.97413
56.166 0.974158
56.226 0.974186
56.286 0.974214
56.346 0.974242
56.406 0.974269
56.466 0.974297
56.526 0.974325
56.586 0.974352
56.646 0.97438
56.706 0.974407
56.766 0.974435
56.826 0.974462
56.886 0.974489
56.946 0.974517
57.006 0.974544
57.066 0.974571
57.126 0.974598
57.186 0.974625
57.246 0.974652
57.306 0.974679
57.366 0.974706
57.426 0.974732
57.486 0.974759
57.546 0.974786
57.606 0.974812
57.666 0.974839
57.726 0.974865
57.786 0.974892
57.846 0.974918
57.906 0.974944
57.966 0.974971
58.026 0.974997
58.086 0.975023
58.146 0.975049
58.206 0.975075
58.266 0.975101
58.326 0.975127
58.386 0.975153
58.446 0.975179
58.506 0.975205
58.566 0.97523
58.626 0.975256
58.686 0.975282
58.746 0.975307
58.806 0.975333
58.866 0.975358
58.926 0.975384
58.986 0.975409
59.046 0.975434
59.106 0.97546
59.166 0.975485
59.226 0.97551
59.286 0.975535
59.346 0.97556
59.406 0.975585
59.466 0.97561
59.526 0.975635
59.586 0.97566
59.646 0.975684
59.706 0.975709
59.766 0.975734
59.826 0.975759
59.886 0.975783
59.946 0.975808

