0.006 0.81579
0.066 0.81581
0.126 0.815865
0.186 0.815953
0.246 0.816075
0.306 0.816231
0.366 0.81642
0.426 0.816643
0.486 0.8169
0.546 0.817189
0.606 0.817511
0.666 0.817865
0.726 0.818252
0.786 0.818671
0.846 0.819121
0.906 0.819602
0.966 0.820114
1.026 0.820656
1.086 0.821228
1.146 0.821829
1.206 0.822459
1.266 0.823118
1.326 0.823804
1.386 0.824517
1.446 0.825257
1.506 0.826023
1.566 0.826814
1.626 0.82763
1.686 0.828469
1.746 0.829333
1.806 0.830218
1.866 0.831126
1.926 0.832055
1.986 0.833004
2.046 0.833973
2.106 0.83496
2.166 0.835966
2.226 0.836989
2.286 0.838029
2.346 0.839085
2.406 0.840155
2.466 0.84124
2.526 0.842338
2.586 0.843449
2.646 0.844572
2.706 0.845705
2.766 0.846849
2.826 0.848002
2.886 0.849164
2.946 0.850334
3.006 0.85151
3.066 0.852693
3.126 0.853881
3.186 0.855075
3.246 0.856272
3.306 0.857472
3.366 0.858675
3.426 0.85988
3.486 0.861086
3.546 0.862292
3.606 0.863498
3.666 0.864703
3.726 0.865907
3.786 0.867109
3.846 0.868308
3.906 0.869503
3.966 0.870695
4.026 0.871882
4.086 0.873064
4.146 0.87424
4.206 0.875411
4.266 0.876575
4.326 0.877732
4.386 0.878881
4.446 0.880023
4.506 0.881156
4.566 0.88228
4.626 0.883396
4.686 0.884502
4.746 0.885598
4.806 0.886684
4.866 0.88776
4.926 0.888824
4.986 0.889878
5.046 0.890921
5.106 0.891952
5.166 0.892971
5.226 0.893978
5.286 0.894973
5.346 0.895956
5.406 0.896926
5.466 0.897884
5.526 0.898828
5.586 0.89976
5.646 0.900679
5.706 0.901585
5.766 0.902479
5.826 0.903361
5.886 0.904231
5.946 0.905088
6.006 0.905934
6.066 0.906768
6.126 0.907591
6.186 0.908402
6.246 0.909202
6.306 0.909991
6.366 0.910768
6.426 0.911536
6.486 0.912292
6.546 0.913038
6.606 0.913774
6.666 0.914499
6.726 0.915214
6.786 0.91592
6.846 0.916616
6.906 0.917302
6.966 0.917978
7.026 0.918646
7.086 0.919304
7.146 0.919953
7.206 0.920593
7.266 0.921224
7.326 0.921847
7.386 0.922461
7.446 0.923067
7.506 0.923665
7.566 0.924255
7.626 0.924836
7.686 0.92541
7.746 0.925976
7.806 0.926534
7.866 0.927085
7.926 0.927629
7.986 0.928165
8.046 0.928694
8.106 0.929217
8.166 0.929732
8.226 0.93024
8.286 0.930742
8.346 0.931238
8.406 0.931726
8.466 0.932209
8.526 0.932685
8.586 0.933155
8.646 0.93362
8.706 0.934078
8.766 0.93453
8.826 0.934977
8.886 0.935418
8.946 0.935853
9.006 0.936283
9.066 0.936707
9.126 0.937127
9.186 0.937541
9.246 0.93795
9.306 0.938354
9.366 0.938753
9.426 0.939147
9.486 0.939536
9.546 0.939921
9.606 0.940301
9.666 0.940676
9.726 0.941047
9.786 0.941414
9.846 0.941776
9.906 0.942134
9.966 0.942487
10.026 0.942837
10.086 0.943182
10.146 0.943524
10.206 0.943861
10.266 0.944195
10.326 0.944525
10.386 0.944851
10.446 0.945174
10.506 0.945492
10.566 0.945808
10.626 0.946119
10.686 0.946427
10.746 0.946732
10.806 0.947034
10.866 0.947332
10.926 0.947627
10.986 0.947918
11.046 0.948207
11.106 0.948492
11.166 0.948775
11.226 0.949054
11.286 0.94933
11.346 0.949604
11.406 0.949874
11.466 0.950142
11.526 0.950407
11.586 0.950669
11.646 0.950928
11.706 0.951185
11.766 0.951439
11.826 0.951691
11.886 0.95194
11.946 0.952186
12.006 0.95243
12.066 0.952672
12.126 0.952911
12.186 0.953147
12.246 0.953382
12.306 0.953614
12.366 0.953844
12.426 0.954071
12.486 0.954297
12.546 0.95452
12.606 0.954741
12.666 0.95496
12.726 0.955177
12.786 0.955391
12.846 0.955604
12.906 0.955815
12.966 0.956024
13.026 0.95623
13.086 0.956435
13.146 0.956638
13.206 0.956839
13.266 0.957039
13.326 0.957236
13.386 0.957432
13.446 0.957626
13.506 0.957818
13.566 0.958008
13.626 0.958197
13.686 0.958384
13.746 0.958569
13.806 0.958753
13.866 0.958935
13.926 0.959116
13.986 0.959295
14.046 0.959472
14.106 0.959648
14.166 0.959822
14.226 0.959995
14.286 0.960166
14.346 0.960336
14.406 0.960505
14.466 0.960672
14.526 0.960838
14.586 0.961002
14.646 0.961165
14.706 0.961326
14.766 0.961486
14.826 0.961645
14.886 0.961803
14.946 0.961959
15.006 0.962114
15.066 0.962268
15.126 0.962421
15.186 0.962572
15.246 0.962722
15.306 0.962871
15.366 0.963019
15.426 0.963165
15.486 0.96331
15.546 0.963455
15.606 0.963598
15.666 0.96374
15.726 0.963881
15.786 0.964021
15.846 0.964159
15.906 0.964297
15.966 0.964434
16.026 0.964569
16.086 0.964704
16.146 0.964837
16.206 0.96497
16.266 0.965101
16.326 0.965232
16.386 0.965361
16.446 0.96549
16.506 0.965618
16.566 0.965744
16.626 0.96587
16.686 0.965995
16.746 0.966119
16.806 0.966242
16.866 0.966364
16.926 0.966486
16.986 0.966606
17.046 0.966726
17.106 0.966844
17.166 0.966962
17.226 0.967079
17.286 0.967195
17.346 0.967311
17.406 0.967425
17.466 0.967539
17.526 0.967652
17.586 0.967764
17.646 0.967876
17.706 0.967986
17.766 0.968096
17.826 0.968205
17.886 0.968314
17.946 0.968421
18.006 0.968528
18.066 0.968635
18.126 0.96874
18.186 0.968845
18.246 0.968949
18.306 0.969052
18.366 0.969155
18.426 0.969257
18.486 0.969358
18.546 0.969459
18.606 0.969559
18.666 0.969659
18.726 0.969757
18.786 0.969855
18.846 0.969953
18.906 0.97005
18.966 0.970146
19.026 0.970241
19.086 0.970336
19.146 0.970431
19.206 0.970525
19.266 0.970618
19.326 0.97071
19.386 0.970802
19.446 0.970894
19.506 0.970985
19.566 0.971075
19.626 0.971165
19.686 0.971254
19.746 0.971343
19.806 0.971431
19.866 0.971518
19.926 0.971605
19.986 0.971692
20.046 0.971778
20.106 0.971863
20.166 0.971948
20.226 0.972032
20.286 0.972116
20.346 0.9722
20.406 0.972283
20.466 0.972365
20.526 0.972447
20.586 0.972528
20.646 0.972609
20.706 0.97269
20.766 0.97277
20.826 0.972849
20.886 0.972929
20.946 0.973007
21.006 0.973085
21.066 0.973163
21.126 0.97324
21.186 0.973317
21.246 0.973394
21.306 0.973469
21.366 0.973545
21.426 0.97362
21.486 0.973695
21.546 0.973769
21.606 0.973843
21.666 0.973916
21.726 0.973989
21.786 0.974062
21.846 0.974134
21.906 0.974206
21.966 0.974277
22.026 0.974348
22.086 0.974419
22.146 0.974489
22.206 0.974559
22.266 0.974628
22.326 0.974697
22.386 0.974766
22.446 0.974834
22.506 0.974902
22.566 0.97497
22.626 0.975037
22.686 0.975104
22.746 0.97517
22.806 0.975237
22.866 0.975302
22.926 0.975368
22.986 0.975433
23.046 0.975498
23.106 0.975562
23.166 0.975626
23.226 0.97569
23.286 0.975753
23.346 0.975817
23.406 0.975879
23.466 0.975942
23.526 0.976004
23.586 0.976066
23.646 0.976127
23.706 0.976188
23.766 0.976249
23.826 0.97631
23.886 0.97637
23.946 0.97643
24.006 0.976489
24.066 0.976549
24.126 0.976608
24.186 0.976666
24.246 0.976725
24.306 0.976783
24.366 0.976841
24.426 0.976898
24.486 0.976956
24.546 0.977013
24.606 0.977069
24.666 0.977126
24.726 0.977182
24.786 0.977238
24.846 0.977293
24.906 0.977349
24.966 0.977404
25.026 0.977459
25.086 0.977513
25.146 0.977567
25.206 0.977622
25.266 0.977675
25.326 0.977729
25.386 0.977782
25.446 0.977835
25.506 0.977888
25.566 0.97794
25.626 0.977992
25.686 0.978044
25.746 0.978096
25.806 0.978148
25.866 0.978199
25.926 0.97825
25.986 0.978301
26.046 0.978351
26.106 0.978402
26.166 0.978452
26.226 0.978501
26.286 0.978551
26.346 0.9786
26.406 0.97865
26.466 0.978699
26.526 0.978747
26.586 0.978796
26.646 0.978844
26.706 0.978892
26.766 0.97894
26.826 0.978987
26.886 0.979035
26.946 0.979082
27.006 0.979129
27.066 0.979176
27.126 0.979222
27.186 0.979269
27.246 0.979315
27.306 0.979361
27.366 0.979406
27.426 0.979452
27.486 0.979497
27.546 0.979542
27.606 0.979587
27.666 0.979632
27.726 0.979677
27.786 0.979721
27.846 0.979765
27.906 0.979809
27.966 0.979853
28.026 0.979896
28.086 0.97994
28.146 0.979983
28.206 0.980026
28.266 0.980069
28.326 0.980111
28.386 0.980154
28.446 0.980196
28.506 0.980238
28.566 0.98028
28.626 0.980322
28.686 0.980364
28.746 0.980405
28.806 0.980446
28.866 0.980487
28.926 0.980528
28.986 0.980569
29.046 0.980609
29.106 0.98065
29.166 0.98069
29.226 0.98073
29.286 0.98077
29.346 0.980809
29.406 0.980849
29.466 0.980888
29.526 0.980928
29.586 0.980967
29.646 0.981006
29.706 0.981044
29.766 0.981083
29.826 0.981121
29.886 0.98116
29.946 0.981198
30.006 0.981236
30.066 0.981273
30.126 0.981311
30.186 0.981349
30.246 0.981386
30.306 0.981423
30.366 0.98146
30.426 0.981497
30.486 0.981534
30.546 0.98157
30.606 0.981607
30.666 0.981643
30.726 0.981679
30.786 0.981715
30.846 0.981751
30.906 0.981787
30.966 0.981823
31.026 0.981858
31.086 0.981894
31.146 0.981929
31.206 0.981964
31.266 0.981999
31.326 0.982034
31.386 0.982068
31.446 0.982103
31.506 0.982137
31.566 0.982171
31.626 0.982206
31.686 0.98224
31.746 0.982273
31.806 0.982307
31.866 0.982341
31.926 0.982374
31.986 0.982408
32.046 0.982441
32.106 0.982474
32.166 0.982507
32.226 0.98254
32.286 0.982573
32.346 0.982605
32.406 0.982638
32.466 0.98267
32.526 0.982702
32.586 0.982734
32.646 0.982766
32.706 0.982798
32.766 0.98283
32.826 0.982862
32.886 0.982893
32.946 0.982925
33.006 0.982956
33.066 0.982987
33.126 0.983018
33.186 0.983049
33.246 0.98308
33.306 0.983111
33.366 0.983141
33.426 0.983172
33.486 0.983202
33.546 0.983233
33.606 0.983263
33.666 0.983293
33.726 0.983323
33.786 0.983353
33.846 0.983383
33.906 0.983412
33.966 0.983442
34.026 0.983471
34.086 0.983501
34.146 0.98353
34.206 0.983559
34.266 0.983588
34.326 0.983617
34.386 0.983646
34.446 0.983674
34.506 0.983703
34.566 0.983732
34.626 0.98376
34.686 0.983788
34.746 0.983817
34.806 0.983845
34.866 0.983873
34.926 0.983901
34.986 0.983928
35.046 0.983956
35.106 0.983984
35.166 0.984011
35.226 0.984039
35.286 0.984066
35.346 0.984093
35.406 0.984121
35.466 0.984148
35.526 0.984175
35.586 0.984202
35.646 0.984228
35.706 0.984255
35.766 0.984282
35.826 0.984308
35.886 0.984335
35.946 0.984361
36.006 0.984387
36.066 0.984414
36.126 0.98444
36.186 0.984466
36.246 0.984492
36.306 0.984517
36.366 0.984543
36.426 0.984569
36.486 0.984594
36.546 0.98462
36.606 0.984645
36.666 0.984671
36.726 0.984696
36.786 0.984721
36.846 0.984746
36.906 0.984771
36.966 0.984796
37.026 0.984821
37.086 0.984846
37.146 0.98487
37.206 0.984895
37.266 0.984919
37.326 0.984944
37.386 0.984968
37.446 0.984992
37.506 0.985017
37.566 0.985041
37.626 0.985065
37.686 0.985089
37.746 0.985112
37.806 0.985136
37.866 0.98516
37.926 0.985184
37.986 0.985207
38.046 0.985231
38.106 0.985254
38.166 0.985278
38.226 0.985301
38.286 0.985324
38.346 0.985347
38.406 0.98537
38.466 0.985393
38.526 0.985416
38.586 0.985439
38.646 0.985462
38.706 0.985484
38.766 0.985507
38.826 0.98553
38.886 0.985552
38.946 0.985575
39.006 0.985597
39.066 0.985619
39.126 0.985641
39.186 0.985664
39.246 0.985686
39.306 0.985708
39.366 0.98573
39.426 0.985751
39.486 0.985773
39.546 0.985795
39.606 0.985817
39.666 0.985838
39.726 0.98586
39.786 0.985881
39.846 0.985903
39.906 0.985924
39.966 0.985945
40.026 0.985967
40.086 0.985988
40.146 0.986009
40.206 0.98603
40.266 0.986051
40.326 0.986072
40.386 0.986093
40.446 0.986113
40.506 0.986134
40.566 0.986155
40.626 0.986175
40.686 0.986196
40.746 0.986216
40.806 0.986237
40.866 0.986257
40.926 0.986277
40.986 0.986298
41.046 0.986318
41.106 0.986338
41.166 0.986358
41.226 0.986378
41.286 0.986398
41.346 0.986418
41.406 0.986437
41.466 0.986457
41.526 0.986477
41.586 0.986497
41.646 0.986516
41.706 0.986536
41.766 0.986555
41.826 0.986575
41.886 0.986594
41.946 0.986613
42.006 0.986633
42.066 0.986652
42.126 0.986671
42.186 0.98669
42.246 0.986709
42.306 0.986728
42.366 0.986747
42.426 0.986766
42.486 0.986785
42.546 0.986803
42.606 0.986822
42.666 0.986841
42.726 0.986859
42.786 0.986878
42.846 0.986896
42.906 0.986915
42.966 0.986933
43.026 0.986952
43.086 0.98697
43.146 0.986988
43.206 0.987006
43.266 0.987024
43.326 0.987042
43.386 0.987061
43.446 0.987078
43.506 0.987096
43.566 0.987114
43.626 0.987132
43.686 0.98715
43.746 0.987168
43.806 0.987185
43.866 0.987203
43.926 0.987221
43.986 0.987238
44.046 0.987256
44.106 0.987273
44.166 0.98729
44.226 0.987308
44.286 0.987325
44.346 0.987342
44.406 0.98736
44.466 0.987377
44.526 0.987394
44.586 0.987411
44.646 0.987428
44.706 0.987445
44.766 0.987462
44.826 0.987479
44.886 0.987496
44.946 0.987512
45.006 0.987529
45.066 0.987546
45.126 0.987563
45.186 0.987579
45.246 0.987596
45.306 0.987612
45.366 0.987629
45.426 0.987645
45.486 0.987662
45.546 0.987678
45.606 0.987694
45.666 0.987711
45.726 0.987727
45.786 0.987743
45.846 0.987759
45.906 0.987775
45.966 0.987791
46.026 0.987807
46.086 0.987823
46.146 0.987839
46.206 0.987855
46.266 0.987871
46.326 0.987887
46.386 0.987902
46.446 0.987918
46.506 0.987934
46.566 0.98795
46.626 0.987965
46.686 0.987981
46.746 0.987996
46.806 0.988012
46.866 0.988027
46.926 0.988043
46.986 0.988058
47.046 0.988073
47.106 0.988089
47.166 0.988104
47.226 0.988119
47.286 0.988134
47.346 0.988149
47.406 0.988164
47.466 0.988179
47.526 0.988194
47.586 0.988209
47.646 0.988224
47.706 0.988239
47.766 0.988254
47.826 0.988269
47.886 0.988284
47.946 0.988298
48.006 0.988313
48.066 0.988328
48.126 0.988342
48.186 0.988357
48.246 0.988372
48.306 0.988386
48.366 0.988401
48.426 0.988415
48.486 0.98843
48.546 0.988444
48.606 0.988458
48.666 0.988473
48.726 0.988487
48.786 0.988501
48.846 0.988515
48.906 0.988529
48.966 0.988544
49.026 0.988558
49.086 0.988572
49.146 0.988586
49.206 0.9886
49.266 0.988614
49.326 0.988628
49.386 0.988642
49.446 0.988655
49.506 0.988669
49.566 0.988683
49.626 0.988697
49.686 0.988711
49.746 0.988724
49.806 0.988738
49.866 0.988752
49.926 0.988765
49.986 0.988779
50.046 0.988792
50.106 0.988806
50.166 0.988819
50.226 0.988833
50.286 0.988846
50.346 0.988859
50.406 0.988873
50.466 0.988886
50.526 0.988899
50.586 0.988913
50.646 0.988926
50.706 0.988939
50.766 0.988952
50.826 0.988965
50.886 0.988978
50.946 0.988991
51.006 0.989004
51.066 0.989017
51.126 0.98903
51.186 0.989043
51.246 0.989056
51.306 0.989069
51.366 0.989082
51.426 0.989095
51.486 0.989107
51.546 0.98912
51.606 0.989133
51.666 0.989146
51.726 0.989158
51.786 0.989171
51.846 0.989183
51.906 0.989196
51.966 0.989209
52.026 0.989221
52.086 0.989234
52.146 0.989246
52.206 0.989258
52.266 0.989271
52.326 0.989283
52.386 0.989296
52.446 0.989308
52.506 0.98932
52.566 0.989332
52.626 0.989345
52.686 0.989357
52.746 0.989369
52.806 0.989381
52.866 0.989393
52.926 0.989405
52.986 0.989417
53.046 0.989429
53.106 0.989441
53.166 0.989453
53.226 0.989465
53.286 0.989477
53.346 0.989489
53.406 0.989501
53.466 0.989513
53.526 0.989525
53.586 0.989537
53.646 0.989548
53.706 0.98956
53.766 0.989572
53.826 0.989583
53.886 0.989595
53.946 0.989607
54.006 0.989618
54.066 0.98963
54.126 0.989641
54.186 0.989653
54.246 0.989665
54.306 0.989676
54.366 0.989687
54.426 0.989699
54.486 0.98971
54.546 0.989722
54.606 0.989733
54.666 0.989744
54.726 0.989756
54.786 0.989767
54.846 0.989778
54.906 0.989789
54.966 0.989801
55.026 0.989812
55.086 0.989823
55.146 0.989834
55.206 0.989845
55.266 0.989856
55.326 0.989867
55.386 0.989878
55.446 0.989889
55.506 0.9899
55.566 0.989911
55.626 0.989922
55.686 0.989933
55.746 0.989944
55.806 0.989955
55.866 0.989966
55.926 0.989977
55.986 0.989987
56.046 0.989998
56.106 0.990009
56.166 0.99002
56.226 0.99003
56.286 0.990041
56.346 0.990052
56.406 0.990062
56.466 0.990073
56.526 0.990083
56.586 0.990094
56.646 0.990105
56.706 0.990115
56.766 0.990126
56.826 0.990136
56.886 0.990147
56.946 0.990157
57.006 0.990167
57.066 0.990178
57.126 0.990188
57.186 0.990199
57.246 0.990209
57.306 0.990219
57.366 0.990229
57.426 0.99024
57.486 0.99025
57.546 0.99026
57.606 0.99027
57.666 0.990281
57.726 0.990291
57.786 0.990301
57.846 0.990311
57.906 0.990321
57.966 0.990331
58.026 0.990341
58.086 0.990351
58.146 0.990361
58.206 0.990371
58.266 0.990381
58.326 0.990391
58.386 0.990401
58.446 0.990411
58.506 0.990421
58.566 0.990431
58.626 0.99044
58.686 0.99045
58.746 0.99046
58.806 0.99047
58.866 0.99048
58.926 0.990489
58.986 0.990499
59.046 0.990509
59.106 0.990518
59.166 0.990528
59.226 0.990538
59.286 0.990547
59.346 0.990557
59.406 0.990567
59.466 0.990576
59.526 0.990586
59.586 0.990595
59.646 0.990605
59.706 0.990614
59.766 0.990624
59.826 0.990633
59.886 0.990643
59.946 0.990652

