0.006 1
0.066 1.01358
0.126 1.04719
0.186 1.09514
0.246 1.14981
0.306 1.2038
0.366 1.2516
0.426 1.29023
0.486 1.31895
0.546 1.33846
0.606 1.35016
0.666 1.35572
0.726 1.35683
0.786 1.35465
0.846 1.35012
0.906 1.34395
0.966 1.33666
1.026 1.32866
1.086 1.32024
1.146 1.31161
1.206 1.30293
1.266 1.2943
1.326 1.28581
1.386 1.27751
1.446 1.26943
1.506 1.2616
1.566 1.25404
1.626 1.24675
1.686 1.23972
1.746 1.23297
1.806 1.22647
1.866 1.22024
1.926 1.21426
1.986 1.20851
2.046 1.203
2.106 1.19771
2.166 1.19263
2.226 1.18776
2.286 1.18308
2.346 1.17859
2.406 1.17427
2.466 1.17012
2.526 1.16613
2.586 1.1623
2.646 1.15861
2.706 1.15506
2.766 1.15165
2.826 1.14836
2.886 1.14519
2.946 1.14214
3.006 1.13919
3.066 1.13635
3.126 1.13361
3.186 1.13097
3.246 1.12841
3.306 1.12594
3.366 1.12356
3.426 1.12126
3.486 1.11903
3.546 1.11687
3.606 1.11478
3.666 1.11276
3.726 1.11081
3.786 1.10891
3.846 1.10707
3.906 1.10529
3.966 1.10356
4.026 1.10189
4.086 1.10026
4.146 1.09868
4.206 1.09715
4.266 1.09566
4.326 1.09421
4.386 1.0928
4.446 1.09143
4.506 1.0901
4.566 1.08881
4.626 1.08755
4.686 1.08632
4.746 1.08513
4.806 1.08396
4.866 1.08283
4.926 1.08172
4.986 1.08065
5.046 1.0796
5.106 1.07857
5.166 1.07757
5.226 1.0766
5.286 1.07565
5.346 1.07472
5.406 1.07381
5.466 1.07293
5.526 1.07206
5.586 1.07121
5.646 1.07039
5.706 1.06958
5.766 1.06879
5.826 1.06801
5.886 1.06726
5.946 1.06652
6.006 1.06579
6.066 1.06508
6.126 1.06439
6.186 1.06371
6.246 1.06304
6.306 1.06239
6.366 1.06175
6.426 1.06113
6.486 1.06051
6.546 1.05991
6.606 1.05932
6.666 1.05874
6.726 1.05817
6.786 1.05762
6.846 1.05707
6.906 1.05653
6.966 1.056
7.026 1.05549
7.086 1.05498
7.146 1.05448
7.206 1.05399
7.266 1.05351
7.326 1.05304
7.386 1.05257
7.446 1.05212
7.506 1.05167
7.566 1.05123
7.626 1.05079
7.686 1.05037
7.746 1.04995
7.806 1.04954
7.866 1.04913
7.926 1.04873
7.986 1.04834
8.046 1.04795
8.106 1.04757
8.166 1.0472
8.226 1.04683
8.286 1.04647
8.346 1.04611
8.406 1.04576
8.466 1.04541
8.526 1.04507
8.586 1.04473
8.646 1.0444
8.706 1.04408
8.766 1.04375
8.826 1.04344
8.886 1.04312
8.946 1.04282
9.006 1.04251
9.066 1.04221
9.126 1.04192
9.186 1.04163
9.246 1.04134
9.306 1.04106
9.366 1.04078
9.426 1.0405
9.486 1.04023
9.546 1.03996
9.606 1.0397
9.666 1.03944
9.726 1.03918
9.786 1.03892
9.846 1.03867
9.906 1.03842
9.966 1.03818
10.026 1.03794
10.086 1.0377
10.146 1.03746
10.206 1.03723
10.266 1.037
10.326 1.03677
10.386 1.03655
10.446 1.03633
10.506 1.03611
10.566 1.03589
10.626 1.03568
10.686 1.03547
10.746 1.03526
10.806 1.03505
10.866 1.03485
10.926 1.03465
10.986 1.03445
11.046 1.03425
11.106 1.03406
11.166 1.03387
11.226 1.03368
11.286 1.03349
11.346 1.0333
11.406 1.03312
11.466 1.03294
11.526 1.03276
11.586 1.03258
11.646 1.0324
11.706 1.03223
11.766 1.03205
11.826 1.03188
11.886 1.03172
11.946 1.03155
12.006 1.03138
12.066 1.03122
12.126 1.03106
12.186 1.0309
12.246 1.03074
12.306 1.03058
12.366 1.03043
12.426 1.03027
12.486 1.03012
12.546 1.02997
12.606 1.02982
12.666 1.02967
12.726 1.02953
12.786 1.02938
12.846 1.02924
12.906 1.0291
12.966 1.02896
13.026 1.02882
13.086 1.02868
13.146 1.02854
13.206 1.02841
13.266 1.02828
13.326 1.02814
13.386 1.02801
13.446 1.02788
13.506 1.02775
13.566 1.02762
13.626 1.0275
13.686 1.02737
13.746 1.02725
13.806 1.02712
13.866 1.027
13.926 1.02688
13.986 1.02676
14.046 1.02664
14.106 1.02652
14.166 1.02641
14.226 1.02629
14.286 1.02618
14.346 1.02606
14.406 1.02595
14.466 1.02584
14.526 1.02573
14.586 1.02562
14.646 1.02551
14.706 1.0254
14.766 1.02529
14.826 1.02519
14.886 1.02508
14.946 1.02498
15.006 1.02487
15.066 1.02477
15.126 1.02467
15.186 1.02457
15.246 1.02447
15.306 1.02437
15.366 1.02427
15.426 1.02417
15.486 1.02407
15.546 1.02398
15.606 1.02388
15.666 1.02379
15.726 1.02369
15.786 1.0236
15.846 1.02351
15.906 1.02342
15.966 1.02332
16.026 1.02323
16.086 1.02314
16.146 1.02306
16.206 1.02297
16.266 1.02288
16.326 1.02279
16.386 1.02271
16.446 1.02262
16.506 1.02254
16.566 1.02245
16.626 1.02237
16.686 1.02228
16.746 1.0222
16.806 1.02212
16.866 1.02204
16.926 1.02196
16.986 1.02188
17.046 1.0218
17.106 1.02172
17.166 1.02164
17.226 1.02156
17.286 1.02149
17.346 1.02141
17.406 1.02133
17.466 1.02126
17.526 1.02118
17.586 1.02111
17.646 1.02103
17.706 1.02096
17.766 1.02089
17.826 1.02081
17.886 1.02074
17.946 1.02067
18.006 1.0206
18.066 1.02053
18.126 1.02046
18.186 1.02039
18.246 1.02032
18.306 1.02025
18.366 1.02018
18.426 1.02012
18.486 1.02005
18.546 1.01998
18.606 1.01992
18.666 1.01985
18.726 1.01978
18.786 1.01972
18.846 1.01965
18.906 1.01959
18.966 1.01953
19.026 1.01946
19.086 1.0194
19.146 1.01934
19.206 1.01928
19.266 1.01921
19.326 1.01915
19.386 1.01909
19.446 1.01903
19.506 1.01897
19.566 1.01891
19.626 1.01885
19.686 1.01879
19.746 1.01873
19.806 1.01868
19.866 1.01862
19.926 1.01856
19.986 1.0185
20.046 1.01845
20.106 1.01839
20.166 1.01833
20.226 1.01828
20.286 1.01822
20.346 1.01817
20.406 1.01811
20.466 1.01806
20.526 1.018
20.586 1.01795
20.646 1.01789
20.706 1.01784
20.766 1.01779
20.826 1.01774
20.886 1.01768
20.946 1.01763
21.006 1.01758
21.066 1.01753
21.126 1.01748
21.186 1.01743
21.246 1.01738
21.306 1.01733
21.366 1.01728
21.426 1.01723
21.486 1.01718
21.546 1.01713
21.606 1.01708
21.666 1.01703
21.726 1.01698
21.786 1.01693
21.846 1.01689
21.906 1.01684
21.966 1.01679
22.026 1.01675
22.086 1.0167
22.146 1.01665
22.206 1.01661
22.266 1.01656
22.326 1.01651
22.386 1.01647
22.446 1.01642
22.506 1.01638
22.566 1.01633
22.626 1.01629
22.686 1.01625
22.746 1.0162
22.806 1.01616
22.866 1.01612
22.926 1.01607
22.986 1.01603
23.046 1.01599
23.106 1.01594
23.166 1.0159
23.226 1.01586
23.286 1.01582
23.346 1.01578
23.406 1.01573
23.466 1.01569
23.526 1.01565
23.586 1.01561
23.646 1.01557
23.706 1.01553
23.766 1.01549
23.826 1.01545
23.886 1.01541
23.946 1.01537
24.006 1.01533
24.066 1.01529
24.126 1.01525
24.186 1.01522
24.246 1.01518
24.306 1.01514
24.366 1.0151
24.426 1.01506
24.486 1.01502
24.546 1.01499
24.606 1.01495
24.666 1.01491
24.726 1.01488
24.786 1.01484
24.846 1.0148
24.906 1.01477
24.966 1.01473
25.026 1.01469
25.086 1.01466
25.146 1.01462
25.206 1.01459
25.266 1.01455
25.326 1.01452
25.386 1.01448
25.446 1.01445
25.506 1.01441
25.566 1.01438
25.626 1.01434
25.686 1.01431
25.746 1.01427
25.806 1.01424
25.866 1.01421
25.926 1.01417
25.986 1.01414
26.046 1.01411
26.106 1.01407
26.166 1.01404
26.226 1.01401
26.286 1.01397
26.346 1.01394
26.406 1.01391
26.466 1.01388
26.526 1.01385
26.586 1.01381
26.646 1.01378
26.706 1.01375
26.766 1.01372
26.826 1.01369
26.886 1.01366
26.946 1.01362
27.006 1.01359
27.066 1.01356
27.126 1.01353
27.186 1.0135
27.246 1.01347
27.306 1.01344
27.366 1.01341
27.426 1.01338
27.486 1.01335
27.546 1.01332
27.606 1.01329
27.666 1.01326
27.726 1.01323
27.786 1.0132
27.846 1.01318
27.906 1.01315
27.966 1.01312
28.026 1.01309
28.086 1.01306
28.146 1.01303
28.206 1.013
28.266 1.01298
28.326 1.01295
28.386 1.01292
28.446 1.01289
28.506 1.01286
28.566 1.01284
28.626 1.01281
28.686 1.01278
28.746 1.01276
28.806 1.01273
28.866 1.0127
28.926 1.01267
28.986 1.01265
29.046 1.01262
29.106 1.01259
29.166 1.01257
29.226 1.01254
29.286 1.01252
29.346 1.01249
29.406 1.01246
29.466 1.01244
29.526 1.01241
29.586 1.01239
29.646 1.01236
29.706 1.01234
29.766 1.01231
29.826 1.01228
29.886 1.01226
29.946 1.01223
30.006 1.01221
30.066 1.01219
30.126 1.01216
30.186 1.01214
30.246 1.01211
30.306 1.01209
30.366 1.01206
30.426 1.01204
30.486 1.01201
30.546 1.01199
30.606 1.01197
30.666 1.01194
30.726 1.01192
30.786 1.0119
30.846 1.01187
30.906 1.01185
30.966 1.01182
31.026 1.0118
31.086 1.01178
31.146 1.01176
31.206 1.01173
31.266 1.01171
31.326 1.01169
31.386 1.01166
31.446 1.01164
31.506 1.01162
31.566 1.0116
31.626 1.01157
31.686 1.01155
31.746 1.01153
31.806 1.01151
31.866 1.01148
31.926 1.01146
31.986 1.01144
32.046 1.01142
32.106 1.0114
32.166 1.01138
32.226 1.01135
32.286 1.01133
32.346 1.01131
32.406 1.01129
32.466 1.01127
32.526 1.01125
32.586 1.01123
32.646 1.01121
32.706 1.01118
32.766 1.01116
32.826 1.01114
32.886 1.01112
32.946 1.0111
33.006 1.01108
33.066 1.01106
33.126 1.01104
33.186 1.01102
33.246 1.011
33.306 1.01098
33.366 1.01096
33.426 1.01094
33.486 1.01092
33.546 1.0109
33.606 1.01088
33.666 1.01086
33.726 1.01084
33.786 1.01082
33.846 1.0108
33.906 1.01078
33.966 1.01076
34.026 1.01074
34.086 1.01072
34.146 1.01071
34.206 1.01069
34.266 1.01067
34.326 1.01065
34.386 1.01063
34.446 1.01061
34.506 1.01059
34.566 1.01057
34.626 1.01055
34.686 1.01054
34.746 1.01052
34.806 1.0105
34.866 1.01048
34.926 1.01046
34.986 1.01044
35.046 1.01043
35.106 1.01041
35.166 1.01039
35.226 1.01037
35.286 1.01035
35.346 1.01034
35.406 1.01032
35.466 1.0103
35.526 1.01028
35.586 1.01027
35.646 1.01025
35.706 1.01023
35.766 1.01021
35.826 1.0102
35.886 1.01018
35.946 1.01016
36.006 1.01014
36.066 1.01013
36.126 1.01011
36.186 1.01009
36.246 1.01008
36.306 1.01006
36.366 1.01004
36.426 1.01003
36.486 1.01001
36.546 1.00999
36.606 1.00998
36.666 1.00996
36.726 1.00994
36.786 1.00993
36.846 1.00991
36.906 1.00989
36.966 1.00988
37.026 1.00986
37.086 1.00984
37.146 1.00983
37.206 1.00981
37.266 1.0098
37.326 1.00978
37.386 1.00976
37.446 1.00975
37.506 1.00973
37.566 1.00972
37.626 1.0097
37.686 1.00969
37.746 1.00967
37.806 1.00965
37.866 1.00964
37.926 1.00962
37.986 1.00961
38.046 1.00959
38.106 1.00958
38.166 1.00956
38.226 1.00955
38.286 1.00953
38.346 1.00952
38.406 1.0095
38.466 1.00949
38.526 1.00947
38.586 1.00946
38.646 1.00944
38.706 1.00943
38.766 1.00941
38.826 1.0094
38.886 1.00938
38.946 1.00937
39.006 1.00935
39.066 1.00934
39.126 1.00932
39.186 1.00931
39.246 1.0093
39.306 1.00928
39.366 1.00927
39.426 1.00925
39.486 1.00924
39.546 1.00922
39.606 1.00921
39.666 1.0092
39.726 1.00918
39.786 1.00917
39.846 1.00915
39.906 1.00914
39.966 1.00913
40.026 1.00911
40.086 1.0091
40.146 1.00908
40.206 1.00907
40.266 1.00906
40.326 1.00904
40.386 1.00903
40.446 1.00902
40.506 1.009
40.566 1.00899
40.626 1.00898
40.686 1.00896
40.746 1.00895
40.806 1.00893
40.866 1.00892
40.926 1.00891
40.986 1.0089
41.046 1.00888
41.106 1.00887
41.166 1.00886
41.226 1.00884
41.286 1.00883
41.346 1.00882
41.406 1.0088
41.466 1.00879
41.526 1.00878
41.586 1.00877
41.646 1.00875
41.706 1.00874
41.766 1.00873
41.826 1.00871
41.886 1.0087
41.946 1.00869
42.006 1.00868
42.066 1.00866
42.126 1.00865
42.186 1.00864
42.246 1.00863
42.306 1.00861
42.366 1.0086
42.426 1.00859
42.486 1.00858
42.546 1.00856
42.606 1.00855
42.666 1.00854
42.726 1.00853
42.786 1.00852
42.846 1.0085
42.906 1.00849
42.966 1.00848
43.026 1.00847
43.086 1.00846
43.146 1.00844
43.206 1.00843
43.266 1.00842
43.326 1.00841
43.386 1.0084
43.446 1.00839
43.506 1.00837
43.566 1.00836
43.626 1.00835
43.686 1.00834
43.746 1.00833
43.806 1.00832
43.866 1.0083
43.926 1.00829
43.986 1.00828
44.046 1.00827
44.106 1.00826
44.166 1.00825
44.226 1.00824
44.286 1.00822
44.346 1.00821
44.406 1.0082
44.466 1.00819
44.526 1.00818
44.586 1.00817
44.646 1.00816
44.706 1.00815
44.766 1.00813
44.826 1.00812
44.886 1.00811
44.946 1.0081
45.006 1.00809
45.066 1.00808
45.126 1.00807
45.186 1.00806
45.246 1.00805
45.306 1.00804
45.366 1.00803
45.426 1.00802
45.486 1.008
45.546 1.00799
45.606 1.00798
45.666 1.00797
45.726 1.00796
45.786 1.00795
45.846 1.00794
45.906 1.00793
45.966 1.00792
46.026 1.00791
46.086 1.0079
46.146 1.00789
46.206 1.00788
46.266 1.00787
46.326 1.00786
46.386 1.00785
46.446 1.00784
46.506 1.00783
46.566 1.00782
46.626 1.00781
46.686 1.0078
46.746 1.00779
46.806 1.00778
46.866 1.00777
46.926 1.00776
46.986 1.00775
47.046 1.00774
47.106 1.00773
47.166 1.00772
47.226 1.00771
47.286 1.0077
47.346 1.00769
47.406 1.00768
47.466 1.00767
47.526 1.00766
47.586 1.00765
47.646 1.00764
47.706 1.00763
47.766 1.00762
47.826 1.00761
47.886 1.0076
47.946 1.00759
48.006 1.00758
48.066 1.00757
48.126 1.00756
48.186 1.00755
48.246 1.00754
48.306 1.00753
48.366 1.00752
48.426 1.00751
48.486 1.0075
48.546 1.00749
48.606 1.00748
48.666 1.00748
48.726 1.00747
48.786 1.00746
48.846 1.00745
48.906 1.00744
48.966 1.00743
49.026 1.00742
49.086 1.00741
49.146 1.0074
49.206 1.00739
49.266 1.00738
49.326 1.00737
49.386 1.00737
49.446 1.00736
49.506 1.00735
49.566 1.00734
49.626 1.00733
49.686 1.00732
49.746 1.00731
49.806 1.0073
49.866 1.00729
49.926 1.00728
49.986 1.00728
50.046 1.00727
50.106 1.00726
50.166 1.00725
50.226 1.00724
50.286 1.00723
50.346 1.00722
50.406 1.00721
50.466 1.00721
50.526 1.0072
50.586 1.00719
50.646 1.00718
50.706 1.00717
50.766 1.00716
50.826 1.00715
50.886 1.00715
50.946 1.00714
51.006 1.00713
51.066 1.00712
51.126 1.00711
51.186 1.0071
51.246 1.0071
51.306 1.00709
51.366 1.00708
51.426 1.00707
51.486 1.00706
51.546 1.00705
51.606 1.00705
51.666 1.00704
51.726 1.00703
51.786 1.00702
51.846 1.00701
51.906 1.007
51.966 1.007
52.026 1.00699
52.086 1.00698
52.146 1.00697
52.206 1.00696
52.266 1.00696
52.326 1.00695
52.386 1.00694
52.446 1.00693
52.506 1.00692
52.566 1.00692
52.626 1.00691
52.686 1.0069
52.746 1.00689
52.806 1.00688
52.866 1.00688
52.926 1.00687
52.986 1.00686
53.046 1.00685
53.106 1.00684
53.166 1.00684
53.226 1.00683
53.286 1.00682
53.346 1.00681
53.406 1.00681
53.466 1.0068
53.526 1.00679
53.586 1.00678
53.646 1.00677
53.706 1.00677
53.766 1.00676
53.826 1.00675
53.886 1.00674
53.946 1.00674
54.006 1.00673
54.066 1.00672
54.126 1.00671
54.186 1.00671
54.246 1.0067
54.306 1.00669
54.366 1.00668
54.426 1.00668
54.486 1.00667
54.546 1.00666
54.606 1.00665
54.666 1.00665
54.726 1.00664
54.786 1.00663
54.846 1.00662
54.906 1.00662
54.966 1.00661
55.026 1.0066
55.086 1.0066
55.146 1.00659
55.206 1.00658
55.266 1.00657
55.326 1.00657
55.386 1.00656
55.446 1.00655
55.506 1.00655
55.566 1.00654
55.626 1.00653
55.686 1.00652
55.746 1.00652
55.806 1.00651
55.866 1.0065
55.926 1.0065
55.986 1.00649
56.046 1.00648
56.106 1.00647
56.166 1.00647
56.226 1.00646
56.286 1.00645
56.346 1.00645
56.406 1.00644
56.466 1.00643
56.526 1.00643
56.586 1.00642
56.646 1.00641
56.706 1.00641
56.766 1.0064
56.826 1.00639
56.886 1.00639
56.946 1.00638
57.006 1.00637
57.066 1.00636
57.126 1.00636
57.186 1.00635
57.246 1.00634
57.306 1.00634
57.366 1.00633
57.426 1.00632
57.486 1.00632
57.546 1.00631
57.606 1.0063
57.666 1.0063
57.726 1.00629
57.786 1.00628
57.846 1.00628
57.906 1.00627
57.966 1.00626
58.026 1.00626
58.086 1.00625
58.146 1.00625
58.206 1.00624
58.266 1.00623
58.326 1.00623
58.386 1.00622
58.446 1.00621
58.506 1.00621
58.566 1.0062
58.626 1.00619
58.686 1.00619
58.746 1.00618
58.806 1.00617
58.866 1.00617
58.926 1.00616
58.986 1.00616
59.046 1.00615
59.106 1.00614
59.166 1.00614
59.226 1.00613
59.286 1.00612
59.346 1.00612
59.406 1.00611
59.466 1.00611
59.526 1.0061
59.586 1.00609
59.646 1.00609
59.706 1.00608
59.766 1.00607
59.826 1.00607
59.886 1.00606
59.946 1.00606

