0.006 0.00670491
0.066 0.11213
0.126 0.170801
0.186 0.228668
0.246 0.282573
0.306 0.331487
0.366 0.375489
0.426 0.415029
0.486 0.450628
0.546 0.482776
0.606 0.511907
0.666 0.538395
0.726 0.562559
0.786 0.584671
0.846 0.604963
0.906 0.623635
0.966 0.640859
1.026 0.656786
1.086 0.671545
1.146 0.685251
1.206 0.698003
1.266 0.70989
1.326 0.720991
1.386 0.731373
1.446 0.7411
1.506 0.750227
1.566 0.758803
1.626 0.766873
1.686 0.774476
1.746 0.78165
1.806 0.788426
1.866 0.794835
1.926 0.800902
1.986 0.806654
2.046 0.812111
2.106 0.817295
2.166 0.822224
2.226 0.826916
2.286 0.831385
2.346 0.835646
2.406 0.839712
2.466 0.843596
2.526 0.847309
2.586 0.850862
2.646 0.854263
2.706 0.857521
2.766 0.860646
2.826 0.863644
2.886 0.866523
2.946 0.869289
3.006 0.871948
3.066 0.874507
3.126 0.87697
3.186 0.879343
3.246 0.88163
3.306 0.883835
3.366 0.885963
3.426 0.888017
3.486 0.890002
3.546 0.891919
3.606 0.893774
3.666 0.895567
3.726 0.897303
3.786 0.898984
3.846 0.900613
3.906 0.902191
3.966 0.903721
4.026 0.905205
4.086 0.906646
4.146 0.908044
4.206 0.909402
4.266 0.910721
4.326 0.912003
4.386 0.913249
4.446 0.914462
4.506 0.915641
4.566 0.916789
4.626 0.917907
4.686 0.918995
4.746 0.920056
4.806 0.921089
4.866 0.922096
4.926 0.923079
4.986 0.924037
5.046 0.924972
5.106 0.925884
5.166 0.926775
5.226 0.927644
5.286 0.928494
5.346 0.929324
5.406 0.930135
5.466 0.930928
5.526 0.931703
5.586 0.932461
5.646 0.933203
5.706 0.933928
5.766 0.934638
5.826 0.935334
5.886 0.936014
5.946 0.936681
6.006 0.937333
6.066 0.937973
6.126 0.9386
6.186 0.939214
6.246 0.939816
6.306 0.940406
6.366 0.940985
6.426 0.941553
6.486 0.94211
6.546 0.942656
6.606 0.943193
6.666 0.943719
6.726 0.944236
6.786 0.944743
6.846 0.945241
6.906 0.945731
6.966 0.946212
7.026 0.946684
7.086 0.947148
7.146 0.947604
7.206 0.948052
7.266 0.948493
7.326 0.948926
7.386 0.949353
7.446 0.949772
7.506 0.950184
7.566 0.950589
7.626 0.950988
7.686 0.951381
7.746 0.951767
7.806 0.952147
7.866 0.952522
7.926 0.95289
7.986 0.953253
8.046 0.95361
8.106 0.953962
8.166 0.954309
8.226 0.95465
8.286 0.954986
8.346 0.955318
8.406 0.955644
8.466 0.955966
8.526 0.956283
8.586 0.956596
8.646 0.956904
8.706 0.957208
8.766 0.957507
8.826 0.957803
8.886 0.958094
8.946 0.958382
9.006 0.958665
9.066 0.958945
9.126 0.95922
9.186 0.959493
9.246 0.959761
9.306 0.960026
9.366 0.960287
9.426 0.960545
9.486 0.9608
9.546 0.961051
9.606 0.961299
9.666 0.961544
9.726 0.961786
9.786 0.962025
9.846 0.962261
9.906 0.962494
9.966 0.962724
10.026 0.962952
10.086 0.963176
10.146 0.963398
10.206 0.963618
10.266 0.963834
10.326 0.964048
10.386 0.96426
10.446 0.964469
10.506 0.964675
10.566 0.96488
10.626 0.965082
10.686 0.965281
10.746 0.965479
10.806 0.965674
10.866 0.965867
10.926 0.966057
10.986 0.966246
11.046 0.966432
11.106 0.966617
11.166 0.966799
11.226 0.96698
11.286 0.967158
11.346 0.967335
11.406 0.96751
11.466 0.967683
11.526 0.967854
11.586 0.968023
11.646 0.96819
11.706 0.968356
11.766 0.96852
11.826 0.968682
11.886 0.968843
11.946 0.969002
12.006 0.969159
12.066 0.969315
12.126 0.969469
12.186 0.969622
12.246 0.969773
12.306 0.969923
12.366 0.970071
12.426 0.970218
12.486 0.970363
12.546 0.970507
12.606 0.970649
12.666 0.97079
12.726 0.97093
12.786 0.971069
12.846 0.971206
12.906 0.971342
12.966 0.971476
13.026 0.97161
13.086 0.971742
13.146 0.971872
13.206 0.972002
13.266 0.972131
13.326 0.972258
13.386 0.972384
13.446 0.972509
13.506 0.972633
13.566 0.972755
13.626 0.972877
13.686 0.972998
13.746 0.973117
13.806 0.973236
13.866 0.973353
13.926 0.973469
13.986 0.973585
14.046 0.973699
14.106 0.973812
14.166 0.973925
14.226 0.974036
14.286 0.974147
14.346 0.974256
14.406 0.974365
14.466 0.974473
14.526 0.97458
14.586 0.974685
14.646 0.974791
14.706 0.974895
14.766 0.974998
14.826 0.9751
14.886 0.975202
14.946 0.975303
15.006 0.975403
15.066 0.975502
15.126 0.9756
15.186 0.975698
15.246 0.975795
15.306 0.975891
15.366 0.975986
15.426 0.976081
15.486 0.976175
15.546 0.976268
15.606 0.97636
15.666 0.976452
15.726 0.976543
15.786 0.976633
15.846 0.976722
15.906 0.976811
15.966 0.976899
16.026 0.976987
16.086 0.977074
16.146 0.97716
16.206 0.977245
16.266 0.97733
16.326 0.977415
16.386 0.977498
16.446 0.977581
16.506 0.977664
16.566 0.977746
16.626 0.977827
16.686 0.977907
16.746 0.977987
16.806 0.978067
16.866 0.978146
16.926 0.978224
16.986 0.978302
17.046 0.978379
17.106 0.978456
17.166 0.978532
17.226 0.978608
17.286 0.978683
17.346 0.978757
17.406 0.978831
17.466 0.978905
17.526 0.978978
17.586 0.97905
17.646 0.979122
17.706 0.979194
17.766 0.979265
17.826 0.979335
17.886 0.979405
17.946 0.979475
18.006 0.979544
18.066 0.979613
18.126 0.979681
18.186 0.979749
18.246 0.979816
18.306 0.979883
18.366 0.979949
18.426 0.980015
18.486 0.98008
18.546 0.980146
18.606 0.98021
18.666 0.980275
18.726 0.980338
18.786 0.980402
18.846 0.980465
18.906 0.980527
18.966 0.98059
19.026 0.980651
19.086 0.980713
19.146 0.980774
19.206 0.980835
19.266 0.980895
19.326 0.980955
19.386 0.981014
19.446 0.981073
19.506 0.981132
19.566 0.981191
19.626 0.981249
19.686 0.981306
19.746 0.981364
19.806 0.981421
19.866 0.981477
19.926 0.981534
19.986 0.98159
20.046 0.981645
20.106 0.9817
20.166 0.981755
20.226 0.98181
20.286 0.981864
20.346 0.981918
20.406 0.981972
20.466 0.982025
20.526 0.982078
20.586 0.982131
20.646 0.982183
20.706 0.982236
20.766 0.982287
20.826 0.982339
20.886 0.98239
20.946 0.982441
21.006 0.982491
21.066 0.982542
21.126 0.982592
21.186 0.982642
21.246 0.982691
21.306 0.98274
21.366 0.982789
21.426 0.982838
21.486 0.982886
21.546 0.982934
21.606 0.982982
21.666 0.983029
21.726 0.983077
21.786 0.983124
21.846 0.98317
21.906 0.983217
21.966 0.983263
22.026 0.983309
22.086 0.983355
22.146 0.9834
22.206 0.983446
22.266 0.983491
22.326 0.983535
22.386 0.98358
22.446 0.983624
22.506 0.983668
22.566 0.983712
22.626 0.983755
22.686 0.983799
22.746 0.983842
22.806 0.983885
22.866 0.983927
22.926 0.98397
22.986 0.984012
23.046 0.984054
23.106 0.984096
23.166 0.984137
23.226 0.984178
23.286 0.98422
23.346 0.98426
23.406 0.984301
23.466 0.984342
23.526 0.984382
23.586 0.984422
23.646 0.984462
23.706 0.984501
23.766 0.984541
23.826 0.98458
23.886 0.984619
23.946 0.984658
24.006 0.984697
24.066 0.984735
24.126 0.984773
24.186 0.984811
24.246 0.984849
24.306 0.984887
24.366 0.984924
24.426 0.984962
24.486 0.984999
24.546 0.985036
24.606 0.985073
24.666 0.985109
24.726 0.985145
24.786 0.985182
24.846 0.985218
24.906 0.985254
24.966 0.985289
25.026 0.985325
25.086 0.98536
25.146 0.985395
25.206 0.98543
25.266 0.985465
25.326 0.9855
25.386 0.985535
25.446 0.985569
25.506 0.985603
25.566 0.985637
25.626 0.985671
25.686 0.985705
25.746 0.985738
25.806 0.985772
25.866 0.985805
25.926 0.985838
25.986 0.985871
26.046 0.985904
26.106 0.985936
26.166 0.985969
26.226 0.986001
26.286 0.986033
26.346 0.986065
26.406 0.986097
26.466 0.986129
26.526 0.986161
26.586 0.986192
26.646 0.986223
26.706 0.986254
26.766 0.986286
26.826 0.986316
26.886 0.986347
26.946 0.986378
27.006 0.986408
27.066 0.986439
27.126 0.986469
27.186 0.986499
27.246 0.986529
27.306 0.986559
27.366 0.986588
27.426 0.986618
27.486 0.986647
27.546 0.986676
27.606 0.986706
27.666 0.986735
27.726 0.986764
27.786 0.986792
27.846 0.986821
27.906 0.98685
27.966 0.986878
28.026 0.986906
28.086 0.986934
28.146 0.986962
28.206 0.98699
28.266 0.987018
28.326 0.987046
28.386 0.987073
28.446 0.987101
28.506 0.987128
28.566 0.987155
28.626 0.987182
28.686 0.987209
28.746 0.987236
28.806 0.987263
28.866 0.98729
28.926 0.987316
28.986 0.987343
29.046 0.987369
29.106 0.987395
29.166 0.987421
29.226 0.987447
29.286 0.987473
29.346 0.987499
29.406 0.987525
29.466 0.98755
29.526 0.987576
29.586 0.987601
29.646 0.987626
29.706 0.987651
29.766 0.987676
29.826 0.987701
29.886 0.987726
29.946 0.987751
30.006 0.987776
30.066 0.9878
30.126 0.987825
30.186 0.987849
30.246 0.987873
30.306 0.987897
30.366 0.987921
30.426 0.987945
30.486 0.987969
30.546 0.987993
30.606 0.988017
30.666 0.98804
30.726 0.988064
30.786 0.988087
30.846 0.98811
30.906 0.988134
30.966 0.988157
31.026 0.98818
31.086 0.988203
31.146 0.988226
31.206 0.988248
31.266 0.988271
31.326 0.988294
31.386 0.988316
31.446 0.988339
31.506 0.988361
31.566 0.988383
31.626 0.988405
31.686 0.988428
31.746 0.98845
31.806 0.988471
31.866 0.988493
31.926 0.988515
31.986 0.988537
32.046 0.988558
32.106 0.98858
32.166 0.988601
32.226 0.988623
32.286 0.988644
32.346 0.988665
32.406 0.988686
32.466 0.988707
32.526 0.988728
32.586 0.988749
32.646 0.98877
32.706 0.98879
32.766 0.988811
32.826 0.988832
32.886 0.988852
32.946 0.988873
33.006 0.988893
33.066 0.988913
33.126 0.988933
33.186 0.988953
33.246 0.988974
33.306 0.988994
33.366 0.989013
33.426 0.989033
33.486 0.989053
33.546 0.989073
33.606 0.989092
33.666 0.989112
33.726 0.989131
33.786 0.989151
33.846 0.98917
33.906 0.989189
33.966 0.989209
34.026 0.989228
34.086 0.989247
34.146 0.989266
34.206 0.989285
34.266 0.989304
34.326 0.989322
34.386 0.989341
34.446 0.98936
34.506 0.989378
34.566 0.989397
34.626 0.989415
34.686 0.989434
34.746 0.989452
34.806 0.98947
34.866 0.989489
34.926 0.989507
34.986 0.989525
35.046 0.989543
35.106 0.989561
35.166 0.989579
35.226 0.989597
35.286 0.989614
35.346 0.989632
35.406 0.98965
35.466 0.989667
35.526 0.989685
35.586 0.989702
35.646 0.98972
35.706 0.989737
35.766 0.989754
35.826 0.989772
35.886 0.989789
35.946 0.989806
36.006 0.989823
36.066 0.98984
36.126 0.989857
36.186 0.989874
36.246 0.989891
36.306 0.989908
36.366 0.989924
36.426 0.989941
36.486 0.989958
36.546 0.989974
36.606 0.989991
36.666 0.990007
36.726 0.990024
36.786 0.99004
36.846 0.990056
36.906 0.990073
36.966 0.990089
37.026 0.990105
37.086 0.990121
37.146 0.990137
37.206 0.990153
37.266 0.990169
37.326 0.990185
37.386 0.990201
37.446 0.990216
37.506 0.990232
37.566 0.990248
37.626 0.990263
37.686 0.990279
37.746 0.990295
37.806 0.99031
37.866 0.990325
37.926 0.990341
37.986 0.990356
38.046 0.990371
38.106 0.990387
38.166 0.990402
38.226 0.990417
38.286 0.990432
38.346 0.990447
38.406 0.990462
38.466 0.990477
38.526 0.990492
38.586 0.990507
38.646 0.990522
38.706 0.990536
38.766 0.990551
38.826 0.990566
38.886 0.99058
38.946 0.990595
39.006 0.99061
39.066 0.990624
39.126 0.990638
39.186 0.990653
39.246 0.990667
39.306 0.990682
39.366 0.990696
39.426 0.99071
39.486 0.990724
39.546 0.990738
39.606 0.990752
39.666 0.990767
39.726 0.990781
39.786 0.990794
39.846 0.990808
39.906 0.990822
39.966 0.990836
40.026 0.99085
40.086 0.990864
40.146 0.990877
40.206 0.990891
40.266 0.990905
40.326 0.990918
40.386 0.990932
40.446 0.990945
40.506 0.990959
40.566 0.990972
40.626 0.990986
40.686 0.990999
40.746 0.991012
40.806 0.991026
40.866 0.991039
40.926 0.991052
40.986 0.991065
41.046 0.991078
41.106 0.991091
41.166 0.991104
41.226 0.991117
41.286 0.99113
41.346 0.991143
41.406 0.991156
41.466 0.991169
41.526 0.991182
41.586 0.991195
41.646 0.991207
41.706 0.99122
41.766 0.991233
41.826 0.991245
41.886 0.991258
41.946 0.991271
42.006 0.991283
42.066 0.991296
42.126 0.991308
42.186 0.99132
42.246 0.991333
42.306 0.991345
42.366 0.991358
42.426 0.99137
42.486 0.991382
42.546 0.991394
42.606 0.991406
42.666 0.991419
42.726 0.991431
42.786 0.991443
42.846 0.991455
42.906 0.991467
42.966 0.991479
43.026 0.991491
43.086 0.991503
43.146 0.991514
43.206 0.991526
43.266 0.991538
43.326 0.99155
43.386 0.991562
43.446 0.991573
43.506 0.991585
43.566 0.991597
43.626 0.991608
43.686 0.99162
43.746 0.991631
43.806 0.991643
43.866 0.991654
43.926 0.991666
43.986 0.991677
44.046 0.991689
44.106 0.9917
44.166 0.991711
44.226 0.991723
44.286 0.991734
44.346 0.991745
44.406 0.991756
44.466 0.991767
44.526 0.991779
44.586 0.99179
44.646 0.991801
44.706 0.991812
44.766 0.991823
44.826 0.991834
44.886 0.991845
44.946 0.991856
45.006 0.991867
45.066 0.991877
45.126 0.991888
45.186 0.991899
45.246 0.99191
45.306 0.991921
45.366 0.991931
45.426 0.991942
45.486 0.991953
45.546 0.991963
45.606 0.991974
45.666 0.991985
45.726 0.991995
45.786 0.992006
45.846 0.992016
45.906 0.992027
45.966 0.992037
46.026 0.992048
46.086 0.992058
46.146 0.992068
46.206 0.992079
46.266 0.992089
46.326 0.992099
46.386 0.99211
46.446 0.99212
46.506 0.99213
46.566 0.99214
46.626 0.99215
46.686 0.99216
46.746 0.992171
46.806 0.992181
46.866 0.992191
46.926 0.992201
46.986 0.992211
47.046 0.992221
47.106 0.992231
47.166 0.992241
47.226 0.99225
47.286 0.99226
47.346 0.99227
47.406 0.99228
47.466 0.99229
47.526 0.9923
47.586 0.992309
47.646 0.992319
47.706 0.992329
47.766 0.992338
47.826 0.992348
47.886 0.992358
47.946 0.992367
48.006 0.992377
48.066 0.992386
48.126 0.992396
48.186 0.992405
48.246 0.992415
48.306 0.992424
48.366 0.992434
48.426 0.992443
48.486 0.992453
48.546 0.992462
48.606 0.992471
48.666 0.992481
48.726 0.99249
48.786 0.992499
48.846 0.992508
48.906 0.992518
48.966 0.992527
49.026 0.992536
49.086 0.992545
49.146 0.992554
49.206 0.992563
49.266 0.992572
49.326 0.992582
49.386 0.992591
49.446 0.9926
49.506 0.992609
49.566 0.992618
49.626 0.992627
49.686 0.992636
49.746 0.992644
49.806 0.992653
49.866 0.992662
49.926 0.992671
49.986 0.99268
50.046 0.992689
50.106 0.992697
50.166 0.992706
50.226 0.992715
50.286 0.992724
50.346 0.992732
50.406 0.992741
50.466 0.99275
50.526 0.992758
50.586 0.992767
50.646 0.992776
50.706 0.992784
50.766 0.992793
50.826 0.992801
50.886 0.99281
50.946 0.992818
51.006 0.992827
51.066 0.992835
51.126 0.992844
51.186 0.992852
51.246 0.992861
51.306 0.992869
51.366 0.992877
51.426 0.992886
51.486 0.992894
51.546 0.992902
51.606 0.99291
51.666 0.992919
51.726 0.992927
51.786 0.992935
51.846 0.992943
51.906 0.992952
51.966 0.99296
52.026 0.992968
52.086 0.992976
52.146 0.992984
52.206 0.992992
52.266 0.993
52.326 0.993008
52.386 0.993016
52.446 0.993024
52.506 0.993032
52.566 0.99304
52.626 0.993048
52.686 0.993056
52.746 0.993064
52.806 0.993072
52.866 0.99308
52.926 0.993088
52.986 0.993096
53.046 0.993104
53.106 0.993111
53.166 0.993119
53.226 0.993127
53.286 0.993135
53.346 0.993143
53.406 0.99315
53.466 0.993158
53.526 0.993166
53.586 0.993173
53.646 0.993181
53.706 0.993189
53.766 0.993196
53.826 0.993204
53.886 0.993211
53.946 0.993219
54.006 0.993227
54.066 0.993234
54.126 0.993242
54.186 0.993249
54.246 0.993257
54.306 0.993264
54.366 0.993272
54.426 0.993279
54.486 0.993286
54.546 0.993294
54.606 0.993301
54.666 0.993309
54.726 0.993316
54.786 0.993323
54.846 0.993331
54.906 0.993338
54.966 0.993345
55.026 0.993353
55.086 0.99336
55.146 0.993367
55.206 0.993374
55.266 0.993382
55.326 0.993389
55.386 0.993396
55.446 0.993403
55.506 0.99341
55.566 0.993417
55.626 0.993425
55.686 0.993432
55.746 0.993439
55.806 0.993446
55.866 0.993453
55.926 0.99346
55.986 0.993467
56.046 0.993474
56.106 0.993481
56.166 0.993488
56.226 0.993495
56.286 0.993502
56.346 0.993509
56.406 0.993516
56.466 0.993523
56.526 0.99353
56.586 0.993536
56.646 0.993543
56.706 0.99355
56.766 0.993557
56.826 0.993564
56.886 0.993571
56.946 0.993577
57.006 0.993584
57.066 0.993591
57.126 0.993598
57.186 0.993604
57.246 0.993611
57.306 0.993618
57.366 0.993625
57.426 0.993631
57.486 0.993638
57.546 0.993645
57.606 0.993651
57.666 0.993658
57.726 0.993665
57.786 0.993671
57.846 0.993678
57.906 0.993684
57.966 0.993691
58.026 0.993697
58.086 0.993704
58.146 0.99371
58.206 0.993717
58.266 0.993723
58.326 0.99373
58.386 0.993736
58.446 0.993743
58.506 0.993749
58.566 0.993756
58.626 0.993762
58.686 0.993768
58.746 0.993775
58.806 0.993781
58.866 0.993788
58.926 0.993794
58.986 0.9938
59.046 0.993807
59.106 0.993813
59.166 0.993819
59.226 0.993825
59.286 0.993832
59.346 0.993838
59.406 0.993844
59.466 0.99385
59.526 0.993857
59.586 0.993863
59.646 0.993869
59.706 0.993875
59.766 0.993881
59.826 0.993888
59.886 0.993894
59.946 0.9939

