0.006 1
0.066 1.00027
0.126 1.001
0.186 1.00218
0.246 1.0038
0.306 1.00587
0.366 1.00837
0.426 1.01129
0.486 1.01463
0.546 1.01837
0.606 1.0225
0.666 1.02701
0.726 1.03187
0.786 1.03708
0.846 1.0426
0.906 1.04842
0.966 1.05453
1.026 1.06089
1.086 1.06748
1.146 1.07429
1.206 1.08128
1.266 1.08843
1.326 1.09571
1.386 1.1031
1.446 1.11058
1.506 1.11811
1.566 1.12568
1.626 1.13326
1.686 1.14083
1.746 1.14837
1.806 1.15584
1.866 1.16325
1.926 1.17055
1.986 1.17775
2.046 1.18483
2.106 1.19176
2.166 1.19855
2.226 1.20517
2.286 1.21162
2.346 1.21789
2.406 1.22398
2.466 1.22988
2.526 1.23558
2.586 1.24109
2.646 1.2464
2.706 1.25152
2.766 1.25643
2.826 1.26115
2.886 1.26567
2.946 1.27
3.006 1.27413
3.066 1.27808
3.126 1.28184
3.186 1.28542
3.246 1.28882
3.306 1.29204
3.366 1.29508
3.426 1.29796
3.486 1.30067
3.546 1.30321
3.606 1.30559
3.666 1.30781
3.726 1.30988
3.786 1.31179
3.846 1.31355
3.906 1.31517
3.966 1.31663
4.026 1.31795
4.086 1.31913
4.146 1.32017
4.206 1.32106
4.266 1.32182
4.326 1.32245
4.386 1.32294
4.446 1.3233
4.506 1.32353
4.566 1.32363
4.626 1.3236
4.686 1.32344
4.746 1.32317
4.806 1.32277
4.866 1.32224
4.926 1.3216
4.986 1.32085
5.046 1.31997
5.106 1.31899
5.166 1.31789
5.226 1.31668
5.286 1.31537
5.346 1.31395
5.406 1.31243
5.466 1.3108
5.526 1.30908
5.586 1.30726
5.646 1.30534
5.706 1.30333
5.766 1.30124
5.826 1.29905
5.886 1.29678
5.946 1.29443
6.006 1.292
6.066 1.28949
6.126 1.2869
6.186 1.28424
6.246 1.28152
6.306 1.27872
6.366 1.27586
6.426 1.27294
6.486 1.26995
6.546 1.26691
6.606 1.26381
6.666 1.26066
6.726 1.25746
6.786 1.25425
6.846 1.25112
6.906 1.24806
6.966 1.24507
7.026 1.24216
7.086 1.23931
7.146 1.23653
7.206 1.23382
7.266 1.23117
7.326 1.22858
7.386 1.22605
7.446 1.22357
7.506 1.22114
7.566 1.21877
7.626 1.21645
7.686 1.21418
7.746 1.21196
7.806 1.20978
7.866 1.20765
7.926 1.20556
7.986 1.20351
8.046 1.2015
8.106 1.19954
8.166 1.19761
8.226 1.19571
8.286 1.19386
8.346 1.19204
8.406 1.19025
8.466 1.1885
8.526 1.18678
8.586 1.18509
8.646 1.18343
8.706 1.1818
8.766 1.1802
8.826 1.17862
8.886 1.17708
8.946 1.17556
9.006 1.17407
9.066 1.1726
9.126 1.17116
9.186 1.16974
9.246 1.16834
9.306 1.16697
9.366 1.16562
9.426 1.16429
9.486 1.16298
9.546 1.1617
9.606 1.16043
9.666 1.15918
9.726 1.15796
9.786 1.15675
9.846 1.15556
9.906 1.15439
9.966 1.15323
10.026 1.1521
10.086 1.15098
10.146 1.14987
10.206 1.14879
10.266 1.14771
10.326 1.14666
10.386 1.14562
10.446 1.14459
10.506 1.14358
10.566 1.14258
10.626 1.1416
10.686 1.14063
10.746 1.13967
10.806 1.13872
10.866 1.13779
10.926 1.13687
10.986 1.13597
11.046 1.13507
11.106 1.13419
11.166 1.13332
11.226 1.13246
11.286 1.13161
11.346 1.13077
11.406 1.12994
11.466 1.12912
11.526 1.12832
11.586 1.12752
11.646 1.12673
11.706 1.12595
11.766 1.12519
11.826 1.12443
11.886 1.12368
11.946 1.12294
12.006 1.12221
12.066 1.12148
12.126 1.12077
12.186 1.12006
12.246 1.11936
12.306 1.11868
12.366 1.11799
12.426 1.11732
12.486 1.11665
12.546 1.11599
12.606 1.11534
12.666 1.1147
12.726 1.11406
12.786 1.11343
12.846 1.11281
12.906 1.11219
12.966 1.11158
13.026 1.11098
13.086 1.11039
13.146 1.1098
13.206 1.10921
13.266 1.10863
13.326 1.10806
13.386 1.1075
13.446 1.10694
13.506 1.10639
13.566 1.10584
13.626 1.1053
13.686 1.10476
13.746 1.10423
13.806 1.1037
13.866 1.10318
13.926 1.10267
13.986 1.10216
14.046 1.10165
14.106 1.10115
14.166 1.10065
14.226 1.10016
14.286 1.09968
14.346 1.0992
14.406 1.09872
14.466 1.09825
14.526 1.09778
14.586 1.09732
14.646 1.09686
14.706 1.09641
14.766 1.09596
14.826 1.09551
14.886 1.09507
14.946 1.09463
15.006 1.0942
15.066 1.09377
15.126 1.09334
15.186 1.09292
15.246 1.0925
15.306 1.09209
15.366 1.09168
15.426 1.09127
15.486 1.09087
15.546 1.09047
15.606 1.09007
15.666 1.08968
15.726 1.08929
15.786 1.0889
15.846 1.08852
15.906 1.08814
15.966 1.08777
16.026 1.08739
16.086 1.08702
16.146 1.08666
16.206 1.08629
16.266 1.08593
16.326 1.08558
16.386 1.08522
16.446 1.08487
16.506 1.08452
16.566 1.08417
16.626 1.08383
16.686 1.08349
16.746 1.08315
16.806 1.08282
16.866 1.08249
16.926 1.08216
16.986 1.08183
17.046 1.08151
17.106 1.08118
17.166 1.08087
17.226 1.08055
17.286 1.08023
17.346 1.07992
17.406 1.07961
17.466 1.07931
17.526 1.079
17.586 1.0787
17.646 1.0784
17.706 1.0781
17.766 1.07781
17.826 1.07751
17.886 1.07722
17.946 1.07693
18.006 1.07665
18.066 1.07636
18.126 1.07608
18.186 1.0758
18.246 1.07552
18.306 1.07525
18.366 1.07497
18.426 1.0747
18.486 1.07443
18.546 1.07416
18.606 1.0739
18.666 1.07363
18.726 1.07337
18.786 1.07311
18.846 1.07285
18.906 1.07259
18.966 1.07234
19.026 1.07208
19.086 1.07183
19.146 1.07158
19.206 1.07133
19.266 1.07109
19.326 1.07084
19.386 1.0706
19.446 1.07036
19.506 1.07012
19.566 1.06988
19.626 1.06964
19.686 1.06941
19.746 1.06918
19.806 1.06894
19.866 1.06871
19.926 1.06849
19.986 1.06826
20.046 1.06803
20.106 1.06781
20.166 1.06759
20.226 1.06736
20.286 1.06714
20.346 1.06693
20.406 1.06671
20.466 1.06649
20.526 1.06628
20.586 1.06607
20.646 1.06586
20.706 1.06565
20.766 1.06544
20.826 1.06523
20.886 1.06502
20.946 1.06482
21.006 1.06462
21.066 1.06441
21.126 1.06421
21.186 1.06401
21.246 1.06381
21.306 1.06362
21.366 1.06342
21.426 1.06323
21.486 1.06303
21.546 1.06284
21.606 1.06265
21.666 1.06246
21.726 1.06227
21.786 1.06208
21.846 1.0619
21.906 1.06171
21.966 1.06153
22.026 1.06134
22.086 1.06116
22.146 1.06098
22.206 1.0608
22.266 1.06062
22.326 1.06044
22.386 1.06026
22.446 1.06009
22.506 1.05991
22.566 1.05974
22.626 1.05957
22.686 1.0594
22.746 1.05922
22.806 1.05905
22.866 1.05889
22.926 1.05872
22.986 1.05855
23.046 1.05838
23.106 1.05822
23.166 1.05806
23.226 1.05789
23.286 1.05773
23.346 1.05757
23.406 1.05741
23.466 1.05725
23.526 1.05709
23.586 1.05693
23.646 1.05677
23.706 1.05662
23.766 1.05646
23.826 1.05631
23.886 1.05616
23.946 1.056
24.006 1.05585
24.066 1.0557
24.126 1.05555
24.186 1.0554
24.246 1.05525
24.306 1.0551
24.366 1.05496
24.426 1.05481
24.486 1.05466
24.546 1.05452
24.606 1.05438
24.666 1.05423
24.726 1.05409
24.786 1.05395
24.846 1.05381
24.906 1.05367
24.966 1.05353
25.026 1.05339
25.086 1.05325
25.146 1.05311
25.206 1.05298
25.266 1.05284
25.326 1.05271
25.386 1.05257
25.446 1.05244
25.506 1.0523
25.566 1.05217
25.626 1.05204
25.686 1.05191
25.746 1.05178
25.806 1.05165
25.866 1.05152
25.926 1.05139
25.986 1.05126
26.046 1.05113
26.106 1.05101
26.166 1.05088
26.226 1.05076
26.286 1.05063
26.346 1.05051
26.406 1.05038
26.466 1.05026
26.526 1.05014
26.586 1.05002
26.646 1.0499
26.706 1.04977
26.766 1.04965
26.826 1.04954
26.886 1.04942
26.946 1.0493
27.006 1.04918
27.066 1.04906
27.126 1.04895
27.186 1.04883
27.246 1.04872
27.306 1.0486
27.366 1.04849
27.426 1.04837
27.486 1.04826
27.546 1.04815
27.606 1.04803
27.666 1.04792
27.726 1.04781
27.786 1.0477
27.846 1.04759
27.906 1.04748
27.966 1.04737
28.026 1.04726
28.086 1.04715
28.146 1.04705
28.206 1.04694
28.266 1.04683
28.326 1.04673
28.386 1.04662
28.446 1.04651
28.506 1.04641
28.566 1.04631
28.626 1.0462
28.686 1.0461
28.746 1.04599
28.806 1.04589
28.866 1.04579
28.926 1.04569
28.986 1.04559
29.046 1.04549
29.106 1.04539
29.166 1.04529
29.226 1.04519
29.286 1.04509
29.346 1.04499
29.406 1.04489
29.466 1.04479
29.526 1.0447
29.586 1.0446
29.646 1.0445
29.706 1.04441
29.766 1.04431
29.826 1.04422
29.886 1.04412
29.946 1.04403
30.006 1.04393
30.066 1.04384
30.126 1.04375
30.186 1.04365
30.246 1.04356
30.306 1.04347
30.366 1.04338
30.426 1.04329
30.486 1.0432
30.546 1.04311
30.606 1.04302
30.666 1.04293
30.726 1.04284
30.786 1.04275
30.846 1.04266
30.906 1.04257
30.966 1.04248
31.026 1.0424
31.086 1.04231
31.146 1.04222
31.206 1.04214
31.266 1.04205
31.326 1.04196
31.386 1.04188
31.446 1.04179
31.506 1.04171
31.566 1.04163
31.626 1.04154
31.686 1.04146
31.746 1.04137
31.806 1.04129
31.866 1.04121
31.926 1.04113
31.986 1.04104
32.046 1.04096
32.106 1.04088
32.166 1.0408
32.226 1.04072
32.286 1.04064
32.346 1.04056
32.406 1.04048
32.466 1.0404
32.526 1.04032
32.586 1.04024
32.646 1.04016
32.706 1.04009
32.766 1.04001
32.826 1.03993
32.886 1.03985
32.946 1.03978
33.006 1.0397
33.066 1.03962
33.126 1.03955
33.186 1.03947
33.246 1.0394
33.306 1.03932
33.366 1.03925
33.426 1.03917
33.486 1.0391
33.546 1.03902
33.606 1.03895
33.666 1.03888
33.726 1.0388
33.786 1.03873
33.846 1.03866
33.906 1.03858
33.966 1.03851
34.026 1.03844
34.086 1.03837
34.146 1.0383
34.206 1.03823
34.266 1.03816
34.326 1.03808
34.386 1.03801
34.446 1.03794
34.506 1.03787
34.566 1.03781
34.626 1.03774
34.686 1.03767
34.746 1.0376
34.806 1.03753
34.866 1.03746
34.926 1.03739
34.986 1.03733
35.046 1.03726
35.106 1.03719
35.166 1.03712
35.226 1.03706
35.286 1.03699
35.346 1.03692
35.406 1.03686
35.466 1.03679
35.526 1.03673
35.586 1.03666
35.646 1.0366
35.706 1.03653
35.766 1.03647
35.826 1.0364
35.886 1.03634
35.946 1.03627
36.006 1.03621
36.066 1.03615
36.126 1.03608
36.186 1.03602
36.246 1.03596
36.306 1.03589
36.366 1.03583
36.426 1.03577
36.486 1.03571
36.546 1.03565
36.606 1.03558
36.666 1.03552
36.726 1.03546
36.786 1.0354
36.846 1.03534
36.906 1.03528
36.966 1.03522
37.026 1.03516
37.086 1.0351
37.146 1.03504
37.206 1.03498
37.266 1.03492
37.326 1.03486
37.386 1.0348
37.446 1.03474
37.506 1.03469
37.566 1.03463
37.626 1.03457
37.686 1.03451
37.746 1.03445
37.806 1.0344
37.866 1.03434
37.926 1.03428
37.986 1.03422
38.046 1.03417
38.106 1.03411
38.166 1.03406
38.226 1.034
38.286 1.03394
38.346 1.03389
38.406 1.03383
38.466 1.03378
38.526 1.03372
38.586 1.03367
38.646 1.03361
38.706 1.03356
38.766 1.0335
38.826 1.03345
38.886 1.03339
38.946 1.03334
39.006 1.03328
39.066 1.03323
39.126 1.03318
39.186 1.03312
39.246 1.03307
39.306 1.03302
39.366 1.03297
39.426 1.03291
39.486 1.03286
39.546 1.03281
39.606 1.03276
39.666 1.0327
39.726 1.03265
39.786 1.0326
39.846 1.03255
39.906 1.0325
39.966 1.03245
40.026 1.03239
40.086 1.03234
40.146 1.03229
40.206 1.03224
40.266 1.03219
40.326 1.03214
40.386 1.03209
40.446 1.03204
40.506 1.03199
40.566 1.03194
40.626 1.03189
40.686 1.03184
40.746 1.03179
40.806 1.03175
40.866 1.0317
40.926 1.03165
40.986 1.0316
41.046 1.03155
41.106 1.0315
41.166 1.03145
41.226 1.03141
41.286 1.03136
41.346 1.03131
41.406 1.03126
41.466 1.03122
41.526 1.03117
41.586 1.03112
41.646 1.03108
41.706 1.03103
41.766 1.03098
41.826 1.03094
41.886 1.03089
41.946 1.03084
42.006 1.0308
42.066 1.03075
42.126 1.0307
42.186 1.03066
42.246 1.03061
42.306 1.03057
42.366 1.03052
42.426 1.03048
42.486 1.03043
42.546 1.03039
42.606 1.03034
42.666 1.0303
42.726 1.03025
42.786 1.03021
42.846 1.03017
42.906 1.03012
42.966 1.03008
43.026 1.03003
43.086 1.02999
43.146 1.02995
43.206 1.0299
43.266 1.02986
43.326 1.02982
43.386 1.02977
43.446 1.02973
43.506 1.02969
43.566 1.02964
43.626 1.0296
43.686 1.02956
43.746 1.02952
43.806 1.02947
43.866 1.02943
43.926 1.02939
43.986 1.02935
44.046 1.02931
44.106 1.02927
44.166 1.02922
44.226 1.02918
44.286 1.02914
44.346 1.0291
44.406 1.02906
44.466 1.02902
44.526 1.02898
44.586 1.02894
44.646 1.0289
44.706 1.02886
44.766 1.02881
44.826 1.02877
44.886 1.02873
44.946 1.02869
45.006 1.02865
45.066 1.02861
45.126 1.02858
45.186 1.02854
45.246 1.0285
45.306 1.02846
45.366 1.02842
45.426 1.02838
45.486 1.02834
45.546 1.0283
45.606 1.02826
45.666 1.02822
45.726 1.02818
45.786 1.02815
45.846 1.02811
45.906 1.02807
45.966 1.02803
46.026 1.02799
46.086 1.02795
46.146 1.02792
46.206 1.02788
46.266 1.02784
46.326 1.0278
46.386 1.02777
46.446 1.02773
46.506 1.02769
46.566 1.02765
46.626 1.02762
46.686 1.02758
46.746 1.02754
46.806 1.02751
46.866 1.02747
46.926 1.02743
46.986 1.0274
47.046 1.02736
47.106 1.02732
47.166 1.02729
47.226 1.02725
47.286 1.02722
47.346 1.02718
47.406 1.02714
47.466 1.02711
47.526 1.02707
47.586 1.02704
47.646 1.027
47.706 1.02697
47.766 1.02693
47.826 1.0269
47.886 1.02686
47.946 1.02683
48.006 1.02679
48.066 1.02676
48.126 1.02672
48.186 1.02669
48.246 1.02665
48.306 1.02662
48.366 1.02658
48.426 1.02655
48.486 1.02652
48.546 1.02648
48.606 1.02645
48.666 1.02641
48.726 1.02638
48.786 1.02635
48.846 1.02631
48.906 1.02628
48.966 1.02625
49.026 1.02621
49.086 1.02618
49.146 1.02615
49.206 1.02611
49.266 1.02608
49.326 1.02605
49.386 1.02601
49.446 1.02598
49.506 1.02595
49.566 1.02591
49.626 1.02588
49.686 1.02585
49.746 1.02582
49.806 1.02579
49.866 1.02575
49.926 1.02572
49.986 1.02569
50.046 1.02566
50.106 1.02562
50.166 1.02559
50.226 1.02556
50.286 1.02553
50.346 1.0255
50.406 1.02547
50.466 1.02544
50.526 1.0254
50.586 1.02537
50.646 1.02534
50.706 1.02531
50.766 1.02528
50.826 1.02525
50.886 1.02522
50.946 1.02519
51.006 1.02516
51.066 1.02512
51.126 1.02509
51.186 1.02506
51.246 1.02503
51.306 1.025
51.366 1.02497
51.426 1.02494
51.486 1.02491
51.546 1.02488
51.606 1.02485
51.666 1.02482
51.726 1.02479
51.786 1.02476
51.846 1.02473
51.906 1.0247
51.966 1.02467
52.026 1.02464
52.086 1.02461
52.146 1.02459
52.206 1.02456
52.266 1.02453
52.326 1.0245
52.386 1.02447
52.446 1.02444
52.506 1.02441
52.566 1.02438
52.626 1.02435
52.686 1.02432
52.746 1.0243
52.806 1.02427
52.866 1.02424
52.926 1.02421
52.986 1.02418
53.046 1.02415
53.106 1.02412
53.166 1.0241
53.226 1.02407
53.286 1.02404
53.346 1.02401
53.406 1.02398
53.466 1.02396
53.526 1.02393
53.586 1.0239
53.646 1.02387
53.706 1.02385
53.766 1.02382
53.826 1.02379
53.886 1.02376
53.946 1.02374
54.006 1.02371
54.066 1.02368
54.126 1.02365
54.186 1.02363
54.246 1.0236
54.306 1.02357
54.366 1.02355
54.426 1.02352
54.486 1.02349
54.546 1.02347
54.606 1.02344
54.666 1.02341
54.726 1.02339
54.786 1.02336
54.846 1.02333
54.906 1.02331
54.966 1.02328
55.026 1.02325
55.086 1.02323
55.146 1.0232
55.206 1.02317
55.266 1.02315
55.326 1.02312
55.386 1.0231
55.446 1.02307
55.506 1.02305
55.566 1.02302
55.626 1.02299
55.686 1.02297
55.746 1.02294
55.806 1.02292
55.866 1.02289
55.926 1.02287
55.986 1.02284
56.046 1.02282
56.106 1.02279
56.166 1.02276
56.226 1.02274
56.286 1.02271
56.346 1.02269
56.406 1.02266
56.466 1.02264
56.526 1.02261
56.586 1.02259
56.646 1.02257
56.706 1.02254
56.766 1.02252
56.826 1.02249
56.886 1.02247
56.946 1.02244
57.006 1.02242
57.066 1.02239
57.126 1.02237
57.186 1.02235
57.246 1.02232
57.306 1.0223
57.366 1.02227
57.426 1.02225
57.486 1.02222
57.546 1.0222
57.606 1.02218
57.666 1.02215
57.726 1.02213
57.786 1.02211
57.846 1.02208
57.906 1.02206
57.966 1.02203
58.026 1.02201
58.086 1.02199
58.146 1.02196
58.206 1.02194
58.266 1.02192
58.326 1.02189
58.386 1.02187
58.446 1.02185
58.506 1.02182
58.566 1.0218
58.626 1.02178
58.686 1.02176
58.746 1.02173
58.806 1.02171
58.866 1.02169
58.926 1.02166
58.986 1.02164
59.046 1.02162
59.106 1.0216
59.166 1.02157
59.226 1.02155
59.286 1.02153
59.346 1.02151
59.406 1.02148
59.466 1.02146
59.526 1.02144
59.586 1.02142
59.646 1.02139
59.706 1.02137
59.766 1.02135
59.826 1.02133
59.886 1.02131
59.946 1.02128

