0.006 1
0.066 1.00044
0.126 1.00161
0.186 1.00351
0.246 1.00612
0.306 1.00943
0.366 1.01342
0.426 1.01807
0.486 1.02336
0.546 1.02925
0.606 1.03571
0.666 1.04271
0.726 1.0502
0.786 1.05815
0.846 1.0665
0.906 1.07521
0.966 1.08423
1.026 1.0935
1.086 1.10297
1.146 1.11259
1.206 1.1223
1.266 1.13206
1.326 1.1418
1.386 1.15148
1.446 1.16106
1.506 1.17048
1.566 1.17971
1.626 1.18871
1.686 1.19744
1.746 1.20588
1.806 1.21401
1.866 1.2218
1.926 1.22924
1.986 1.23632
2.046 1.24303
2.106 1.24937
2.166 1.25533
2.226 1.26093
2.286 1.26616
2.346 1.27104
2.406 1.27557
2.466 1.27977
2.526 1.28365
2.586 1.28721
2.646 1.29048
2.706 1.29347
2.766 1.29618
2.826 1.29865
2.886 1.30087
2.946 1.30286
3.006 1.30463
3.066 1.3062
3.126 1.30758
3.186 1.30877
3.246 1.3098
3.306 1.31065
3.366 1.31135
3.426 1.31191
3.486 1.31232
3.546 1.3126
3.606 1.31276
3.666 1.31279
3.726 1.3127
3.786 1.3125
3.846 1.3122
3.906 1.31179
3.966 1.31128
4.026 1.31067
4.086 1.30997
4.146 1.30917
4.206 1.30829
4.266 1.30732
4.326 1.30627
4.386 1.30513
4.446 1.30392
4.506 1.30262
4.566 1.30125
4.626 1.29981
4.686 1.29829
4.746 1.29669
4.806 1.29503
4.866 1.2933
4.926 1.2915
4.986 1.28964
5.046 1.28771
5.106 1.28571
5.166 1.28366
5.226 1.28154
5.286 1.27937
5.346 1.27714
5.406 1.27485
5.466 1.2725
5.526 1.27011
5.586 1.26766
5.646 1.26516
5.706 1.26262
5.766 1.26002
5.826 1.25738
5.886 1.2547
5.946 1.25197
6.006 1.2492
6.066 1.24639
6.126 1.24355
6.186 1.24066
6.246 1.23774
6.306 1.23479
6.366 1.2318
6.426 1.22884
6.486 1.22596
6.546 1.22314
6.606 1.2204
6.666 1.21772
6.726 1.21511
6.786 1.21256
6.846 1.21007
6.906 1.20764
6.966 1.20526
7.026 1.20294
7.086 1.20067
7.146 1.19845
7.206 1.19628
7.266 1.19416
7.326 1.19208
7.386 1.19005
7.446 1.18806
7.506 1.18611
7.566 1.1842
7.626 1.18233
7.686 1.1805
7.746 1.1787
7.806 1.17694
7.866 1.17522
7.926 1.17353
7.986 1.17187
8.046 1.17024
8.106 1.16864
8.166 1.16708
8.226 1.16554
8.286 1.16403
8.346 1.16255
8.406 1.16109
8.466 1.15966
8.526 1.15826
8.586 1.15688
8.646 1.15552
8.706 1.15419
8.766 1.15288
8.826 1.15159
8.886 1.15032
8.946 1.14908
9.006 1.14786
9.066 1.14665
9.126 1.14547
9.186 1.1443
9.246 1.14315
9.306 1.14202
9.366 1.14091
9.426 1.13982
9.486 1.13874
9.546 1.13768
9.606 1.13664
9.666 1.13561
9.726 1.1346
9.786 1.1336
9.846 1.13261
9.906 1.13165
9.966 1.13069
10.026 1.12975
10.086 1.12882
10.146 1.12791
10.206 1.12701
10.266 1.12612
10.326 1.12524
10.386 1.12438
10.446 1.12353
10.506 1.12269
10.566 1.12186
10.626 1.12104
10.686 1.12023
10.746 1.11943
10.806 1.11865
10.866 1.11787
10.926 1.11711
10.986 1.11635
11.046 1.11561
11.106 1.11487
11.166 1.11414
11.226 1.11343
11.286 1.11272
11.346 1.11202
11.406 1.11133
11.466 1.11064
11.526 1.10997
11.586 1.1093
11.646 1.10864
11.706 1.10799
11.766 1.10735
11.826 1.10672
11.886 1.10609
11.946 1.10547
12.006 1.10486
12.066 1.10425
12.126 1.10365
12.186 1.10306
12.246 1.10247
12.306 1.10189
12.366 1.10132
12.426 1.10076
12.486 1.1002
12.546 1.09964
12.606 1.0991
12.666 1.09856
12.726 1.09802
12.786 1.09749
12.846 1.09697
12.906 1.09645
12.966 1.09594
13.026 1.09543
13.086 1.09493
13.146 1.09443
13.206 1.09394
13.266 1.09345
13.326 1.09297
13.386 1.0925
13.446 1.09202
13.506 1.09156
13.566 1.0911
13.626 1.09064
13.686 1.09019
13.746 1.08974
13.806 1.08929
13.866 1.08885
13.926 1.08842
13.986 1.08799
14.046 1.08756
14.106 1.08714
14.166 1.08672
14.226 1.08631
14.286 1.0859
14.346 1.08549
14.406 1.08509
14.466 1.08469
14.526 1.08429
14.586 1.0839
14.646 1.08351
14.706 1.08313
14.766 1.08275
14.826 1.08237
14.886 1.082
14.946 1.08163
15.006 1.08126
15.066 1.08089
15.126 1.08053
15.186 1.08018
15.246 1.07982
15.306 1.07947
15.366 1.07912
15.426 1.07878
15.486 1.07844
15.546 1.0781
15.606 1.07776
15.666 1.07743
15.726 1.0771
15.786 1.07677
15.846 1.07644
15.906 1.07612
15.966 1.0758
16.026 1.07549
16.086 1.07517
16.146 1.07486
16.206 1.07455
16.266 1.07424
16.326 1.07394
16.386 1.07364
16.446 1.07334
16.506 1.07304
16.566 1.07275
16.626 1.07246
16.686 1.07217
16.746 1.07188
16.806 1.0716
16.866 1.07131
16.926 1.07103
16.986 1.07076
17.046 1.07048
17.106 1.07021
17.166 1.06993
17.226 1.06966
17.286 1.0694
17.346 1.06913
17.406 1.06887
17.466 1.06861
17.526 1.06835
17.586 1.06809
17.646 1.06783
17.706 1.06758
17.766 1.06733
17.826 1.06708
17.886 1.06683
17.946 1.06658
18.006 1.06634
18.066 1.0661
18.126 1.06586
18.186 1.06562
18.246 1.06538
18.306 1.06514
18.366 1.06491
18.426 1.06468
18.486 1.06445
18.546 1.06422
18.606 1.06399
18.666 1.06376
18.726 1.06354
18.786 1.06332
18.846 1.0631
18.906 1.06288
18.966 1.06266
19.026 1.06244
19.086 1.06223
19.146 1.06201
19.206 1.0618
19.266 1.06159
19.326 1.06138
19.386 1.06117
19.446 1.06097
19.506 1.06076
19.566 1.06056
19.626 1.06036
19.686 1.06016
19.746 1.05996
19.806 1.05976
19.866 1.05956
19.926 1.05937
19.986 1.05917
20.046 1.05898
20.106 1.05879
20.166 1.0586
20.226 1.05841
20.286 1.05822
20.346 1.05803
20.406 1.05785
20.466 1.05766
20.526 1.05748
20.586 1.0573
20.646 1.05711
20.706 1.05694
20.766 1.05676
20.826 1.05658
20.886 1.0564
20.946 1.05623
21.006 1.05605
21.066 1.05588
21.126 1.05571
21.186 1.05554
21.246 1.05537
21.306 1.0552
21.366 1.05503
21.426 1.05486
21.486 1.0547
21.546 1.05453
21.606 1.05437
21.666 1.0542
21.726 1.05404
21.786 1.05388
21.846 1.05372
21.906 1.05356
21.966 1.0534
22.026 1.05325
22.086 1.05309
22.146 1.05293
22.206 1.05278
22.266 1.05263
22.326 1.05247
22.386 1.05232
22.446 1.05217
22.506 1.05202
22.566 1.05187
22.626 1.05172
22.686 1.05157
22.746 1.05143
22.806 1.05128
22.866 1.05114
22.926 1.05099
22.986 1.05085
23.046 1.05071
23.106 1.05056
23.166 1.05042
23.226 1.05028
23.286 1.05014
23.346 1.05001
23.406 1.04987
23.466 1.04973
23.526 1.04959
23.586 1.04946
23.646 1.04932
23.706 1.04919
23.766 1.04906
23.826 1.04892
23.886 1.04879
23.946 1.04866
24.006 1.04853
24.066 1.0484
24.126 1.04827
24.186 1.04814
24.246 1.04801
24.306 1.04789
24.366 1.04776
24.426 1.04763
24.486 1.04751
24.546 1.04738
24.606 1.04726
24.666 1.04714
24.726 1.04701
24.786 1.04689
24.846 1.04677
24.906 1.04665
24.966 1.04653
25.026 1.04641
25.086 1.04629
25.146 1.04617
25.206 1.04606
25.266 1.04594
25.326 1.04582
25.386 1.04571
25.446 1.04559
25.506 1.04548
25.566 1.04536
25.626 1.04525
25.686 1.04514
25.746 1.04502
25.806 1.04491
25.866 1.0448
25.926 1.04469
25.986 1.04458
26.046 1.04447
26.106 1.04436
26.166 1.04425
26.226 1.04414
26.286 1.04404
26.346 1.04393
26.406 1.04382
26.466 1.04372
26.526 1.04361
26.586 1.04351
26.646 1.0434
26.706 1.0433
26.766 1.0432
26.826 1.04309
26.886 1.04299
26.946 1.04289
27.006 1.04279
27.066 1.04269
27.126 1.04259
27.186 1.04248
27.246 1.04239
27.306 1.04229
27.366 1.04219
27.426 1.04209
27.486 1.04199
27.546 1.04189
27.606 1.0418
27.666 1.0417
27.726 1.04161
27.786 1.04151
27.846 1.04141
27.906 1.04132
27.966 1.04123
28.026 1.04113
28.086 1.04104
28.146 1.04095
28.206 1.04085
28.266 1.04076
28.326 1.04067
28.386 1.04058
28.446 1.04049
28.506 1.0404
28.566 1.04031
28.626 1.04022
28.686 1.04013
28.746 1.04004
28.806 1.03995
28.866 1.03986
28.926 1.03977
28.986 1.03969
29.046 1.0396
29.106 1.03951
29.166 1.03943
29.226 1.03934
29.286 1.03926
29.346 1.03917
29.406 1.03909
29.466 1.039
29.526 1.03892
29.586 1.03884
29.646 1.03875
29.706 1.03867
29.766 1.03859
29.826 1.0385
29.886 1.03842
29.946 1.03834
30.006 1.03826
30.066 1.03818
30.126 1.0381
30.186 1.03802
30.246 1.03794
30.306 1.03786
30.366 1.03778
30.426 1.0377
30.486 1.03762
30.546 1.03755
30.606 1.03747
30.666 1.03739
30.726 1.03731
30.786 1.03724
30.846 1.03716
30.906 1.03708
30.966 1.03701
31.026 1.03693
31.086 1.03686
31.146 1.03678
31.206 1.03671
31.266 1.03663
31.326 1.03656
31.386 1.03648
31.446 1.03641
31.506 1.03634
31.566 1.03626
31.626 1.03619
31.686 1.03612
31.746 1.03605
31.806 1.03598
31.866 1.0359
31.926 1.03583
31.986 1.03576
32.046 1.03569
32.106 1.03562
32.166 1.03555
32.226 1.03548
32.286 1.03541
32.346 1.03534
32.406 1.03527
32.466 1.03521
32.526 1.03514
32.586 1.03507
32.646 1.035
32.706 1.03493
32.766 1.03487
32.826 1.0348
32.886 1.03473
32.946 1.03467
33.006 1.0346
33.066 1.03453
33.126 1.03447
33.186 1.0344
33.246 1.03434
33.306 1.03427
33.366 1.03421
33.426 1.03414
33.486 1.03408
33.546 1.03401
33.606 1.03395
33.666 1.03389
33.726 1.03382
33.786 1.03376
33.846 1.0337
33.906 1.03363
33.966 1.03357
34.026 1.03351
34.086 1.03345
34.146 1.03339
34.206 1.03332
34.266 1.03326
34.326 1.0332
34.386 1.03314
34.446 1.03308
34.506 1.03302
34.566 1.03296
34.626 1.0329
34.686 1.03284
34.746 1.03278
34.806 1.03272
34.866 1.03266
34.926 1.0326
34.986 1.03254
35.046 1.03249
35.106 1.03243
35.166 1.03237
35.226 1.03231
35.286 1.03225
35.346 1.0322
35.406 1.03214
35.466 1.03208
35.526 1.03203
35.586 1.03197
35.646 1.03191
35.706 1.03186
35.766 1.0318
35.826 1.03175
35.886 1.03169
35.946 1.03163
36.006 1.03158
36.066 1.03152
36.126 1.03147
36.186 1.03141
36.246 1.03136
36.306 1.03131
36.366 1.03125
36.426 1.0312
36.486 1.03114
36.546 1.03109
36.606 1.03104
36.666 1.03098
36.726 1.03093
36.786 1.03088
36.846 1.03083
36.906 1.03077
36.966 1.03072
37.026 1.03067
37.086 1.03062
37.146 1.03056
37.206 1.03051
37.266 1.03046
37.326 1.03041
37.386 1.03036
37.446 1.03031
37.506 1.03026
37.566 1.03021
37.626 1.03016
37.686 1.03011
37.746 1.03006
37.806 1.03001
37.866 1.02996
37.926 1.02991
37.986 1.02986
38.046 1.02981
38.106 1.02976
38.166 1.02971
38.226 1.02966
38.286 1.02961
38.346 1.02957
38.406 1.02952
38.466 1.02947
38.526 1.02942
38.586 1.02937
38.646 1.02933
38.706 1.02928
38.766 1.02923
38.826 1.02918
38.886 1.02914
38.946 1.02909
39.006 1.02904
39.066 1.029
39.126 1.02895
39.186 1.0289
39.246 1.02886
39.306 1.02881
39.366 1.02877
39.426 1.02872
39.486 1.02867
39.546 1.02863
39.606 1.02858
39.666 1.02854
39.726 1.02849
39.786 1.02845
39.846 1.0284
39.906 1.02836
39.966 1.02832
40.026 1.02827
40.086 1.02823
40.146 1.02818
40.206 1.02814
40.266 1.0281
40.326 1.02805
40.386 1.02801
40.446 1.02797
40.506 1.02792
40.566 1.02788
40.626 1.02784
40.686 1.02779
40.746 1.02775
40.806 1.02771
40.866 1.02767
40.926 1.02762
40.986 1.02758
41.046 1.02754
41.106 1.0275
41.166 1.02746
41.226 1.02741
41.286 1.02737
41.346 1.02733
41.406 1.02729
41.466 1.02725
41.526 1.02721
41.586 1.02717
41.646 1.02713
41.706 1.02709
41.766 1.02705
41.826 1.027
41.886 1.02696
41.946 1.02692
42.006 1.02688
42.066 1.02684
42.126 1.0268
42.186 1.02677
42.246 1.02673
42.306 1.02669
42.366 1.02665
42.426 1.02661
42.486 1.02657
42.546 1.02653
42.606 1.02649
42.666 1.02645
42.726 1.02641
42.786 1.02637
42.846 1.02634
42.906 1.0263
42.966 1.02626
43.026 1.02622
43.086 1.02618
43.146 1.02615
43.206 1.02611
43.266 1.02607
43.326 1.02603
43.386 1.026
43.446 1.02596
43.506 1.02592
43.566 1.02588
43.626 1.02585
43.686 1.02581
43.746 1.02577
43.806 1.02574
43.866 1.0257
43.926 1.02566
43.986 1.02563
44.046 1.02559
44.106 1.02556
44.166 1.02552
44.226 1.02548
44.286 1.02545
44.346 1.02541
44.406 1.02538
44.466 1.02534
44.526 1.0253
44.586 1.02527
44.646 1.02523
44.706 1.0252
44.766 1.02516
44.826 1.02513
44.886 1.02509
44.946 1.02506
45.006 1.02502
45.066 1.02499
45.126 1.02496
45.186 1.02492
45.246 1.02489
45.306 1.02485
45.366 1.02482
45.426 1.02478
45.486 1.02475
45.546 1.02472
45.606 1.02468
45.666 1.02465
45.726 1.02462
45.786 1.02458
45.846 1.02455
45.906 1.02452
45.966 1.02448
46.026 1.02445
46.086 1.02442
46.146 1.02438
46.206 1.02435
46.266 1.02432
46.326 1.02429
46.386 1.02425
46.446 1.02422
46.506 1.02419
46.566 1.02416
46.626 1.02412
46.686 1.02409
46.746 1.02406
46.806 1.02403
46.866 1.024
46.926 1.02396
46.986 1.02393
47.046 1.0239
47.106 1.02387
47.166 1.02384
47.226 1.02381
47.286 1.02377
47.346 1.02374
47.406 1.02371
47.466 1.02368
47.526 1.02365
47.586 1.02362
47.646 1.02359
47.706 1.02356
47.766 1.02353
47.826 1.0235
47.886 1.02347
47.946 1.02344
48.006 1.02341
48.066 1.02338
48.126 1.02335
48.186 1.02331
48.246 1.02328
48.306 1.02325
48.366 1.02323
48.426 1.0232
48.486 1.02317
48.546 1.02314
48.606 1.02311
48.666 1.02308
48.726 1.02305
48.786 1.02302
48.846 1.02299
48.906 1.02296
48.966 1.02293
49.026 1.0229
49.086 1.02287
49.146 1.02284
49.206 1.02281
49.266 1.02279
49.326 1.02276
49.386 1.02273
49.446 1.0227
49.506 1.02267
49.566 1.02264
49.626 1.02262
49.686 1.02259
49.746 1.02256
49.806 1.02253
49.866 1.0225
49.926 1.02247
49.986 1.02245
50.046 1.02242
50.106 1.02239
50.166 1.02236
50.226 1.02234
50.286 1.02231
50.346 1.02228
50.406 1.02225
50.466 1.02223
50.526 1.0222
50.586 1.02217
50.646 1.02214
50.706 1.02212
50.766 1.02209
50.826 1.02206
50.886 1.02204
50.946 1.02201
51.006 1.02198
51.066 1.02196
51.126 1.02193
51.186 1.0219
51.246 1.02188
51.306 1.02185
51.366 1.02182
51.426 1.0218
51.486 1.02177
51.546 1.02175
51.606 1.02172
51.666 1.02169
51.726 1.02167
51.786 1.02164
51.846 1.02162
51.906 1.02159
51.966 1.02156
52.026 1.02154
52.086 1.02151
52.146 1.02149
52.206 1.02146
52.266 1.02144
52.326 1.02141
52.386 1.02139
52.446 1.02136
52.506 1.02133
52.566 1.02131
52.626 1.02128
52.686 1.02126
52.746 1.02123
52.806 1.02121
52.866 1.02118
52.926 1.02116
52.986 1.02114
53.046 1.02111
53.106 1.02109
53.166 1.02106
53.226 1.02104
53.286 1.02101
53.346 1.02099
53.406 1.02096
53.466 1.02094
53.526 1.02092
53.586 1.02089
53.646 1.02087
53.706 1.02084
53.766 1.02082
53.826 1.0208
53.886 1.02077
53.946 1.02075
54.006 1.02072
54.066 1.0207
54.126 1.02068
54.186 1.02065
54.246 1.02063
54.306 1.02061
54.366 1.02058
54.426 1.02056
54.486 1.02054
54.546 1.02051
54.606 1.02049
54.666 1.02047
54.726 1.02044
54.786 1.02042
54.846 1.0204
54.906 1.02037
54.966 1.02035
55.026 1.02033
55.086 1.0203
55.146 1.02028
55.206 1.02026
55.266 1.02024
55.326 1.02021
55.386 1.02019
55.446 1.02017
55.506 1.02015
55.566 1.02012
55.626 1.0201
55.686 1.02008
55.746 1.02006
55.806 1.02004
55.866 1.02001
55.926 1.01999
55.986 1.01997
56.046 1.01995
56.106 1.01992
56.166 1.0199
56.226 1.01988
56.286 1.01986
56.346 1.01984
56.406 1.01982
56.466 1.01979
56.526 1.01977
56.586 1.01975
56.646 1.01973
56.706 1.01971
56.766 1.01969
56.826 1.01966
56.886 1.01964
56.946 1.01962
57.006 1.0196
57.066 1.01958
57.126 1.01956
57.186 1.01954
57.246 1.01952
57.306 1.0195
57.366 1.01947
57.426 1.01945
57.486 1.01943
57.546 1.01941
57.606 1.01939
57.666 1.01937
57.726 1.01935
57.786 1.01933
57.846 1.01931
57.906 1.01929
57.966 1.01927
58.026 1.01925
58.086 1.01923
58.146 1.01921
58.206 1.01919
58.266 1.01916
58.326 1.01914
58.386 1.01912
58.446 1.0191
58.506 1.01908
58.566 1.01906
58.626 1.01904
58.686 1.01902
58.746 1.019
58.806 1.01898
58.866 1.01896
58.926 1.01894
58.986 1.01892
59.046 1.0189
59.106 1.01888
59.166 1.01886
59.226 1.01885
59.286 1.01883
59.346 1.01881
59.406 1.01879
59.466 1.01877
59.526 1.01875
59.586 1.01873
59.646 1.01871
59.706 1.01869
59.766 1.01867
59.826 1.01865
59.886 1.01863
59.946 1.01861

