0.006 0.386981
0.066 0.387236
0.126 0.38792
0.186 0.389028
0.246 0.390556
0.306 0.392499
0.366 0.394848
0.426 0.397595
0.486 0.400728
0.546 0.404236
0.606 0.408104
0.666 0.412318
0.726 0.41686
0.786 0.421714
0.846 0.426859
0.906 0.432276
0.966 0.437945
1.026 0.443843
1.086 0.449949
1.146 0.456241
1.206 0.462696
1.266 0.469293
1.326 0.476009
1.386 0.482824
1.446 0.489716
1.506 0.496667
1.566 0.503657
1.626 0.510668
1.686 0.517685
1.746 0.524692
1.806 0.531676
1.866 0.538623
1.926 0.545523
1.986 0.552366
2.046 0.559143
2.106 0.565846
2.166 0.57247
2.226 0.579008
2.286 0.585456
2.346 0.591811
2.406 0.598069
2.466 0.604229
2.526 0.610289
2.586 0.616248
2.646 0.622105
2.706 0.627861
2.766 0.633515
2.826 0.639068
2.886 0.644522
2.946 0.649876
3.006 0.655132
3.066 0.660292
3.126 0.665356
3.186 0.670326
3.246 0.675204
3.306 0.679991
3.366 0.684688
3.426 0.689298
3.486 0.693822
3.546 0.698261
3.606 0.702618
3.666 0.706893
3.726 0.711087
3.786 0.715204
3.846 0.719243
3.906 0.723207
3.966 0.727097
4.026 0.730914
4.086 0.734659
4.146 0.738334
4.206 0.74194
4.266 0.745478
4.326 0.748949
4.386 0.752355
4.446 0.755697
4.506 0.758975
4.566 0.762191
4.626 0.765345
4.686 0.76844
4.746 0.771475
4.806 0.774451
4.866 0.777371
4.926 0.780233
4.986 0.78304
5.046 0.785793
5.106 0.788491
5.166 0.791136
5.226 0.793729
5.286 0.79627
5.346 0.79876
5.406 0.801201
5.466 0.803592
5.526 0.805934
5.586 0.808229
5.646 0.810476
5.706 0.812677
5.766 0.814832
5.826 0.816942
5.886 0.819008
5.946 0.82103
6.006 0.823008
6.066 0.824945
6.126 0.826839
6.186 0.828692
6.246 0.830506
6.306 0.832281
6.366 0.834019
6.426 0.835721
6.486 0.837389
6.546 0.839022
6.606 0.840623
6.666 0.842192
6.726 0.84373
6.786 0.845239
6.846 0.846718
6.906 0.848169
6.966 0.849592
7.026 0.850989
7.086 0.852361
7.146 0.853706
7.206 0.855028
7.266 0.856325
7.326 0.8576
7.386 0.858852
7.446 0.860082
7.506 0.86129
7.566 0.862478
7.626 0.863646
7.686 0.864793
7.746 0.865922
7.806 0.867031
7.866 0.868123
7.926 0.869196
7.986 0.870252
8.046 0.871291
8.106 0.872314
8.166 0.87332
8.226 0.87431
8.286 0.875285
8.346 0.876245
8.406 0.877191
8.466 0.878121
8.526 0.879038
8.586 0.879941
8.646 0.880831
8.706 0.881707
8.766 0.882571
8.826 0.883422
8.886 0.88426
8.946 0.885087
9.006 0.885902
9.066 0.886705
9.126 0.887497
9.186 0.888278
9.246 0.889049
9.306 0.889808
9.366 0.890558
9.426 0.891297
9.486 0.892026
9.546 0.892745
9.606 0.893455
9.666 0.894156
9.726 0.894847
9.786 0.89553
9.846 0.896203
9.906 0.896868
9.966 0.897524
10.026 0.898172
10.086 0.898812
10.146 0.899444
10.206 0.900068
10.266 0.900684
10.326 0.901293
10.386 0.901894
10.446 0.902488
10.506 0.903075
10.566 0.903655
10.626 0.904228
10.686 0.904794
10.746 0.905353
10.806 0.905906
10.866 0.906452
10.926 0.906992
10.986 0.907526
11.046 0.908054
11.106 0.908576
11.166 0.909091
11.226 0.909601
11.286 0.910106
11.346 0.910604
11.406 0.911098
11.466 0.911585
11.526 0.912068
11.586 0.912545
11.646 0.913017
11.706 0.913484
11.766 0.913946
11.826 0.914403
11.886 0.914855
11.946 0.915303
12.006 0.915745
12.066 0.916184
12.126 0.916617
12.186 0.917046
12.246 0.917471
12.306 0.917891
12.366 0.918308
12.426 0.918719
12.486 0.919127
12.546 0.919531
12.606 0.919931
12.666 0.920326
12.726 0.920718
12.786 0.921106
12.846 0.92149
12.906 0.921871
12.966 0.922248
13.026 0.922621
13.086 0.92299
13.146 0.923356
13.206 0.923719
13.266 0.924078
13.326 0.924434
13.386 0.924786
13.446 0.925136
13.506 0.925482
13.566 0.925824
13.626 0.926164
13.686 0.926501
13.746 0.926834
13.806 0.927165
13.866 0.927492
13.926 0.927817
13.986 0.928138
14.046 0.928457
14.106 0.928773
14.166 0.929086
14.226 0.929397
14.286 0.929704
14.346 0.93001
14.406 0.930312
14.466 0.930612
14.526 0.930909
14.586 0.931204
14.646 0.931496
14.706 0.931786
14.766 0.932073
14.826 0.932358
14.886 0.93264
14.946 0.93292
15.006 0.933198
15.066 0.933474
15.126 0.933747
15.186 0.934018
15.246 0.934287
15.306 0.934553
15.366 0.934818
15.426 0.93508
15.486 0.93534
15.546 0.935599
15.606 0.935855
15.666 0.936109
15.726 0.936361
15.786 0.936611
15.846 0.936859
15.906 0.937105
15.966 0.937349
16.026 0.937592
16.086 0.937832
16.146 0.938071
16.206 0.938308
16.266 0.938543
16.326 0.938776
16.386 0.939007
16.446 0.939237
16.506 0.939465
16.566 0.939691
16.626 0.939916
16.686 0.940139
16.746 0.94036
16.806 0.94058
16.866 0.940798
16.926 0.941014
16.986 0.941229
17.046 0.941443
17.106 0.941654
17.166 0.941865
17.226 0.942073
17.286 0.94228
17.346 0.942486
17.406 0.94269
17.466 0.942893
17.526 0.943095
17.586 0.943295
17.646 0.943493
17.706 0.94369
17.766 0.943886
17.826 0.944081
17.886 0.944274
17.946 0.944466
18.006 0.944656
18.066 0.944845
18.126 0.945033
18.186 0.94522
18.246 0.945405
18.306 0.945589
18.366 0.945772
18.426 0.945954
18.486 0.946134
18.546 0.946313
18.606 0.946491
18.666 0.946668
18.726 0.946844
18.786 0.947018
18.846 0.947192
18.906 0.947364
18.966 0.947535
19.026 0.947705
19.086 0.947874
19.146 0.948042
19.206 0.948209
19.266 0.948374
19.326 0.948539
19.386 0.948703
19.446 0.948865
19.506 0.949027
19.566 0.949187
19.626 0.949347
19.686 0.949505
19.746 0.949663
19.806 0.949819
19.866 0.949975
19.926 0.950129
19.986 0.950283
20.046 0.950436
20.106 0.950587
20.166 0.950738
20.226 0.950888
20.286 0.951037
20.346 0.951185
20.406 0.951332
20.466 0.951479
20.526 0.951624
20.586 0.951769
20.646 0.951912
20.706 0.952055
20.766 0.952197
20.826 0.952338
20.886 0.952479
20.946 0.952618
21.006 0.952757
21.066 0.952895
21.126 0.953032
21.186 0.953168
21.246 0.953304
21.306 0.953438
21.366 0.953572
21.426 0.953706
21.486 0.953838
21.546 0.95397
21.606 0.9541
21.666 0.954231
21.726 0.95436
21.786 0.954489
21.846 0.954617
21.906 0.954744
21.966 0.954871
22.026 0.954996
22.086 0.955121
22.146 0.955246
22.206 0.95537
22.266 0.955493
22.326 0.955615
22.386 0.955737
22.446 0.955858
22.506 0.955978
22.566 0.956098
22.626 0.956217
22.686 0.956336
22.746 0.956453
22.806 0.956571
22.866 0.956687
22.926 0.956803
22.986 0.956918
23.046 0.957033
23.106 0.957147
23.166 0.95726
23.226 0.957373
23.286 0.957486
23.346 0.957597
23.406 0.957708
23.466 0.957819
23.526 0.957929
23.586 0.958038
23.646 0.958147
23.706 0.958255
23.766 0.958363
23.826 0.95847
23.886 0.958577
23.946 0.958683
24.006 0.958788
24.066 0.958893
24.126 0.958998
24.186 0.959101
24.246 0.959205
24.306 0.959308
24.366 0.95941
24.426 0.959512
24.486 0.959613
24.546 0.959714
24.606 0.959814
24.666 0.959914
24.726 0.960013
24.786 0.960112
24.846 0.96021
24.906 0.960308
24.966 0.960406
25.026 0.960502
25.086 0.960599
25.146 0.960695
25.206 0.96079
25.266 0.960885
25.326 0.96098
25.386 0.961074
25.446 0.961168
25.506 0.961261
25.566 0.961353
25.626 0.961446
25.686 0.961538
25.746 0.961629
25.806 0.96172
25.866 0.961811
25.926 0.961901
25.986 0.96199
26.046 0.96208
26.106 0.962169
26.166 0.962257
26.226 0.962345
26.286 0.962433
26.346 0.96252
26.406 0.962607
26.466 0.962693
26.526 0.962779
26.586 0.962865
26.646 0.96295
26.706 0.963035
26.766 0.963119
26.826 0.963203
26.886 0.963287
26.946 0.96337
27.006 0.963453
27.066 0.963536
27.126 0.963618
27.186 0.9637
27.246 0.963781
27.306 0.963862
27.366 0.963943
27.426 0.964023
27.486 0.964103
27.546 0.964183
27.606 0.964262
27.666 0.964341
27.726 0.96442
27.786 0.964498
27.846 0.964576
27.906 0.964654
27.966 0.964731
28.026 0.964808
28.086 0.964884
28.146 0.96496
28.206 0.965036
28.266 0.965112
28.326 0.965187
28.386 0.965262
28.446 0.965337
28.506 0.965411
28.566 0.965485
28.626 0.965558
28.686 0.965632
28.746 0.965705
28.806 0.965777
28.866 0.96585
28.926 0.965922
28.986 0.965994
29.046 0.966065
29.106 0.966136
29.166 0.966207
29.226 0.966278
29.286 0.966348
29.346 0.966418
29.406 0.966488
29.466 0.966557
29.526 0.966626
29.586 0.966695
29.646 0.966764
29.706 0.966832
29.766 0.9669
29.826 0.966968
29.886 0.967035
29.946 0.967102
30.006 0.967169
30.066 0.967236
30.126 0.967302
30.186 0.967368
30.246 0.967434
30.306 0.9675
30.366 0.967565
30.426 0.96763
30.486 0.967695
30.546 0.967759
30.606 0.967824
30.666 0.967888
30.726 0.967951
30.786 0.968015
30.846 0.968078
30.906 0.968141
30.966 0.968204
31.026 0.968266
31.086 0.968329
31.146 0.968391
31.206 0.968452
31.266 0.968514
31.326 0.968575
31.386 0.968636
31.446 0.968697
31.506 0.968758
31.566 0.968818
31.626 0.968878
31.686 0.968938
31.746 0.968998
31.806 0.969057
31.866 0.969116
31.926 0.969175
31.986 0.969234
32.046 0.969292
32.106 0.969351
32.166 0.969409
32.226 0.969467
32.286 0.969524
32.346 0.969582
32.406 0.969639
32.466 0.969696
32.526 0.969753
32.586 0.969809
32.646 0.969866
32.706 0.969922
32.766 0.969978
32.826 0.970033
32.886 0.970089
32.946 0.970144
33.006 0.970199
33.066 0.970254
33.126 0.970309
33.186 0.970363
33.246 0.970418
33.306 0.970472
33.366 0.970526
33.426 0.970579
33.486 0.970633
33.546 0.970686
33.606 0.970739
33.666 0.970792
33.726 0.970845
33.786 0.970898
33.846 0.97095
33.906 0.971002
33.966 0.971054
34.026 0.971106
34.086 0.971158
34.146 0.971209
34.206 0.97126
34.266 0.971311
34.326 0.971362
34.386 0.971413
34.446 0.971463
34.506 0.971514
34.566 0.971564
34.626 0.971614
34.686 0.971664
34.746 0.971713
34.806 0.971763
34.866 0.971812
34.926 0.971861
34.986 0.97191
35.046 0.971959
35.106 0.972008
35.166 0.972056
35.226 0.972104
35.286 0.972152
35.346 0.9722
35.406 0.972248
35.466 0.972296
35.526 0.972343
35.586 0.972391
35.646 0.972438
35.706 0.972485
35.766 0.972531
35.826 0.972578
35.886 0.972625
35.946 0.972671
36.006 0.972717
36.066 0.972763
36.126 0.972809
36.186 0.972855
36.246 0.9729
36.306 0.972946
36.366 0.972991
36.426 0.973036
36.486 0.973081
36.546 0.973126
36.606 0.973171
36.666 0.973215
36.726 0.973259
36.786 0.973304
36.846 0.973348
36.906 0.973392
36.966 0.973435
37.026 0.973479
37.086 0.973522
37.146 0.973566
37.206 0.973609
37.266 0.973652
37.326 0.973695
37.386 0.973738
37.446 0.97378
37.506 0.973823
37.566 0.973865
37.626 0.973908
37.686 0.97395
37.746 0.973992
37.806 0.974033
37.866 0.974075
37.926 0.974117
37.986 0.974158
38.046 0.974199
38.106 0.974241
38.166 0.974282
38.226 0.974323
38.286 0.974363
38.346 0.974404
38.406 0.974444
38.466 0.974485
38.526 0.974525
38.586 0.974565
38.646 0.974605
38.706 0.974645
38.766 0.974685
38.826 0.974724
38.886 0.974764
38.946 0.974803
39.006 0.974843
39.066 0.974882
39.126 0.974921
39.186 0.97496
39.246 0.974998
39.306 0.975037
39.366 0.975076
39.426 0.975114
39.486 0.975152
39.546 0.975191
39.606 0.975229
39.666 0.975267
39.726 0.975304
39.786 0.975342
39.846 0.97538
39.906 0.975417
39.966 0.975455
40.026 0.975492
40.086 0.975529
40.146 0.975566
40.206 0.975603
40.266 0.97564
40.326 0.975676
40.386 0.975713
40.446 0.975749
40.506 0.975786
40.566 0.975822
40.626 0.975858
40.686 0.975894
40.746 0.97593
40.806 0.975966
40.866 0.976002
40.926 0.976037
40.986 0.976073
41.046 0.976108
41.106 0.976144
41.166 0.976179
41.226 0.976214
41.286 0.976249
41.346 0.976284
41.406 0.976319
41.466 0.976353
41.526 0.976388
41.586 0.976422
41.646 0.976457
41.706 0.976491
41.766 0.976525
41.826 0.976559
41.886 0.976593
41.946 0.976627
42.006 0.976661
42.066 0.976694
42.126 0.976728
42.186 0.976762
42.246 0.976795
42.306 0.976828
42.366 0.976861
42.426 0.976895
42.486 0.976928
42.546 0.976961
42.606 0.976993
42.666 0.977026
42.726 0.977059
42.786 0.977091
42.846 0.977124
42.906 0.977156
42.966 0.977188
43.026 0.977221
43.086 0.977253
43.146 0.977285
43.206 0.977317
43.266 0.977348
43.326 0.97738
43.386 0.977412
43.446 0.977443
43.506 0.977475
43.566 0.977506
43.626 0.977537
43.686 0.977569
43.746 0.9776
43.806 0.977631
43.866 0.977662
43.926 0.977693
43.986 0.977723
44.046 0.977754
44.106 0.977785
44.166 0.977815
44.226 0.977846
44.286 0.977876
44.346 0.977906
44.406 0.977936
44.466 0.977967
44.526 0.977997
44.586 0.978027
44.646 0.978056
44.706 0.978086
44.766 0.978116
44.826 0.978145
44.886 0.978175
44.946 0.978204
45.006 0.978234
45.066 0.978263
45.126 0.978292
45.186 0.978322
45.246 0.978351
45.306 0.97838
45.366 0.978408
45.426 0.978437
45.486 0.978466
45.546 0.978495
45.606 0.978523
45.666 0.978552
45.726 0.97858
45.786 0.978609
45.846 0.978637
45.906 0.978665
45.966 0.978693
46.026 0.978721
46.086 0.978749
46.146 0.978777
46.206 0.978805
46.266 0.978833
46.326 0.978861
46.386 0.978888
46.446 0.978916
46.506 0.978943
46.566 0.978971
46.626 0.978998
46.686 0.979026
46.746 0.979053
46.806 0.97908
46.866 0.979107
46.926 0.979134
46.986 0.979161
47.046 0.979188
47.106 0.979215
47.166 0.979241
47.226 0.979268
47.286 0.979294
47.346 0.979321
47.406 0.979347
47.466 0.979374
47.526 0.9794
47.586 0.979426
47.646 0.979453
47.706 0.979479
47.766 0.979505
47.826 0.979531
47.886 0.979557
47.946 0.979582
48.006 0.979608
48.066 0.979634
48.126 0.97966
48.186 0.979685
48.246 0.979711
48.306 0.979736
48.366 0.979762
48.426 0.979787
48.486 0.979812
48.546 0.979837
48.606 0.979863
48.666 0.979888
48.726 0.979913
48.786 0.979938
48.846 0.979963
48.906 0.979987
48.966 0.980012
49.026 0.980037
49.086 0.980061
49.146 0.980086
49.206 0.980111
49.266 0.980135
49.326 0.980159
49.386 0.980184
49.446 0.980208
49.506 0.980232
49.566 0.980257
49.626 0.980281
49.686 0.980305
49.746 0.980329
49.806 0.980353
49.866 0.980376
49.926 0.9804
49.986 0.980424
50.046 0.980448
50.106 0.980471
50.166 0.980495
50.226 0.980519
50.286 0.980542
50.346 0.980565
50.406 0.980589
50.466 0.980612
50.526 0.980635
50.586 0.980659
50.646 0.980682
50.706 0.980705
50.766 0.980728
50.826 0.980751
50.886 0.980774
50.946 0.980797
51.006 0.980819
51.066 0.980842
51.126 0.980865
51.186 0.980887
51.246 0.98091
51.306 0.980933
51.366 0.980955
51.426 0.980978
51.486 0.981
51.546 0.981022
51.606 0.981045
51.666 0.981067
51.726 0.981089
51.786 0.981111
51.846 0.981133
51.906 0.981155
51.966 0.981177
52.026 0.981199
52.086 0.981221
52.146 0.981243
52.206 0.981264
52.266 0.981286
52.326 0.981308
52.386 0.981329
52.446 0.981351
52.506 0.981373
52.566 0.981394
52.626 0.981415
52.686 0.981437
52.746 0.981458
52.806 0.981479
52.866 0.981501
52.926 0.981522
52.986 0.981543
53.046 0.981564
53.106 0.981585
53.166 0.981606
53.226 0.981627
53.286 0.981648
53.346 0.981669
53.406 0.981689
53.466 0.98171
53.526 0.981731
53.586 0.981751
53.646 0.981772
53.706 0.981793
53.766 0.981813
53.826 0.981834
53.886 0.981854
53.946 0.981874
54.006 0.981895
54.066 0.981915
54.126 0.981935
54.186 0.981955
54.246 0.981975
54.306 0.981996
54.366 0.982016
54.426 0.982036
54.486 0.982056
54.546 0.982076
54.606 0.982095
54.666 0.982115
54.726 0.982135
54.786 0.982155
54.846 0.982174
54.906 0.982194
54.966 0.982214
55.026 0.982233
55.086 0.982253
55.146 0.982272
55.206 0.982292
55.266 0.982311
55.326 0.982331
55.386 0.98235
55.446 0.982369
55.506 0.982388
55.566 0.982408
55.626 0.982427
55.686 0.982446
55.746 0.982465
55.806 0.982484
55.866 0.982503
55.926 0.982522
55.986 0.982541
56.046 0.98256
56.106 0.982578
56.166 0.982597
56.226 0.982616
56.286 0.982635
56.346 0.982653
56.406 0.982672
56.466 0.98269
56.526 0.982709
56.586 0.982727
56.646 0.982746
56.706 0.982764
56.766 0.982783
56.826 0.982801
56.886 0.982819
56.946 0.982838
57.006 0.982856
57.066 0.982874
57.126 0.982892
57.186 0.98291
57.246 0.982928
57.306 0.982946
57.366 0.982964
57.426 0.982982
57.486 0.983
57.546 0.983018
57.606 0.983036
57.666 0.983054
57.726 0.983071
57.786 0.983089
57.846 0.983107
57.906 0.983125
57.966 0.983142
58.026 0.98316
58.086 0.983177
58.146 0.983195
58.206 0.983212
58.266 0.98323
58.326 0.983247
58.386 0.983264
58.446 0.983282
58.506 0.983299
58.566 0.983316
58.626 0.983334
58.686 0.983351
58.746 0.983368
58.806 0.983385
58.866 0.983402
58.926 0.983419
58.986 0.983436
59.046 0.983453
59.106 0.98347
59.166 0.983487
59.226 0.983504
59.286 0.983521
59.346 0.983537
59.406 0.983554
59.466 0.983571
59.526 0.983588
59.586 0.983604
59.646 0.983621
59.706 0.983638
59.766 0.983654
59.826 0.983671
59.886 0.983687
59.946 0.983704

