0.006 0.56187
0.066 0.561951
0.126 0.56217
0.186 0.562524
0.246 0.563014
0.306 0.563639
0.366 0.564398
0.426 0.565289
0.486 0.566311
0.546 0.567462
0.606 0.56874
0.666 0.570143
0.726 0.571669
0.786 0.573315
0.846 0.575078
0.906 0.576955
0.966 0.578944
1.026 0.581041
1.086 0.583242
1.146 0.585544
1.206 0.587944
1.266 0.590436
1.326 0.593018
1.386 0.595685
1.446 0.598433
1.506 0.601257
1.566 0.604155
1.626 0.60712
1.686 0.610149
1.746 0.613238
1.806 0.616381
1.866 0.619575
1.926 0.622816
1.986 0.626098
2.046 0.629419
2.106 0.632773
2.166 0.636156
2.226 0.639566
2.286 0.642997
2.346 0.646446
2.406 0.64991
2.466 0.653385
2.526 0.656867
2.586 0.660354
2.646 0.663843
2.706 0.66733
2.766 0.670813
2.826 0.674289
2.886 0.677756
2.946 0.681212
3.006 0.684654
3.066 0.68808
3.126 0.691489
3.186 0.694879
3.246 0.698248
3.306 0.701595
3.366 0.704918
3.426 0.708216
3.486 0.711488
3.546 0.714734
3.606 0.717951
3.666 0.72114
3.726 0.724299
3.786 0.727428
3.846 0.730526
3.906 0.733594
3.966 0.736629
4.026 0.739632
4.086 0.742603
4.146 0.745541
4.206 0.748446
4.266 0.751318
4.326 0.754156
4.386 0.756961
4.446 0.759732
4.506 0.762469
4.566 0.765173
4.626 0.767843
4.686 0.770479
4.746 0.773082
4.806 0.77565
4.866 0.778185
4.926 0.780687
4.986 0.783154
5.046 0.785589
5.106 0.78799
5.166 0.790358
5.226 0.792693
5.286 0.794995
5.346 0.797264
5.406 0.7995
5.466 0.801704
5.526 0.803876
5.586 0.806015
5.646 0.808122
5.706 0.810198
5.766 0.812242
5.826 0.814254
5.886 0.816235
5.946 0.818185
6.006 0.820104
6.066 0.821992
6.126 0.82385
6.186 0.825677
6.246 0.827474
6.306 0.829241
6.366 0.830979
6.426 0.832687
6.486 0.834366
6.546 0.836015
6.606 0.837636
6.666 0.839228
6.726 0.840792
6.786 0.842327
6.846 0.843835
6.906 0.845314
6.966 0.846766
7.026 0.848192
7.086 0.84959
7.146 0.850963
7.206 0.852311
7.266 0.853635
7.326 0.854935
7.386 0.856212
7.446 0.857467
7.506 0.8587
7.566 0.859911
7.626 0.861102
7.686 0.862273
7.746 0.863424
7.806 0.864556
7.866 0.865669
7.926 0.866764
7.986 0.867841
8.046 0.868901
8.106 0.869944
8.166 0.87097
8.226 0.87198
8.286 0.872975
8.346 0.873954
8.406 0.874918
8.466 0.875867
8.526 0.876802
8.586 0.877723
8.646 0.87863
8.706 0.879524
8.766 0.880404
8.826 0.881272
8.886 0.882127
8.946 0.88297
9.006 0.883801
9.066 0.88462
9.126 0.885428
9.186 0.886225
9.246 0.88701
9.306 0.887784
9.366 0.888548
9.426 0.889302
9.486 0.890045
9.546 0.890779
9.606 0.891503
9.666 0.892217
9.726 0.892922
9.786 0.893617
9.846 0.894304
9.906 0.894982
9.966 0.895651
10.026 0.896311
10.086 0.896964
10.146 0.897608
10.206 0.898244
10.266 0.898872
10.326 0.899492
10.386 0.900105
10.446 0.900711
10.506 0.901309
10.566 0.9019
10.626 0.902483
10.686 0.90306
10.746 0.90363
10.806 0.904194
10.866 0.904751
10.926 0.905301
10.986 0.905845
11.046 0.906383
11.106 0.906915
11.166 0.907441
11.226 0.90796
11.286 0.908474
11.346 0.908983
11.406 0.909485
11.466 0.909982
11.526 0.910474
11.586 0.91096
11.646 0.911441
11.706 0.911917
11.766 0.912388
11.826 0.912854
11.886 0.913314
11.946 0.91377
12.006 0.914221
12.066 0.914668
12.126 0.91511
12.186 0.915547
12.246 0.91598
12.306 0.916408
12.366 0.916832
12.426 0.917252
12.486 0.917667
12.546 0.918079
12.606 0.918486
12.666 0.918889
12.726 0.919288
12.786 0.919683
12.846 0.920075
12.906 0.920463
12.966 0.920846
13.026 0.921227
13.086 0.921603
13.146 0.921976
13.206 0.922346
13.266 0.922711
13.326 0.923074
13.386 0.923433
13.446 0.923789
13.506 0.924141
13.566 0.92449
13.626 0.924837
13.686 0.925179
13.746 0.925519
13.806 0.925856
13.866 0.926189
13.926 0.92652
13.986 0.926848
14.046 0.927172
14.106 0.927494
14.166 0.927813
14.226 0.92813
14.286 0.928443
14.346 0.928754
14.406 0.929062
14.466 0.929367
14.526 0.92967
14.586 0.92997
14.646 0.930268
14.706 0.930563
14.766 0.930856
14.826 0.931146
14.886 0.931434
14.946 0.931719
15.006 0.932002
15.066 0.932283
15.126 0.932561
15.186 0.932837
15.246 0.933111
15.306 0.933382
15.366 0.933652
15.426 0.933919
15.486 0.934184
15.546 0.934447
15.606 0.934708
15.666 0.934966
15.726 0.935223
15.786 0.935478
15.846 0.935731
15.906 0.935981
15.966 0.93623
16.026 0.936477
16.086 0.936722
16.146 0.936965
16.206 0.937206
16.266 0.937445
16.326 0.937683
16.386 0.937919
16.446 0.938153
16.506 0.938385
16.566 0.938615
16.626 0.938844
16.686 0.939071
16.746 0.939296
16.806 0.93952
16.866 0.939742
16.926 0.939963
16.986 0.940181
17.046 0.940399
17.106 0.940614
17.166 0.940828
17.226 0.941041
17.286 0.941252
17.346 0.941462
17.406 0.94167
17.466 0.941876
17.526 0.942081
17.586 0.942285
17.646 0.942487
17.706 0.942688
17.766 0.942887
17.826 0.943085
17.886 0.943282
17.946 0.943477
18.006 0.943671
18.066 0.943864
18.126 0.944055
18.186 0.944245
18.246 0.944434
18.306 0.944622
18.366 0.944808
18.426 0.944993
18.486 0.945176
18.546 0.945359
18.606 0.94554
18.666 0.94572
18.726 0.945899
18.786 0.946077
18.846 0.946253
18.906 0.946429
18.966 0.946603
19.026 0.946776
19.086 0.946948
19.146 0.947119
19.206 0.947289
19.266 0.947458
19.326 0.947625
19.386 0.947792
19.446 0.947957
19.506 0.948122
19.566 0.948285
19.626 0.948448
19.686 0.948609
19.746 0.948769
19.806 0.948929
19.866 0.949087
19.926 0.949245
19.986 0.949401
20.046 0.949556
20.106 0.949711
20.166 0.949865
20.226 0.950017
20.286 0.950169
20.346 0.95032
20.406 0.95047
20.466 0.950619
20.526 0.950767
20.586 0.950914
20.646 0.95106
20.706 0.951206
20.766 0.95135
20.826 0.951494
20.886 0.951637
20.946 0.951779
21.006 0.95192
21.066 0.95206
21.126 0.9522
21.186 0.952339
21.246 0.952477
21.306 0.952614
21.366 0.95275
21.426 0.952886
21.486 0.953021
21.546 0.953155
21.606 0.953288
21.666 0.953421
21.726 0.953552
21.786 0.953683
21.846 0.953814
21.906 0.953943
21.966 0.954072
22.026 0.9542
22.086 0.954328
22.146 0.954454
22.206 0.95458
22.266 0.954705
22.326 0.95483
22.386 0.954954
22.446 0.955077
22.506 0.9552
22.566 0.955322
22.626 0.955443
22.686 0.955564
22.746 0.955683
22.806 0.955803
22.866 0.955921
22.926 0.956039
22.986 0.956157
23.046 0.956274
23.106 0.95639
23.166 0.956505
23.226 0.95662
23.286 0.956734
23.346 0.956848
23.406 0.956961
23.466 0.957074
23.526 0.957186
23.586 0.957297
23.646 0.957408
23.706 0.957518
23.766 0.957628
23.826 0.957737
23.886 0.957845
23.946 0.957953
24.006 0.95806
24.066 0.958167
24.126 0.958274
24.186 0.958379
24.246 0.958485
24.306 0.958589
24.366 0.958693
24.426 0.958797
24.486 0.9589
24.546 0.959003
24.606 0.959105
24.666 0.959207
24.726 0.959308
24.786 0.959408
24.846 0.959508
24.906 0.959608
24.966 0.959707
25.026 0.959806
25.086 0.959904
25.146 0.960001
25.206 0.960099
25.266 0.960195
25.326 0.960292
25.386 0.960387
25.446 0.960483
25.506 0.960578
25.566 0.960672
25.626 0.960766
25.686 0.96086
25.746 0.960953
25.806 0.961045
25.866 0.961137
25.926 0.961229
25.986 0.96132
26.046 0.961411
26.106 0.961502
26.166 0.961592
26.226 0.961681
26.286 0.961771
26.346 0.961859
26.406 0.961948
26.466 0.962036
26.526 0.962123
26.586 0.962211
26.646 0.962297
26.706 0.962384
26.766 0.96247
26.826 0.962555
26.886 0.96264
26.946 0.962725
27.006 0.96281
27.066 0.962894
27.126 0.962977
27.186 0.963061
27.246 0.963143
27.306 0.963226
27.366 0.963308
27.426 0.96339
27.486 0.963471
27.546 0.963552
27.606 0.963633
27.666 0.963714
27.726 0.963794
27.786 0.963873
27.846 0.963952
27.906 0.964031
27.966 0.96411
28.026 0.964188
28.086 0.964266
28.146 0.964344
28.206 0.964421
28.266 0.964498
28.326 0.964575
28.386 0.964651
28.446 0.964727
28.506 0.964802
28.566 0.964878
28.626 0.964953
28.686 0.965027
28.746 0.965101
28.806 0.965175
28.866 0.965249
28.926 0.965323
28.986 0.965396
29.046 0.965468
29.106 0.965541
29.166 0.965613
29.226 0.965685
29.286 0.965756
29.346 0.965828
29.406 0.965899
29.466 0.965969
29.526 0.96604
29.586 0.96611
29.646 0.96618
29.706 0.966249
29.766 0.966318
29.826 0.966387
29.886 0.966456
29.946 0.966524
30.006 0.966592
30.066 0.96666
30.126 0.966728
30.186 0.966795
30.246 0.966862
30.306 0.966929
30.366 0.966995
30.426 0.967061
30.486 0.967127
30.546 0.967193
30.606 0.967258
30.666 0.967323
30.726 0.967388
30.786 0.967453
30.846 0.967517
30.906 0.967581
30.966 0.967645
31.026 0.967709
31.086 0.967772
31.146 0.967835
31.206 0.967898
31.266 0.967961
31.326 0.968023
31.386 0.968085
31.446 0.968147
31.506 0.968209
31.566 0.96827
31.626 0.968332
31.686 0.968393
31.746 0.968453
31.806 0.968514
31.866 0.968574
31.926 0.968634
31.986 0.968694
32.046 0.968753
32.106 0.968813
32.166 0.968872
32.226 0.968931
32.286 0.968989
32.346 0.969048
32.406 0.969106
32.466 0.969164
32.526 0.969222
32.586 0.969279
32.646 0.969337
32.706 0.969394
32.766 0.969451
32.826 0.969507
32.886 0.969564
32.946 0.96962
33.006 0.969676
33.066 0.969732
33.126 0.969788
33.186 0.969843
33.246 0.969899
33.306 0.969954
33.366 0.970009
33.426 0.970063
33.486 0.970118
33.546 0.970172
33.606 0.970226
33.666 0.97028
33.726 0.970334
33.786 0.970387
33.846 0.97044
33.906 0.970494
33.966 0.970546
34.026 0.970599
34.086 0.970652
34.146 0.970704
34.206 0.970756
34.266 0.970808
34.326 0.97086
34.386 0.970912
34.446 0.970963
34.506 0.971014
34.566 0.971065
34.626 0.971116
34.686 0.971167
34.746 0.971217
34.806 0.971268
34.866 0.971318
34.926 0.971368
34.986 0.971418
35.046 0.971467
35.106 0.971517
35.166 0.971566
35.226 0.971615
35.286 0.971664
35.346 0.971713
35.406 0.971762
35.466 0.97181
35.526 0.971859
35.586 0.971907
35.646 0.971955
35.706 0.972002
35.766 0.97205
35.826 0.972098
35.886 0.972145
35.946 0.972192
36.006 0.972239
36.066 0.972286
36.126 0.972333
36.186 0.972379
36.246 0.972425
36.306 0.972472
36.366 0.972518
36.426 0.972564
36.486 0.972609
36.546 0.972655
36.606 0.9727
36.666 0.972746
36.726 0.972791
36.786 0.972836
36.846 0.972881
36.906 0.972925
36.966 0.97297
37.026 0.973014
37.086 0.973059
37.146 0.973103
37.206 0.973147
37.266 0.973191
37.326 0.973234
37.386 0.973278
37.446 0.973321
37.506 0.973364
37.566 0.973408
37.626 0.973451
37.686 0.973493
37.746 0.973536
37.806 0.973579
37.866 0.973621
37.926 0.973663
37.986 0.973706
38.046 0.973748
38.106 0.97379
38.166 0.973831
38.226 0.973873
38.286 0.973914
38.346 0.973956
38.406 0.973997
38.466 0.974038
38.526 0.974079
38.586 0.97412
38.646 0.974161
38.706 0.974201
38.766 0.974242
38.826 0.974282
38.886 0.974322
38.946 0.974362
39.006 0.974402
39.066 0.974442
39.126 0.974482
39.186 0.974521
39.246 0.974561
39.306 0.9746
39.366 0.974639
39.426 0.974678
39.486 0.974717
39.546 0.974756
39.606 0.974795
39.666 0.974834
39.726 0.974872
39.786 0.974911
39.846 0.974949
39.906 0.974987
39.966 0.975025
40.026 0.975063
40.086 0.975101
40.146 0.975138
40.206 0.975176
40.266 0.975213
40.326 0.975251
40.386 0.975288
40.446 0.975325
40.506 0.975362
40.566 0.975399
40.626 0.975436
40.686 0.975473
40.746 0.975509
40.806 0.975546
40.866 0.975582
40.926 0.975618
40.986 0.975654
41.046 0.97569
41.106 0.975726
41.166 0.975762
41.226 0.975798
41.286 0.975833
41.346 0.975869
41.406 0.975904
41.466 0.97594
41.526 0.975975
41.586 0.97601
41.646 0.976045
41.706 0.97608
41.766 0.976115
41.826 0.976149
41.886 0.976184
41.946 0.976218
42.006 0.976253
42.066 0.976287
42.126 0.976321
42.186 0.976355
42.246 0.976389
42.306 0.976423
42.366 0.976457
42.426 0.976491
42.486 0.976524
42.546 0.976558
42.606 0.976591
42.666 0.976624
42.726 0.976658
42.786 0.976691
42.846 0.976724
42.906 0.976757
42.966 0.97679
43.026 0.976822
43.086 0.976855
43.146 0.976888
43.206 0.97692
43.266 0.976952
43.326 0.976985
43.386 0.977017
43.446 0.977049
43.506 0.977081
43.566 0.977113
43.626 0.977145
43.686 0.977177
43.746 0.977208
43.806 0.97724
43.866 0.977271
43.926 0.977303
43.986 0.977334
44.046 0.977365
44.106 0.977396
44.166 0.977427
44.226 0.977458
44.286 0.977489
44.346 0.97752
44.406 0.977551
44.466 0.977581
44.526 0.977612
44.586 0.977643
44.646 0.977673
44.706 0.977703
44.766 0.977733
44.826 0.977764
44.886 0.977794
44.946 0.977824
45.006 0.977854
45.066 0.977883
45.126 0.977913
45.186 0.977943
45.246 0.977972
45.306 0.978002
45.366 0.978031
45.426 0.978061
45.486 0.97809
45.546 0.978119
45.606 0.978148
45.666 0.978177
45.726 0.978206
45.786 0.978235
45.846 0.978264
45.906 0.978293
45.966 0.978321
46.026 0.97835
46.086 0.978378
46.146 0.978407
46.206 0.978435
46.266 0.978463
46.326 0.978491
46.386 0.97852
46.446 0.978548
46.506 0.978576
46.566 0.978604
46.626 0.978631
46.686 0.978659
46.746 0.978687
46.806 0.978714
46.866 0.978742
46.926 0.978769
46.986 0.978797
47.046 0.978824
47.106 0.978851
47.166 0.978879
47.226 0.978906
47.286 0.978933
47.346 0.97896
47.406 0.978987
47.466 0.979014
47.526 0.97904
47.586 0.979067
47.646 0.979094
47.706 0.97912
47.766 0.979147
47.826 0.979173
47.886 0.9792
47.946 0.979226
48.006 0.979252
48.066 0.979278
48.126 0.979304
48.186 0.97933
48.246 0.979356
48.306 0.979382
48.366 0.979408
48.426 0.979434
48.486 0.97946
48.546 0.979485
48.606 0.979511
48.666 0.979536
48.726 0.979562
48.786 0.979587
48.846 0.979613
48.906 0.979638
48.966 0.979663
49.026 0.979688
49.086 0.979713
49.146 0.979738
49.206 0.979763
49.266 0.979788
49.326 0.979813
49.386 0.979838
49.446 0.979863
49.506 0.979887
49.566 0.979912
49.626 0.979936
49.686 0.979961
49.746 0.979985
49.806 0.98001
49.866 0.980034
49.926 0.980058
49.986 0.980082
50.046 0.980106
50.106 0.980131
50.166 0.980155
50.226 0.980179
50.286 0.980202
50.346 0.980226
50.406 0.98025
50.466 0.980274
50.526 0.980297
50.586 0.980321
50.646 0.980345
50.706 0.980368
50.766 0.980391
50.826 0.980415
50.886 0.980438
50.946 0.980461
51.006 0.980485
51.066 0.980508
51.126 0.980531
51.186 0.980554
51.246 0.980577
51.306 0.9806
51.366 0.980623
51.426 0.980646
51.486 0.980668
51.546 0.980691
51.606 0.980714
51.666 0.980736
51.726 0.980759
51.786 0.980781
51.846 0.980804
51.906 0.980826
51.966 0.980849
52.026 0.980871
52.086 0.980893
52.146 0.980915
52.206 0.980938
52.266 0.98096
52.326 0.980982
52.386 0.981004
52.446 0.981026
52.506 0.981048
52.566 0.981069
52.626 0.981091
52.686 0.981113
52.746 0.981135
52.806 0.981156
52.866 0.981178
52.926 0.981199
52.986 0.981221
53.046 0.981242
53.106 0.981264
53.166 0.981285
53.226 0.981306
53.286 0.981328
53.346 0.981349
53.406 0.98137
53.466 0.981391
53.526 0.981412
53.586 0.981433
53.646 0.981454
53.706 0.981475
53.766 0.981496
53.826 0.981517
53.886 0.981537
53.946 0.981558
54.006 0.981579
54.066 0.9816
54.126 0.98162
54.186 0.981641
54.246 0.981661
54.306 0.981682
54.366 0.981702
54.426 0.981722
54.486 0.981743
54.546 0.981763
54.606 0.981783
54.666 0.981803
54.726 0.981823
54.786 0.981844
54.846 0.981864
54.906 0.981884
54.966 0.981904
55.026 0.981923
55.086 0.981943
55.146 0.981963
55.206 0.981983
55.266 0.982003
55.326 0.982022
55.386 0.982042
55.446 0.982062
55.506 0.982081
55.566 0.982101
55.626 0.98212
55.686 0.98214
55.746 0.982159
55.806 0.982178
55.866 0.982198
55.926 0.982217
55.986 0.982236
56.046 0.982255
56.106 0.982275
56.166 0.982294
56.226 0.982313
56.286 0.982332
56.346 0.982351
56.406 0.98237
56.466 0.982389
56.526 0.982407
56.586 0.982426
56.646 0.982445
56.706 0.982464
56.766 0.982483
56.826 0.982501
56.886 0.98252
56.946 0.982538
57.006 0.982557
57.066 0.982575
57.126 0.982594
57.186 0.982612
57.246 0.982631
57.306 0.982649
57.366 0.982667
57.426 0.982686
57.486 0.982704
57.546 0.982722
57.606 0.98274
57.666 0.982758
57.726 0.982776
57.786 0.982794
57.846 0.982812
57.906 0.98283
57.966 0.982848
58.026 0.982866
58.086 0.982884
58.146 0.982902
58.206 0.98292
58.266 0.982937
58.326 0.982955
58.386 0.982973
58.446 0.98299
58.506 0.983008
58.566 0.983026
58.626 0.983043
58.686 0.983061
58.746 0.983078
58.806 0.983095
58.866 0.983113
58.926 0.98313
58.986 0.983147
59.046 0.983165
59.106 0.983182
59.166 0.983199
59.226 0.983216
59.286 0.983233
59.346 0.983251
59.406 0.983268
59.466 0.983285
59.526 0.983302
59.586 0.983319
59.646 0.983336
59.706 0.983352
59.766 0.983369
59.826 0.983386
59.886 0.983403
59.946 0.98342

