0.006 0.0073035
0.066 0.112579
0.126 0.175911
0.186 0.233142
0.246 0.285045
0.306 0.331919
0.366 0.374224
0.426 0.412463
0.486 0.447112
0.546 0.478594
0.606 0.507281
0.666 0.533492
0.726 0.557505
0.786 0.579559
0.846 0.599861
0.906 0.618592
0.966 0.635911
1.026 0.651956
1.086 0.66685
1.146 0.680699
1.206 0.6936
1.266 0.705638
1.326 0.716888
1.386 0.727419
1.446 0.73729
1.506 0.746556
1.566 0.755266
1.626 0.763465
1.686 0.771192
1.746 0.778484
1.806 0.785372
1.866 0.791888
1.926 0.798057
1.986 0.803905
2.046 0.809454
2.106 0.814725
2.166 0.819737
2.226 0.824507
2.286 0.82905
2.346 0.833382
2.406 0.837516
2.466 0.841464
2.526 0.845237
2.586 0.848847
2.646 0.852303
2.706 0.855614
2.766 0.858789
2.826 0.861834
2.886 0.864759
2.946 0.867568
3.006 0.870269
3.066 0.872867
3.126 0.875368
3.186 0.877777
3.246 0.880099
3.306 0.882337
3.366 0.884497
3.426 0.886582
3.486 0.888596
3.546 0.890541
3.606 0.892423
3.666 0.894243
3.726 0.896004
3.786 0.897709
3.846 0.899361
3.906 0.900961
3.966 0.902513
4.026 0.904018
4.086 0.905479
4.146 0.906897
4.206 0.908273
4.266 0.909611
4.326 0.91091
4.386 0.912174
4.446 0.913403
4.506 0.914599
4.566 0.915762
4.626 0.916895
4.686 0.917998
4.746 0.919073
4.806 0.92012
4.866 0.921141
4.926 0.922136
4.986 0.923107
5.046 0.924054
5.106 0.924979
5.166 0.925881
5.226 0.926762
5.286 0.927623
5.346 0.928464
5.406 0.929285
5.466 0.930088
5.526 0.930874
5.586 0.931642
5.646 0.932393
5.706 0.933128
5.766 0.933847
5.826 0.934551
5.886 0.93524
5.946 0.935915
6.006 0.936576
6.066 0.937224
6.126 0.937859
6.186 0.938481
6.246 0.939091
6.306 0.939688
6.366 0.940275
6.426 0.94085
6.486 0.941414
6.546 0.941967
6.606 0.94251
6.666 0.943043
6.726 0.943566
6.786 0.94408
6.846 0.944585
6.906 0.94508
6.966 0.945567
7.026 0.946045
7.086 0.946515
7.146 0.946977
7.206 0.947431
7.266 0.947877
7.326 0.948316
7.386 0.948747
7.446 0.949171
7.506 0.949589
7.566 0.949999
7.626 0.950403
7.686 0.9508
7.746 0.951192
7.806 0.951576
7.866 0.951955
7.926 0.952328
7.986 0.952696
8.046 0.953057
8.106 0.953414
8.166 0.953764
8.226 0.95411
8.286 0.95445
8.346 0.954786
8.406 0.955116
8.466 0.955442
8.526 0.955763
8.586 0.95608
8.646 0.956392
8.706 0.956699
8.766 0.957003
8.826 0.957302
8.886 0.957597
8.946 0.957887
9.006 0.958174
9.066 0.958457
9.126 0.958736
9.186 0.959011
9.246 0.959283
9.306 0.959551
9.366 0.959816
9.426 0.960077
9.486 0.960334
9.546 0.960589
9.606 0.96084
9.666 0.961088
9.726 0.961333
9.786 0.961575
9.846 0.961814
9.906 0.962049
9.966 0.962282
10.026 0.962512
10.086 0.96274
10.146 0.962964
10.206 0.963186
10.266 0.963405
10.326 0.963622
10.386 0.963836
10.446 0.964048
10.506 0.964257
10.566 0.964464
10.626 0.964668
10.686 0.96487
10.746 0.96507
10.806 0.965267
10.866 0.965462
10.926 0.965655
10.986 0.965846
11.046 0.966035
11.106 0.966222
11.166 0.966406
11.226 0.966589
11.286 0.96677
11.346 0.966948
11.406 0.967125
11.466 0.9673
11.526 0.967473
11.586 0.967645
11.646 0.967814
11.706 0.967982
11.766 0.968148
11.826 0.968312
11.886 0.968475
11.946 0.968635
12.006 0.968795
12.066 0.968952
12.126 0.969108
12.186 0.969263
12.246 0.969416
12.306 0.969567
12.366 0.969717
12.426 0.969866
12.486 0.970013
12.546 0.970158
12.606 0.970303
12.666 0.970446
12.726 0.970587
12.786 0.970727
12.846 0.970866
12.906 0.971003
12.966 0.971139
13.026 0.971274
13.086 0.971408
13.146 0.97154
13.206 0.971672
13.266 0.971802
13.326 0.97193
13.386 0.972058
13.446 0.972185
13.506 0.97231
13.566 0.972434
13.626 0.972557
13.686 0.972679
13.746 0.9728
13.806 0.97292
13.866 0.973039
13.926 0.973156
13.986 0.973273
14.046 0.973389
14.106 0.973504
14.166 0.973617
14.226 0.97373
14.286 0.973842
14.346 0.973953
14.406 0.974063
14.466 0.974172
14.526 0.97428
14.586 0.974387
14.646 0.974493
14.706 0.974599
14.766 0.974703
14.826 0.974807
14.886 0.97491
14.946 0.975012
15.006 0.975113
15.066 0.975213
15.126 0.975313
15.186 0.975412
15.246 0.97551
15.306 0.975607
15.366 0.975703
15.426 0.975799
15.486 0.975894
15.546 0.975988
15.606 0.976082
15.666 0.976174
15.726 0.976266
15.786 0.976358
15.846 0.976448
15.906 0.976538
15.966 0.976627
16.026 0.976716
16.086 0.976804
16.146 0.976891
16.206 0.976978
16.266 0.977064
16.326 0.977149
16.386 0.977233
16.446 0.977318
16.506 0.977401
16.566 0.977484
16.626 0.977566
16.686 0.977647
16.746 0.977728
16.806 0.977809
16.866 0.977889
16.926 0.977968
16.986 0.978047
17.046 0.978125
17.106 0.978202
17.166 0.978279
17.226 0.978356
17.286 0.978432
17.346 0.978507
17.406 0.978582
17.466 0.978657
17.526 0.97873
17.586 0.978804
17.646 0.978877
17.706 0.978949
17.766 0.979021
17.826 0.979092
17.886 0.979163
17.946 0.979234
18.006 0.979303
18.066 0.979373
18.126 0.979442
18.186 0.97951
18.246 0.979579
18.306 0.979646
18.366 0.979713
18.426 0.97978
18.486 0.979846
18.546 0.979912
18.606 0.979978
18.666 0.980043
18.726 0.980107
18.786 0.980171
18.846 0.980235
18.906 0.980299
18.966 0.980362
19.026 0.980424
19.086 0.980486
19.146 0.980548
19.206 0.980609
19.266 0.98067
19.326 0.980731
19.386 0.980791
19.446 0.980851
19.506 0.980911
19.566 0.98097
19.626 0.981028
19.686 0.981087
19.746 0.981145
19.806 0.981202
19.866 0.98126
19.926 0.981317
19.986 0.981373
20.046 0.98143
20.106 0.981486
20.166 0.981541
20.226 0.981596
20.286 0.981651
20.346 0.981706
20.406 0.98176
20.466 0.981814
20.526 0.981868
20.586 0.981921
20.646 0.981974
20.706 0.982027
20.766 0.982079
20.826 0.982131
20.886 0.982183
20.946 0.982235
21.006 0.982286
21.066 0.982337
21.126 0.982387
21.186 0.982438
21.246 0.982488
21.306 0.982538
21.366 0.982587
21.426 0.982636
21.486 0.982685
21.546 0.982734
21.606 0.982782
21.666 0.98283
21.726 0.982878
21.786 0.982926
21.846 0.982973
21.906 0.98302
21.966 0.983067
22.026 0.983113
22.086 0.98316
22.146 0.983206
22.206 0.983251
22.266 0.983297
22.326 0.983342
22.386 0.983387
22.446 0.983432
22.506 0.983477
22.566 0.983521
22.626 0.983565
22.686 0.983609
22.746 0.983652
22.806 0.983696
22.866 0.983739
22.926 0.983782
22.986 0.983824
23.046 0.983867
23.106 0.983909
23.166 0.983951
23.226 0.983993
23.286 0.984034
23.346 0.984076
23.406 0.984117
23.466 0.984158
23.526 0.984199
23.586 0.984239
23.646 0.984279
23.706 0.98432
23.766 0.984359
23.826 0.984399
23.886 0.984439
23.946 0.984478
24.006 0.984517
24.066 0.984556
24.126 0.984595
24.186 0.984633
24.246 0.984672
24.306 0.98471
24.366 0.984748
24.426 0.984785
24.486 0.984823
24.546 0.98486
24.606 0.984898
24.666 0.984935
24.726 0.984971
24.786 0.985008
24.846 0.985045
24.906 0.985081
24.966 0.985117
25.026 0.985153
25.086 0.985189
25.146 0.985224
25.206 0.98526
25.266 0.985295
25.326 0.98533
25.386 0.985365
25.446 0.9854
25.506 0.985434
25.566 0.985469
25.626 0.985503
25.686 0.985537
25.746 0.985571
25.806 0.985605
25.866 0.985639
25.926 0.985672
25.986 0.985705
26.046 0.985739
26.106 0.985772
26.166 0.985804
26.226 0.985837
26.286 0.98587
26.346 0.985902
26.406 0.985934
26.466 0.985966
26.526 0.985998
26.586 0.98603
26.646 0.986062
26.706 0.986093
26.766 0.986125
26.826 0.986156
26.886 0.986187
26.946 0.986218
27.006 0.986249
27.066 0.98628
27.126 0.98631
27.186 0.986341
27.246 0.986371
27.306 0.986401
27.366 0.986431
27.426 0.986461
27.486 0.986491
27.546 0.98652
27.606 0.98655
27.666 0.986579
27.726 0.986609
27.786 0.986638
27.846 0.986667
27.906 0.986696
27.966 0.986724
28.026 0.986753
28.086 0.986781
28.146 0.98681
28.206 0.986838
28.266 0.986866
28.326 0.986894
28.386 0.986922
28.446 0.98695
28.506 0.986977
28.566 0.987005
28.626 0.987032
28.686 0.98706
28.746 0.987087
28.806 0.987114
28.866 0.987141
28.926 0.987168
28.986 0.987194
29.046 0.987221
29.106 0.987248
29.166 0.987274
29.226 0.9873
29.286 0.987326
29.346 0.987353
29.406 0.987379
29.466 0.987404
29.526 0.98743
29.586 0.987456
29.646 0.987481
29.706 0.987507
29.766 0.987532
29.826 0.987557
29.886 0.987582
29.946 0.987608
30.006 0.987632
30.066 0.987657
30.126 0.987682
30.186 0.987707
30.246 0.987731
30.306 0.987756
30.366 0.98778
30.426 0.987804
30.486 0.987828
30.546 0.987852
30.606 0.987876
30.666 0.9879
30.726 0.987924
30.786 0.987948
30.846 0.987971
30.906 0.987995
30.966 0.988018
31.026 0.988042
31.086 0.988065
31.146 0.988088
31.206 0.988111
31.266 0.988134
31.326 0.988157
31.386 0.98818
31.446 0.988202
31.506 0.988225
31.566 0.988247
31.626 0.98827
31.686 0.988292
31.746 0.988314
31.806 0.988337
31.866 0.988359
31.926 0.988381
31.986 0.988403
32.046 0.988424
32.106 0.988446
32.166 0.988468
32.226 0.988489
32.286 0.988511
32.346 0.988532
32.406 0.988554
32.466 0.988575
32.526 0.988596
32.586 0.988617
32.646 0.988638
32.706 0.988659
32.766 0.98868
32.826 0.988701
32.886 0.988722
32.946 0.988742
33.006 0.988763
33.066 0.988783
33.126 0.988804
33.186 0.988824
33.246 0.988845
33.306 0.988865
33.366 0.988885
33.426 0.988905
33.486 0.988925
33.546 0.988945
33.606 0.988965
33.666 0.988984
33.726 0.989004
33.786 0.989024
33.846 0.989043
33.906 0.989063
33.966 0.989082
34.026 0.989102
34.086 0.989121
34.146 0.98914
34.206 0.989159
34.266 0.989178
34.326 0.989197
34.386 0.989216
34.446 0.989235
34.506 0.989254
34.566 0.989273
34.626 0.989292
34.686 0.98931
34.746 0.989329
34.806 0.989347
34.866 0.989366
34.926 0.989384
34.986 0.989402
35.046 0.989421
35.106 0.989439
35.166 0.989457
35.226 0.989475
35.286 0.989493
35.346 0.989511
35.406 0.989529
35.466 0.989547
35.526 0.989564
35.586 0.989582
35.646 0.9896
35.706 0.989617
35.766 0.989635
35.826 0.989652
35.886 0.98967
35.946 0.989687
36.006 0.989704
36.066 0.989721
36.126 0.989738
36.186 0.989756
36.246 0.989773
36.306 0.98979
36.366 0.989807
36.426 0.989823
36.486 0.98984
36.546 0.989857
36.606 0.989874
36.666 0.98989
36.726 0.989907
36.786 0.989924
36.846 0.98994
36.906 0.989956
36.966 0.989973
37.026 0.989989
37.086 0.990005
37.146 0.990022
37.206 0.990038
37.266 0.990054
37.326 0.99007
37.386 0.990086
37.446 0.990102
37.506 0.990118
37.566 0.990134
37.626 0.99015
37.686 0.990165
37.746 0.990181
37.806 0.990197
37.866 0.990212
37.926 0.990228
37.986 0.990243
38.046 0.990259
38.106 0.990274
38.166 0.99029
38.226 0.990305
38.286 0.99032
38.346 0.990335
38.406 0.990351
38.466 0.990366
38.526 0.990381
38.586 0.990396
38.646 0.990411
38.706 0.990426
38.766 0.990441
38.826 0.990456
38.886 0.99047
38.946 0.990485
39.006 0.9905
39.066 0.990514
39.126 0.990529
39.186 0.990544
39.246 0.990558
39.306 0.990573
39.366 0.990587
39.426 0.990601
39.486 0.990616
39.546 0.99063
39.606 0.990644
39.666 0.990659
39.726 0.990673
39.786 0.990687
39.846 0.990701
39.906 0.990715
39.966 0.990729
40.026 0.990743
40.086 0.990757
40.146 0.990771
40.206 0.990785
40.266 0.990798
40.326 0.990812
40.386 0.990826
40.446 0.99084
40.506 0.990853
40.566 0.990867
40.626 0.99088
40.686 0.990894
40.746 0.990907
40.806 0.990921
40.866 0.990934
40.926 0.990948
40.986 0.990961
41.046 0.990974
41.106 0.990987
41.166 0.991001
41.226 0.991014
41.286 0.991027
41.346 0.99104
41.406 0.991053
41.466 0.991066
41.526 0.991079
41.586 0.991092
41.646 0.991105
41.706 0.991118
41.766 0.99113
41.826 0.991143
41.886 0.991156
41.946 0.991169
42.006 0.991181
42.066 0.991194
42.126 0.991207
42.186 0.991219
42.246 0.991232
42.306 0.991244
42.366 0.991257
42.426 0.991269
42.486 0.991281
42.546 0.991294
42.606 0.991306
42.666 0.991318
42.726 0.991331
42.786 0.991343
42.846 0.991355
42.906 0.991367
42.966 0.991379
43.026 0.991391
43.086 0.991403
43.146 0.991415
43.206 0.991427
43.266 0.991439
43.326 0.991451
43.386 0.991463
43.446 0.991475
43.506 0.991487
43.566 0.991498
43.626 0.99151
43.686 0.991522
43.746 0.991534
43.806 0.991545
43.866 0.991557
43.926 0.991568
43.986 0.99158
44.046 0.991591
44.106 0.991603
44.166 0.991614
44.226 0.991626
44.286 0.991637
44.346 0.991649
44.406 0.99166
44.466 0.991671
44.526 0.991682
44.586 0.991694
44.646 0.991705
44.706 0.991716
44.766 0.991727
44.826 0.991738
44.886 0.991749
44.946 0.991761
45.006 0.991772
45.066 0.991783
45.126 0.991794
45.186 0.991804
45.246 0.991815
45.306 0.991826
45.366 0.991837
45.426 0.991848
45.486 0.991859
45.546 0.99187
45.606 0.99188
45.666 0.991891
45.726 0.991902
45.786 0.991912
45.846 0.991923
45.906 0.991934
45.966 0.991944
46.026 0.991955
46.086 0.991965
46.146 0.991976
46.206 0.991986
46.266 0.991997
46.326 0.992007
46.386 0.992017
46.446 0.992028
46.506 0.992038
46.566 0.992048
46.626 0.992059
46.686 0.992069
46.746 0.992079
46.806 0.992089
46.866 0.992099
46.926 0.99211
46.986 0.99212
47.046 0.99213
47.106 0.99214
47.166 0.99215
47.226 0.99216
47.286 0.99217
47.346 0.99218
47.406 0.99219
47.466 0.9922
47.526 0.99221
47.586 0.992219
47.646 0.992229
47.706 0.992239
47.766 0.992249
47.826 0.992259
47.886 0.992268
47.946 0.992278
48.006 0.992288
48.066 0.992297
48.126 0.992307
48.186 0.992317
48.246 0.992326
48.306 0.992336
48.366 0.992345
48.426 0.992355
48.486 0.992364
48.546 0.992374
48.606 0.992383
48.666 0.992393
48.726 0.992402
48.786 0.992412
48.846 0.992421
48.906 0.99243
48.966 0.99244
49.026 0.992449
49.086 0.992458
49.146 0.992467
49.206 0.992477
49.266 0.992486
49.326 0.992495
49.386 0.992504
49.446 0.992513
49.506 0.992522
49.566 0.992531
49.626 0.99254
49.686 0.99255
49.746 0.992559
49.806 0.992568
49.866 0.992577
49.926 0.992585
49.986 0.992594
50.046 0.992603
50.106 0.992612
50.166 0.992621
50.226 0.99263
50.286 0.992639
50.346 0.992648
50.406 0.992656
50.466 0.992665
50.526 0.992674
50.586 0.992683
50.646 0.992691
50.706 0.9927
50.766 0.992709
50.826 0.992717
50.886 0.992726
50.946 0.992734
51.006 0.992743
51.066 0.992752
51.126 0.99276
51.186 0.992769
51.246 0.992777
51.306 0.992786
51.366 0.992794
51.426 0.992803
51.486 0.992811
51.546 0.992819
51.606 0.992828
51.666 0.992836
51.726 0.992844
51.786 0.992853
51.846 0.992861
51.906 0.992869
51.966 0.992878
52.026 0.992886
52.086 0.992894
52.146 0.992902
52.206 0.99291
52.266 0.992919
52.326 0.992927
52.386 0.992935
52.446 0.992943
52.506 0.992951
52.566 0.992959
52.626 0.992967
52.686 0.992975
52.746 0.992983
52.806 0.992991
52.866 0.992999
52.926 0.993007
52.986 0.993015
53.046 0.993023
53.106 0.993031
53.166 0.993039
53.226 0.993047
53.286 0.993055
53.346 0.993062
53.406 0.99307
53.466 0.993078
53.526 0.993086
53.586 0.993094
53.646 0.993101
53.706 0.993109
53.766 0.993117
53.826 0.993125
53.886 0.993132
53.946 0.99314
54.006 0.993148
54.066 0.993155
54.126 0.993163
54.186 0.99317
54.246 0.993178
54.306 0.993186
54.366 0.993193
54.426 0.993201
54.486 0.993208
54.546 0.993216
54.606 0.993223
54.666 0.993231
54.726 0.993238
54.786 0.993245
54.846 0.993253
54.906 0.99326
54.966 0.993268
55.026 0.993275
55.086 0.993282
55.146 0.99329
55.206 0.993297
55.266 0.993304
55.326 0.993312
55.386 0.993319
55.446 0.993326
55.506 0.993333
55.566 0.993341
55.626 0.993348
55.686 0.993355
55.746 0.993362
55.806 0.993369
55.866 0.993376
55.926 0.993384
55.986 0.993391
56.046 0.993398
56.106 0.993405
56.166 0.993412
56.226 0.993419
56.286 0.993426
56.346 0.993433
56.406 0.99344
56.466 0.993447
56.526 0.993454
56.586 0.993461
56.646 0.993468
56.706 0.993475
56.766 0.993482
56.826 0.993489
56.886 0.993496
56.946 0.993502
57.006 0.993509
57.066 0.993516
57.126 0.993523
57.186 0.99353
57.246 0.993537
57.306 0.993543
57.366 0.99355
57.426 0.993557
57.486 0.993564
57.546 0.99357
57.606 0.993577
57.666 0.993584
57.726 0.993591
57.786 0.993597
57.846 0.993604
57.906 0.993611
57.966 0.993617
58.026 0.993624
58.086 0.99363
58.146 0.993637
58.206 0.993644
58.266 0.99365
58.326 0.993657
58.386 0.993663
58.446 0.99367
58.506 0.993676
58.566 0.993683
58.626 0.993689
58.686 0.993696
58.746 0.993702
58.806 0.993709
58.866 0.993715
58.926 0.993722
58.986 0.993728
59.046 0.993734
59.106 0.993741
59.166 0.993747
59.226 0.993753
59.286 0.99376
59.346 0.993766
59.406 0.993772
59.466 0.993779
59.526 0.993785
59.586 0.993791
59.646 0.993798
59.706 0.993804
59.766 0.99381
59.826 0.993816
59.886 0.993822
59.946 0.993829

