0.06 0.44798
0.006 0.04819 0.089232 1 0.00546417 0.007392
0.066 0.0481328 0.0893064 1.00073 0.00545654 0.00738684
0.126 0.0479785 0.0895061 1.00265 0.00543613 0.00737301
0.186 0.0477291 0.0898306 1.00578 0.0054032 0.00735065
0.246 0.0473863 0.0902798 1.01009 0.00535806 0.00731988
0.306 0.0469529 0.0908538 1.0156 0.00530115 0.0072809
0.366 0.0464319 0.0915526 1.02228 0.00523299 0.00723394
0.426 0.045827 0.0923761 1.03012 0.00515422 0.00717929
0.486 0.0451426 0.0933242 1.0391 0.00506555 0.00711727
0.546 0.0443832 0.094397 1.04922 0.00496773 0.00704821
0.606 0.043554 0.0955945 1.06044 0.0048616 0.00697251
0.666 0.0426602 0.0969166 1.07274 0.004748 0.00689057
0.726 0.0417074 0.0983633 1.0861 0.00462782 0.00680281
0.786 0.0407014 0.0999346 1.10049 0.00450194 0.00670965
0.846 0.039648 0.10163 1.11587 0.00437125 0.00661154
0.906 0.038553 0.103451 1.1322 0.00423661 0.00650892
0.966 0.0374224 0.105396 1.14945 0.00409886 0.00640223
1.026 0.0362621 0.107466 1.16757 0.00395881 0.0062919
1.086 0.0350777 0.10966 1.18653 0.00381722 0.00617837
1.146 0.0338749 0.111978 1.20627 0.00367482 0.00606203
1.206 0.0326591 0.114421 1.22674 0.00353227 0.00594329
1.266 0.0314356 0.116989 1.2479 0.0033902 0.00582254
1.326 0.0302092 0.119681 1.2697 0.00324916 0.00570014
1.386 0.0289849 0.122497 1.29207 0.00310966 0.00557643
1.446 0.027767 0.125437 1.31497 0.00297215 0.00545175
1.506 0.0265597 0.128501 1.33834 0.00283704 0.00532639
1.566 0.0253669 0.131689 1.36212 0.00270466 0.00520064
1.626 0.024192 0.135 1.38627 0.00257532 0.00507477
1.686 0.0230383 0.138434 1.41072 0.00244927 0.00494901
1.746 0.0219087 0.141991 1.43543 0.00232672 0.00482361
1.806 0.0208057 0.14567 1.46034 0.00220784 0.00469876
1.866 0.0197315 0.149471 1.48539 0.00209275 0.00457465
1.926 0.018688 0.153393 1.51054 0.00198155 0.00445146
1.986 0.0176768 0.157435 1.53573 0.00187432 0.00432934
2.046 0.0166993 0.161597 1.56091 0.00177109 0.00420843
2.106 0.0157564 0.165877 1.58604 0.00167187 0.00408885
2.166 0.0148489 0.170274 1.61107 0.00157666 0.00397072
2.226 0.0139773 0.174788 1.63594 0.00148544 0.00385414
2.286 0.0131419 0.179416 1.66062 0.00139816 0.0037392
2.346 0.0123428 0.184157 1.68505 0.00131477 0.00362597
2.406 0.0115798 0.189009 1.7092 0.00123519 0.00351452
2.466 0.0108526 0.193971 1.73301 0.00115934 0.00340492
2.526 0.0101608 0.19904 1.75645 0.00108715 0.0032972
2.586 0.00950375 0.204214 1.77947 0.00101851 0.00319141
2.646 0.00888074 0.209491 1.80203 0.000953323 0.00308759
2.706 0.00829095 0.214867 1.82409 0.000891482 0.00298577
2.766 0.00773347 0.22034 1.8456 0.000832878 0.00288596
2.826 0.00720729 0.225907 1.86653 0.0007774 0.00278819
2.886 0.00671138 0.231565 1.88684 0.000724936 0.00269246
2.946 0.00624464 0.237309 1.9065 0.00067537 0.00259879
3.006 0.00580592 0.243137 1.92546 0.000628588 0.00250717
3.066 0.00539409 0.249045 1.94369 0.000584478 0.0024176
3.126 0.00500796 0.255027 1.96116 0.000542926 0.00233008
3.186 0.00464637 0.261081 1.97784 0.000503821 0.00224459
3.246 0.00430815 0.267202 1.99369 0.000467052 0.00216114
3.306 0.00399212 0.273385 2.0087 0.000432514 0.0020797
3.366 0.00369715 0.279625 2.02284 0.0004001 0.00200025
3.426 0.00342212 0.285919 2.03608 0.000369707 0.00192278
3.486 0.00316592 0.29226 2.0484 0.000341237 0.00184726
3.546 0.00292748 0.298645 2.0598 0.000314591 0.00177367
3.606 0.00270578 0.305068 2.07025 0.000289677 0.00170199
3.666 0.00249981 0.311523 2.07975 0.000266403 0.00163219
3.726 0.00230862 0.318006 2.08828 0.000244682 0.00156423
3.786 0.00213127 0.324512 2.09585 0.00022443 0.0014981
3.846 0.00196688 0.331036 2.10244 0.000205565 0.00143375
3.906 0.00181463 0.337571 2.10807 0.00018801 0.00137117
3.966 0.00167369 0.344114 2.11273 0.000171691 0.00131031
4.026 0.00154331 0.350659 2.11643 0.000156535 0.00125114
4.086 0.00142277 0.357201 2.11918 0.000142476 0.00119363
4.146 0.00131139 0.363735 2.121 0.000129447 0.00113775
4.206 0.00120851 0.370257 2.12189 0.000117387 0.00108345
4.266 0.00111355 0.376761 2.12187 0.000106237 0.00103071
4.326 0.00102593 0.383243 2.12096 9.59415e-05 0.000979497
4.386 0.000945107 0.389698 2.11919 8.64463e-05 0.000929765
4.446 0.000870589 0.396123 2.11658 7.77014e-05 0.000881484
4.506 0.000801906 0.402512 2.11314 6.96588e-05 0.000834619
4.566 0.000738621 0.408862 2.10891 6.22733e-05 0.000789134
4.626 0.000680325 0.415168 2.10391 5.5502e-05 0.000744997
4.686 0.000626639 0.421428 2.09818 4.93046e-05 0.000702172
4.746 0.000577208 0.427636 2.09173 4.36427e-05 0.000660626
4.806 0.000531704 0.433791 2.0846 3.84803e-05 0.000620325
4.866 0.000489822 0.439889 2.07682 3.37836e-05 0.000581236
4.926 0.00045128 0.445926 2.06843 2.95205e-05 0.000543327
4.986 0.000415813 0.4519 2.05944 2.56609e-05 0.000506566
5.046 0.000383181 0.457807 2.0499 2.21766e-05 0.000470921
5.106 0.000353158 0.463647 2.03982 1.90411e-05 0.000436361
5.166 0.000325536 0.469415 2.02926 1.62292e-05 0.000402855
5.226 0.000300125 0.47511 2.01822 1.37178e-05 0.000370375
5.286 0.000276747 0.48073 2.00675 1.14847e-05 0.00033889
5.346 0.000255239 0.486274 1.99487 9.50939e-06 0.000308373
5.406 0.00023545 0.491738 1.98262 7.77268e-06 0.000278795
5.466 0.000217243 0.497123 1.97001 6.25648e-06 0.00025013
5.526 0.000200489 0.502425 1.95708 4.94394e-06 0.00022235
5.586 0.00018507 0.507646 1.94386 3.81926e-06 0.000195429
5.646 0.00017088 0.512782 1.93037 2.86772e-06 0.000169344
5.706 0.000157817 0.517834 1.91663 2.07555e-06 0.000144068
5.766 0.000145792 0.5228 1.90267 1.42988e-06 0.000119577
5.826 0.000134719 0.52768 1.88851 9.18721e-07 9.58499e-05
5.886 0.000124522 0.532473 1.87418 5.30892e-07 7.28623e-05
5.946 0.00011513 0.537179 1.8597 2.55961e-07 5.05925e-05
6.006 0.000106477 0.541797 1.84508 8.42118e-08 2.90193e-05
6.066 9.85042e-05 0.546328 1.83035 6.5967e-09 8.12201e-06
6.126 9.11559e-05 0.550772 1.81563 0 0
6.186 8.43811e-05 0.555129 1.80138 0 0
6.246 7.81327e-05 0.559403 1.78762 0 0
6.306 7.23678e-05 0.563595 1.77432 0 0
6.366 6.70469e-05 0.567708 1.76147 0 0
6.426 6.21342e-05 0.571744 1.74903 0 0
6.486 5.75968e-05 0.575706 1.737 0 0
6.546 5.34046e-05 0.579595 1.72534 0 0
6.606 4.953e-05 0.583413 1.71405 0 0
6.666 4.5948e-05 0.587163 1.7031 0 0
6.726 4.26353e-05 0.590846 1.69249 0 0
6.786 3.95708e-05 0.594463 1.68219 0 0
6.846 3.67351e-05 0.598018 1.67219 0 0
6.906 3.41103e-05 0.60151 1.66248 0 0
6.966 3.16801e-05 0.604942 1.65305 0 0
7.026 2.94294e-05 0.608316 1.64388 0 0
7.086 2.73443e-05 0.611633 1.63497 0 0
7.146 2.54123e-05 0.614893 1.6263 0 0
7.206 2.36216e-05 0.6181 1.61786 0 0
7.266 2.19614e-05 0.621254 1.60965 0 0
7.326 2.04218e-05 0.624355 1.60165 0 0
7.386 1.89939e-05 0.627407 1.59386 0 0
7.446 1.7669e-05 0.630409 1.58627 0 0
7.506 1.64396e-05 0.633364 1.57887 0 0
7.566 1.52985e-05 0.636271 1.57166 0 0
7.626 1.42391e-05 0.639133 1.56462 0 0
7.686 1.32554e-05 0.64195 1.55775 0 0
7.746 1.23417e-05 0.644723 1.55105 0 0
7.806 1.14929e-05 0.647454 1.54451 0 0
7.866 1.07042e-05 0.650143 1.53812 0 0
7.926 9.97126e-06 0.652792 1.53188 0 0
7.986 9.28996e-06 0.6554 1.52578 0 0
8.046 8.65655e-06 0.65797 1.51983 0 0
8.106 8.06754e-06 0.660502 1.514 0 0
8.166 7.51974e-06 0.662996 1.5083 0 0
8.226 7.01017e-06 0.665454 1.50273 0 0
8.286 6.53607e-06 0.667877 1.49728 0 0
8.346 6.09489e-06 0.670265 1.49195 0 0
8.406 5.68429e-06 0.672618 1.48673 0 0
8.466 5.30208e-06 0.674938 1.48162 0 0
8.526 4.94623e-06 0.677226 1.47661 0 0
8.586 4.61489e-06 0.679482 1.47171 0 0
8.646 4.3063e-06 0.681706 1.46691 0 0
8.706 4.01887e-06 0.683899 1.4622 0 0
8.766 3.7511e-06 0.686063 1.45759 0 0
8.826 3.50161e-06 0.688197 1.45307 0 0
8.886 3.26912e-06 0.690303 1.44864 0 0
8.946 3.05244e-06 0.69238 1.44429 0 0
9.006 2.85046e-06 0.694429 1.44003 0 0
9.066 2.66217e-06 0.696451 1.43585 0 0
9.126 2.48661e-06 0.698447 1.43175 0 0
9.186 2.3229e-06 0.700417 1.42772 0 0
9.246 2.17022e-06 0.702361 1.42377 0 0
9.306 2.0278e-06 0.70428 1.41989 0 0
9.366 1.89495e-06 0.706174 1.41608 0 0
9.426 1.771e-06 0.708045 1.41234 0 0
9.486 1.65535e-06 0.709891 1.40867 0 0
9.546 1.54742e-06 0.711715 1.40506 0 0
9.606 1.44669e-06 0.713515 1.40151 0 0
9.666 1.35267e-06 0.715294 1.39803 0 0
9.726 1.26491e-06 0.71705 1.3946 0 0
9.786 1.18297e-06 0.718785 1.39124 0 0
9.846 1.10646e-06 0.720498 1.38793 0 0
9.906 1.03502e-06 0.722191 1.38467 0 0
9.966 9.68307e-07 0.723864 1.38148 0 0
10.026 9.05999e-07 0.725516 1.37833 0 0
10.086 8.47802e-07 0.727149 1.37523 0 0
10.146 7.93439e-07 0.728763 1.37219 0 0
10.206 7.42655e-07 0.730357 1.36919 0 0
10.266 6.95211e-07 0.731933 1.36624 0 0
10.326 6.50884e-07 0.733491 1.36334 0 0
10.386 6.09467e-07 0.735031 1.36049 0 0
10.446 5.70767e-07 0.736553 1.35768 0 0
10.506 5.34604e-07 0.738057 1.35491 0 0
10.566 5.0081e-07 0.739545 1.35218 0 0
10.626 4.6923e-07 0.741015 1.3495 0 0
10.686 4.39718e-07 0.742469 1.34686 0 0
10.746 4.12139e-07 0.743907 1.34425 0 0
10.806 3.86365e-07 0.745329 1.34169 0 0
10.866 3.6228e-07 0.746736 1.33916 0 0
10.926 3.39773e-07 0.748126 1.33667 0 0
10.986 3.18742e-07 0.749502 1.33422 0 0
11.046 2.99092e-07 0.750863 1.3318 0 0
11.106 2.80734e-07 0.752209 1.32942 0 0
11.166 2.63584e-07 0.75354 1.32707 0 0
11.226 2.47566e-07 0.754857 1.32475 0 0
11.286 2.32608e-07 0.756161 1.32247 0 0
11.346 2.18642e-07 0.75745 1.32022 0 0
11.406 2.05606e-07 0.758726 1.318 0 0
11.466 1.93441e-07 0.759989 1.31581 0 0
11.526 1.82093e-07 0.761238 1.31365 0 0
11.586 1.71511e-07 0.762474 1.31152 0 0
11.646 1.61649e-07 0.763698 1.30942 0 0
11.706 1.52461e-07 0.764909 1.30734 0 0
11.766 1.43908e-07 0.766108 1.3053 0 0
11.826 1.35952e-07 0.767295 1.30328 0 0
11.886 1.28556e-07 0.768469 1.30129 0 0
11.946 1.21689e-07 0.769632 1.29932 0 0
12.006 1.15318e-07 0.770784 1.29738 0 0
12.066 1.09417e-07 0.771923 1.29547 0 0
12.126 1.03958e-07 0.773052 1.29357 0 0
12.186 9.8917e-08 0.774169 1.29171 0 0
12.246 9.42718e-08 0.775276 1.28986 0 0
12.306 9.0001e-08 0.776372 1.28804 0 0
12.366 8.60855e-08 0.777457 1.28625 0 0
12.426 8.25074e-08 0.778531 1.28447 0 0
12.486 7.92502e-08 0.779595 1.28272 0 0
12.546 7.62989e-08 0.780649 1.28098 0 0
12.606 7.36396e-08 0.781693 1.27927 0 0
12.666 7.12599e-08 0.782728 1.27758 0 0
12.726 6.91482e-08 0.783752 1.27591 0 0
12.786 6.72941e-08 0.784767 1.27426 0 0
12.846 6.56882e-08 0.785772 1.27263 0 0
12.906 6.43223e-08 0.786768 1.27102 0 0
12.966 6.3189e-08 0.787755 1.26943 0 0
13.026 6.22815e-08 0.788732 1.26786 0 0
13.086 6.15945e-08 0.789701 1.2663 0 0
13.146 6.11229e-08 0.790661 1.26476 0 0
13.206 6.08628e-08 0.791612 1.26325 0 0
13.266 4.819e-10 0.792555 1.26174 0 0
13.326 4.819e-10 0.793489 1.26026 0 0
13.386 4.819e-10 0.794414 1.25879 0 0
13.446 4.819e-10 0.795332 1.25734 0 0
13.506 4.819e-10 0.796241 1.2559 0 0
13.566 4.819e-10 0.797142 1.25448 0 0
13.626 4.819e-10 0.798035 1.25308 0 0
13.686 4.819e-10 0.798921 1.25169 0 0
13.746 4.819e-10 0.799798 1.25032 0 0
13.806 4.819e-10 0.800668 1.24896 0 0
13.866 4.819e-10 0.801531 1.24761 0 0
13.926 4.819e-10 0.802386 1.24628 0 0
13.986 4.819e-10 0.803234 1.24497 0 0
14.046 4.819e-10 0.804074 1.24367 0 0
14.106 4.819e-10 0.804908 1.24238 0 0
14.166 4.819e-10 0.805734 1.2411 0 0
14.226 4.819e-10 0.806553 1.23984 0 0
14.286 4.819e-10 0.807366 1.2386 0 0
14.346 4.819e-10 0.808171 1.23736 0 0
14.406 4.819e-10 0.80897 1.23614 0 0
14.466 4.819e-10 0.809763 1.23493 0 0
14.526 4.819e-10 0.810549 1.23373 0 0
14.586 4.819e-10 0.811328 1.23255 0 0
14.646 4.819e-10 0.812101 1.23137 0 0
14.706 4.819e-10 0.812867 1.23021 0 0
14.766 4.819e-10 0.813628 1.22906 0 0
14.826 4.819e-10 0.814382 1.22792 0 0
14.886 4.819e-10 0.81513 1.2268 0 0
14.946 4.819e-10 0.815872 1.22568 0 0
15.006 4.819e-10 0.816609 1.22458 0 0
15.066 4.819e-10 0.817339 1.22348 0 0
15.126 4.819e-10 0.818063 1.2224 0 0
15.186 4.819e-10 0.818782 1.22133 0 0
15.246 4.819e-10 0.819495 1.22026 0 0
15.306 4.819e-10 0.820203 1.21921 0 0
15.366 4.819e-10 0.820905 1.21817 0 0
15.426 4.819e-10 0.821602 1.21713 0 0
15.486 4.819e-10 0.822293 1.21611 0 0
15.546 4.819e-10 0.822979 1.2151 0 0
15.606 4.819e-10 0.823659 1.21409 0 0
15.666 4.819e-10 0.824335 1.2131 0 0
15.726 4.819e-10 0.825005 1.21211 0 0
15.786 4.819e-10 0.82567 1.21114 0 0
15.846 4.819e-10 0.82633 1.21017 0 0
15.906 4.819e-10 0.826985 1.20921 0 0
15.966 4.819e-10 0.827635 1.20826 0 0
16.026 4.819e-10 0.828281 1.20732 0 0
16.086 4.819e-10 0.828921 1.20639 0 0
16.146 4.819e-10 0.829557 1.20546 0 0
16.206 4.819e-10 0.830188 1.20455 0 0
16.266 4.819e-10 0.830814 1.20364 0 0
16.326 4.819e-10 0.831436 1.20274 0 0
16.386 4.819e-10 0.832053 1.20185 0 0
16.446 4.819e-10 0.832666 1.20096 0 0
16.506 4.819e-10 0.833274 1.20008 0 0
16.566 4.819e-10 0.833878 1.19922 0 0
16.626 4.819e-10 0.834478 1.19835 0 0
16.686 4.819e-10 0.835073 1.1975 0 0
16.746 4.819e-10 0.835664 1.19665 0 0
16.806 4.819e-10 0.836251 1.19581 0 0
16.866 4.819e-10 0.836833 1.19498 0 0
16.926 4.819e-10 0.837412 1.19416 0 0
16.986 4.819e-10 0.837986 1.19334 0 0
17.046 4.819e-10 0.838556 1.19253 0 0
17.106 4.819e-10 0.839122 1.19172 0 0
17.166 4.819e-10 0.839685 1.19092 0 0
17.226 4.819e-10 0.840243 1.19013 0 0
17.286 4.819e-10 0.840798 1.18935 0 0
17.346 4.819e-10 0.841348 1.18857 0 0
17.406 4.819e-10 0.841895 1.1878 0 0
17.466 4.819e-10 0.842438 1.18703 0 0
17.526 4.819e-10 0.842978 1.18627 0 0
17.586 4.819e-10 0.843513 1.18552 0 0
17.646 4.819e-10 0.844046 1.18477 0 0
17.706 4.819e-10 0.844574 1.18403 0 0
17.766 4.819e-10 0.845099 1.18329 0 0
17.826 4.819e-10 0.84562 1.18256 0 0
17.886 4.819e-10 0.846138 1.18184 0 0
17.946 4.819e-10 0.846653 1.18112 0 0
18.006 4.819e-10 0.847164 1.18041 0 0
18.066 4.819e-10 0.847671 1.1797 0 0
18.126 4.819e-10 0.848175 1.179 0 0
18.186 4.819e-10 0.848676 1.17831 0 0
18.246 4.819e-10 0.849174 1.17761 0 0
18.306 4.819e-10 0.849668 1.17693 0 0
18.366 4.819e-10 0.850159 1.17625 0 0
18.426 4.819e-10 0.850647 1.17558 0 0
18.486 4.819e-10 0.851132 1.17491 0 0
18.546 4.819e-10 0.851614 1.17424 0 0
18.606 4.819e-10 0.852092 1.17358 0 0
18.666 4.819e-10 0.852568 1.17293 0 0
18.726 4.819e-10 0.85304 1.17228 0 0
18.786 4.819e-10 0.853509 1.17163 0 0
18.846 4.819e-10 0.853976 1.17099 0 0
18.906 4.819e-10 0.854439 1.17036 0 0
18.966 4.819e-10 0.8549 1.16973 0 0
19.026 4.819e-10 0.855357 1.1691 0 0
19.086 4.819e-10 0.855812 1.16848 0 0
19.146 4.819e-10 0.856264 1.16786 0 0
19.206 4.819e-10 0.856713 1.16725 0 0
19.266 4.819e-10 0.857159 1.16664 0 0
19.326 4.819e-10 0.857603 1.16604 0 0
19.386 4.819e-10 0.858043 1.16544 0 0
19.446 4.819e-10 0.858481 1.16485 0 0
19.506 4.819e-10 0.858917 1.16426 0 0
19.566 4.819e-10 0.859349 1.16367 0 0
19.626 4.819e-10 0.859779 1.16309 0 0
19.686 4.819e-10 0.860207 1.16251 0 0
19.746 4.819e-10 0.860631 1.16194 0 0
19.806 4.819e-10 0.861054 1.16137 0 0
19.866 4.819e-10 0.861473 1.1608 0 0
19.926 4.819e-10 0.86189 1.16024 0 0
19.986 4.819e-10 0.862305 1.15968 0 0
20.046 4.819e-10 0.862717 1.15913 0 0
20.106 4.819e-10 0.863127 1.15858 0 0
20.166 4.819e-10 0.863534 1.15803 0 0
20.226 4.819e-10 0.863939 1.15749 0 0
20.286 4.819e-10 0.864341 1.15695 0 0
20.346 4.819e-10 0.864741 1.15642 0 0
20.406 4.819e-10 0.865139 1.15588 0 0
20.466 4.819e-10 0.865534 1.15536 0 0
20.526 4.819e-10 0.865928 1.15483 0 0
20.586 4.819e-10 0.866318 1.15431 0 0
20.646 4.819e-10 0.866707 1.15379 0 0
20.706 4.819e-10 0.867093 1.15328 0 0
20.766 4.819e-10 0.867477 1.15277 0 0
20.826 4.819e-10 0.867859 1.15226 0 0
20.886 4.819e-10 0.868238 1.15176 0 0
20.946 4.819e-10 0.868616 1.15126 0 0
21.006 4.819e-10 0.868991 1.15076 0 0
21.066 4.819e-10 0.869364 1.15027 0 0
21.126 4.819e-10 0.869735 1.14978 0 0
21.186 4.819e-10 0.870104 1.14929 0 0
21.246 4.819e-10 0.870471 1.1488 0 0
21.306 4.819e-10 0.870836 1.14832 0 0
21.366 4.819e-10 0.871199 1.14784 0 0
21.426 4.819e-10 0.871559 1.14737 0 0
21.486 4.819e-10 0.871918 1.1469 0 0
21.546 4.819e-10 0.872275 1.14643 0 0
21.606 4.819e-10 0.872629 1.14596 0 0
21.666 4.819e-10 0.872982 1.1455 0 0
21.726 4.819e-10 0.873333 1.14504 0 0
21.786 4.819e-10 0.873682 1.14458 0 0
21.846 4.819e-10 0.874029 1.14413 0 0
21.906 4.819e-10 0.874374 1.14368 0 0
21.966 4.819e-10 0.874717 1.14323 0 0
22.026 4.819e-10 0.875058 1.14278 0 0
22.086 4.819e-10 0.875397 1.14234 0 0
22.146 4.819e-10 0.875735 1.1419 0 0
22.206 4.819e-10 0.876071 1.14146 0 0
22.266 4.819e-10 0.876405 1.14103 0 0
22.326 4.819e-10 0.876737 1.14059 0 0
22.386 4.819e-10 0.877067 1.14016 0 0
22.446 4.819e-10 0.877396 1.13974 0 0
22.506 4.819e-10 0.877723 1.13931 0 0
22.566 4.819e-10 0.878048 1.13889 0 0
22.626 4.819e-10 0.878371 1.13847 0 0
22.686 4.819e-10 0.878693 1.13805 0 0
22.746 4.819e-10 0.879013 1.13764 0 0
22.806 4.819e-10 0.879331 1.13723 0 0
22.866 4.819e-10 0.879648 1.13682 0 0
22.926 4.819e-10 0.879963 1.13641 0 0
22.986 4.819e-10 0.880276 1.13601 0 0
23.046 4.819e-10 0.880588 1.13561 0 0
23.106 4.819e-10 0.880898 1.13521 0 0
23.166 4.819e-10 0.881206 1.13481 0 0
23.226 4.819e-10 0.881513 1.13441 0 0
23.286 4.819e-10 0.881819 1.13402 0 0
23.346 4.819e-10 0.882122 1.13363 0 0
23.406 4.819e-10 0.882425 1.13324 0 0
23.466 4.819e-10 0.882725 1.13286 0 0
23.526 4.819e-10 0.883024 1.13247 0 0
23.586 4.819e-10 0.883322 1.13209 0 0
23.646 4.819e-10 0.883618 1.13171 0 0
23.706 4.819e-10 0.883912 1.13133 0 0
23.766 4.819e-10 0.884206 1.13096 0 0
23.826 4.819e-10 0.884497 1.13059 0 0
23.886 4.819e-10 0.884787 1.13022 0 0
23.946 4.819e-10 0.885076 1.12985 0 0
24.006 4.819e-10 0.885363 1.12948 0 0
24.066 4.819e-10 0.885649 1.12912 0 0
24.126 4.819e-10 0.885933 1.12875 0 0
24.186 4.819e-10 0.886216 1.12839 0 0
24.246 4.819e-10 0.886498 1.12803 0 0
24.306 4.819e-10 0.886778 1.12768 0 0
24.366 4.819e-10 0.887057 1.12732 0 0
24.426 4.819e-10 0.887334 1.12697 0 0
24.486 4.819e-10 0.88761 1.12662 0 0
24.546 4.819e-10 0.887885 1.12627 0 0
24.606 4.819e-10 0.888159 1.12593 0 0
24.666 4.819e-10 0.888431 1.12558 0 0
24.726 4.819e-10 0.888701 1.12524 0 0
24.786 4.819e-10 0.888971 1.1249 0 0
24.846 4.819e-10 0.889239 1.12456 0 0
24.906 4.819e-10 0.889506 1.12422 0 0
24.966 4.819e-10 0.889771 1.12388 0 0
25.026 4.819e-10 0.890035 1.12355 0 0
25.086 4.819e-10 0.890299 1.12322 0 0
25.146 4.819e-10 0.89056 1.12289 0 0
25.206 4.819e-10 0.890821 1.12256 0 0
25.266 4.819e-10 0.89108 1.12223 0 0
25.326 4.819e-10 0.891338 1.12191 0 0
25.386 4.819e-10 0.891595 1.12159 0 0
25.446 4.819e-10 0.891851 1.12126 0 0
25.506 4.819e-10 0.892105 1.12094 0 0
25.566 4.819e-10 0.892358 1.12063 0 0
25.626 4.819e-10 0.89261 1.12031 0 0
25.686 4.819e-10 0.892861 1.12 0 0
25.746 4.819e-10 0.893111 1.11968 0 0
25.806 4.819e-10 0.893359 1.11937 0 0
25.866 4.819e-10 0.893607 1.11906 0 0
25.926 4.819e-10 0.893853 1.11875 0 0
25.986 4.819e-10 0.894098 1.11845 0 0
26.046 4.819e-10 0.894342 1.11814 0 0
26.106 4.819e-10 0.894585 1.11784 0 0
26.166 4.819e-10 0.894826 1.11754 0 0
26.226 4.819e-10 0.895067 1.11723 0 0
26.286 4.819e-10 0.895307 1.11694 0 0
26.346 4.819e-10 0.895545 1.11664 0 0
26.406 4.819e-10 0.895782 1.11634 0 0
26.466 4.819e-10 0.896019 1.11605 0 0
26.526 4.819e-10 0.896254 1.11576 0 0
26.586 4.819e-10 0.896488 1.11546 0 0
26.646 4.819e-10 0.896721 1.11517 0 0
26.706 4.819e-10 0.896953 1.11489 0 0
26.766 4.819e-10 0.897184 1.1146 0 0
26.826 4.819e-10 0.897414 1.11431 0 0
26.886 4.819e-10 0.897643 1.11403 0 0
26.946 4.819e-10 0.897871 1.11375 0 0
27.006 4.819e-10 0.898098 1.11346 0 0
27.066 4.819e-10 0.898324 1.11318 0 0
27.126 4.819e-10 0.898549 1.11291 0 0
27.186 4.819e-10 0.898772 1.11263 0 0
27.246 4.819e-10 0.898995 1.11235 0 0
27.306 4.819e-10 0.899217 1.11208 0 0
27.366 4.819e-10 0.899438 1.11181 0 0
27.426 4.819e-10 0.899658 1.11153 0 0
27.486 4.819e-10 0.899877 1.11126 0 0
27.546 4.819e-10 0.900095 1.11099 0 0
27.606 4.819e-10 0.900313 1.11073 0 0
27.666 4.819e-10 0.900529 1.11046 0 0
27.726 4.819e-10 0.900744 1.11019 0 0
27.786 4.819e-10 0.900958 1.10993 0 0
27.846 4.819e-10 0.901172 1.10967 0 0
27.906 4.819e-10 0.901384 1.1094 0 0
27.966 4.819e-10 0.901596 1.10914 0 0
28.026 4.819e-10 0.901806 1.10889 0 0
28.086 4.819e-10 0.902016 1.10863 0 0
28.146 4.819e-10 0.902225 1.10837 0 0
28.206 4.819e-10 0.902433 1.10812 0 0
28.266 4.819e-10 0.90264 1.10786 0 0
28.326 4.819e-10 0.902846 1.10761 0 0
28.386 4.819e-10 0.903052 1.10736 0 0
28.446 4.819e-10 0.903256 1.10711 0 0
28.506 4.819e-10 0.90346 1.10686 0 0
28.566 4.819e-10 0.903663 1.10661 0 0
28.626 4.819e-10 0.903865 1.10636 0 0
28.686 4.819e-10 0.904066 1.10611 0 0
28.746 4.819e-10 0.904266 1.10587 0 0
28.806 4.819e-10 0.904465 1.10563 0 0
28.866 4.819e-10 0.904664 1.10538 0 0
28.926 4.819e-10 0.904862 1.10514 0 0
28.986 4.819e-10 0.905059 1.1049 0 0
29.046 4.819e-10 0.905255 1.10466 0 0
29.106 4.819e-10 0.90545 1.10442 0 0
29.166 4.819e-10 0.905645 1.10419 0 0
29.226 4.819e-10 0.905838 1.10395 0 0
29.286 4.819e-10 0.906031 1.10371 0 0
29.346 4.819e-10 0.906223 1.10348 0 0
29.406 4.819e-10 0.906415 1.10325 0 0
29.466 4.819e-10 0.906605 1.10302 0 0
29.526 4.819e-10 0.906795 1.10279 0 0
29.586 4.819e-10 0.906984 1.10256 0 0
29.646 4.819e-10 0.907172 1.10233 0 0
29.706 4.819e-10 0.90736 1.1021 0 0
29.766 4.819e-10 0.907546 1.10187 0 0
29.826 4.819e-10 0.907732 1.10165 0 0
29.886 4.819e-10 0.907918 1.10142 0 0
29.946 4.819e-10 0.908102 1.1012 0 0
30.006 4.819e-10 0.908286 1.10097 0 0
30.066 4.819e-10 0.908469 1.10075 0 0
30.126 4.819e-10 0.908651 1.10053 0 0
30.186 4.819e-10 0.908833 1.10031 0 0
30.246 4.819e-10 0.909014 1.10009 0 0
30.306 4.819e-10 0.909194 1.09988 0 0
30.366 4.819e-10 0.909373 1.09966 0 0
30.426 4.819e-10 0.909552 1.09944 0 0
30.486 4.819e-10 0.90973 1.09923 0 0
30.546 4.819e-10 0.909907 1.09901 0 0
30.606 4.819e-10 0.910084 1.0988 0 0
30.666 4.819e-10 0.91026 1.09859 0 0
30.726 4.819e-10 0.910435 1.09838 0 0
30.786 4.819e-10 0.91061 1.09817 0 0
30.846 4.819e-10 0.910784 1.09796 0 0
30.906 4.819e-10 0.910957 1.09775 0 0
30.966 4.819e-10 0.911129 1.09754 0 0
31.026 4.819e-10 0.911301 1.09733 0 0
31.086 4.819e-10 0.911472 1.09713 0 0
31.146 4.819e-10 0.911643 1.09692 0 0
31.206 4.819e-10 0.911813 1.09672 0 0
31.266 4.819e-10 0.911982 1.09651 0 0
31.326 4.819e-10 0.912151 1.09631 0 0
31.386 4.819e-10 0.912318 1.09611 0 0
31.446 4.819e-10 0.912486 1.09591 0 0
31.506 4.819e-10 0.912652 1.09571 0 0
31.566 4.819e-10 0.912818 1.09551 0 0
31.626 4.819e-10 0.912984 1.09531 0 0
31.686 4.819e-10 0.913149 1.09511 0 0
31.746 4.819e-10 0.913313 1.09492 0 0
31.806 4.819e-10 0.913476 1.09472 0 0
31.866 4.819e-10 0.913639 1.09452 0 0
31.926 4.819e-10 0.913802 1.09433 0 0
31.986 4.819e-10 0.913963 1.09414 0 0
32.046 4.819e-10 0.914124 1.09394 0 0
32.106 4.819e-10 0.914285 1.09375 0 0
32.166 4.819e-10 0.914445 1.09356 0 0
32.226 4.819e-10 0.914604 1.09337 0 0
32.286 4.819e-10 0.914763 1.09318 0 0
32.346 4.819e-10 0.914921 1.09299 0 0
32.406 4.819e-10 0.915078 1.0928 0 0
32.466 4.819e-10 0.915235 1.09262 0 0
32.526 4.819e-10 0.915392 1.09243 0 0
32.586 4.819e-10 0.915547 1.09224 0 0
32.646 4.819e-10 0.915703 1.09206 0 0
32.706 4.819e-10 0.915857 1.09187 0 0
32.766 4.819e-10 0.916011 1.09169 0 0
32.826 4.819e-10 0.916165 1.09151 0 0
32.886 4.819e-10 0.916318 1.09132 0 0
32.946 4.819e-10 0.91647 1.09114 0 0
33.006 4.819e-10 0.916622 1.09096 0 0
33.066 4.819e-10 0.916773 1.09078 0 0
33.126 4.819e-10 0.916924 1.0906 0 0
33.186 4.819e-10 0.917074 1.09042 0 0
33.246 4.819e-10 0.917224 1.09025 0 0
33.306 4.819e-10 0.917373 1.09007 0 0
33.366 4.819e-10 0.917522 1.08989 0 0
33.426 4.819e-10 0.91767 1.08972 0 0
33.486 4.819e-10 0.917817 1.08954 0 0
33.546 4.819e-10 0.917964 1.08937 0 0
33.606 4.819e-10 0.918111 1.08919 0 0
33.666 4.819e-10 0.918257 1.08902 0 0
33.726 4.819e-10 0.918402 1.08885 0 0
33.786 4.819e-10 0.918547 1.08868 0 0
33.846 4.819e-10 0.918691 1.0885 0 0
33.906 4.819e-10 0.918835 1.08833 0 0
33.966 4.819e-10 0.918979 1.08816 0 0
34.026 4.819e-10 0.919122 1.088 0 0
34.086 4.819e-10 0.919264 1.08783 0 0
34.146 4.819e-10 0.919406 1.08766 0 0
34.206 4.819e-10 0.919547 1.08749 0 0
34.266 4.819e-10 0.919688 1.08733 0 0
34.326 4.819e-10 0.919828 1.08716 0 0
34.386 4.819e-10 0.919968 1.08699 0 0
34.446 4.819e-10 0.920108 1.08683 0 0
34.506 4.819e-10 0.920247 1.08667 0 0
34.566 4.819e-10 0.920385 1.0865 0 0
34.626 4.819e-10 0.920523 1.08634 0 0
34.686 4.819e-10 0.92066 1.08618 0 0
34.746 4.819e-10 0.920797 1.08602 0 0
34.806 4.819e-10 0.920934 1.08585 0 0
34.866 4.819e-10 0.92107 1.08569 0 0
34.926 4.819e-10 0.921206 1.08553 0 0
34.986 4.819e-10 0.921341 1.08537 0 0
35.046 4.819e-10 0.921475 1.08522 0 0
35.106 4.819e-10 0.92161 1.08506 0 0
35.166 4.819e-10 0.921743 1.0849 0 0
35.226 4.819e-10 0.921877 1.08474 0 0
35.286 4.819e-10 0.92201 1.08459 0 0
35.346 4.819e-10 0.922142 1.08443 0 0
35.406 4.819e-10 0.922274 1.08428 0 0
35.466 4.819e-10 0.922405 1.08412 0 0
35.526 4.819e-10 0.922536 1.08397 0 0
35.586 4.819e-10 0.922667 1.08381 0 0
35.646 4.819e-10 0.922797 1.08366 0 0
35.706 4.819e-10 0.922927 1.08351 0 0
35.766 4.819e-10 0.923056 1.08336 0 0
35.826 4.819e-10 0.923185 1.08321 0 0
35.886 4.819e-10 0.923313 1.08306 0 0
35.946 4.819e-10 0.923442 1.08291 0 0
36.006 4.819e-10 0.923569 1.08276 0 0
36.066 4.819e-10 0.923696 1.08261 0 0
36.126 4.819e-10 0.923823 1.08246 0 0
36.186 4.819e-10 0.923949 1.08231 0 0
36.246 4.819e-10 0.924075 1.08216 0 0
36.306 4.819e-10 0.924201 1.08202 0 0
36.366 4.819e-10 0.924326 1.08187 0 0
36.426 4.819e-10 0.92445 1.08172 0 0
36.486 4.819e-10 0.924575 1.08158 0 0
36.546 4.819e-10 0.924698 1.08143 0 0
36.606 4.819e-10 0.924822 1.08129 0 0
36.666 4.819e-10 0.924945 1.08115 0 0
36.726 4.819e-10 0.925067 1.081 0 0
36.786 4.819e-10 0.92519 1.08086 0 0
36.846 4.819e-10 0.925312 1.08072 0 0
36.906 4.819e-10 0.925433 1.08058 0 0
36.966 4.819e-10 0.925554 1.08043 0 0
37.026 4.819e-10 0.925675 1.08029 0 0
37.086 4.819e-10 0.925795 1.08015 0 0
37.146 4.819e-10 0.925915 1.08001 0 0
37.206 4.819e-10 0.926034 1.07987 0 0
37.266 4.819e-10 0.926153 1.07973 0 0
37.326 4.819e-10 0.926272 1.0796 0 0
37.386 4.819e-10 0.92639 1.07946 0 0
37.446 4.819e-10 0.926508 1.07932 0 0
37.506 4.819e-10 0.926626 1.07918 0 0
37.566 4.819e-10 0.926743 1.07905 0 0
37.626 4.819e-10 0.92686 1.07891 0 0
37.686 4.819e-10 0.926976 1.07878 0 0
37.746 4.819e-10 0.927092 1.07864 0 0
37.806 4.819e-10 0.927208 1.07851 0 0
37.866 4.819e-10 0.927323 1.07837 0 0
37.926 4.819e-10 0.927438 1.07824 0 0
37.986 4.819e-10 0.927553 1.07811 0 0
38.046 4.819e-10 0.927667 1.07797 0 0
38.106 4.819e-10 0.927781 1.07784 0 0
38.166 4.819e-10 0.927895 1.07771 0 0
38.226 4.819e-10 0.928008 1.07758 0 0
38.286 4.819e-10 0.928121 1.07745 0 0
38.346 4.819e-10 0.928233 1.07732 0 0
38.406 4.819e-10 0.928345 1.07719 0 0
38.466 4.819e-10 0.928457 1.07706 0 0
38.526 4.819e-10 0.928568 1.07693 0 0
38.586 4.819e-10 0.92868 1.0768 0 0
38.646 4.819e-10 0.92879 1.07667 0 0
38.706 4.819e-10 0.928901 1.07654 0 0
38.766 4.819e-10 0.929011 1.07641 0 0
38.826 4.819e-10 0.92912 1.07629 0 0
38.886 4.819e-10 0.92923 1.07616 0 0
38.946 4.819e-10 0.929339 1.07603 0 0
39.006 4.819e-10 0.929447 1.07591 0 0
39.066 4.819e-10 0.929556 1.07578 0 0
39.126 4.819e-10 0.929664 1.07566 0 0
39.186 4.819e-10 0.929772 1.07553 0 0
39.246 4.819e-10 0.929879 1.07541 0 0
39.306 4.819e-10 0.929986 1.07529 0 0
39.366 4.819e-10 0.930093 1.07516 0 0
39.426 4.819e-10 0.930199 1.07504 0 0
39.486 4.819e-10 0.930305 1.07492 0 0
39.546 4.819e-10 0.930411 1.07479 0 0
39.606 4.819e-10 0.930516 1.07467 0 0
39.666 4.819e-10 0.930621 1.07455 0 0
39.726 4.819e-10 0.930726 1.07443 0 0
39.786 4.819e-10 0.930831 1.07431 0 0
39.846 4.819e-10 0.930935 1.07419 0 0
39.906 4.819e-10 0.931039 1.07407 0 0
39.966 4.819e-10 0.931142 1.07395 0 0
40.026 4.819e-10 0.931245 1.07383 0 0
40.086 4.819e-10 0.931348 1.07371 0 0
40.146 4.819e-10 0.931451 1.07359 0 0
40.206 4.819e-10 0.931553 1.07348 0 0
40.266 4.819e-10 0.931655 1.07336 0 0
40.326 4.819e-10 0.931757 1.07324 0 0
40.386 4.819e-10 0.931858 1.07312 0 0
40.446 4.819e-10 0.931959 1.07301 0 0
40.506 4.819e-10 0.93206 1.07289 0 0
40.566 4.819e-10 0.932161 1.07278 0 0
40.626 4.819e-10 0.932261 1.07266 0 0
40.686 4.819e-10 0.932361 1.07255 0 0
40.746 4.819e-10 0.93246 1.07243 0 0
40.806 4.819e-10 0.93256 1.07232 0 0
40.866 4.819e-10 0.932659 1.0722 0 0
40.926 4.819e-10 0.932757 1.07209 0 0
40.986 4.819e-10 0.932856 1.07198 0 0
41.046 4.819e-10 0.932954 1.07186 0 0
41.106 4.819e-10 0.933052 1.07175 0 0
41.166 4.819e-10 0.933149 1.07164 0 0
41.226 4.819e-10 0.933247 1.07153 0 0
41.286 4.819e-10 0.933344 1.07142 0 0
41.346 4.819e-10 0.93344 1.07131 0 0
41.406 4.819e-10 0.933537 1.07119 0 0
41.466 4.819e-10 0.933633 1.07108 0 0
41.526 4.819e-10 0.933729 1.07097 0 0
41.586 4.819e-10 0.933825 1.07086 0 0
41.646 4.819e-10 0.93392 1.07076 0 0
41.706 4.819e-10 0.934015 1.07065 0 0
41.766 4.819e-10 0.93411 1.07054 0 0
41.826 4.819e-10 0.934204 1.07043 0 0
41.886 4.819e-10 0.934299 1.07032 0 0
41.946 4.819e-10 0.934393 1.07021 0 0
42.006 4.819e-10 0.934486 1.07011 0 0
42.066 4.819e-10 0.93458 1.07 0 0
42.126 4.819e-10 0.934673 1.06989 0 0
42.186 4.819e-10 0.934766 1.06979 0 0
42.246 4.819e-10 0.934858 1.06968 0 0
42.306 4.819e-10 0.934951 1.06958 0 0
42.366 4.819e-10 0.935043 1.06947 0 0
42.426 4.819e-10 0.935135 1.06936 0 0
42.486 4.819e-10 0.935226 1.06926 0 0
42.546 4.819e-10 0.935318 1.06916 0 0
42.606 4.819e-10 0.935409 1.06905 0 0
42.666 4.819e-10 0.9355 1.06895 0 0
42.726 4.819e-10 0.93559 1.06884 0 0
42.786 4.819e-10 0.935681 1.06874 0 0
42.846 4.819e-10 0.935771 1.06864 0 0
42.906 4.819e-10 0.93586 1.06854 0 0
42.966 4.819e-10 0.93595 1.06843 0 0
43.026 4.819e-10 0.936039 1.06833 0 0
43.086 4.819e-10 0.936128 1.06823 0 0
43.146 4.819e-10 0.936217 1.06813 0 0
43.206 4.819e-10 0.936306 1.06803 0 0
43.266 4.819e-10 0.936394 1.06793 0 0
43.326 4.819e-10 0.936482 1.06783 0 0
43.386 4.819e-10 0.93657 1.06773 0 0
43.446 4.819e-10 0.936658 1.06763 0 0
43.506 4.819e-10 0.936745 1.06753 0 0
43.566 4.819e-10 0.936832 1.06743 0 0
43.626 4.819e-10 0.936919 1.06733 0 0
43.686 4.819e-10 0.937006 1.06723 0 0
43.746 4.819e-10 0.937092 1.06713 0 0
43.806 4.819e-10 0.937178 1.06703 0 0
43.866 4.819e-10 0.937264 1.06694 0 0
43.926 4.819e-10 0.93735 1.06684 0 0
43.986 4.819e-10 0.937435 1.06674 0 0
44.046 4.819e-10 0.937521 1.06664 0 0
44.106 4.819e-10 0.937606 1.06655 0 0
44.166 4.819e-10 0.93769 1.06645 0 0
44.226 4.819e-10 0.937775 1.06635 0 0
44.286 4.819e-10 0.937859 1.06626 0 0
44.346 4.819e-10 0.937943 1.06616 0 0
44.406 4.819e-10 0.938027 1.06607 0 0
44.466 4.819e-10 0.938111 1.06597 0 0
44.526 4.819e-10 0.938194 1.06588 0 0
44.586 4.819e-10 0.938277 1.06578 0 0
44.646 4.819e-10 0.93836 1.06569 0 0
44.706 4.819e-10 0.938443 1.06559 0 0
44.766 4.819e-10 0.938525 1.0655 0 0
44.826 4.819e-10 0.938608 1.06541 0 0
44.886 4.819e-10 0.93869 1.06531 0 0
44.946 4.819e-10 0.938772 1.06522 0 0
45.006 4.819e-10 0.938853 1.06513 0 0
45.066 4.819e-10 0.938935 1.06504 0 0
45.126 4.819e-10 0.939016 1.06494 0 0
45.186 4.819e-10 0.939097 1.06485 0 0
45.246 4.819e-10 0.939178 1.06476 0 0
45.306 4.819e-10 0.939258 1.06467 0 0
45.366 4.819e-10 0.939338 1.06458 0 0
45.426 4.819e-10 0.939419 1.06449 0 0
45.486 4.819e-10 0.939498 1.0644 0 0
45.546 4.819e-10 0.939578 1.06431 0 0
45.606 4.819e-10 0.939658 1.06422 0 0
45.666 4.819e-10 0.939737 1.06413 0 0
45.726 4.819e-10 0.939816 1.06404 0 0
45.786 4.819e-10 0.939895 1.06395 0 0
45.846 4.819e-10 0.939974 1.06386 0 0
45.906 4.819e-10 0.940052 1.06377 0 0
45.966 4.819e-10 0.94013 1.06368 0 0
46.026 4.819e-10 0.940208 1.06359 0 0
46.086 4.819e-10 0.940286 1.06351 0 0
46.146 4.819e-10 0.940364 1.06342 0 0
46.206 4.819e-10 0.940441 1.06333 0 0
46.266 4.819e-10 0.940518 1.06324 0 0
46.326 4.819e-10 0.940596 1.06316 0 0
46.386 4.819e-10 0.940672 1.06307 0 0
46.446 4.819e-10 0.940749 1.06298 0 0
46.506 4.819e-10 0.940825 1.0629 0 0
46.566 4.819e-10 0.940902 1.06281 0 0
46.626 4.819e-10 0.940978 1.06272 0 0
46.686 4.819e-10 0.941054 1.06264 0 0
46.746 4.819e-10 0.941129 1.06255 0 0
46.806 4.819e-10 0.941205 1.06247 0 0
46.866 4.819e-10 0.94128 1.06238 0 0
46.926 4.819e-10 0.941355 1.0623 0 0
46.986 4.819e-10 0.94143 1.06221 0 0
47.046 4.819e-10 0.941505 1.06213 0 0
47.106 4.819e-10 0.941579 1.06205 0 0
47.166 4.819e-10 0.941653 1.06196 0 0
47.226 4.819e-10 0.941728 1.06188 0 0
47.286 4.819e-10 0.941802 1.06179 0 0
47.346 4.819e-10 0.941875 1.06171 0 0
47.406 4.819e-10 0.941949 1.06163 0 0
47.466 4.819e-10 0.942022 1.06155 0 0
47.526 4.819e-10 0.942095 1.06146 0 0
47.586 4.819e-10 0.942168 1.06138 0 0
47.646 4.819e-10 0.942241 1.0613 0 0
47.706 4.819e-10 0.942314 1.06122 0 0
47.766 4.819e-10 0.942386 1.06114 0 0
47.826 4.819e-10 0.942459 1.06105 0 0
47.886 4.819e-10 0.942531 1.06097 0 0
47.946 4.819e-10 0.942603 1.06089 0 0
48.006 4.819e-10 0.942674 1.06081 0 0
48.066 4.819e-10 0.942746 1.06073 0 0
48.126 4.819e-10 0.942817 1.06065 0 0
48.186 4.819e-10 0.942889 1.06057 0 0
48.246 4.819e-10 0.94296 1.06049 0 0
48.306 4.819e-10 0.94303 1.06041 0 0
48.366 4.819e-10 0.943101 1.06033 0 0
48.426 4.819e-10 0.943172 1.06025 0 0
48.486 4.819e-10 0.943242 1.06017 0 0
48.546 4.819e-10 0.943312 1.06009 0 0
48.606 4.819e-10 0.943382 1.06002 0 0
48.666 4.819e-10 0.943452 1.05994 0 0
48.726 4.819e-10 0.943521 1.05986 0 0
48.786 4.819e-10 0.943591 1.05978 0 0
48.846 4.819e-10 0.94366 1.0597 0 0
48.906 4.819e-10 0.943729 1.05963 0 0
48.966 4.819e-10 0.943798 1.05955 0 0
49.026 4.819e-10 0.943867 1.05947 0 0
49.086 4.819e-10 0.943936 1.05939 0 0
49.146 4.819e-10 0.944004 1.05932 0 0
49.206 4.819e-10 0.944072 1.05924 0 0
49.266 4.819e-10 0.944141 1.05916 0 0
49.326 4.819e-10 0.944208 1.05909 0 0
49.386 4.819e-10 0.944276 1.05901 0 0
49.446 4.819e-10 0.944344 1.05894 0 0
49.506 4.819e-10 0.944411 1.05886 0 0
49.566 4.819e-10 0.944479 1.05879 0 0
49.626 4.819e-10 0.944546 1.05871 0 0
49.686 4.819e-10 0.944613 1.05863 0 0
49.746 4.819e-10 0.94468 1.05856 0 0
49.806 4.819e-10 0.944746 1.05849 0 0
49.866 4.819e-10 0.944813 1.05841 0 0
49.926 4.819e-10 0.944879 1.05834 0 0
49.986 4.819e-10 0.944945 1.05826 0 0
50.046 4.819e-10 0.945011 1.05819 0 0
50.106 4.819e-10 0.945077 1.05811 0 0
50.166 4.819e-10 0.945143 1.05804 0 0
50.226 4.819e-10 0.945208 1.05797 0 0
50.286 4.819e-10 0.945274 1.05789 0 0
50.346 4.819e-10 0.945339 1.05782 0 0
50.406 4.819e-10 0.945404 1.05775 0 0
50.466 4.819e-10 0.945469 1.05768 0 0
50.526 4.819e-10 0.945534 1.0576 0 0
50.586 4.819e-10 0.945598 1.05753 0 0
50.646 4.819e-10 0.945663 1.05746 0 0
50.706 4.819e-10 0.945727 1.05739 0 0
50.766 4.819e-10 0.945791 1.05732 0 0
50.826 4.819e-10 0.945855 1.05724 0 0
50.886 4.819e-10 0.945919 1.05717 0 0
50.946 4.819e-10 0.945983 1.0571 0 0
51.006 4.819e-10 0.946046 1.05703 0 0
51.066 4.819e-10 0.94611 1.05696 0 0
51.126 4.819e-10 0.946173 1.05689 0 0
51.186 4.819e-10 0.946236 1.05682 0 0
51.246 4.819e-10 0.946299 1.05675 0 0
51.306 4.819e-10 0.946362 1.05668 0 0
51.366 4.819e-10 0.946424 1.05661 0 0
51.426 4.819e-10 0.946487 1.05654 0 0
51.486 4.819e-10 0.946549 1.05647 0 0
51.546 4.819e-10 0.946611 1.0564 0 0
51.606 4.819e-10 0.946673 1.05633 0 0
51.666 4.819e-10 0.946735 1.05626 0 0
51.726 4.819e-10 0.946797 1.05619 0 0
51.786 4.819e-10 0.946859 1.05612 0 0
51.846 4.819e-10 0.94692 1.05606 0 0
51.906 4.819e-10 0.946982 1.05599 0 0
51.966 4.819e-10 0.947043 1.05592 0 0
52.026 4.819e-10 0.947104 1.05585 0 0
52.086 4.819e-10 0.947165 1.05578 0 0
52.146 4.819e-10 0.947226 1.05571 0 0
52.206 4.819e-10 0.947286 1.05565 0 0
52.266 4.819e-10 0.947347 1.05558 0 0
52.326 4.819e-10 0.947407 1.05551 0 0
52.386 4.819e-10 0.947467 1.05545 0 0
52.446 4.819e-10 0.947528 1.05538 0 0
52.506 4.819e-10 0.947587 1.05531 0 0
52.566 4.819e-10 0.947647 1.05524 0 0
52.626 4.819e-10 0.947707 1.05518 0 0
52.686 4.819e-10 0.947767 1.05511 0 0
52.746 4.819e-10 0.947826 1.05505 0 0
52.806 4.819e-10 0.947885 1.05498 0 0
52.866 4.819e-10 0.947944 1.05491 0 0
52.926 4.819e-10 0.948003 1.05485 0 0
52.986 4.819e-10 0.948062 1.05478 0 0
53.046 4.819e-10 0.948121 1.05472 0 0
53.106 4.819e-10 0.94818 1.05465 0 0
53.166 4.819e-10 0.948238 1.05459 0 0
53.226 4.819e-10 0.948296 1.05452 0 0
53.286 4.819e-10 0.948355 1.05446 0 0
53.346 4.819e-10 0.948413 1.05439 0 0
53.406 4.819e-10 0.948471 1.05433 0 0
53.466 4.819e-10 0.948529 1.05426 0 0
53.526 4.819e-10 0.948586 1.0542 0 0
53.586 4.819e-10 0.948644 1.05414 0 0
53.646 4.819e-10 0.948701 1.05407 0 0
53.706 4.819e-10 0.948759 1.05401 0 0
53.766 4.819e-10 0.948816 1.05395 0 0
53.826 4.819e-10 0.948873 1.05388 0 0
53.886 4.819e-10 0.94893 1.05382 0 0
53.946 4.819e-10 0.948987 1.05376 0 0
54.006 4.819e-10 0.949043 1.05369 0 0
54.066 4.819e-10 0.9491 1.05363 0 0
54.126 4.819e-10 0.949156 1.05357 0 0
54.186 4.819e-10 0.949212 1.0535 0 0
54.246 4.819e-10 0.949269 1.05344 0 0
54.306 4.819e-10 0.949325 1.05338 0 0
54.366 4.819e-10 0.949381 1.05332 0 0
54.426 4.819e-10 0.949436 1.05326 0 0
54.486 4.819e-10 0.949492 1.05319 0 0
54.546 4.819e-10 0.949548 1.05313 0 0
54.606 4.819e-10 0.949603 1.05307 0 0
54.666 4.819e-10 0.949658 1.05301 0 0
54.726 4.819e-10 0.949714 1.05295 0 0
54.786 4.819e-10 0.949769 1.05289 0 0
54.846 4.819e-10 0.949824 1.05283 0 0
54.906 4.819e-10 0.949878 1.05277 0 0
54.966 4.819e-10 0.949933 1.05271 0 0
55.026 4.819e-10 0.949988 1.05265 0 0
55.086 4.819e-10 0.950042 1.05258 0 0
55.146 4.819e-10 0.950097 1.05252 0 0
55.206 4.819e-10 0.950151 1.05246 0 0
55.266 4.819e-10 0.950205 1.0524 0 0
55.326 4.819e-10 0.950259 1.05234 0 0
55.386 4.819e-10 0.950313 1.05229 0 0
55.446 4.819e-10 0.950367 1.05223 0 0
55.506 4.819e-10 0.95042 1.05217 0 0
55.566 4.819e-10 0.950474 1.05211 0 0
55.626 4.819e-10 0.950527 1.05205 0 0
55.686 4.819e-10 0.950581 1.05199 0 0
55.746 4.819e-10 0.950634 1.05193 0 0
55.806 4.819e-10 0.950687 1.05187 0 0
55.866 4.819e-10 0.95074 1.05181 0 0
55.926 4.819e-10 0.950793 1.05175 0 0
55.986 4.819e-10 0.950845 1.0517 0 0
56.046 4.819e-10 0.950898 1.05164 0 0
56.106 4.819e-10 0.95095 1.05158 0 0
56.166 4.819e-10 0.951003 1.05152 0 0
56.226 4.819e-10 0.951055 1.05146 0 0
56.286 4.819e-10 0.951107 1.05141 0 0
56.346 4.819e-10 0.951159 1.05135 0 0
56.406 4.819e-10 0.951211 1.05129 0 0
56.466 4.819e-10 0.951263 1.05123 0 0
56.526 4.819e-10 0.951315 1.05118 0 0
56.586 4.819e-10 0.951367 1.05112 0 0
56.646 4.819e-10 0.951418 1.05106 0 0
56.706 4.819e-10 0.951469 1.05101 0 0
56.766 4.819e-10 0.951521 1.05095 0 0
56.826 4.819e-10 0.951572 1.05089 0 0
56.886 4.819e-10 0.951623 1.05084 0 0
56.946 4.819e-10 0.951674 1.05078 0 0
57.006 4.819e-10 0.951725 1.05072 0 0
57.066 4.819e-10 0.951776 1.05067 0 0
57.126 4.819e-10 0.951826 1.05061 0 0
57.186 4.819e-10 0.951877 1.05056 0 0
57.246 4.819e-10 0.951927 1.0505 0 0
57.306 4.819e-10 0.951978 1.05044 0 0
57.366 4.819e-10 0.952028 1.05039 0 0
57.426 4.819e-10 0.952078 1.05033 0 0
57.486 4.819e-10 0.952128 1.05028 0 0
57.546 4.819e-10 0.952178 1.05022 0 0
57.606 4.819e-10 0.952228 1.05017 0 0
57.666 4.819e-10 0.952277 1.05011 0 0
57.726 4.819e-10 0.952327 1.05006 0 0
57.786 4.819e-10 0.952376 1.05 0 0
57.846 4.819e-10 0.952426 1.04995 0 0
57.906 4.819e-10 0.952475 1.0499 0 0
57.966 4.819e-10 0.952524 1.04984 0 0
58.026 4.819e-10 0.952573 1.04979 0 0
58.086 4.819e-10 0.952622 1.04973 0 0
58.146 4.819e-10 0.952671 1.04968 0 0
58.206 4.819e-10 0.95272 1.04963 0 0
58.266 4.819e-10 0.952769 1.04957 0 0
58.326 4.819e-10 0.952817 1.04952 0 0
58.386 4.819e-10 0.952866 1.04947 0 0
58.446 4.819e-10 0.952914 1.04941 0 0
58.506 4.819e-10 0.952963 1.04936 0 0
58.566 4.819e-10 0.953011 1.04931 0 0
58.626 4.819e-10 0.953059 1.04925 0 0
58.686 4.819e-10 0.953107 1.0492 0 0
58.746 4.819e-10 0.953155 1.04915 0 0
58.806 4.819e-10 0.953203 1.04909 0 0
58.866 4.819e-10 0.95325 1.04904 0 0
58.926 4.819e-10 0.953298 1.04899 0 0
58.986 4.819e-10 0.953345 1.04894 0 0
59.046 4.819e-10 0.953393 1.04889 0 0
59.106 4.819e-10 0.95344 1.04883 0 0
59.166 4.819e-10 0.953487 1.04878 0 0
59.226 4.819e-10 0.953534 1.04873 0 0
59.286 4.819e-10 0.953581 1.04868 0 0
59.346 4.819e-10 0.953628 1.04863 0 0
59.406 4.819e-10 0.953675 1.04858 0 0
59.466 4.819e-10 0.953722 1.04852 0 0
59.526 4.819e-10 0.953769 1.04847 0 0
59.586 4.819e-10 0.953815 1.04842 0 0
59.646 4.819e-10 0.953862 1.04837 0 0
59.706 4.819e-10 0.953908 1.04832 0 0
59.766 4.819e-10 0.953954 1.04827 0 0
59.826 4.819e-10 0.954 1.04822 0 0
59.886 4.819e-10 0.954046 1.04817 0 0
59.946 4.819e-10 0.954092 1.04812 0 0

