0.06 0.649477
0.006 0.219532 0.029714 1 0.00198559 0.004456
0.066 0.21733 0.031199 1.02491 0.00178778 0.00422822
0.126 0.211634 0.0352909 1.08769 0.00135185 0.00367675
0.186 0.203122 0.0422547 1.18 0.000858249 0.00292959
0.246 0.192652 0.0523934 1.28919 0.000449927 0.00212115
0.306 0.181128 0.0659014 1.40086 0.000182121 0.00134952
0.366 0.169342 0.0827644 1.50215 4.43384e-05 0.000665871
0.426 0.157816 0.102736 1.58489 7.32309e-07 8.55751e-05
0.486 0.146832 0.125389 1.64661 0 0
0.546 0.136508 0.150197 1.68906 0 0
0.606 0.126861 0.176614 1.71546 0 0
0.666 0.117853 0.204122 1.72965 0 0
0.726 0.109421 0.232253 1.73521 0 0
0.786 0.101493 0.260608 1.73516 0 0
0.846 0.0939995 0.288848 1.73187 0 0
0.906 0.0868829 0.316691 1.72705 0 0
0.966 0.0800977 0.343903 1.72187 0 0
1.026 0.0736179 0.370293 1.71694 0 0
1.086 0.0674448 0.395706 1.71221 0 0
1.146 0.0616146 0.420025 1.70691 0 0
1.206 0.0561837 0.443173 1.6999 0 0
1.266 0.0511918 0.465111 1.69039 0 0
1.326 0.0466444 0.485836 1.6783 0 0
1.386 0.0425228 0.505371 1.66398 0 0
1.446 0.0387967 0.523757 1.64794 0 0
1.506 0.0354319 0.541048 1.63069 0 0
1.566 0.0323941 0.557303 1.6127 0 0
1.626 0.0296503 0.572585 1.59435 0 0
1.686 0.0271704 0.586958 1.57594 0 0
1.746 0.0249267 0.600483 1.55771 0 0
1.806 0.0228944 0.613221 1.53982 0 0
1.866 0.0210514 0.625228 1.52239 0 0
1.926 0.0193778 0.636557 1.50552 0 0
1.986 0.017856 0.647257 1.48925 0 0
2.046 0.0164705 0.657375 1.47362 0 0
2.106 0.0152073 0.666952 1.45863 0 0
2.166 0.0140541 0.676027 1.4443 0 0
2.226 0.0130001 0.684637 1.43059 0 0
2.286 0.0120354 0.692814 1.41752 0 0
2.346 0.0111515 0.700588 1.40504 0 0
2.406 0.0103407 0.707986 1.39314 0 0
2.466 0.00959596 0.715035 1.3818 0 0
2.526 0.0089113 0.721758 1.37099 0 0
2.586 0.00828117 0.728175 1.36067 0 0
2.646 0.00770064 0.734308 1.35084 0 0
2.706 0.0071653 0.740173 1.34146 0 0
2.766 0.00667117 0.745787 1.3325 0 0
2.826 0.00621467 0.751166 1.32396 0 0
2.886 0.00579258 0.756324 1.31579 0 0
2.946 0.00540198 0.761275 1.30798 0 0
3.006 0.00504023 0.766029 1.30052 0 0
3.066 0.00470496 0.770599 1.29337 0 0
3.126 0.00439399 0.774995 1.28654 0 0
3.186 0.00410537 0.779226 1.27998 0 0
3.246 0.0038373 0.783302 1.27371 0 0
3.306 0.00358815 0.787231 1.26768 0 0
3.366 0.00335646 0.79102 1.2619 0 0
3.426 0.00314086 0.794677 1.25635 0 0
3.486 0.00294012 0.798209 1.25102 0 0
3.546 0.00275311 0.801621 1.24589 0 0
3.606 0.00257879 0.80492 1.24096 0 0
3.666 0.00241622 0.808112 1.23622 0 0
3.726 0.00226453 0.811201 1.23164 0 0
3.786 0.00212292 0.814192 1.22724 0 0
3.846 0.00199065 0.81709 1.22299 0 0
3.906 0.00186704 0.819899 1.2189 0 0
3.966 0.00175149 0.822623 1.21494 0 0
4.026 0.00164341 0.825267 1.21112 0 0
4.086 0.00154227 0.827832 1.20744 0 0
4.146 0.00144759 0.830324 1.20387 0 0
4.206 0.00135893 0.832744 1.20042 0 0
4.266 0.00127585 0.835097 1.19709 0 0
4.326 0.00119798 0.837384 1.19386 0 0
4.386 0.00112495 0.839608 1.19073 0 0
4.446 0.00105645 0.841773 1.1877 0 0
4.506 0.000992158 0.84388 1.18476 0 0
4.566 0.000931796 0.845932 1.18191 0 0
4.626 0.000875099 0.84793 1.17915 0 0
4.686 0.000821823 0.849877 1.17647 0 0
4.746 0.00077174 0.851776 1.17387 0 0
4.806 0.000724639 0.853626 1.17134 0 0
4.866 0.000680322 0.855431 1.16888 0 0
4.926 0.000638606 0.857192 1.16649 0 0
4.986 0.000599321 0.858911 1.16417 0 0
5.046 0.000562308 0.860589 1.16191 0 0
5.106 0.000527418 0.862227 1.15971 0 0
5.166 0.000494513 0.863828 1.15757 0 0
5.226 0.000463464 0.865391 1.15548 0 0
5.286 0.00043415 0.86692 1.15345 0 0
5.346 0.000406459 0.868413 1.15148 0 0
5.406 0.000380284 0.869874 1.14955 0 0
5.466 0.000355528 0.871303 1.14767 0 0
5.526 0.000332097 0.8727 1.14583 0 0
5.586 0.000309906 0.874068 1.14404 0 0
5.646 0.000288873 0.875406 1.1423 0 0
5.706 0.000268922 0.876717 1.14059 0 0
5.766 0.000249982 0.878 1.13893 0 0
5.826 0.000231986 0.879257 1.1373 0 0
5.886 0.00021487 0.880488 1.13572 0 0
5.946 0.000198575 0.881694 1.13416 0 0
6.006 0.000183046 0.882876 1.13265 0 0
6.066 0.000168231 0.884035 1.13116 0 0
6.126 0.000154078 0.885171 1.12971 0 0
6.186 0.000140543 0.886285 1.1283 0 0
6.246 0.00012758 0.887377 1.12691 0 0
6.306 0.000115149 0.888449 1.12555 0 0
6.366 0.000103209 0.889501 1.12422 0 0
6.426 9.17227e-05 0.890533 1.12292 0 0
6.486 8.06554e-05 0.891545 1.12164 0 0
6.546 6.99733e-05 0.89254 1.12039 0 0
6.606 5.96441e-05 0.893516 1.11917 0 0
6.666 4.96376e-05 0.894475 1.11797 0 0
6.726 3.99246e-05 0.895416 1.1168 0 0
6.786 3.04774e-05 0.896341 1.11565 0 0
6.846 2.12696e-05 0.89725 1.11452 0 0
6.906 1.22756e-05 0.898143 1.11341 0 0
6.966 3.47108e-06 0.89902 1.11232 0 0
7.026 2.19532e-09 0.899883 1.11126 0 0
7.086 2.19532e-09 0.90073 1.11021 0 0
7.146 2.19532e-09 0.901564 1.10918 0 0
7.206 2.19532e-09 0.902383 1.10818 0 0
7.266 2.19532e-09 0.903189 1.10719 0 0
7.326 2.19532e-09 0.903982 1.10622 0 0
7.386 2.19532e-09 0.904762 1.10526 0 0
7.446 2.19532e-09 0.90553 1.10433 0 0
7.506 2.19532e-09 0.906285 1.10341 0 0
7.566 2.19532e-09 0.907028 1.1025 0 0
7.626 2.19532e-09 0.90776 1.10161 0 0
7.686 2.19532e-09 0.90848 1.10074 0 0
7.746 2.19532e-09 0.909189 1.09988 0 0
7.806 2.19532e-09 0.909887 1.09904 0 0
7.866 2.19532e-09 0.910574 1.09821 0 0
7.926 2.19532e-09 0.911251 1.09739 0 0
7.986 2.19532e-09 0.911918 1.09659 0 0
8.046 2.19532e-09 0.912575 1.0958 0 0
8.106 2.19532e-09 0.913222 1.09502 0 0
8.166 2.19532e-09 0.913859 1.09426 0 0
8.226 2.19532e-09 0.914488 1.09351 0 0
8.286 2.19532e-09 0.915107 1.09277 0 0
8.346 2.19532e-09 0.915717 1.09204 0 0
8.406 2.19532e-09 0.916319 1.09132 0 0
8.466 2.19532e-09 0.916912 1.09062 0 0
8.526 2.19532e-09 0.917496 1.08992 0 0
8.586 2.19532e-09 0.918073 1.08924 0 0
8.646 2.19532e-09 0.918642 1.08856 0 0
8.706 2.19532e-09 0.919202 1.0879 0 0
8.766 2.19532e-09 0.919755 1.08725 0 0
8.826 2.19532e-09 0.920301 1.0866 0 0
8.886 2.19532e-09 0.920839 1.08597 0 0
8.946 2.19532e-09 0.92137 1.08534 0 0
9.006 2.19532e-09 0.921894 1.08472 0 0
9.066 2.19532e-09 0.922411 1.08412 0 0
9.126 2.19532e-09 0.922921 1.08352 0 0
9.186 2.19532e-09 0.923424 1.08293 0 0
9.246 2.19532e-09 0.923921 1.08234 0 0
9.306 2.19532e-09 0.924412 1.08177 0 0
9.366 2.19532e-09 0.924896 1.0812 0 0
9.426 2.19532e-09 0.925374 1.08064 0 0
9.486 2.19532e-09 0.925846 1.08009 0 0
9.546 2.19532e-09 0.926312 1.07955 0 0
9.606 2.19532e-09 0.926772 1.07901 0 0
9.666 2.19532e-09 0.927227 1.07848 0 0
9.726 2.19532e-09 0.927676 1.07796 0 0
9.786 2.19532e-09 0.928119 1.07745 0 0
9.846 2.19532e-09 0.928557 1.07694 0 0
9.906 2.19532e-09 0.92899 1.07644 0 0
9.966 2.19532e-09 0.929417 1.07594 0 0
10.026 2.19532e-09 0.92984 1.07545 0 0
10.086 2.19532e-09 0.930257 1.07497 0 0
10.146 2.19532e-09 0.93067 1.0745 0 0
10.206 2.19532e-09 0.931077 1.07402 0 0
10.266 2.19532e-09 0.93148 1.07356 0 0
10.326 2.19532e-09 0.931878 1.0731 0 0
10.386 2.19532e-09 0.932272 1.07265 0 0
10.446 2.19532e-09 0.932661 1.0722 0 0
10.506 2.19532e-09 0.933045 1.07176 0 0
10.566 2.19532e-09 0.933426 1.07132 0 0
10.626 2.19532e-09 0.933802 1.07089 0 0
10.686 2.19532e-09 0.934173 1.07047 0 0
10.746 2.19532e-09 0.934541 1.07004 0 0
10.806 2.19532e-09 0.934904 1.06963 0 0
10.866 2.19532e-09 0.935264 1.06922 0 0
10.926 2.19532e-09 0.935619 1.06881 0 0
10.986 2.19532e-09 0.935971 1.06841 0 0
11.046 2.19532e-09 0.936319 1.06801 0 0
11.106 2.19532e-09 0.936663 1.06762 0 0
11.166 2.19532e-09 0.937003 1.06723 0 0
11.226 2.19532e-09 0.93734 1.06685 0 0
11.286 2.19532e-09 0.937673 1.06647 0 0
11.346 2.19532e-09 0.938002 1.0661 0 0
11.406 2.19532e-09 0.938328 1.06572 0 0
11.466 2.19532e-09 0.938651 1.06536 0 0
11.526 2.19532e-09 0.938971 1.065 0 0
11.586 2.19532e-09 0.939287 1.06464 0 0
11.646 2.19532e-09 0.939599 1.06428 0 0
11.706 2.19532e-09 0.939909 1.06393 0 0
11.766 2.19532e-09 0.940215 1.06359 0 0
11.826 2.19532e-09 0.940519 1.06324 0 0
11.886 2.19532e-09 0.940819 1.0629 0 0
11.946 2.19532e-09 0.941116 1.06257 0 0
12.006 2.19532e-09 0.941411 1.06224 0 0
12.066 2.19532e-09 0.941702 1.06191 0 0
12.126 2.19532e-09 0.94199 1.06158 0 0
12.186 2.19532e-09 0.942276 1.06126 0 0
12.246 2.19532e-09 0.942559 1.06094 0 0
12.306 2.19532e-09 0.942839 1.06063 0 0
12.366 2.19532e-09 0.943116 1.06031 0 0
12.426 2.19532e-09 0.943391 1.06001 0 0
12.486 2.19532e-09 0.943663 1.0597 0 0
12.546 2.19532e-09 0.943932 1.0594 0 0
12.606 2.19532e-09 0.944199 1.0591 0 0
12.666 2.19532e-09 0.944464 1.0588 0 0
12.726 2.19532e-09 0.944725 1.05851 0 0
12.786 2.19532e-09 0.944985 1.05822 0 0
12.846 2.19532e-09 0.945242 1.05793 0 0
12.906 2.19532e-09 0.945496 1.05765 0 0
12.966 2.19532e-09 0.945748 1.05736 0 0
13.026 2.19532e-09 0.945998 1.05708 0 0
13.086 2.19532e-09 0.946246 1.05681 0 0
13.146 2.19532e-09 0.946491 1.05653 0 0
13.206 2.19532e-09 0.946734 1.05626 0 0
13.266 2.19532e-09 0.946975 1.05599 0 0
13.326 2.19532e-09 0.947214 1.05573 0 0
13.386 2.19532e-09 0.947451 1.05546 0 0
13.446 2.19532e-09 0.947685 1.0552 0 0
13.506 2.19532e-09 0.947918 1.05494 0 0
13.566 2.19532e-09 0.948148 1.05469 0 0
13.626 2.19532e-09 0.948376 1.05443 0 0
13.686 2.19532e-09 0.948603 1.05418 0 0
13.746 2.19532e-09 0.948827 1.05393 0 0
13.806 2.19532e-09 0.949049 1.05369 0 0
13.866 2.19532e-09 0.94927 1.05344 0 0
13.926 2.19532e-09 0.949488 1.0532 0 0
13.986 2.19532e-09 0.949705 1.05296 0 0
14.046 2.19532e-09 0.94992 1.05272 0 0
14.106 2.19532e-09 0.950133 1.05248 0 0
14.166 2.19532e-09 0.950344 1.05225 0 0
14.226 2.19532e-09 0.950554 1.05202 0 0
14.286 2.19532e-09 0.950761 1.05179 0 0
14.346 2.19532e-09 0.950967 1.05156 0 0
14.406 2.19532e-09 0.951171 1.05134 0 0
14.466 2.19532e-09 0.951374 1.05111 0 0
14.526 2.19532e-09 0.951575 1.05089 0 0
14.586 2.19532e-09 0.951774 1.05067 0 0
14.646 2.19532e-09 0.951972 1.05045 0 0
14.706 2.19532e-09 0.952167 1.05024 0 0
14.766 2.19532e-09 0.952362 1.05002 0 0
14.826 2.19532e-09 0.952555 1.04981 0 0
14.886 2.19532e-09 0.952746 1.0496 0 0
14.946 2.19532e-09 0.952936 1.04939 0 0
15.006 2.19532e-09 0.953124 1.04918 0 0
15.066 2.19532e-09 0.95331 1.04898 0 0
15.126 2.19532e-09 0.953496 1.04877 0 0
15.186 2.19532e-09 0.953679 1.04857 0 0
15.246 2.19532e-09 0.953862 1.04837 0 0
15.306 2.19532e-09 0.954043 1.04817 0 0
15.366 2.19532e-09 0.954222 1.04797 0 0
15.426 2.19532e-09 0.9544 1.04778 0 0
15.486 2.19532e-09 0.954577 1.04758 0 0
15.546 2.19532e-09 0.954752 1.04739 0 0
15.606 2.19532e-09 0.954926 1.0472 0 0
15.666 2.19532e-09 0.955099 1.04701 0 0
15.726 2.19532e-09 0.95527 1.04682 0 0
15.786 2.19532e-09 0.95544 1.04664 0 0
15.846 2.19532e-09 0.955609 1.04645 0 0
15.906 2.19532e-09 0.955776 1.04627 0 0
15.966 2.19532e-09 0.955942 1.04609 0 0
16.026 2.19532e-09 0.956107 1.04591 0 0
16.086 2.19532e-09 0.956271 1.04573 0 0
16.146 2.19532e-09 0.956433 1.04555 0 0
16.206 2.19532e-09 0.956595 1.04537 0 0
16.266 2.19532e-09 0.956755 1.0452 0 0
16.326 2.19532e-09 0.956914 1.04503 0 0
16.386 2.19532e-09 0.957072 1.04485 0 0
16.446 2.19532e-09 0.957228 1.04468 0 0
16.506 2.19532e-09 0.957384 1.04451 0 0
16.566 2.19532e-09 0.957538 1.04434 0 0
16.626 2.19532e-09 0.957691 1.04418 0 0
16.686 2.19532e-09 0.957843 1.04401 0 0
16.746 2.19532e-09 0.957994 1.04385 0 0
16.806 2.19532e-09 0.958144 1.04368 0 0
16.866 2.19532e-09 0.958293 1.04352 0 0
16.926 2.19532e-09 0.958441 1.04336 0 0
16.986 2.19532e-09 0.958588 1.0432 0 0
17.046 2.19532e-09 0.958734 1.04304 0 0
17.106 2.19532e-09 0.958878 1.04289 0 0
17.166 2.19532e-09 0.959022 1.04273 0 0
17.226 2.19532e-09 0.959165 1.04257 0 0
17.286 2.19532e-09 0.959307 1.04242 0 0
17.346 2.19532e-09 0.959447 1.04227 0 0
17.406 2.19532e-09 0.959587 1.04211 0 0
17.466 2.19532e-09 0.959726 1.04196 0 0
17.526 2.19532e-09 0.959864 1.04181 0 0
17.586 2.19532e-09 0.960001 1.04167 0 0
17.646 2.19532e-09 0.960137 1.04152 0 0
17.706 2.19532e-09 0.960272 1.04137 0 0
17.766 2.19532e-09 0.960406 1.04123 0 0
17.826 2.19532e-09 0.960539 1.04108 0 0
17.886 2.19532e-09 0.960672 1.04094 0 0
17.946 2.19532e-09 0.960803 1.0408 0 0
18.006 2.19532e-09 0.960934 1.04065 0 0
18.066 2.19532e-09 0.961064 1.04051 0 0
18.126 2.19532e-09 0.961192 1.04037 0 0
18.186 2.19532e-09 0.961321 1.04024 0 0
18.246 2.19532e-09 0.961448 1.0401 0 0
18.306 2.19532e-09 0.961574 1.03996 0 0
18.366 2.19532e-09 0.9617 1.03983 0 0
18.426 2.19532e-09 0.961824 1.03969 0 0
18.486 2.19532e-09 0.961948 1.03956 0 0
18.546 2.19532e-09 0.962071 1.03942 0 0
18.606 2.19532e-09 0.962194 1.03929 0 0
18.666 2.19532e-09 0.962315 1.03916 0 0
18.726 2.19532e-09 0.962436 1.03903 0 0
18.786 2.19532e-09 0.962556 1.0389 0 0
18.846 2.19532e-09 0.962675 1.03877 0 0
18.906 2.19532e-09 0.962794 1.03864 0 0
18.966 2.19532e-09 0.962911 1.03852 0 0
19.026 2.19532e-09 0.963028 1.03839 0 0
19.086 2.19532e-09 0.963144 1.03827 0 0
19.146 2.19532e-09 0.96326 1.03814 0 0
19.206 2.19532e-09 0.963375 1.03802 0 0
19.266 2.19532e-09 0.963489 1.03789 0 0
19.326 2.19532e-09 0.963602 1.03777 0 0
19.386 2.19532e-09 0.963715 1.03765 0 0
19.446 2.19532e-09 0.963827 1.03753 0 0
19.506 2.19532e-09 0.963938 1.03741 0 0
19.566 2.19532e-09 0.964049 1.03729 0 0
19.626 2.19532e-09 0.964159 1.03717 0 0
19.686 2.19532e-09 0.964268 1.03706 0 0
19.746 2.19532e-09 0.964376 1.03694 0 0
19.806 2.19532e-09 0.964484 1.03682 0 0
19.866 2.19532e-09 0.964592 1.03671 0 0
19.926 2.19532e-09 0.964698 1.03659 0 0
19.986 2.19532e-09 0.964804 1.03648 0 0
20.046 2.19532e-09 0.964909 1.03637 0 0
20.106 2.19532e-09 0.965014 1.03625 0 0
20.166 2.19532e-09 0.965118 1.03614 0 0
20.226 2.19532e-09 0.965222 1.03603 0 0
20.286 2.19532e-09 0.965325 1.03592 0 0
20.346 2.19532e-09 0.965427 1.03581 0 0
20.406 2.19532e-09 0.965529 1.0357 0 0
20.466 2.19532e-09 0.96563 1.03559 0 0
20.526 2.19532e-09 0.96573 1.03549 0 0
20.586 2.19532e-09 0.96583 1.03538 0 0
20.646 2.19532e-09 0.965929 1.03527 0 0
20.706 2.19532e-09 0.966028 1.03517 0 0
20.766 2.19532e-09 0.966126 1.03506 0 0
20.826 2.19532e-09 0.966224 1.03496 0 0
20.886 2.19532e-09 0.966321 1.03485 0 0
20.946 2.19532e-09 0.966417 1.03475 0 0
21.006 2.19532e-09 0.966513 1.03465 0 0
21.066 2.19532e-09 0.966609 1.03455 0 0
21.126 2.19532e-09 0.966703 1.03444 0 0
21.186 2.19532e-09 0.966798 1.03434 0 0
21.246 2.19532e-09 0.966891 1.03424 0 0
21.306 2.19532e-09 0.966985 1.03414 0 0
21.366 2.19532e-09 0.967077 1.03404 0 0
21.426 2.19532e-09 0.96717 1.03394 0 0
21.486 2.19532e-09 0.967261 1.03385 0 0
21.546 2.19532e-09 0.967352 1.03375 0 0
21.606 2.19532e-09 0.967443 1.03365 0 0
21.666 2.19532e-09 0.967533 1.03356 0 0
21.726 2.19532e-09 0.967623 1.03346 0 0
21.786 2.19532e-09 0.967712 1.03337 0 0
21.846 2.19532e-09 0.967801 1.03327 0 0
21.906 2.19532e-09 0.967889 1.03318 0 0
21.966 2.19532e-09 0.967977 1.03308 0 0
22.026 2.19532e-09 0.968064 1.03299 0 0
22.086 2.19532e-09 0.968151 1.0329 0 0
22.146 2.19532e-09 0.968237 1.03281 0 0
22.206 2.19532e-09 0.968323 1.03271 0 0
22.266 2.19532e-09 0.968408 1.03262 0 0
22.326 2.19532e-09 0.968493 1.03253 0 0
22.386 2.19532e-09 0.968577 1.03244 0 0
22.446 2.19532e-09 0.968661 1.03235 0 0
22.506 2.19532e-09 0.968745 1.03226 0 0
22.566 2.19532e-09 0.968828 1.03217 0 0
22.626 2.19532e-09 0.968911 1.03209 0 0
22.686 2.19532e-09 0.968993 1.032 0 0
22.746 2.19532e-09 0.969075 1.03191 0 0
22.806 2.19532e-09 0.969156 1.03183 0 0
22.866 2.19532e-09 0.969237 1.03174 0 0
22.926 2.19532e-09 0.969318 1.03165 0 0
22.986 2.19532e-09 0.969398 1.03157 0 0
23.046 2.19532e-09 0.969477 1.03148 0 0
23.106 2.19532e-09 0.969557 1.0314 0 0
23.166 2.19532e-09 0.969635 1.03132 0 0
23.226 2.19532e-09 0.969714 1.03123 0 0
23.286 2.19532e-09 0.969792 1.03115 0 0
23.346 2.19532e-09 0.96987 1.03107 0 0
23.406 2.19532e-09 0.969947 1.03098 0 0
23.466 2.19532e-09 0.970024 1.0309 0 0
23.526 2.19532e-09 0.9701 1.03082 0 0
23.586 2.19532e-09 0.970176 1.03074 0 0
23.646 2.19532e-09 0.970252 1.03066 0 0
23.706 2.19532e-09 0.970327 1.03058 0 0
23.766 2.19532e-09 0.970402 1.0305 0 0
23.826 2.19532e-09 0.970477 1.03042 0 0
23.886 2.19532e-09 0.970551 1.03034 0 0
23.946 2.19532e-09 0.970625 1.03026 0 0
24.006 2.19532e-09 0.970698 1.03019 0 0
24.066 2.19532e-09 0.970771 1.03011 0 0
24.126 2.19532e-09 0.970844 1.03003 0 0
24.186 2.19532e-09 0.970916 1.02996 0 0
24.246 2.19532e-09 0.970988 1.02988 0 0
24.306 2.19532e-09 0.97106 1.0298 0 0
24.366 2.19532e-09 0.971131 1.02973 0 0
24.426 2.19532e-09 0.971202 1.02965 0 0
24.486 2.19532e-09 0.971272 1.02958 0 0
24.546 2.19532e-09 0.971343 1.0295 0 0
24.606 2.19532e-09 0.971412 1.02943 0 0
24.666 2.19532e-09 0.971482 1.02936 0 0
24.726 2.19532e-09 0.971551 1.02928 0 0
24.786 2.19532e-09 0.97162 1.02921 0 0
24.846 2.19532e-09 0.971689 1.02914 0 0
24.906 2.19532e-09 0.971757 1.02906 0 0
24.966 2.19532e-09 0.971825 1.02899 0 0
25.026 2.19532e-09 0.971892 1.02892 0 0
25.086 2.19532e-09 0.971959 1.02885 0 0
25.146 2.19532e-09 0.972026 1.02878 0 0
25.206 2.19532e-09 0.972093 1.02871 0 0
25.266 2.19532e-09 0.972159 1.02864 0 0
25.326 2.19532e-09 0.972225 1.02857 0 0
25.386 2.19532e-09 0.972291 1.0285 0 0
25.446 2.19532e-09 0.972356 1.02843 0 0
25.506 2.19532e-09 0.972421 1.02836 0 0
25.566 2.19532e-09 0.972486 1.02829 0 0
25.626 2.19532e-09 0.97255 1.02822 0 0
25.686 2.19532e-09 0.972614 1.02816 0 0
25.746 2.19532e-09 0.972678 1.02809 0 0
25.806 2.19532e-09 0.972742 1.02802 0 0
25.866 2.19532e-09 0.972805 1.02796 0 0
25.926 2.19532e-09 0.972868 1.02789 0 0
25.986 2.19532e-09 0.972931 1.02782 0 0
26.046 2.19532e-09 0.972993 1.02776 0 0
26.106 2.19532e-09 0.973055 1.02769 0 0
26.166 2.19532e-09 0.973117 1.02763 0 0
26.226 2.19532e-09 0.973178 1.02756 0 0
26.286 2.19532e-09 0.97324 1.0275 0 0
26.346 2.19532e-09 0.9733 1.02743 0 0
26.406 2.19532e-09 0.973361 1.02737 0 0
26.466 2.19532e-09 0.973422 1.0273 0 0
26.526 2.19532e-09 0.973482 1.02724 0 0
26.586 2.19532e-09 0.973542 1.02718 0 0
26.646 2.19532e-09 0.973601 1.02711 0 0
26.706 2.19532e-09 0.97366 1.02705 0 0
26.766 2.19532e-09 0.973719 1.02699 0 0
26.826 2.19532e-09 0.973778 1.02693 0 0
26.886 2.19532e-09 0.973837 1.02687 0 0
26.946 2.19532e-09 0.973895 1.0268 0 0
27.006 2.19532e-09 0.973953 1.02674 0 0
27.066 2.19532e-09 0.974011 1.02668 0 0
27.126 2.19532e-09 0.974068 1.02662 0 0
27.186 2.19532e-09 0.974125 1.02656 0 0
27.246 2.19532e-09 0.974182 1.0265 0 0
27.306 2.19532e-09 0.974239 1.02644 0 0
27.366 2.19532e-09 0.974296 1.02638 0 0
27.426 2.19532e-09 0.974352 1.02632 0 0
27.486 2.19532e-09 0.974408 1.02626 0 0
27.546 2.19532e-09 0.974464 1.02621 0 0
27.606 2.19532e-09 0.974519 1.02615 0 0
27.666 2.19532e-09 0.974574 1.02609 0 0
27.726 2.19532e-09 0.974629 1.02603 0 0
27.786 2.19532e-09 0.974684 1.02597 0 0
27.846 2.19532e-09 0.974739 1.02592 0 0
27.906 2.19532e-09 0.974793 1.02586 0 0
27.966 2.19532e-09 0.974847 1.0258 0 0
28.026 2.19532e-09 0.974901 1.02575 0 0
28.086 2.19532e-09 0.974955 1.02569 0 0
28.146 2.19532e-09 0.975008 1.02563 0 0
28.206 2.19532e-09 0.975061 1.02558 0 0
28.266 2.19532e-09 0.975114 1.02552 0 0
28.326 2.19532e-09 0.975167 1.02547 0 0
28.386 2.19532e-09 0.975219 1.02541 0 0
28.446 2.19532e-09 0.975272 1.02536 0 0
28.506 2.19532e-09 0.975324 1.0253 0 0
28.566 2.19532e-09 0.975375 1.02525 0 0
28.626 2.19532e-09 0.975427 1.02519 0 0
28.686 2.19532e-09 0.975478 1.02514 0 0
28.746 2.19532e-09 0.97553 1.02508 0 0
28.806 2.19532e-09 0.975581 1.02503 0 0
28.866 2.19532e-09 0.975631 1.02498 0 0
28.926 2.19532e-09 0.975682 1.02492 0 0
28.986 2.19532e-09 0.975732 1.02487 0 0
29.046 2.19532e-09 0.975782 1.02482 0 0
29.106 2.19532e-09 0.975832 1.02477 0 0
29.166 2.19532e-09 0.975882 1.02471 0 0
29.226 2.19532e-09 0.975932 1.02466 0 0
29.286 2.19532e-09 0.975981 1.02461 0 0
29.346 2.19532e-09 0.97603 1.02456 0 0
29.406 2.19532e-09 0.976079 1.02451 0 0
29.466 2.19532e-09 0.976128 1.02446 0 0
29.526 2.19532e-09 0.976176 1.02441 0 0
29.586 2.19532e-09 0.976224 1.02435 0 0
29.646 2.19532e-09 0.976273 1.0243 0 0
29.706 2.19532e-09 0.97632 1.02425 0 0
29.766 2.19532e-09 0.976368 1.0242 0 0
29.826 2.19532e-09 0.976416 1.02415 0 0
29.886 2.19532e-09 0.976463 1.0241 0 0
29.946 2.19532e-09 0.97651 1.02405 0 0
30.006 2.19532e-09 0.976557 1.02401 0 0
30.066 2.19532e-09 0.976604 1.02396 0 0
30.126 2.19532e-09 0.976651 1.02391 0 0
30.186 2.19532e-09 0.976697 1.02386 0 0
30.246 2.19532e-09 0.976743 1.02381 0 0
30.306 2.19532e-09 0.976789 1.02376 0 0
30.366 2.19532e-09 0.976835 1.02371 0 0
30.426 2.19532e-09 0.976881 1.02367 0 0
30.486 2.19532e-09 0.976926 1.02362 0 0
30.546 2.19532e-09 0.976972 1.02357 0 0
30.606 2.19532e-09 0.977017 1.02352 0 0
30.666 2.19532e-09 0.977062 1.02348 0 0
30.726 2.19532e-09 0.977107 1.02343 0 0
30.786 2.19532e-09 0.977151 1.02338 0 0
30.846 2.19532e-09 0.977196 1.02334 0 0
30.906 2.19532e-09 0.97724 1.02329 0 0
30.966 2.19532e-09 0.977284 1.02324 0 0
31.026 2.19532e-09 0.977328 1.0232 0 0
31.086 2.19532e-09 0.977372 1.02315 0 0
31.146 2.19532e-09 0.977415 1.02311 0 0
31.206 2.19532e-09 0.977459 1.02306 0 0
31.266 2.19532e-09 0.977502 1.02302 0 0
31.326 2.19532e-09 0.977545 1.02297 0 0
31.386 2.19532e-09 0.977588 1.02293 0 0
31.446 2.19532e-09 0.977631 1.02288 0 0
31.506 2.19532e-09 0.977673 1.02284 0 0
31.566 2.19532e-09 0.977716 1.02279 0 0
31.626 2.19532e-09 0.977758 1.02275 0 0
31.686 2.19532e-09 0.9778 1.0227 0 0
31.746 2.19532e-09 0.977842 1.02266 0 0
31.806 2.19532e-09 0.977884 1.02262 0 0
31.866 2.19532e-09 0.977926 1.02257 0 0
31.926 2.19532e-09 0.977967 1.02253 0 0
31.986 2.19532e-09 0.978008 1.02249 0 0
32.046 2.19532e-09 0.97805 1.02244 0 0
32.106 2.19532e-09 0.978091 1.0224 0 0
32.166 2.19532e-09 0.978131 1.02236 0 0
32.226 2.19532e-09 0.978172 1.02231 0 0
32.286 2.19532e-09 0.978213 1.02227 0 0
32.346 2.19532e-09 0.978253 1.02223 0 0
32.406 2.19532e-09 0.978293 1.02219 0 0
32.466 2.19532e-09 0.978333 1.02215 0 0
32.526 2.19532e-09 0.978373 1.0221 0 0
32.586 2.19532e-09 0.978413 1.02206 0 0
32.646 2.19532e-09 0.978453 1.02202 0 0
32.706 2.19532e-09 0.978492 1.02198 0 0
32.766 2.19532e-09 0.978532 1.02194 0 0
32.826 2.19532e-09 0.978571 1.0219 0 0
32.886 2.19532e-09 0.97861 1.02186 0 0
32.946 2.19532e-09 0.978649 1.02182 0 0
33.006 2.19532e-09 0.978688 1.02178 0 0
33.066 2.19532e-09 0.978727 1.02174 0 0
33.126 2.19532e-09 0.978765 1.0217 0 0
33.186 2.19532e-09 0.978804 1.02166 0 0
33.246 2.19532e-09 0.978842 1.02162 0 0
33.306 2.19532e-09 0.97888 1.02158 0 0
33.366 2.19532e-09 0.978918 1.02154 0 0
33.426 2.19532e-09 0.978956 1.0215 0 0
33.486 2.19532e-09 0.978993 1.02146 0 0
33.546 2.19532e-09 0.979031 1.02142 0 0
33.606 2.19532e-09 0.979068 1.02138 0 0
33.666 2.19532e-09 0.979106 1.02134 0 0
33.726 2.19532e-09 0.979143 1.0213 0 0
33.786 2.19532e-09 0.97918 1.02126 0 0
33.846 2.19532e-09 0.979217 1.02122 0 0
33.906 2.19532e-09 0.979254 1.02119 0 0
33.966 2.19532e-09 0.97929 1.02115 0 0
34.026 2.19532e-09 0.979327 1.02111 0 0
34.086 2.19532e-09 0.979363 1.02107 0 0
34.146 2.19532e-09 0.979399 1.02103 0 0
34.206 2.19532e-09 0.979436 1.021 0 0
34.266 2.19532e-09 0.979472 1.02096 0 0
34.326 2.19532e-09 0.979508 1.02092 0 0
34.386 2.19532e-09 0.979543 1.02088 0 0
34.446 2.19532e-09 0.979579 1.02085 0 0
34.506 2.19532e-09 0.979614 1.02081 0 0
34.566 2.19532e-09 0.97965 1.02077 0 0
34.626 2.19532e-09 0.979685 1.02074 0 0
34.686 2.19532e-09 0.97972 1.0207 0 0
34.746 2.19532e-09 0.979755 1.02066 0 0
34.806 2.19532e-09 0.97979 1.02063 0 0
34.866 2.19532e-09 0.979825 1.02059 0 0
34.926 2.19532e-09 0.97986 1.02055 0 0
34.986 2.19532e-09 0.979894 1.02052 0 0
35.046 2.19532e-09 0.979929 1.02048 0 0
35.106 2.19532e-09 0.979963 1.02045 0 0
35.166 2.19532e-09 0.979997 1.02041 0 0
35.226 2.19532e-09 0.980031 1.02038 0 0
35.286 2.19532e-09 0.980065 1.02034 0 0
35.346 2.19532e-09 0.980099 1.02031 0 0
35.406 2.19532e-09 0.980133 1.02027 0 0
35.466 2.19532e-09 0.980166 1.02024 0 0
35.526 2.19532e-09 0.9802 1.0202 0 0
35.586 2.19532e-09 0.980233 1.02017 0 0
35.646 2.19532e-09 0.980266 1.02013 0 0
35.706 2.19532e-09 0.9803 1.0201 0 0
35.766 2.19532e-09 0.980333 1.02006 0 0
35.826 2.19532e-09 0.980366 1.02003 0 0
35.886 2.19532e-09 0.980398 1.01999 0 0
35.946 2.19532e-09 0.980431 1.01996 0 0
36.006 2.19532e-09 0.980464 1.01993 0 0
36.066 2.19532e-09 0.980496 1.01989 0 0
36.126 2.19532e-09 0.980529 1.01986 0 0
36.186 2.19532e-09 0.980561 1.01982 0 0
36.246 2.19532e-09 0.980593 1.01979 0 0
36.306 2.19532e-09 0.980625 1.01976 0 0
36.366 2.19532e-09 0.980657 1.01972 0 0
36.426 2.19532e-09 0.980689 1.01969 0 0
36.486 2.19532e-09 0.980721 1.01966 0 0
36.546 2.19532e-09 0.980752 1.01963 0 0
36.606 2.19532e-09 0.980784 1.01959 0 0
36.666 2.19532e-09 0.980815 1.01956 0 0
36.726 2.19532e-09 0.980847 1.01953 0 0
36.786 2.19532e-09 0.980878 1.01949 0 0
36.846 2.19532e-09 0.980909 1.01946 0 0
36.906 2.19532e-09 0.98094 1.01943 0 0
36.966 2.19532e-09 0.980971 1.0194 0 0
37.026 2.19532e-09 0.981002 1.01937 0 0
37.086 2.19532e-09 0.981033 1.01933 0 0
37.146 2.19532e-09 0.981063 1.0193 0 0
37.206 2.19532e-09 0.981094 1.01927 0 0
37.266 2.19532e-09 0.981124 1.01924 0 0
37.326 2.19532e-09 0.981155 1.01921 0 0
37.386 2.19532e-09 0.981185 1.01918 0 0
37.446 2.19532e-09 0.981215 1.01914 0 0
37.506 2.19532e-09 0.981245 1.01911 0 0
37.566 2.19532e-09 0.981275 1.01908 0 0
37.626 2.19532e-09 0.981305 1.01905 0 0
37.686 2.19532e-09 0.981335 1.01902 0 0
37.746 2.19532e-09 0.981364 1.01899 0 0
37.806 2.19532e-09 0.981394 1.01896 0 0
37.866 2.19532e-09 0.981423 1.01893 0 0
37.926 2.19532e-09 0.981453 1.0189 0 0
37.986 2.19532e-09 0.981482 1.01887 0 0
38.046 2.19532e-09 0.981511 1.01884 0 0
38.106 2.19532e-09 0.98154 1.01881 0 0
38.166 2.19532e-09 0.981569 1.01878 0 0
38.226 2.19532e-09 0.981598 1.01875 0 0
38.286 2.19532e-09 0.981627 1.01872 0 0
38.346 2.19532e-09 0.981656 1.01869 0 0
38.406 2.19532e-09 0.981684 1.01866 0 0
38.466 2.19532e-09 0.981713 1.01863 0 0
38.526 2.19532e-09 0.981742 1.0186 0 0
38.586 2.19532e-09 0.98177 1.01857 0 0
38.646 2.19532e-09 0.981798 1.01854 0 0
38.706 2.19532e-09 0.981826 1.01851 0 0
38.766 2.19532e-09 0.981855 1.01848 0 0
38.826 2.19532e-09 0.981883 1.01845 0 0
38.886 2.19532e-09 0.981911 1.01842 0 0
38.946 2.19532e-09 0.981938 1.01839 0 0
39.006 2.19532e-09 0.981966 1.01836 0 0
39.066 2.19532e-09 0.981994 1.01834 0 0
39.126 2.19532e-09 0.982022 1.01831 0 0
39.186 2.19532e-09 0.982049 1.01828 0 0
39.246 2.19532e-09 0.982077 1.01825 0 0
39.306 2.19532e-09 0.982104 1.01822 0 0
39.366 2.19532e-09 0.982131 1.01819 0 0
39.426 2.19532e-09 0.982158 1.01817 0 0
39.486 2.19532e-09 0.982185 1.01814 0 0
39.546 2.19532e-09 0.982212 1.01811 0 0
39.606 2.19532e-09 0.982239 1.01808 0 0
39.666 2.19532e-09 0.982266 1.01805 0 0
39.726 2.19532e-09 0.982293 1.01803 0 0
39.786 2.19532e-09 0.98232 1.018 0 0
39.846 2.19532e-09 0.982346 1.01797 0 0
39.906 2.19532e-09 0.982373 1.01794 0 0
39.966 2.19532e-09 0.982399 1.01792 0 0
40.026 2.19532e-09 0.982426 1.01789 0 0
40.086 2.19532e-09 0.982452 1.01786 0 0
40.146 2.19532e-09 0.982478 1.01783 0 0
40.206 2.19532e-09 0.982504 1.01781 0 0
40.266 2.19532e-09 0.982531 1.01778 0 0
40.326 2.19532e-09 0.982557 1.01775 0 0
40.386 2.19532e-09 0.982582 1.01773 0 0
40.446 2.19532e-09 0.982608 1.0177 0 0
40.506 2.19532e-09 0.982634 1.01767 0 0
40.566 2.19532e-09 0.98266 1.01765 0 0
40.626 2.19532e-09 0.982685 1.01762 0 0
40.686 2.19532e-09 0.982711 1.01759 0 0
40.746 2.19532e-09 0.982736 1.01757 0 0
40.806 2.19532e-09 0.982762 1.01754 0 0
40.866 2.19532e-09 0.982787 1.01751 0 0
40.926 2.19532e-09 0.982812 1.01749 0 0
40.986 2.19532e-09 0.982837 1.01746 0 0
41.046 2.19532e-09 0.982863 1.01744 0 0
41.106 2.19532e-09 0.982888 1.01741 0 0
41.166 2.19532e-09 0.982912 1.01738 0 0
41.226 2.19532e-09 0.982937 1.01736 0 0
41.286 2.19532e-09 0.982962 1.01733 0 0
41.346 2.19532e-09 0.982987 1.01731 0 0
41.406 2.19532e-09 0.983012 1.01728 0 0
41.466 2.19532e-09 0.983036 1.01726 0 0
41.526 2.19532e-09 0.983061 1.01723 0 0
41.586 2.19532e-09 0.983085 1.01721 0 0
41.646 2.19532e-09 0.983109 1.01718 0 0
41.706 2.19532e-09 0.983134 1.01716 0 0
41.766 2.19532e-09 0.983158 1.01713 0 0
41.826 2.19532e-09 0.983182 1.01711 0 0
41.886 2.19532e-09 0.983206 1.01708 0 0
41.946 2.19532e-09 0.98323 1.01706 0 0
42.006 2.19532e-09 0.983254 1.01703 0 0
42.066 2.19532e-09 0.983278 1.01701 0 0
42.126 2.19532e-09 0.983302 1.01698 0 0
42.186 2.19532e-09 0.983326 1.01696 0 0
42.246 2.19532e-09 0.983349 1.01693 0 0
42.306 2.19532e-09 0.983373 1.01691 0 0
42.366 2.19532e-09 0.983396 1.01688 0 0
42.426 2.19532e-09 0.98342 1.01686 0 0
42.486 2.19532e-09 0.983443 1.01684 0 0
42.546 2.19532e-09 0.983467 1.01681 0 0
42.606 2.19532e-09 0.98349 1.01679 0 0
42.666 2.19532e-09 0.983513 1.01676 0 0
42.726 2.19532e-09 0.983536 1.01674 0 0
42.786 2.19532e-09 0.983559 1.01672 0 0
42.846 2.19532e-09 0.983582 1.01669 0 0
42.906 2.19532e-09 0.983605 1.01667 0 0
42.966 2.19532e-09 0.983628 1.01664 0 0
43.026 2.19532e-09 0.983651 1.01662 0 0
43.086 2.19532e-09 0.983674 1.0166 0 0
43.146 2.19532e-09 0.983697 1.01657 0 0
43.206 2.19532e-09 0.983719 1.01655 0 0
43.266 2.19532e-09 0.983742 1.01653 0 0
43.326 2.19532e-09 0.983764 1.0165 0 0
43.386 2.19532e-09 0.983787 1.01648 0 0
43.446 2.19532e-09 0.983809 1.01646 0 0
43.506 2.19532e-09 0.983832 1.01643 0 0
43.566 2.19532e-09 0.983854 1.01641 0 0
43.626 2.19532e-09 0.983876 1.01639 0 0
43.686 2.19532e-09 0.983898 1.01637 0 0
43.746 2.19532e-09 0.98392 1.01634 0 0
43.806 2.19532e-09 0.983942 1.01632 0 0
43.866 2.19532e-09 0.983964 1.0163 0 0
43.926 2.19532e-09 0.983986 1.01627 0 0
43.986 2.19532e-09 0.984008 1.01625 0 0
44.046 2.19532e-09 0.98403 1.01623 0 0
44.106 2.19532e-09 0.984051 1.01621 0 0
44.166 2.19532e-09 0.984073 1.01618 0 0
44.226 2.19532e-09 0.984095 1.01616 0 0
44.286 2.19532e-09 0.984116 1.01614 0 0
44.346 2.19532e-09 0.984138 1.01612 0 0
44.406 2.19532e-09 0.984159 1.0161 0 0
44.466 2.19532e-09 0.984181 1.01607 0 0
44.526 2.19532e-09 0.984202 1.01605 0 0
44.586 2.19532e-09 0.984223 1.01603 0 0
44.646 2.19532e-09 0.984244 1.01601 0 0
44.706 2.19532e-09 0.984266 1.01599 0 0
44.766 2.19532e-09 0.984287 1.01596 0 0
44.826 2.19532e-09 0.984308 1.01594 0 0
44.886 2.19532e-09 0.984329 1.01592 0 0
44.946 2.19532e-09 0.98435 1.0159 0 0
45.006 2.19532e-09 0.98437 1.01588 0 0
45.066 2.19532e-09 0.984391 1.01586 0 0
45.126 2.19532e-09 0.984412 1.01583 0 0
45.186 2.19532e-09 0.984433 1.01581 0 0
45.246 2.19532e-09 0.984453 1.01579 0 0
45.306 2.19532e-09 0.984474 1.01577 0 0
45.366 2.19532e-09 0.984494 1.01575 0 0
45.426 2.19532e-09 0.984515 1.01573 0 0
45.486 2.19532e-09 0.984535 1.01571 0 0
45.546 2.19532e-09 0.984556 1.01569 0 0
45.606 2.19532e-09 0.984576 1.01567 0 0
45.666 2.19532e-09 0.984596 1.01564 0 0
45.726 2.19532e-09 0.984617 1.01562 0 0
45.786 2.19532e-09 0.984637 1.0156 0 0
45.846 2.19532e-09 0.984657 1.01558 0 0
45.906 2.19532e-09 0.984677 1.01556 0 0
45.966 2.19532e-09 0.984697 1.01554 0 0
46.026 2.19532e-09 0.984717 1.01552 0 0
46.086 2.19532e-09 0.984737 1.0155 0 0
46.146 2.19532e-09 0.984757 1.01548 0 0
46.206 2.19532e-09 0.984776 1.01546 0 0
46.266 2.19532e-09 0.984796 1.01544 0 0
46.326 2.19532e-09 0.984816 1.01542 0 0
46.386 2.19532e-09 0.984835 1.0154 0 0
46.446 2.19532e-09 0.984855 1.01538 0 0
46.506 2.19532e-09 0.984875 1.01536 0 0
46.566 2.19532e-09 0.984894 1.01534 0 0
46.626 2.19532e-09 0.984913 1.01532 0 0
46.686 2.19532e-09 0.984933 1.0153 0 0
46.746 2.19532e-09 0.984952 1.01528 0 0
46.806 2.19532e-09 0.984971 1.01526 0 0
46.866 2.19532e-09 0.984991 1.01524 0 0
46.926 2.19532e-09 0.98501 1.01522 0 0
46.986 2.19532e-09 0.985029 1.0152 0 0
47.046 2.19532e-09 0.985048 1.01518 0 0
47.106 2.19532e-09 0.985067 1.01516 0 0
47.166 2.19532e-09 0.985086 1.01514 0 0
47.226 2.19532e-09 0.985105 1.01512 0 0
47.286 2.19532e-09 0.985124 1.0151 0 0
47.346 2.19532e-09 0.985143 1.01508 0 0
47.406 2.19532e-09 0.985162 1.01506 0 0
47.466 2.19532e-09 0.98518 1.01504 0 0
47.526 2.19532e-09 0.985199 1.01502 0 0
47.586 2.19532e-09 0.985218 1.015 0 0
47.646 2.19532e-09 0.985236 1.01498 0 0
47.706 2.19532e-09 0.985255 1.01497 0 0
47.766 2.19532e-09 0.985274 1.01495 0 0
47.826 2.19532e-09 0.985292 1.01493 0 0
47.886 2.19532e-09 0.98531 1.01491 0 0
47.946 2.19532e-09 0.985329 1.01489 0 0
48.006 2.19532e-09 0.985347 1.01487 0 0
48.066 2.19532e-09 0.985365 1.01485 0 0
48.126 2.19532e-09 0.985384 1.01483 0 0
48.186 2.19532e-09 0.985402 1.01481 0 0
48.246 2.19532e-09 0.98542 1.0148 0 0
48.306 2.19532e-09 0.985438 1.01478 0 0
48.366 2.19532e-09 0.985456 1.01476 0 0
48.426 2.19532e-09 0.985474 1.01474 0 0
48.486 2.19532e-09 0.985492 1.01472 0 0
48.546 2.19532e-09 0.98551 1.0147 0 0
48.606 2.19532e-09 0.985528 1.01468 0 0
48.666 2.19532e-09 0.985546 1.01467 0 0
48.726 2.19532e-09 0.985564 1.01465 0 0
48.786 2.19532e-09 0.985581 1.01463 0 0
48.846 2.19532e-09 0.985599 1.01461 0 0
48.906 2.19532e-09 0.985617 1.01459 0 0
48.966 2.19532e-09 0.985634 1.01457 0 0
49.026 2.19532e-09 0.985652 1.01456 0 0
49.086 2.19532e-09 0.98567 1.01454 0 0
49.146 2.19532e-09 0.985687 1.01452 0 0
49.206 2.19532e-09 0.985704 1.0145 0 0
49.266 2.19532e-09 0.985722 1.01448 0 0
49.326 2.19532e-09 0.985739 1.01447 0 0
49.386 2.19532e-09 0.985757 1.01445 0 0
49.446 2.19532e-09 0.985774 1.01443 0 0
49.506 2.19532e-09 0.985791 1.01441 0 0
49.566 2.19532e-09 0.985808 1.0144 0 0
49.626 2.19532e-09 0.985825 1.01438 0 0
49.686 2.19532e-09 0.985843 1.01436 0 0
49.746 2.19532e-09 0.98586 1.01434 0 0
49.806 2.19532e-09 0.985877 1.01433 0 0
49.866 2.19532e-09 0.985894 1.01431 0 0
49.926 2.19532e-09 0.985911 1.01429 0 0
49.986 2.19532e-09 0.985928 1.01427 0 0
50.046 2.19532e-09 0.985944 1.01426 0 0
50.106 2.19532e-09 0.985961 1.01424 0 0
50.166 2.19532e-09 0.985978 1.01422 0 0
50.226 2.19532e-09 0.985995 1.0142 0 0
50.286 2.19532e-09 0.986012 1.01419 0 0
50.346 2.19532e-09 0.986028 1.01417 0 0
50.406 2.19532e-09 0.986045 1.01415 0 0
50.466 2.19532e-09 0.986061 1.01414 0 0
50.526 2.19532e-09 0.986078 1.01412 0 0
50.586 2.19532e-09 0.986094 1.0141 0 0
50.646 2.19532e-09 0.986111 1.01408 0 0
50.706 2.19532e-09 0.986127 1.01407 0 0
50.766 2.19532e-09 0.986144 1.01405 0 0
50.826 2.19532e-09 0.98616 1.01403 0 0
50.886 2.19532e-09 0.986176 1.01402 0 0
50.946 2.19532e-09 0.986193 1.014 0 0
51.006 2.19532e-09 0.986209 1.01398 0 0
51.066 2.19532e-09 0.986225 1.01397 0 0
51.126 2.19532e-09 0.986241 1.01395 0 0
51.186 2.19532e-09 0.986257 1.01393 0 0
51.246 2.19532e-09 0.986274 1.01392 0 0
51.306 2.19532e-09 0.98629 1.0139 0 0
51.366 2.19532e-09 0.986306 1.01388 0 0
51.426 2.19532e-09 0.986322 1.01387 0 0
51.486 2.19532e-09 0.986338 1.01385 0 0
51.546 2.19532e-09 0.986353 1.01384 0 0
51.606 2.19532e-09 0.986369 1.01382 0 0
51.666 2.19532e-09 0.986385 1.0138 0 0
51.726 2.19532e-09 0.986401 1.01379 0 0
51.786 2.19532e-09 0.986417 1.01377 0 0
51.846 2.19532e-09 0.986432 1.01375 0 0
51.906 2.19532e-09 0.986448 1.01374 0 0
51.966 2.19532e-09 0.986464 1.01372 0 0
52.026 2.19532e-09 0.986479 1.01371 0 0
52.086 2.19532e-09 0.986495 1.01369 0 0
52.146 2.19532e-09 0.98651 1.01367 0 0
52.206 2.19532e-09 0.986526 1.01366 0 0
52.266 2.19532e-09 0.986541 1.01364 0 0
52.326 2.19532e-09 0.986557 1.01363 0 0
52.386 2.19532e-09 0.986572 1.01361 0 0
52.446 2.19532e-09 0.986588 1.01359 0 0
52.506 2.19532e-09 0.986603 1.01358 0 0
52.566 2.19532e-09 0.986618 1.01356 0 0
52.626 2.19532e-09 0.986634 1.01355 0 0
52.686 2.19532e-09 0.986649 1.01353 0 0
52.746 2.19532e-09 0.986664 1.01352 0 0
52.806 2.19532e-09 0.986679 1.0135 0 0
52.866 2.19532e-09 0.986694 1.01349 0 0
52.926 2.19532e-09 0.986709 1.01347 0 0
52.986 2.19532e-09 0.986724 1.01345 0 0
53.046 2.19532e-09 0.986739 1.01344 0 0
53.106 2.19532e-09 0.986754 1.01342 0 0
53.166 2.19532e-09 0.986769 1.01341 0 0
53.226 2.19532e-09 0.986784 1.01339 0 0
53.286 2.19532e-09 0.986799 1.01338 0 0
53.346 2.19532e-09 0.986814 1.01336 0 0
53.406 2.19532e-09 0.986829 1.01335 0 0
53.466 2.19532e-09 0.986844 1.01333 0 0
53.526 2.19532e-09 0.986858 1.01332 0 0
53.586 2.19532e-09 0.986873 1.0133 0 0
53.646 2.19532e-09 0.986888 1.01329 0 0
53.706 2.19532e-09 0.986902 1.01327 0 0
53.766 2.19532e-09 0.986917 1.01326 0 0
53.826 2.19532e-09 0.986931 1.01324 0 0
53.886 2.19532e-09 0.986946 1.01323 0 0
53.946 2.19532e-09 0.986961 1.01321 0 0
54.006 2.19532e-09 0.986975 1.0132 0 0
54.066 2.19532e-09 0.98699 1.01318 0 0
54.126 2.19532e-09 0.987004 1.01317 0 0
54.186 2.19532e-09 0.987018 1.01315 0 0
54.246 2.19532e-09 0.987033 1.01314 0 0
54.306 2.19532e-09 0.987047 1.01312 0 0
54.366 2.19532e-09 0.987061 1.01311 0 0
54.426 2.19532e-09 0.987076 1.01309 0 0
54.486 2.19532e-09 0.98709 1.01308 0 0
54.546 2.19532e-09 0.987104 1.01306 0 0
54.606 2.19532e-09 0.987118 1.01305 0 0
54.666 2.19532e-09 0.987132 1.01304 0 0
54.726 2.19532e-09 0.987146 1.01302 0 0
54.786 2.19532e-09 0.98716 1.01301 0 0
54.846 2.19532e-09 0.987175 1.01299 0 0
54.906 2.19532e-09 0.987189 1.01298 0 0
54.966 2.19532e-09 0.987203 1.01296 0 0
55.026 2.19532e-09 0.987216 1.01295 0 0
55.086 2.19532e-09 0.98723 1.01293 0 0
55.146 2.19532e-09 0.987244 1.01292 0 0
55.206 2.19532e-09 0.987258 1.01291 0 0
55.266 2.19532e-09 0.987272 1.01289 0 0
55.326 2.19532e-09 0.987286 1.01288 0 0
55.386 2.19532e-09 0.9873 1.01286 0 0
55.446 2.19532e-09 0.987313 1.01285 0 0
55.506 2.19532e-09 0.987327 1.01284 0 0
55.566 2.19532e-09 0.987341 1.01282 0 0
55.626 2.19532e-09 0.987354 1.01281 0 0
55.686 2.19532e-09 0.987368 1.01279 0 0
55.746 2.19532e-09 0.987382 1.01278 0 0
55.806 2.19532e-09 0.987395 1.01277 0 0
55.866 2.19532e-09 0.987409 1.01275 0 0
55.926 2.19532e-09 0.987422 1.01274 0 0
55.986 2.19532e-09 0.987436 1.01272 0 0
56.046 2.19532e-09 0.987449 1.01271 0 0
56.106 2.19532e-09 0.987463 1.0127 0 0
56.166 2.19532e-09 0.987476 1.01268 0 0
56.226 2.19532e-09 0.987489 1.01267 0 0
56.286 2.19532e-09 0.987503 1.01266 0 0
56.346 2.19532e-09 0.987516 1.01264 0 0
56.406 2.19532e-09 0.987529 1.01263 0 0
56.466 2.19532e-09 0.987542 1.01261 0 0
56.526 2.19532e-09 0.987556 1.0126 0 0
56.586 2.19532e-09 0.987569 1.01259 0 0
56.646 2.19532e-09 0.987582 1.01257 0 0
56.706 2.19532e-09 0.987595 1.01256 0 0
56.766 2.19532e-09 0.987608 1.01255 0 0
56.826 2.19532e-09 0.987621 1.01253 0 0
56.886 2.19532e-09 0.987634 1.01252 0 0
56.946 2.19532e-09 0.987648 1.01251 0 0
57.006 2.19532e-09 0.987661 1.01249 0 0
57.066 2.19532e-09 0.987673 1.01248 0 0
57.126 2.19532e-09 0.987686 1.01247 0 0
57.186 2.19532e-09 0.987699 1.01245 0 0
57.246 2.19532e-09 0.987712 1.01244 0 0
57.306 2.19532e-09 0.987725 1.01243 0 0
57.366 2.19532e-09 0.987738 1.01241 0 0
57.426 2.19532e-09 0.987751 1.0124 0 0
57.486 2.19532e-09 0.987764 1.01239 0 0
57.546 2.19532e-09 0.987776 1.01237 0 0
57.606 2.19532e-09 0.987789 1.01236 0 0
57.666 2.19532e-09 0.987802 1.01235 0 0
57.726 2.19532e-09 0.987814 1.01234 0 0
57.786 2.19532e-09 0.987827 1.01232 0 0
57.846 2.19532e-09 0.98784 1.01231 0 0
57.906 2.19532e-09 0.987852 1.0123 0 0
57.966 2.19532e-09 0.987865 1.01228 0 0
58.026 2.19532e-09 0.987877 1.01227 0 0
58.086 2.19532e-09 0.98789 1.01226 0 0
58.146 2.19532e-09 0.987902 1.01225 0 0
58.206 2.19532e-09 0.987915 1.01223 0 0
58.266 2.19532e-09 0.987927 1.01222 0 0
58.326 2.19532e-09 0.98794 1.01221 0 0
58.386 2.19532e-09 0.987952 1.01219 0 0
58.446 2.19532e-09 0.987965 1.01218 0 0
58.506 2.19532e-09 0.987977 1.01217 0 0
58.566 2.19532e-09 0.987989 1.01216 0 0
58.626 2.19532e-09 0.988001 1.01214 0 0
58.686 2.19532e-09 0.988014 1.01213 0 0
58.746 2.19532e-09 0.988026 1.01212 0 0
58.806 2.19532e-09 0.988038 1.01211 0 0
58.866 2.19532e-09 0.98805 1.01209 0 0
58.926 2.19532e-09 0.988063 1.01208 0 0
58.986 2.19532e-09 0.988075 1.01207 0 0
59.046 2.19532e-09 0.988087 1.01206 0 0
59.106 2.19532e-09 0.988099 1.01204 0 0
59.166 2.19532e-09 0.988111 1.01203 0 0
59.226 2.19532e-09 0.988123 1.01202 0 0
59.286 2.19532e-09 0.988135 1.01201 0 0
59.346 2.19532e-09 0.988147 1.012 0 0
59.406 2.19532e-09 0.988159 1.01198 0 0
59.466 2.19532e-09 0.988171 1.01197 0 0
59.526 2.19532e-09 0.988183 1.01196 0 0
59.586 2.19532e-09 0.988195 1.01195 0 0
59.646 2.19532e-09 0.988207 1.01193 0 0
59.706 2.19532e-09 0.988219 1.01192 0 0
59.766 2.19532e-09 0.98823 1.01191 0 0
59.826 2.19532e-09 0.988242 1.0119 0 0
59.886 2.19532e-09 0.988254 1.01189 0 0
59.946 2.19532e-09 0.988266 1.01187 0 0

