0.06 0.595905
0.006 0.192759 0.055758 1 0.00059049 0.00243
0.066 0.191884 0.0567119 1.00878 0.000560386 0.00236725
0.126 0.189562 0.0592867 1.03159 0.000486419 0.00220549
0.186 0.185923 0.0635327 1.06729 0.000384377 0.00196055
0.246 0.181147 0.0695238 1.11394 0.000273535 0.00165389
0.306 0.175448 0.0773382 1.16892 0.00017129 0.00130878
0.366 0.169049 0.0870395 1.22908 8.96452e-05 0.000946811
0.426 0.162158 0.0986577 1.29112 3.43034e-05 0.000585691
0.486 0.154959 0.112176 1.35186 5.68036e-06 0.000238335
0.546 0.147607 0.127521 1.40865 0 0
0.606 0.140222 0.144571 1.4599 0 0
0.666 0.132892 0.163161 1.50466 0 0
0.726 0.125674 0.183091 1.54262 0 0
0.786 0.118604 0.20414 1.57403 0 0
0.846 0.111696 0.226073 1.59961 0 0
0.906 0.104955 0.248655 1.62032 0 0
0.966 0.0983748 0.271658 1.63722 0 0
1.026 0.0919481 0.294861 1.65136 0 0
1.086 0.0856662 0.318057 1.66369 0 0
1.146 0.0795252 0.341057 1.67496 0 0
1.206 0.0735318 0.363684 1.6856 0 0
1.266 0.0677122 0.385783 1.6955 0 0
1.326 0.0621209 0.40722 1.70389 0 0
1.386 0.0568316 0.427889 1.70945 0 0
1.446 0.0519046 0.447717 1.71116 0 0
1.506 0.0473668 0.46666 1.70874 0 0
1.566 0.0432172 0.484702 1.70246 0 0
1.626 0.039439 0.501845 1.6929 0 0
1.686 0.0360079 0.518108 1.68073 0 0
1.746 0.0328965 0.53352 1.66658 0 0
1.806 0.0300769 0.548116 1.65102 0 0
1.866 0.0275223 0.561938 1.63453 0 0
1.926 0.0252071 0.575026 1.61749 0 0
1.986 0.023108 0.587425 1.60023 0 0
2.046 0.0212034 0.599175 1.58299 0 0
2.106 0.0194738 0.610318 1.56594 0 0
2.166 0.0179017 0.620894 1.54921 0 0
2.226 0.0164713 0.630937 1.53292 0 0
2.286 0.0151686 0.640485 1.51712 0 0
2.346 0.0139808 0.649569 1.50186 0 0
2.406 0.0128967 0.658219 1.48715 0 0
2.466 0.0119061 0.666464 1.47302 0 0
2.526 0.0110001 0.674329 1.45946 0 0
2.586 0.0101705 0.68184 1.44646 0 0
2.646 0.00941026 0.689017 1.43401 0 0
2.706 0.00871277 0.695883 1.4221 0 0
2.766 0.00807228 0.702457 1.41071 0 0
2.826 0.00748359 0.708755 1.39982 0 0
2.886 0.00694202 0.714795 1.38939 0 0
2.946 0.00644337 0.720591 1.37943 0 0
3.006 0.00598387 0.726159 1.36989 0 0
3.066 0.00556009 0.73151 1.36077 0 0
3.126 0.00516895 0.736657 1.35204 0 0
3.186 0.00480767 0.741611 1.34367 0 0
3.246 0.00447372 0.746384 1.33566 0 0
3.306 0.00416483 0.750983 1.32798 0 0
3.366 0.00387892 0.75542 1.32062 0 0
3.426 0.00361411 0.759701 1.31356 0 0
3.486 0.00336868 0.763836 1.30677 0 0
3.546 0.00314108 0.767831 1.30026 0 0
3.606 0.00292989 0.771693 1.294 0 0
3.666 0.00273381 0.775429 1.28799 0 0
3.726 0.00255167 0.779045 1.2822 0 0
3.786 0.00238237 0.782547 1.27663 0 0
3.846 0.00222493 0.785939 1.27126 0 0
3.906 0.00207845 0.789227 1.26609 0 0
3.966 0.0019421 0.792416 1.26111 0 0
4.026 0.0018151 0.79551 1.2563 0 0
4.086 0.00169677 0.798513 1.25167 0 0
4.146 0.00158646 0.801429 1.24719 0 0
4.206 0.00148358 0.804262 1.24286 0 0
4.266 0.00138759 0.807015 1.23868 0 0
4.326 0.00129798 0.809692 1.23463 0 0
4.386 0.00121429 0.812296 1.23072 0 0
4.446 0.0011361 0.814829 1.22694 0 0
4.506 0.00106301 0.817295 1.22327 0 0
4.566 0.000994662 0.819697 1.21972 0 0
4.626 0.000930718 0.822035 1.21627 0 0
4.686 0.000870869 0.824314 1.21294 0 0
4.746 0.000814825 0.826536 1.2097 0 0
4.806 0.000762321 0.828702 1.20655 0 0
4.866 0.00071311 0.830814 1.2035 0 0
4.926 0.000666964 0.832875 1.20054 0 0
4.986 0.00062367 0.834887 1.19766 0 0
5.046 0.000583031 0.83685 1.19486 0 0
5.106 0.000544865 0.838768 1.19214 0 0
5.166 0.000509 0.840641 1.18949 0 0
5.226 0.000475279 0.842471 1.18692 0 0
5.286 0.000443555 0.844259 1.18441 0 0
5.346 0.00041369 0.846007 1.18197 0 0
5.406 0.000385557 0.847717 1.17959 0 0
5.466 0.000359036 0.849388 1.17728 0 0
5.526 0.000334017 0.851024 1.17502 0 0
5.586 0.000310396 0.852624 1.17282 0 0
5.646 0.000288076 0.854191 1.17067 0 0
5.706 0.000266966 0.855724 1.16857 0 0
5.766 0.000246982 0.857226 1.16653 0 0
5.826 0.000228044 0.858697 1.16453 0 0
5.886 0.000210078 0.860137 1.16259 0 0
5.946 0.000193015 0.861549 1.16068 0 0
6.006 0.000176789 0.862932 1.15882 0 0
6.066 0.000161338 0.864288 1.15701 0 0
6.126 0.000146606 0.865618 1.15523 0 0
6.186 0.000132537 0.866921 1.1535 0 0
6.246 0.00011908 0.8682 1.1518 0 0
6.306 0.000106188 0.869454 1.15014 0 0
6.366 9.38146e-05 0.870685 1.14851 0 0
6.426 8.19165e-05 0.871893 1.14692 0 0
6.486 7.0453e-05 0.873078 1.14537 0 0
6.546 5.93855e-05 0.874241 1.14384 0 0
6.606 4.86772e-05 0.875384 1.14235 0 0
6.666 3.82931e-05 0.876506 1.14089 0 0
6.726 2.81999e-05 0.877608 1.13946 0 0
6.786 1.83657e-05 0.87869 1.13806 0 0
6.846 8.76015e-06 0.879753 1.13668 0 0
6.906 1.92759e-09 0.880798 1.13533 0 0
6.966 1.92759e-09 0.881825 1.13401 0 0
7.026 1.92759e-09 0.882834 1.13272 0 0
7.086 1.92759e-09 0.883826 1.13144 0 0
7.146 1.92759e-09 0.884802 1.1302 0 0
7.206 1.92759e-09 0.885761 1.12897 0 0
7.266 1.92759e-09 0.886704 1.12777 0 0
7.326 1.92759e-09 0.887632 1.12659 0 0
7.386 1.92759e-09 0.888545 1.12544 0 0
7.446 1.92759e-09 0.889443 1.1243 0 0
7.506 1.92759e-09 0.890327 1.12318 0 0
7.566 1.92759e-09 0.891197 1.12209 0 0
7.626 1.92759e-09 0.892053 1.12101 0 0
7.686 1.92759e-09 0.892895 1.11995 0 0
7.746 1.92759e-09 0.893725 1.11891 0 0
7.806 1.92759e-09 0.894542 1.11789 0 0
7.866 1.92759e-09 0.895346 1.11689 0 0
7.926 1.92759e-09 0.896138 1.1159 0 0
7.986 1.92759e-09 0.896919 1.11493 0 0
8.046 1.92759e-09 0.897687 1.11397 0 0
8.106 1.92759e-09 0.898445 1.11303 0 0
8.166 1.92759e-09 0.899191 1.11211 0 0
8.226 1.92759e-09 0.899926 1.1112 0 0
8.286 1.92759e-09 0.900651 1.11031 0 0
8.346 1.92759e-09 0.901365 1.10943 0 0
8.406 1.92759e-09 0.902069 1.10856 0 0
8.466 1.92759e-09 0.902763 1.10771 0 0
8.526 1.92759e-09 0.903448 1.10687 0 0
8.586 1.92759e-09 0.904122 1.10605 0 0
8.646 1.92759e-09 0.904788 1.10523 0 0
8.706 1.92759e-09 0.905444 1.10443 0 0
8.766 1.92759e-09 0.906091 1.10364 0 0
8.826 1.92759e-09 0.906729 1.10286 0 0
8.886 1.92759e-09 0.907359 1.1021 0 0
8.946 1.92759e-09 0.90798 1.10135 0 0
9.006 1.92759e-09 0.908594 1.1006 0 0
9.066 1.92759e-09 0.909198 1.09987 0 0
9.126 1.92759e-09 0.909795 1.09915 0 0
9.186 1.92759e-09 0.910385 1.09844 0 0
9.246 1.92759e-09 0.910966 1.09774 0 0
9.306 1.92759e-09 0.91154 1.09704 0 0
9.366 1.92759e-09 0.912107 1.09636 0 0
9.426 1.92759e-09 0.912666 1.09569 0 0
9.486 1.92759e-09 0.913219 1.09503 0 0
9.546 1.92759e-09 0.913764 1.09437 0 0
9.606 1.92759e-09 0.914303 1.09373 0 0
9.666 1.92759e-09 0.914835 1.09309 0 0
9.726 1.92759e-09 0.91536 1.09247 0 0
9.786 1.92759e-09 0.915879 1.09185 0 0
9.846 1.92759e-09 0.916392 1.09124 0 0
9.906 1.92759e-09 0.916898 1.09063 0 0
9.966 1.92759e-09 0.917398 1.09004 0 0
10.026 1.92759e-09 0.917893 1.08945 0 0
10.086 1.92759e-09 0.918381 1.08887 0 0
10.146 1.92759e-09 0.918864 1.0883 0 0
10.206 1.92759e-09 0.919341 1.08774 0 0
10.266 1.92759e-09 0.919812 1.08718 0 0
10.326 1.92759e-09 0.920278 1.08663 0 0
10.386 1.92759e-09 0.920739 1.08608 0 0
10.446 1.92759e-09 0.921194 1.08555 0 0
10.506 1.92759e-09 0.921644 1.08502 0 0
10.566 1.92759e-09 0.922089 1.08449 0 0
10.626 1.92759e-09 0.922529 1.08398 0 0
10.686 1.92759e-09 0.922964 1.08347 0 0
10.746 1.92759e-09 0.923394 1.08296 0 0
10.806 1.92759e-09 0.923819 1.08246 0 0
10.866 1.92759e-09 0.92424 1.08197 0 0
10.926 1.92759e-09 0.924656 1.08148 0 0
10.986 1.92759e-09 0.925068 1.081 0 0
11.046 1.92759e-09 0.925475 1.08053 0 0
11.106 1.92759e-09 0.925877 1.08006 0 0
11.166 1.92759e-09 0.926276 1.07959 0 0
11.226 1.92759e-09 0.92667 1.07913 0 0
11.286 1.92759e-09 0.927059 1.07868 0 0
11.346 1.92759e-09 0.927445 1.07823 0 0
11.406 1.92759e-09 0.927827 1.07779 0 0
11.466 1.92759e-09 0.928205 1.07735 0 0
11.526 1.92759e-09 0.928578 1.07692 0 0
11.586 1.92759e-09 0.928948 1.07649 0 0
11.646 1.92759e-09 0.929314 1.07606 0 0
11.706 1.92759e-09 0.929677 1.07564 0 0
11.766 1.92759e-09 0.930035 1.07523 0 0
11.826 1.92759e-09 0.93039 1.07482 0 0
11.886 1.92759e-09 0.930741 1.07441 0 0
11.946 1.92759e-09 0.931089 1.07401 0 0
12.006 1.92759e-09 0.931434 1.07361 0 0
12.066 1.92759e-09 0.931775 1.07322 0 0
12.126 1.92759e-09 0.932112 1.07283 0 0
12.186 1.92759e-09 0.932447 1.07245 0 0
12.246 1.92759e-09 0.932778 1.07207 0 0
12.306 1.92759e-09 0.933105 1.07169 0 0
12.366 1.92759e-09 0.93343 1.07132 0 0
12.426 1.92759e-09 0.933751 1.07095 0 0
12.486 1.92759e-09 0.93407 1.07058 0 0
12.546 1.92759e-09 0.934385 1.07022 0 0
12.606 1.92759e-09 0.934697 1.06987 0 0
12.666 1.92759e-09 0.935007 1.06951 0 0
12.726 1.92759e-09 0.935313 1.06916 0 0
12.786 1.92759e-09 0.935617 1.06881 0 0
12.846 1.92759e-09 0.935917 1.06847 0 0
12.906 1.92759e-09 0.936215 1.06813 0 0
12.966 1.92759e-09 0.93651 1.06779 0 0
13.026 1.92759e-09 0.936803 1.06746 0 0
13.086 1.92759e-09 0.937093 1.06713 0 0
13.146 1.92759e-09 0.93738 1.0668 0 0
13.206 1.92759e-09 0.937664 1.06648 0 0
13.266 1.92759e-09 0.937946 1.06616 0 0
13.326 1.92759e-09 0.938226 1.06584 0 0
13.386 1.92759e-09 0.938502 1.06553 0 0
13.446 1.92759e-09 0.938777 1.06522 0 0
13.506 1.92759e-09 0.939049 1.06491 0 0
13.566 1.92759e-09 0.939318 1.0646 0 0
13.626 1.92759e-09 0.939586 1.0643 0 0
13.686 1.92759e-09 0.93985 1.064 0 0
13.746 1.92759e-09 0.940113 1.0637 0 0
13.806 1.92759e-09 0.940373 1.06341 0 0
13.866 1.92759e-09 0.940631 1.06312 0 0
13.926 1.92759e-09 0.940887 1.06283 0 0
13.986 1.92759e-09 0.941141 1.06254 0 0
14.046 1.92759e-09 0.941392 1.06226 0 0
14.106 1.92759e-09 0.941641 1.06198 0 0
14.166 1.92759e-09 0.941889 1.0617 0 0
14.226 1.92759e-09 0.942134 1.06142 0 0
14.286 1.92759e-09 0.942377 1.06115 0 0
14.346 1.92759e-09 0.942618 1.06088 0 0
14.406 1.92759e-09 0.942857 1.06061 0 0
14.466 1.92759e-09 0.943094 1.06034 0 0
14.526 1.92759e-09 0.943329 1.06008 0 0
14.586 1.92759e-09 0.943562 1.05981 0 0
14.646 1.92759e-09 0.943793 1.05955 0 0
14.706 1.92759e-09 0.944022 1.0593 0 0
14.766 1.92759e-09 0.94425 1.05904 0 0
14.826 1.92759e-09 0.944475 1.05879 0 0
14.886 1.92759e-09 0.944699 1.05854 0 0
14.946 1.92759e-09 0.944921 1.05829 0 0
15.006 1.92759e-09 0.945142 1.05804 0 0
15.066 1.92759e-09 0.94536 1.0578 0 0
15.126 1.92759e-09 0.945577 1.05756 0 0
15.186 1.92759e-09 0.945792 1.05732 0 0
15.246 1.92759e-09 0.946005 1.05708 0 0
15.306 1.92759e-09 0.946217 1.05684 0 0
15.366 1.92759e-09 0.946427 1.05661 0 0
15.426 1.92759e-09 0.946635 1.05637 0 0
15.486 1.92759e-09 0.946842 1.05614 0 0
15.546 1.92759e-09 0.947047 1.05591 0 0
15.606 1.92759e-09 0.947251 1.05569 0 0
15.666 1.92759e-09 0.947453 1.05546 0 0
15.726 1.92759e-09 0.947653 1.05524 0 0
15.786 1.92759e-09 0.947852 1.05502 0 0
15.846 1.92759e-09 0.94805 1.0548 0 0
15.906 1.92759e-09 0.948246 1.05458 0 0
15.966 1.92759e-09 0.94844 1.05436 0 0
16.026 1.92759e-09 0.948633 1.05415 0 0
16.086 1.92759e-09 0.948825 1.05394 0 0
16.146 1.92759e-09 0.949015 1.05372 0 0
16.206 1.92759e-09 0.949204 1.05351 0 0
16.266 1.92759e-09 0.949391 1.05331 0 0
16.326 1.92759e-09 0.949577 1.0531 0 0
16.386 1.92759e-09 0.949762 1.0529 0 0
16.446 1.92759e-09 0.949945 1.05269 0 0
16.506 1.92759e-09 0.950127 1.05249 0 0
16.566 1.92759e-09 0.950307 1.05229 0 0
16.626 1.92759e-09 0.950487 1.05209 0 0
16.686 1.92759e-09 0.950665 1.0519 0 0
16.746 1.92759e-09 0.950842 1.0517 0 0
16.806 1.92759e-09 0.951017 1.05151 0 0
16.866 1.92759e-09 0.951191 1.05131 0 0
16.926 1.92759e-09 0.951364 1.05112 0 0
16.986 1.92759e-09 0.951536 1.05093 0 0
17.046 1.92759e-09 0.951707 1.05074 0 0
17.106 1.92759e-09 0.951876 1.05056 0 0
17.166 1.92759e-09 0.952044 1.05037 0 0
17.226 1.92759e-09 0.952211 1.05019 0 0
17.286 1.92759e-09 0.952377 1.05 0 0
17.346 1.92759e-09 0.952542 1.04982 0 0
17.406 1.92759e-09 0.952706 1.04964 0 0
17.466 1.92759e-09 0.952868 1.04946 0 0
17.526 1.92759e-09 0.953029 1.04929 0 0
17.586 1.92759e-09 0.95319 1.04911 0 0
17.646 1.92759e-09 0.953349 1.04893 0 0
17.706 1.92759e-09 0.953507 1.04876 0 0
17.766 1.92759e-09 0.953664 1.04859 0 0
17.826 1.92759e-09 0.95382 1.04842 0 0
17.886 1.92759e-09 0.953975 1.04825 0 0
17.946 1.92759e-09 0.954129 1.04808 0 0
18.006 1.92759e-09 0.954282 1.04791 0 0
18.066 1.92759e-09 0.954433 1.04774 0 0
18.126 1.92759e-09 0.954584 1.04758 0 0
18.186 1.92759e-09 0.954734 1.04741 0 0
18.246 1.92759e-09 0.954883 1.04725 0 0
18.306 1.92759e-09 0.955031 1.04709 0 0
18.366 1.92759e-09 0.955178 1.04693 0 0
18.426 1.92759e-09 0.955324 1.04677 0 0
18.486 1.92759e-09 0.955469 1.04661 0 0
18.546 1.92759e-09 0.955613 1.04645 0 0
18.606 1.92759e-09 0.955756 1.04629 0 0
18.666 1.92759e-09 0.955898 1.04614 0 0
18.726 1.92759e-09 0.956039 1.04598 0 0
18.786 1.92759e-09 0.95618 1.04583 0 0
18.846 1.92759e-09 0.956319 1.04568 0 0
18.906 1.92759e-09 0.956458 1.04552 0 0
18.966 1.92759e-09 0.956596 1.04537 0 0
19.026 1.92759e-09 0.956733 1.04522 0 0
19.086 1.92759e-09 0.956869 1.04508 0 0
19.146 1.92759e-09 0.957004 1.04493 0 0
19.206 1.92759e-09 0.957138 1.04478 0 0
19.266 1.92759e-09 0.957272 1.04464 0 0
19.326 1.92759e-09 0.957404 1.04449 0 0
19.386 1.92759e-09 0.957536 1.04435 0 0
19.446 1.92759e-09 0.957667 1.0442 0 0
19.506 1.92759e-09 0.957797 1.04406 0 0
19.566 1.92759e-09 0.957927 1.04392 0 0
19.626 1.92759e-09 0.958055 1.04378 0 0
19.686 1.92759e-09 0.958183 1.04364 0 0
19.746 1.92759e-09 0.95831 1.0435 0 0
19.806 1.92759e-09 0.958437 1.04337 0 0
19.866 1.92759e-09 0.958562 1.04323 0 0
19.926 1.92759e-09 0.958687 1.04309 0 0
19.986 1.92759e-09 0.958811 1.04296 0 0
20.046 1.92759e-09 0.958934 1.04282 0 0
20.106 1.92759e-09 0.959057 1.04269 0 0
20.166 1.92759e-09 0.959178 1.04256 0 0
20.226 1.92759e-09 0.9593 1.04243 0 0
20.286 1.92759e-09 0.95942 1.0423 0 0
20.346 1.92759e-09 0.95954 1.04217 0 0
20.406 1.92759e-09 0.959659 1.04204 0 0
20.466 1.92759e-09 0.959777 1.04191 0 0
20.526 1.92759e-09 0.959894 1.04178 0 0
20.586 1.92759e-09 0.960011 1.04165 0 0
20.646 1.92759e-09 0.960128 1.04153 0 0
20.706 1.92759e-09 0.960243 1.0414 0 0
20.766 1.92759e-09 0.960358 1.04128 0 0
20.826 1.92759e-09 0.960472 1.04115 0 0
20.886 1.92759e-09 0.960586 1.04103 0 0
20.946 1.92759e-09 0.960699 1.04091 0 0
21.006 1.92759e-09 0.960811 1.04079 0 0
21.066 1.92759e-09 0.960923 1.04067 0 0
21.126 1.92759e-09 0.961033 1.04055 0 0
21.186 1.92759e-09 0.961144 1.04043 0 0
21.246 1.92759e-09 0.961254 1.04031 0 0
21.306 1.92759e-09 0.961363 1.04019 0 0
21.366 1.92759e-09 0.961471 1.04007 0 0
21.426 1.92759e-09 0.961579 1.03996 0 0
21.486 1.92759e-09 0.961686 1.03984 0 0
21.546 1.92759e-09 0.961793 1.03972 0 0
21.606 1.92759e-09 0.961899 1.03961 0 0
21.666 1.92759e-09 0.962005 1.0395 0 0
21.726 1.92759e-09 0.96211 1.03938 0 0
21.786 1.92759e-09 0.962214 1.03927 0 0
21.846 1.92759e-09 0.962318 1.03916 0 0
21.906 1.92759e-09 0.962421 1.03905 0 0
21.966 1.92759e-09 0.962524 1.03894 0 0
22.026 1.92759e-09 0.962626 1.03883 0 0
22.086 1.92759e-09 0.962727 1.03872 0 0
22.146 1.92759e-09 0.962828 1.03861 0 0
22.206 1.92759e-09 0.962929 1.0385 0 0
22.266 1.92759e-09 0.963029 1.03839 0 0
22.326 1.92759e-09 0.963128 1.03828 0 0
22.386 1.92759e-09 0.963227 1.03818 0 0
22.446 1.92759e-09 0.963325 1.03807 0 0
22.506 1.92759e-09 0.963423 1.03797 0 0
22.566 1.92759e-09 0.96352 1.03786 0 0
22.626 1.92759e-09 0.963617 1.03776 0 0
22.686 1.92759e-09 0.963713 1.03765 0 0
22.746 1.92759e-09 0.963809 1.03755 0 0
22.806 1.92759e-09 0.963904 1.03745 0 0
22.866 1.92759e-09 0.963999 1.03735 0 0
22.926 1.92759e-09 0.964093 1.03724 0 0
22.986 1.92759e-09 0.964187 1.03714 0 0
23.046 1.92759e-09 0.96428 1.03704 0 0
23.106 1.92759e-09 0.964373 1.03694 0 0
23.166 1.92759e-09 0.964465 1.03684 0 0
23.226 1.92759e-09 0.964557 1.03675 0 0
23.286 1.92759e-09 0.964648 1.03665 0 0
23.346 1.92759e-09 0.964739 1.03655 0 0
23.406 1.92759e-09 0.964829 1.03645 0 0
23.466 1.92759e-09 0.964919 1.03636 0 0
23.526 1.92759e-09 0.965009 1.03626 0 0
23.586 1.92759e-09 0.965098 1.03616 0 0
23.646 1.92759e-09 0.965186 1.03607 0 0
23.706 1.92759e-09 0.965274 1.03597 0 0
23.766 1.92759e-09 0.965362 1.03588 0 0
23.826 1.92759e-09 0.965449 1.03579 0 0
23.886 1.92759e-09 0.965536 1.03569 0 0
23.946 1.92759e-09 0.965622 1.0356 0 0
24.006 1.92759e-09 0.965708 1.03551 0 0
24.066 1.92759e-09 0.965794 1.03542 0 0
24.126 1.92759e-09 0.965879 1.03533 0 0
24.186 1.92759e-09 0.965964 1.03524 0 0
24.246 1.92759e-09 0.966048 1.03515 0 0
24.306 1.92759e-09 0.966132 1.03506 0 0
24.366 1.92759e-09 0.966215 1.03497 0 0
24.426 1.92759e-09 0.966298 1.03488 0 0
24.486 1.92759e-09 0.966381 1.03479 0 0
24.546 1.92759e-09 0.966463 1.0347 0 0
24.606 1.92759e-09 0.966544 1.03461 0 0
24.666 1.92759e-09 0.966626 1.03453 0 0
24.726 1.92759e-09 0.966707 1.03444 0 0
24.786 1.92759e-09 0.966787 1.03435 0 0
24.846 1.92759e-09 0.966868 1.03427 0 0
24.906 1.92759e-09 0.966947 1.03418 0 0
24.966 1.92759e-09 0.967027 1.0341 0 0
25.026 1.92759e-09 0.967106 1.03401 0 0
25.086 1.92759e-09 0.967185 1.03393 0 0
25.146 1.92759e-09 0.967263 1.03385 0 0
25.206 1.92759e-09 0.967341 1.03376 0 0
25.266 1.92759e-09 0.967418 1.03368 0 0
25.326 1.92759e-09 0.967496 1.0336 0 0
25.386 1.92759e-09 0.967572 1.03351 0 0
25.446 1.92759e-09 0.967649 1.03343 0 0
25.506 1.92759e-09 0.967725 1.03335 0 0
25.566 1.92759e-09 0.967801 1.03327 0 0
25.626 1.92759e-09 0.967876 1.03319 0 0
25.686 1.92759e-09 0.967951 1.03311 0 0
25.746 1.92759e-09 0.968026 1.03303 0 0
25.806 1.92759e-09 0.9681 1.03295 0 0
25.866 1.92759e-09 0.968174 1.03287 0 0
25.926 1.92759e-09 0.968248 1.03279 0 0
25.986 1.92759e-09 0.968321 1.03272 0 0
26.046 1.92759e-09 0.968394 1.03264 0 0
26.106 1.92759e-09 0.968467 1.03256 0 0
26.166 1.92759e-09 0.968539 1.03248 0 0
26.226 1.92759e-09 0.968611 1.03241 0 0
26.286 1.92759e-09 0.968683 1.03233 0 0
26.346 1.92759e-09 0.968754 1.03225 0 0
26.406 1.92759e-09 0.968825 1.03218 0 0
26.466 1.92759e-09 0.968896 1.0321 0 0
26.526 1.92759e-09 0.968966 1.03203 0 0
26.586 1.92759e-09 0.969036 1.03195 0 0
26.646 1.92759e-09 0.969106 1.03188 0 0
26.706 1.92759e-09 0.969175 1.03181 0 0
26.766 1.92759e-09 0.969244 1.03173 0 0
26.826 1.92759e-09 0.969313 1.03166 0 0
26.886 1.92759e-09 0.969382 1.03159 0 0
26.946 1.92759e-09 0.96945 1.03151 0 0
27.006 1.92759e-09 0.969518 1.03144 0 0
27.066 1.92759e-09 0.969585 1.03137 0 0
27.126 1.92759e-09 0.969652 1.0313 0 0
27.186 1.92759e-09 0.969719 1.03123 0 0
27.246 1.92759e-09 0.969786 1.03116 0 0
27.306 1.92759e-09 0.969853 1.03108 0 0
27.366 1.92759e-09 0.969919 1.03101 0 0
27.426 1.92759e-09 0.969984 1.03094 0 0
27.486 1.92759e-09 0.97005 1.03087 0 0
27.546 1.92759e-09 0.970115 1.03081 0 0
27.606 1.92759e-09 0.97018 1.03074 0 0
27.666 1.92759e-09 0.970245 1.03067 0 0
27.726 1.92759e-09 0.970309 1.0306 0 0
27.786 1.92759e-09 0.970373 1.03053 0 0
27.846 1.92759e-09 0.970437 1.03046 0 0
27.906 1.92759e-09 0.970501 1.0304 0 0
27.966 1.92759e-09 0.970564 1.03033 0 0
28.026 1.92759e-09 0.970627 1.03026 0 0
28.086 1.92759e-09 0.97069 1.0302 0 0
28.146 1.92759e-09 0.970752 1.03013 0 0
28.206 1.92759e-09 0.970814 1.03006 0 0
28.266 1.92759e-09 0.970876 1.03 0 0
28.326 1.92759e-09 0.970938 1.02993 0 0
28.386 1.92759e-09 0.971 1.02987 0 0
28.446 1.92759e-09 0.971061 1.0298 0 0
28.506 1.92759e-09 0.971122 1.02974 0 0
28.566 1.92759e-09 0.971182 1.02967 0 0
28.626 1.92759e-09 0.971243 1.02961 0 0
28.686 1.92759e-09 0.971303 1.02955 0 0
28.746 1.92759e-09 0.971363 1.02948 0 0
28.806 1.92759e-09 0.971422 1.02942 0 0
28.866 1.92759e-09 0.971482 1.02936 0 0
28.926 1.92759e-09 0.971541 1.02929 0 0
28.986 1.92759e-09 0.9716 1.02923 0 0
29.046 1.92759e-09 0.971659 1.02917 0 0
29.106 1.92759e-09 0.971717 1.02911 0 0
29.166 1.92759e-09 0.971775 1.02904 0 0
29.226 1.92759e-09 0.971833 1.02898 0 0
29.286 1.92759e-09 0.971891 1.02892 0 0
29.346 1.92759e-09 0.971948 1.02886 0 0
29.406 1.92759e-09 0.972005 1.0288 0 0
29.466 1.92759e-09 0.972062 1.02874 0 0
29.526 1.92759e-09 0.972119 1.02868 0 0
29.586 1.92759e-09 0.972176 1.02862 0 0
29.646 1.92759e-09 0.972232 1.02856 0 0
29.706 1.92759e-09 0.972288 1.0285 0 0
29.766 1.92759e-09 0.972344 1.02844 0 0
29.826 1.92759e-09 0.9724 1.02838 0 0
29.886 1.92759e-09 0.972455 1.02833 0 0
29.946 1.92759e-09 0.97251 1.02827 0 0
30.006 1.92759e-09 0.972565 1.02821 0 0
30.066 1.92759e-09 0.97262 1.02815 0 0
30.126 1.92759e-09 0.972675 1.02809 0 0
30.186 1.92759e-09 0.972729 1.02804 0 0
30.246 1.92759e-09 0.972783 1.02798 0 0
30.306 1.92759e-09 0.972837 1.02792 0 0
30.366 1.92759e-09 0.972891 1.02786 0 0
30.426 1.92759e-09 0.972944 1.02781 0 0
30.486 1.92759e-09 0.972997 1.02775 0 0
30.546 1.92759e-09 0.97305 1.0277 0 0
30.606 1.92759e-09 0.973103 1.02764 0 0
30.666 1.92759e-09 0.973156 1.02758 0 0
30.726 1.92759e-09 0.973208 1.02753 0 0
30.786 1.92759e-09 0.97326 1.02747 0 0
30.846 1.92759e-09 0.973312 1.02742 0 0
30.906 1.92759e-09 0.973364 1.02736 0 0
30.966 1.92759e-09 0.973416 1.02731 0 0
31.026 1.92759e-09 0.973467 1.02726 0 0
31.086 1.92759e-09 0.973518 1.0272 0 0
31.146 1.92759e-09 0.973569 1.02715 0 0
31.206 1.92759e-09 0.97362 1.02709 0 0
31.266 1.92759e-09 0.973671 1.02704 0 0
31.326 1.92759e-09 0.973721 1.02699 0 0
31.386 1.92759e-09 0.973772 1.02693 0 0
31.446 1.92759e-09 0.973822 1.02688 0 0
31.506 1.92759e-09 0.973871 1.02683 0 0
31.566 1.92759e-09 0.973921 1.02678 0 0
31.626 1.92759e-09 0.973971 1.02673 0 0
31.686 1.92759e-09 0.97402 1.02667 0 0
31.746 1.92759e-09 0.974069 1.02662 0 0
31.806 1.92759e-09 0.974118 1.02657 0 0
31.866 1.92759e-09 0.974167 1.02652 0 0
31.926 1.92759e-09 0.974215 1.02647 0 0
31.986 1.92759e-09 0.974264 1.02642 0 0
32.046 1.92759e-09 0.974312 1.02637 0 0
32.106 1.92759e-09 0.97436 1.02631 0 0
32.166 1.92759e-09 0.974408 1.02626 0 0
32.226 1.92759e-09 0.974455 1.02621 0 0
32.286 1.92759e-09 0.974503 1.02616 0 0
32.346 1.92759e-09 0.97455 1.02611 0 0
32.406 1.92759e-09 0.974597 1.02607 0 0
32.466 1.92759e-09 0.974644 1.02602 0 0
32.526 1.92759e-09 0.974691 1.02597 0 0
32.586 1.92759e-09 0.974737 1.02592 0 0
32.646 1.92759e-09 0.974784 1.02587 0 0
32.706 1.92759e-09 0.97483 1.02582 0 0
32.766 1.92759e-09 0.974876 1.02577 0 0
32.826 1.92759e-09 0.974922 1.02572 0 0
32.886 1.92759e-09 0.974968 1.02567 0 0
32.946 1.92759e-09 0.975013 1.02563 0 0
33.006 1.92759e-09 0.975059 1.02558 0 0
33.066 1.92759e-09 0.975104 1.02553 0 0
33.126 1.92759e-09 0.975149 1.02548 0 0
33.186 1.92759e-09 0.975194 1.02544 0 0
33.246 1.92759e-09 0.975239 1.02539 0 0
33.306 1.92759e-09 0.975284 1.02534 0 0
33.366 1.92759e-09 0.975328 1.0253 0 0
33.426 1.92759e-09 0.975372 1.02525 0 0
33.486 1.92759e-09 0.975416 1.0252 0 0
33.546 1.92759e-09 0.97546 1.02516 0 0
33.606 1.92759e-09 0.975504 1.02511 0 0
33.666 1.92759e-09 0.975548 1.02507 0 0
33.726 1.92759e-09 0.975591 1.02502 0 0
33.786 1.92759e-09 0.975635 1.02497 0 0
33.846 1.92759e-09 0.975678 1.02493 0 0
33.906 1.92759e-09 0.975721 1.02488 0 0
33.966 1.92759e-09 0.975764 1.02484 0 0
34.026 1.92759e-09 0.975807 1.02479 0 0
34.086 1.92759e-09 0.975849 1.02475 0 0
34.146 1.92759e-09 0.975892 1.0247 0 0
34.206 1.92759e-09 0.975934 1.02466 0 0
34.266 1.92759e-09 0.975976 1.02462 0 0
34.326 1.92759e-09 0.976018 1.02457 0 0
34.386 1.92759e-09 0.97606 1.02453 0 0
34.446 1.92759e-09 0.976102 1.02448 0 0
34.506 1.92759e-09 0.976143 1.02444 0 0
34.566 1.92759e-09 0.976184 1.0244 0 0
34.626 1.92759e-09 0.976226 1.02435 0 0
34.686 1.92759e-09 0.976267 1.02431 0 0
34.746 1.92759e-09 0.976308 1.02427 0 0
34.806 1.92759e-09 0.976349 1.02422 0 0
34.866 1.92759e-09 0.976389 1.02418 0 0
34.926 1.92759e-09 0.97643 1.02414 0 0
34.986 1.92759e-09 0.97647 1.0241 0 0
35.046 1.92759e-09 0.976511 1.02405 0 0
35.106 1.92759e-09 0.976551 1.02401 0 0
35.166 1.92759e-09 0.976591 1.02397 0 0
35.226 1.92759e-09 0.976631 1.02393 0 0
35.286 1.92759e-09 0.97667 1.02389 0 0
35.346 1.92759e-09 0.97671 1.02385 0 0
35.406 1.92759e-09 0.97675 1.0238 0 0
35.466 1.92759e-09 0.976789 1.02376 0 0
35.526 1.92759e-09 0.976828 1.02372 0 0
35.586 1.92759e-09 0.976867 1.02368 0 0
35.646 1.92759e-09 0.976906 1.02364 0 0
35.706 1.92759e-09 0.976945 1.0236 0 0
35.766 1.92759e-09 0.976984 1.02356 0 0
35.826 1.92759e-09 0.977022 1.02352 0 0
35.886 1.92759e-09 0.977061 1.02348 0 0
35.946 1.92759e-09 0.977099 1.02344 0 0
36.006 1.92759e-09 0.977137 1.0234 0 0
36.066 1.92759e-09 0.977175 1.02336 0 0
36.126 1.92759e-09 0.977213 1.02332 0 0
36.186 1.92759e-09 0.977251 1.02328 0 0
36.246 1.92759e-09 0.977288 1.02324 0 0
36.306 1.92759e-09 0.977326 1.0232 0 0
36.366 1.92759e-09 0.977363 1.02316 0 0
36.426 1.92759e-09 0.977401 1.02312 0 0
36.486 1.92759e-09 0.977438 1.02308 0 0
36.546 1.92759e-09 0.977475 1.02304 0 0
36.606 1.92759e-09 0.977512 1.02301 0 0
36.666 1.92759e-09 0.977549 1.02297 0 0
36.726 1.92759e-09 0.977585 1.02293 0 0
36.786 1.92759e-09 0.977622 1.02289 0 0
36.846 1.92759e-09 0.977658 1.02285 0 0
36.906 1.92759e-09 0.977695 1.02281 0 0
36.966 1.92759e-09 0.977731 1.02278 0 0
37.026 1.92759e-09 0.977767 1.02274 0 0
37.086 1.92759e-09 0.977803 1.0227 0 0
37.146 1.92759e-09 0.977839 1.02266 0 0
37.206 1.92759e-09 0.977874 1.02263 0 0
37.266 1.92759e-09 0.97791 1.02259 0 0
37.326 1.92759e-09 0.977945 1.02255 0 0
37.386 1.92759e-09 0.977981 1.02251 0 0
37.446 1.92759e-09 0.978016 1.02248 0 0
37.506 1.92759e-09 0.978051 1.02244 0 0
37.566 1.92759e-09 0.978086 1.0224 0 0
37.626 1.92759e-09 0.978121 1.02237 0 0
37.686 1.92759e-09 0.978156 1.02233 0 0
37.746 1.92759e-09 0.978191 1.0223 0 0
37.806 1.92759e-09 0.978226 1.02226 0 0
37.866 1.92759e-09 0.97826 1.02222 0 0
37.926 1.92759e-09 0.978294 1.02219 0 0
37.986 1.92759e-09 0.978329 1.02215 0 0
38.046 1.92759e-09 0.978363 1.02212 0 0
38.106 1.92759e-09 0.978397 1.02208 0 0
38.166 1.92759e-09 0.978431 1.02204 0 0
38.226 1.92759e-09 0.978465 1.02201 0 0
38.286 1.92759e-09 0.978498 1.02197 0 0
38.346 1.92759e-09 0.978532 1.02194 0 0
38.406 1.92759e-09 0.978566 1.0219 0 0
38.466 1.92759e-09 0.978599 1.02187 0 0
38.526 1.92759e-09 0.978632 1.02183 0 0
38.586 1.92759e-09 0.978666 1.0218 0 0
38.646 1.92759e-09 0.978699 1.02176 0 0
38.706 1.92759e-09 0.978732 1.02173 0 0
38.766 1.92759e-09 0.978765 1.0217 0 0
38.826 1.92759e-09 0.978798 1.02166 0 0
38.886 1.92759e-09 0.97883 1.02163 0 0
38.946 1.92759e-09 0.978863 1.02159 0 0
39.006 1.92759e-09 0.978895 1.02156 0 0
39.066 1.92759e-09 0.978928 1.02153 0 0
39.126 1.92759e-09 0.97896 1.02149 0 0
39.186 1.92759e-09 0.978992 1.02146 0 0
39.246 1.92759e-09 0.979024 1.02142 0 0
39.306 1.92759e-09 0.979056 1.02139 0 0
39.366 1.92759e-09 0.979088 1.02136 0 0
39.426 1.92759e-09 0.97912 1.02133 0 0
39.486 1.92759e-09 0.979152 1.02129 0 0
39.546 1.92759e-09 0.979184 1.02126 0 0
39.606 1.92759e-09 0.979215 1.02123 0 0
39.666 1.92759e-09 0.979247 1.02119 0 0
39.726 1.92759e-09 0.979278 1.02116 0 0
39.786 1.92759e-09 0.979309 1.02113 0 0
39.846 1.92759e-09 0.97934 1.0211 0 0
39.906 1.92759e-09 0.979371 1.02106 0 0
39.966 1.92759e-09 0.979402 1.02103 0 0
40.026 1.92759e-09 0.979433 1.021 0 0
40.086 1.92759e-09 0.979464 1.02097 0 0
40.146 1.92759e-09 0.979495 1.02093 0 0
40.206 1.92759e-09 0.979525 1.0209 0 0
40.266 1.92759e-09 0.979556 1.02087 0 0
40.326 1.92759e-09 0.979586 1.02084 0 0
40.386 1.92759e-09 0.979617 1.02081 0 0
40.446 1.92759e-09 0.979647 1.02078 0 0
40.506 1.92759e-09 0.979677 1.02074 0 0
40.566 1.92759e-09 0.979707 1.02071 0 0
40.626 1.92759e-09 0.979737 1.02068 0 0
40.686 1.92759e-09 0.979767 1.02065 0 0
40.746 1.92759e-09 0.979797 1.02062 0 0
40.806 1.92759e-09 0.979826 1.02059 0 0
40.866 1.92759e-09 0.979856 1.02056 0 0
40.926 1.92759e-09 0.979885 1.02053 0 0
40.986 1.92759e-09 0.979915 1.0205 0 0
41.046 1.92759e-09 0.979944 1.02047 0 0
41.106 1.92759e-09 0.979974 1.02044 0 0
41.166 1.92759e-09 0.980003 1.02041 0 0
41.226 1.92759e-09 0.980032 1.02037 0 0
41.286 1.92759e-09 0.980061 1.02034 0 0
41.346 1.92759e-09 0.98009 1.02031 0 0
41.406 1.92759e-09 0.980119 1.02028 0 0
41.466 1.92759e-09 0.980147 1.02025 0 0
41.526 1.92759e-09 0.980176 1.02022 0 0
41.586 1.92759e-09 0.980205 1.0202 0 0
41.646 1.92759e-09 0.980233 1.02017 0 0
41.706 1.92759e-09 0.980262 1.02014 0 0
41.766 1.92759e-09 0.98029 1.02011 0 0
41.826 1.92759e-09 0.980318 1.02008 0 0
41.886 1.92759e-09 0.980346 1.02005 0 0
41.946 1.92759e-09 0.980375 1.02002 0 0
42.006 1.92759e-09 0.980403 1.01999 0 0
42.066 1.92759e-09 0.980431 1.01996 0 0
42.126 1.92759e-09 0.980458 1.01993 0 0
42.186 1.92759e-09 0.980486 1.0199 0 0
42.246 1.92759e-09 0.980514 1.01987 0 0
42.306 1.92759e-09 0.980542 1.01984 0 0
42.366 1.92759e-09 0.980569 1.01982 0 0
42.426 1.92759e-09 0.980597 1.01979 0 0
42.486 1.92759e-09 0.980624 1.01976 0 0
42.546 1.92759e-09 0.980651 1.01973 0 0
42.606 1.92759e-09 0.980679 1.0197 0 0
42.666 1.92759e-09 0.980706 1.01967 0 0
42.726 1.92759e-09 0.980733 1.01965 0 0
42.786 1.92759e-09 0.98076 1.01962 0 0
42.846 1.92759e-09 0.980787 1.01959 0 0
42.906 1.92759e-09 0.980814 1.01956 0 0
42.966 1.92759e-09 0.980841 1.01953 0 0
43.026 1.92759e-09 0.980867 1.01951 0 0
43.086 1.92759e-09 0.980894 1.01948 0 0
43.146 1.92759e-09 0.98092 1.01945 0 0
43.206 1.92759e-09 0.980947 1.01942 0 0
43.266 1.92759e-09 0.980973 1.0194 0 0
43.326 1.92759e-09 0.981 1.01937 0 0
43.386 1.92759e-09 0.981026 1.01934 0 0
43.446 1.92759e-09 0.981052 1.01931 0 0
43.506 1.92759e-09 0.981078 1.01929 0 0
43.566 1.92759e-09 0.981104 1.01926 0 0
43.626 1.92759e-09 0.98113 1.01923 0 0
43.686 1.92759e-09 0.981156 1.01921 0 0
43.746 1.92759e-09 0.981182 1.01918 0 0
43.806 1.92759e-09 0.981208 1.01915 0 0
43.866 1.92759e-09 0.981234 1.01913 0 0
43.926 1.92759e-09 0.981259 1.0191 0 0
43.986 1.92759e-09 0.981285 1.01907 0 0
44.046 1.92759e-09 0.98131 1.01905 0 0
44.106 1.92759e-09 0.981336 1.01902 0 0
44.166 1.92759e-09 0.981361 1.01899 0 0
44.226 1.92759e-09 0.981386 1.01897 0 0
44.286 1.92759e-09 0.981412 1.01894 0 0
44.346 1.92759e-09 0.981437 1.01891 0 0
44.406 1.92759e-09 0.981462 1.01889 0 0
44.466 1.92759e-09 0.981487 1.01886 0 0
44.526 1.92759e-09 0.981512 1.01884 0 0
44.586 1.92759e-09 0.981537 1.01881 0 0
44.646 1.92759e-09 0.981561 1.01878 0 0
44.706 1.92759e-09 0.981586 1.01876 0 0
44.766 1.92759e-09 0.981611 1.01873 0 0
44.826 1.92759e-09 0.981636 1.01871 0 0
44.886 1.92759e-09 0.98166 1.01868 0 0
44.946 1.92759e-09 0.981685 1.01866 0 0
45.006 1.92759e-09 0.981709 1.01863 0 0
45.066 1.92759e-09 0.981733 1.01861 0 0
45.126 1.92759e-09 0.981758 1.01858 0 0
45.186 1.92759e-09 0.981782 1.01856 0 0
45.246 1.92759e-09 0.981806 1.01853 0 0
45.306 1.92759e-09 0.98183 1.01851 0 0
45.366 1.92759e-09 0.981854 1.01848 0 0
45.426 1.92759e-09 0.981878 1.01846 0 0
45.486 1.92759e-09 0.981902 1.01843 0 0
45.546 1.92759e-09 0.981926 1.01841 0 0
45.606 1.92759e-09 0.98195 1.01838 0 0
45.666 1.92759e-09 0.981973 1.01836 0 0
45.726 1.92759e-09 0.981997 1.01833 0 0
45.786 1.92759e-09 0.982021 1.01831 0 0
45.846 1.92759e-09 0.982044 1.01828 0 0
45.906 1.92759e-09 0.982068 1.01826 0 0
45.966 1.92759e-09 0.982091 1.01824 0 0
46.026 1.92759e-09 0.982114 1.01821 0 0
46.086 1.92759e-09 0.982138 1.01819 0 0
46.146 1.92759e-09 0.982161 1.01816 0 0
46.206 1.92759e-09 0.982184 1.01814 0 0
46.266 1.92759e-09 0.982207 1.01812 0 0
46.326 1.92759e-09 0.98223 1.01809 0 0
46.386 1.92759e-09 0.982253 1.01807 0 0
46.446 1.92759e-09 0.982276 1.01804 0 0
46.506 1.92759e-09 0.982299 1.01802 0 0
46.566 1.92759e-09 0.982322 1.018 0 0
46.626 1.92759e-09 0.982344 1.01797 0 0
46.686 1.92759e-09 0.982367 1.01795 0 0
46.746 1.92759e-09 0.98239 1.01793 0 0
46.806 1.92759e-09 0.982412 1.0179 0 0
46.866 1.92759e-09 0.982435 1.01788 0 0
46.926 1.92759e-09 0.982457 1.01786 0 0
46.986 1.92759e-09 0.98248 1.01783 0 0
47.046 1.92759e-09 0.982502 1.01781 0 0
47.106 1.92759e-09 0.982524 1.01779 0 0
47.166 1.92759e-09 0.982547 1.01776 0 0
47.226 1.92759e-09 0.982569 1.01774 0 0
47.286 1.92759e-09 0.982591 1.01772 0 0
47.346 1.92759e-09 0.982613 1.01769 0 0
47.406 1.92759e-09 0.982635 1.01767 0 0
47.466 1.92759e-09 0.982657 1.01765 0 0
47.526 1.92759e-09 0.982679 1.01763 0 0
47.586 1.92759e-09 0.982701 1.0176 0 0
47.646 1.92759e-09 0.982722 1.01758 0 0
47.706 1.92759e-09 0.982744 1.01756 0 0
47.766 1.92759e-09 0.982766 1.01754 0 0
47.826 1.92759e-09 0.982787 1.01751 0 0
47.886 1.92759e-09 0.982809 1.01749 0 0
47.946 1.92759e-09 0.982831 1.01747 0 0
48.006 1.92759e-09 0.982852 1.01745 0 0
48.066 1.92759e-09 0.982873 1.01743 0 0
48.126 1.92759e-09 0.982895 1.0174 0 0
48.186 1.92759e-09 0.982916 1.01738 0 0
48.246 1.92759e-09 0.982937 1.01736 0 0
48.306 1.92759e-09 0.982959 1.01734 0 0
48.366 1.92759e-09 0.98298 1.01732 0 0
48.426 1.92759e-09 0.983001 1.01729 0 0
48.486 1.92759e-09 0.983022 1.01727 0 0
48.546 1.92759e-09 0.983043 1.01725 0 0
48.606 1.92759e-09 0.983064 1.01723 0 0
48.666 1.92759e-09 0.983085 1.01721 0 0
48.726 1.92759e-09 0.983105 1.01718 0 0
48.786 1.92759e-09 0.983126 1.01716 0 0
48.846 1.92759e-09 0.983147 1.01714 0 0
48.906 1.92759e-09 0.983168 1.01712 0 0
48.966 1.92759e-09 0.983188 1.0171 0 0
49.026 1.92759e-09 0.983209 1.01708 0 0
49.086 1.92759e-09 0.983229 1.01706 0 0
49.146 1.92759e-09 0.98325 1.01704 0 0
49.206 1.92759e-09 0.98327 1.01701 0 0
49.266 1.92759e-09 0.983291 1.01699 0 0
49.326 1.92759e-09 0.983311 1.01697 0 0
49.386 1.92759e-09 0.983331 1.01695 0 0
49.446 1.92759e-09 0.983351 1.01693 0 0
49.506 1.92759e-09 0.983372 1.01691 0 0
49.566 1.92759e-09 0.983392 1.01689 0 0
49.626 1.92759e-09 0.983412 1.01687 0 0
49.686 1.92759e-09 0.983432 1.01685 0 0
49.746 1.92759e-09 0.983452 1.01683 0 0
49.806 1.92759e-09 0.983472 1.01681 0 0
49.866 1.92759e-09 0.983492 1.01679 0 0
49.926 1.92759e-09 0.983511 1.01676 0 0
49.986 1.92759e-09 0.983531 1.01674 0 0
50.046 1.92759e-09 0.983551 1.01672 0 0
50.106 1.92759e-09 0.983571 1.0167 0 0
50.166 1.92759e-09 0.98359 1.01668 0 0
50.226 1.92759e-09 0.98361 1.01666 0 0
50.286 1.92759e-09 0.98363 1.01664 0 0
50.346 1.92759e-09 0.983649 1.01662 0 0
50.406 1.92759e-09 0.983668 1.0166 0 0
50.466 1.92759e-09 0.983688 1.01658 0 0
50.526 1.92759e-09 0.983707 1.01656 0 0
50.586 1.92759e-09 0.983727 1.01654 0 0
50.646 1.92759e-09 0.983746 1.01652 0 0
50.706 1.92759e-09 0.983765 1.0165 0 0
50.766 1.92759e-09 0.983784 1.01648 0 0
50.826 1.92759e-09 0.983803 1.01646 0 0
50.886 1.92759e-09 0.983823 1.01644 0 0
50.946 1.92759e-09 0.983842 1.01642 0 0
51.006 1.92759e-09 0.983861 1.0164 0 0
51.066 1.92759e-09 0.98388 1.01638 0 0
51.126 1.92759e-09 0.983898 1.01637 0 0
51.186 1.92759e-09 0.983917 1.01635 0 0
51.246 1.92759e-09 0.983936 1.01633 0 0
51.306 1.92759e-09 0.983955 1.01631 0 0
51.366 1.92759e-09 0.983974 1.01629 0 0
51.426 1.92759e-09 0.983992 1.01627 0 0
51.486 1.92759e-09 0.984011 1.01625 0 0
51.546 1.92759e-09 0.98403 1.01623 0 0
51.606 1.92759e-09 0.984048 1.01621 0 0
51.666 1.92759e-09 0.984067 1.01619 0 0
51.726 1.92759e-09 0.984085 1.01617 0 0
51.786 1.92759e-09 0.984104 1.01615 0 0
51.846 1.92759e-09 0.984122 1.01613 0 0
51.906 1.92759e-09 0.98414 1.01612 0 0
51.966 1.92759e-09 0.984159 1.0161 0 0
52.026 1.92759e-09 0.984177 1.01608 0 0
52.086 1.92759e-09 0.984195 1.01606 0 0
52.146 1.92759e-09 0.984213 1.01604 0 0
52.206 1.92759e-09 0.984232 1.01602 0 0
52.266 1.92759e-09 0.98425 1.016 0 0
52.326 1.92759e-09 0.984268 1.01598 0 0
52.386 1.92759e-09 0.984286 1.01597 0 0
52.446 1.92759e-09 0.984304 1.01595 0 0
52.506 1.92759e-09 0.984322 1.01593 0 0
52.566 1.92759e-09 0.98434 1.01591 0 0
52.626 1.92759e-09 0.984357 1.01589 0 0
52.686 1.92759e-09 0.984375 1.01587 0 0
52.746 1.92759e-09 0.984393 1.01585 0 0
52.806 1.92759e-09 0.984411 1.01584 0 0
52.866 1.92759e-09 0.984428 1.01582 0 0
52.926 1.92759e-09 0.984446 1.0158 0 0
52.986 1.92759e-09 0.984464 1.01578 0 0
53.046 1.92759e-09 0.984481 1.01576 0 0
53.106 1.92759e-09 0.984499 1.01575 0 0
53.166 1.92759e-09 0.984516 1.01573 0 0
53.226 1.92759e-09 0.984534 1.01571 0 0
53.286 1.92759e-09 0.984551 1.01569 0 0
53.346 1.92759e-09 0.984569 1.01567 0 0
53.406 1.92759e-09 0.984586 1.01566 0 0
53.466 1.92759e-09 0.984603 1.01564 0 0
53.526 1.92759e-09 0.98462 1.01562 0 0
53.586 1.92759e-09 0.984638 1.0156 0 0
53.646 1.92759e-09 0.984655 1.01558 0 0
53.706 1.92759e-09 0.984672 1.01557 0 0
53.766 1.92759e-09 0.984689 1.01555 0 0
53.826 1.92759e-09 0.984706 1.01553 0 0
53.886 1.92759e-09 0.984723 1.01551 0 0
53.946 1.92759e-09 0.98474 1.0155 0 0
54.006 1.92759e-09 0.984757 1.01548 0 0
54.066 1.92759e-09 0.984774 1.01546 0 0
54.126 1.92759e-09 0.984791 1.01544 0 0
54.186 1.92759e-09 0.984808 1.01543 0 0
54.246 1.92759e-09 0.984825 1.01541 0 0
54.306 1.92759e-09 0.984841 1.01539 0 0
54.366 1.92759e-09 0.984858 1.01537 0 0
54.426 1.92759e-09 0.984875 1.01536 0 0
54.486 1.92759e-09 0.984891 1.01534 0 0
54.546 1.92759e-09 0.984908 1.01532 0 0
54.606 1.92759e-09 0.984925 1.01531 0 0
54.666 1.92759e-09 0.984941 1.01529 0 0
54.726 1.92759e-09 0.984958 1.01527 0 0
54.786 1.92759e-09 0.984974 1.01526 0 0
54.846 1.92759e-09 0.984991 1.01524 0 0
54.906 1.92759e-09 0.985007 1.01522 0 0
54.966 1.92759e-09 0.985023 1.0152 0 0
55.026 1.92759e-09 0.98504 1.01519 0 0
55.086 1.92759e-09 0.985056 1.01517 0 0
55.146 1.92759e-09 0.985072 1.01515 0 0
55.206 1.92759e-09 0.985088 1.01514 0 0
55.266 1.92759e-09 0.985105 1.01512 0 0
55.326 1.92759e-09 0.985121 1.0151 0 0
55.386 1.92759e-09 0.985137 1.01509 0 0
55.446 1.92759e-09 0.985153 1.01507 0 0
55.506 1.92759e-09 0.985169 1.01505 0 0
55.566 1.92759e-09 0.985185 1.01504 0 0
55.626 1.92759e-09 0.985201 1.01502 0 0
55.686 1.92759e-09 0.985217 1.015 0 0
55.746 1.92759e-09 0.985233 1.01499 0 0
55.806 1.92759e-09 0.985249 1.01497 0 0
55.866 1.92759e-09 0.985265 1.01496 0 0
55.926 1.92759e-09 0.98528 1.01494 0 0
55.986 1.92759e-09 0.985296 1.01492 0 0
56.046 1.92759e-09 0.985312 1.01491 0 0
56.106 1.92759e-09 0.985328 1.01489 0 0
56.166 1.92759e-09 0.985343 1.01487 0 0
56.226 1.92759e-09 0.985359 1.01486 0 0
56.286 1.92759e-09 0.985375 1.01484 0 0
56.346 1.92759e-09 0.98539 1.01483 0 0
56.406 1.92759e-09 0.985406 1.01481 0 0
56.466 1.92759e-09 0.985421 1.01479 0 0
56.526 1.92759e-09 0.985437 1.01478 0 0
56.586 1.92759e-09 0.985452 1.01476 0 0
56.646 1.92759e-09 0.985468 1.01475 0 0
56.706 1.92759e-09 0.985483 1.01473 0 0
56.766 1.92759e-09 0.985498 1.01472 0 0
56.826 1.92759e-09 0.985514 1.0147 0 0
56.886 1.92759e-09 0.985529 1.01468 0 0
56.946 1.92759e-09 0.985544 1.01467 0 0
57.006 1.92759e-09 0.985559 1.01465 0 0
57.066 1.92759e-09 0.985574 1.01464 0 0
57.126 1.92759e-09 0.98559 1.01462 0 0
57.186 1.92759e-09 0.985605 1.01461 0 0
57.246 1.92759e-09 0.98562 1.01459 0 0
57.306 1.92759e-09 0.985635 1.01457 0 0
57.366 1.92759e-09 0.98565 1.01456 0 0
57.426 1.92759e-09 0.985665 1.01454 0 0
57.486 1.92759e-09 0.98568 1.01453 0 0
57.546 1.92759e-09 0.985695 1.01451 0 0
57.606 1.92759e-09 0.98571 1.0145 0 0
57.666 1.92759e-09 0.985725 1.01448 0 0
57.726 1.92759e-09 0.985739 1.01447 0 0
57.786 1.92759e-09 0.985754 1.01445 0 0
57.846 1.92759e-09 0.985769 1.01444 0 0
57.906 1.92759e-09 0.985784 1.01442 0 0
57.966 1.92759e-09 0.985798 1.01441 0 0
58.026 1.92759e-09 0.985813 1.01439 0 0
58.086 1.92759e-09 0.985828 1.01438 0 0
58.146 1.92759e-09 0.985842 1.01436 0 0
58.206 1.92759e-09 0.985857 1.01435 0 0
58.266 1.92759e-09 0.985872 1.01433 0 0
58.326 1.92759e-09 0.985886 1.01432 0 0
58.386 1.92759e-09 0.985901 1.0143 0 0
58.446 1.92759e-09 0.985915 1.01429 0 0
58.506 1.92759e-09 0.98593 1.01427 0 0
58.566 1.92759e-09 0.985944 1.01426 0 0
58.626 1.92759e-09 0.985958 1.01424 0 0
58.686 1.92759e-09 0.985973 1.01423 0 0
58.746 1.92759e-09 0.985987 1.01421 0 0
58.806 1.92759e-09 0.986001 1.0142 0 0
58.866 1.92759e-09 0.986016 1.01418 0 0
58.926 1.92759e-09 0.98603 1.01417 0 0
58.986 1.92759e-09 0.986044 1.01415 0 0
59.046 1.92759e-09 0.986058 1.01414 0 0
59.106 1.92759e-09 0.986072 1.01412 0 0
59.166 1.92759e-09 0.986086 1.01411 0 0
59.226 1.92759e-09 0.986101 1.0141 0 0
59.286 1.92759e-09 0.986115 1.01408 0 0
59.346 1.92759e-09 0.986129 1.01407 0 0
59.406 1.92759e-09 0.986143 1.01405 0 0
59.466 1.92759e-09 0.986157 1.01404 0 0
59.526 1.92759e-09 0.986171 1.01402 0 0
59.586 1.92759e-09 0.986185 1.01401 0 0
59.646 1.92759e-09 0.986198 1.01399 0 0
59.706 1.92759e-09 0.986212 1.01398 0 0
59.766 1.92759e-09 0.986226 1.01397 0 0
59.826 1.92759e-09 0.98624 1.01395 0 0
59.886 1.92759e-09 0.986254 1.01394 0 0
59.946 1.92759e-09 0.986268 1.01392 0 0

