0.06 0.878574
0.006 0.074962 0.559014 1 3.69664e-05 0.000608
0.066 0.0748705 0.559293 1.00038 3.67965e-05 0.000606601
0.126 0.0746233 0.560039 1.00138 3.63446e-05 0.000602865
0.186 0.0742231 0.561245 1.00301 3.56221e-05 0.000596842
0.246 0.0736722 0.562901 1.00526 3.46452e-05 0.000588602
0.306 0.0729738 0.564995 1.00812 3.34356e-05 0.000578235
0.366 0.0721321 0.567511 1.01158 3.20195e-05 0.000565858
0.426 0.0711526 0.570429 1.01563 3.04266e-05 0.000551603
0.486 0.0700421 0.573727 1.02026 2.86893e-05 0.000535624
0.546 0.0688088 0.57738 1.02544 2.68409e-05 0.000518082
0.606 0.0674626 0.581362 1.03114 2.49154e-05 0.000499153
0.666 0.066015 0.585644 1.03735 2.29456e-05 0.000479015
0.726 0.0644794 0.590195 1.04402 2.09625e-05 0.000457849
0.786 0.0628705 0.594986 1.05109 1.89948e-05 0.00043583
0.846 0.0612041 0.599986 1.0585 1.70677e-05 0.000413131
0.906 0.0594962 0.605167 1.0662 1.5203e-05 0.00038991
0.966 0.0577623 0.6105 1.0741 1.34188e-05 0.000366316
1.026 0.0560164 0.615959 1.08213 1.17295e-05 0.000342484
1.086 0.0542709 0.621519 1.09021 1.01464e-05 0.000318534
1.146 0.0525361 0.627158 1.09826 8.67725e-06 0.000294572
1.206 0.0508203 0.632854 1.10623 7.32737e-06 0.000270691
1.266 0.0491301 0.638588 1.11406 6.09957e-06 0.000246973
1.326 0.0474706 0.644343 1.12168 4.99467e-06 0.000223488
1.386 0.0458455 0.650104 1.12905 4.0118e-06 0.000200295
1.446 0.0442578 0.655854 1.13614 3.14869e-06 0.000177445
1.506 0.0427096 0.661583 1.14291 2.40196e-06 0.000154983
1.566 0.0412023 0.667276 1.14933 1.76736e-06 0.000132942
1.626 0.0397368 0.672925 1.15538 1.23994e-06 0.000111353
1.686 0.0383137 0.678519 1.16104 8.14301e-07 9.02386e-05
1.746 0.0369334 0.68405 1.1663 4.84669e-07 6.96181e-05
1.806 0.0355957 0.68951 1.17115 2.45079e-07 4.95055e-05
1.866 0.0343006 0.694893 1.17559 8.94654e-08 2.99108e-05
1.926 0.0330475 0.700192 1.17961 1.17524e-08 1.08408e-05
1.986 0.0318361 0.705403 1.18322 0 0
2.046 0.0306656 0.710522 1.18648 0 0
2.106 0.0295353 0.715546 1.18941 0 0
2.166 0.0284444 0.720473 1.19203 0 0
2.226 0.027392 0.725303 1.19433 0 0
2.286 0.026377 0.730035 1.19634 0 0
2.346 0.0253987 0.734668 1.19806 0 0
2.406 0.0244558 0.739201 1.1995 0 0
2.466 0.0235475 0.743636 1.20069 0 0
2.526 0.0226727 0.747972 1.20163 0 0
2.586 0.0218303 0.75221 1.20234 0 0
2.646 0.0210194 0.756351 1.20283 0 0
2.706 0.0202389 0.760397 1.20311 0 0
2.766 0.0194878 0.764348 1.2032 0 0
2.826 0.018765 0.768205 1.20312 0 0
2.886 0.0180696 0.771971 1.20286 0 0
2.946 0.0174007 0.775647 1.20245 0 0
3.006 0.0167572 0.779234 1.2019 0 0
3.066 0.0161383 0.782735 1.20122 0 0
3.126 0.0155431 0.786151 1.20042 0 0
3.186 0.0149706 0.789484 1.19951 0 0
3.246 0.01442 0.792735 1.1985 0 0
3.306 0.0138904 0.795908 1.1974 0 0
3.366 0.0133812 0.799003 1.19621 0 0
3.426 0.0128914 0.802022 1.19495 0 0
3.486 0.0124204 0.804968 1.19363 0 0
3.546 0.0119675 0.807843 1.19224 0 0
3.606 0.0115318 0.810648 1.19081 0 0
3.666 0.0111128 0.813384 1.18932 0 0
3.726 0.0107097 0.816055 1.1878 0 0
3.786 0.010322 0.818661 1.18625 0 0
3.846 0.00994907 0.821205 1.18466 0 0
3.906 0.00959031 0.823688 1.18305 0 0
3.966 0.00924515 0.826112 1.18141 0 0
4.026 0.00891307 0.828478 1.17976 0 0
4.086 0.00859354 0.830789 1.1781 0 0
4.146 0.00828607 0.833045 1.17643 0 0
4.206 0.00799019 0.835249 1.17475 0 0
4.266 0.00770543 0.837401 1.17307 0 0
4.326 0.00743136 0.839504 1.17138 0 0
4.386 0.00716755 0.841559 1.1697 0 0
4.446 0.0069136 0.843566 1.16802 0 0
4.506 0.00666912 0.845528 1.16635 0 0
4.566 0.00643374 0.847446 1.16468 0 0
4.626 0.0062071 0.849321 1.16302 0 0
4.686 0.00598886 0.851154 1.16137 0 0
4.746 0.00577868 0.852946 1.15973 0 0
4.806 0.00557626 0.854699 1.1581 0 0
4.866 0.0053813 0.856414 1.15649 0 0
4.926 0.00519349 0.858092 1.15489 0 0
4.986 0.00501256 0.859733 1.15331 0 0
5.046 0.00483826 0.86134 1.15174 0 0
5.106 0.00467031 0.862912 1.15019 0 0
5.166 0.00450847 0.864452 1.14866 0 0
5.226 0.00435252 0.865959 1.14714 0 0
5.286 0.00420221 0.867435 1.14564 0 0
5.346 0.00405735 0.868881 1.14416 0 0
5.406 0.00391771 0.870297 1.1427 0 0
5.466 0.0037831 0.871684 1.14126 0 0
5.526 0.00365332 0.873043 1.13983 0 0
5.586 0.0035282 0.874375 1.13842 0 0
5.646 0.00340756 0.875681 1.13704 0 0
5.706 0.00329123 0.876961 1.13567 0 0
5.766 0.00317904 0.878216 1.13432 0 0
5.826 0.00307083 0.879447 1.13299 0 0
5.886 0.00296647 0.880653 1.13168 0 0
5.946 0.00286581 0.881837 1.13039 0 0
6.006 0.0027687 0.882999 1.12911 0 0
6.066 0.00267502 0.884138 1.12786 0 0
6.126 0.00258464 0.885257 1.12662 0 0
6.186 0.00249743 0.886354 1.1254 0 0
6.246 0.00241328 0.887432 1.1242 0 0
6.306 0.00233208 0.88849 1.12302 0 0
6.366 0.00225371 0.889528 1.12185 0 0
6.426 0.00217808 0.890548 1.12071 0 0
6.486 0.00210508 0.89155 1.11958 0 0
6.546 0.00203461 0.892534 1.11846 0 0
6.606 0.00196659 0.893501 1.11737 0 0
6.666 0.00190092 0.894451 1.11629 0 0
6.726 0.00183753 0.895384 1.11522 0 0
6.786 0.00177632 0.896302 1.11418 0 0
6.846 0.00171722 0.897204 1.11315 0 0
6.906 0.00166015 0.89809 1.11213 0 0
6.966 0.00160504 0.898962 1.11113 0 0
7.026 0.00155182 0.899819 1.11015 0 0
7.086 0.00150042 0.900662 1.10918 0 0
7.146 0.00145077 0.901491 1.10822 0 0
7.206 0.00140282 0.902307 1.10728 0 0
7.266 0.0013565 0.903109 1.10636 0 0
7.326 0.00131175 0.903899 1.10544 0 0
7.386 0.00126853 0.904676 1.10455 0 0
7.446 0.00122676 0.90544 1.10366 0 0
7.506 0.00118642 0.906193 1.10279 0 0
7.566 0.00114743 0.906934 1.10193 0 0
7.626 0.00110976 0.907663 1.10109 0 0
7.686 0.00107336 0.908382 1.10025 0 0
7.746 0.00103818 0.909089 1.09943 0 0
7.806 0.00100419 0.909785 1.09863 0 0
7.866 0.000971331 0.910471 1.09783 0 0
7.926 0.000939576 0.911147 1.09704 0 0
7.986 0.000908883 0.911813 1.09627 0 0
8.046 0.000879215 0.912469 1.09551 0 0
8.106 0.000850537 0.913115 1.09476 0 0
8.166 0.000822813 0.913752 1.09402 0 0
8.226 0.000796012 0.914379 1.09329 0 0
8.286 0.000770101 0.914998 1.09257 0 0
8.346 0.000745049 0.915608 1.09186 0 0
8.406 0.000720827 0.916209 1.09116 0 0
8.466 0.000697406 0.916802 1.09047 0 0
8.526 0.000674759 0.917387 1.0898 0 0
8.586 0.000652858 0.917963 1.08913 0 0
8.646 0.00063168 0.918531 1.08847 0 0
8.706 0.000611198 0.919092 1.08782 0 0
8.766 0.000591389 0.919645 1.08717 0 0
8.826 0.00057223 0.920191 1.08654 0 0
8.886 0.0005537 0.920729 1.08592 0 0
8.946 0.000535775 0.92126 1.0853 0 0
9.006 0.000518436 0.921784 1.0847 0 0
9.066 0.000501664 0.922301 1.0841 0 0
9.126 0.000485438 0.922811 1.08351 0 0
9.186 0.00046974 0.923315 1.08292 0 0
9.246 0.000454553 0.923812 1.08235 0 0
9.306 0.000439858 0.924303 1.08178 0 0
9.366 0.000425641 0.924788 1.08122 0 0
9.426 0.000411883 0.925266 1.08067 0 0
9.486 0.00039857 0.925738 1.08012 0 0
9.546 0.000385687 0.926205 1.07958 0 0
9.606 0.00037322 0.926666 1.07905 0 0
9.666 0.000361154 0.927121 1.07853 0 0
9.726 0.000349475 0.92757 1.07801 0 0
9.786 0.000338172 0.928014 1.0775 0 0
9.846 0.000327231 0.928452 1.077 0 0
9.906 0.00031664 0.928885 1.0765 0 0
9.966 0.000306388 0.929313 1.076 0 0
10.026 0.000296462 0.929736 1.07552 0 0
10.086 0.000286853 0.930154 1.07504 0 0
10.146 0.00027755 0.930567 1.07457 0 0
10.206 0.000268542 0.930975 1.0741 0 0
10.266 0.000259819 0.931378 1.07363 0 0
10.326 0.000251372 0.931777 1.07318 0 0
10.386 0.000243193 0.932171 1.07273 0 0
10.446 0.000235271 0.93256 1.07228 0 0
10.506 0.000227598 0.932945 1.07184 0 0
10.566 0.000220166 0.933326 1.07141 0 0
10.626 0.000212967 0.933703 1.07098 0 0
10.686 0.000205994 0.934075 1.07055 0 0
10.746 0.000199238 0.934443 1.07013 0 0
10.806 0.000192692 0.934807 1.06972 0 0
10.866 0.00018635 0.935167 1.06931 0 0
10.926 0.000180204 0.935523 1.0689 0 0
10.986 0.000174249 0.935875 1.0685 0 0
11.046 0.000168477 0.936223 1.0681 0 0
11.106 0.000162882 0.936568 1.06771 0 0
11.166 0.00015746 0.936908 1.06732 0 0
11.226 0.000152203 0.937246 1.06694 0 0
11.286 0.000147106 0.937579 1.06656 0 0
11.346 0.000142164 0.937909 1.06619 0 0
11.406 0.000137373 0.938236 1.06582 0 0
11.466 0.000132726 0.938559 1.06545 0 0
11.526 0.000128218 0.938879 1.06509 0 0
11.586 0.000123846 0.939195 1.06473 0 0
11.646 0.000119605 0.939509 1.06438 0 0
11.706 0.00011549 0.939819 1.06403 0 0
11.766 0.000111496 0.940126 1.06368 0 0
11.826 0.000107621 0.940429 1.06334 0 0
11.886 0.000103859 0.94073 1.063 0 0
11.946 0.000100207 0.941028 1.06266 0 0
12.006 9.66618e-05 0.941322 1.06233 0 0
12.066 9.32188e-05 0.941614 1.062 0 0
12.126 8.98749e-05 0.941903 1.06167 0 0
12.186 8.66265e-05 0.942189 1.06135 0 0
12.246 8.34705e-05 0.942472 1.06103 0 0
12.306 8.04036e-05 0.942753 1.06072 0 0
12.366 7.74228e-05 0.943031 1.06041 0 0
12.426 7.45249e-05 0.943306 1.0601 0 0
12.486 7.17072e-05 0.943578 1.05979 0 0
12.546 6.89668e-05 0.943848 1.05949 0 0
12.606 6.63009e-05 0.944115 1.05919 0 0
12.666 6.37069e-05 0.94438 1.05889 0 0
12.726 6.11822e-05 0.944642 1.0586 0 0
12.786 5.87244e-05 0.944902 1.05831 0 0
12.846 5.63309e-05 0.945159 1.05802 0 0
12.906 5.39995e-05 0.945414 1.05774 0 0
12.966 5.17279e-05 0.945667 1.05745 0 0
13.026 4.95138e-05 0.945917 1.05717 0 0
13.086 4.7355e-05 0.946165 1.0569 0 0
13.146 4.52496e-05 0.946411 1.05662 0 0
13.206 4.31955e-05 0.946654 1.05635 0 0
13.266 4.11906e-05 0.946896 1.05608 0 0
13.326 3.92331e-05 0.947135 1.05581 0 0
13.386 3.73211e-05 0.947372 1.05555 0 0
13.446 3.54527e-05 0.947607 1.05529 0 0
13.506 3.36263e-05 0.947839 1.05503 0 0
13.566 3.18401e-05 0.94807 1.05477 0 0
13.626 3.00925e-05 0.948299 1.05452 0 0
13.686 2.83817e-05 0.948525 1.05427 0 0
13.746 2.67062e-05 0.94875 1.05402 0 0
13.806 2.50645e-05 0.948973 1.05377 0 0
13.866 2.34551e-05 0.949194 1.05353 0 0
13.926 2.18764e-05 0.949413 1.05328 0 0
13.986 2.03271e-05 0.94963 1.05304 0 0
14.046 1.88057e-05 0.949845 1.0528 0 0
14.106 1.73109e-05 0.950058 1.05257 0 0
14.166 1.58413e-05 0.95027 1.05233 0 0
14.226 1.43957e-05 0.950479 1.0521 0 0
14.286 1.29727e-05 0.950687 1.05187 0 0
14.346 1.15712e-05 0.950894 1.05164 0 0
14.406 1.01898e-05 0.951098 1.05142 0 0
14.466 8.82741e-06 0.951301 1.05119 0 0
14.526 7.48285e-06 0.951502 1.05097 0 0
14.586 6.15495e-06 0.951702 1.05075 0 0
14.646 4.84258e-06 0.9519 1.05053 0 0
14.706 3.54464e-06 0.952096 1.05031 0 0
14.766 2.26004e-06 0.95229 1.0501 0 0
14.826 9.87712e-07 0.952484 1.04989 0 0
14.886 7.4962e-10 0.952675 1.04968 0 0
14.946 7.4962e-10 0.952865 1.04947 0 0
15.006 7.4962e-10 0.953054 1.04926 0 0
15.066 7.4962e-10 0.95324 1.04905 0 0
15.126 7.4962e-10 0.953426 1.04885 0 0
15.186 7.4962e-10 0.95361 1.04865 0 0
15.246 7.4962e-10 0.953793 1.04845 0 0
15.306 7.4962e-10 0.953974 1.04825 0 0
15.366 7.4962e-10 0.954153 1.04805 0 0
15.426 7.4962e-10 0.954332 1.04785 0 0
15.486 7.4962e-10 0.954509 1.04766 0 0
15.546 7.4962e-10 0.954684 1.04747 0 0
15.606 7.4962e-10 0.954858 1.04728 0 0
15.666 7.4962e-10 0.955031 1.04709 0 0
15.726 7.4962e-10 0.955203 1.0469 0 0
15.786 7.4962e-10 0.955373 1.04671 0 0
15.846 7.4962e-10 0.955542 1.04653 0 0
15.906 7.4962e-10 0.95571 1.04634 0 0
15.966 7.4962e-10 0.955876 1.04616 0 0
16.026 7.4962e-10 0.956042 1.04598 0 0
16.086 7.4962e-10 0.956205 1.0458 0 0
16.146 7.4962e-10 0.956368 1.04562 0 0
16.206 7.4962e-10 0.95653 1.04545 0 0
16.266 7.4962e-10 0.95669 1.04527 0 0
16.326 7.4962e-10 0.956849 1.0451 0 0
16.386 7.4962e-10 0.957007 1.04492 0 0
16.446 7.4962e-10 0.957164 1.04475 0 0
16.506 7.4962e-10 0.95732 1.04458 0 0
16.566 7.4962e-10 0.957474 1.04441 0 0
16.626 7.4962e-10 0.957628 1.04425 0 0
16.686 7.4962e-10 0.95778 1.04408 0 0
16.746 7.4962e-10 0.957932 1.04392 0 0
16.806 7.4962e-10 0.958082 1.04375 0 0
16.866 7.4962e-10 0.958231 1.04359 0 0
16.926 7.4962e-10 0.958379 1.04343 0 0
16.986 7.4962e-10 0.958526 1.04327 0 0
17.046 7.4962e-10 0.958672 1.04311 0 0
17.106 7.4962e-10 0.958817 1.04295 0 0
17.166 7.4962e-10 0.958961 1.0428 0 0
17.226 7.4962e-10 0.959104 1.04264 0 0
17.286 7.4962e-10 0.959246 1.04249 0 0
17.346 7.4962e-10 0.959387 1.04233 0 0
17.406 7.4962e-10 0.959527 1.04218 0 0
17.466 7.4962e-10 0.959666 1.04203 0 0
17.526 7.4962e-10 0.959804 1.04188 0 0
17.586 7.4962e-10 0.959941 1.04173 0 0
17.646 7.4962e-10 0.960077 1.04158 0 0
17.706 7.4962e-10 0.960212 1.04144 0 0
17.766 7.4962e-10 0.960347 1.04129 0 0
17.826 7.4962e-10 0.96048 1.04115 0 0
17.886 7.4962e-10 0.960613 1.041 0 0
17.946 7.4962e-10 0.960745 1.04086 0 0
18.006 7.4962e-10 0.960875 1.04072 0 0
18.066 7.4962e-10 0.961005 1.04058 0 0
18.126 7.4962e-10 0.961134 1.04044 0 0
18.186 7.4962e-10 0.961263 1.0403 0 0
18.246 7.4962e-10 0.96139 1.04016 0 0
18.306 7.4962e-10 0.961517 1.04002 0 0
18.366 7.4962e-10 0.961642 1.03989 0 0
18.426 7.4962e-10 0.961767 1.03975 0 0
18.486 7.4962e-10 0.961891 1.03962 0 0
18.546 7.4962e-10 0.962015 1.03949 0 0
18.606 7.4962e-10 0.962137 1.03935 0 0
18.666 7.4962e-10 0.962259 1.03922 0 0
18.726 7.4962e-10 0.96238 1.03909 0 0
18.786 7.4962e-10 0.9625 1.03896 0 0
18.846 7.4962e-10 0.962619 1.03883 0 0
18.906 7.4962e-10 0.962738 1.0387 0 0
18.966 7.4962e-10 0.962856 1.03858 0 0
19.026 7.4962e-10 0.962973 1.03845 0 0
19.086 7.4962e-10 0.963089 1.03833 0 0
19.146 7.4962e-10 0.963205 1.0382 0 0
19.206 7.4962e-10 0.96332 1.03808 0 0
19.266 7.4962e-10 0.963434 1.03795 0 0
19.326 7.4962e-10 0.963548 1.03783 0 0
19.386 7.4962e-10 0.96366 1.03771 0 0
19.446 7.4962e-10 0.963773 1.03759 0 0
19.506 7.4962e-10 0.963884 1.03747 0 0
19.566 7.4962e-10 0.963995 1.03735 0 0
19.626 7.4962e-10 0.964105 1.03723 0 0
19.686 7.4962e-10 0.964214 1.03711 0 0
19.746 7.4962e-10 0.964323 1.037 0 0
19.806 7.4962e-10 0.964431 1.03688 0 0
19.866 7.4962e-10 0.964538 1.03677 0 0
19.926 7.4962e-10 0.964645 1.03665 0 0
19.986 7.4962e-10 0.964751 1.03654 0 0
20.046 7.4962e-10 0.964857 1.03642 0 0
20.106 7.4962e-10 0.964962 1.03631 0 0
20.166 7.4962e-10 0.965066 1.0362 0 0
20.226 7.4962e-10 0.96517 1.03609 0 0
20.286 7.4962e-10 0.965273 1.03598 0 0
20.346 7.4962e-10 0.965375 1.03587 0 0
20.406 7.4962e-10 0.965477 1.03576 0 0
20.466 7.4962e-10 0.965578 1.03565 0 0
20.526 7.4962e-10 0.965679 1.03554 0 0
20.586 7.4962e-10 0.965779 1.03543 0 0
20.646 7.4962e-10 0.965878 1.03533 0 0
20.706 7.4962e-10 0.965977 1.03522 0 0
20.766 7.4962e-10 0.966075 1.03512 0 0
20.826 7.4962e-10 0.966173 1.03501 0 0
20.886 7.4962e-10 0.96627 1.03491 0 0
20.946 7.4962e-10 0.966367 1.0348 0 0
21.006 7.4962e-10 0.966463 1.0347 0 0
21.066 7.4962e-10 0.966558 1.0346 0 0
21.126 7.4962e-10 0.966653 1.0345 0 0
21.186 7.4962e-10 0.966748 1.0344 0 0
21.246 7.4962e-10 0.966842 1.0343 0 0
21.306 7.4962e-10 0.966935 1.0342 0 0
21.366 7.4962e-10 0.967028 1.0341 0 0
21.426 7.4962e-10 0.96712 1.034 0 0
21.486 7.4962e-10 0.967212 1.0339 0 0
21.546 7.4962e-10 0.967304 1.0338 0 0
21.606 7.4962e-10 0.967394 1.0337 0 0
21.666 7.4962e-10 0.967485 1.03361 0 0
21.726 7.4962e-10 0.967574 1.03351 0 0
21.786 7.4962e-10 0.967664 1.03342 0 0
21.846 7.4962e-10 0.967753 1.03332 0 0
21.906 7.4962e-10 0.967841 1.03323 0 0
21.966 7.4962e-10 0.967929 1.03313 0 0
22.026 7.4962e-10 0.968016 1.03304 0 0
22.086 7.4962e-10 0.968103 1.03295 0 0
22.146 7.4962e-10 0.968189 1.03286 0 0
22.206 7.4962e-10 0.968275 1.03276 0 0
22.266 7.4962e-10 0.968361 1.03267 0 0
22.326 7.4962e-10 0.968446 1.03258 0 0
22.386 7.4962e-10 0.96853 1.03249 0 0
22.446 7.4962e-10 0.968615 1.0324 0 0
22.506 7.4962e-10 0.968698 1.03231 0 0
22.566 7.4962e-10 0.968781 1.03222 0 0
22.626 7.4962e-10 0.968864 1.03214 0 0
22.686 7.4962e-10 0.968947 1.03205 0 0
22.746 7.4962e-10 0.969028 1.03196 0 0
22.806 7.4962e-10 0.96911 1.03187 0 0
22.866 7.4962e-10 0.969191 1.03179 0 0
22.926 7.4962e-10 0.969272 1.0317 0 0
22.986 7.4962e-10 0.969352 1.03162 0 0
23.046 7.4962e-10 0.969432 1.03153 0 0
23.106 7.4962e-10 0.969511 1.03145 0 0
23.166 7.4962e-10 0.96959 1.03136 0 0
23.226 7.4962e-10 0.969669 1.03128 0 0
23.286 7.4962e-10 0.969747 1.0312 0 0
23.346 7.4962e-10 0.969824 1.03111 0 0
23.406 7.4962e-10 0.969902 1.03103 0 0
23.466 7.4962e-10 0.969979 1.03095 0 0
23.526 7.4962e-10 0.970055 1.03087 0 0
23.586 7.4962e-10 0.970131 1.03079 0 0
23.646 7.4962e-10 0.970207 1.03071 0 0
23.706 7.4962e-10 0.970283 1.03063 0 0
23.766 7.4962e-10 0.970358 1.03055 0 0
23.826 7.4962e-10 0.970432 1.03047 0 0
23.886 7.4962e-10 0.970507 1.03039 0 0
23.946 7.4962e-10 0.970581 1.03031 0 0
24.006 7.4962e-10 0.970654 1.03023 0 0
24.066 7.4962e-10 0.970727 1.03016 0 0
24.126 7.4962e-10 0.9708 1.03008 0 0
24.186 7.4962e-10 0.970872 1.03 0 0
24.246 7.4962e-10 0.970945 1.02992 0 0
24.306 7.4962e-10 0.971016 1.02985 0 0
24.366 7.4962e-10 0.971088 1.02977 0 0
24.426 7.4962e-10 0.971159 1.0297 0 0
24.486 7.4962e-10 0.971229 1.02962 0 0
24.546 7.4962e-10 0.9713 1.02955 0 0
24.606 7.4962e-10 0.97137 1.02947 0 0
24.666 7.4962e-10 0.971439 1.0294 0 0
24.726 7.4962e-10 0.971509 1.02933 0 0
24.786 7.4962e-10 0.971578 1.02925 0 0
24.846 7.4962e-10 0.971646 1.02918 0 0
24.906 7.4962e-10 0.971714 1.02911 0 0
24.966 7.4962e-10 0.971782 1.02904 0 0
25.026 7.4962e-10 0.97185 1.02897 0 0
25.086 7.4962e-10 0.971917 1.02889 0 0
25.146 7.4962e-10 0.971984 1.02882 0 0
25.206 7.4962e-10 0.972051 1.02875 0 0
25.266 7.4962e-10 0.972118 1.02868 0 0
25.326 7.4962e-10 0.972184 1.02861 0 0
25.386 7.4962e-10 0.972249 1.02854 0 0
25.446 7.4962e-10 0.972315 1.02847 0 0
25.506 7.4962e-10 0.97238 1.0284 0 0
25.566 7.4962e-10 0.972445 1.02834 0 0
25.626 7.4962e-10 0.972509 1.02827 0 0
25.686 7.4962e-10 0.972573 1.0282 0 0
25.746 7.4962e-10 0.972637 1.02813 0 0
25.806 7.4962e-10 0.972701 1.02807 0 0
25.866 7.4962e-10 0.972764 1.028 0 0
25.926 7.4962e-10 0.972827 1.02793 0 0
25.986 7.4962e-10 0.97289 1.02787 0 0
26.046 7.4962e-10 0.972953 1.0278 0 0
26.106 7.4962e-10 0.973015 1.02773 0 0
26.166 7.4962e-10 0.973077 1.02767 0 0
26.226 7.4962e-10 0.973138 1.0276 0 0
26.286 7.4962e-10 0.973199 1.02754 0 0
26.346 7.4962e-10 0.973261 1.02747 0 0
26.406 7.4962e-10 0.973321 1.02741 0 0
26.466 7.4962e-10 0.973382 1.02735 0 0
26.526 7.4962e-10 0.973442 1.02728 0 0
26.586 7.4962e-10 0.973502 1.02722 0 0
26.646 7.4962e-10 0.973562 1.02716 0 0
26.706 7.4962e-10 0.973621 1.02709 0 0
26.766 7.4962e-10 0.97368 1.02703 0 0
26.826 7.4962e-10 0.973739 1.02697 0 0
26.886 7.4962e-10 0.973798 1.02691 0 0
26.946 7.4962e-10 0.973856 1.02685 0 0
27.006 7.4962e-10 0.973914 1.02678 0 0
27.066 7.4962e-10 0.973972 1.02672 0 0
27.126 7.4962e-10 0.974029 1.02666 0 0
27.186 7.4962e-10 0.974087 1.0266 0 0
27.246 7.4962e-10 0.974144 1.02654 0 0
27.306 7.4962e-10 0.974201 1.02648 0 0
27.366 7.4962e-10 0.974257 1.02642 0 0
27.426 7.4962e-10 0.974313 1.02636 0 0
27.486 7.4962e-10 0.97437 1.0263 0 0
27.546 7.4962e-10 0.974425 1.02625 0 0
27.606 7.4962e-10 0.974481 1.02619 0 0
27.666 7.4962e-10 0.974536 1.02613 0 0
27.726 7.4962e-10 0.974591 1.02607 0 0
27.786 7.4962e-10 0.974646 1.02601 0 0
27.846 7.4962e-10 0.974701 1.02596 0 0
27.906 7.4962e-10 0.974755 1.0259 0 0
27.966 7.4962e-10 0.974809 1.02584 0 0
28.026 7.4962e-10 0.974863 1.02578 0 0
28.086 7.4962e-10 0.974917 1.02573 0 0
28.146 7.4962e-10 0.974971 1.02567 0 0
28.206 7.4962e-10 0.975024 1.02562 0 0
28.266 7.4962e-10 0.975077 1.02556 0 0
28.326 7.4962e-10 0.97513 1.0255 0 0
28.386 7.4962e-10 0.975182 1.02545 0 0
28.446 7.4962e-10 0.975235 1.02539 0 0
28.506 7.4962e-10 0.975287 1.02534 0 0
28.566 7.4962e-10 0.975339 1.02529 0 0
28.626 7.4962e-10 0.97539 1.02523 0 0
28.686 7.4962e-10 0.975442 1.02518 0 0
28.746 7.4962e-10 0.975493 1.02512 0 0
28.806 7.4962e-10 0.975544 1.02507 0 0
28.866 7.4962e-10 0.975595 1.02502 0 0
28.926 7.4962e-10 0.975645 1.02496 0 0
28.986 7.4962e-10 0.975696 1.02491 0 0
29.046 7.4962e-10 0.975746 1.02486 0 0
29.106 7.4962e-10 0.975796 1.0248 0 0
29.166 7.4962e-10 0.975846 1.02475 0 0
29.226 7.4962e-10 0.975895 1.0247 0 0
29.286 7.4962e-10 0.975945 1.02465 0 0
29.346 7.4962e-10 0.975994 1.0246 0 0
29.406 7.4962e-10 0.976043 1.02454 0 0
29.466 7.4962e-10 0.976092 1.02449 0 0
29.526 7.4962e-10 0.97614 1.02444 0 0
29.586 7.4962e-10 0.976189 1.02439 0 0
29.646 7.4962e-10 0.976237 1.02434 0 0
29.706 7.4962e-10 0.976285 1.02429 0 0
29.766 7.4962e-10 0.976333 1.02424 0 0
29.826 7.4962e-10 0.97638 1.02419 0 0
29.886 7.4962e-10 0.976428 1.02414 0 0
29.946 7.4962e-10 0.976475 1.02409 0 0
30.006 7.4962e-10 0.976522 1.02404 0 0
30.066 7.4962e-10 0.976569 1.02399 0 0
30.126 7.4962e-10 0.976616 1.02394 0 0
30.186 7.4962e-10 0.976662 1.0239 0 0
30.246 7.4962e-10 0.976708 1.02385 0 0
30.306 7.4962e-10 0.976754 1.0238 0 0
30.366 7.4962e-10 0.9768 1.02375 0 0
30.426 7.4962e-10 0.976846 1.0237 0 0
30.486 7.4962e-10 0.976892 1.02365 0 0
30.546 7.4962e-10 0.976937 1.02361 0 0
30.606 7.4962e-10 0.976982 1.02356 0 0
30.666 7.4962e-10 0.977027 1.02351 0 0
30.726 7.4962e-10 0.977072 1.02347 0 0
30.786 7.4962e-10 0.977117 1.02342 0 0
30.846 7.4962e-10 0.977161 1.02337 0 0
30.906 7.4962e-10 0.977206 1.02333 0 0
30.966 7.4962e-10 0.97725 1.02328 0 0
31.026 7.4962e-10 0.977294 1.02323 0 0
31.086 7.4962e-10 0.977338 1.02319 0 0
31.146 7.4962e-10 0.977381 1.02314 0 0
31.206 7.4962e-10 0.977425 1.0231 0 0
31.266 7.4962e-10 0.977468 1.02305 0 0
31.326 7.4962e-10 0.977511 1.02301 0 0
31.386 7.4962e-10 0.977554 1.02296 0 0
31.446 7.4962e-10 0.977597 1.02292 0 0
31.506 7.4962e-10 0.97764 1.02287 0 0
31.566 7.4962e-10 0.977682 1.02283 0 0
31.626 7.4962e-10 0.977725 1.02278 0 0
31.686 7.4962e-10 0.977767 1.02274 0 0
31.746 7.4962e-10 0.977809 1.02269 0 0
31.806 7.4962e-10 0.977851 1.02265 0 0
31.866 7.4962e-10 0.977892 1.02261 0 0
31.926 7.4962e-10 0.977934 1.02256 0 0
31.986 7.4962e-10 0.977975 1.02252 0 0
32.046 7.4962e-10 0.978017 1.02248 0 0
32.106 7.4962e-10 0.978058 1.02243 0 0
32.166 7.4962e-10 0.978099 1.02239 0 0
32.226 7.4962e-10 0.978139 1.02235 0 0
32.286 7.4962e-10 0.97818 1.02231 0 0
32.346 7.4962e-10 0.978221 1.02226 0 0
32.406 7.4962e-10 0.978261 1.02222 0 0
32.466 7.4962e-10 0.978301 1.02218 0 0
32.526 7.4962e-10 0.978341 1.02214 0 0
32.586 7.4962e-10 0.978381 1.0221 0 0
32.646 7.4962e-10 0.978421 1.02206 0 0
32.706 7.4962e-10 0.97846 1.02201 0 0
32.766 7.4962e-10 0.9785 1.02197 0 0
32.826 7.4962e-10 0.978539 1.02193 0 0
32.886 7.4962e-10 0.978578 1.02189 0 0
32.946 7.4962e-10 0.978617 1.02185 0 0
33.006 7.4962e-10 0.978656 1.02181 0 0
33.066 7.4962e-10 0.978695 1.02177 0 0
33.126 7.4962e-10 0.978733 1.02173 0 0
33.186 7.4962e-10 0.978772 1.02169 0 0
33.246 7.4962e-10 0.97881 1.02165 0 0
33.306 7.4962e-10 0.978848 1.02161 0 0
33.366 7.4962e-10 0.978886 1.02157 0 0
33.426 7.4962e-10 0.978924 1.02153 0 0
33.486 7.4962e-10 0.978962 1.02149 0 0
33.546 7.4962e-10 0.979 1.02145 0 0
33.606 7.4962e-10 0.979037 1.02141 0 0
33.666 7.4962e-10 0.979074 1.02137 0 0
33.726 7.4962e-10 0.979112 1.02133 0 0
33.786 7.4962e-10 0.979149 1.0213 0 0
33.846 7.4962e-10 0.979186 1.02126 0 0
33.906 7.4962e-10 0.979223 1.02122 0 0
33.966 7.4962e-10 0.979259 1.02118 0 0
34.026 7.4962e-10 0.979296 1.02114 0 0
34.086 7.4962e-10 0.979332 1.0211 0 0
34.146 7.4962e-10 0.979369 1.02107 0 0
34.206 7.4962e-10 0.979405 1.02103 0 0
34.266 7.4962e-10 0.979441 1.02099 0 0
34.326 7.4962e-10 0.979477 1.02095 0 0
34.386 7.4962e-10 0.979513 1.02092 0 0
34.446 7.4962e-10 0.979548 1.02088 0 0
34.506 7.4962e-10 0.979584 1.02084 0 0
34.566 7.4962e-10 0.979619 1.0208 0 0
34.626 7.4962e-10 0.979655 1.02077 0 0
34.686 7.4962e-10 0.97969 1.02073 0 0
34.746 7.4962e-10 0.979725 1.02069 0 0
34.806 7.4962e-10 0.97976 1.02066 0 0
34.866 7.4962e-10 0.979795 1.02062 0 0
34.926 7.4962e-10 0.979829 1.02059 0 0
34.986 7.4962e-10 0.979864 1.02055 0 0
35.046 7.4962e-10 0.979898 1.02051 0 0
35.106 7.4962e-10 0.979933 1.02048 0 0
35.166 7.4962e-10 0.979967 1.02044 0 0
35.226 7.4962e-10 0.980001 1.02041 0 0
35.286 7.4962e-10 0.980035 1.02037 0 0
35.346 7.4962e-10 0.980069 1.02034 0 0
35.406 7.4962e-10 0.980103 1.0203 0 0
35.466 7.4962e-10 0.980137 1.02027 0 0
35.526 7.4962e-10 0.98017 1.02023 0 0
35.586 7.4962e-10 0.980203 1.0202 0 0
35.646 7.4962e-10 0.980237 1.02016 0 0
35.706 7.4962e-10 0.98027 1.02013 0 0
35.766 7.4962e-10 0.980303 1.02009 0 0
35.826 7.4962e-10 0.980336 1.02006 0 0
35.886 7.4962e-10 0.980369 1.02002 0 0
35.946 7.4962e-10 0.980402 1.01999 0 0
36.006 7.4962e-10 0.980434 1.01996 0 0
36.066 7.4962e-10 0.980467 1.01992 0 0
36.126 7.4962e-10 0.980499 1.01989 0 0
36.186 7.4962e-10 0.980532 1.01985 0 0
36.246 7.4962e-10 0.980564 1.01982 0 0
36.306 7.4962e-10 0.980596 1.01979 0 0
36.366 7.4962e-10 0.980628 1.01975 0 0
36.426 7.4962e-10 0.98066 1.01972 0 0
36.486 7.4962e-10 0.980692 1.01969 0 0
36.546 7.4962e-10 0.980724 1.01966 0 0
36.606 7.4962e-10 0.980755 1.01962 0 0
36.666 7.4962e-10 0.980787 1.01959 0 0
36.726 7.4962e-10 0.980818 1.01956 0 0
36.786 7.4962e-10 0.980849 1.01952 0 0
36.846 7.4962e-10 0.98088 1.01949 0 0
36.906 7.4962e-10 0.980912 1.01946 0 0
36.966 7.4962e-10 0.980943 1.01943 0 0
37.026 7.4962e-10 0.980973 1.0194 0 0
37.086 7.4962e-10 0.981004 1.01936 0 0
37.146 7.4962e-10 0.981035 1.01933 0 0
37.206 7.4962e-10 0.981065 1.0193 0 0
37.266 7.4962e-10 0.981096 1.01927 0 0
37.326 7.4962e-10 0.981126 1.01924 0 0
37.386 7.4962e-10 0.981157 1.01921 0 0
37.446 7.4962e-10 0.981187 1.01917 0 0
37.506 7.4962e-10 0.981217 1.01914 0 0
37.566 7.4962e-10 0.981247 1.01911 0 0
37.626 7.4962e-10 0.981277 1.01908 0 0
37.686 7.4962e-10 0.981307 1.01905 0 0
37.746 7.4962e-10 0.981336 1.01902 0 0
37.806 7.4962e-10 0.981366 1.01899 0 0
37.866 7.4962e-10 0.981395 1.01896 0 0
37.926 7.4962e-10 0.981425 1.01893 0 0
37.986 7.4962e-10 0.981454 1.0189 0 0
38.046 7.4962e-10 0.981484 1.01887 0 0
38.106 7.4962e-10 0.981513 1.01884 0 0
38.166 7.4962e-10 0.981542 1.01881 0 0
38.226 7.4962e-10 0.981571 1.01878 0 0
38.286 7.4962e-10 0.9816 1.01875 0 0
38.346 7.4962e-10 0.981628 1.01872 0 0
38.406 7.4962e-10 0.981657 1.01869 0 0
38.466 7.4962e-10 0.981686 1.01866 0 0
38.526 7.4962e-10 0.981714 1.01863 0 0
38.586 7.4962e-10 0.981743 1.0186 0 0
38.646 7.4962e-10 0.981771 1.01857 0 0
38.706 7.4962e-10 0.981799 1.01854 0 0
38.766 7.4962e-10 0.981827 1.01851 0 0
38.826 7.4962e-10 0.981855 1.01848 0 0
38.886 7.4962e-10 0.981883 1.01845 0 0
38.946 7.4962e-10 0.981911 1.01842 0 0
39.006 7.4962e-10 0.981939 1.01839 0 0
39.066 7.4962e-10 0.981967 1.01836 0 0
39.126 7.4962e-10 0.981995 1.01834 0 0
39.186 7.4962e-10 0.982022 1.01831 0 0
39.246 7.4962e-10 0.98205 1.01828 0 0
39.306 7.4962e-10 0.982077 1.01825 0 0
39.366 7.4962e-10 0.982104 1.01822 0 0
39.426 7.4962e-10 0.982132 1.01819 0 0
39.486 7.4962e-10 0.982159 1.01817 0 0
39.546 7.4962e-10 0.982186 1.01814 0 0
39.606 7.4962e-10 0.982213 1.01811 0 0
39.666 7.4962e-10 0.98224 1.01808 0 0
39.726 7.4962e-10 0.982267 1.01805 0 0
39.786 7.4962e-10 0.982293 1.01803 0 0
39.846 7.4962e-10 0.98232 1.018 0 0
39.906 7.4962e-10 0.982347 1.01797 0 0
39.966 7.4962e-10 0.982373 1.01794 0 0
40.026 7.4962e-10 0.982399 1.01792 0 0
40.086 7.4962e-10 0.982426 1.01789 0 0
40.146 7.4962e-10 0.982452 1.01786 0 0
40.206 7.4962e-10 0.982478 1.01783 0 0
40.266 7.4962e-10 0.982504 1.01781 0 0
40.326 7.4962e-10 0.98253 1.01778 0 0
40.386 7.4962e-10 0.982556 1.01775 0 0
40.446 7.4962e-10 0.982582 1.01773 0 0
40.506 7.4962e-10 0.982608 1.0177 0 0
40.566 7.4962e-10 0.982634 1.01767 0 0
40.626 7.4962e-10 0.982659 1.01765 0 0
40.686 7.4962e-10 0.982685 1.01762 0 0
40.746 7.4962e-10 0.98271 1.01759 0 0
40.806 7.4962e-10 0.982736 1.01757 0 0
40.866 7.4962e-10 0.982761 1.01754 0 0
40.926 7.4962e-10 0.982787 1.01751 0 0
40.986 7.4962e-10 0.982812 1.01749 0 0
41.046 7.4962e-10 0.982837 1.01746 0 0
41.106 7.4962e-10 0.982862 1.01744 0 0
41.166 7.4962e-10 0.982887 1.01741 0 0
41.226 7.4962e-10 0.982912 1.01739 0 0
41.286 7.4962e-10 0.982937 1.01736 0 0
41.346 7.4962e-10 0.982961 1.01733 0 0
41.406 7.4962e-10 0.982986 1.01731 0 0
41.466 7.4962e-10 0.983011 1.01728 0 0
41.526 7.4962e-10 0.983035 1.01726 0 0
41.586 7.4962e-10 0.98306 1.01723 0 0
41.646 7.4962e-10 0.983084 1.01721 0 0
41.706 7.4962e-10 0.983108 1.01718 0 0
41.766 7.4962e-10 0.983133 1.01716 0 0
41.826 7.4962e-10 0.983157 1.01713 0 0
41.886 7.4962e-10 0.983181 1.01711 0 0
41.946 7.4962e-10 0.983205 1.01708 0 0
42.006 7.4962e-10 0.983229 1.01706 0 0
42.066 7.4962e-10 0.983253 1.01703 0 0
42.126 7.4962e-10 0.983277 1.01701 0 0
42.186 7.4962e-10 0.983301 1.01698 0 0
42.246 7.4962e-10 0.983324 1.01696 0 0
42.306 7.4962e-10 0.983348 1.01693 0 0
42.366 7.4962e-10 0.983372 1.01691 0 0
42.426 7.4962e-10 0.983395 1.01689 0 0
42.486 7.4962e-10 0.983419 1.01686 0 0
42.546 7.4962e-10 0.983442 1.01684 0 0
42.606 7.4962e-10 0.983465 1.01681 0 0
42.666 7.4962e-10 0.983489 1.01679 0 0
42.726 7.4962e-10 0.983512 1.01676 0 0
42.786 7.4962e-10 0.983535 1.01674 0 0
42.846 7.4962e-10 0.983558 1.01672 0 0
42.906 7.4962e-10 0.983581 1.01669 0 0
42.966 7.4962e-10 0.983604 1.01667 0 0
43.026 7.4962e-10 0.983627 1.01665 0 0
43.086 7.4962e-10 0.983649 1.01662 0 0
43.146 7.4962e-10 0.983672 1.0166 0 0
43.206 7.4962e-10 0.983695 1.01658 0 0
43.266 7.4962e-10 0.983717 1.01655 0 0
43.326 7.4962e-10 0.98374 1.01653 0 0
43.386 7.4962e-10 0.983763 1.01651 0 0
43.446 7.4962e-10 0.983785 1.01648 0 0
43.506 7.4962e-10 0.983807 1.01646 0 0
43.566 7.4962e-10 0.98383 1.01644 0 0
43.626 7.4962e-10 0.983852 1.01641 0 0
43.686 7.4962e-10 0.983874 1.01639 0 0
43.746 7.4962e-10 0.983896 1.01637 0 0
43.806 7.4962e-10 0.983918 1.01634 0 0
43.866 7.4962e-10 0.98394 1.01632 0 0
43.926 7.4962e-10 0.983962 1.0163 0 0
43.986 7.4962e-10 0.983984 1.01628 0 0
44.046 7.4962e-10 0.984006 1.01625 0 0
44.106 7.4962e-10 0.984028 1.01623 0 0
44.166 7.4962e-10 0.984049 1.01621 0 0
44.226 7.4962e-10 0.984071 1.01619 0 0
44.286 7.4962e-10 0.984093 1.01616 0 0
44.346 7.4962e-10 0.984114 1.01614 0 0
44.406 7.4962e-10 0.984136 1.01612 0 0
44.466 7.4962e-10 0.984157 1.0161 0 0
44.526 7.4962e-10 0.984178 1.01608 0 0
44.586 7.4962e-10 0.9842 1.01605 0 0
44.646 7.4962e-10 0.984221 1.01603 0 0
44.706 7.4962e-10 0.984242 1.01601 0 0
44.766 7.4962e-10 0.984263 1.01599 0 0
44.826 7.4962e-10 0.984284 1.01597 0 0
44.886 7.4962e-10 0.984305 1.01595 0 0
44.946 7.4962e-10 0.984326 1.01592 0 0
45.006 7.4962e-10 0.984347 1.0159 0 0
45.066 7.4962e-10 0.984368 1.01588 0 0
45.126 7.4962e-10 0.984389 1.01586 0 0
45.186 7.4962e-10 0.984409 1.01584 0 0
45.246 7.4962e-10 0.98443 1.01582 0 0
45.306 7.4962e-10 0.984451 1.01579 0 0
45.366 7.4962e-10 0.984471 1.01577 0 0
45.426 7.4962e-10 0.984492 1.01575 0 0
45.486 7.4962e-10 0.984512 1.01573 0 0
45.546 7.4962e-10 0.984533 1.01571 0 0
45.606 7.4962e-10 0.984553 1.01569 0 0
45.666 7.4962e-10 0.984573 1.01567 0 0
45.726 7.4962e-10 0.984593 1.01565 0 0
45.786 7.4962e-10 0.984614 1.01563 0 0
45.846 7.4962e-10 0.984634 1.01561 0 0
45.906 7.4962e-10 0.984654 1.01559 0 0
45.966 7.4962e-10 0.984674 1.01556 0 0
46.026 7.4962e-10 0.984694 1.01554 0 0
46.086 7.4962e-10 0.984714 1.01552 0 0
46.146 7.4962e-10 0.984734 1.0155 0 0
46.206 7.4962e-10 0.984754 1.01548 0 0
46.266 7.4962e-10 0.984773 1.01546 0 0
46.326 7.4962e-10 0.984793 1.01544 0 0
46.386 7.4962e-10 0.984813 1.01542 0 0
46.446 7.4962e-10 0.984832 1.0154 0 0
46.506 7.4962e-10 0.984852 1.01538 0 0
46.566 7.4962e-10 0.984871 1.01536 0 0
46.626 7.4962e-10 0.984891 1.01534 0 0
46.686 7.4962e-10 0.98491 1.01532 0 0
46.746 7.4962e-10 0.98493 1.0153 0 0
46.806 7.4962e-10 0.984949 1.01528 0 0
46.866 7.4962e-10 0.984968 1.01526 0 0
46.926 7.4962e-10 0.984987 1.01524 0 0
46.986 7.4962e-10 0.985007 1.01522 0 0
47.046 7.4962e-10 0.985026 1.0152 0 0
47.106 7.4962e-10 0.985045 1.01518 0 0
47.166 7.4962e-10 0.985064 1.01516 0 0
47.226 7.4962e-10 0.985083 1.01514 0 0
47.286 7.4962e-10 0.985102 1.01512 0 0
47.346 7.4962e-10 0.985121 1.0151 0 0
47.406 7.4962e-10 0.985139 1.01508 0 0
47.466 7.4962e-10 0.985158 1.01507 0 0
47.526 7.4962e-10 0.985177 1.01505 0 0
47.586 7.4962e-10 0.985196 1.01503 0 0
47.646 7.4962e-10 0.985214 1.01501 0 0
47.706 7.4962e-10 0.985233 1.01499 0 0
47.766 7.4962e-10 0.985251 1.01497 0 0
47.826 7.4962e-10 0.98527 1.01495 0 0
47.886 7.4962e-10 0.985288 1.01493 0 0
47.946 7.4962e-10 0.985307 1.01491 0 0
48.006 7.4962e-10 0.985325 1.01489 0 0
48.066 7.4962e-10 0.985344 1.01487 0 0
48.126 7.4962e-10 0.985362 1.01486 0 0
48.186 7.4962e-10 0.98538 1.01484 0 0
48.246 7.4962e-10 0.985398 1.01482 0 0
48.306 7.4962e-10 0.985416 1.0148 0 0
48.366 7.4962e-10 0.985434 1.01478 0 0
48.426 7.4962e-10 0.985452 1.01476 0 0
48.486 7.4962e-10 0.98547 1.01474 0 0
48.546 7.4962e-10 0.985488 1.01473 0 0
48.606 7.4962e-10 0.985506 1.01471 0 0
48.666 7.4962e-10 0.985524 1.01469 0 0
48.726 7.4962e-10 0.985542 1.01467 0 0
48.786 7.4962e-10 0.98556 1.01465 0 0
48.846 7.4962e-10 0.985578 1.01463 0 0
48.906 7.4962e-10 0.985595 1.01462 0 0
48.966 7.4962e-10 0.985613 1.0146 0 0
49.026 7.4962e-10 0.985631 1.01458 0 0
49.086 7.4962e-10 0.985648 1.01456 0 0
49.146 7.4962e-10 0.985666 1.01454 0 0
49.206 7.4962e-10 0.985683 1.01452 0 0
49.266 7.4962e-10 0.985701 1.01451 0 0
49.326 7.4962e-10 0.985718 1.01449 0 0
49.386 7.4962e-10 0.985735 1.01447 0 0
49.446 7.4962e-10 0.985753 1.01445 0 0
49.506 7.4962e-10 0.98577 1.01444 0 0
49.566 7.4962e-10 0.985787 1.01442 0 0
49.626 7.4962e-10 0.985804 1.0144 0 0
49.686 7.4962e-10 0.985821 1.01438 0 0
49.746 7.4962e-10 0.985838 1.01436 0 0
49.806 7.4962e-10 0.985856 1.01435 0 0
49.866 7.4962e-10 0.985873 1.01433 0 0
49.926 7.4962e-10 0.98589 1.01431 0 0
49.986 7.4962e-10 0.985906 1.01429 0 0
50.046 7.4962e-10 0.985923 1.01428 0 0
50.106 7.4962e-10 0.98594 1.01426 0 0
50.166 7.4962e-10 0.985957 1.01424 0 0
50.226 7.4962e-10 0.985974 1.01423 0 0
50.286 7.4962e-10 0.985991 1.01421 0 0
50.346 7.4962e-10 0.986007 1.01419 0 0
50.406 7.4962e-10 0.986024 1.01417 0 0
50.466 7.4962e-10 0.986041 1.01416 0 0
50.526 7.4962e-10 0.986057 1.01414 0 0
50.586 7.4962e-10 0.986074 1.01412 0 0
50.646 7.4962e-10 0.98609 1.01411 0 0
50.706 7.4962e-10 0.986107 1.01409 0 0
50.766 7.4962e-10 0.986123 1.01407 0 0
50.826 7.4962e-10 0.986139 1.01406 0 0
50.886 7.4962e-10 0.986156 1.01404 0 0
50.946 7.4962e-10 0.986172 1.01402 0 0
51.006 7.4962e-10 0.986188 1.01401 0 0
51.066 7.4962e-10 0.986205 1.01399 0 0
51.126 7.4962e-10 0.986221 1.01397 0 0
51.186 7.4962e-10 0.986237 1.01396 0 0
51.246 7.4962e-10 0.986253 1.01394 0 0
51.306 7.4962e-10 0.986269 1.01392 0 0
51.366 7.4962e-10 0.986285 1.01391 0 0
51.426 7.4962e-10 0.986301 1.01389 0 0
51.486 7.4962e-10 0.986317 1.01387 0 0
51.546 7.4962e-10 0.986333 1.01386 0 0
51.606 7.4962e-10 0.986349 1.01384 0 0
51.666 7.4962e-10 0.986365 1.01382 0 0
51.726 7.4962e-10 0.986381 1.01381 0 0
51.786 7.4962e-10 0.986396 1.01379 0 0
51.846 7.4962e-10 0.986412 1.01378 0 0
51.906 7.4962e-10 0.986428 1.01376 0 0
51.966 7.4962e-10 0.986443 1.01374 0 0
52.026 7.4962e-10 0.986459 1.01373 0 0
52.086 7.4962e-10 0.986475 1.01371 0 0
52.146 7.4962e-10 0.98649 1.01369 0 0
52.206 7.4962e-10 0.986506 1.01368 0 0
52.266 7.4962e-10 0.986521 1.01366 0 0
52.326 7.4962e-10 0.986537 1.01365 0 0
52.386 7.4962e-10 0.986552 1.01363 0 0
52.446 7.4962e-10 0.986568 1.01362 0 0
52.506 7.4962e-10 0.986583 1.0136 0 0
52.566 7.4962e-10 0.986598 1.01358 0 0
52.626 7.4962e-10 0.986613 1.01357 0 0
52.686 7.4962e-10 0.986629 1.01355 0 0
52.746 7.4962e-10 0.986644 1.01354 0 0
52.806 7.4962e-10 0.986659 1.01352 0 0
52.866 7.4962e-10 0.986674 1.01351 0 0
52.926 7.4962e-10 0.986689 1.01349 0 0
52.986 7.4962e-10 0.986704 1.01347 0 0
53.046 7.4962e-10 0.986719 1.01346 0 0
53.106 7.4962e-10 0.986734 1.01344 0 0
53.166 7.4962e-10 0.986749 1.01343 0 0
53.226 7.4962e-10 0.986764 1.01341 0 0
53.286 7.4962e-10 0.986779 1.0134 0 0
53.346 7.4962e-10 0.986794 1.01338 0 0
53.406 7.4962e-10 0.986809 1.01337 0 0
53.466 7.4962e-10 0.986824 1.01335 0 0
53.526 7.4962e-10 0.986839 1.01334 0 0
53.586 7.4962e-10 0.986853 1.01332 0 0
53.646 7.4962e-10 0.986868 1.01331 0 0
53.706 7.4962e-10 0.986883 1.01329 0 0
53.766 7.4962e-10 0.986897 1.01328 0 0
53.826 7.4962e-10 0.986912 1.01326 0 0
53.886 7.4962e-10 0.986926 1.01325 0 0
53.946 7.4962e-10 0.986941 1.01323 0 0
54.006 7.4962e-10 0.986956 1.01322 0 0
54.066 7.4962e-10 0.98697 1.0132 0 0
54.126 7.4962e-10 0.986984 1.01319 0 0
54.186 7.4962e-10 0.986999 1.01317 0 0
54.246 7.4962e-10 0.987013 1.01316 0 0
54.306 7.4962e-10 0.987028 1.01314 0 0
54.366 7.4962e-10 0.987042 1.01313 0 0
54.426 7.4962e-10 0.987056 1.01311 0 0
54.486 7.4962e-10 0.98707 1.0131 0 0
54.546 7.4962e-10 0.987085 1.01308 0 0
54.606 7.4962e-10 0.987099 1.01307 0 0
54.666 7.4962e-10 0.987113 1.01306 0 0
54.726 7.4962e-10 0.987127 1.01304 0 0
54.786 7.4962e-10 0.987141 1.01303 0 0
54.846 7.4962e-10 0.987155 1.01301 0 0
54.906 7.4962e-10 0.987169 1.013 0 0
54.966 7.4962e-10 0.987183 1.01298 0 0
55.026 7.4962e-10 0.987197 1.01297 0 0
55.086 7.4962e-10 0.987211 1.01295 0 0
55.146 7.4962e-10 0.987225 1.01294 0 0
55.206 7.4962e-10 0.987239 1.01293 0 0
55.266 7.4962e-10 0.987253 1.01291 0 0
55.326 7.4962e-10 0.987267 1.0129 0 0
55.386 7.4962e-10 0.987281 1.01288 0 0
55.446 7.4962e-10 0.987294 1.01287 0 0
55.506 7.4962e-10 0.987308 1.01286 0 0
55.566 7.4962e-10 0.987322 1.01284 0 0
55.626 7.4962e-10 0.987335 1.01283 0 0
55.686 7.4962e-10 0.987349 1.01281 0 0
55.746 7.4962e-10 0.987363 1.0128 0 0
55.806 7.4962e-10 0.987376 1.01279 0 0
55.866 7.4962e-10 0.98739 1.01277 0 0
55.926 7.4962e-10 0.987403 1.01276 0 0
55.986 7.4962e-10 0.987417 1.01274 0 0
56.046 7.4962e-10 0.98743 1.01273 0 0
56.106 7.4962e-10 0.987444 1.01272 0 0
56.166 7.4962e-10 0.987457 1.0127 0 0
56.226 7.4962e-10 0.987471 1.01269 0 0
56.286 7.4962e-10 0.987484 1.01267 0 0
56.346 7.4962e-10 0.987497 1.01266 0 0
56.406 7.4962e-10 0.987511 1.01265 0 0
56.466 7.4962e-10 0.987524 1.01263 0 0
56.526 7.4962e-10 0.987537 1.01262 0 0
56.586 7.4962e-10 0.98755 1.01261 0 0
56.646 7.4962e-10 0.987563 1.01259 0 0
56.706 7.4962e-10 0.987577 1.01258 0 0
56.766 7.4962e-10 0.98759 1.01257 0 0
56.826 7.4962e-10 0.987603 1.01255 0 0
56.886 7.4962e-10 0.987616 1.01254 0 0
56.946 7.4962e-10 0.987629 1.01253 0 0
57.006 7.4962e-10 0.987642 1.01251 0 0
57.066 7.4962e-10 0.987655 1.0125 0 0
57.126 7.4962e-10 0.987668 1.01249 0 0
57.186 7.4962e-10 0.987681 1.01247 0 0
57.246 7.4962e-10 0.987694 1.01246 0 0
57.306 7.4962e-10 0.987707 1.01245 0 0
57.366 7.4962e-10 0.98772 1.01243 0 0
57.426 7.4962e-10 0.987732 1.01242 0 0
57.486 7.4962e-10 0.987745 1.01241 0 0
57.546 7.4962e-10 0.987758 1.01239 0 0
57.606 7.4962e-10 0.987771 1.01238 0 0
57.666 7.4962e-10 0.987783 1.01237 0 0
57.726 7.4962e-10 0.987796 1.01235 0 0
57.786 7.4962e-10 0.987809 1.01234 0 0
57.846 7.4962e-10 0.987821 1.01233 0 0
57.906 7.4962e-10 0.987834 1.01232 0 0
57.966 7.4962e-10 0.987847 1.0123 0 0
58.026 7.4962e-10 0.987859 1.01229 0 0
58.086 7.4962e-10 0.987872 1.01228 0 0
58.146 7.4962e-10 0.987884 1.01226 0 0
58.206 7.4962e-10 0.987897 1.01225 0 0
58.266 7.4962e-10 0.987909 1.01224 0 0
58.326 7.4962e-10 0.987922 1.01223 0 0
58.386 7.4962e-10 0.987934 1.01221 0 0
58.446 7.4962e-10 0.987947 1.0122 0 0
58.506 7.4962e-10 0.987959 1.01219 0 0
58.566 7.4962e-10 0.987971 1.01218 0 0
58.626 7.4962e-10 0.987984 1.01216 0 0
58.686 7.4962e-10 0.987996 1.01215 0 0
58.746 7.4962e-10 0.988008 1.01214 0 0
58.806 7.4962e-10 0.98802 1.01212 0 0
58.866 7.4962e-10 0.988033 1.01211 0 0
58.926 7.4962e-10 0.988045 1.0121 0 0
58.986 7.4962e-10 0.988057 1.01209 0 0
59.046 7.4962e-10 0.988069 1.01208 0 0
59.106 7.4962e-10 0.988081 1.01206 0 0
59.166 7.4962e-10 0.988093 1.01205 0 0
59.226 7.4962e-10 0.988105 1.01204 0 0
59.286 7.4962e-10 0.988117 1.01203 0 0
59.346 7.4962e-10 0.988129 1.01201 0 0
59.406 7.4962e-10 0.988141 1.012 0 0
59.466 7.4962e-10 0.988153 1.01199 0 0
59.526 7.4962e-10 0.988165 1.01198 0 0
59.586 7.4962e-10 0.988177 1.01196 0 0
59.646 7.4962e-10 0.988189 1.01195 0 0
59.706 7.4962e-10 0.988201 1.01194 0 0
59.766 7.4962e-10 0.988213 1.01193 0 0
59.826 7.4962e-10 0.988225 1.01192 0 0
59.886 7.4962e-10 0.988236 1.0119 0 0
59.946 7.4962e-10 0.988248 1.01189 0 0

