0.06 0.57955
0.006 0.037481 0.203666 1 0.00132933 0.003646
0.066 0.0374578 0.203723 1.00031 0.00132844 0.00364478
0.126 0.0373953 0.203878 1.00114 0.00132606 0.00364151
0.186 0.0372938 0.204129 1.00247 0.00132219 0.0036362
0.246 0.0371539 0.204476 1.00432 0.00131687 0.00362886
0.306 0.0369759 0.204919 1.00668 0.0013101 0.00361953
0.366 0.0367607 0.205457 1.00955 0.00130193 0.00360823
0.426 0.0365088 0.206091 1.01291 0.00129239 0.00359498
0.486 0.0362213 0.20682 1.01677 0.00128152 0.00357983
0.546 0.0358991 0.207642 1.02113 0.00126936 0.00356281
0.606 0.0355434 0.208559 1.02596 0.00125598 0.00354397
0.666 0.0351554 0.209568 1.03127 0.00124141 0.00352337
0.726 0.0347364 0.21067 1.03705 0.00122574 0.00350105
0.786 0.0342878 0.211864 1.04328 0.001209 0.00347707
0.846 0.033811 0.213148 1.04996 0.00119129 0.0034515
0.906 0.0333078 0.214522 1.05708 0.00117264 0.00342439
0.966 0.0327795 0.215985 1.06463 0.00115315 0.00339581
1.026 0.032228 0.217536 1.07259 0.00113288 0.00336582
1.086 0.0316548 0.219174 1.08095 0.00111189 0.0033345
1.146 0.0310618 0.220898 1.08969 0.00109026 0.00330191
1.206 0.0304506 0.222707 1.09881 0.00106806 0.00326813
1.266 0.029823 0.2246 1.10829 0.00104536 0.00323321
1.326 0.0291807 0.226576 1.11811 0.00102223 0.00319723
1.386 0.0285256 0.228633 1.12826 0.000998731 0.00316027
1.446 0.0278593 0.230771 1.13871 0.00097493 0.00312239
1.506 0.0271836 0.232988 1.14946 0.000950889 0.00308365
1.566 0.0265001 0.235283 1.16049 0.00092667 0.00304413
1.626 0.0258106 0.237655 1.17177 0.00090233 0.00300388
1.686 0.0251165 0.240103 1.1833 0.000877925 0.00296298
1.746 0.0244196 0.242625 1.19505 0.000853507 0.00292148
1.806 0.0237213 0.24522 1.20702 0.000829126 0.00287945
1.866 0.0230231 0.247888 1.21917 0.000804827 0.00283695
1.926 0.0223263 0.250626 1.23149 0.000780655 0.00279402
1.986 0.0216324 0.253433 1.24397 0.000756651 0.00275073
2.046 0.0209425 0.256309 1.25659 0.000732851 0.00270712
2.106 0.020258 0.259252 1.26933 0.000709292 0.00266325
2.166 0.0195799 0.262261 1.28217 0.000686003 0.00261917
2.226 0.0189094 0.265335 1.29511 0.000663016 0.00257491
2.286 0.0182473 0.268472 1.30812 0.000640355 0.00253052
2.346 0.0175946 0.271671 1.32118 0.000618045 0.00248605
2.406 0.0169522 0.274931 1.3343 0.000596108 0.00244153
2.466 0.0163208 0.278251 1.34744 0.000574561 0.002397
2.526 0.0157012 0.28163 1.3606 0.000553423 0.00235249
2.586 0.0150939 0.285067 1.37375 0.000532707 0.00230804
2.646 0.0144995 0.288559 1.3869 0.000512425 0.00226368
2.706 0.0139185 0.292107 1.40002 0.00049259 0.00221944
2.766 0.0133513 0.295709 1.41311 0.000473208 0.00217533
2.826 0.0127984 0.299363 1.42615 0.000454288 0.0021314
2.886 0.0122599 0.303069 1.43912 0.000435835 0.00208767
2.946 0.0117361 0.306826 1.45202 0.000417854 0.00204415
3.006 0.0112272 0.310631 1.46484 0.000400347 0.00200087
3.066 0.0107334 0.314485 1.47755 0.000383315 0.00195784
3.126 0.0102547 0.318384 1.49016 0.00036676 0.0019151
3.186 0.0097912 0.32233 1.50266 0.000350681 0.00187265
3.246 0.0093428 0.326319 1.51502 0.000335076 0.00183051
3.306 0.00890949 0.330351 1.52724 0.000319942 0.00178869
3.366 0.00849117 0.334425 1.5393 0.000305278 0.00174722
3.426 0.00808774 0.338539 1.55121 0.000291077 0.0017061
3.486 0.00769901 0.342691 1.56294 0.000277337 0.00166535
3.546 0.00732481 0.346881 1.57448 0.000264052 0.00162497
3.606 0.00696492 0.351107 1.58583 0.000251216 0.00158498
3.666 0.0066191 0.355367 1.59697 0.000238823 0.00154539
3.726 0.00628709 0.35966 1.60789 0.000226867 0.00150621
3.786 0.00596862 0.363985 1.61859 0.000215339 0.00146744
3.846 0.00566337 0.368339 1.62904 0.000204233 0.0014291
3.906 0.00537104 0.372722 1.63924 0.000193542 0.00139119
3.966 0.00509131 0.377131 1.64918 0.000183256 0.00135372
4.026 0.00482384 0.381565 1.65885 0.000173368 0.00131669
4.086 0.00456829 0.386023 1.66823 0.00016387 0.00128012
4.146 0.00432431 0.390502 1.67732 0.000154753 0.001244
4.206 0.00409154 0.395001 1.6861 0.000146008 0.00120834
4.266 0.00386963 0.399518 1.69457 0.000137626 0.00117314
4.326 0.00365822 0.404051 1.70272 0.000129598 0.00113841
4.386 0.00345695 0.408599 1.71053 0.000121916 0.00110416
4.446 0.00326546 0.413159 1.718 0.00011457 0.00107038
4.506 0.00308339 0.41773 1.72512 0.000107552 0.00103707
4.566 0.00291039 0.42231 1.73188 0.000100851 0.00100425
4.626 0.00274611 0.426897 1.73827 9.44598e-05 0.000971904
4.686 0.0025902 0.431489 1.74428 8.83682e-05 0.000940044
4.746 0.00244232 0.436083 1.74991 8.25675e-05 0.000908667
4.806 0.00230214 0.440679 1.75515 7.70488e-05 0.000877774
4.866 0.00216934 0.445275 1.76 7.1803e-05 0.000847367
4.926 0.00204358 0.449867 1.76444 6.68214e-05 0.000817444
4.986 0.00192456 0.454455 1.76848 6.20953e-05 0.000788006
5.046 0.00181198 0.459036 1.77212 5.76159e-05 0.000759051
5.106 0.00170553 0.463609 1.77533 5.33747e-05 0.00073058
5.166 0.00160495 0.468171 1.77814 4.93634e-05 0.000702591
5.226 0.00150993 0.47272 1.78053 4.55735e-05 0.000675082
5.286 0.00142022 0.477256 1.7825 4.19971e-05 0.000648052
5.346 0.00133556 0.481775 1.78405 3.8626e-05 0.000621498
5.406 0.00125569 0.486277 1.78519 3.54524e-05 0.000595419
5.466 0.00118038 0.490758 1.7859 3.24686e-05 0.000569812
5.526 0.00110939 0.495218 1.78621 2.9667e-05 0.000544674
5.586 0.0010425 0.499655 1.7861 2.70403e-05 0.000520003
5.646 0.000979496 0.504066 1.78558 2.45812e-05 0.000495794
5.706 0.000920169 0.508451 1.78466 2.22826e-05 0.000472045
5.766 0.000864324 0.512808 1.78333 2.01378e-05 0.000448752
5.826 0.000811774 0.517134 1.78161 1.81401e-05 0.000425912
5.886 0.000762338 0.521429 1.7795 1.62828e-05 0.000403519
5.946 0.000715845 0.525691 1.777 1.45597e-05 0.000381571
6.006 0.000672132 0.529918 1.77413 1.29646e-05 0.000360063
6.066 0.000631042 0.534109 1.77089 1.14915e-05 0.000338991
6.126 0.000592428 0.538264 1.76729 1.01346e-05 0.000318349
6.186 0.000556149 0.542379 1.76333 8.88837e-06 0.000298134
6.246 0.00052207 0.546454 1.75903 7.7473e-06 0.00027834
6.306 0.000490064 0.550489 1.7544 6.70615e-06 0.000258962
6.366 0.000460011 0.554481 1.74943 5.75982e-06 0.000239996
6.426 0.000431796 0.55843 1.74415 4.90342e-06 0.000221437
6.486 0.000405312 0.562334 1.73857 4.13221e-06 0.000203278
6.546 0.000380454 0.566193 1.73269 3.44161e-06 0.000185516
6.606 0.000357128 0.570006 1.72652 2.82723e-06 0.000168144
6.666 0.00033524 0.573772 1.72007 2.28484e-06 0.000151157
6.726 0.000314704 0.577489 1.71337 1.81037e-06 0.00013455
6.786 0.000295439 0.581158 1.7064 1.39989e-06 0.000118317
6.846 0.000277368 0.584777 1.6992 1.04966e-06 0.000102453
6.906 0.000260417 0.588347 1.69176 7.56067e-07 8.69521e-05
6.966 0.000244518 0.591865 1.68411 5.15651e-07 7.18089e-05
7.026 0.000229607 0.595333 1.67624 3.25102e-07 5.70178e-05
7.086 0.000215623 0.598748 1.66817 1.81247e-07 4.25732e-05
7.146 0.000202508 0.602112 1.65991 8.10514e-08 2.84695e-05
7.206 0.000190209 0.605422 1.65148 2.16128e-08 1.47013e-05
7.266 0.000178675 0.60868 1.64288 1.647e-10 1.28335e-06
7.326 0.000167858 0.611885 1.63428 0 0
7.386 0.000157713 0.615038 1.6259 0 0
7.446 0.000148197 0.61814 1.61774 0 0
7.506 0.000139269 0.621192 1.6098 0 0
7.566 0.000130893 0.624196 1.60205 0 0
7.626 0.000123033 0.627153 1.5945 0 0
7.686 0.000115656 0.630064 1.58713 0 0
7.746 0.000108733 0.632929 1.57995 0 0
7.806 0.000102234 0.635751 1.57294 0 0
7.866 9.61326e-05 0.638529 1.56609 0 0
7.926 9.0404e-05 0.641265 1.55941 0 0
7.986 8.50248e-05 0.643961 1.55289 0 0
8.046 7.9973e-05 0.646616 1.54651 0 0
8.106 7.52283e-05 0.649231 1.54028 0 0
8.166 7.07715e-05 0.651809 1.53419 0 0
8.226 6.65846e-05 0.654348 1.52824 0 0
8.286 6.2651e-05 0.656851 1.52241 0 0
8.346 5.89549e-05 0.659318 1.51672 0 0
8.406 5.54815e-05 0.66175 1.51114 0 0
8.466 5.22172e-05 0.664147 1.50569 0 0
8.526 4.91491e-05 0.666511 1.50035 0 0
8.586 4.6265e-05 0.668841 1.49512 0 0
8.646 4.35538e-05 0.671139 1.49 0 0
8.706 4.10047e-05 0.673406 1.48499 0 0
8.766 3.86078e-05 0.675641 1.48007 0 0
8.826 3.63539e-05 0.677846 1.47526 0 0
8.886 3.42343e-05 0.680021 1.47054 0 0
8.946 3.22406e-05 0.682167 1.46592 0 0
9.006 3.03654e-05 0.684285 1.46138 0 0
9.066 2.86013e-05 0.686374 1.45693 0 0
9.126 2.69417e-05 0.688436 1.45257 0 0
9.186 2.53802e-05 0.690471 1.44829 0 0
9.246 2.3911e-05 0.69248 1.44408 0 0
9.306 2.25284e-05 0.694463 1.43996 0 0
9.366 2.12272e-05 0.69642 1.43591 0 0
9.426 2.00025e-05 0.698352 1.43194 0 0
9.486 1.88498e-05 0.70026 1.42804 0 0
9.546 1.77647e-05 0.702144 1.42421 0 0
9.606 1.67431e-05 0.704005 1.42044 0 0
9.666 1.57814e-05 0.705842 1.41675 0 0
9.726 1.48758e-05 0.707657 1.41311 0 0
9.786 1.40231e-05 0.709449 1.40954 0 0
9.846 1.32201e-05 0.71122 1.40604 0 0
9.906 1.24639e-05 0.712969 1.40259 0 0
9.966 1.17516e-05 0.714697 1.39919 0 0
10.026 1.10807e-05 0.716404 1.39586 0 0
10.086 1.04487e-05 0.718091 1.39258 0 0
10.146 9.85338e-06 0.719759 1.38935 0 0
10.206 9.29248e-06 0.721406 1.38618 0 0
10.266 8.76402e-06 0.723034 1.38306 0 0
10.326 8.26608e-06 0.724644 1.37999 0 0
10.386 7.79685e-06 0.726234 1.37697 0 0
10.446 7.35467e-06 0.727807 1.37399 0 0
10.506 6.93794e-06 0.729361 1.37106 0 0
10.566 6.54516e-06 0.730898 1.36818 0 0
10.626 6.17494e-06 0.732418 1.36534 0 0
10.686 5.82597e-06 0.73392 1.36255 0 0
10.746 5.49699e-06 0.735406 1.35979 0 0
10.806 5.18684e-06 0.736875 1.35708 0 0
10.866 4.89443e-06 0.738328 1.35441 0 0
10.926 4.61872e-06 0.739765 1.35178 0 0
10.986 4.35875e-06 0.741186 1.34919 0 0
11.046 4.1136e-06 0.742592 1.34663 0 0
11.106 3.88241e-06 0.743983 1.34412 0 0
11.166 3.66437e-06 0.745358 1.34164 0 0
11.226 3.45872e-06 0.746719 1.33919 0 0
11.286 3.26474e-06 0.748066 1.33678 0 0
11.346 3.08177e-06 0.749398 1.3344 0 0
11.406 2.90916e-06 0.750716 1.33206 0 0
11.466 2.74632e-06 0.752021 1.32975 0 0
11.526 2.59268e-06 0.753312 1.32747 0 0
11.586 2.44772e-06 0.754589 1.32522 0 0
11.646 2.31094e-06 0.755854 1.32301 0 0
11.706 2.18187e-06 0.757105 1.32082 0 0
11.766 2.06006e-06 0.758344 1.31866 0 0
11.826 1.9451e-06 0.75957 1.31654 0 0
11.886 1.8366e-06 0.760783 1.31443 0 0
11.946 1.73418e-06 0.761985 1.31236 0 0
12.006 1.63751e-06 0.763174 1.31032 0 0
12.066 1.54624e-06 0.764352 1.3083 0 0
12.126 1.46008e-06 0.765518 1.30631 0 0
12.186 1.37872e-06 0.766672 1.30434 0 0
12.246 1.30191e-06 0.767816 1.3024 0 0
12.306 1.22936e-06 0.768948 1.30048 0 0
12.366 1.16086e-06 0.770069 1.29859 0 0
12.426 1.09615e-06 0.771179 1.29672 0 0
12.486 1.03504e-06 0.772279 1.29487 0 0
12.546 9.77301e-07 0.773368 1.29305 0 0
12.606 9.22755e-07 0.774446 1.29125 0 0
12.666 8.71218e-07 0.775515 1.28947 0 0
12.726 8.22518e-07 0.776573 1.28771 0 0
12.786 7.76492e-07 0.777622 1.28597 0 0
12.846 7.32989e-07 0.77866 1.28426 0 0
12.906 6.91866e-07 0.779689 1.28256 0 0
12.966 6.52985e-07 0.780709 1.28089 0 0
13.026 6.1622e-07 0.781719 1.27923 0 0
13.086 5.81449e-07 0.78272 1.2776 0 0
13.146 5.48559e-07 0.783711 1.27598 0 0
13.206 5.17441e-07 0.784694 1.27438 0 0
13.266 4.87994e-07 0.785668 1.2728 0 0
13.326 4.60122e-07 0.786633 1.27124 0 0
13.386 4.33734e-07 0.787589 1.2697 0 0
13.446 4.08746e-07 0.788537 1.26817 0 0
13.506 3.85074e-07 0.789477 1.26666 0 0
13.566 3.62644e-07 0.790408 1.26517 0 0
13.626 3.41383e-07 0.791331 1.26369 0 0
13.686 3.21223e-07 0.792245 1.26224 0 0
13.746 3.02098e-07 0.793152 1.26079 0 0
13.806 2.83948e-07 0.794051 1.25936 0 0
13.866 2.66714e-07 0.794942 1.25795 0 0
13.926 2.50343e-07 0.795826 1.25656 0 0
13.986 2.34781e-07 0.796702 1.25517 0 0
14.046 2.1998e-07 0.79757 1.25381 0 0
14.106 2.05893e-07 0.798431 1.25246 0 0
14.166 1.92475e-07 0.799285 1.25112 0 0
14.226 1.79686e-07 0.800131 1.24979 0 0
14.286 1.67484e-07 0.800971 1.24848 0 0
14.346 1.55831e-07 0.801803 1.24719 0 0
14.406 1.44693e-07 0.802629 1.24591 0 0
14.466 1.34034e-07 0.803447 1.24464 0 0
14.526 1.23822e-07 0.804259 1.24338 0 0
14.586 1.14025e-07 0.805064 1.24214 0 0
14.646 1.04614e-07 0.805863 1.24091 0 0
14.706 9.55605e-08 0.806655 1.23969 0 0
14.766 8.68372e-08 0.807441 1.23848 0 0
14.826 7.84179e-08 0.80822 1.23729 0 0
14.886 7.02778e-08 0.808993 1.2361 0 0
14.946 6.23929e-08 0.80976 1.23493 0 0
15.006 5.474e-08 0.81052 1.23378 0 0
15.066 4.72969e-08 0.811275 1.23263 0 0
15.126 4.00422e-08 0.812024 1.23149 0 0
15.186 3.29551e-08 0.812766 1.23037 0 0
15.246 2.60155e-08 0.813503 1.22925 0 0
15.306 1.92038e-08 0.814234 1.22815 0 0
15.366 1.2501e-08 0.81496 1.22705 0 0
15.426 5.88856e-09 0.815679 1.22597 0 0
15.486 3.7481e-10 0.816394 1.2249 0 0
15.546 3.7481e-10 0.817102 1.22384 0 0
15.606 3.7481e-10 0.817805 1.22278 0 0
15.666 3.7481e-10 0.818503 1.22174 0 0
15.726 3.7481e-10 0.819196 1.22071 0 0
15.786 3.7481e-10 0.819883 1.21969 0 0
15.846 3.7481e-10 0.820565 1.21867 0 0
15.906 3.7481e-10 0.821242 1.21767 0 0
15.966 3.7481e-10 0.821913 1.21667 0 0
16.026 3.7481e-10 0.82258 1.21569 0 0
16.086 3.7481e-10 0.823242 1.21471 0 0
16.146 3.7481e-10 0.823899 1.21374 0 0
16.206 3.7481e-10 0.824551 1.21278 0 0
16.266 3.7481e-10 0.825198 1.21183 0 0
16.326 3.7481e-10 0.82584 1.21089 0 0
16.386 3.7481e-10 0.826478 1.20995 0 0
16.446 3.7481e-10 0.827111 1.20903 0 0
16.506 3.7481e-10 0.82774 1.20811 0 0
16.566 3.7481e-10 0.828364 1.2072 0 0
16.626 3.7481e-10 0.828983 1.2063 0 0
16.686 3.7481e-10 0.829598 1.2054 0 0
16.746 3.7481e-10 0.830208 1.20452 0 0
16.806 3.7481e-10 0.830815 1.20364 0 0
16.866 3.7481e-10 0.831416 1.20277 0 0
16.926 3.7481e-10 0.832014 1.2019 0 0
16.986 3.7481e-10 0.832607 1.20105 0 0
17.046 3.7481e-10 0.833197 1.2002 0 0
17.106 3.7481e-10 0.833782 1.19935 0 0
17.166 3.7481e-10 0.834363 1.19852 0 0
17.226 3.7481e-10 0.83494 1.19769 0 0
17.286 3.7481e-10 0.835513 1.19687 0 0
17.346 3.7481e-10 0.836082 1.19606 0 0
17.406 3.7481e-10 0.836647 1.19525 0 0
17.466 3.7481e-10 0.837208 1.19445 0 0
17.526 3.7481e-10 0.837765 1.19365 0 0
17.586 3.7481e-10 0.838319 1.19286 0 0
17.646 3.7481e-10 0.838868 1.19208 0 0
17.706 3.7481e-10 0.839414 1.19131 0 0
17.766 3.7481e-10 0.839957 1.19054 0 0
17.826 3.7481e-10 0.840495 1.18977 0 0
17.886 3.7481e-10 0.84103 1.18902 0 0
17.946 3.7481e-10 0.841562 1.18827 0 0
18.006 3.7481e-10 0.84209 1.18752 0 0
18.066 3.7481e-10 0.842614 1.18678 0 0
18.126 3.7481e-10 0.843135 1.18605 0 0
18.186 3.7481e-10 0.843653 1.18532 0 0
18.246 3.7481e-10 0.844167 1.1846 0 0
18.306 3.7481e-10 0.844678 1.18388 0 0
18.366 3.7481e-10 0.845185 1.18317 0 0
18.426 3.7481e-10 0.845689 1.18247 0 0
18.486 3.7481e-10 0.84619 1.18177 0 0
18.546 3.7481e-10 0.846688 1.18107 0 0
18.606 3.7481e-10 0.847182 1.18038 0 0
18.666 3.7481e-10 0.847673 1.1797 0 0
18.726 3.7481e-10 0.848161 1.17902 0 0
18.786 3.7481e-10 0.848646 1.17835 0 0
18.846 3.7481e-10 0.849128 1.17768 0 0
18.906 3.7481e-10 0.849607 1.17701 0 0
18.966 3.7481e-10 0.850083 1.17636 0 0
19.026 3.7481e-10 0.850556 1.1757 0 0
19.086 3.7481e-10 0.851025 1.17505 0 0
19.146 3.7481e-10 0.851492 1.17441 0 0
19.206 3.7481e-10 0.851956 1.17377 0 0
19.266 3.7481e-10 0.852417 1.17313 0 0
19.326 3.7481e-10 0.852875 1.1725 0 0
19.386 3.7481e-10 0.853331 1.17188 0 0
19.446 3.7481e-10 0.853783 1.17126 0 0
19.506 3.7481e-10 0.854233 1.17064 0 0
19.566 3.7481e-10 0.85468 1.17003 0 0
19.626 3.7481e-10 0.855124 1.16942 0 0
19.686 3.7481e-10 0.855566 1.16882 0 0
19.746 3.7481e-10 0.856005 1.16822 0 0
19.806 3.7481e-10 0.856441 1.16762 0 0
19.866 3.7481e-10 0.856875 1.16703 0 0
19.926 3.7481e-10 0.857306 1.16645 0 0
19.986 3.7481e-10 0.857734 1.16586 0 0
20.046 3.7481e-10 0.85816 1.16528 0 0
20.106 3.7481e-10 0.858583 1.16471 0 0
20.166 3.7481e-10 0.859004 1.16414 0 0
20.226 3.7481e-10 0.859422 1.16357 0 0
20.286 3.7481e-10 0.859838 1.16301 0 0
20.346 3.7481e-10 0.860251 1.16245 0 0
20.406 3.7481e-10 0.860662 1.1619 0 0
20.466 3.7481e-10 0.861071 1.16135 0 0
20.526 3.7481e-10 0.861477 1.1608 0 0
20.586 3.7481e-10 0.86188 1.16025 0 0
20.646 3.7481e-10 0.862282 1.15971 0 0
20.706 3.7481e-10 0.862681 1.15918 0 0
20.766 3.7481e-10 0.863078 1.15864 0 0
20.826 3.7481e-10 0.863472 1.15812 0 0
20.886 3.7481e-10 0.863864 1.15759 0 0
20.946 3.7481e-10 0.864254 1.15707 0 0
21.006 3.7481e-10 0.864642 1.15655 0 0
21.066 3.7481e-10 0.865028 1.15603 0 0
21.126 3.7481e-10 0.865411 1.15552 0 0
21.186 3.7481e-10 0.865792 1.15501 0 0
21.246 3.7481e-10 0.866171 1.15451 0 0
21.306 3.7481e-10 0.866548 1.154 0 0
21.366 3.7481e-10 0.866923 1.15351 0 0
21.426 3.7481e-10 0.867295 1.15301 0 0
21.486 3.7481e-10 0.867666 1.15252 0 0
21.546 3.7481e-10 0.868034 1.15203 0 0
21.606 3.7481e-10 0.868401 1.15154 0 0
21.666 3.7481e-10 0.868765 1.15106 0 0
21.726 3.7481e-10 0.869128 1.15058 0 0
21.786 3.7481e-10 0.869488 1.1501 0 0
21.846 3.7481e-10 0.869847 1.14963 0 0
21.906 3.7481e-10 0.870203 1.14916 0 0
21.966 3.7481e-10 0.870558 1.14869 0 0
22.026 3.7481e-10 0.87091 1.14822 0 0
22.086 3.7481e-10 0.871261 1.14776 0 0
22.146 3.7481e-10 0.87161 1.1473 0 0
22.206 3.7481e-10 0.871957 1.14685 0 0
22.266 3.7481e-10 0.872302 1.14639 0 0
22.326 3.7481e-10 0.872645 1.14594 0 0
22.386 3.7481e-10 0.872986 1.14549 0 0
22.446 3.7481e-10 0.873326 1.14505 0 0
22.506 3.7481e-10 0.873663 1.14461 0 0
22.566 3.7481e-10 0.873999 1.14417 0 0
22.626 3.7481e-10 0.874334 1.14373 0 0
22.686 3.7481e-10 0.874666 1.14329 0 0
22.746 3.7481e-10 0.874996 1.14286 0 0
22.806 3.7481e-10 0.875325 1.14243 0 0
22.866 3.7481e-10 0.875653 1.14201 0 0
22.926 3.7481e-10 0.875978 1.14158 0 0
22.986 3.7481e-10 0.876302 1.14116 0 0
23.046 3.7481e-10 0.876624 1.14074 0 0
23.106 3.7481e-10 0.876944 1.14032 0 0
23.166 3.7481e-10 0.877263 1.13991 0 0
23.226 3.7481e-10 0.87758 1.1395 0 0
23.286 3.7481e-10 0.877895 1.13909 0 0
23.346 3.7481e-10 0.878209 1.13868 0 0
23.406 3.7481e-10 0.878521 1.13828 0 0
23.466 3.7481e-10 0.878832 1.13787 0 0
23.526 3.7481e-10 0.879141 1.13747 0 0
23.586 3.7481e-10 0.879448 1.13708 0 0
23.646 3.7481e-10 0.879754 1.13668 0 0
23.706 3.7481e-10 0.880059 1.13629 0 0
23.766 3.7481e-10 0.880361 1.1359 0 0
23.826 3.7481e-10 0.880663 1.13551 0 0
23.886 3.7481e-10 0.880962 1.13512 0 0
23.946 3.7481e-10 0.881261 1.13474 0 0
24.006 3.7481e-10 0.881558 1.13436 0 0
24.066 3.7481e-10 0.881853 1.13398 0 0
24.126 3.7481e-10 0.882147 1.1336 0 0
24.186 3.7481e-10 0.882439 1.13322 0 0
24.246 3.7481e-10 0.88273 1.13285 0 0
24.306 3.7481e-10 0.883019 1.13248 0 0
24.366 3.7481e-10 0.883307 1.13211 0 0
24.426 3.7481e-10 0.883594 1.13174 0 0
24.486 3.7481e-10 0.883879 1.13138 0 0
24.546 3.7481e-10 0.884163 1.13101 0 0
24.606 3.7481e-10 0.884446 1.13065 0 0
24.666 3.7481e-10 0.884727 1.13029 0 0
24.726 3.7481e-10 0.885006 1.12994 0 0
24.786 3.7481e-10 0.885285 1.12958 0 0
24.846 3.7481e-10 0.885562 1.12923 0 0
24.906 3.7481e-10 0.885838 1.12888 0 0
24.966 3.7481e-10 0.886112 1.12853 0 0
25.026 3.7481e-10 0.886385 1.12818 0 0
25.086 3.7481e-10 0.886657 1.12783 0 0
25.146 3.7481e-10 0.886927 1.12749 0 0
25.206 3.7481e-10 0.887196 1.12715 0 0
25.266 3.7481e-10 0.887464 1.12681 0 0
25.326 3.7481e-10 0.887731 1.12647 0 0
25.386 3.7481e-10 0.887996 1.12613 0 0
25.446 3.7481e-10 0.88826 1.1258 0 0
25.506 3.7481e-10 0.888523 1.12546 0 0
25.566 3.7481e-10 0.888785 1.12513 0 0
25.626 3.7481e-10 0.889045 1.1248 0 0
25.686 3.7481e-10 0.889304 1.12447 0 0
25.746 3.7481e-10 0.889562 1.12415 0 0
25.806 3.7481e-10 0.889819 1.12382 0 0
25.866 3.7481e-10 0.890075 1.1235 0 0
25.926 3.7481e-10 0.890329 1.12318 0 0
25.986 3.7481e-10 0.890582 1.12286 0 0
26.046 3.7481e-10 0.890834 1.12254 0 0
26.106 3.7481e-10 0.891085 1.12223 0 0
26.166 3.7481e-10 0.891335 1.12191 0 0
26.226 3.7481e-10 0.891584 1.1216 0 0
26.286 3.7481e-10 0.891831 1.12129 0 0
26.346 3.7481e-10 0.892077 1.12098 0 0
26.406 3.7481e-10 0.892323 1.12067 0 0
26.466 3.7481e-10 0.892567 1.12036 0 0
26.526 3.7481e-10 0.89281 1.12006 0 0
26.586 3.7481e-10 0.893052 1.11976 0 0
26.646 3.7481e-10 0.893292 1.11945 0 0
26.706 3.7481e-10 0.893532 1.11915 0 0
26.766 3.7481e-10 0.893771 1.11886 0 0
26.826 3.7481e-10 0.894008 1.11856 0 0
26.886 3.7481e-10 0.894245 1.11826 0 0
26.946 3.7481e-10 0.89448 1.11797 0 0
27.006 3.7481e-10 0.894715 1.11767 0 0
27.066 3.7481e-10 0.894948 1.11738 0 0
27.126 3.7481e-10 0.895181 1.11709 0 0
27.186 3.7481e-10 0.895412 1.1168 0 0
27.246 3.7481e-10 0.895642 1.11652 0 0
27.306 3.7481e-10 0.895872 1.11623 0 0
27.366 3.7481e-10 0.8961 1.11595 0 0
27.426 3.7481e-10 0.896327 1.11566 0 0
27.486 3.7481e-10 0.896554 1.11538 0 0
27.546 3.7481e-10 0.896779 1.1151 0 0
27.606 3.7481e-10 0.897003 1.11482 0 0
27.666 3.7481e-10 0.897227 1.11455 0 0
27.726 3.7481e-10 0.897449 1.11427 0 0
27.786 3.7481e-10 0.89767 1.11399 0 0
27.846 3.7481e-10 0.897891 1.11372 0 0
27.906 3.7481e-10 0.89811 1.11345 0 0
27.966 3.7481e-10 0.898329 1.11318 0 0
28.026 3.7481e-10 0.898547 1.11291 0 0
28.086 3.7481e-10 0.898763 1.11264 0 0
28.146 3.7481e-10 0.898979 1.11237 0 0
28.206 3.7481e-10 0.899194 1.11211 0 0
28.266 3.7481e-10 0.899408 1.11184 0 0
28.326 3.7481e-10 0.899621 1.11158 0 0
28.386 3.7481e-10 0.899833 1.11132 0 0
28.446 3.7481e-10 0.900045 1.11106 0 0
28.506 3.7481e-10 0.900255 1.1108 0 0
28.566 3.7481e-10 0.900465 1.11054 0 0
28.626 3.7481e-10 0.900673 1.11028 0 0
28.686 3.7481e-10 0.900881 1.11002 0 0
28.746 3.7481e-10 0.901088 1.10977 0 0
28.806 3.7481e-10 0.901294 1.10952 0 0
28.866 3.7481e-10 0.901499 1.10926 0 0
28.926 3.7481e-10 0.901703 1.10901 0 0
28.986 3.7481e-10 0.901907 1.10876 0 0
29.046 3.7481e-10 0.902109 1.10851 0 0
29.106 3.7481e-10 0.902311 1.10827 0 0
29.166 3.7481e-10 0.902512 1.10802 0 0
29.226 3.7481e-10 0.902712 1.10777 0 0
29.286 3.7481e-10 0.902912 1.10753 0 0
29.346 3.7481e-10 0.90311 1.10728 0 0
29.406 3.7481e-10 0.903308 1.10704 0 0
29.466 3.7481e-10 0.903505 1.1068 0 0
29.526 3.7481e-10 0.903701 1.10656 0 0
29.586 3.7481e-10 0.903896 1.10632 0 0
29.646 3.7481e-10 0.904091 1.10608 0 0
29.706 3.7481e-10 0.904284 1.10585 0 0
29.766 3.7481e-10 0.904477 1.10561 0 0
29.826 3.7481e-10 0.904669 1.10538 0 0
29.886 3.7481e-10 0.904861 1.10514 0 0
29.946 3.7481e-10 0.905051 1.10491 0 0
30.006 3.7481e-10 0.905241 1.10468 0 0
30.066 3.7481e-10 0.90543 1.10445 0 0
30.126 3.7481e-10 0.905619 1.10422 0 0
30.186 3.7481e-10 0.905806 1.10399 0 0
30.246 3.7481e-10 0.905993 1.10376 0 0
30.306 3.7481e-10 0.906179 1.10353 0 0
30.366 3.7481e-10 0.906365 1.10331 0 0
30.426 3.7481e-10 0.906549 1.10308 0 0
30.486 3.7481e-10 0.906733 1.10286 0 0
30.546 3.7481e-10 0.906916 1.10264 0 0
30.606 3.7481e-10 0.907099 1.10242 0 0
30.666 3.7481e-10 0.907281 1.10219 0 0
30.726 3.7481e-10 0.907462 1.10197 0 0
30.786 3.7481e-10 0.907642 1.10176 0 0
30.846 3.7481e-10 0.907822 1.10154 0 0
30.906 3.7481e-10 0.908001 1.10132 0 0
30.966 3.7481e-10 0.908179 1.1011 0 0
31.026 3.7481e-10 0.908357 1.10089 0 0
31.086 3.7481e-10 0.908533 1.10067 0 0
31.146 3.7481e-10 0.90871 1.10046 0 0
31.206 3.7481e-10 0.908885 1.10025 0 0
31.266 3.7481e-10 0.90906 1.10004 0 0
31.326 3.7481e-10 0.909234 1.09983 0 0
31.386 3.7481e-10 0.909408 1.09962 0 0
31.446 3.7481e-10 0.909581 1.09941 0 0
31.506 3.7481e-10 0.909753 1.0992 0 0
31.566 3.7481e-10 0.909924 1.09899 0 0
31.626 3.7481e-10 0.910095 1.09879 0 0
31.686 3.7481e-10 0.910265 1.09858 0 0
31.746 3.7481e-10 0.910435 1.09838 0 0
31.806 3.7481e-10 0.910604 1.09817 0 0
31.866 3.7481e-10 0.910772 1.09797 0 0
31.926 3.7481e-10 0.91094 1.09777 0 0
31.986 3.7481e-10 0.911107 1.09757 0 0
32.046 3.7481e-10 0.911273 1.09737 0 0
32.106 3.7481e-10 0.911439 1.09717 0 0
32.166 3.7481e-10 0.911604 1.09697 0 0
32.226 3.7481e-10 0.911769 1.09677 0 0
32.286 3.7481e-10 0.911933 1.09657 0 0
32.346 3.7481e-10 0.912096 1.09638 0 0
32.406 3.7481e-10 0.912259 1.09618 0 0
32.466 3.7481e-10 0.912421 1.09598 0 0
32.526 3.7481e-10 0.912583 1.09579 0 0
32.586 3.7481e-10 0.912744 1.0956 0 0
32.646 3.7481e-10 0.912904 1.09541 0 0
32.706 3.7481e-10 0.913064 1.09521 0 0
32.766 3.7481e-10 0.913223 1.09502 0 0
32.826 3.7481e-10 0.913382 1.09483 0 0
32.886 3.7481e-10 0.91354 1.09464 0 0
32.946 3.7481e-10 0.913697 1.09445 0 0
33.006 3.7481e-10 0.913854 1.09427 0 0
33.066 3.7481e-10 0.91401 1.09408 0 0
33.126 3.7481e-10 0.914166 1.09389 0 0
33.186 3.7481e-10 0.914321 1.09371 0 0
33.246 3.7481e-10 0.914476 1.09352 0 0
33.306 3.7481e-10 0.91463 1.09334 0 0
33.366 3.7481e-10 0.914784 1.09315 0 0
33.426 3.7481e-10 0.914937 1.09297 0 0
33.486 3.7481e-10 0.915089 1.09279 0 0
33.546 3.7481e-10 0.915241 1.09261 0 0
33.606 3.7481e-10 0.915392 1.09243 0 0
33.666 3.7481e-10 0.915543 1.09225 0 0
33.726 3.7481e-10 0.915693 1.09207 0 0
33.786 3.7481e-10 0.915843 1.09189 0 0
33.846 3.7481e-10 0.915992 1.09171 0 0
33.906 3.7481e-10 0.916141 1.09154 0 0
33.966 3.7481e-10 0.916289 1.09136 0 0
34.026 3.7481e-10 0.916437 1.09118 0 0
34.086 3.7481e-10 0.916584 1.09101 0 0
34.146 3.7481e-10 0.91673 1.09083 0 0
34.206 3.7481e-10 0.916876 1.09066 0 0
34.266 3.7481e-10 0.917022 1.09049 0 0
34.326 3.7481e-10 0.917167 1.09031 0 0
34.386 3.7481e-10 0.917311 1.09014 0 0
34.446 3.7481e-10 0.917455 1.08997 0 0
34.506 3.7481e-10 0.917599 1.0898 0 0
34.566 3.7481e-10 0.917742 1.08963 0 0
34.626 3.7481e-10 0.917885 1.08946 0 0
34.686 3.7481e-10 0.918027 1.08929 0 0
34.746 3.7481e-10 0.918168 1.08913 0 0
34.806 3.7481e-10 0.918309 1.08896 0 0
34.866 3.7481e-10 0.91845 1.08879 0 0
34.926 3.7481e-10 0.91859 1.08863 0 0
34.986 3.7481e-10 0.918729 1.08846 0 0
35.046 3.7481e-10 0.918869 1.08829 0 0
35.106 3.7481e-10 0.919007 1.08813 0 0
35.166 3.7481e-10 0.919145 1.08797 0 0
35.226 3.7481e-10 0.919283 1.0878 0 0
35.286 3.7481e-10 0.91942 1.08764 0 0
35.346 3.7481e-10 0.919557 1.08748 0 0
35.406 3.7481e-10 0.919694 1.08732 0 0
35.466 3.7481e-10 0.919829 1.08716 0 0
35.526 3.7481e-10 0.919965 1.087 0 0
35.586 3.7481e-10 0.9201 1.08684 0 0
35.646 3.7481e-10 0.920234 1.08668 0 0
35.706 3.7481e-10 0.920368 1.08652 0 0
35.766 3.7481e-10 0.920502 1.08636 0 0
35.826 3.7481e-10 0.920635 1.08621 0 0
35.886 3.7481e-10 0.920768 1.08605 0 0
35.946 3.7481e-10 0.9209 1.08589 0 0
36.006 3.7481e-10 0.921032 1.08574 0 0
36.066 3.7481e-10 0.921163 1.08558 0 0
36.126 3.7481e-10 0.921294 1.08543 0 0
36.186 3.7481e-10 0.921425 1.08528 0 0
36.246 3.7481e-10 0.921555 1.08512 0 0
36.306 3.7481e-10 0.921684 1.08497 0 0
36.366 3.7481e-10 0.921814 1.08482 0 0
36.426 3.7481e-10 0.921942 1.08467 0 0
36.486 3.7481e-10 0.922071 1.08452 0 0
36.546 3.7481e-10 0.922199 1.08437 0 0
36.606 3.7481e-10 0.922326 1.08422 0 0
36.666 3.7481e-10 0.922453 1.08407 0 0
36.726 3.7481e-10 0.92258 1.08392 0 0
36.786 3.7481e-10 0.922706 1.08377 0 0
36.846 3.7481e-10 0.922832 1.08362 0 0
36.906 3.7481e-10 0.922958 1.08347 0 0
36.966 3.7481e-10 0.923083 1.08333 0 0
37.026 3.7481e-10 0.923207 1.08318 0 0
37.086 3.7481e-10 0.923331 1.08303 0 0
37.146 3.7481e-10 0.923455 1.08289 0 0
37.206 3.7481e-10 0.923579 1.08274 0 0
37.266 3.7481e-10 0.923702 1.0826 0 0
37.326 3.7481e-10 0.923824 1.08246 0 0
37.386 3.7481e-10 0.923947 1.08231 0 0
37.446 3.7481e-10 0.924069 1.08217 0 0
37.506 3.7481e-10 0.92419 1.08203 0 0
37.566 3.7481e-10 0.924311 1.08189 0 0
37.626 3.7481e-10 0.924432 1.08175 0 0
37.686 3.7481e-10 0.924552 1.0816 0 0
37.746 3.7481e-10 0.924672 1.08146 0 0
37.806 3.7481e-10 0.924792 1.08132 0 0
37.866 3.7481e-10 0.924911 1.08119 0 0
37.926 3.7481e-10 0.92503 1.08105 0 0
37.986 3.7481e-10 0.925148 1.08091 0 0
38.046 3.7481e-10 0.925266 1.08077 0 0
38.106 3.7481e-10 0.925384 1.08063 0 0
38.166 3.7481e-10 0.925501 1.0805 0 0
38.226 3.7481e-10 0.925618 1.08036 0 0
38.286 3.7481e-10 0.925734 1.08022 0 0
38.346 3.7481e-10 0.925851 1.08009 0 0
38.406 3.7481e-10 0.925967 1.07995 0 0
38.466 3.7481e-10 0.926082 1.07982 0 0
38.526 3.7481e-10 0.926197 1.07968 0 0
38.586 3.7481e-10 0.926312 1.07955 0 0
38.646 3.7481e-10 0.926426 1.07942 0 0
38.706 3.7481e-10 0.92654 1.07928 0 0
38.766 3.7481e-10 0.926654 1.07915 0 0
38.826 3.7481e-10 0.926767 1.07902 0 0
38.886 3.7481e-10 0.92688 1.07889 0 0
38.946 3.7481e-10 0.926993 1.07876 0 0
39.006 3.7481e-10 0.927105 1.07863 0 0
39.066 3.7481e-10 0.927217 1.0785 0 0
39.126 3.7481e-10 0.927329 1.07837 0 0
39.186 3.7481e-10 0.92744 1.07824 0 0
39.246 3.7481e-10 0.927551 1.07811 0 0
39.306 3.7481e-10 0.927662 1.07798 0 0
39.366 3.7481e-10 0.927772 1.07785 0 0
39.426 3.7481e-10 0.927882 1.07772 0 0
39.486 3.7481e-10 0.927991 1.0776 0 0
39.546 3.7481e-10 0.928101 1.07747 0 0
39.606 3.7481e-10 0.92821 1.07734 0 0
39.666 3.7481e-10 0.928318 1.07722 0 0
39.726 3.7481e-10 0.928426 1.07709 0 0
39.786 3.7481e-10 0.928534 1.07697 0 0
39.846 3.7481e-10 0.928642 1.07684 0 0
39.906 3.7481e-10 0.928749 1.07672 0 0
39.966 3.7481e-10 0.928856 1.07659 0 0
40.026 3.7481e-10 0.928963 1.07647 0 0
40.086 3.7481e-10 0.929069 1.07635 0 0
40.146 3.7481e-10 0.929175 1.07622 0 0
40.206 3.7481e-10 0.929281 1.0761 0 0
40.266 3.7481e-10 0.929386 1.07598 0 0
40.326 3.7481e-10 0.929491 1.07586 0 0
40.386 3.7481e-10 0.929596 1.07574 0 0
40.446 3.7481e-10 0.929701 1.07562 0 0
40.506 3.7481e-10 0.929805 1.07549 0 0
40.566 3.7481e-10 0.929909 1.07537 0 0
40.626 3.7481e-10 0.930012 1.07525 0 0
40.686 3.7481e-10 0.930115 1.07514 0 0
40.746 3.7481e-10 0.930218 1.07502 0 0
40.806 3.7481e-10 0.930321 1.0749 0 0
40.866 3.7481e-10 0.930423 1.07478 0 0
40.926 3.7481e-10 0.930525 1.07466 0 0
40.986 3.7481e-10 0.930627 1.07454 0 0
41.046 3.7481e-10 0.930728 1.07443 0 0
41.106 3.7481e-10 0.930829 1.07431 0 0
41.166 3.7481e-10 0.93093 1.07419 0 0
41.226 3.7481e-10 0.931031 1.07408 0 0
41.286 3.7481e-10 0.931131 1.07396 0 0
41.346 3.7481e-10 0.931231 1.07385 0 0
41.406 3.7481e-10 0.93133 1.07373 0 0
41.466 3.7481e-10 0.93143 1.07362 0 0
41.526 3.7481e-10 0.931529 1.0735 0 0
41.586 3.7481e-10 0.931628 1.07339 0 0
41.646 3.7481e-10 0.931726 1.07328 0 0
41.706 3.7481e-10 0.931824 1.07316 0 0
41.766 3.7481e-10 0.931922 1.07305 0 0
41.826 3.7481e-10 0.93202 1.07294 0 0
41.886 3.7481e-10 0.932117 1.07283 0 0
41.946 3.7481e-10 0.932215 1.07271 0 0
42.006 3.7481e-10 0.932311 1.0726 0 0
42.066 3.7481e-10 0.932408 1.07249 0 0
42.126 3.7481e-10 0.932504 1.07238 0 0
42.186 3.7481e-10 0.9326 1.07227 0 0
42.246 3.7481e-10 0.932696 1.07216 0 0
42.306 3.7481e-10 0.932791 1.07205 0 0
42.366 3.7481e-10 0.932887 1.07194 0 0
42.426 3.7481e-10 0.932981 1.07183 0 0
42.486 3.7481e-10 0.933076 1.07172 0 0
42.546 3.7481e-10 0.93317 1.07162 0 0
42.606 3.7481e-10 0.933265 1.07151 0 0
42.666 3.7481e-10 0.933358 1.0714 0 0
42.726 3.7481e-10 0.933452 1.07129 0 0
42.786 3.7481e-10 0.933545 1.07119 0 0
42.846 3.7481e-10 0.933638 1.07108 0 0
42.906 3.7481e-10 0.933731 1.07097 0 0
42.966 3.7481e-10 0.933824 1.07087 0 0
43.026 3.7481e-10 0.933916 1.07076 0 0
43.086 3.7481e-10 0.934008 1.07065 0 0
43.146 3.7481e-10 0.9341 1.07055 0 0
43.206 3.7481e-10 0.934191 1.07044 0 0
43.266 3.7481e-10 0.934283 1.07034 0 0
43.326 3.7481e-10 0.934374 1.07024 0 0
43.386 3.7481e-10 0.934464 1.07013 0 0
43.446 3.7481e-10 0.934555 1.07003 0 0
43.506 3.7481e-10 0.934645 1.06992 0 0
43.566 3.7481e-10 0.934735 1.06982 0 0
43.626 3.7481e-10 0.934825 1.06972 0 0
43.686 3.7481e-10 0.934914 1.06962 0 0
43.746 3.7481e-10 0.935004 1.06951 0 0
43.806 3.7481e-10 0.935093 1.06941 0 0
43.866 3.7481e-10 0.935181 1.06931 0 0
43.926 3.7481e-10 0.93527 1.06921 0 0
43.986 3.7481e-10 0.935358 1.06911 0 0
44.046 3.7481e-10 0.935446 1.06901 0 0
44.106 3.7481e-10 0.935534 1.06891 0 0
44.166 3.7481e-10 0.935622 1.06881 0 0
44.226 3.7481e-10 0.935709 1.06871 0 0
44.286 3.7481e-10 0.935796 1.06861 0 0
44.346 3.7481e-10 0.935883 1.06851 0 0
44.406 3.7481e-10 0.93597 1.06841 0 0
44.466 3.7481e-10 0.936056 1.06831 0 0
44.526 3.7481e-10 0.936142 1.06821 0 0
44.586 3.7481e-10 0.936228 1.06812 0 0
44.646 3.7481e-10 0.936314 1.06802 0 0
44.706 3.7481e-10 0.936399 1.06792 0 0
44.766 3.7481e-10 0.936485 1.06782 0 0
44.826 3.7481e-10 0.93657 1.06773 0 0
44.886 3.7481e-10 0.936654 1.06763 0 0
44.946 3.7481e-10 0.936739 1.06753 0 0
45.006 3.7481e-10 0.936823 1.06744 0 0
45.066 3.7481e-10 0.936907 1.06734 0 0
45.126 3.7481e-10 0.936991 1.06725 0 0
45.186 3.7481e-10 0.937075 1.06715 0 0
45.246 3.7481e-10 0.937158 1.06706 0 0
45.306 3.7481e-10 0.937242 1.06696 0 0
45.366 3.7481e-10 0.937325 1.06687 0 0
45.426 3.7481e-10 0.937407 1.06677 0 0
45.486 3.7481e-10 0.93749 1.06668 0 0
45.546 3.7481e-10 0.937572 1.06658 0 0
45.606 3.7481e-10 0.937654 1.06649 0 0
45.666 3.7481e-10 0.937736 1.0664 0 0
45.726 3.7481e-10 0.937818 1.0663 0 0
45.786 3.7481e-10 0.9379 1.06621 0 0
45.846 3.7481e-10 0.937981 1.06612 0 0
45.906 3.7481e-10 0.938062 1.06603 0 0
45.966 3.7481e-10 0.938143 1.06594 0 0
46.026 3.7481e-10 0.938223 1.06584 0 0
46.086 3.7481e-10 0.938304 1.06575 0 0
46.146 3.7481e-10 0.938384 1.06566 0 0
46.206 3.7481e-10 0.938464 1.06557 0 0
46.266 3.7481e-10 0.938544 1.06548 0 0
46.326 3.7481e-10 0.938623 1.06539 0 0
46.386 3.7481e-10 0.938703 1.0653 0 0
46.446 3.7481e-10 0.938782 1.06521 0 0
46.506 3.7481e-10 0.938861 1.06512 0 0
46.566 3.7481e-10 0.93894 1.06503 0 0
46.626 3.7481e-10 0.939018 1.06494 0 0
46.686 3.7481e-10 0.939097 1.06485 0 0
46.746 3.7481e-10 0.939175 1.06476 0 0
46.806 3.7481e-10 0.939253 1.06468 0 0
46.866 3.7481e-10 0.939331 1.06459 0 0
46.926 3.7481e-10 0.939408 1.0645 0 0
46.986 3.7481e-10 0.939486 1.06441 0 0
47.046 3.7481e-10 0.939563 1.06432 0 0
47.106 3.7481e-10 0.93964 1.06424 0 0
47.166 3.7481e-10 0.939717 1.06415 0 0
47.226 3.7481e-10 0.939793 1.06406 0 0
47.286 3.7481e-10 0.93987 1.06398 0 0
47.346 3.7481e-10 0.939946 1.06389 0 0
47.406 3.7481e-10 0.940022 1.06381 0 0
47.466 3.7481e-10 0.940098 1.06372 0 0
47.526 3.7481e-10 0.940173 1.06363 0 0
47.586 3.7481e-10 0.940249 1.06355 0 0
47.646 3.7481e-10 0.940324 1.06346 0 0
47.706 3.7481e-10 0.940399 1.06338 0 0
47.766 3.7481e-10 0.940474 1.06329 0 0
47.826 3.7481e-10 0.940548 1.06321 0 0
47.886 3.7481e-10 0.940623 1.06313 0 0
47.946 3.7481e-10 0.940697 1.06304 0 0
48.006 3.7481e-10 0.940771 1.06296 0 0
48.066 3.7481e-10 0.940845 1.06287 0 0
48.126 3.7481e-10 0.940919 1.06279 0 0
48.186 3.7481e-10 0.940993 1.06271 0 0
48.246 3.7481e-10 0.941066 1.06262 0 0
48.306 3.7481e-10 0.941139 1.06254 0 0
48.366 3.7481e-10 0.941212 1.06246 0 0
48.426 3.7481e-10 0.941285 1.06238 0 0
48.486 3.7481e-10 0.941358 1.0623 0 0
48.546 3.7481e-10 0.94143 1.06221 0 0
48.606 3.7481e-10 0.941502 1.06213 0 0
48.666 3.7481e-10 0.941575 1.06205 0 0
48.726 3.7481e-10 0.941647 1.06197 0 0
48.786 3.7481e-10 0.941718 1.06189 0 0
48.846 3.7481e-10 0.94179 1.06181 0 0
48.906 3.7481e-10 0.941861 1.06173 0 0
48.966 3.7481e-10 0.941933 1.06165 0 0
49.026 3.7481e-10 0.942004 1.06157 0 0
49.086 3.7481e-10 0.942075 1.06149 0 0
49.146 3.7481e-10 0.942145 1.06141 0 0
49.206 3.7481e-10 0.942216 1.06133 0 0
49.266 3.7481e-10 0.942286 1.06125 0 0
49.326 3.7481e-10 0.942356 1.06117 0 0
49.386 3.7481e-10 0.942426 1.06109 0 0
49.446 3.7481e-10 0.942496 1.06101 0 0
49.506 3.7481e-10 0.942566 1.06093 0 0
49.566 3.7481e-10 0.942635 1.06086 0 0
49.626 3.7481e-10 0.942705 1.06078 0 0
49.686 3.7481e-10 0.942774 1.0607 0 0
49.746 3.7481e-10 0.942843 1.06062 0 0
49.806 3.7481e-10 0.942912 1.06054 0 0
49.866 3.7481e-10 0.942981 1.06047 0 0
49.926 3.7481e-10 0.943049 1.06039 0 0
49.986 3.7481e-10 0.943117 1.06031 0 0
50.046 3.7481e-10 0.943186 1.06024 0 0
50.106 3.7481e-10 0.943254 1.06016 0 0
50.166 3.7481e-10 0.943322 1.06008 0 0
50.226 3.7481e-10 0.943389 1.06001 0 0
50.286 3.7481e-10 0.943457 1.05993 0 0
50.346 3.7481e-10 0.943524 1.05986 0 0
50.406 3.7481e-10 0.943591 1.05978 0 0
50.466 3.7481e-10 0.943659 1.05971 0 0
50.526 3.7481e-10 0.943725 1.05963 0 0
50.586 3.7481e-10 0.943792 1.05956 0 0
50.646 3.7481e-10 0.943859 1.05948 0 0
50.706 3.7481e-10 0.943925 1.05941 0 0
50.766 3.7481e-10 0.943991 1.05933 0 0
50.826 3.7481e-10 0.944058 1.05926 0 0
50.886 3.7481e-10 0.944124 1.05918 0 0
50.946 3.7481e-10 0.944189 1.05911 0 0
51.006 3.7481e-10 0.944255 1.05904 0 0
51.066 3.7481e-10 0.94432 1.05896 0 0
51.126 3.7481e-10 0.944386 1.05889 0 0
51.186 3.7481e-10 0.944451 1.05882 0 0
51.246 3.7481e-10 0.944516 1.05874 0 0
51.306 3.7481e-10 0.944581 1.05867 0 0
51.366 3.7481e-10 0.944646 1.0586 0 0
51.426 3.7481e-10 0.94471 1.05853 0 0
51.486 3.7481e-10 0.944775 1.05845 0 0
51.546 3.7481e-10 0.944839 1.05838 0 0
51.606 3.7481e-10 0.944903 1.05831 0 0
51.666 3.7481e-10 0.944967 1.05824 0 0
51.726 3.7481e-10 0.945031 1.05817 0 0
51.786 3.7481e-10 0.945095 1.0581 0 0
51.846 3.7481e-10 0.945158 1.05802 0 0
51.906 3.7481e-10 0.945222 1.05795 0 0
51.966 3.7481e-10 0.945285 1.05788 0 0
52.026 3.7481e-10 0.945348 1.05781 0 0
52.086 3.7481e-10 0.945411 1.05774 0 0
52.146 3.7481e-10 0.945474 1.05767 0 0
52.206 3.7481e-10 0.945536 1.0576 0 0
52.266 3.7481e-10 0.945599 1.05753 0 0
52.326 3.7481e-10 0.945661 1.05746 0 0
52.386 3.7481e-10 0.945723 1.05739 0 0
52.446 3.7481e-10 0.945786 1.05732 0 0
52.506 3.7481e-10 0.945848 1.05725 0 0
52.566 3.7481e-10 0.945909 1.05718 0 0
52.626 3.7481e-10 0.945971 1.05711 0 0
52.686 3.7481e-10 0.946033 1.05705 0 0
52.746 3.7481e-10 0.946094 1.05698 0 0
52.806 3.7481e-10 0.946155 1.05691 0 0
52.866 3.7481e-10 0.946216 1.05684 0 0
52.926 3.7481e-10 0.946277 1.05677 0 0
52.986 3.7481e-10 0.946338 1.0567 0 0
53.046 3.7481e-10 0.946399 1.05664 0 0
53.106 3.7481e-10 0.946459 1.05657 0 0
53.166 3.7481e-10 0.94652 1.0565 0 0
53.226 3.7481e-10 0.94658 1.05643 0 0
53.286 3.7481e-10 0.94664 1.05637 0 0
53.346 3.7481e-10 0.9467 1.0563 0 0
53.406 3.7481e-10 0.94676 1.05623 0 0
53.466 3.7481e-10 0.94682 1.05617 0 0
53.526 3.7481e-10 0.946879 1.0561 0 0
53.586 3.7481e-10 0.946939 1.05603 0 0
53.646 3.7481e-10 0.946998 1.05597 0 0
53.706 3.7481e-10 0.947057 1.0559 0 0
53.766 3.7481e-10 0.947117 1.05584 0 0
53.826 3.7481e-10 0.947176 1.05577 0 0
53.886 3.7481e-10 0.947234 1.0557 0 0
53.946 3.7481e-10 0.947293 1.05564 0 0
54.006 3.7481e-10 0.947352 1.05557 0 0
54.066 3.7481e-10 0.94741 1.05551 0 0
54.126 3.7481e-10 0.947468 1.05544 0 0
54.186 3.7481e-10 0.947526 1.05538 0 0
54.246 3.7481e-10 0.947585 1.05531 0 0
54.306 3.7481e-10 0.947642 1.05525 0 0
54.366 3.7481e-10 0.9477 1.05519 0 0
54.426 3.7481e-10 0.947758 1.05512 0 0
54.486 3.7481e-10 0.947815 1.05506 0 0
54.546 3.7481e-10 0.947873 1.05499 0 0
54.606 3.7481e-10 0.94793 1.05493 0 0
54.666 3.7481e-10 0.947987 1.05487 0 0
54.726 3.7481e-10 0.948044 1.0548 0 0
54.786 3.7481e-10 0.948101 1.05474 0 0
54.846 3.7481e-10 0.948158 1.05468 0 0
54.906 3.7481e-10 0.948215 1.05461 0 0
54.966 3.7481e-10 0.948271 1.05455 0 0
55.026 3.7481e-10 0.948328 1.05449 0 0
55.086 3.7481e-10 0.948384 1.05443 0 0
55.146 3.7481e-10 0.94844 1.05436 0 0
55.206 3.7481e-10 0.948496 1.0543 0 0
55.266 3.7481e-10 0.948552 1.05424 0 0
55.326 3.7481e-10 0.948608 1.05418 0 0
55.386 3.7481e-10 0.948663 1.05411 0 0
55.446 3.7481e-10 0.948719 1.05405 0 0
55.506 3.7481e-10 0.948774 1.05399 0 0
55.566 3.7481e-10 0.94883 1.05393 0 0
55.626 3.7481e-10 0.948885 1.05387 0 0
55.686 3.7481e-10 0.94894 1.05381 0 0
55.746 3.7481e-10 0.948995 1.05375 0 0
55.806 3.7481e-10 0.94905 1.05369 0 0
55.866 3.7481e-10 0.949104 1.05362 0 0
55.926 3.7481e-10 0.949159 1.05356 0 0
55.986 3.7481e-10 0.949214 1.0535 0 0
56.046 3.7481e-10 0.949268 1.05344 0 0
56.106 3.7481e-10 0.949322 1.05338 0 0
56.166 3.7481e-10 0.949376 1.05332 0 0
56.226 3.7481e-10 0.94943 1.05326 0 0
56.286 3.7481e-10 0.949484 1.0532 0 0
56.346 3.7481e-10 0.949538 1.05314 0 0
56.406 3.7481e-10 0.949592 1.05308 0 0
56.466 3.7481e-10 0.949645 1.05302 0 0
56.526 3.7481e-10 0.949699 1.05297 0 0
56.586 3.7481e-10 0.949752 1.05291 0 0
56.646 3.7481e-10 0.949805 1.05285 0 0
56.706 3.7481e-10 0.949858 1.05279 0 0
56.766 3.7481e-10 0.949911 1.05273 0 0
56.826 3.7481e-10 0.949964 1.05267 0 0
56.886 3.7481e-10 0.950017 1.05261 0 0
56.946 3.7481e-10 0.95007 1.05255 0 0
57.006 3.7481e-10 0.950122 1.0525 0 0
57.066 3.7481e-10 0.950175 1.05244 0 0
57.126 3.7481e-10 0.950227 1.05238 0 0
57.186 3.7481e-10 0.950279 1.05232 0 0
57.246 3.7481e-10 0.950331 1.05226 0 0
57.306 3.7481e-10 0.950383 1.05221 0 0
57.366 3.7481e-10 0.950435 1.05215 0 0
57.426 3.7481e-10 0.950487 1.05209 0 0
57.486 3.7481e-10 0.950539 1.05203 0 0
57.546 3.7481e-10 0.95059 1.05198 0 0
57.606 3.7481e-10 0.950642 1.05192 0 0
57.666 3.7481e-10 0.950693 1.05186 0 0
57.726 3.7481e-10 0.950744 1.05181 0 0
57.786 3.7481e-10 0.950796 1.05175 0 0
57.846 3.7481e-10 0.950847 1.05169 0 0
57.906 3.7481e-10 0.950897 1.05164 0 0
57.966 3.7481e-10 0.950948 1.05158 0 0
58.026 3.7481e-10 0.950999 1.05153 0 0
58.086 3.7481e-10 0.95105 1.05147 0 0
58.146 3.7481e-10 0.9511 1.05141 0 0
58.206 3.7481e-10 0.951151 1.05136 0 0
58.266 3.7481e-10 0.951201 1.0513 0 0
58.326 3.7481e-10 0.951251 1.05125 0 0
58.386 3.7481e-10 0.951301 1.05119 0 0
58.446 3.7481e-10 0.951351 1.05114 0 0
58.506 3.7481e-10 0.951401 1.05108 0 0
58.566 3.7481e-10 0.951451 1.05103 0 0
58.626 3.7481e-10 0.951501 1.05097 0 0
58.686 3.7481e-10 0.95155 1.05092 0 0
58.746 3.7481e-10 0.9516 1.05086 0 0
58.806 3.7481e-10 0.951649 1.05081 0 0
58.866 3.7481e-10 0.951698 1.05075 0 0
58.926 3.7481e-10 0.951747 1.0507 0 0
58.986 3.7481e-10 0.951797 1.05064 0 0
59.046 3.7481e-10 0.951846 1.05059 0 0
59.106 3.7481e-10 0.951894 1.05054 0 0
59.166 3.7481e-10 0.951943 1.05048 0 0
59.226 3.7481e-10 0.951992 1.05043 0 0
59.286 3.7481e-10 0.95204 1.05038 0 0
59.346 3.7481e-10 0.952089 1.05032 0 0
59.406 3.7481e-10 0.952137 1.05027 0 0
59.466 3.7481e-10 0.952186 1.05022 0 0
59.526 3.7481e-10 0.952234 1.05016 0 0
59.586 3.7481e-10 0.952282 1.05011 0 0
59.646 3.7481e-10 0.95233 1.05006 0 0
59.706 3.7481e-10 0.952378 1.05 0 0
59.766 3.7481e-10 0.952426 1.04995 0 0
59.826 3.7481e-10 0.952473 1.0499 0 0
59.886 3.7481e-10 0.952521 1.04985 0 0
59.946 3.7481e-10 0.952568 1.04979 0 0

