0.06 0.729785
0.006 0.069608 0.34688 1 0.00059049 0.00243
0.066 0.0695199 0.347067 1.00046 0.000589516 0.002428
0.126 0.0692821 0.347568 1.00169 0.000586916 0.00242264
0.186 0.0688978 0.348379 1.00368 0.000582734 0.00241399
0.246 0.06837 0.349495 1.00642 0.00057703 0.00240215
0.306 0.0677032 0.350908 1.00991 0.000569885 0.00238723
0.366 0.0669032 0.35261 1.01414 0.000561395 0.00236938
0.426 0.065977 0.35459 1.01908 0.000551674 0.00234877
0.486 0.0649331 0.356836 1.02473 0.000540845 0.00232561
0.546 0.0637817 0.359336 1.03106 0.000529039 0.00230008
0.606 0.0625339 0.362075 1.03803 0.000516391 0.00227242
0.666 0.061202 0.365038 1.04561 0.000503037 0.00224285
0.726 0.059799 0.36821 1.05375 0.000489108 0.00221158
0.786 0.058338 0.371577 1.0624 0.00047473 0.00217883
0.846 0.0568317 0.375123 1.07151 0.000460024 0.00214482
0.906 0.0552921 0.378834 1.08101 0.000445099 0.00210974
0.966 0.0537301 0.382696 1.09085 0.000430055 0.00207378
1.026 0.0521553 0.386694 1.10095 0.000414982 0.00203711
1.086 0.050576 0.390817 1.11127 0.00039996 0.0019999
1.146 0.0489993 0.39505 1.12173 0.000385058 0.00196229
1.206 0.0474312 0.399384 1.13228 0.000370337 0.00192442
1.266 0.0458768 0.403806 1.14287 0.000355849 0.0018864
1.326 0.0443403 0.408306 1.15344 0.000341638 0.00184834
1.386 0.0428253 0.412874 1.16396 0.000327738 0.00181035
1.446 0.0413348 0.4175 1.17437 0.00031418 0.00177251
1.506 0.0398712 0.422177 1.18463 0.000300987 0.0017349
1.566 0.0384367 0.426895 1.19473 0.000288177 0.00169758
1.626 0.0370329 0.431647 1.20461 0.000275762 0.00166061
1.686 0.0356614 0.436426 1.21426 0.000263751 0.00162404
1.746 0.0343231 0.441224 1.22365 0.00025215 0.00158792
1.806 0.0330192 0.446037 1.23276 0.000240959 0.00155229
1.866 0.0317501 0.450857 1.24158 0.000230179 0.00151716
1.926 0.0305164 0.45568 1.25009 0.000219805 0.00148258
1.986 0.0293184 0.460501 1.25829 0.000209833 0.00144856
2.046 0.0281562 0.465316 1.26616 0.000200254 0.00141511
2.106 0.0270299 0.47012 1.27371 0.000191062 0.00138225
2.166 0.0259393 0.474909 1.28093 0.000182246 0.00134999
2.226 0.0248841 0.479682 1.28782 0.000173797 0.00131832
2.286 0.0238642 0.484433 1.29439 0.000165703 0.00128726
2.346 0.0228789 0.489162 1.30063 0.000157954 0.0012568
2.406 0.0219279 0.493865 1.30657 0.000150537 0.00122693
2.466 0.0210105 0.49854 1.31219 0.00014344 0.00119767
2.526 0.0201262 0.503186 1.31752 0.000136653 0.00116899
2.586 0.0192742 0.507801 1.32256 0.000130163 0.00114089
2.646 0.0184539 0.512384 1.32732 0.000123958 0.00111337
2.706 0.0176644 0.516933 1.33181 0.000118028 0.00108641
2.766 0.016905 0.521448 1.33604 0.00011236 0.00106
2.826 0.0161749 0.525928 1.34002 0.000106944 0.00103414
2.886 0.0154733 0.530371 1.34377 0.000101769 0.00100881
2.946 0.0147993 0.534778 1.34729 9.68256e-05 0.000984
3.006 0.0141521 0.539148 1.35059 9.21025e-05 0.0009597
3.066 0.013531 0.54348 1.35369 8.75906e-05 0.000935899
3.126 0.012935 0.547775 1.35659 8.32807e-05 0.000912583
3.186 0.0123633 0.552032 1.3593 7.91639e-05 0.000889741
3.246 0.0118151 0.556251 1.36183 7.52316e-05 0.000867361
3.306 0.0112896 0.560432 1.3642 7.14756e-05 0.000845432
3.366 0.010786 0.564576 1.36641 6.78881e-05 0.000823943
3.426 0.0103035 0.568682 1.36846 6.44617e-05 0.000802881
3.486 0.00984142 0.57275 1.37037 6.11893e-05 0.000782236
3.546 0.00939889 0.57678 1.37214 5.80639e-05 0.000761997
3.606 0.00897524 0.580774 1.37378 5.50792e-05 0.000742154
3.666 0.00856973 0.58473 1.37529 5.2229e-05 0.000722696
3.726 0.00818167 0.588649 1.37668 4.95072e-05 0.000703614
3.786 0.00781039 0.592531 1.37796 4.69084e-05 0.000684897
3.846 0.00745523 0.596377 1.37912 4.44271e-05 0.000666537
3.906 0.00711555 0.600187 1.38018 4.20583e-05 0.000648524
3.966 0.00679073 0.603961 1.38114 3.9797e-05 0.000630849
4.026 0.00648017 0.607699 1.382 3.76388e-05 0.000613505
4.086 0.0061833 0.611401 1.38276 3.55791e-05 0.000596482
4.146 0.00589955 0.615068 1.38343 3.36137e-05 0.000579773
4.206 0.00562839 0.6187 1.38401 3.17387e-05 0.000563371
4.266 0.00536929 0.622298 1.3845 2.99502e-05 0.000547268
4.326 0.00512175 0.62586 1.38491 2.82447e-05 0.000531457
4.386 0.00488529 0.629389 1.38523 2.66185e-05 0.000515931
4.446 0.00465944 0.632883 1.38547 2.50684e-05 0.000500684
4.506 0.00444375 0.636343 1.38562 2.35913e-05 0.000485709
4.566 0.00423779 0.639769 1.3857 2.21841e-05 0.000471
4.626 0.00404113 0.643161 1.3857 2.0844e-05 0.000456552
4.686 0.00385339 0.64652 1.38563 1.95681e-05 0.000442359
4.746 0.00367418 0.649846 1.38547 1.83539e-05 0.000428414
4.806 0.00350312 0.653139 1.38524 1.71988e-05 0.000414715
4.866 0.00333987 0.656398 1.38494 1.61005e-05 0.000401254
4.926 0.00318407 0.659625 1.38455 1.50565e-05 0.000388028
4.986 0.00303542 0.662818 1.3841 1.40648e-05 0.000375031
5.046 0.00289358 0.665979 1.38357 1.31232e-05 0.00036226
5.106 0.00275827 0.669108 1.38297 1.22296e-05 0.000349709
5.166 0.00262918 0.672204 1.38229 1.13822e-05 0.000337375
5.226 0.00250605 0.675267 1.38154 1.0579e-05 0.000325254
5.286 0.00238862 0.678299 1.38071 9.81832e-06 0.000313342
5.346 0.00227661 0.681298 1.37981 9.09835e-06 0.000301635
5.406 0.0021698 0.684264 1.37884 8.41749e-06 0.000290129
5.466 0.00206795 0.687199 1.3778 7.77413e-06 0.000278821
5.526 0.00197084 0.690102 1.37669 7.16676e-06 0.000267708
5.586 0.00187824 0.692972 1.3755 6.59392e-06 0.000256786
5.646 0.00178997 0.695811 1.37424 6.05419e-06 0.000246053
5.706 0.00170581 0.698618 1.3729 5.54621e-06 0.000235504
5.766 0.00162559 0.701392 1.3715 5.06869e-06 0.000225138
5.826 0.00154912 0.704135 1.37002 4.62036e-06 0.00021495
5.886 0.00147624 0.706846 1.36848 4.20002e-06 0.00020494
5.946 0.00140677 0.709526 1.36686 3.8065e-06 0.000195102
6.006 0.00134057 0.712174 1.36517 3.43867e-06 0.000185437
6.066 0.00127748 0.714789 1.36341 3.09546e-06 0.000175939
6.126 0.00121735 0.717374 1.36158 2.77581e-06 0.000166608
6.186 0.00116006 0.719926 1.35968 2.47874e-06 0.00015744
6.246 0.00110547 0.722447 1.35771 2.20325e-06 0.000148434
6.306 0.00105345 0.724937 1.35567 1.94843e-06 0.000139586
6.366 0.00100389 0.727395 1.35357 1.71336e-06 0.000130895
6.426 0.000956668 0.729821 1.35139 1.49717e-06 0.000122359
6.486 0.000911679 0.732216 1.34915 1.29903e-06 0.000113975
6.546 0.000868817 0.73458 1.34685 1.11812e-06 0.000105741
6.606 0.000827984 0.736912 1.34448 9.53668e-07 9.76559e-05
6.666 0.000789084 0.739212 1.34204 8.0491e-07 8.97168e-05
6.726 0.000752027 0.741482 1.33954 6.71119e-07 8.19219e-05
6.786 0.000716726 0.74372 1.33698 5.51594e-07 7.42693e-05
6.846 0.000683098 0.745927 1.33435 4.45654e-07 6.67573e-05
6.906 0.000651065 0.748103 1.33167 3.52645e-07 5.93839e-05
6.966 0.000620552 0.750247 1.32892 2.71935e-07 5.21474e-05
7.026 0.000591486 0.752361 1.32611 2.02913e-07 4.50459e-05
7.086 0.0005638 0.754444 1.32325 1.44991e-07 3.80777e-05
7.146 0.000537428 0.756495 1.32033 9.76008e-08 3.12411e-05
7.206 0.000512307 0.758516 1.31735 6.01941e-08 2.45345e-05
7.266 0.000488379 0.760506 1.31431 3.22422e-08 1.79561e-05
7.326 0.000465587 0.762466 1.31123 1.32351e-08 1.15044e-05
7.386 0.000443876 0.764394 1.30809 2.68087e-09 5.17771e-06
7.446 0.000423196 0.766293 1.30489 0 0
7.506 0.000403498 0.768161 1.30173 0 0
7.566 0.000384732 0.769999 1.29863 0 0
7.626 0.000366856 0.771808 1.29559 0 0
7.686 0.000349825 0.77359 1.29261 0 0
7.746 0.000333598 0.775343 1.28969 0 0
7.806 0.000318138 0.77707 1.28683 0 0
7.866 0.000303407 0.77877 1.28403 0 0
7.926 0.000289369 0.780445 1.28128 0 0
7.986 0.000275993 0.782094 1.27858 0 0
8.046 0.000263245 0.783719 1.27593 0 0
8.106 0.000251096 0.78532 1.27333 0 0
8.166 0.000239517 0.786897 1.27078 0 0
8.226 0.000228481 0.788452 1.26828 0 0
8.286 0.000217961 0.789984 1.26582 0 0
8.346 0.000207934 0.791493 1.26341 0 0
8.406 0.000198376 0.792982 1.26104 0 0
8.466 0.000189264 0.794449 1.25872 0 0
8.526 0.000180577 0.795895 1.25643 0 0
8.586 0.000172295 0.797321 1.25418 0 0
8.646 0.000164399 0.798728 1.25198 0 0
8.706 0.00015687 0.800115 1.24981 0 0
8.766 0.000149692 0.801483 1.24767 0 0
8.826 0.000142846 0.802833 1.24558 0 0
8.886 0.000136319 0.804164 1.24352 0 0
8.946 0.000130094 0.805477 1.24149 0 0
9.006 0.000124158 0.806773 1.2395 0 0
9.066 0.000118496 0.808052 1.23754 0 0
9.126 0.000113097 0.809314 1.23561 0 0
9.186 0.000107947 0.81056 1.23371 0 0
9.246 0.000103034 0.811789 1.23184 0 0
9.306 9.83489e-05 0.813002 1.23 0 0
9.366 9.38794e-05 0.8142 1.22819 0 0
9.426 8.96158e-05 0.815383 1.22641 0 0
9.486 8.55484e-05 0.816551 1.22466 0 0
9.546 8.16682e-05 0.817704 1.22293 0 0
9.606 7.79663e-05 0.818842 1.22123 0 0
9.666 7.44344e-05 0.819967 1.21956 0 0
9.726 7.10647e-05 0.821078 1.21791 0 0
9.786 6.78494e-05 0.822175 1.21628 0 0
9.846 6.47815e-05 0.823258 1.21468 0 0
9.906 6.18541e-05 0.824329 1.21311 0 0
9.966 5.90607e-05 0.825386 1.21155 0 0
10.026 5.6395e-05 0.826431 1.21002 0 0
10.086 5.38511e-05 0.827464 1.20851 0 0
10.146 5.14233e-05 0.828484 1.20702 0 0
10.206 4.91064e-05 0.829492 1.20556 0 0
10.266 4.68951e-05 0.830489 1.20411 0 0
10.326 4.47845e-05 0.831474 1.20268 0 0
10.386 4.27701e-05 0.832448 1.20128 0 0
10.446 4.08473e-05 0.83341 1.19989 0 0
10.506 3.90119e-05 0.834361 1.19852 0 0
10.566 3.726e-05 0.835302 1.19717 0 0
10.626 3.55877e-05 0.836232 1.19584 0 0
10.686 3.39912e-05 0.837151 1.19453 0 0
10.746 3.24672e-05 0.838061 1.19323 0 0
10.806 3.10122e-05 0.83896 1.19195 0 0
10.866 2.96231e-05 0.839849 1.19069 0 0
10.926 2.8297e-05 0.840729 1.18944 0 0
10.986 2.70308e-05 0.841598 1.18821 0 0
11.046 2.58219e-05 0.842459 1.187 0 0
11.106 2.46676e-05 0.84331 1.1858 0 0
11.166 2.35654e-05 0.844152 1.18462 0 0
11.226 2.2513e-05 0.844985 1.18345 0 0
11.286 2.1508e-05 0.845809 1.1823 0 0
11.346 2.05484e-05 0.846624 1.18116 0 0
11.406 1.9632e-05 0.847431 1.18004 0 0
11.466 1.87568e-05 0.84823 1.17893 0 0
11.526 1.7921e-05 0.84902 1.17783 0 0
11.586 1.71228e-05 0.849801 1.17675 0 0
11.646 1.63605e-05 0.850575 1.17567 0 0
11.706 1.56325e-05 0.851341 1.17462 0 0
11.766 1.49371e-05 0.852099 1.17357 0 0
11.826 1.42729e-05 0.85285 1.17254 0 0
11.886 1.36385e-05 0.853592 1.17152 0 0
11.946 1.30325e-05 0.854328 1.17051 0 0
12.006 1.24537e-05 0.855056 1.16951 0 0
12.066 1.19008e-05 0.855777 1.16853 0 0
12.126 1.13726e-05 0.85649 1.16756 0 0
12.186 1.08681e-05 0.857197 1.16659 0 0
12.246 1.03861e-05 0.857896 1.16564 0 0
12.306 9.92561e-06 0.858589 1.1647 0 0
12.366 9.48569e-06 0.859275 1.16377 0 0
12.426 9.0654e-06 0.859955 1.16285 0 0
12.486 8.66384e-06 0.860628 1.16194 0 0
12.546 8.28018e-06 0.861294 1.16104 0 0
12.606 7.91361e-06 0.861955 1.16015 0 0
12.666 7.56335e-06 0.862609 1.15927 0 0
12.726 7.22868e-06 0.863256 1.1584 0 0
12.786 6.90888e-06 0.863898 1.15754 0 0
12.846 6.6033e-06 0.864534 1.15669 0 0
12.906 6.31128e-06 0.865163 1.15585 0 0
12.966 6.03222e-06 0.865787 1.15502 0 0
13.026 5.76553e-06 0.866406 1.15419 0 0
13.086 5.51067e-06 0.867018 1.15338 0 0
13.146 5.26709e-06 0.867625 1.15257 0 0
13.206 5.03429e-06 0.868227 1.15177 0 0
13.266 4.81179e-06 0.868823 1.15098 0 0
13.326 4.59912e-06 0.869413 1.1502 0 0
13.386 4.39584e-06 0.869998 1.14943 0 0
13.446 4.20154e-06 0.870579 1.14866 0 0
13.506 4.0158e-06 0.871154 1.1479 0 0
13.566 3.83825e-06 0.871723 1.14715 0 0
13.626 3.66851e-06 0.872288 1.14641 0 0
13.686 3.50624e-06 0.872848 1.14567 0 0
13.746 3.3511e-06 0.873403 1.14495 0 0
13.806 3.20278e-06 0.873953 1.14423 0 0
13.866 3.06095e-06 0.874499 1.14351 0 0
13.926 2.92534e-06 0.875039 1.14281 0 0
13.986 2.79567e-06 0.875576 1.14211 0 0
14.046 2.67167e-06 0.876107 1.14141 0 0
14.106 2.55308e-06 0.876634 1.14073 0 0
14.166 2.43966e-06 0.877157 1.14005 0 0
14.226 2.33118e-06 0.877675 1.13937 0 0
14.286 2.22742e-06 0.878188 1.13871 0 0
14.346 2.12816e-06 0.878698 1.13805 0 0
14.406 2.03321e-06 0.879203 1.13739 0 0
14.466 1.94237e-06 0.879704 1.13675 0 0
14.526 1.85545e-06 0.880201 1.1361 0 0
14.586 1.77228e-06 0.880694 1.13547 0 0
14.646 1.69269e-06 0.881183 1.13484 0 0
14.706 1.61652e-06 0.881667 1.13421 0 0
14.766 1.5436e-06 0.882148 1.1336 0 0
14.826 1.47381e-06 0.882625 1.13298 0 0
14.886 1.40699e-06 0.883098 1.13238 0 0
14.946 1.343e-06 0.883567 1.13178 0 0
15.006 1.28173e-06 0.884033 1.13118 0 0
15.066 1.22304e-06 0.884495 1.13059 0 0
15.126 1.16682e-06 0.884953 1.13 0 0
15.186 1.11296e-06 0.885408 1.12942 0 0
15.246 1.06134e-06 0.885859 1.12885 0 0
15.306 1.01187e-06 0.886306 1.12828 0 0
15.366 9.64443e-07 0.88675 1.12771 0 0
15.426 9.18965e-07 0.88719 1.12715 0 0
15.486 8.75347e-07 0.887628 1.1266 0 0
15.546 8.335e-07 0.888061 1.12605 0 0
15.606 7.93343e-07 0.888492 1.1255 0 0
15.666 7.54795e-07 0.888919 1.12496 0 0
15.726 7.1778e-07 0.889342 1.12443 0 0
15.786 6.82225e-07 0.889763 1.12389 0 0
15.846 6.4806e-07 0.89018 1.12337 0 0
15.906 6.15217e-07 0.890595 1.12285 0 0
15.966 5.83631e-07 0.891006 1.12233 0 0
16.026 5.53242e-07 0.891414 1.12181 0 0
16.086 5.23989e-07 0.891819 1.1213 0 0
16.146 4.95815e-07 0.892221 1.1208 0 0
16.206 4.68666e-07 0.89262 1.1203 0 0
16.266 4.42488e-07 0.893016 1.1198 0 0
16.326 4.17232e-07 0.893409 1.11931 0 0
16.386 3.92848e-07 0.8938 1.11882 0 0
16.446 3.6929e-07 0.894187 1.11833 0 0
16.506 3.46512e-07 0.894572 1.11785 0 0
16.566 3.2447e-07 0.894953 1.11738 0 0
16.626 3.03124e-07 0.895333 1.1169 0 0
16.686 2.82432e-07 0.895709 1.11643 0 0
16.746 2.62356e-07 0.896083 1.11597 0 0
16.806 2.42857e-07 0.896454 1.11551 0 0
16.866 2.23899e-07 0.896822 1.11505 0 0
16.926 2.05448e-07 0.897188 1.11459 0 0
16.986 1.87467e-07 0.897551 1.11414 0 0
17.046 1.69925e-07 0.897912 1.1137 0 0
17.106 1.5279e-07 0.89827 1.11325 0 0
17.166 1.36029e-07 0.898625 1.11281 0 0
17.226 1.19613e-07 0.898978 1.11237 0 0
17.286 1.03512e-07 0.899329 1.11194 0 0
17.346 8.76965e-08 0.899677 1.11151 0 0
17.406 7.2139e-08 0.900023 1.11108 0 0
17.466 5.68116e-08 0.900366 1.11066 0 0
17.526 4.16875e-08 0.900707 1.11024 0 0
17.586 2.67401e-08 0.901046 1.10982 0 0
17.646 1.19434e-08 0.901383 1.10941 0 0
17.706 6.9608e-10 0.901717 1.109 0 0
17.766 6.9608e-10 0.902049 1.10859 0 0
17.826 6.9608e-10 0.902379 1.10818 0 0
17.886 6.9608e-10 0.902706 1.10778 0 0
17.946 6.9608e-10 0.903031 1.10738 0 0
18.006 6.9608e-10 0.903354 1.10699 0 0
18.066 6.9608e-10 0.903675 1.10659 0 0
18.126 6.9608e-10 0.903994 1.1062 0 0
18.186 6.9608e-10 0.904311 1.10581 0 0
18.246 6.9608e-10 0.904626 1.10543 0 0
18.306 6.9608e-10 0.904938 1.10505 0 0
18.366 6.9608e-10 0.905249 1.10467 0 0
18.426 6.9608e-10 0.905557 1.10429 0 0
18.486 6.9608e-10 0.905864 1.10392 0 0
18.546 6.9608e-10 0.906168 1.10355 0 0
18.606 6.9608e-10 0.906471 1.10318 0 0
18.666 6.9608e-10 0.906772 1.10281 0 0
18.726 6.9608e-10 0.90707 1.10245 0 0
18.786 6.9608e-10 0.907367 1.10209 0 0
18.846 6.9608e-10 0.907662 1.10173 0 0
18.906 6.9608e-10 0.907955 1.10138 0 0
18.966 6.9608e-10 0.908246 1.10102 0 0
19.026 6.9608e-10 0.908536 1.10067 0 0
19.086 6.9608e-10 0.908823 1.10032 0 0
19.146 6.9608e-10 0.909109 1.09998 0 0
19.206 6.9608e-10 0.909393 1.09963 0 0
19.266 6.9608e-10 0.909675 1.09929 0 0
19.326 6.9608e-10 0.909955 1.09895 0 0
19.386 6.9608e-10 0.910234 1.09862 0 0
19.446 6.9608e-10 0.910511 1.09828 0 0
19.506 6.9608e-10 0.910786 1.09795 0 0
19.566 6.9608e-10 0.91106 1.09762 0 0
19.626 6.9608e-10 0.911332 1.0973 0 0
19.686 6.9608e-10 0.911602 1.09697 0 0
19.746 6.9608e-10 0.911871 1.09665 0 0
19.806 6.9608e-10 0.912138 1.09633 0 0
19.866 6.9608e-10 0.912403 1.09601 0 0
19.926 6.9608e-10 0.912667 1.09569 0 0
19.986 6.9608e-10 0.912929 1.09538 0 0
20.046 6.9608e-10 0.91319 1.09506 0 0
20.106 6.9608e-10 0.913449 1.09475 0 0
20.166 6.9608e-10 0.913706 1.09444 0 0
20.226 6.9608e-10 0.913962 1.09414 0 0
20.286 6.9608e-10 0.914217 1.09383 0 0
20.346 6.9608e-10 0.91447 1.09353 0 0
20.406 6.9608e-10 0.914721 1.09323 0 0
20.466 6.9608e-10 0.914971 1.09293 0 0
20.526 6.9608e-10 0.91522 1.09263 0 0
20.586 6.9608e-10 0.915467 1.09234 0 0
20.646 6.9608e-10 0.915712 1.09205 0 0
20.706 6.9608e-10 0.915957 1.09175 0 0
20.766 6.9608e-10 0.9162 1.09147 0 0
20.826 6.9608e-10 0.916441 1.09118 0 0
20.886 6.9608e-10 0.916681 1.09089 0 0
20.946 6.9608e-10 0.91692 1.09061 0 0
21.006 6.9608e-10 0.917157 1.09033 0 0
21.066 6.9608e-10 0.917393 1.09005 0 0
21.126 6.9608e-10 0.917628 1.08977 0 0
21.186 6.9608e-10 0.917861 1.08949 0 0
21.246 6.9608e-10 0.918093 1.08921 0 0
21.306 6.9608e-10 0.918323 1.08894 0 0
21.366 6.9608e-10 0.918553 1.08867 0 0
21.426 6.9608e-10 0.918781 1.0884 0 0
21.486 6.9608e-10 0.919008 1.08813 0 0
21.546 6.9608e-10 0.919233 1.08786 0 0
21.606 6.9608e-10 0.919458 1.0876 0 0
21.666 6.9608e-10 0.919681 1.08733 0 0
21.726 6.9608e-10 0.919902 1.08707 0 0
21.786 6.9608e-10 0.920123 1.08681 0 0
21.846 6.9608e-10 0.920342 1.08655 0 0
21.906 6.9608e-10 0.920561 1.08629 0 0
21.966 6.9608e-10 0.920778 1.08604 0 0
22.026 6.9608e-10 0.920993 1.08578 0 0
22.086 6.9608e-10 0.921208 1.08553 0 0
22.146 6.9608e-10 0.921421 1.08528 0 0
22.206 6.9608e-10 0.921634 1.08503 0 0
22.266 6.9608e-10 0.921845 1.08478 0 0
22.326 6.9608e-10 0.922055 1.08453 0 0
22.386 6.9608e-10 0.922264 1.08429 0 0
22.446 6.9608e-10 0.922472 1.08404 0 0
22.506 6.9608e-10 0.922678 1.0838 0 0
22.566 6.9608e-10 0.922884 1.08356 0 0
22.626 6.9608e-10 0.923088 1.08332 0 0
22.686 6.9608e-10 0.923292 1.08308 0 0
22.746 6.9608e-10 0.923494 1.08284 0 0
22.806 6.9608e-10 0.923696 1.08261 0 0
22.866 6.9608e-10 0.923896 1.08237 0 0
22.926 6.9608e-10 0.924095 1.08214 0 0
22.986 6.9608e-10 0.924293 1.08191 0 0
23.046 6.9608e-10 0.92449 1.08168 0 0
23.106 6.9608e-10 0.924686 1.08145 0 0
23.166 6.9608e-10 0.924881 1.08122 0 0
23.226 6.9608e-10 0.925075 1.08099 0 0
23.286 6.9608e-10 0.925268 1.08077 0 0
23.346 6.9608e-10 0.92546 1.08054 0 0
23.406 6.9608e-10 0.925652 1.08032 0 0
23.466 6.9608e-10 0.925842 1.0801 0 0
23.526 6.9608e-10 0.926031 1.07988 0 0
23.586 6.9608e-10 0.926219 1.07966 0 0
23.646 6.9608e-10 0.926406 1.07944 0 0
23.706 6.9608e-10 0.926592 1.07922 0 0
23.766 6.9608e-10 0.926778 1.07901 0 0
23.826 6.9608e-10 0.926962 1.07879 0 0
23.886 6.9608e-10 0.927146 1.07858 0 0
23.946 6.9608e-10 0.927328 1.07837 0 0
24.006 6.9608e-10 0.92751 1.07816 0 0
24.066 6.9608e-10 0.927691 1.07795 0 0
24.126 6.9608e-10 0.92787 1.07774 0 0
24.186 6.9608e-10 0.928049 1.07753 0 0
24.246 6.9608e-10 0.928227 1.07732 0 0
24.306 6.9608e-10 0.928404 1.07712 0 0
24.366 6.9608e-10 0.928581 1.07691 0 0
24.426 6.9608e-10 0.928756 1.07671 0 0
24.486 6.9608e-10 0.928931 1.07651 0 0
24.546 6.9608e-10 0.929105 1.07631 0 0
24.606 6.9608e-10 0.929277 1.0761 0 0
24.666 6.9608e-10 0.929449 1.07591 0 0
24.726 6.9608e-10 0.929621 1.07571 0 0
24.786 6.9608e-10 0.929791 1.07551 0 0
24.846 6.9608e-10 0.929961 1.07531 0 0
24.906 6.9608e-10 0.930129 1.07512 0 0
24.966 6.9608e-10 0.930297 1.07493 0 0
25.026 6.9608e-10 0.930464 1.07473 0 0
25.086 6.9608e-10 0.930631 1.07454 0 0
25.146 6.9608e-10 0.930796 1.07435 0 0
25.206 6.9608e-10 0.930961 1.07416 0 0
25.266 6.9608e-10 0.931125 1.07397 0 0
25.326 6.9608e-10 0.931288 1.07378 0 0
25.386 6.9608e-10 0.93145 1.07359 0 0
25.446 6.9608e-10 0.931612 1.07341 0 0
25.506 6.9608e-10 0.931773 1.07322 0 0
25.566 6.9608e-10 0.931933 1.07304 0 0
25.626 6.9608e-10 0.932092 1.07286 0 0
25.686 6.9608e-10 0.932251 1.07267 0 0
25.746 6.9608e-10 0.932409 1.07249 0 0
25.806 6.9608e-10 0.932566 1.07231 0 0
25.866 6.9608e-10 0.932722 1.07213 0 0
25.926 6.9608e-10 0.932878 1.07195 0 0
25.986 6.9608e-10 0.933033 1.07177 0 0
26.046 6.9608e-10 0.933187 1.0716 0 0
26.106 6.9608e-10 0.933341 1.07142 0 0
26.166 6.9608e-10 0.933494 1.07124 0 0
26.226 6.9608e-10 0.933646 1.07107 0 0
26.286 6.9608e-10 0.933797 1.0709 0 0
26.346 6.9608e-10 0.933948 1.07072 0 0
26.406 6.9608e-10 0.934098 1.07055 0 0
26.466 6.9608e-10 0.934248 1.07038 0 0
26.526 6.9608e-10 0.934396 1.07021 0 0
26.586 6.9608e-10 0.934544 1.07004 0 0
26.646 6.9608e-10 0.934692 1.06987 0 0
26.706 6.9608e-10 0.934839 1.0697 0 0
26.766 6.9608e-10 0.934985 1.06954 0 0
26.826 6.9608e-10 0.93513 1.06937 0 0
26.886 6.9608e-10 0.935275 1.0692 0 0
26.946 6.9608e-10 0.935419 1.06904 0 0
27.006 6.9608e-10 0.935562 1.06888 0 0
27.066 6.9608e-10 0.935705 1.06871 0 0
27.126 6.9608e-10 0.935848 1.06855 0 0
27.186 6.9608e-10 0.935989 1.06839 0 0
27.246 6.9608e-10 0.93613 1.06823 0 0
27.306 6.9608e-10 0.93627 1.06807 0 0
27.366 6.9608e-10 0.93641 1.06791 0 0
27.426 6.9608e-10 0.936549 1.06775 0 0
27.486 6.9608e-10 0.936688 1.06759 0 0
27.546 6.9608e-10 0.936826 1.06743 0 0
27.606 6.9608e-10 0.936963 1.06728 0 0
27.666 6.9608e-10 0.9371 1.06712 0 0
27.726 6.9608e-10 0.937236 1.06697 0 0
27.786 6.9608e-10 0.937371 1.06681 0 0
27.846 6.9608e-10 0.937506 1.06666 0 0
27.906 6.9608e-10 0.937641 1.06651 0 0
27.966 6.9608e-10 0.937774 1.06635 0 0
28.026 6.9608e-10 0.937908 1.0662 0 0
28.086 6.9608e-10 0.93804 1.06605 0 0
28.146 6.9608e-10 0.938172 1.0659 0 0
28.206 6.9608e-10 0.938304 1.06575 0 0
28.266 6.9608e-10 0.938435 1.0656 0 0
28.326 6.9608e-10 0.938565 1.06546 0 0
28.386 6.9608e-10 0.938695 1.06531 0 0
28.446 6.9608e-10 0.938824 1.06516 0 0
28.506 6.9608e-10 0.938953 1.06502 0 0
28.566 6.9608e-10 0.939081 1.06487 0 0
28.626 6.9608e-10 0.939209 1.06473 0 0
28.686 6.9608e-10 0.939336 1.06458 0 0
28.746 6.9608e-10 0.939463 1.06444 0 0
28.806 6.9608e-10 0.939589 1.0643 0 0
28.866 6.9608e-10 0.939715 1.06415 0 0
28.926 6.9608e-10 0.93984 1.06401 0 0
28.986 6.9608e-10 0.939964 1.06387 0 0
29.046 6.9608e-10 0.940088 1.06373 0 0
29.106 6.9608e-10 0.940212 1.06359 0 0
29.166 6.9608e-10 0.940335 1.06345 0 0
29.226 6.9608e-10 0.940457 1.06331 0 0
29.286 6.9608e-10 0.940579 1.06317 0 0
29.346 6.9608e-10 0.940701 1.06304 0 0
29.406 6.9608e-10 0.940822 1.0629 0 0
29.466 6.9608e-10 0.940942 1.06276 0 0
29.526 6.9608e-10 0.941062 1.06263 0 0
29.586 6.9608e-10 0.941182 1.06249 0 0
29.646 6.9608e-10 0.941301 1.06236 0 0
29.706 6.9608e-10 0.941419 1.06223 0 0
29.766 6.9608e-10 0.941537 1.06209 0 0
29.826 6.9608e-10 0.941655 1.06196 0 0
29.886 6.9608e-10 0.941772 1.06183 0 0
29.946 6.9608e-10 0.941889 1.0617 0 0
30.006 6.9608e-10 0.942005 1.06157 0 0
30.066 6.9608e-10 0.942121 1.06144 0 0
30.126 6.9608e-10 0.942236 1.06131 0 0
30.186 6.9608e-10 0.942351 1.06118 0 0
30.246 6.9608e-10 0.942465 1.06105 0 0
30.306 6.9608e-10 0.942579 1.06092 0 0
30.366 6.9608e-10 0.942692 1.06079 0 0
30.426 6.9608e-10 0.942805 1.06066 0 0
30.486 6.9608e-10 0.942918 1.06054 0 0
30.546 6.9608e-10 0.94303 1.06041 0 0
30.606 6.9608e-10 0.943142 1.06029 0 0
30.666 6.9608e-10 0.943253 1.06016 0 0
30.726 6.9608e-10 0.943364 1.06004 0 0
30.786 6.9608e-10 0.943474 1.05991 0 0
30.846 6.9608e-10 0.943584 1.05979 0 0
30.906 6.9608e-10 0.943694 1.05967 0 0
30.966 6.9608e-10 0.943803 1.05954 0 0
31.026 6.9608e-10 0.943912 1.05942 0 0
31.086 6.9608e-10 0.94402 1.0593 0 0
31.146 6.9608e-10 0.944128 1.05918 0 0
31.206 6.9608e-10 0.944235 1.05906 0 0
31.266 6.9608e-10 0.944342 1.05894 0 0
31.326 6.9608e-10 0.944449 1.05882 0 0
31.386 6.9608e-10 0.944555 1.0587 0 0
31.446 6.9608e-10 0.944661 1.05858 0 0
31.506 6.9608e-10 0.944766 1.05846 0 0
31.566 6.9608e-10 0.944871 1.05835 0 0
31.626 6.9608e-10 0.944976 1.05823 0 0
31.686 6.9608e-10 0.94508 1.05811 0 0
31.746 6.9608e-10 0.945184 1.058 0 0
31.806 6.9608e-10 0.945287 1.05788 0 0
31.866 6.9608e-10 0.94539 1.05776 0 0
31.926 6.9608e-10 0.945493 1.05765 0 0
31.986 6.9608e-10 0.945595 1.05754 0 0
32.046 6.9608e-10 0.945697 1.05742 0 0
32.106 6.9608e-10 0.945798 1.05731 0 0
32.166 6.9608e-10 0.945899 1.05719 0 0
32.226 6.9608e-10 0.946 1.05708 0 0
32.286 6.9608e-10 0.9461 1.05697 0 0
32.346 6.9608e-10 0.9462 1.05686 0 0
32.406 6.9608e-10 0.9463 1.05675 0 0
32.466 6.9608e-10 0.946399 1.05664 0 0
32.526 6.9608e-10 0.946498 1.05653 0 0
32.586 6.9608e-10 0.946597 1.05642 0 0
32.646 6.9608e-10 0.946695 1.05631 0 0
32.706 6.9608e-10 0.946793 1.0562 0 0
32.766 6.9608e-10 0.94689 1.05609 0 0
32.826 6.9608e-10 0.946987 1.05598 0 0
32.886 6.9608e-10 0.947084 1.05587 0 0
32.946 6.9608e-10 0.94718 1.05577 0 0
33.006 6.9608e-10 0.947276 1.05566 0 0
33.066 6.9608e-10 0.947372 1.05555 0 0
33.126 6.9608e-10 0.947467 1.05545 0 0
33.186 6.9608e-10 0.947562 1.05534 0 0
33.246 6.9608e-10 0.947657 1.05523 0 0
33.306 6.9608e-10 0.947751 1.05513 0 0
33.366 6.9608e-10 0.947845 1.05502 0 0
33.426 6.9608e-10 0.947939 1.05492 0 0
33.486 6.9608e-10 0.948032 1.05482 0 0
33.546 6.9608e-10 0.948125 1.05471 0 0
33.606 6.9608e-10 0.948218 1.05461 0 0
33.666 6.9608e-10 0.94831 1.05451 0 0
33.726 6.9608e-10 0.948402 1.05441 0 0
33.786 6.9608e-10 0.948493 1.0543 0 0
33.846 6.9608e-10 0.948585 1.0542 0 0
33.906 6.9608e-10 0.948676 1.0541 0 0
33.966 6.9608e-10 0.948766 1.054 0 0
34.026 6.9608e-10 0.948857 1.0539 0 0
34.086 6.9608e-10 0.948947 1.0538 0 0
34.146 6.9608e-10 0.949036 1.0537 0 0
34.206 6.9608e-10 0.949126 1.0536 0 0
34.266 6.9608e-10 0.949215 1.0535 0 0
34.326 6.9608e-10 0.949304 1.0534 0 0
34.386 6.9608e-10 0.949392 1.05331 0 0
34.446 6.9608e-10 0.94948 1.05321 0 0
34.506 6.9608e-10 0.949568 1.05311 0 0
34.566 6.9608e-10 0.949656 1.05301 0 0
34.626 6.9608e-10 0.949743 1.05292 0 0
34.686 6.9608e-10 0.94983 1.05282 0 0
34.746 6.9608e-10 0.949917 1.05272 0 0
34.806 6.9608e-10 0.950003 1.05263 0 0
34.866 6.9608e-10 0.950089 1.05253 0 0
34.926 6.9608e-10 0.950175 1.05244 0 0
34.986 6.9608e-10 0.95026 1.05234 0 0
35.046 6.9608e-10 0.950345 1.05225 0 0
35.106 6.9608e-10 0.95043 1.05216 0 0
35.166 6.9608e-10 0.950515 1.05206 0 0
35.226 6.9608e-10 0.950599 1.05197 0 0
35.286 6.9608e-10 0.950683 1.05188 0 0
35.346 6.9608e-10 0.950767 1.05178 0 0
35.406 6.9608e-10 0.95085 1.05169 0 0
35.466 6.9608e-10 0.950933 1.0516 0 0
35.526 6.9608e-10 0.951016 1.05151 0 0
35.586 6.9608e-10 0.951099 1.05142 0 0
35.646 6.9608e-10 0.951181 1.05132 0 0
35.706 6.9608e-10 0.951263 1.05123 0 0
35.766 6.9608e-10 0.951345 1.05114 0 0
35.826 6.9608e-10 0.951426 1.05105 0 0
35.886 6.9608e-10 0.951508 1.05096 0 0
35.946 6.9608e-10 0.951588 1.05087 0 0
36.006 6.9608e-10 0.951669 1.05079 0 0
36.066 6.9608e-10 0.95175 1.0507 0 0
36.126 6.9608e-10 0.95183 1.05061 0 0
36.186 6.9608e-10 0.95191 1.05052 0 0
36.246 6.9608e-10 0.951989 1.05043 0 0
36.306 6.9608e-10 0.952069 1.05034 0 0
36.366 6.9608e-10 0.952148 1.05026 0 0
36.426 6.9608e-10 0.952226 1.05017 0 0
36.486 6.9608e-10 0.952305 1.05008 0 0
36.546 6.9608e-10 0.952383 1.05 0 0
36.606 6.9608e-10 0.952461 1.04991 0 0
36.666 6.9608e-10 0.952539 1.04983 0 0
36.726 6.9608e-10 0.952617 1.04974 0 0
36.786 6.9608e-10 0.952694 1.04966 0 0
36.846 6.9608e-10 0.952771 1.04957 0 0
36.906 6.9608e-10 0.952848 1.04949 0 0
36.966 6.9608e-10 0.952924 1.0494 0 0
37.026 6.9608e-10 0.953001 1.04932 0 0
37.086 6.9608e-10 0.953077 1.04923 0 0
37.146 6.9608e-10 0.953152 1.04915 0 0
37.206 6.9608e-10 0.953228 1.04907 0 0
37.266 6.9608e-10 0.953303 1.04898 0 0
37.326 6.9608e-10 0.953378 1.0489 0 0
37.386 6.9608e-10 0.953453 1.04882 0 0
37.446 6.9608e-10 0.953528 1.04874 0 0
37.506 6.9608e-10 0.953602 1.04866 0 0
37.566 6.9608e-10 0.953676 1.04857 0 0
37.626 6.9608e-10 0.95375 1.04849 0 0
37.686 6.9608e-10 0.953824 1.04841 0 0
37.746 6.9608e-10 0.953897 1.04833 0 0
37.806 6.9608e-10 0.95397 1.04825 0 0
37.866 6.9608e-10 0.954043 1.04817 0 0
37.926 6.9608e-10 0.954116 1.04809 0 0
37.986 6.9608e-10 0.954188 1.04801 0 0
38.046 6.9608e-10 0.954261 1.04793 0 0
38.106 6.9608e-10 0.954333 1.04785 0 0
38.166 6.9608e-10 0.954404 1.04777 0 0
38.226 6.9608e-10 0.954476 1.0477 0 0
38.286 6.9608e-10 0.954547 1.04762 0 0
38.346 6.9608e-10 0.954618 1.04754 0 0
38.406 6.9608e-10 0.954689 1.04746 0 0
38.466 6.9608e-10 0.95476 1.04738 0 0
38.526 6.9608e-10 0.95483 1.04731 0 0
38.586 6.9608e-10 0.954901 1.04723 0 0
38.646 6.9608e-10 0.954971 1.04715 0 0
38.706 6.9608e-10 0.955041 1.04708 0 0
38.766 6.9608e-10 0.95511 1.047 0 0
38.826 6.9608e-10 0.95518 1.04692 0 0
38.886 6.9608e-10 0.955249 1.04685 0 0
38.946 6.9608e-10 0.955318 1.04677 0 0
39.006 6.9608e-10 0.955386 1.0467 0 0
39.066 6.9608e-10 0.955455 1.04662 0 0
39.126 6.9608e-10 0.955523 1.04655 0 0
39.186 6.9608e-10 0.955591 1.04647 0 0
39.246 6.9608e-10 0.955659 1.0464 0 0
39.306 6.9608e-10 0.955727 1.04632 0 0
39.366 6.9608e-10 0.955794 1.04625 0 0
39.426 6.9608e-10 0.955862 1.04618 0 0
39.486 6.9608e-10 0.955929 1.0461 0 0
39.546 6.9608e-10 0.955996 1.04603 0 0
39.606 6.9608e-10 0.956062 1.04596 0 0
39.666 6.9608e-10 0.956129 1.04588 0 0
39.726 6.9608e-10 0.956195 1.04581 0 0
39.786 6.9608e-10 0.956261 1.04574 0 0
39.846 6.9608e-10 0.956327 1.04567 0 0
39.906 6.9608e-10 0.956393 1.0456 0 0
39.966 6.9608e-10 0.956458 1.04552 0 0
40.026 6.9608e-10 0.956523 1.04545 0 0
40.086 6.9608e-10 0.956588 1.04538 0 0
40.146 6.9608e-10 0.956653 1.04531 0 0
40.206 6.9608e-10 0.956718 1.04524 0 0
40.266 6.9608e-10 0.956782 1.04517 0 0
40.326 6.9608e-10 0.956847 1.0451 0 0
40.386 6.9608e-10 0.956911 1.04503 0 0
40.446 6.9608e-10 0.956975 1.04496 0 0
40.506 6.9608e-10 0.957038 1.04489 0 0
40.566 6.9608e-10 0.957102 1.04482 0 0
40.626 6.9608e-10 0.957165 1.04475 0 0
40.686 6.9608e-10 0.957229 1.04468 0 0
40.746 6.9608e-10 0.957292 1.04461 0 0
40.806 6.9608e-10 0.957354 1.04455 0 0
40.866 6.9608e-10 0.957417 1.04448 0 0
40.926 6.9608e-10 0.957479 1.04441 0 0
40.986 6.9608e-10 0.957542 1.04434 0 0
41.046 6.9608e-10 0.957604 1.04427 0 0
41.106 6.9608e-10 0.957666 1.04421 0 0
41.166 6.9608e-10 0.957727 1.04414 0 0
41.226 6.9608e-10 0.957789 1.04407 0 0
41.286 6.9608e-10 0.95785 1.044 0 0
41.346 6.9608e-10 0.957911 1.04394 0 0
41.406 6.9608e-10 0.957972 1.04387 0 0
41.466 6.9608e-10 0.958033 1.04381 0 0
41.526 6.9608e-10 0.958094 1.04374 0 0
41.586 6.9608e-10 0.958154 1.04367 0 0
41.646 6.9608e-10 0.958214 1.04361 0 0
41.706 6.9608e-10 0.958275 1.04354 0 0
41.766 6.9608e-10 0.958335 1.04348 0 0
41.826 6.9608e-10 0.958394 1.04341 0 0
41.886 6.9608e-10 0.958454 1.04335 0 0
41.946 6.9608e-10 0.958513 1.04328 0 0
42.006 6.9608e-10 0.958573 1.04322 0 0
42.066 6.9608e-10 0.958632 1.04315 0 0
42.126 6.9608e-10 0.958691 1.04309 0 0
42.186 6.9608e-10 0.958749 1.04303 0 0
42.246 6.9608e-10 0.958808 1.04296 0 0
42.306 6.9608e-10 0.958866 1.0429 0 0
42.366 6.9608e-10 0.958925 1.04283 0 0
42.426 6.9608e-10 0.958983 1.04277 0 0
42.486 6.9608e-10 0.959041 1.04271 0 0
42.546 6.9608e-10 0.959098 1.04265 0 0
42.606 6.9608e-10 0.959156 1.04258 0 0
42.666 6.9608e-10 0.959213 1.04252 0 0
42.726 6.9608e-10 0.959271 1.04246 0 0
42.786 6.9608e-10 0.959328 1.0424 0 0
42.846 6.9608e-10 0.959385 1.04233 0 0
42.906 6.9608e-10 0.959442 1.04227 0 0
42.966 6.9608e-10 0.959498 1.04221 0 0
43.026 6.9608e-10 0.959555 1.04215 0 0
43.086 6.9608e-10 0.959611 1.04209 0 0
43.146 6.9608e-10 0.959667 1.04203 0 0
43.206 6.9608e-10 0.959723 1.04197 0 0
43.266 6.9608e-10 0.959779 1.04191 0 0
43.326 6.9608e-10 0.959835 1.04185 0 0
43.386 6.9608e-10 0.95989 1.04179 0 0
43.446 6.9608e-10 0.959946 1.04173 0 0
43.506 6.9608e-10 0.960001 1.04167 0 0
43.566 6.9608e-10 0.960056 1.04161 0 0
43.626 6.9608e-10 0.960111 1.04155 0 0
43.686 6.9608e-10 0.960166 1.04149 0 0
43.746 6.9608e-10 0.96022 1.04143 0 0
43.806 6.9608e-10 0.960275 1.04137 0 0
43.866 6.9608e-10 0.960329 1.04131 0 0
43.926 6.9608e-10 0.960383 1.04125 0 0
43.986 6.9608e-10 0.960437 1.04119 0 0
44.046 6.9608e-10 0.960491 1.04113 0 0
44.106 6.9608e-10 0.960545 1.04108 0 0
44.166 6.9608e-10 0.960599 1.04102 0 0
44.226 6.9608e-10 0.960652 1.04096 0 0
44.286 6.9608e-10 0.960705 1.0409 0 0
44.346 6.9608e-10 0.960759 1.04084 0 0
44.406 6.9608e-10 0.960812 1.04079 0 0
44.466 6.9608e-10 0.960864 1.04073 0 0
44.526 6.9608e-10 0.960917 1.04067 0 0
44.586 6.9608e-10 0.96097 1.04062 0 0
44.646 6.9608e-10 0.961022 1.04056 0 0
44.706 6.9608e-10 0.961075 1.0405 0 0
44.766 6.9608e-10 0.961127 1.04045 0 0
44.826 6.9608e-10 0.961179 1.04039 0 0
44.886 6.9608e-10 0.961231 1.04033 0 0
44.946 6.9608e-10 0.961282 1.04028 0 0
45.006 6.9608e-10 0.961334 1.04022 0 0
45.066 6.9608e-10 0.961386 1.04017 0 0
45.126 6.9608e-10 0.961437 1.04011 0 0
45.186 6.9608e-10 0.961488 1.04005 0 0
45.246 6.9608e-10 0.961539 1.04 0 0
45.306 6.9608e-10 0.96159 1.03994 0 0
45.366 6.9608e-10 0.961641 1.03989 0 0
45.426 6.9608e-10 0.961692 1.03983 0 0
45.486 6.9608e-10 0.961742 1.03978 0 0
45.546 6.9608e-10 0.961792 1.03973 0 0
45.606 6.9608e-10 0.961843 1.03967 0 0
45.666 6.9608e-10 0.961893 1.03962 0 0
45.726 6.9608e-10 0.961943 1.03956 0 0
45.786 6.9608e-10 0.961993 1.03951 0 0
45.846 6.9608e-10 0.962042 1.03946 0 0
45.906 6.9608e-10 0.962092 1.0394 0 0
45.966 6.9608e-10 0.962142 1.03935 0 0
46.026 6.9608e-10 0.962191 1.03929 0 0
46.086 6.9608e-10 0.96224 1.03924 0 0
46.146 6.9608e-10 0.962289 1.03919 0 0
46.206 6.9608e-10 0.962338 1.03914 0 0
46.266 6.9608e-10 0.962387 1.03908 0 0
46.326 6.9608e-10 0.962436 1.03903 0 0
46.386 6.9608e-10 0.962484 1.03898 0 0
46.446 6.9608e-10 0.962533 1.03893 0 0
46.506 6.9608e-10 0.962581 1.03887 0 0
46.566 6.9608e-10 0.962629 1.03882 0 0
46.626 6.9608e-10 0.962677 1.03877 0 0
46.686 6.9608e-10 0.962725 1.03872 0 0
46.746 6.9608e-10 0.962773 1.03867 0 0
46.806 6.9608e-10 0.962821 1.03861 0 0
46.866 6.9608e-10 0.962869 1.03856 0 0
46.926 6.9608e-10 0.962916 1.03851 0 0
46.986 6.9608e-10 0.962963 1.03846 0 0
47.046 6.9608e-10 0.963011 1.03841 0 0
47.106 6.9608e-10 0.963058 1.03836 0 0
47.166 6.9608e-10 0.963105 1.03831 0 0
47.226 6.9608e-10 0.963152 1.03826 0 0
47.286 6.9608e-10 0.963198 1.03821 0 0
47.346 6.9608e-10 0.963245 1.03816 0 0
47.406 6.9608e-10 0.963292 1.03811 0 0
47.466 6.9608e-10 0.963338 1.03806 0 0
47.526 6.9608e-10 0.963384 1.03801 0 0
47.586 6.9608e-10 0.96343 1.03796 0 0
47.646 6.9608e-10 0.963476 1.03791 0 0
47.706 6.9608e-10 0.963522 1.03786 0 0
47.766 6.9608e-10 0.963568 1.03781 0 0
47.826 6.9608e-10 0.963614 1.03776 0 0
47.886 6.9608e-10 0.96366 1.03771 0 0
47.946 6.9608e-10 0.963705 1.03766 0 0
48.006 6.9608e-10 0.96375 1.03761 0 0
48.066 6.9608e-10 0.963796 1.03756 0 0
48.126 6.9608e-10 0.963841 1.03752 0 0
48.186 6.9608e-10 0.963886 1.03747 0 0
48.246 6.9608e-10 0.963931 1.03742 0 0
48.306 6.9608e-10 0.963975 1.03737 0 0
48.366 6.9608e-10 0.96402 1.03732 0 0
48.426 6.9608e-10 0.964065 1.03727 0 0
48.486 6.9608e-10 0.964109 1.03723 0 0
48.546 6.9608e-10 0.964154 1.03718 0 0
48.606 6.9608e-10 0.964198 1.03713 0 0
48.666 6.9608e-10 0.964242 1.03708 0 0
48.726 6.9608e-10 0.964286 1.03704 0 0
48.786 6.9608e-10 0.96433 1.03699 0 0
48.846 6.9608e-10 0.964374 1.03694 0 0
48.906 6.9608e-10 0.964417 1.0369 0 0
48.966 6.9608e-10 0.964461 1.03685 0 0
49.026 6.9608e-10 0.964505 1.0368 0 0
49.086 6.9608e-10 0.964548 1.03676 0 0
49.146 6.9608e-10 0.964591 1.03671 0 0
49.206 6.9608e-10 0.964634 1.03666 0 0
49.266 6.9608e-10 0.964677 1.03662 0 0
49.326 6.9608e-10 0.96472 1.03657 0 0
49.386 6.9608e-10 0.964763 1.03652 0 0
49.446 6.9608e-10 0.964806 1.03648 0 0
49.506 6.9608e-10 0.964849 1.03643 0 0
49.566 6.9608e-10 0.964891 1.03639 0 0
49.626 6.9608e-10 0.964934 1.03634 0 0
49.686 6.9608e-10 0.964976 1.0363 0 0
49.746 6.9608e-10 0.965018 1.03625 0 0
49.806 6.9608e-10 0.96506 1.0362 0 0
49.866 6.9608e-10 0.965102 1.03616 0 0
49.926 6.9608e-10 0.965144 1.03611 0 0
49.986 6.9608e-10 0.965186 1.03607 0 0
50.046 6.9608e-10 0.965228 1.03602 0 0
50.106 6.9608e-10 0.96527 1.03598 0 0
50.166 6.9608e-10 0.965311 1.03594 0 0
50.226 6.9608e-10 0.965353 1.03589 0 0
50.286 6.9608e-10 0.965394 1.03585 0 0
50.346 6.9608e-10 0.965435 1.0358 0 0
50.406 6.9608e-10 0.965476 1.03576 0 0
50.466 6.9608e-10 0.965517 1.03571 0 0
50.526 6.9608e-10 0.965558 1.03567 0 0
50.586 6.9608e-10 0.965599 1.03563 0 0
50.646 6.9608e-10 0.96564 1.03558 0 0
50.706 6.9608e-10 0.965681 1.03554 0 0
50.766 6.9608e-10 0.965721 1.0355 0 0
50.826 6.9608e-10 0.965762 1.03545 0 0
50.886 6.9608e-10 0.965802 1.03541 0 0
50.946 6.9608e-10 0.965842 1.03537 0 0
51.006 6.9608e-10 0.965882 1.03532 0 0
51.066 6.9608e-10 0.965923 1.03528 0 0
51.126 6.9608e-10 0.965963 1.03524 0 0
51.186 6.9608e-10 0.966002 1.03519 0 0
51.246 6.9608e-10 0.966042 1.03515 0 0
51.306 6.9608e-10 0.966082 1.03511 0 0
51.366 6.9608e-10 0.966122 1.03507 0 0
51.426 6.9608e-10 0.966161 1.03502 0 0
51.486 6.9608e-10 0.966201 1.03498 0 0
51.546 6.9608e-10 0.96624 1.03494 0 0
51.606 6.9608e-10 0.966279 1.0349 0 0
51.666 6.9608e-10 0.966318 1.03486 0 0
51.726 6.9608e-10 0.966357 1.03481 0 0
51.786 6.9608e-10 0.966396 1.03477 0 0
51.846 6.9608e-10 0.966435 1.03473 0 0
51.906 6.9608e-10 0.966474 1.03469 0 0
51.966 6.9608e-10 0.966513 1.03465 0 0
52.026 6.9608e-10 0.966551 1.03461 0 0
52.086 6.9608e-10 0.96659 1.03456 0 0
52.146 6.9608e-10 0.966628 1.03452 0 0
52.206 6.9608e-10 0.966667 1.03448 0 0
52.266 6.9608e-10 0.966705 1.03444 0 0
52.326 6.9608e-10 0.966743 1.0344 0 0
52.386 6.9608e-10 0.966781 1.03436 0 0
52.446 6.9608e-10 0.966819 1.03432 0 0
52.506 6.9608e-10 0.966857 1.03428 0 0
52.566 6.9608e-10 0.966895 1.03424 0 0
52.626 6.9608e-10 0.966933 1.0342 0 0
52.686 6.9608e-10 0.96697 1.03416 0 0
52.746 6.9608e-10 0.967008 1.03412 0 0
52.806 6.9608e-10 0.967045 1.03408 0 0
52.866 6.9608e-10 0.967083 1.03404 0 0
52.926 6.9608e-10 0.96712 1.034 0 0
52.986 6.9608e-10 0.967157 1.03396 0 0
53.046 6.9608e-10 0.967195 1.03392 0 0
53.106 6.9608e-10 0.967232 1.03388 0 0
53.166 6.9608e-10 0.967269 1.03384 0 0
53.226 6.9608e-10 0.967305 1.0338 0 0
53.286 6.9608e-10 0.967342 1.03376 0 0
53.346 6.9608e-10 0.967379 1.03372 0 0
53.406 6.9608e-10 0.967416 1.03368 0 0
53.466 6.9608e-10 0.967452 1.03364 0 0
53.526 6.9608e-10 0.967489 1.0336 0 0
53.586 6.9608e-10 0.967525 1.03356 0 0
53.646 6.9608e-10 0.967561 1.03353 0 0
53.706 6.9608e-10 0.967598 1.03349 0 0
53.766 6.9608e-10 0.967634 1.03345 0 0
53.826 6.9608e-10 0.96767 1.03341 0 0
53.886 6.9608e-10 0.967706 1.03337 0 0
53.946 6.9608e-10 0.967742 1.03333 0 0
54.006 6.9608e-10 0.967778 1.0333 0 0
54.066 6.9608e-10 0.967813 1.03326 0 0
54.126 6.9608e-10 0.967849 1.03322 0 0
54.186 6.9608e-10 0.967885 1.03318 0 0
54.246 6.9608e-10 0.96792 1.03314 0 0
54.306 6.9608e-10 0.967956 1.03311 0 0
54.366 6.9608e-10 0.967991 1.03307 0 0
54.426 6.9608e-10 0.968026 1.03303 0 0
54.486 6.9608e-10 0.968062 1.03299 0 0
54.546 6.9608e-10 0.968097 1.03295 0 0
54.606 6.9608e-10 0.968132 1.03292 0 0
54.666 6.9608e-10 0.968167 1.03288 0 0
54.726 6.9608e-10 0.968202 1.03284 0 0
54.786 6.9608e-10 0.968236 1.03281 0 0
54.846 6.9608e-10 0.968271 1.03277 0 0
54.906 6.9608e-10 0.968306 1.03273 0 0
54.966 6.9608e-10 0.96834 1.03269 0 0
55.026 6.9608e-10 0.968375 1.03266 0 0
55.086 6.9608e-10 0.968409 1.03262 0 0
55.146 6.9608e-10 0.968444 1.03258 0 0
55.206 6.9608e-10 0.968478 1.03255 0 0
55.266 6.9608e-10 0.968512 1.03251 0 0
55.326 6.9608e-10 0.968546 1.03248 0 0
55.386 6.9608e-10 0.968581 1.03244 0 0
55.446 6.9608e-10 0.968615 1.0324 0 0
55.506 6.9608e-10 0.968648 1.03237 0 0
55.566 6.9608e-10 0.968682 1.03233 0 0
55.626 6.9608e-10 0.968716 1.03229 0 0
55.686 6.9608e-10 0.96875 1.03226 0 0
55.746 6.9608e-10 0.968783 1.03222 0 0
55.806 6.9608e-10 0.968817 1.03219 0 0
55.866 6.9608e-10 0.96885 1.03215 0 0
55.926 6.9608e-10 0.968884 1.03212 0 0
55.986 6.9608e-10 0.968917 1.03208 0 0
56.046 6.9608e-10 0.96895 1.03204 0 0
56.106 6.9608e-10 0.968984 1.03201 0 0
56.166 6.9608e-10 0.969017 1.03197 0 0
56.226 6.9608e-10 0.96905 1.03194 0 0
56.286 6.9608e-10 0.969083 1.0319 0 0
56.346 6.9608e-10 0.969116 1.03187 0 0
56.406 6.9608e-10 0.969149 1.03183 0 0
56.466 6.9608e-10 0.969181 1.0318 0 0
56.526 6.9608e-10 0.969214 1.03176 0 0
56.586 6.9608e-10 0.969247 1.03173 0 0
56.646 6.9608e-10 0.969279 1.03169 0 0
56.706 6.9608e-10 0.969312 1.03166 0 0
56.766 6.9608e-10 0.969344 1.03163 0 0
56.826 6.9608e-10 0.969377 1.03159 0 0
56.886 6.9608e-10 0.969409 1.03156 0 0
56.946 6.9608e-10 0.969441 1.03152 0 0
57.006 6.9608e-10 0.969473 1.03149 0 0
57.066 6.9608e-10 0.969505 1.03145 0 0
57.126 6.9608e-10 0.969538 1.03142 0 0
57.186 6.9608e-10 0.969569 1.03139 0 0
57.246 6.9608e-10 0.969601 1.03135 0 0
57.306 6.9608e-10 0.969633 1.03132 0 0
57.366 6.9608e-10 0.969665 1.03128 0 0
57.426 6.9608e-10 0.969697 1.03125 0 0
57.486 6.9608e-10 0.969728 1.03122 0 0
57.546 6.9608e-10 0.96976 1.03118 0 0
57.606 6.9608e-10 0.969791 1.03115 0 0
57.666 6.9608e-10 0.969823 1.03112 0 0
57.726 6.9608e-10 0.969854 1.03108 0 0
57.786 6.9608e-10 0.969885 1.03105 0 0
57.846 6.9608e-10 0.969917 1.03102 0 0
57.906 6.9608e-10 0.969948 1.03098 0 0
57.966 6.9608e-10 0.969979 1.03095 0 0
58.026 6.9608e-10 0.97001 1.03092 0 0
58.086 6.9608e-10 0.970041 1.03088 0 0
58.146 6.9608e-10 0.970072 1.03085 0 0
58.206 6.9608e-10 0.970103 1.03082 0 0
58.266 6.9608e-10 0.970134 1.03079 0 0
58.326 6.9608e-10 0.970164 1.03075 0 0
58.386 6.9608e-10 0.970195 1.03072 0 0
58.446 6.9608e-10 0.970226 1.03069 0 0
58.506 6.9608e-10 0.970256 1.03066 0 0
58.566 6.9608e-10 0.970287 1.03062 0 0
58.626 6.9608e-10 0.970317 1.03059 0 0
58.686 6.9608e-10 0.970347 1.03056 0 0
58.746 6.9608e-10 0.970378 1.03053 0 0
58.806 6.9608e-10 0.970408 1.03049 0 0
58.866 6.9608e-10 0.970438 1.03046 0 0
58.926 6.9608e-10 0.970468 1.03043 0 0
58.986 6.9608e-10 0.970498 1.0304 0 0
59.046 6.9608e-10 0.970528 1.03037 0 0
59.106 6.9608e-10 0.970558 1.03034 0 0
59.166 6.9608e-10 0.970588 1.0303 0 0
59.226 6.9608e-10 0.970618 1.03027 0 0
59.286 6.9608e-10 0.970647 1.03024 0 0
59.346 6.9608e-10 0.970677 1.03021 0 0
59.406 6.9608e-10 0.970707 1.03018 0 0
59.466 6.9608e-10 0.970736 1.03015 0 0
59.526 6.9608e-10 0.970766 1.03011 0 0
59.586 6.9608e-10 0.970795 1.03008 0 0
59.646 6.9608e-10 0.970825 1.03005 0 0
59.706 6.9608e-10 0.970854 1.03002 0 0
59.766 6.9608e-10 0.970883 1.02999 0 0
59.826 6.9608e-10 0.970912 1.02996 0 0
59.886 6.9608e-10 0.970941 1.02993 0 0
59.946 6.9608e-10 0.970971 1.0299 0 0

