0.06 0.597957
0.006 0.133861 0.157319 1 0.00357006 0.005975
0.066 0.133651 0.157838 1.00183 0.00354852 0.00595694
0.126 0.133085 0.159228 1.00666 0.00349163 0.005909
0.186 0.132171 0.16149 1.01443 0.00340161 0.00583234
0.246 0.130917 0.164626 1.02504 0.00328177 0.00572867
0.306 0.129333 0.168638 1.03835 0.0031363 0.00560027
0.366 0.127433 0.17353 1.05417 0.00297004 0.00544981
0.426 0.125231 0.1793 1.07229 0.00278815 0.00528029
0.486 0.122745 0.185945 1.09247 0.00259581 0.00509491
0.546 0.119991 0.193459 1.11447 0.00239798 0.00489692
0.606 0.116987 0.201829 1.13799 0.00219918 0.00468954
0.666 0.113753 0.211035 1.16278 0.00200332 0.00447585
0.726 0.110305 0.221049 1.18857 0.00181367 0.00425872
0.786 0.106661 0.231836 1.21514 0.00163277 0.00404075
0.846 0.102838 0.243351 1.24228 0.0014625 0.00382426
0.906 0.0988509 0.25554 1.26983 0.00130411 0.00361124
0.966 0.0947154 0.268339 1.29768 0.00115829 0.00340337
1.026 0.0904461 0.281675 1.32579 0.00102529 0.00320202
1.086 0.0860581 0.295469 1.35413 0.000904971 0.00300827
1.146 0.0815678 0.309633 1.38273 0.000796916 0.00282297
1.206 0.0769953 0.324072 1.41159 0.000700504 0.0026467
1.266 0.0723673 0.33869 1.44062 0.000614974 0.00247987
1.326 0.0677228 0.353389 1.46953 0.000539475 0.00232266
1.386 0.0631176 0.368072 1.49773 0.000473112 0.00217511
1.446 0.0586211 0.382652 1.52425 0.000414973 0.00203709
1.506 0.0542995 0.397053 1.54812 0.00036416 0.0019083
1.566 0.0502006 0.411211 1.5686 0.000319812 0.00178833
1.626 0.0463501 0.425076 1.58537 0.000281133 0.0016767
1.686 0.0427574 0.43861 1.59839 0.000247395 0.00157288
1.746 0.0394213 0.451787 1.60783 0.000217952 0.00147632
1.806 0.0363345 0.464587 1.61401 0.000192233 0.00138648
1.866 0.0334855 0.476999 1.61728 0.000169739 0.00130284
1.926 0.0308609 0.48902 1.61802 0.000150036 0.00122489
1.986 0.0284464 0.500649 1.61661 0.00013275 0.00115217
2.046 0.0262273 0.511891 1.61339 0.000117558 0.00108424
2.106 0.024189 0.522752 1.60869 0.000104184 0.0010207
2.166 0.0223174 0.533242 1.60278 9.23883e-05 0.000961188
2.226 0.0205993 0.543372 1.59593 8.19674e-05 0.000905359
2.286 0.0190219 0.553155 1.58833 7.27455e-05 0.00085291
2.346 0.0175736 0.562601 1.58017 6.45717e-05 0.000803565
2.406 0.0162435 0.571724 1.5716 5.73159e-05 0.000757073
2.466 0.0150215 0.580538 1.56274 5.08661e-05 0.000713205
2.526 0.0138983 0.589054 1.5537 4.51256e-05 0.000671756
2.586 0.0128656 0.597285 1.54455 4.00106e-05 0.000632539
2.646 0.0119155 0.605243 1.53537 3.54484e-05 0.000595386
2.706 0.0110411 0.612941 1.5262 3.13759e-05 0.000560142
2.766 0.0102358 0.620388 1.5171 2.77381e-05 0.00052667
2.826 0.0094938 0.627595 1.50808 2.44869e-05 0.000494842
2.886 0.00880974 0.634574 1.49918 2.15801e-05 0.000464544
2.946 0.00817874 0.641333 1.49041 1.8981e-05 0.000435672
3.006 0.00759638 0.647882 1.48178 1.66571e-05 0.000408131
3.066 0.0070586 0.654229 1.47331 1.45796e-05 0.000381832
3.126 0.00656172 0.660383 1.465 1.27233e-05 0.000356698
3.186 0.00610239 0.666351 1.45685 1.10659e-05 0.000332655
3.246 0.00567755 0.672141 1.44887 9.58746e-06 0.000309636
3.306 0.0052844 0.67776 1.44104 8.27027e-06 0.000287581
3.366 0.00492041 0.683215 1.43337 7.09862e-06 0.000266432
3.426 0.00458323 0.688511 1.42586 6.05843e-06 0.000246139
3.486 0.00427075 0.693654 1.4185 5.13714e-06 0.000226653
3.546 0.00398102 0.698651 1.41129 4.32346e-06 0.000207929
3.606 0.00371227 0.703505 1.40421 3.60726e-06 0.000189928
3.666 0.00346285 0.708224 1.39728 2.97946e-06 0.000172611
3.726 0.00323129 0.71281 1.39047 2.43183e-06 0.000155943
3.786 0.0030162 0.717269 1.38379 1.95698e-06 0.000139892
3.846 0.00281634 0.721605 1.37722 1.54821e-06 0.000124427
3.906 0.00263056 0.725822 1.37077 1.19947e-06 0.00010952
3.966 0.00245779 0.729923 1.36443 9.05252e-07 9.51448e-05
4.026 0.00229706 0.733913 1.35819 6.60587e-07 8.12765e-05
4.086 0.00214747 0.737794 1.35205 4.60938e-07 6.78924e-05
4.146 0.00200821 0.741571 1.346 3.0218e-07 5.49709e-05
4.206 0.00187851 0.745246 1.34004 1.80556e-07 4.24919e-05
4.266 0.00175768 0.748822 1.33416 9.26382e-08 3.04365e-05
4.326 0.00164507 0.752303 1.32837 3.52953e-08 1.8787e-05
4.386 0.00154009 0.75569 1.32264 5.66525e-09 7.52679e-06
4.446 0.00144219 0.758986 1.317 0 0
4.506 0.00135086 0.762195 1.31152 0 0
4.566 0.00126563 0.76532 1.30622 0 0
4.626 0.00118607 0.768364 1.30109 0 0
4.686 0.00111177 0.771329 1.29613 0 0
4.746 0.00104237 0.77422 1.29133 0 0
4.806 0.000977513 0.777039 1.28668 0 0
4.866 0.000916895 0.779788 1.28217 0 0
4.926 0.000860219 0.78247 1.2778 0 0
4.986 0.000807213 0.785088 1.27356 0 0
5.046 0.000757625 0.787643 1.26945 0 0
5.106 0.000711223 0.790138 1.26546 0 0
5.166 0.00066779 0.792576 1.26158 0 0
5.226 0.000627127 0.794957 1.25782 0 0
5.286 0.000589047 0.797285 1.25416 0 0
5.346 0.000553377 0.79956 1.2506 0 0
5.406 0.000519957 0.801784 1.24714 0 0
5.466 0.000488638 0.80396 1.24377 0 0
5.526 0.000459281 0.806089 1.2405 0 0
5.586 0.000431757 0.808172 1.23731 0 0
5.646 0.000405947 0.81021 1.2342 0 0
5.706 0.000381738 0.812206 1.23117 0 0
5.766 0.000359027 0.81416 1.22822 0 0
5.826 0.000337717 0.816074 1.22535 0 0
5.886 0.000317717 0.817949 1.22254 0 0
5.946 0.000298944 0.819786 1.2198 0 0
6.006 0.000281318 0.821586 1.21713 0 0
6.066 0.000264768 0.823351 1.21453 0 0
6.126 0.000249224 0.825081 1.21198 0 0
6.186 0.000234622 0.826778 1.2095 0 0
6.246 0.000220905 0.828442 1.20707 0 0
6.306 0.000208014 0.830074 1.2047 0 0
6.366 0.0001959 0.831676 1.20238 0 0
6.426 0.000184513 0.833247 1.20011 0 0
6.486 0.000173809 0.83479 1.1979 0 0
6.546 0.000163744 0.836304 1.19573 0 0
6.606 0.000154279 0.837791 1.19361 0 0
6.666 0.000145377 0.839251 1.19153 0 0
6.726 0.000137004 0.840685 1.1895 0 0
6.786 0.000129126 0.842094 1.18751 0 0
6.846 0.000121714 0.843477 1.18556 0 0
6.906 0.00011474 0.844837 1.18366 0 0
6.966 0.000108175 0.846174 1.18179 0 0
7.026 0.000101997 0.847487 1.17996 0 0
7.086 9.618e-05 0.848779 1.17816 0 0
7.146 9.07036e-05 0.850049 1.1764 0 0
7.206 8.55471e-05 0.851297 1.17468 0 0
7.266 8.0691e-05 0.852525 1.17298 0 0
7.326 7.61175e-05 0.853733 1.17132 0 0
7.386 7.18094e-05 0.854921 1.1697 0 0
7.446 6.77511e-05 0.85609 1.1681 0 0
7.506 6.39276e-05 0.85724 1.16653 0 0
7.566 6.03248e-05 0.858373 1.16499 0 0
7.626 5.69298e-05 0.859487 1.16348 0 0
7.686 5.37303e-05 0.860584 1.162 0 0
7.746 5.07145e-05 0.861664 1.16054 0 0
7.806 4.78718e-05 0.862727 1.15911 0 0
7.866 4.51919e-05 0.863774 1.15771 0 0
7.926 4.26652e-05 0.864805 1.15633 0 0
7.986 4.02829e-05 0.865821 1.15497 0 0
8.046 3.80363e-05 0.866822 1.15364 0 0
8.106 3.59176e-05 0.867807 1.15233 0 0
8.166 3.39193e-05 0.868779 1.15104 0 0
8.226 3.20345e-05 0.869736 1.14977 0 0
8.286 3.02564e-05 0.870679 1.14853 0 0
8.346 2.8579e-05 0.871609 1.1473 0 0
8.406 2.69964e-05 0.872525 1.1461 0 0
8.466 2.55031e-05 0.873429 1.14491 0 0
8.526 2.40939e-05 0.874319 1.14375 0 0
8.586 2.27641e-05 0.875198 1.1426 0 0
8.646 2.1509e-05 0.876064 1.14147 0 0
8.706 2.03244e-05 0.876918 1.14036 0 0
8.766 1.92061e-05 0.87776 1.13926 0 0
8.826 1.81505e-05 0.878591 1.13819 0 0
8.886 1.71539e-05 0.879411 1.13712 0 0
8.946 1.6213e-05 0.88022 1.13608 0 0
9.006 1.53245e-05 0.881018 1.13505 0 0
9.066 1.44856e-05 0.881805 1.13404 0 0
9.126 1.36933e-05 0.882582 1.13304 0 0
9.186 1.29451e-05 0.883349 1.13205 0 0
9.246 1.22384e-05 0.884106 1.13109 0 0
9.306 1.15709e-05 0.884854 1.13013 0 0
9.366 1.09404e-05 0.885591 1.12919 0 0
9.426 1.03447e-05 0.886319 1.12826 0 0
9.486 9.78201e-06 0.887038 1.12735 0 0
9.546 9.25035e-06 0.887748 1.12645 0 0
9.606 8.74801e-06 0.88845 1.12556 0 0
9.666 8.27334e-06 0.889142 1.12468 0 0
9.726 7.82479e-06 0.889826 1.12382 0 0
9.786 7.40089e-06 0.890501 1.12296 0 0
9.846 7.00027e-06 0.891169 1.12212 0 0
9.906 6.62163e-06 0.891828 1.12129 0 0
9.966 6.26373e-06 0.892479 1.12047 0 0
10.026 5.92543e-06 0.893123 1.11967 0 0
10.086 5.60562e-06 0.893758 1.11887 0 0
10.146 5.30328e-06 0.894387 1.11808 0 0
10.206 5.01745e-06 0.895008 1.11731 0 0
10.266 4.74719e-06 0.895621 1.11654 0 0
10.326 4.49166e-06 0.896228 1.11579 0 0
10.386 4.25002e-06 0.896827 1.11504 0 0
10.446 4.02152e-06 0.89742 1.11431 0 0
10.506 3.80543e-06 0.898006 1.11358 0 0
10.566 3.60105e-06 0.898585 1.11286 0 0
10.626 3.40775e-06 0.899157 1.11215 0 0
10.686 3.22491e-06 0.899724 1.11145 0 0
10.746 3.05196e-06 0.900284 1.11076 0 0
10.806 2.88835e-06 0.900837 1.11008 0 0
10.866 2.73357e-06 0.901385 1.1094 0 0
10.926 2.58713e-06 0.901926 1.10874 0 0
10.986 2.44858e-06 0.902462 1.10808 0 0
11.046 2.31748e-06 0.902992 1.10743 0 0
11.106 2.19342e-06 0.903516 1.10679 0 0
11.166 2.07601e-06 0.904034 1.10615 0 0
11.226 1.9649e-06 0.904547 1.10553 0 0
11.286 1.85973e-06 0.905055 1.10491 0 0
11.346 1.76019e-06 0.905557 1.10429 0 0
11.406 1.66595e-06 0.906054 1.10369 0 0
11.466 1.57675e-06 0.906545 1.10309 0 0
11.526 1.49229e-06 0.907032 1.1025 0 0
11.586 1.41231e-06 0.907513 1.10191 0 0
11.646 1.33659e-06 0.90799 1.10133 0 0
11.706 1.26487e-06 0.908461 1.10076 0 0
11.766 1.19694e-06 0.908928 1.1002 0 0
11.826 1.1326e-06 0.90939 1.09964 0 0
11.886 1.07165e-06 0.909847 1.09909 0 0
11.946 1.0139e-06 0.9103 1.09854 0 0
12.006 9.59182e-07 0.910749 1.098 0 0
12.066 9.07323e-07 0.911192 1.09746 0 0
12.126 8.5817e-07 0.911632 1.09693 0 0
12.186 8.11574e-07 0.912067 1.09641 0 0
12.246 7.67394e-07 0.912498 1.09589 0 0
12.306 7.25498e-07 0.912924 1.09538 0 0
12.366 6.85759e-07 0.913347 1.09487 0 0
12.426 6.48059e-07 0.913765 1.09437 0 0
12.486 6.12286e-07 0.91418 1.09388 0 0
12.546 5.78331e-07 0.91459 1.09339 0 0
12.606 5.46094e-07 0.914997 1.0929 0 0
12.666 5.1548e-07 0.915399 1.09242 0 0
12.726 4.86397e-07 0.915798 1.09194 0 0
12.786 4.5876e-07 0.916193 1.09147 0 0
12.846 4.32487e-07 0.916585 1.09101 0 0
12.906 4.075e-07 0.916972 1.09055 0 0
12.966 3.83726e-07 0.917357 1.09009 0 0
13.026 3.61096e-07 0.917737 1.08964 0 0
13.086 3.39543e-07 0.918115 1.08919 0 0
13.146 3.19005e-07 0.918488 1.08875 0 0
13.206 2.99422e-07 0.918859 1.08831 0 0
13.266 2.80738e-07 0.919226 1.08787 0 0
13.326 2.62897e-07 0.919589 1.08744 0 0
13.386 2.4585e-07 0.91995 1.08702 0 0
13.446 2.29547e-07 0.920307 1.08659 0 0
13.506 2.13942e-07 0.920661 1.08618 0 0
13.566 1.9899e-07 0.921012 1.08576 0 0
13.626 1.84649e-07 0.92136 1.08535 0 0
13.686 1.70878e-07 0.921704 1.08495 0 0
13.746 1.5764e-07 0.922046 1.08454 0 0
13.806 1.44897e-07 0.922385 1.08415 0 0
13.866 1.32614e-07 0.922721 1.08375 0 0
13.926 1.20756e-07 0.923054 1.08336 0 0
13.986 1.09292e-07 0.923384 1.08297 0 0
14.046 9.81895e-08 0.923711 1.08259 0 0
14.106 8.7419e-08 0.924036 1.08221 0 0
14.166 7.69514e-08 0.924357 1.08183 0 0
14.226 6.67588e-08 0.924676 1.08146 0 0
14.286 5.68139e-08 0.924993 1.08109 0 0
14.346 4.70907e-08 0.925306 1.08072 0 0
14.406 3.75636e-08 0.925618 1.08036 0 0
14.466 2.82081e-08 0.925926 1.08 0 0
14.526 1.9e-08 0.926232 1.07964 0 0
14.586 9.91573e-09 0.926536 1.07929 0 0
14.646 9.32447e-10 0.926836 1.07894 0 0
14.706 1.33861e-09 0.927135 1.07859 0 0
14.766 1.33861e-09 0.927431 1.07825 0 0
14.826 1.33861e-09 0.927725 1.07791 0 0
14.886 1.33861e-09 0.928016 1.07757 0 0
14.946 1.33861e-09 0.928305 1.07723 0 0
15.006 1.33861e-09 0.928592 1.0769 0 0
15.066 1.33861e-09 0.928876 1.07657 0 0
15.126 1.33861e-09 0.929158 1.07624 0 0
15.186 1.33861e-09 0.929438 1.07592 0 0
15.246 1.33861e-09 0.929716 1.0756 0 0
15.306 1.33861e-09 0.929991 1.07528 0 0
15.366 1.33861e-09 0.930265 1.07496 0 0
15.426 1.33861e-09 0.930536 1.07465 0 0
15.486 1.33861e-09 0.930805 1.07434 0 0
15.546 1.33861e-09 0.931072 1.07403 0 0
15.606 1.33861e-09 0.931337 1.07373 0 0
15.666 1.33861e-09 0.9316 1.07342 0 0
15.726 1.33861e-09 0.931861 1.07312 0 0
15.786 1.33861e-09 0.93212 1.07282 0 0
15.846 1.33861e-09 0.932377 1.07253 0 0
15.906 1.33861e-09 0.932632 1.07223 0 0
15.966 1.33861e-09 0.932885 1.07194 0 0
16.026 1.33861e-09 0.933137 1.07165 0 0
16.086 1.33861e-09 0.933386 1.07137 0 0
16.146 1.33861e-09 0.933634 1.07108 0 0
16.206 1.33861e-09 0.933879 1.0708 0 0
16.266 1.33861e-09 0.934123 1.07052 0 0
16.326 1.33861e-09 0.934365 1.07025 0 0
16.386 1.33861e-09 0.934606 1.06997 0 0
16.446 1.33861e-09 0.934844 1.0697 0 0
16.506 1.33861e-09 0.935081 1.06943 0 0
16.566 1.33861e-09 0.935316 1.06916 0 0
16.626 1.33861e-09 0.93555 1.06889 0 0
16.686 1.33861e-09 0.935781 1.06863 0 0
16.746 1.33861e-09 0.936011 1.06836 0 0
16.806 1.33861e-09 0.93624 1.0681 0 0
16.866 1.33861e-09 0.936467 1.06784 0 0
16.926 1.33861e-09 0.936692 1.06759 0 0
16.986 1.33861e-09 0.936916 1.06733 0 0
17.046 1.33861e-09 0.937138 1.06708 0 0
17.106 1.33861e-09 0.937358 1.06683 0 0
17.166 1.33861e-09 0.937577 1.06658 0 0
17.226 1.33861e-09 0.937794 1.06633 0 0
17.286 1.33861e-09 0.93801 1.06609 0 0
17.346 1.33861e-09 0.938225 1.06584 0 0
17.406 1.33861e-09 0.938438 1.0656 0 0
17.466 1.33861e-09 0.938649 1.06536 0 0
17.526 1.33861e-09 0.938859 1.06512 0 0
17.586 1.33861e-09 0.939068 1.06489 0 0
17.646 1.33861e-09 0.939275 1.06465 0 0
17.706 1.33861e-09 0.939481 1.06442 0 0
17.766 1.33861e-09 0.939685 1.06419 0 0
17.826 1.33861e-09 0.939888 1.06396 0 0
17.886 1.33861e-09 0.94009 1.06373 0 0
17.946 1.33861e-09 0.94029 1.0635 0 0
18.006 1.33861e-09 0.940489 1.06328 0 0
18.066 1.33861e-09 0.940687 1.06305 0 0
18.126 1.33861e-09 0.940883 1.06283 0 0
18.186 1.33861e-09 0.941078 1.06261 0 0
18.246 1.33861e-09 0.941272 1.06239 0 0
18.306 1.33861e-09 0.941464 1.06218 0 0
18.366 1.33861e-09 0.941656 1.06196 0 0
18.426 1.33861e-09 0.941846 1.06175 0 0
18.486 1.33861e-09 0.942034 1.06153 0 0
18.546 1.33861e-09 0.942222 1.06132 0 0
18.606 1.33861e-09 0.942408 1.06111 0 0
18.666 1.33861e-09 0.942593 1.0609 0 0
18.726 1.33861e-09 0.942777 1.0607 0 0
18.786 1.33861e-09 0.94296 1.06049 0 0
18.846 1.33861e-09 0.943142 1.06029 0 0
18.906 1.33861e-09 0.943322 1.06008 0 0
18.966 1.33861e-09 0.943501 1.05988 0 0
19.026 1.33861e-09 0.94368 1.05968 0 0
19.086 1.33861e-09 0.943857 1.05948 0 0
19.146 1.33861e-09 0.944033 1.05929 0 0
19.206 1.33861e-09 0.944207 1.05909 0 0
19.266 1.33861e-09 0.944381 1.05889 0 0
19.326 1.33861e-09 0.944554 1.0587 0 0
19.386 1.33861e-09 0.944725 1.05851 0 0
19.446 1.33861e-09 0.944896 1.05832 0 0
19.506 1.33861e-09 0.945065 1.05813 0 0
19.566 1.33861e-09 0.945234 1.05794 0 0
19.626 1.33861e-09 0.945401 1.05775 0 0
19.686 1.33861e-09 0.945568 1.05757 0 0
19.746 1.33861e-09 0.945733 1.05738 0 0
19.806 1.33861e-09 0.945898 1.0572 0 0
19.866 1.33861e-09 0.946061 1.05701 0 0
19.926 1.33861e-09 0.946223 1.05683 0 0
19.986 1.33861e-09 0.946385 1.05665 0 0
20.046 1.33861e-09 0.946545 1.05647 0 0
20.106 1.33861e-09 0.946705 1.0563 0 0
20.166 1.33861e-09 0.946863 1.05612 0 0
20.226 1.33861e-09 0.947021 1.05594 0 0
20.286 1.33861e-09 0.947178 1.05577 0 0
20.346 1.33861e-09 0.947333 1.05559 0 0
20.406 1.33861e-09 0.947488 1.05542 0 0
20.466 1.33861e-09 0.947642 1.05525 0 0
20.526 1.33861e-09 0.947795 1.05508 0 0
20.586 1.33861e-09 0.947947 1.05491 0 0
20.646 1.33861e-09 0.948099 1.05474 0 0
20.706 1.33861e-09 0.948249 1.05458 0 0
20.766 1.33861e-09 0.948399 1.05441 0 0
20.826 1.33861e-09 0.948547 1.05424 0 0
20.886 1.33861e-09 0.948695 1.05408 0 0
20.946 1.33861e-09 0.948842 1.05392 0 0
21.006 1.33861e-09 0.948988 1.05375 0 0
21.066 1.33861e-09 0.949134 1.05359 0 0
21.126 1.33861e-09 0.949278 1.05343 0 0
21.186 1.33861e-09 0.949422 1.05327 0 0
21.246 1.33861e-09 0.949564 1.05311 0 0
21.306 1.33861e-09 0.949707 1.05296 0 0
21.366 1.33861e-09 0.949848 1.0528 0 0
21.426 1.33861e-09 0.949988 1.05264 0 0
21.486 1.33861e-09 0.950128 1.05249 0 0
21.546 1.33861e-09 0.950267 1.05234 0 0
21.606 1.33861e-09 0.950405 1.05218 0 0
21.666 1.33861e-09 0.950542 1.05203 0 0
21.726 1.33861e-09 0.950679 1.05188 0 0
21.786 1.33861e-09 0.950815 1.05173 0 0
21.846 1.33861e-09 0.95095 1.05158 0 0
21.906 1.33861e-09 0.951084 1.05143 0 0
21.966 1.33861e-09 0.951218 1.05128 0 0
22.026 1.33861e-09 0.951351 1.05114 0 0
22.086 1.33861e-09 0.951483 1.05099 0 0
22.146 1.33861e-09 0.951614 1.05085 0 0
22.206 1.33861e-09 0.951745 1.0507 0 0
22.266 1.33861e-09 0.951875 1.05056 0 0
22.326 1.33861e-09 0.952004 1.05042 0 0
22.386 1.33861e-09 0.952133 1.05027 0 0
22.446 1.33861e-09 0.952261 1.05013 0 0
22.506 1.33861e-09 0.952388 1.04999 0 0
22.566 1.33861e-09 0.952515 1.04985 0 0
22.626 1.33861e-09 0.952641 1.04971 0 0
22.686 1.33861e-09 0.952766 1.04958 0 0
22.746 1.33861e-09 0.95289 1.04944 0 0
22.806 1.33861e-09 0.953014 1.0493 0 0
22.866 1.33861e-09 0.953138 1.04917 0 0
22.926 1.33861e-09 0.95326 1.04903 0 0
22.986 1.33861e-09 0.953382 1.0489 0 0
23.046 1.33861e-09 0.953504 1.04876 0 0
23.106 1.33861e-09 0.953624 1.04863 0 0
23.166 1.33861e-09 0.953745 1.0485 0 0
23.226 1.33861e-09 0.953864 1.04837 0 0
23.286 1.33861e-09 0.953983 1.04824 0 0
23.346 1.33861e-09 0.954101 1.04811 0 0
23.406 1.33861e-09 0.954219 1.04798 0 0
23.466 1.33861e-09 0.954336 1.04785 0 0
23.526 1.33861e-09 0.954452 1.04772 0 0
23.586 1.33861e-09 0.954568 1.04759 0 0
23.646 1.33861e-09 0.954684 1.04747 0 0
23.706 1.33861e-09 0.954798 1.04734 0 0
23.766 1.33861e-09 0.954912 1.04722 0 0
23.826 1.33861e-09 0.955026 1.04709 0 0
23.886 1.33861e-09 0.955139 1.04697 0 0
23.946 1.33861e-09 0.955251 1.04684 0 0
24.006 1.33861e-09 0.955363 1.04672 0 0
24.066 1.33861e-09 0.955474 1.0466 0 0
24.126 1.33861e-09 0.955585 1.04648 0 0
24.186 1.33861e-09 0.955695 1.04636 0 0
24.246 1.33861e-09 0.955805 1.04624 0 0
24.306 1.33861e-09 0.955914 1.04612 0 0
24.366 1.33861e-09 0.956023 1.046 0 0
24.426 1.33861e-09 0.956131 1.04588 0 0
24.486 1.33861e-09 0.956238 1.04576 0 0
24.546 1.33861e-09 0.956345 1.04565 0 0
24.606 1.33861e-09 0.956452 1.04553 0 0
24.666 1.33861e-09 0.956557 1.04542 0 0
24.726 1.33861e-09 0.956663 1.0453 0 0
24.786 1.33861e-09 0.956768 1.04519 0 0
24.846 1.33861e-09 0.956872 1.04507 0 0
24.906 1.33861e-09 0.956976 1.04496 0 0
24.966 1.33861e-09 0.95708 1.04485 0 0
25.026 1.33861e-09 0.957182 1.04473 0 0
25.086 1.33861e-09 0.957285 1.04462 0 0
25.146 1.33861e-09 0.957387 1.04451 0 0
25.206 1.33861e-09 0.957488 1.0444 0 0
25.266 1.33861e-09 0.957589 1.04429 0 0
25.326 1.33861e-09 0.95769 1.04418 0 0
25.386 1.33861e-09 0.95779 1.04407 0 0
25.446 1.33861e-09 0.957889 1.04396 0 0
25.506 1.33861e-09 0.957988 1.04385 0 0
25.566 1.33861e-09 0.958087 1.04375 0 0
25.626 1.33861e-09 0.958185 1.04364 0 0
25.686 1.33861e-09 0.958283 1.04353 0 0
25.746 1.33861e-09 0.95838 1.04343 0 0
25.806 1.33861e-09 0.958477 1.04332 0 0
25.866 1.33861e-09 0.958573 1.04322 0 0
25.926 1.33861e-09 0.958669 1.04311 0 0
25.986 1.33861e-09 0.958764 1.04301 0 0
26.046 1.33861e-09 0.958859 1.04291 0 0
26.106 1.33861e-09 0.958954 1.0428 0 0
26.166 1.33861e-09 0.959048 1.0427 0 0
26.226 1.33861e-09 0.959142 1.0426 0 0
26.286 1.33861e-09 0.959235 1.0425 0 0
26.346 1.33861e-09 0.959328 1.0424 0 0
26.406 1.33861e-09 0.95942 1.0423 0 0
26.466 1.33861e-09 0.959512 1.0422 0 0
26.526 1.33861e-09 0.959604 1.0421 0 0
26.586 1.33861e-09 0.959695 1.042 0 0
26.646 1.33861e-09 0.959786 1.0419 0 0
26.706 1.33861e-09 0.959876 1.0418 0 0
26.766 1.33861e-09 0.959966 1.0417 0 0
26.826 1.33861e-09 0.960055 1.04161 0 0
26.886 1.33861e-09 0.960145 1.04151 0 0
26.946 1.33861e-09 0.960233 1.04141 0 0
27.006 1.33861e-09 0.960322 1.04132 0 0
27.066 1.33861e-09 0.96041 1.04122 0 0
27.126 1.33861e-09 0.960497 1.04113 0 0
27.186 1.33861e-09 0.960584 1.04103 0 0
27.246 1.33861e-09 0.960671 1.04094 0 0
27.306 1.33861e-09 0.960758 1.04085 0 0
27.366 1.33861e-09 0.960844 1.04075 0 0
27.426 1.33861e-09 0.960929 1.04066 0 0
27.486 1.33861e-09 0.961015 1.04057 0 0
27.546 1.33861e-09 0.9611 1.04047 0 0
27.606 1.33861e-09 0.961184 1.04038 0 0
27.666 1.33861e-09 0.961268 1.04029 0 0
27.726 1.33861e-09 0.961352 1.0402 0 0
27.786 1.33861e-09 0.961436 1.04011 0 0
27.846 1.33861e-09 0.961519 1.04002 0 0
27.906 1.33861e-09 0.961601 1.03993 0 0
27.966 1.33861e-09 0.961684 1.03984 0 0
28.026 1.33861e-09 0.961766 1.03975 0 0
28.086 1.33861e-09 0.961847 1.03967 0 0
28.146 1.33861e-09 0.961929 1.03958 0 0
28.206 1.33861e-09 0.96201 1.03949 0 0
28.266 1.33861e-09 0.96209 1.0394 0 0
28.326 1.33861e-09 0.962171 1.03932 0 0
28.386 1.33861e-09 0.962251 1.03923 0 0
28.446 1.33861e-09 0.96233 1.03914 0 0
28.506 1.33861e-09 0.96241 1.03906 0 0
28.566 1.33861e-09 0.962489 1.03897 0 0
28.626 1.33861e-09 0.962567 1.03889 0 0
28.686 1.33861e-09 0.962645 1.0388 0 0
28.746 1.33861e-09 0.962723 1.03872 0 0
28.806 1.33861e-09 0.962801 1.03864 0 0
28.866 1.33861e-09 0.962878 1.03855 0 0
28.926 1.33861e-09 0.962955 1.03847 0 0
28.986 1.33861e-09 0.963032 1.03839 0 0
29.046 1.33861e-09 0.963108 1.0383 0 0
29.106 1.33861e-09 0.963184 1.03822 0 0
29.166 1.33861e-09 0.96326 1.03814 0 0
29.226 1.33861e-09 0.963336 1.03806 0 0
29.286 1.33861e-09 0.963411 1.03798 0 0
29.346 1.33861e-09 0.963486 1.0379 0 0
29.406 1.33861e-09 0.96356 1.03782 0 0
29.466 1.33861e-09 0.963634 1.03774 0 0
29.526 1.33861e-09 0.963708 1.03766 0 0
29.586 1.33861e-09 0.963782 1.03758 0 0
29.646 1.33861e-09 0.963855 1.0375 0 0
29.706 1.33861e-09 0.963928 1.03742 0 0
29.766 1.33861e-09 0.964001 1.03734 0 0
29.826 1.33861e-09 0.964073 1.03727 0 0
29.886 1.33861e-09 0.964145 1.03719 0 0
29.946 1.33861e-09 0.964217 1.03711 0 0
30.006 1.33861e-09 0.964289 1.03703 0 0
30.066 1.33861e-09 0.96436 1.03696 0 0
30.126 1.33861e-09 0.964431 1.03688 0 0
30.186 1.33861e-09 0.964502 1.0368 0 0
30.246 1.33861e-09 0.964572 1.03673 0 0
30.306 1.33861e-09 0.964642 1.03665 0 0
30.366 1.33861e-09 0.964712 1.03658 0 0
30.426 1.33861e-09 0.964782 1.0365 0 0
30.486 1.33861e-09 0.964851 1.03643 0 0
30.546 1.33861e-09 0.96492 1.03636 0 0
30.606 1.33861e-09 0.964989 1.03628 0 0
30.666 1.33861e-09 0.965057 1.03621 0 0
30.726 1.33861e-09 0.965126 1.03613 0 0
30.786 1.33861e-09 0.965193 1.03606 0 0
30.846 1.33861e-09 0.965261 1.03599 0 0
30.906 1.33861e-09 0.965329 1.03592 0 0
30.966 1.33861e-09 0.965396 1.03584 0 0
31.026 1.33861e-09 0.965463 1.03577 0 0
31.086 1.33861e-09 0.965529 1.0357 0 0
31.146 1.33861e-09 0.965596 1.03563 0 0
31.206 1.33861e-09 0.965662 1.03556 0 0
31.266 1.33861e-09 0.965728 1.03549 0 0
31.326 1.33861e-09 0.965793 1.03542 0 0
31.386 1.33861e-09 0.965859 1.03535 0 0
31.446 1.33861e-09 0.965924 1.03528 0 0
31.506 1.33861e-09 0.965989 1.03521 0 0
31.566 1.33861e-09 0.966054 1.03514 0 0
31.626 1.33861e-09 0.966118 1.03507 0 0
31.686 1.33861e-09 0.966182 1.035 0 0
31.746 1.33861e-09 0.966246 1.03493 0 0
31.806 1.33861e-09 0.96631 1.03486 0 0
31.866 1.33861e-09 0.966373 1.0348 0 0
31.926 1.33861e-09 0.966436 1.03473 0 0
31.986 1.33861e-09 0.966499 1.03466 0 0
32.046 1.33861e-09 0.966562 1.03459 0 0
32.106 1.33861e-09 0.966625 1.03453 0 0
32.166 1.33861e-09 0.966687 1.03446 0 0
32.226 1.33861e-09 0.966749 1.03439 0 0
32.286 1.33861e-09 0.966811 1.03433 0 0
32.346 1.33861e-09 0.966872 1.03426 0 0
32.406 1.33861e-09 0.966933 1.0342 0 0
32.466 1.33861e-09 0.966995 1.03413 0 0
32.526 1.33861e-09 0.967055 1.03407 0 0
32.586 1.33861e-09 0.967116 1.034 0 0
32.646 1.33861e-09 0.967177 1.03394 0 0
32.706 1.33861e-09 0.967237 1.03387 0 0
32.766 1.33861e-09 0.967297 1.03381 0 0
32.826 1.33861e-09 0.967357 1.03374 0 0
32.886 1.33861e-09 0.967416 1.03368 0 0
32.946 1.33861e-09 0.967475 1.03362 0 0
33.006 1.33861e-09 0.967535 1.03355 0 0
33.066 1.33861e-09 0.967594 1.03349 0 0
33.126 1.33861e-09 0.967652 1.03343 0 0
33.186 1.33861e-09 0.967711 1.03337 0 0
33.246 1.33861e-09 0.967769 1.0333 0 0
33.306 1.33861e-09 0.967827 1.03324 0 0
33.366 1.33861e-09 0.967885 1.03318 0 0
33.426 1.33861e-09 0.967943 1.03312 0 0
33.486 1.33861e-09 0.968 1.03306 0 0
33.546 1.33861e-09 0.968057 1.033 0 0
33.606 1.33861e-09 0.968114 1.03294 0 0
33.666 1.33861e-09 0.968171 1.03288 0 0
33.726 1.33861e-09 0.968228 1.03281 0 0
33.786 1.33861e-09 0.968284 1.03275 0 0
33.846 1.33861e-09 0.96834 1.03269 0 0
33.906 1.33861e-09 0.968396 1.03264 0 0
33.966 1.33861e-09 0.968452 1.03258 0 0
34.026 1.33861e-09 0.968508 1.03252 0 0
34.086 1.33861e-09 0.968563 1.03246 0 0
34.146 1.33861e-09 0.968618 1.0324 0 0
34.206 1.33861e-09 0.968674 1.03234 0 0
34.266 1.33861e-09 0.968728 1.03228 0 0
34.326 1.33861e-09 0.968783 1.03222 0 0
34.386 1.33861e-09 0.968838 1.03216 0 0
34.446 1.33861e-09 0.968892 1.03211 0 0
34.506 1.33861e-09 0.968946 1.03205 0 0
34.566 1.33861e-09 0.969 1.03199 0 0
34.626 1.33861e-09 0.969054 1.03193 0 0
34.686 1.33861e-09 0.969107 1.03188 0 0
34.746 1.33861e-09 0.96916 1.03182 0 0
34.806 1.33861e-09 0.969214 1.03176 0 0
34.866 1.33861e-09 0.969267 1.03171 0 0
34.926 1.33861e-09 0.969319 1.03165 0 0
34.986 1.33861e-09 0.969372 1.0316 0 0
35.046 1.33861e-09 0.969424 1.03154 0 0
35.106 1.33861e-09 0.969477 1.03148 0 0
35.166 1.33861e-09 0.969529 1.03143 0 0
35.226 1.33861e-09 0.969581 1.03137 0 0
35.286 1.33861e-09 0.969632 1.03132 0 0
35.346 1.33861e-09 0.969684 1.03126 0 0
35.406 1.33861e-09 0.969735 1.03121 0 0
35.466 1.33861e-09 0.969786 1.03115 0 0
35.526 1.33861e-09 0.969837 1.0311 0 0
35.586 1.33861e-09 0.969888 1.03105 0 0
35.646 1.33861e-09 0.969939 1.03099 0 0
35.706 1.33861e-09 0.96999 1.03094 0 0
35.766 1.33861e-09 0.97004 1.03089 0 0
35.826 1.33861e-09 0.97009 1.03083 0 0
35.886 1.33861e-09 0.97014 1.03078 0 0
35.946 1.33861e-09 0.97019 1.03073 0 0
36.006 1.33861e-09 0.97024 1.03067 0 0
36.066 1.33861e-09 0.970289 1.03062 0 0
36.126 1.33861e-09 0.970338 1.03057 0 0
36.186 1.33861e-09 0.970388 1.03052 0 0
36.246 1.33861e-09 0.970437 1.03046 0 0
36.306 1.33861e-09 0.970486 1.03041 0 0
36.366 1.33861e-09 0.970534 1.03036 0 0
36.426 1.33861e-09 0.970583 1.03031 0 0
36.486 1.33861e-09 0.970631 1.03026 0 0
36.546 1.33861e-09 0.970679 1.03021 0 0
36.606 1.33861e-09 0.970727 1.03016 0 0
36.666 1.33861e-09 0.970775 1.0301 0 0
36.726 1.33861e-09 0.970823 1.03005 0 0
36.786 1.33861e-09 0.970871 1.03 0 0
36.846 1.33861e-09 0.970918 1.02995 0 0
36.906 1.33861e-09 0.970965 1.0299 0 0
36.966 1.33861e-09 0.971012 1.02985 0 0
37.026 1.33861e-09 0.971059 1.0298 0 0
37.086 1.33861e-09 0.971106 1.02975 0 0
37.146 1.33861e-09 0.971153 1.0297 0 0
37.206 1.33861e-09 0.971199 1.02965 0 0
37.266 1.33861e-09 0.971246 1.02961 0 0
37.326 1.33861e-09 0.971292 1.02956 0 0
37.386 1.33861e-09 0.971338 1.02951 0 0
37.446 1.33861e-09 0.971384 1.02946 0 0
37.506 1.33861e-09 0.97143 1.02941 0 0
37.566 1.33861e-09 0.971475 1.02936 0 0
37.626 1.33861e-09 0.971521 1.02931 0 0
37.686 1.33861e-09 0.971566 1.02927 0 0
37.746 1.33861e-09 0.971611 1.02922 0 0
37.806 1.33861e-09 0.971657 1.02917 0 0
37.866 1.33861e-09 0.971701 1.02912 0 0
37.926 1.33861e-09 0.971746 1.02908 0 0
37.986 1.33861e-09 0.971791 1.02903 0 0
38.046 1.33861e-09 0.971835 1.02898 0 0
38.106 1.33861e-09 0.97188 1.02893 0 0
38.166 1.33861e-09 0.971924 1.02889 0 0
38.226 1.33861e-09 0.971968 1.02884 0 0
38.286 1.33861e-09 0.972012 1.02879 0 0
38.346 1.33861e-09 0.972056 1.02875 0 0
38.406 1.33861e-09 0.972099 1.0287 0 0
38.466 1.33861e-09 0.972143 1.02866 0 0
38.526 1.33861e-09 0.972186 1.02861 0 0
38.586 1.33861e-09 0.972229 1.02856 0 0
38.646 1.33861e-09 0.972273 1.02852 0 0
38.706 1.33861e-09 0.972316 1.02847 0 0
38.766 1.33861e-09 0.972358 1.02843 0 0
38.826 1.33861e-09 0.972401 1.02838 0 0
38.886 1.33861e-09 0.972444 1.02834 0 0
38.946 1.33861e-09 0.972486 1.02829 0 0
39.006 1.33861e-09 0.972529 1.02825 0 0
39.066 1.33861e-09 0.972571 1.0282 0 0
39.126 1.33861e-09 0.972613 1.02816 0 0
39.186 1.33861e-09 0.972655 1.02811 0 0
39.246 1.33861e-09 0.972697 1.02807 0 0
39.306 1.33861e-09 0.972738 1.02803 0 0
39.366 1.33861e-09 0.97278 1.02798 0 0
39.426 1.33861e-09 0.972821 1.02794 0 0
39.486 1.33861e-09 0.972862 1.02789 0 0
39.546 1.33861e-09 0.972904 1.02785 0 0
39.606 1.33861e-09 0.972945 1.02781 0 0
39.666 1.33861e-09 0.972986 1.02776 0 0
39.726 1.33861e-09 0.973026 1.02772 0 0
39.786 1.33861e-09 0.973067 1.02768 0 0
39.846 1.33861e-09 0.973108 1.02764 0 0
39.906 1.33861e-09 0.973148 1.02759 0 0
39.966 1.33861e-09 0.973188 1.02755 0 0
40.026 1.33861e-09 0.973229 1.02751 0 0
40.086 1.33861e-09 0.973269 1.02747 0 0
40.146 1.33861e-09 0.973309 1.02742 0 0
40.206 1.33861e-09 0.973348 1.02738 0 0
40.266 1.33861e-09 0.973388 1.02734 0 0
40.326 1.33861e-09 0.973428 1.0273 0 0
40.386 1.33861e-09 0.973467 1.02726 0 0
40.446 1.33861e-09 0.973507 1.02721 0 0
40.506 1.33861e-09 0.973546 1.02717 0 0
40.566 1.33861e-09 0.973585 1.02713 0 0
40.626 1.33861e-09 0.973624 1.02709 0 0
40.686 1.33861e-09 0.973663 1.02705 0 0
40.746 1.33861e-09 0.973702 1.02701 0 0
40.806 1.33861e-09 0.97374 1.02697 0 0
40.866 1.33861e-09 0.973779 1.02693 0 0
40.926 1.33861e-09 0.973817 1.02689 0 0
40.986 1.33861e-09 0.973856 1.02685 0 0
41.046 1.33861e-09 0.973894 1.02681 0 0
41.106 1.33861e-09 0.973932 1.02677 0 0
41.166 1.33861e-09 0.97397 1.02673 0 0
41.226 1.33861e-09 0.974008 1.02669 0 0
41.286 1.33861e-09 0.974046 1.02665 0 0
41.346 1.33861e-09 0.974083 1.02661 0 0
41.406 1.33861e-09 0.974121 1.02657 0 0
41.466 1.33861e-09 0.974158 1.02653 0 0
41.526 1.33861e-09 0.974196 1.02649 0 0
41.586 1.33861e-09 0.974233 1.02645 0 0
41.646 1.33861e-09 0.97427 1.02641 0 0
41.706 1.33861e-09 0.974307 1.02637 0 0
41.766 1.33861e-09 0.974344 1.02633 0 0
41.826 1.33861e-09 0.974381 1.02629 0 0
41.886 1.33861e-09 0.974417 1.02625 0 0
41.946 1.33861e-09 0.974454 1.02622 0 0
42.006 1.33861e-09 0.97449 1.02618 0 0
42.066 1.33861e-09 0.974527 1.02614 0 0
42.126 1.33861e-09 0.974563 1.0261 0 0
42.186 1.33861e-09 0.974599 1.02606 0 0
42.246 1.33861e-09 0.974635 1.02602 0 0
42.306 1.33861e-09 0.974671 1.02599 0 0
42.366 1.33861e-09 0.974707 1.02595 0 0
42.426 1.33861e-09 0.974743 1.02591 0 0
42.486 1.33861e-09 0.974779 1.02587 0 0
42.546 1.33861e-09 0.974814 1.02584 0 0
42.606 1.33861e-09 0.97485 1.0258 0 0
42.666 1.33861e-09 0.974885 1.02576 0 0
42.726 1.33861e-09 0.97492 1.02572 0 0
42.786 1.33861e-09 0.974956 1.02569 0 0
42.846 1.33861e-09 0.974991 1.02565 0 0
42.906 1.33861e-09 0.975026 1.02561 0 0
42.966 1.33861e-09 0.97506 1.02558 0 0
43.026 1.33861e-09 0.975095 1.02554 0 0
43.086 1.33861e-09 0.97513 1.0255 0 0
43.146 1.33861e-09 0.975164 1.02547 0 0
43.206 1.33861e-09 0.975199 1.02543 0 0
43.266 1.33861e-09 0.975233 1.0254 0 0
43.326 1.33861e-09 0.975268 1.02536 0 0
43.386 1.33861e-09 0.975302 1.02532 0 0
43.446 1.33861e-09 0.975336 1.02529 0 0
43.506 1.33861e-09 0.97537 1.02525 0 0
43.566 1.33861e-09 0.975404 1.02522 0 0
43.626 1.33861e-09 0.975438 1.02518 0 0
43.686 1.33861e-09 0.975471 1.02515 0 0
43.746 1.33861e-09 0.975505 1.02511 0 0
43.806 1.33861e-09 0.975539 1.02507 0 0
43.866 1.33861e-09 0.975572 1.02504 0 0
43.926 1.33861e-09 0.975605 1.025 0 0
43.986 1.33861e-09 0.975639 1.02497 0 0
44.046 1.33861e-09 0.975672 1.02493 0 0
44.106 1.33861e-09 0.975705 1.0249 0 0
44.166 1.33861e-09 0.975738 1.02487 0 0
44.226 1.33861e-09 0.975771 1.02483 0 0
44.286 1.33861e-09 0.975804 1.0248 0 0
44.346 1.33861e-09 0.975837 1.02476 0 0
44.406 1.33861e-09 0.975869 1.02473 0 0
44.466 1.33861e-09 0.975902 1.02469 0 0
44.526 1.33861e-09 0.975934 1.02466 0 0
44.586 1.33861e-09 0.975967 1.02463 0 0
44.646 1.33861e-09 0.975999 1.02459 0 0
44.706 1.33861e-09 0.976031 1.02456 0 0
44.766 1.33861e-09 0.976063 1.02452 0 0
44.826 1.33861e-09 0.976095 1.02449 0 0
44.886 1.33861e-09 0.976127 1.02446 0 0
44.946 1.33861e-09 0.976159 1.02442 0 0
45.006 1.33861e-09 0.976191 1.02439 0 0
45.066 1.33861e-09 0.976223 1.02436 0 0
45.126 1.33861e-09 0.976254 1.02432 0 0
45.186 1.33861e-09 0.976286 1.02429 0 0
45.246 1.33861e-09 0.976317 1.02426 0 0
45.306 1.33861e-09 0.976349 1.02422 0 0
45.366 1.33861e-09 0.97638 1.02419 0 0
45.426 1.33861e-09 0.976411 1.02416 0 0
45.486 1.33861e-09 0.976442 1.02413 0 0
45.546 1.33861e-09 0.976473 1.02409 0 0
45.606 1.33861e-09 0.976504 1.02406 0 0
45.666 1.33861e-09 0.976535 1.02403 0 0
45.726 1.33861e-09 0.976566 1.024 0 0
45.786 1.33861e-09 0.976596 1.02396 0 0
45.846 1.33861e-09 0.976627 1.02393 0 0
45.906 1.33861e-09 0.976658 1.0239 0 0
45.966 1.33861e-09 0.976688 1.02387 0 0
46.026 1.33861e-09 0.976719 1.02384 0 0
46.086 1.33861e-09 0.976749 1.0238 0 0
46.146 1.33861e-09 0.976779 1.02377 0 0
46.206 1.33861e-09 0.976809 1.02374 0 0
46.266 1.33861e-09 0.976839 1.02371 0 0
46.326 1.33861e-09 0.976869 1.02368 0 0
46.386 1.33861e-09 0.976899 1.02365 0 0
46.446 1.33861e-09 0.976929 1.02362 0 0
46.506 1.33861e-09 0.976959 1.02358 0 0
46.566 1.33861e-09 0.976989 1.02355 0 0
46.626 1.33861e-09 0.977018 1.02352 0 0
46.686 1.33861e-09 0.977048 1.02349 0 0
46.746 1.33861e-09 0.977077 1.02346 0 0
46.806 1.33861e-09 0.977107 1.02343 0 0
46.866 1.33861e-09 0.977136 1.0234 0 0
46.926 1.33861e-09 0.977165 1.02337 0 0
46.986 1.33861e-09 0.977194 1.02334 0 0
47.046 1.33861e-09 0.977223 1.02331 0 0
47.106 1.33861e-09 0.977252 1.02328 0 0
47.166 1.33861e-09 0.977281 1.02325 0 0
47.226 1.33861e-09 0.97731 1.02322 0 0
47.286 1.33861e-09 0.977339 1.02319 0 0
47.346 1.33861e-09 0.977368 1.02316 0 0
47.406 1.33861e-09 0.977396 1.02313 0 0
47.466 1.33861e-09 0.977425 1.0231 0 0
47.526 1.33861e-09 0.977453 1.02307 0 0
47.586 1.33861e-09 0.977482 1.02304 0 0
47.646 1.33861e-09 0.97751 1.02301 0 0
47.706 1.33861e-09 0.977538 1.02298 0 0
47.766 1.33861e-09 0.977567 1.02295 0 0
47.826 1.33861e-09 0.977595 1.02292 0 0
47.886 1.33861e-09 0.977623 1.02289 0 0
47.946 1.33861e-09 0.977651 1.02286 0 0
48.006 1.33861e-09 0.977679 1.02283 0 0
48.066 1.33861e-09 0.977707 1.0228 0 0
48.126 1.33861e-09 0.977734 1.02277 0 0
48.186 1.33861e-09 0.977762 1.02274 0 0
48.246 1.33861e-09 0.97779 1.02271 0 0
48.306 1.33861e-09 0.977817 1.02269 0 0
48.366 1.33861e-09 0.977845 1.02266 0 0
48.426 1.33861e-09 0.977872 1.02263 0 0
48.486 1.33861e-09 0.9779 1.0226 0 0
48.546 1.33861e-09 0.977927 1.02257 0 0
48.606 1.33861e-09 0.977954 1.02254 0 0
48.666 1.33861e-09 0.977981 1.02251 0 0
48.726 1.33861e-09 0.978009 1.02249 0 0
48.786 1.33861e-09 0.978036 1.02246 0 0
48.846 1.33861e-09 0.978063 1.02243 0 0
48.906 1.33861e-09 0.97809 1.0224 0 0
48.966 1.33861e-09 0.978116 1.02237 0 0
49.026 1.33861e-09 0.978143 1.02235 0 0
49.086 1.33861e-09 0.97817 1.02232 0 0
49.146 1.33861e-09 0.978197 1.02229 0 0
49.206 1.33861e-09 0.978223 1.02226 0 0
49.266 1.33861e-09 0.97825 1.02223 0 0
49.326 1.33861e-09 0.978276 1.02221 0 0
49.386 1.33861e-09 0.978302 1.02218 0 0
49.446 1.33861e-09 0.978329 1.02215 0 0
49.506 1.33861e-09 0.978355 1.02212 0 0
49.566 1.33861e-09 0.978381 1.0221 0 0
49.626 1.33861e-09 0.978407 1.02207 0 0
49.686 1.33861e-09 0.978434 1.02204 0 0
49.746 1.33861e-09 0.97846 1.02201 0 0
49.806 1.33861e-09 0.978485 1.02199 0 0
49.866 1.33861e-09 0.978511 1.02196 0 0
49.926 1.33861e-09 0.978537 1.02193 0 0
49.986 1.33861e-09 0.978563 1.02191 0 0
50.046 1.33861e-09 0.978589 1.02188 0 0
50.106 1.33861e-09 0.978614 1.02185 0 0
50.166 1.33861e-09 0.97864 1.02183 0 0
50.226 1.33861e-09 0.978665 1.0218 0 0
50.286 1.33861e-09 0.978691 1.02177 0 0
50.346 1.33861e-09 0.978716 1.02175 0 0
50.406 1.33861e-09 0.978742 1.02172 0 0
50.466 1.33861e-09 0.978767 1.02169 0 0
50.526 1.33861e-09 0.978792 1.02167 0 0
50.586 1.33861e-09 0.978817 1.02164 0 0
50.646 1.33861e-09 0.978842 1.02162 0 0
50.706 1.33861e-09 0.978867 1.02159 0 0
50.766 1.33861e-09 0.978892 1.02156 0 0
50.826 1.33861e-09 0.978917 1.02154 0 0
50.886 1.33861e-09 0.978942 1.02151 0 0
50.946 1.33861e-09 0.978967 1.02149 0 0
51.006 1.33861e-09 0.978992 1.02146 0 0
51.066 1.33861e-09 0.979016 1.02143 0 0
51.126 1.33861e-09 0.979041 1.02141 0 0
51.186 1.33861e-09 0.979066 1.02138 0 0
51.246 1.33861e-09 0.97909 1.02136 0 0
51.306 1.33861e-09 0.979114 1.02133 0 0
51.366 1.33861e-09 0.979139 1.02131 0 0
51.426 1.33861e-09 0.979163 1.02128 0 0
51.486 1.33861e-09 0.979187 1.02125 0 0
51.546 1.33861e-09 0.979212 1.02123 0 0
51.606 1.33861e-09 0.979236 1.0212 0 0
51.666 1.33861e-09 0.97926 1.02118 0 0
51.726 1.33861e-09 0.979284 1.02115 0 0
51.786 1.33861e-09 0.979308 1.02113 0 0
51.846 1.33861e-09 0.979332 1.0211 0 0
51.906 1.33861e-09 0.979356 1.02108 0 0
51.966 1.33861e-09 0.97938 1.02105 0 0
52.026 1.33861e-09 0.979404 1.02103 0 0
52.086 1.33861e-09 0.979427 1.021 0 0
52.146 1.33861e-09 0.979451 1.02098 0 0
52.206 1.33861e-09 0.979475 1.02096 0 0
52.266 1.33861e-09 0.979498 1.02093 0 0
52.326 1.33861e-09 0.979522 1.02091 0 0
52.386 1.33861e-09 0.979545 1.02088 0 0
52.446 1.33861e-09 0.979568 1.02086 0 0
52.506 1.33861e-09 0.979592 1.02083 0 0
52.566 1.33861e-09 0.979615 1.02081 0 0
52.626 1.33861e-09 0.979638 1.02078 0 0
52.686 1.33861e-09 0.979662 1.02076 0 0
52.746 1.33861e-09 0.979685 1.02074 0 0
52.806 1.33861e-09 0.979708 1.02071 0 0
52.866 1.33861e-09 0.979731 1.02069 0 0
52.926 1.33861e-09 0.979754 1.02066 0 0
52.986 1.33861e-09 0.979777 1.02064 0 0
53.046 1.33861e-09 0.9798 1.02062 0 0
53.106 1.33861e-09 0.979822 1.02059 0 0
53.166 1.33861e-09 0.979845 1.02057 0 0
53.226 1.33861e-09 0.979868 1.02055 0 0
53.286 1.33861e-09 0.979891 1.02052 0 0
53.346 1.33861e-09 0.979913 1.0205 0 0
53.406 1.33861e-09 0.979936 1.02048 0 0
53.466 1.33861e-09 0.979958 1.02045 0 0
53.526 1.33861e-09 0.979981 1.02043 0 0
53.586 1.33861e-09 0.980003 1.0204 0 0
53.646 1.33861e-09 0.980025 1.02038 0 0
53.706 1.33861e-09 0.980048 1.02036 0 0
53.766 1.33861e-09 0.98007 1.02034 0 0
53.826 1.33861e-09 0.980092 1.02031 0 0
53.886 1.33861e-09 0.980114 1.02029 0 0
53.946 1.33861e-09 0.980137 1.02027 0 0
54.006 1.33861e-09 0.980159 1.02024 0 0
54.066 1.33861e-09 0.980181 1.02022 0 0
54.126 1.33861e-09 0.980203 1.0202 0 0
54.186 1.33861e-09 0.980225 1.02017 0 0
54.246 1.33861e-09 0.980246 1.02015 0 0
54.306 1.33861e-09 0.980268 1.02013 0 0
54.366 1.33861e-09 0.98029 1.02011 0 0
54.426 1.33861e-09 0.980312 1.02008 0 0
54.486 1.33861e-09 0.980333 1.02006 0 0
54.546 1.33861e-09 0.980355 1.02004 0 0
54.606 1.33861e-09 0.980377 1.02002 0 0
54.666 1.33861e-09 0.980398 1.01999 0 0
54.726 1.33861e-09 0.98042 1.01997 0 0
54.786 1.33861e-09 0.980441 1.01995 0 0
54.846 1.33861e-09 0.980463 1.01993 0 0
54.906 1.33861e-09 0.980484 1.0199 0 0
54.966 1.33861e-09 0.980505 1.01988 0 0
55.026 1.33861e-09 0.980526 1.01986 0 0
55.086 1.33861e-09 0.980548 1.01984 0 0
55.146 1.33861e-09 0.980569 1.01982 0 0
55.206 1.33861e-09 0.98059 1.01979 0 0
55.266 1.33861e-09 0.980611 1.01977 0 0
55.326 1.33861e-09 0.980632 1.01975 0 0
55.386 1.33861e-09 0.980653 1.01973 0 0
55.446 1.33861e-09 0.980674 1.01971 0 0
55.506 1.33861e-09 0.980695 1.01969 0 0
55.566 1.33861e-09 0.980716 1.01966 0 0
55.626 1.33861e-09 0.980736 1.01964 0 0
55.686 1.33861e-09 0.980757 1.01962 0 0
55.746 1.33861e-09 0.980778 1.0196 0 0
55.806 1.33861e-09 0.980799 1.01958 0 0
55.866 1.33861e-09 0.980819 1.01956 0 0
55.926 1.33861e-09 0.98084 1.01953 0 0
55.986 1.33861e-09 0.98086 1.01951 0 0
56.046 1.33861e-09 0.980881 1.01949 0 0
56.106 1.33861e-09 0.980901 1.01947 0 0
56.166 1.33861e-09 0.980922 1.01945 0 0
56.226 1.33861e-09 0.980942 1.01943 0 0
56.286 1.33861e-09 0.980962 1.01941 0 0
56.346 1.33861e-09 0.980983 1.01939 0 0
56.406 1.33861e-09 0.981003 1.01937 0 0
56.466 1.33861e-09 0.981023 1.01934 0 0
56.526 1.33861e-09 0.981043 1.01932 0 0
56.586 1.33861e-09 0.981063 1.0193 0 0
56.646 1.33861e-09 0.981083 1.01928 0 0
56.706 1.33861e-09 0.981103 1.01926 0 0
56.766 1.33861e-09 0.981123 1.01924 0 0
56.826 1.33861e-09 0.981143 1.01922 0 0
56.886 1.33861e-09 0.981163 1.0192 0 0
56.946 1.33861e-09 0.981183 1.01918 0 0
57.006 1.33861e-09 0.981203 1.01916 0 0
57.066 1.33861e-09 0.981223 1.01914 0 0
57.126 1.33861e-09 0.981242 1.01912 0 0
57.186 1.33861e-09 0.981262 1.0191 0 0
57.246 1.33861e-09 0.981282 1.01908 0 0
57.306 1.33861e-09 0.981301 1.01906 0 0
57.366 1.33861e-09 0.981321 1.01903 0 0
57.426 1.33861e-09 0.98134 1.01901 0 0
57.486 1.33861e-09 0.98136 1.01899 0 0
57.546 1.33861e-09 0.981379 1.01897 0 0
57.606 1.33861e-09 0.981399 1.01895 0 0
57.666 1.33861e-09 0.981418 1.01893 0 0
57.726 1.33861e-09 0.981437 1.01891 0 0
57.786 1.33861e-09 0.981457 1.01889 0 0
57.846 1.33861e-09 0.981476 1.01887 0 0
57.906 1.33861e-09 0.981495 1.01885 0 0
57.966 1.33861e-09 0.981514 1.01883 0 0
58.026 1.33861e-09 0.981533 1.01881 0 0
58.086 1.33861e-09 0.981552 1.01879 0 0
58.146 1.33861e-09 0.981571 1.01877 0 0
58.206 1.33861e-09 0.98159 1.01875 0 0
58.266 1.33861e-09 0.981609 1.01874 0 0
58.326 1.33861e-09 0.981628 1.01872 0 0
58.386 1.33861e-09 0.981647 1.0187 0 0
58.446 1.33861e-09 0.981666 1.01868 0 0
58.506 1.33861e-09 0.981685 1.01866 0 0
58.566 1.33861e-09 0.981703 1.01864 0 0
58.626 1.33861e-09 0.981722 1.01862 0 0
58.686 1.33861e-09 0.981741 1.0186 0 0
58.746 1.33861e-09 0.98176 1.01858 0 0
58.806 1.33861e-09 0.981778 1.01856 0 0
58.866 1.33861e-09 0.981797 1.01854 0 0
58.926 1.33861e-09 0.981815 1.01852 0 0
58.986 1.33861e-09 0.981834 1.0185 0 0
59.046 1.33861e-09 0.981852 1.01848 0 0
59.106 1.33861e-09 0.981871 1.01846 0 0
59.166 1.33861e-09 0.981889 1.01845 0 0
59.226 1.33861e-09 0.981907 1.01843 0 0
59.286 1.33861e-09 0.981926 1.01841 0 0
59.346 1.33861e-09 0.981944 1.01839 0 0
59.406 1.33861e-09 0.981962 1.01837 0 0
59.466 1.33861e-09 0.98198 1.01835 0 0
59.526 1.33861e-09 0.981999 1.01833 0 0
59.586 1.33861e-09 0.982017 1.01831 0 0
59.646 1.33861e-09 0.982035 1.01829 0 0
59.706 1.33861e-09 0.982053 1.01828 0 0
59.766 1.33861e-09 0.982071 1.01826 0 0
59.826 1.33861e-09 0.982089 1.01824 0 0
59.886 1.33861e-09 0.982107 1.01822 0 0
59.946 1.33861e-09 0.982125 1.0182 0 0

