0.06 0.645204
0.006 0.064253 0.255289 1 0.00105041 0.003241
0.066 0.0641759 0.255425 1.00049 0.00104899 0.00323881
0.126 0.0639679 0.255789 1.00178 0.00104519 0.00323294
0.186 0.0636321 0.256379 1.00387 0.00103907 0.00322347
0.246 0.063172 0.257191 1.00676 0.00103071 0.00321047
0.306 0.062592 0.258222 1.01044 0.0010202 0.00319406
0.366 0.0618979 0.259468 1.01489 0.00100766 0.00317437
0.426 0.0610966 0.260921 1.0201 0.000993241 0.00315157
0.486 0.060196 0.262576 1.02604 0.000977085 0.00312584
0.546 0.0592046 0.264427 1.0327 0.000959363 0.00309736
0.606 0.0581319 0.266464 1.04004 0.000940245 0.00306634
0.666 0.0569873 0.268681 1.04802 0.000919905 0.00303299
0.726 0.0557805 0.271069 1.05662 0.000898517 0.00299753
0.786 0.0545208 0.273621 1.06579 0.000876251 0.00296015
0.846 0.0532172 0.276327 1.07547 0.000853269 0.00292108
0.906 0.0518783 0.27918 1.08563 0.000829729 0.0028805
0.966 0.0505116 0.282171 1.09621 0.000805775 0.00283862
1.026 0.0491245 0.285293 1.10716 0.000781545 0.00279561
1.086 0.0477234 0.288538 1.11842 0.000757164 0.00275166
1.146 0.0463139 0.291897 1.12996 0.000732745 0.00270693
1.206 0.0449015 0.295364 1.14171 0.000708391 0.00266156
1.266 0.0434907 0.298931 1.15362 0.000684196 0.00261571
1.326 0.0420859 0.302591 1.16566 0.000660239 0.00256951
1.386 0.0406908 0.306338 1.17777 0.000636593 0.00252308
1.446 0.0393087 0.310165 1.1899 0.000613318 0.00247653
1.506 0.0379427 0.314065 1.20202 0.000590468 0.00242996
1.566 0.0365955 0.318033 1.2141 0.000568088 0.00238346
1.626 0.0352695 0.322063 1.22608 0.000546212 0.00233712
1.686 0.0339668 0.32615 1.23794 0.000524872 0.00229101
1.746 0.0326893 0.330287 1.24965 0.000504089 0.00224519
1.806 0.0314384 0.334472 1.26119 0.000483882 0.00219973
1.866 0.0302157 0.338698 1.27252 0.000464262 0.00215467
1.926 0.0290221 0.342961 1.28364 0.000445237 0.00211006
1.986 0.0278588 0.347258 1.29452 0.000426811 0.00206594
2.046 0.0267264 0.351584 1.30515 0.000408984 0.00202233
2.106 0.0256254 0.355936 1.31551 0.000391752 0.00197927
2.166 0.0245565 0.36031 1.3256 0.00037511 0.00193678
2.226 0.0235197 0.364704 1.33542 0.000359051 0.00189486
2.286 0.0225153 0.369114 1.34495 0.000343564 0.00185355
2.346 0.0215432 0.373538 1.3542 0.00032864 0.00181284
2.406 0.0206034 0.377974 1.36317 0.000314264 0.00177275
2.466 0.0196956 0.382418 1.37185 0.000300425 0.00173328
2.526 0.0188195 0.38687 1.38025 0.000287109 0.00169443
2.586 0.0179748 0.391326 1.38838 0.0002743 0.0016562
2.646 0.017161 0.395786 1.39624 0.000261985 0.00161859
2.706 0.0163776 0.400247 1.40383 0.000250147 0.0015816
2.766 0.0156239 0.404709 1.41116 0.000238772 0.00154522
2.826 0.0148995 0.409169 1.41823 0.000227845 0.00150945
2.886 0.0142036 0.413627 1.42506 0.000217351 0.00147428
2.946 0.0135356 0.418081 1.43166 0.000207274 0.0014397
3.006 0.0128946 0.42253 1.43801 0.000197601 0.00140571
3.066 0.0122801 0.426974 1.44415 0.000188317 0.00137229
3.126 0.0116912 0.43141 1.45006 0.000179409 0.00133944
3.186 0.0111272 0.43584 1.45577 0.000170862 0.00130714
3.246 0.0105873 0.440261 1.46126 0.000162663 0.00127539
3.306 0.0100708 0.444672 1.46656 0.0001548 0.00124419
3.366 0.00957676 0.449074 1.47166 0.00014726 0.00121351
3.426 0.00910458 0.453466 1.47657 0.000140031 0.00118335
3.486 0.00865344 0.457846 1.4813 0.000133102 0.0011537
3.546 0.00822259 0.462215 1.48585 0.000126461 0.00112455
3.606 0.00781129 0.466571 1.49022 0.000120098 0.00109589
3.666 0.00741881 0.470914 1.49442 0.000114002 0.00106772
3.726 0.00704444 0.475243 1.49844 0.000108163 0.00104001
3.786 0.00668746 0.479559 1.5023 0.000102572 0.00101278
3.846 0.0063472 0.483859 1.506 9.72189e-05 0.000985996
3.906 0.00602299 0.488144 1.50953 9.20954e-05 0.000959664
3.966 0.00571418 0.492414 1.5129 8.71927e-05 0.00093377
4.026 0.00542013 0.496667 1.5161 8.25025e-05 0.000908309
4.086 0.00514023 0.500903 1.51915 7.8017e-05 0.000883272
4.146 0.00487387 0.505122 1.52204 7.37284e-05 0.000858652
4.206 0.00462048 0.509323 1.52477 6.96294e-05 0.000834442
4.266 0.00437951 0.513505 1.52735 6.57129e-05 0.000810635
4.326 0.0041504 0.517668 1.52976 6.19721e-05 0.000787223
4.386 0.00393263 0.521811 1.53202 5.84004e-05 0.000764202
4.446 0.0037257 0.525934 1.53412 5.49916e-05 0.000741563
4.506 0.00352912 0.530037 1.53606 5.17395e-05 0.000719302
4.566 0.00334242 0.534117 1.53784 4.86383e-05 0.000697411
4.626 0.00316515 0.538176 1.53946 4.56823e-05 0.000675887
4.686 0.00299687 0.542212 1.54092 4.2866e-05 0.000654721
4.746 0.00283717 0.546225 1.54222 4.01843e-05 0.000633911
4.806 0.00268563 0.550215 1.54336 3.7632e-05 0.000613449
4.866 0.00254188 0.55418 1.54433 3.52042e-05 0.000593331
4.926 0.00240555 0.55812 1.54514 3.28963e-05 0.000573553
4.986 0.00227628 0.562035 1.54579 3.07036e-05 0.000554108
5.046 0.00215373 0.565923 1.54628 2.86218e-05 0.000534993
5.106 0.00203757 0.569785 1.5466 2.66466e-05 0.000516203
5.166 0.00192749 0.57362 1.54675 2.47739e-05 0.000497733
5.226 0.00182319 0.577427 1.54675 2.29997e-05 0.00047958
5.286 0.00172439 0.581206 1.54657 2.13202e-05 0.000461738
5.346 0.00163082 0.584956 1.54623 1.97316e-05 0.000444203
5.406 0.0015422 0.588676 1.54573 1.82305e-05 0.000426972
5.466 0.0014583 0.592367 1.54506 1.68133e-05 0.000410041
5.526 0.00137887 0.596027 1.54423 1.54767e-05 0.000393405
5.586 0.00130369 0.599656 1.54323 1.42174e-05 0.00037706
5.646 0.00123254 0.603253 1.54207 1.30324e-05 0.000361004
5.706 0.00116522 0.606819 1.54075 1.19185e-05 0.000345231
5.766 0.00110152 0.610351 1.53927 1.08728e-05 0.00032974
5.826 0.00104126 0.613851 1.53762 9.89258e-06 0.000314525
5.886 0.000984265 0.617317 1.53582 8.97501e-06 0.000299583
5.946 0.000930359 0.62075 1.53386 8.11747e-06 0.000284912
6.006 0.000879381 0.624147 1.53174 7.31738e-06 0.000270507
6.066 0.000831179 0.62751 1.52947 6.57227e-06 0.000256364
6.126 0.000785605 0.630838 1.52704 5.87975e-06 0.000242482
6.186 0.000742521 0.63413 1.52446 5.23751e-06 0.000228856
6.246 0.000701794 0.637386 1.52173 4.64329e-06 0.000215483
6.306 0.000663299 0.640606 1.51886 4.09496e-06 0.00020236
6.366 0.000626915 0.643789 1.51584 3.5904e-06 0.000189484
6.426 0.000592531 0.646935 1.51268 3.12762e-06 0.000176851
6.486 0.000560038 0.650043 1.50937 2.70465e-06 0.000164458
6.546 0.000529334 0.653114 1.50593 2.31962e-06 0.000152303
6.606 0.000500322 0.656147 1.50236 1.9707e-06 0.000140382
6.666 0.000472911 0.659142 1.49865 1.65616e-06 0.000128692
6.726 0.000447014 0.662098 1.49481 1.37428e-06 0.00011723
6.786 0.000422548 0.665015 1.49085 1.12345e-06 0.000105993
6.846 0.000399434 0.667893 1.48677 9.02091e-07 9.49785e-05
6.906 0.0003776 0.670733 1.48256 7.08679e-07 8.41831e-05
6.966 0.000356974 0.673533 1.47824 5.41754e-07 7.3604e-05
7.026 0.00033749 0.676293 1.4738 3.99908e-07 6.32383e-05
7.086 0.000319085 0.679014 1.46925 2.81782e-07 5.30831e-05
7.146 0.0003017 0.681696 1.4646 1.86069e-07 4.31357e-05
7.206 0.000285279 0.684337 1.45984 1.1151e-07 3.33932e-05
7.266 0.000269768 0.686939 1.45498 5.68954e-08 2.38528e-05
7.326 0.000255116 0.6895 1.45002 2.10588e-08 1.45117e-05
7.386 0.000241276 0.692022 1.44497 2.8807e-09 5.36722e-06
7.446 0.000228203 0.694504 1.43985 0 0
7.506 0.000215854 0.696946 1.43481 0 0
7.566 0.000204187 0.699349 1.42988 0 0
7.626 0.000193165 0.701714 1.42506 0 0
7.686 0.00018275 0.704043 1.42035 0 0
7.746 0.000172908 0.706335 1.41574 0 0
7.806 0.000163608 0.708593 1.41123 0 0
7.866 0.000154818 0.710815 1.40682 0 0
7.926 0.00014651 0.713004 1.4025 0 0
7.986 0.000138657 0.715161 1.39828 0 0
8.046 0.000131233 0.717285 1.39414 0 0
8.106 0.000124215 0.719377 1.39008 0 0
8.166 0.000117579 0.721439 1.38611 0 0
8.226 0.000111305 0.723471 1.38222 0 0
8.286 0.000105372 0.725473 1.3784 0 0
8.346 9.97609e-05 0.727447 1.37467 0 0
8.406 9.44545e-05 0.729392 1.371 0 0
8.466 8.94357e-05 0.73131 1.3674 0 0
8.526 8.46884e-05 0.733201 1.36388 0 0
8.586 8.01977e-05 0.735066 1.36042 0 0
8.646 7.59495e-05 0.736904 1.35703 0 0
8.706 7.19303e-05 0.738717 1.3537 0 0
8.766 6.81277e-05 0.740506 1.35043 0 0
8.826 6.45295e-05 0.74227 1.34722 0 0
8.886 6.11248e-05 0.74401 1.34407 0 0
8.946 5.79027e-05 0.745727 1.34097 0 0
9.006 5.48534e-05 0.747421 1.33793 0 0
9.066 5.19674e-05 0.749092 1.33495 0 0
9.126 4.92358e-05 0.750742 1.33201 0 0
9.186 4.66501e-05 0.75237 1.32913 0 0
9.246 4.42025e-05 0.753977 1.3263 0 0
9.306 4.18853e-05 0.755563 1.32351 0 0
9.366 3.96916e-05 0.757129 1.32078 0 0
9.426 3.76146e-05 0.758675 1.31809 0 0
9.486 3.5648e-05 0.760202 1.31544 0 0
9.546 3.37858e-05 0.761709 1.31284 0 0
9.606 3.20224e-05 0.763197 1.31028 0 0
9.666 3.03524e-05 0.764667 1.30776 0 0
9.726 2.87708e-05 0.766119 1.30528 0 0
9.786 2.72729e-05 0.767553 1.30284 0 0
9.846 2.58541e-05 0.768969 1.30044 0 0
9.906 2.45102e-05 0.770369 1.29808 0 0
9.966 2.32372e-05 0.771751 1.29575 0 0
10.026 2.20312e-05 0.773117 1.29346 0 0
10.086 2.08888e-05 0.774467 1.29121 0 0
10.146 1.98063e-05 0.775801 1.28899 0 0
10.206 1.87808e-05 0.777119 1.2868 0 0
10.266 1.78091e-05 0.778421 1.28465 0 0
10.326 1.68883e-05 0.779709 1.28253 0 0
10.386 1.60158e-05 0.780981 1.28044 0 0
10.446 1.5189e-05 0.782239 1.27838 0 0
10.506 1.44054e-05 0.783483 1.27635 0 0
10.566 1.36627e-05 0.784713 1.27435 0 0
10.626 1.29589e-05 0.785928 1.27238 0 0
10.686 1.22917e-05 0.78713 1.27044 0 0
10.746 1.16593e-05 0.788319 1.26852 0 0
10.806 1.10599e-05 0.789494 1.26663 0 0
10.866 1.04916e-05 0.790656 1.26477 0 0
10.926 9.9529e-06 0.791806 1.26294 0 0
10.986 9.44218e-06 0.792943 1.26112 0 0
11.046 8.95796e-06 0.794068 1.25934 0 0
11.106 8.49886e-06 0.79518 1.25758 0 0
11.166 8.06355e-06 0.796281 1.25584 0 0
11.226 7.65077e-06 0.79737 1.25412 0 0
11.286 7.25936e-06 0.798447 1.25243 0 0
11.346 6.88817e-06 0.799513 1.25076 0 0
11.406 6.53617e-06 0.800567 1.24911 0 0
11.466 6.20233e-06 0.801611 1.24749 0 0
11.526 5.8857e-06 0.802644 1.24588 0 0
11.586 5.58539e-06 0.803666 1.2443 0 0
11.646 5.30055e-06 0.804677 1.24273 0 0
11.706 5.03035e-06 0.805678 1.24119 0 0
11.766 4.77405e-06 0.806669 1.23967 0 0
11.826 4.53091e-06 0.80765 1.23816 0 0
11.886 4.30025e-06 0.808621 1.23667 0 0
11.946 4.08142e-06 0.809582 1.2352 0 0
12.006 3.8738e-06 0.810534 1.23375 0 0
12.066 3.67681e-06 0.811476 1.23232 0 0
12.126 3.4899e-06 0.812409 1.23091 0 0
12.186 3.31254e-06 0.813333 1.22951 0 0
12.246 3.14423e-06 0.814247 1.22813 0 0
12.306 2.98451e-06 0.815153 1.22676 0 0
12.366 2.83293e-06 0.81605 1.22542 0 0
12.426 2.68907e-06 0.816938 1.22408 0 0
12.486 2.55252e-06 0.817818 1.22277 0 0
12.546 2.42292e-06 0.818689 1.22147 0 0
12.606 2.2999e-06 0.819552 1.22018 0 0
12.666 2.18311e-06 0.820407 1.21891 0 0
12.726 2.07224e-06 0.821254 1.21765 0 0
12.786 1.96698e-06 0.822092 1.21641 0 0
12.846 1.86704e-06 0.822923 1.21518 0 0
12.906 1.77215e-06 0.823747 1.21397 0 0
12.966 1.68203e-06 0.824562 1.21276 0 0
13.026 1.59646e-06 0.82537 1.21158 0 0
13.086 1.51519e-06 0.826171 1.2104 0 0
13.146 1.43799e-06 0.826964 1.20924 0 0
13.206 1.36467e-06 0.82775 1.20809 0 0
13.266 1.29501e-06 0.82853 1.20696 0 0
13.326 1.22883e-06 0.829302 1.20583 0 0
13.386 1.16595e-06 0.830067 1.20472 0 0
13.446 1.10619e-06 0.830825 1.20362 0 0
13.506 1.0494e-06 0.831577 1.20254 0 0
13.566 9.95421e-07 0.832321 1.20146 0 0
13.626 9.44108e-07 0.83306 1.20039 0 0
13.686 8.9532e-07 0.833792 1.19934 0 0
13.746 8.48928e-07 0.834517 1.1983 0 0
13.806 8.04805e-07 0.835236 1.19727 0 0
13.866 7.62834e-07 0.835949 1.19624 0 0
13.926 7.22901e-07 0.836656 1.19523 0 0
13.986 6.849e-07 0.837357 1.19423 0 0
14.046 6.4873e-07 0.838052 1.19324 0 0
14.106 6.14292e-07 0.83874 1.19226 0 0
14.166 5.81497e-07 0.839423 1.19129 0 0
14.226 5.50255e-07 0.840101 1.19033 0 0
14.286 5.20486e-07 0.840772 1.18938 0 0
14.346 4.92109e-07 0.841438 1.18844 0 0
14.406 4.6505e-07 0.842099 1.18751 0 0
14.466 4.39237e-07 0.842754 1.18659 0 0
14.526 4.14602e-07 0.843403 1.18567 0 0
14.586 3.91082e-07 0.844047 1.18477 0 0
14.646 3.68613e-07 0.844686 1.18387 0 0
14.706 3.47138e-07 0.84532 1.18298 0 0
14.766 3.26601e-07 0.845948 1.18211 0 0
14.826 3.06947e-07 0.846572 1.18123 0 0
14.886 2.88127e-07 0.84719 1.18037 0 0
14.946 2.70092e-07 0.847804 1.17952 0 0
15.006 2.52795e-07 0.848412 1.17867 0 0
15.066 2.36193e-07 0.849016 1.17783 0 0
15.126 2.20242e-07 0.849615 1.177 0 0
15.186 2.04902e-07 0.850209 1.17618 0 0
15.246 1.90135e-07 0.850798 1.17537 0 0
15.306 1.75902e-07 0.851383 1.17456 0 0
15.366 1.62169e-07 0.851964 1.17376 0 0
15.426 1.48901e-07 0.852539 1.17297 0 0
15.486 1.36066e-07 0.853111 1.17218 0 0
15.546 1.2363e-07 0.853678 1.1714 0 0
15.606 1.11565e-07 0.85424 1.17063 0 0
15.666 9.98393e-08 0.854798 1.16987 0 0
15.726 8.8426e-08 0.855352 1.16911 0 0
15.786 7.7297e-08 0.855902 1.16836 0 0
15.846 6.64257e-08 0.856448 1.16761 0 0
15.906 5.57862e-08 0.856989 1.16688 0 0
15.966 4.53533e-08 0.857527 1.16614 0 0
16.026 3.51026e-08 0.85806 1.16542 0 0
16.086 2.50103e-08 0.85859 1.1647 0 0
16.146 1.50529e-08 0.859115 1.16399 0 0
16.206 5.20759e-09 0.859637 1.16328 0 0
16.266 6.4253e-10 0.860154 1.16258 0 0
16.326 6.4253e-10 0.860668 1.16189 0 0
16.386 6.4253e-10 0.861179 1.1612 0 0
16.446 6.4253e-10 0.861685 1.16052 0 0
16.506 6.4253e-10 0.862188 1.15984 0 0
16.566 6.4253e-10 0.862687 1.15917 0 0
16.626 6.4253e-10 0.863183 1.1585 0 0
16.686 6.4253e-10 0.863674 1.15784 0 0
16.746 6.4253e-10 0.864163 1.15719 0 0
16.806 6.4253e-10 0.864648 1.15654 0 0
16.866 6.4253e-10 0.865129 1.1559 0 0
16.926 6.4253e-10 0.865607 1.15526 0 0
16.986 6.4253e-10 0.866082 1.15462 0 0
17.046 6.4253e-10 0.866554 1.154 0 0
17.106 6.4253e-10 0.867022 1.15337 0 0
17.166 6.4253e-10 0.867486 1.15276 0 0
17.226 6.4253e-10 0.867948 1.15214 0 0
17.286 6.4253e-10 0.868406 1.15153 0 0
17.346 6.4253e-10 0.868862 1.15093 0 0
17.406 6.4253e-10 0.869314 1.15033 0 0
17.466 6.4253e-10 0.869763 1.14974 0 0
17.526 6.4253e-10 0.870208 1.14915 0 0
17.586 6.4253e-10 0.870651 1.14857 0 0
17.646 6.4253e-10 0.871091 1.14799 0 0
17.706 6.4253e-10 0.871528 1.14741 0 0
17.766 6.4253e-10 0.871962 1.14684 0 0
17.826 6.4253e-10 0.872393 1.14627 0 0
17.886 6.4253e-10 0.872821 1.14571 0 0
17.946 6.4253e-10 0.873246 1.14515 0 0
18.006 6.4253e-10 0.873668 1.1446 0 0
18.066 6.4253e-10 0.874088 1.14405 0 0
18.126 6.4253e-10 0.874505 1.1435 0 0
18.186 6.4253e-10 0.874919 1.14296 0 0
18.246 6.4253e-10 0.87533 1.14243 0 0
18.306 6.4253e-10 0.875739 1.14189 0 0
18.366 6.4253e-10 0.876145 1.14136 0 0
18.426 6.4253e-10 0.876548 1.14084 0 0
18.486 6.4253e-10 0.876949 1.14032 0 0
18.546 6.4253e-10 0.877347 1.1398 0 0
18.606 6.4253e-10 0.877742 1.13929 0 0
18.666 6.4253e-10 0.878135 1.13878 0 0
18.726 6.4253e-10 0.878526 1.13827 0 0
18.786 6.4253e-10 0.878914 1.13777 0 0
18.846 6.4253e-10 0.879299 1.13727 0 0
18.906 6.4253e-10 0.879682 1.13677 0 0
18.966 6.4253e-10 0.880063 1.13628 0 0
19.026 6.4253e-10 0.880441 1.13579 0 0
19.086 6.4253e-10 0.880817 1.13531 0 0
19.146 6.4253e-10 0.88119 1.13483 0 0
19.206 6.4253e-10 0.881562 1.13435 0 0
19.266 6.4253e-10 0.88193 1.13388 0 0
19.326 6.4253e-10 0.882297 1.13341 0 0
19.386 6.4253e-10 0.882661 1.13294 0 0
19.446 6.4253e-10 0.883023 1.13247 0 0
19.506 6.4253e-10 0.883383 1.13201 0 0
19.566 6.4253e-10 0.883741 1.13155 0 0
19.626 6.4253e-10 0.884096 1.1311 0 0
19.686 6.4253e-10 0.884449 1.13065 0 0
19.746 6.4253e-10 0.884801 1.1302 0 0
19.806 6.4253e-10 0.88515 1.12975 0 0
19.866 6.4253e-10 0.885496 1.12931 0 0
19.926 6.4253e-10 0.885841 1.12887 0 0
19.986 6.4253e-10 0.886184 1.12843 0 0
20.046 6.4253e-10 0.886525 1.128 0 0
20.106 6.4253e-10 0.886863 1.12757 0 0
20.166 6.4253e-10 0.8872 1.12714 0 0
20.226 6.4253e-10 0.887534 1.12672 0 0
20.286 6.4253e-10 0.887867 1.12629 0 0
20.346 6.4253e-10 0.888198 1.12588 0 0
20.406 6.4253e-10 0.888527 1.12546 0 0
20.466 6.4253e-10 0.888853 1.12504 0 0
20.526 6.4253e-10 0.889178 1.12463 0 0
20.586 6.4253e-10 0.889501 1.12423 0 0
20.646 6.4253e-10 0.889822 1.12382 0 0
20.706 6.4253e-10 0.890142 1.12342 0 0
20.766 6.4253e-10 0.890459 1.12302 0 0
20.826 6.4253e-10 0.890775 1.12262 0 0
20.886 6.4253e-10 0.891088 1.12222 0 0
20.946 6.4253e-10 0.8914 1.12183 0 0
21.006 6.4253e-10 0.891711 1.12144 0 0
21.066 6.4253e-10 0.892019 1.12105 0 0
21.126 6.4253e-10 0.892326 1.12067 0 0
21.186 6.4253e-10 0.892631 1.12028 0 0
21.246 6.4253e-10 0.892934 1.1199 0 0
21.306 6.4253e-10 0.893235 1.11953 0 0
21.366 6.4253e-10 0.893535 1.11915 0 0
21.426 6.4253e-10 0.893833 1.11878 0 0
21.486 6.4253e-10 0.89413 1.11841 0 0
21.546 6.4253e-10 0.894425 1.11804 0 0
21.606 6.4253e-10 0.894718 1.11767 0 0
21.666 6.4253e-10 0.895009 1.11731 0 0
21.726 6.4253e-10 0.895299 1.11694 0 0
21.786 6.4253e-10 0.895588 1.11659 0 0
21.846 6.4253e-10 0.895874 1.11623 0 0
21.906 6.4253e-10 0.89616 1.11587 0 0
21.966 6.4253e-10 0.896443 1.11552 0 0
22.026 6.4253e-10 0.896725 1.11517 0 0
22.086 6.4253e-10 0.897006 1.11482 0 0
22.146 6.4253e-10 0.897285 1.11447 0 0
22.206 6.4253e-10 0.897562 1.11413 0 0
22.266 6.4253e-10 0.897839 1.11379 0 0
22.326 6.4253e-10 0.898113 1.11345 0 0
22.386 6.4253e-10 0.898386 1.11311 0 0
22.446 6.4253e-10 0.898658 1.11277 0 0
22.506 6.4253e-10 0.898928 1.11244 0 0
22.566 6.4253e-10 0.899197 1.1121 0 0
22.626 6.4253e-10 0.899464 1.11177 0 0
22.686 6.4253e-10 0.89973 1.11144 0 0
22.746 6.4253e-10 0.899994 1.11112 0 0
22.806 6.4253e-10 0.900257 1.11079 0 0
22.866 6.4253e-10 0.900519 1.11047 0 0
22.926 6.4253e-10 0.90078 1.11015 0 0
22.986 6.4253e-10 0.901039 1.10983 0 0
23.046 6.4253e-10 0.901296 1.10951 0 0
23.106 6.4253e-10 0.901553 1.1092 0 0
23.166 6.4253e-10 0.901807 1.10888 0 0
23.226 6.4253e-10 0.902061 1.10857 0 0
23.286 6.4253e-10 0.902314 1.10826 0 0
23.346 6.4253e-10 0.902565 1.10795 0 0
23.406 6.4253e-10 0.902814 1.10765 0 0
23.466 6.4253e-10 0.903063 1.10734 0 0
23.526 6.4253e-10 0.90331 1.10704 0 0
23.586 6.4253e-10 0.903556 1.10674 0 0
23.646 6.4253e-10 0.903801 1.10644 0 0
23.706 6.4253e-10 0.904044 1.10614 0 0
23.766 6.4253e-10 0.904286 1.10584 0 0
23.826 6.4253e-10 0.904528 1.10555 0 0
23.886 6.4253e-10 0.904767 1.10526 0 0
23.946 6.4253e-10 0.905006 1.10497 0 0
24.006 6.4253e-10 0.905243 1.10468 0 0
24.066 6.4253e-10 0.90548 1.10439 0 0
24.126 6.4253e-10 0.905715 1.1041 0 0
24.186 6.4253e-10 0.905949 1.10382 0 0
24.246 6.4253e-10 0.906181 1.10353 0 0
24.306 6.4253e-10 0.906413 1.10325 0 0
24.366 6.4253e-10 0.906643 1.10297 0 0
24.426 6.4253e-10 0.906873 1.10269 0 0
24.486 6.4253e-10 0.907101 1.10241 0 0
24.546 6.4253e-10 0.907328 1.10214 0 0
24.606 6.4253e-10 0.907554 1.10186 0 0
24.666 6.4253e-10 0.907779 1.10159 0 0
24.726 6.4253e-10 0.908003 1.10132 0 0
24.786 6.4253e-10 0.908225 1.10105 0 0
24.846 6.4253e-10 0.908447 1.10078 0 0
24.906 6.4253e-10 0.908667 1.10051 0 0
24.966 6.4253e-10 0.908887 1.10025 0 0
25.026 6.4253e-10 0.909105 1.09998 0 0
25.086 6.4253e-10 0.909323 1.09972 0 0
25.146 6.4253e-10 0.909539 1.09946 0 0
25.206 6.4253e-10 0.909755 1.0992 0 0
25.266 6.4253e-10 0.909969 1.09894 0 0
25.326 6.4253e-10 0.910182 1.09868 0 0
25.386 6.4253e-10 0.910394 1.09843 0 0
25.446 6.4253e-10 0.910606 1.09817 0 0
25.506 6.4253e-10 0.910816 1.09792 0 0
25.566 6.4253e-10 0.911025 1.09766 0 0
25.626 6.4253e-10 0.911234 1.09741 0 0
25.686 6.4253e-10 0.911441 1.09716 0 0
25.746 6.4253e-10 0.911647 1.09692 0 0
25.806 6.4253e-10 0.911853 1.09667 0 0
25.866 6.4253e-10 0.912057 1.09642 0 0
25.926 6.4253e-10 0.912261 1.09618 0 0
25.986 6.4253e-10 0.912463 1.09593 0 0
26.046 6.4253e-10 0.912665 1.09569 0 0
26.106 6.4253e-10 0.912866 1.09545 0 0
26.166 6.4253e-10 0.913066 1.09521 0 0
26.226 6.4253e-10 0.913264 1.09497 0 0
26.286 6.4253e-10 0.913462 1.09474 0 0
26.346 6.4253e-10 0.913659 1.0945 0 0
26.406 6.4253e-10 0.913856 1.09426 0 0
26.466 6.4253e-10 0.914051 1.09403 0 0
26.526 6.4253e-10 0.914245 1.0938 0 0
26.586 6.4253e-10 0.914439 1.09357 0 0
26.646 6.4253e-10 0.914632 1.09334 0 0
26.706 6.4253e-10 0.914823 1.09311 0 0
26.766 6.4253e-10 0.915014 1.09288 0 0
26.826 6.4253e-10 0.915204 1.09265 0 0
26.886 6.4253e-10 0.915394 1.09243 0 0
26.946 6.4253e-10 0.915582 1.0922 0 0
27.006 6.4253e-10 0.91577 1.09198 0 0
27.066 6.4253e-10 0.915956 1.09176 0 0
27.126 6.4253e-10 0.916142 1.09153 0 0
27.186 6.4253e-10 0.916327 1.09131 0 0
27.246 6.4253e-10 0.916512 1.09109 0 0
27.306 6.4253e-10 0.916695 1.09088 0 0
27.366 6.4253e-10 0.916878 1.09066 0 0
27.426 6.4253e-10 0.917059 1.09044 0 0
27.486 6.4253e-10 0.917241 1.09023 0 0
27.546 6.4253e-10 0.917421 1.09001 0 0
27.606 6.4253e-10 0.9176 1.0898 0 0
27.666 6.4253e-10 0.917779 1.08959 0 0
27.726 6.4253e-10 0.917957 1.08938 0 0
27.786 6.4253e-10 0.918134 1.08917 0 0
27.846 6.4253e-10 0.91831 1.08896 0 0
27.906 6.4253e-10 0.918486 1.08875 0 0
27.966 6.4253e-10 0.918661 1.08854 0 0
28.026 6.4253e-10 0.918835 1.08833 0 0
28.086 6.4253e-10 0.919008 1.08813 0 0
28.146 6.4253e-10 0.919181 1.08792 0 0
28.206 6.4253e-10 0.919353 1.08772 0 0
28.266 6.4253e-10 0.919524 1.08752 0 0
28.326 6.4253e-10 0.919695 1.08732 0 0
28.386 6.4253e-10 0.919864 1.08712 0 0
28.446 6.4253e-10 0.920033 1.08692 0 0
28.506 6.4253e-10 0.920202 1.08672 0 0
28.566 6.4253e-10 0.920369 1.08652 0 0
28.626 6.4253e-10 0.920536 1.08632 0 0
28.686 6.4253e-10 0.920703 1.08613 0 0
28.746 6.4253e-10 0.920868 1.08593 0 0
28.806 6.4253e-10 0.921033 1.08574 0 0
28.866 6.4253e-10 0.921197 1.08554 0 0
28.926 6.4253e-10 0.92136 1.08535 0 0
28.986 6.4253e-10 0.921523 1.08516 0 0
29.046 6.4253e-10 0.921685 1.08497 0 0
29.106 6.4253e-10 0.921847 1.08478 0 0
29.166 6.4253e-10 0.922008 1.08459 0 0
29.226 6.4253e-10 0.922168 1.0844 0 0
29.286 6.4253e-10 0.922327 1.08421 0 0
29.346 6.4253e-10 0.922486 1.08403 0 0
29.406 6.4253e-10 0.922644 1.08384 0 0
29.466 6.4253e-10 0.922802 1.08366 0 0
29.526 6.4253e-10 0.922958 1.08347 0 0
29.586 6.4253e-10 0.923115 1.08329 0 0
29.646 6.4253e-10 0.92327 1.08311 0 0
29.706 6.4253e-10 0.923425 1.08292 0 0
29.766 6.4253e-10 0.92358 1.08274 0 0
29.826 6.4253e-10 0.923733 1.08256 0 0
29.886 6.4253e-10 0.923887 1.08238 0 0
29.946 6.4253e-10 0.924039 1.08221 0 0
30.006 6.4253e-10 0.924191 1.08203 0 0
30.066 6.4253e-10 0.924342 1.08185 0 0
30.126 6.4253e-10 0.924493 1.08167 0 0
30.186 6.4253e-10 0.924643 1.0815 0 0
30.246 6.4253e-10 0.924792 1.08132 0 0
30.306 6.4253e-10 0.924941 1.08115 0 0
30.366 6.4253e-10 0.92509 1.08098 0 0
30.426 6.4253e-10 0.925237 1.0808 0 0
30.486 6.4253e-10 0.925385 1.08063 0 0
30.546 6.4253e-10 0.925531 1.08046 0 0
30.606 6.4253e-10 0.925677 1.08029 0 0
30.666 6.4253e-10 0.925822 1.08012 0 0
30.726 6.4253e-10 0.925967 1.07995 0 0
30.786 6.4253e-10 0.926112 1.07978 0 0
30.846 6.4253e-10 0.926255 1.07962 0 0
30.906 6.4253e-10 0.926399 1.07945 0 0
30.966 6.4253e-10 0.926541 1.07928 0 0
31.026 6.4253e-10 0.926683 1.07912 0 0
31.086 6.4253e-10 0.926825 1.07895 0 0
31.146 6.4253e-10 0.926966 1.07879 0 0
31.206 6.4253e-10 0.927106 1.07863 0 0
31.266 6.4253e-10 0.927246 1.07846 0 0
31.326 6.4253e-10 0.927385 1.0783 0 0
31.386 6.4253e-10 0.927524 1.07814 0 0
31.446 6.4253e-10 0.927662 1.07798 0 0
31.506 6.4253e-10 0.9278 1.07782 0 0
31.566 6.4253e-10 0.927937 1.07766 0 0
31.626 6.4253e-10 0.928074 1.0775 0 0
31.686 6.4253e-10 0.92821 1.07734 0 0
31.746 6.4253e-10 0.928346 1.07718 0 0
31.806 6.4253e-10 0.928481 1.07703 0 0
31.866 6.4253e-10 0.928616 1.07687 0 0
31.926 6.4253e-10 0.92875 1.07672 0 0
31.986 6.4253e-10 0.928884 1.07656 0 0
32.046 6.4253e-10 0.929017 1.07641 0 0
32.106 6.4253e-10 0.929149 1.07625 0 0
32.166 6.4253e-10 0.929282 1.0761 0 0
32.226 6.4253e-10 0.929413 1.07595 0 0
32.286 6.4253e-10 0.929544 1.0758 0 0
32.346 6.4253e-10 0.929675 1.07564 0 0
32.406 6.4253e-10 0.929805 1.07549 0 0
32.466 6.4253e-10 0.929935 1.07534 0 0
32.526 6.4253e-10 0.930064 1.07519 0 0
32.586 6.4253e-10 0.930193 1.07505 0 0
32.646 6.4253e-10 0.930321 1.0749 0 0
32.706 6.4253e-10 0.930449 1.07475 0 0
32.766 6.4253e-10 0.930577 1.0746 0 0
32.826 6.4253e-10 0.930703 1.07446 0 0
32.886 6.4253e-10 0.93083 1.07431 0 0
32.946 6.4253e-10 0.930956 1.07416 0 0
33.006 6.4253e-10 0.931081 1.07402 0 0
33.066 6.4253e-10 0.931206 1.07388 0 0
33.126 6.4253e-10 0.931331 1.07373 0 0
33.186 6.4253e-10 0.931455 1.07359 0 0
33.246 6.4253e-10 0.931579 1.07345 0 0
33.306 6.4253e-10 0.931702 1.0733 0 0
33.366 6.4253e-10 0.931825 1.07316 0 0
33.426 6.4253e-10 0.931947 1.07302 0 0
33.486 6.4253e-10 0.932069 1.07288 0 0
33.546 6.4253e-10 0.932191 1.07274 0 0
33.606 6.4253e-10 0.932312 1.0726 0 0
33.666 6.4253e-10 0.932432 1.07246 0 0
33.726 6.4253e-10 0.932553 1.07233 0 0
33.786 6.4253e-10 0.932672 1.07219 0 0
33.846 6.4253e-10 0.932792 1.07205 0 0
33.906 6.4253e-10 0.932911 1.07191 0 0
33.966 6.4253e-10 0.933029 1.07178 0 0
34.026 6.4253e-10 0.933147 1.07164 0 0
34.086 6.4253e-10 0.933265 1.07151 0 0
34.146 6.4253e-10 0.933382 1.07137 0 0
34.206 6.4253e-10 0.933499 1.07124 0 0
34.266 6.4253e-10 0.933616 1.0711 0 0
34.326 6.4253e-10 0.933732 1.07097 0 0
34.386 6.4253e-10 0.933847 1.07084 0 0
34.446 6.4253e-10 0.933963 1.07071 0 0
34.506 6.4253e-10 0.934077 1.07058 0 0
34.566 6.4253e-10 0.934192 1.07044 0 0
34.626 6.4253e-10 0.934306 1.07031 0 0
34.686 6.4253e-10 0.934419 1.07018 0 0
34.746 6.4253e-10 0.934533 1.07005 0 0
34.806 6.4253e-10 0.934646 1.06992 0 0
34.866 6.4253e-10 0.934758 1.0698 0 0
34.926 6.4253e-10 0.93487 1.06967 0 0
34.986 6.4253e-10 0.934982 1.06954 0 0
35.046 6.4253e-10 0.935093 1.06941 0 0
35.106 6.4253e-10 0.935204 1.06929 0 0
35.166 6.4253e-10 0.935315 1.06916 0 0
35.226 6.4253e-10 0.935425 1.06903 0 0
35.286 6.4253e-10 0.935535 1.06891 0 0
35.346 6.4253e-10 0.935644 1.06878 0 0
35.406 6.4253e-10 0.935753 1.06866 0 0
35.466 6.4253e-10 0.935862 1.06853 0 0
35.526 6.4253e-10 0.93597 1.06841 0 0
35.586 6.4253e-10 0.936078 1.06829 0 0
35.646 6.4253e-10 0.936186 1.06816 0 0
35.706 6.4253e-10 0.936293 1.06804 0 0
35.766 6.4253e-10 0.9364 1.06792 0 0
35.826 6.4253e-10 0.936506 1.0678 0 0
35.886 6.4253e-10 0.936612 1.06768 0 0
35.946 6.4253e-10 0.936718 1.06756 0 0
36.006 6.4253e-10 0.936824 1.06744 0 0
36.066 6.4253e-10 0.936929 1.06732 0 0
36.126 6.4253e-10 0.937034 1.0672 0 0
36.186 6.4253e-10 0.937138 1.06708 0 0
36.246 6.4253e-10 0.937242 1.06696 0 0
36.306 6.4253e-10 0.937346 1.06684 0 0
36.366 6.4253e-10 0.937449 1.06672 0 0
36.426 6.4253e-10 0.937552 1.06661 0 0
36.486 6.4253e-10 0.937655 1.06649 0 0
36.546 6.4253e-10 0.937757 1.06637 0 0
36.606 6.4253e-10 0.937859 1.06626 0 0
36.666 6.4253e-10 0.937961 1.06614 0 0
36.726 6.4253e-10 0.938062 1.06603 0 0
36.786 6.4253e-10 0.938163 1.06591 0 0
36.846 6.4253e-10 0.938264 1.0658 0 0
36.906 6.4253e-10 0.938364 1.06568 0 0
36.966 6.4253e-10 0.938464 1.06557 0 0
37.026 6.4253e-10 0.938564 1.06546 0 0
37.086 6.4253e-10 0.938663 1.06534 0 0
37.146 6.4253e-10 0.938763 1.06523 0 0
37.206 6.4253e-10 0.938861 1.06512 0 0
37.266 6.4253e-10 0.93896 1.06501 0 0
37.326 6.4253e-10 0.939058 1.0649 0 0
37.386 6.4253e-10 0.939156 1.06479 0 0
37.446 6.4253e-10 0.939253 1.06468 0 0
37.506 6.4253e-10 0.93935 1.06457 0 0
37.566 6.4253e-10 0.939447 1.06446 0 0
37.626 6.4253e-10 0.939544 1.06435 0 0
37.686 6.4253e-10 0.93964 1.06424 0 0
37.746 6.4253e-10 0.939736 1.06413 0 0
37.806 6.4253e-10 0.939832 1.06402 0 0
37.866 6.4253e-10 0.939927 1.06391 0 0
37.926 6.4253e-10 0.940022 1.0638 0 0
37.986 6.4253e-10 0.940117 1.0637 0 0
38.046 6.4253e-10 0.940211 1.06359 0 0
38.106 6.4253e-10 0.940305 1.06348 0 0
38.166 6.4253e-10 0.940399 1.06338 0 0
38.226 6.4253e-10 0.940493 1.06327 0 0
38.286 6.4253e-10 0.940586 1.06317 0 0
38.346 6.4253e-10 0.940679 1.06306 0 0
38.406 6.4253e-10 0.940772 1.06296 0 0
38.466 6.4253e-10 0.940864 1.06285 0 0
38.526 6.4253e-10 0.940956 1.06275 0 0
38.586 6.4253e-10 0.941048 1.06265 0 0
38.646 6.4253e-10 0.941139 1.06254 0 0
38.706 6.4253e-10 0.941231 1.06244 0 0
38.766 6.4253e-10 0.941322 1.06234 0 0
38.826 6.4253e-10 0.941412 1.06223 0 0
38.886 6.4253e-10 0.941503 1.06213 0 0
38.946 6.4253e-10 0.941593 1.06203 0 0
39.006 6.4253e-10 0.941683 1.06193 0 0
39.066 6.4253e-10 0.941772 1.06183 0 0
39.126 6.4253e-10 0.941861 1.06173 0 0
39.186 6.4253e-10 0.941951 1.06163 0 0
39.246 6.4253e-10 0.942039 1.06153 0 0
39.306 6.4253e-10 0.942128 1.06143 0 0
39.366 6.4253e-10 0.942216 1.06133 0 0
39.426 6.4253e-10 0.942304 1.06123 0 0
39.486 6.4253e-10 0.942392 1.06113 0 0
39.546 6.4253e-10 0.942479 1.06103 0 0
39.606 6.4253e-10 0.942566 1.06093 0 0
39.666 6.4253e-10 0.942653 1.06084 0 0
39.726 6.4253e-10 0.94274 1.06074 0 0
39.786 6.4253e-10 0.942826 1.06064 0 0
39.846 6.4253e-10 0.942912 1.06054 0 0
39.906 6.4253e-10 0.942998 1.06045 0 0
39.966 6.4253e-10 0.943083 1.06035 0 0
40.026 6.4253e-10 0.943169 1.06026 0 0
40.086 6.4253e-10 0.943254 1.06016 0 0
40.146 6.4253e-10 0.943339 1.06006 0 0
40.206 6.4253e-10 0.943423 1.05997 0 0
40.266 6.4253e-10 0.943507 1.05988 0 0
40.326 6.4253e-10 0.943592 1.05978 0 0
40.386 6.4253e-10 0.943675 1.05969 0 0
40.446 6.4253e-10 0.943759 1.05959 0 0
40.506 6.4253e-10 0.943842 1.0595 0 0
40.566 6.4253e-10 0.943925 1.05941 0 0
40.626 6.4253e-10 0.944008 1.05931 0 0
40.686 6.4253e-10 0.944091 1.05922 0 0
40.746 6.4253e-10 0.944173 1.05913 0 0
40.806 6.4253e-10 0.944255 1.05904 0 0
40.866 6.4253e-10 0.944337 1.05894 0 0
40.926 6.4253e-10 0.944419 1.05885 0 0
40.986 6.4253e-10 0.9445 1.05876 0 0
41.046 6.4253e-10 0.944581 1.05867 0 0
41.106 6.4253e-10 0.944662 1.05858 0 0
41.166 6.4253e-10 0.944743 1.05849 0 0
41.226 6.4253e-10 0.944823 1.0584 0 0
41.286 6.4253e-10 0.944903 1.05831 0 0
41.346 6.4253e-10 0.944983 1.05822 0 0
41.406 6.4253e-10 0.945063 1.05813 0 0
41.466 6.4253e-10 0.945142 1.05804 0 0
41.526 6.4253e-10 0.945222 1.05795 0 0
41.586 6.4253e-10 0.945301 1.05786 0 0
41.646 6.4253e-10 0.945379 1.05778 0 0
41.706 6.4253e-10 0.945458 1.05769 0 0
41.766 6.4253e-10 0.945536 1.0576 0 0
41.826 6.4253e-10 0.945615 1.05751 0 0
41.886 6.4253e-10 0.945692 1.05743 0 0
41.946 6.4253e-10 0.94577 1.05734 0 0
42.006 6.4253e-10 0.945848 1.05725 0 0
42.066 6.4253e-10 0.945925 1.05717 0 0
42.126 6.4253e-10 0.946002 1.05708 0 0
42.186 6.4253e-10 0.946079 1.05699 0 0
42.246 6.4253e-10 0.946155 1.05691 0 0
42.306 6.4253e-10 0.946232 1.05682 0 0
42.366 6.4253e-10 0.946308 1.05674 0 0
42.426 6.4253e-10 0.946384 1.05665 0 0
42.486 6.4253e-10 0.946459 1.05657 0 0
42.546 6.4253e-10 0.946535 1.05649 0 0
42.606 6.4253e-10 0.94661 1.0564 0 0
42.666 6.4253e-10 0.946685 1.05632 0 0
42.726 6.4253e-10 0.94676 1.05623 0 0
42.786 6.4253e-10 0.946835 1.05615 0 0
42.846 6.4253e-10 0.946909 1.05607 0 0
42.906 6.4253e-10 0.946983 1.05598 0 0
42.966 6.4253e-10 0.947057 1.0559 0 0
43.026 6.4253e-10 0.947131 1.05582 0 0
43.086 6.4253e-10 0.947205 1.05574 0 0
43.146 6.4253e-10 0.947278 1.05566 0 0
43.206 6.4253e-10 0.947352 1.05557 0 0
43.266 6.4253e-10 0.947425 1.05549 0 0
43.326 6.4253e-10 0.947497 1.05541 0 0
43.386 6.4253e-10 0.94757 1.05533 0 0
43.446 6.4253e-10 0.947642 1.05525 0 0
43.506 6.4253e-10 0.947715 1.05517 0 0
43.566 6.4253e-10 0.947787 1.05509 0 0
43.626 6.4253e-10 0.947858 1.05501 0 0
43.686 6.4253e-10 0.94793 1.05493 0 0
43.746 6.4253e-10 0.948001 1.05485 0 0
43.806 6.4253e-10 0.948073 1.05477 0 0
43.866 6.4253e-10 0.948144 1.05469 0 0
43.926 6.4253e-10 0.948215 1.05461 0 0
43.986 6.4253e-10 0.948285 1.05454 0 0
44.046 6.4253e-10 0.948356 1.05446 0 0
44.106 6.4253e-10 0.948426 1.05438 0 0
44.166 6.4253e-10 0.948496 1.0543 0 0
44.226 6.4253e-10 0.948566 1.05422 0 0
44.286 6.4253e-10 0.948636 1.05415 0 0
44.346 6.4253e-10 0.948705 1.05407 0 0
44.406 6.4253e-10 0.948774 1.05399 0 0
44.466 6.4253e-10 0.948843 1.05391 0 0
44.526 6.4253e-10 0.948912 1.05384 0 0
44.586 6.4253e-10 0.948981 1.05376 0 0
44.646 6.4253e-10 0.94905 1.05369 0 0
44.706 6.4253e-10 0.949118 1.05361 0 0
44.766 6.4253e-10 0.949186 1.05353 0 0
44.826 6.4253e-10 0.949254 1.05346 0 0
44.886 6.4253e-10 0.949322 1.05338 0 0
44.946 6.4253e-10 0.94939 1.05331 0 0
45.006 6.4253e-10 0.949457 1.05323 0 0
45.066 6.4253e-10 0.949525 1.05316 0 0
45.126 6.4253e-10 0.949592 1.05308 0 0
45.186 6.4253e-10 0.949659 1.05301 0 0
45.246 6.4253e-10 0.949725 1.05294 0 0
45.306 6.4253e-10 0.949792 1.05286 0 0
45.366 6.4253e-10 0.949858 1.05279 0 0
45.426 6.4253e-10 0.949925 1.05272 0 0
45.486 6.4253e-10 0.949991 1.05264 0 0
45.546 6.4253e-10 0.950056 1.05257 0 0
45.606 6.4253e-10 0.950122 1.0525 0 0
45.666 6.4253e-10 0.950188 1.05242 0 0
45.726 6.4253e-10 0.950253 1.05235 0 0
45.786 6.4253e-10 0.950318 1.05228 0 0
45.846 6.4253e-10 0.950383 1.05221 0 0
45.906 6.4253e-10 0.950448 1.05214 0 0
45.966 6.4253e-10 0.950513 1.05206 0 0
46.026 6.4253e-10 0.950577 1.05199 0 0
46.086 6.4253e-10 0.950642 1.05192 0 0
46.146 6.4253e-10 0.950706 1.05185 0 0
46.206 6.4253e-10 0.95077 1.05178 0 0
46.266 6.4253e-10 0.950834 1.05171 0 0
46.326 6.4253e-10 0.950897 1.05164 0 0
46.386 6.4253e-10 0.950961 1.05157 0 0
46.446 6.4253e-10 0.951024 1.0515 0 0
46.506 6.4253e-10 0.951087 1.05143 0 0
46.566 6.4253e-10 0.95115 1.05136 0 0
46.626 6.4253e-10 0.951213 1.05129 0 0
46.686 6.4253e-10 0.951276 1.05122 0 0
46.746 6.4253e-10 0.951339 1.05115 0 0
46.806 6.4253e-10 0.951401 1.05108 0 0
46.866 6.4253e-10 0.951463 1.05101 0 0
46.926 6.4253e-10 0.951525 1.05094 0 0
46.986 6.4253e-10 0.951587 1.05088 0 0
47.046 6.4253e-10 0.951649 1.05081 0 0
47.106 6.4253e-10 0.95171 1.05074 0 0
47.166 6.4253e-10 0.951772 1.05067 0 0
47.226 6.4253e-10 0.951833 1.0506 0 0
47.286 6.4253e-10 0.951894 1.05054 0 0
47.346 6.4253e-10 0.951955 1.05047 0 0
47.406 6.4253e-10 0.952016 1.0504 0 0
47.466 6.4253e-10 0.952077 1.05034 0 0
47.526 6.4253e-10 0.952137 1.05027 0 0
47.586 6.4253e-10 0.952198 1.0502 0 0
47.646 6.4253e-10 0.952258 1.05014 0 0
47.706 6.4253e-10 0.952318 1.05007 0 0
47.766 6.4253e-10 0.952378 1.05 0 0
47.826 6.4253e-10 0.952437 1.04994 0 0
47.886 6.4253e-10 0.952497 1.04987 0 0
47.946 6.4253e-10 0.952556 1.04981 0 0
48.006 6.4253e-10 0.952616 1.04974 0 0
48.066 6.4253e-10 0.952675 1.04968 0 0
48.126 6.4253e-10 0.952734 1.04961 0 0
48.186 6.4253e-10 0.952793 1.04955 0 0
48.246 6.4253e-10 0.952851 1.04948 0 0
48.306 6.4253e-10 0.95291 1.04942 0 0
48.366 6.4253e-10 0.952968 1.04935 0 0
48.426 6.4253e-10 0.953027 1.04929 0 0
48.486 6.4253e-10 0.953085 1.04922 0 0
48.546 6.4253e-10 0.953143 1.04916 0 0
48.606 6.4253e-10 0.953201 1.0491 0 0
48.666 6.4253e-10 0.953258 1.04903 0 0
48.726 6.4253e-10 0.953316 1.04897 0 0
48.786 6.4253e-10 0.953373 1.04891 0 0
48.846 6.4253e-10 0.953431 1.04884 0 0
48.906 6.4253e-10 0.953488 1.04878 0 0
48.966 6.4253e-10 0.953545 1.04872 0 0
49.026 6.4253e-10 0.953602 1.04866 0 0
49.086 6.4253e-10 0.953658 1.04859 0 0
49.146 6.4253e-10 0.953715 1.04853 0 0
49.206 6.4253e-10 0.953771 1.04847 0 0
49.266 6.4253e-10 0.953828 1.04841 0 0
49.326 6.4253e-10 0.953884 1.04835 0 0
49.386 6.4253e-10 0.95394 1.04828 0 0
49.446 6.4253e-10 0.953996 1.04822 0 0
49.506 6.4253e-10 0.954051 1.04816 0 0
49.566 6.4253e-10 0.954107 1.0481 0 0
49.626 6.4253e-10 0.954163 1.04804 0 0
49.686 6.4253e-10 0.954218 1.04798 0 0
49.746 6.4253e-10 0.954273 1.04792 0 0
49.806 6.4253e-10 0.954328 1.04786 0 0
49.866 6.4253e-10 0.954383 1.0478 0 0
49.926 6.4253e-10 0.954438 1.04774 0 0
49.986 6.4253e-10 0.954493 1.04768 0 0
50.046 6.4253e-10 0.954547 1.04762 0 0
50.106 6.4253e-10 0.954602 1.04756 0 0
50.166 6.4253e-10 0.954656 1.0475 0 0
50.226 6.4253e-10 0.95471 1.04744 0 0
50.286 6.4253e-10 0.954764 1.04738 0 0
50.346 6.4253e-10 0.954818 1.04732 0 0
50.406 6.4253e-10 0.954872 1.04726 0 0
50.466 6.4253e-10 0.954926 1.0472 0 0
50.526 6.4253e-10 0.954979 1.04714 0 0
50.586 6.4253e-10 0.955032 1.04708 0 0
50.646 6.4253e-10 0.955086 1.04703 0 0
50.706 6.4253e-10 0.955139 1.04697 0 0
50.766 6.4253e-10 0.955192 1.04691 0 0
50.826 6.4253e-10 0.955245 1.04685 0 0
50.886 6.4253e-10 0.955298 1.04679 0 0
50.946 6.4253e-10 0.95535 1.04674 0 0
51.006 6.4253e-10 0.955403 1.04668 0 0
51.066 6.4253e-10 0.955455 1.04662 0 0
51.126 6.4253e-10 0.955507 1.04656 0 0
51.186 6.4253e-10 0.95556 1.04651 0 0
51.246 6.4253e-10 0.955612 1.04645 0 0
51.306 6.4253e-10 0.955664 1.04639 0 0
51.366 6.4253e-10 0.955715 1.04634 0 0
51.426 6.4253e-10 0.955767 1.04628 0 0
51.486 6.4253e-10 0.955819 1.04622 0 0
51.546 6.4253e-10 0.95587 1.04617 0 0
51.606 6.4253e-10 0.955921 1.04611 0 0
51.666 6.4253e-10 0.955972 1.04606 0 0
51.726 6.4253e-10 0.956024 1.046 0 0
51.786 6.4253e-10 0.956074 1.04594 0 0
51.846 6.4253e-10 0.956125 1.04589 0 0
51.906 6.4253e-10 0.956176 1.04583 0 0
51.966 6.4253e-10 0.956227 1.04578 0 0
52.026 6.4253e-10 0.956277 1.04572 0 0
52.086 6.4253e-10 0.956327 1.04567 0 0
52.146 6.4253e-10 0.956378 1.04561 0 0
52.206 6.4253e-10 0.956428 1.04556 0 0
52.266 6.4253e-10 0.956478 1.0455 0 0
52.326 6.4253e-10 0.956528 1.04545 0 0
52.386 6.4253e-10 0.956578 1.04539 0 0
52.446 6.4253e-10 0.956627 1.04534 0 0
52.506 6.4253e-10 0.956677 1.04529 0 0
52.566 6.4253e-10 0.956726 1.04523 0 0
52.626 6.4253e-10 0.956776 1.04518 0 0
52.686 6.4253e-10 0.956825 1.04512 0 0
52.746 6.4253e-10 0.956874 1.04507 0 0
52.806 6.4253e-10 0.956923 1.04502 0 0
52.866 6.4253e-10 0.956972 1.04496 0 0
52.926 6.4253e-10 0.957021 1.04491 0 0
52.986 6.4253e-10 0.957069 1.04486 0 0
53.046 6.4253e-10 0.957118 1.0448 0 0
53.106 6.4253e-10 0.957166 1.04475 0 0
53.166 6.4253e-10 0.957215 1.0447 0 0
53.226 6.4253e-10 0.957263 1.04465 0 0
53.286 6.4253e-10 0.957311 1.04459 0 0
53.346 6.4253e-10 0.957359 1.04454 0 0
53.406 6.4253e-10 0.957407 1.04449 0 0
53.466 6.4253e-10 0.957455 1.04444 0 0
53.526 6.4253e-10 0.957502 1.04438 0 0
53.586 6.4253e-10 0.95755 1.04433 0 0
53.646 6.4253e-10 0.957597 1.04428 0 0
53.706 6.4253e-10 0.957645 1.04423 0 0
53.766 6.4253e-10 0.957692 1.04418 0 0
53.826 6.4253e-10 0.957739 1.04413 0 0
53.886 6.4253e-10 0.957786 1.04407 0 0
53.946 6.4253e-10 0.957833 1.04402 0 0
54.006 6.4253e-10 0.95788 1.04397 0 0
54.066 6.4253e-10 0.957927 1.04392 0 0
54.126 6.4253e-10 0.957973 1.04387 0 0
54.186 6.4253e-10 0.95802 1.04382 0 0
54.246 6.4253e-10 0.958066 1.04377 0 0
54.306 6.4253e-10 0.958113 1.04372 0 0
54.366 6.4253e-10 0.958159 1.04367 0 0
54.426 6.4253e-10 0.958205 1.04362 0 0
54.486 6.4253e-10 0.958251 1.04357 0 0
54.546 6.4253e-10 0.958297 1.04352 0 0
54.606 6.4253e-10 0.958343 1.04347 0 0
54.666 6.4253e-10 0.958389 1.04342 0 0
54.726 6.4253e-10 0.958434 1.04337 0 0
54.786 6.4253e-10 0.95848 1.04332 0 0
54.846 6.4253e-10 0.958525 1.04327 0 0
54.906 6.4253e-10 0.958571 1.04322 0 0
54.966 6.4253e-10 0.958616 1.04317 0 0
55.026 6.4253e-10 0.958661 1.04312 0 0
55.086 6.4253e-10 0.958706 1.04307 0 0
55.146 6.4253e-10 0.958751 1.04302 0 0
55.206 6.4253e-10 0.958796 1.04298 0 0
55.266 6.4253e-10 0.95884 1.04293 0 0
55.326 6.4253e-10 0.958885 1.04288 0 0
55.386 6.4253e-10 0.95893 1.04283 0 0
55.446 6.4253e-10 0.958974 1.04278 0 0
55.506 6.4253e-10 0.959018 1.04273 0 0
55.566 6.4253e-10 0.959063 1.04268 0 0
55.626 6.4253e-10 0.959107 1.04264 0 0
55.686 6.4253e-10 0.959151 1.04259 0 0
55.746 6.4253e-10 0.959195 1.04254 0 0
55.806 6.4253e-10 0.959239 1.04249 0 0
55.866 6.4253e-10 0.959282 1.04245 0 0
55.926 6.4253e-10 0.959326 1.0424 0 0
55.986 6.4253e-10 0.95937 1.04235 0 0
56.046 6.4253e-10 0.959413 1.0423 0 0
56.106 6.4253e-10 0.959457 1.04226 0 0
56.166 6.4253e-10 0.9595 1.04221 0 0
56.226 6.4253e-10 0.959543 1.04216 0 0
56.286 6.4253e-10 0.959586 1.04212 0 0
56.346 6.4253e-10 0.959629 1.04207 0 0
56.406 6.4253e-10 0.959672 1.04202 0 0
56.466 6.4253e-10 0.959715 1.04198 0 0
56.526 6.4253e-10 0.959758 1.04193 0 0
56.586 6.4253e-10 0.959801 1.04188 0 0
56.646 6.4253e-10 0.959843 1.04184 0 0
56.706 6.4253e-10 0.959886 1.04179 0 0
56.766 6.4253e-10 0.959928 1.04174 0 0
56.826 6.4253e-10 0.95997 1.0417 0 0
56.886 6.4253e-10 0.960013 1.04165 0 0
56.946 6.4253e-10 0.960055 1.04161 0 0
57.006 6.4253e-10 0.960097 1.04156 0 0
57.066 6.4253e-10 0.960139 1.04152 0 0
57.126 6.4253e-10 0.960181 1.04147 0 0
57.186 6.4253e-10 0.960222 1.04143 0 0
57.246 6.4253e-10 0.960264 1.04138 0 0
57.306 6.4253e-10 0.960306 1.04134 0 0
57.366 6.4253e-10 0.960347 1.04129 0 0
57.426 6.4253e-10 0.960389 1.04125 0 0
57.486 6.4253e-10 0.96043 1.0412 0 0
57.546 6.4253e-10 0.960471 1.04116 0 0
57.606 6.4253e-10 0.960512 1.04111 0 0
57.666 6.4253e-10 0.960553 1.04107 0 0
57.726 6.4253e-10 0.960594 1.04102 0 0
57.786 6.4253e-10 0.960635 1.04098 0 0
57.846 6.4253e-10 0.960676 1.04093 0 0
57.906 6.4253e-10 0.960717 1.04089 0 0
57.966 6.4253e-10 0.960758 1.04085 0 0
58.026 6.4253e-10 0.960798 1.0408 0 0
58.086 6.4253e-10 0.960839 1.04076 0 0
58.146 6.4253e-10 0.960879 1.04071 0 0
58.206 6.4253e-10 0.960919 1.04067 0 0
58.266 6.4253e-10 0.96096 1.04063 0 0
58.326 6.4253e-10 0.961 1.04058 0 0
58.386 6.4253e-10 0.96104 1.04054 0 0
58.446 6.4253e-10 0.96108 1.0405 0 0
58.506 6.4253e-10 0.96112 1.04045 0 0
58.566 6.4253e-10 0.96116 1.04041 0 0
58.626 6.4253e-10 0.961199 1.04037 0 0
58.686 6.4253e-10 0.961239 1.04032 0 0
58.746 6.4253e-10 0.961279 1.04028 0 0
58.806 6.4253e-10 0.961318 1.04024 0 0
58.866 6.4253e-10 0.961358 1.0402 0 0
58.926 6.4253e-10 0.961397 1.04015 0 0
58.986 6.4253e-10 0.961436 1.04011 0 0
59.046 6.4253e-10 0.961475 1.04007 0 0
59.106 6.4253e-10 0.961514 1.04003 0 0
59.166 6.4253e-10 0.961553 1.03998 0 0
59.226 6.4253e-10 0.961592 1.03994 0 0
59.286 6.4253e-10 0.961631 1.0399 0 0
59.346 6.4253e-10 0.96167 1.03986 0 0
59.406 6.4253e-10 0.961709 1.03982 0 0
59.466 6.4253e-10 0.961747 1.03977 0 0
59.526 6.4253e-10 0.961786 1.03973 0 0
59.586 6.4253e-10 0.961824 1.03969 0 0
59.646 6.4253e-10 0.961863 1.03965 0 0
59.706 6.4253e-10 0.961901 1.03961 0 0
59.766 6.4253e-10 0.961939 1.03957 0 0
59.826 6.4253e-10 0.961978 1.03953 0 0
59.886 6.4253e-10 0.962016 1.03948 0 0
59.946 6.4253e-10 0.962054 1.03944 0 0

