0.06 0.629088
0.006 0.064253 0.238903 1 0.00118542 0.003443
0.066 0.0641747 0.239036 1.0005 0.00118382 0.00344067
0.126 0.0639635 0.23939 1.00184 0.00117952 0.00343442
0.186 0.0636227 0.239964 1.004 0.0011726 0.00342433
0.246 0.0631556 0.240754 1.00699 0.00116314 0.00341049
0.306 0.0625669 0.241758 1.01078 0.00115125 0.00339301
0.366 0.0618625 0.24297 1.01538 0.00113707 0.00337205
0.426 0.0610494 0.244385 1.02076 0.00112076 0.00334778
0.486 0.0601357 0.245997 1.02691 0.00110249 0.00332038
0.546 0.0591302 0.2478 1.03379 0.00108245 0.00329006
0.606 0.0580424 0.249785 1.04138 0.00106083 0.00325704
0.666 0.056882 0.251947 1.04963 0.00103784 0.00322155
0.726 0.0556587 0.254276 1.05853 0.00101366 0.0031838
0.786 0.0543822 0.256766 1.068 0.000988485 0.00314402
0.846 0.0530616 0.259409 1.07802 0.000962509 0.00310243
0.906 0.0517054 0.262196 1.08854 0.000935902 0.00305925
0.966 0.0503216 0.26512 1.09949 0.000908831 0.00301468
1.026 0.0489172 0.268174 1.11082 0.000881449 0.00296892
1.086 0.0474989 0.27135 1.1225 0.000853898 0.00292215
1.146 0.0460727 0.27464 1.13445 0.000826306 0.00287455
1.206 0.0446436 0.278038 1.14664 0.000798789 0.00282629
1.266 0.0432167 0.281537 1.159 0.000771452 0.0027775
1.326 0.0417961 0.28513 1.1715 0.000744386 0.00272834
1.386 0.0403857 0.288811 1.18407 0.000717672 0.00267894
1.446 0.0389889 0.292573 1.19669 0.000691378 0.00262941
1.506 0.0376089 0.296411 1.2093 0.000665565 0.00257985
1.566 0.0362484 0.300319 1.22186 0.000640281 0.00253038
1.626 0.0349098 0.304291 1.23435 0.000615568 0.00248107
1.686 0.0335952 0.308322 1.24672 0.00059146 0.00243199
1.746 0.0323066 0.312408 1.25895 0.000567981 0.00238324
1.806 0.0310455 0.316544 1.27101 0.000545151 0.00233485
1.866 0.0298133 0.320724 1.28287 0.000522985 0.00228689
1.926 0.0286113 0.324946 1.29451 0.000501489 0.00223939
1.986 0.0274403 0.329205 1.30593 0.000480668 0.00219242
2.046 0.0263012 0.333497 1.31709 0.000460523 0.00214598
2.106 0.0251944 0.33782 1.32799 0.000441049 0.00210012
2.166 0.0241204 0.342169 1.33863 0.000422241 0.00205485
2.226 0.0230795 0.346541 1.34899 0.00040409 0.0020102
2.286 0.0220718 0.350935 1.35907 0.000386584 0.00196617
2.346 0.0210972 0.355348 1.36888 0.000369712 0.00192279
2.406 0.0201557 0.359776 1.37839 0.00035346 0.00188005
2.466 0.019247 0.364218 1.38763 0.000337813 0.00183797
2.526 0.0183707 0.368672 1.39659 0.000322755 0.00179654
2.586 0.0175265 0.373136 1.40527 0.00030827 0.00175576
2.646 0.0167139 0.377608 1.41369 0.000294342 0.00171564
2.706 0.0159323 0.382086 1.42184 0.000280953 0.00167617
2.766 0.0151812 0.38657 1.42972 0.000268088 0.00163734
2.826 0.0144598 0.391057 1.43736 0.000255728 0.00159915
2.886 0.0137675 0.395546 1.44475 0.000243857 0.00156159
2.946 0.0131036 0.400037 1.45189 0.000232458 0.00152466
3.006 0.0124672 0.404528 1.45881 0.000221516 0.00148834
3.066 0.0118577 0.409017 1.46549 0.000211015 0.00145263
3.126 0.0112743 0.413505 1.47195 0.000200938 0.00141753
3.186 0.0107161 0.41799 1.4782 0.00019127 0.00138301
3.246 0.0101823 0.42247 1.48423 0.000181998 0.00134907
3.306 0.0096722 0.426947 1.49006 0.000173106 0.0013157
3.366 0.00918495 0.431417 1.49569 0.00016458 0.00128289
3.426 0.00871975 0.435882 1.50112 0.000156407 0.00125063
3.486 0.00827582 0.440339 1.50636 0.000148575 0.00121891
3.546 0.00785238 0.444788 1.51141 0.00014107 0.00118773
3.606 0.00744865 0.44923 1.51627 0.00013388 0.00115707
3.666 0.00706388 0.453661 1.52095 0.000126994 0.00112692
3.726 0.00669734 0.458083 1.52545 0.000120401 0.00109727
3.786 0.00634829 0.462495 1.52977 0.000114089 0.00106812
3.846 0.00601604 0.466895 1.53391 0.000108048 0.00103946
3.906 0.00569989 0.471283 1.53788 0.000102269 0.00101128
3.966 0.00539916 0.475659 1.54167 9.67408e-05 0.000983569
4.026 0.00511322 0.480021 1.54528 9.14548e-05 0.00095632
4.086 0.00484142 0.484369 1.54872 8.64018e-05 0.000929526
4.146 0.00458316 0.488702 1.55198 8.15733e-05 0.000903179
4.206 0.00433783 0.49302 1.55507 7.69608e-05 0.000877273
4.266 0.00410486 0.497321 1.55798 7.25563e-05 0.0008518
4.326 0.0038837 0.501606 1.56071 6.83522e-05 0.000826754
4.386 0.00367382 0.505873 1.56327 6.43408e-05 0.000802127
4.446 0.00347468 0.510122 1.56565 6.0515e-05 0.000777914
4.506 0.00328581 0.514351 1.56785 5.68678e-05 0.000754107
4.566 0.00310671 0.518561 1.56987 5.33926e-05 0.000730702
4.626 0.00293693 0.522751 1.57171 5.00829e-05 0.000707692
4.686 0.00277602 0.526919 1.57336 4.69323e-05 0.000685072
4.746 0.00262356 0.531065 1.57484 4.3935e-05 0.000662835
4.806 0.00247915 0.535189 1.57613 4.10851e-05 0.000640977
4.866 0.00234238 0.539289 1.57723 3.8377e-05 0.000619492
4.926 0.00221289 0.543365 1.57815 3.58052e-05 0.000598374
4.986 0.00209031 0.547417 1.57889 3.33645e-05 0.00057762
5.046 0.0019743 0.551442 1.57943 3.10498e-05 0.000557223
5.106 0.00186453 0.555442 1.5798 2.88562e-05 0.00053718
5.166 0.0017607 0.559414 1.57997 2.67791e-05 0.000517485
5.226 0.00166248 0.563359 1.57995 2.48137e-05 0.000498134
5.286 0.00156961 0.567275 1.57975 2.29558e-05 0.000479122
5.346 0.00148181 0.571163 1.57936 2.1201e-05 0.000460445
5.406 0.00139881 0.57502 1.57878 1.95451e-05 0.000442099
5.466 0.00132036 0.578847 1.57802 1.79842e-05 0.000424078
5.526 0.00124623 0.582643 1.57707 1.65145e-05 0.00040638
5.586 0.00117619 0.586408 1.57593 1.51321e-05 0.000389
5.646 0.00111003 0.59014 1.57461 1.38334e-05 0.000371933
5.706 0.00104754 0.593839 1.57311 1.2615e-05 0.000355176
5.766 0.00098852 0.597504 1.57142 1.14734e-05 0.000338724
5.826 0.000932792 0.601136 1.56955 1.04054e-05 0.000322574
5.886 0.000880176 0.604732 1.56751 9.40788e-06 0.000306723
5.946 0.000830505 0.608294 1.56528 8.4777e-06 0.000291165
6.006 0.000783619 0.611819 1.56288 7.61194e-06 0.000275897
6.066 0.000739368 0.615309 1.56031 6.80774e-06 0.000260916
6.126 0.000697607 0.618761 1.55757 6.06234e-06 0.000246218
6.186 0.000658199 0.622177 1.55466 5.37308e-06 0.000231799
6.246 0.000621017 0.625554 1.55158 4.73739e-06 0.000217655
6.306 0.000585937 0.628894 1.54834 4.15278e-06 0.000203784
6.366 0.000552842 0.632195 1.54494 3.61685e-06 0.00019018
6.426 0.000521624 0.635457 1.54138 3.12728e-06 0.000176841
6.486 0.000492176 0.63868 1.53767 2.68185e-06 0.000163764
6.546 0.000464402 0.641863 1.53381 2.2784e-06 0.000150944
6.606 0.000438206 0.645006 1.5298 1.91485e-06 0.000138378
6.666 0.000413501 0.648109 1.52565 1.5892e-06 0.000126063
6.726 0.000390202 0.651171 1.52136 1.29951e-06 0.000113996
6.786 0.000368231 0.654193 1.51693 1.04393e-06 0.000102173
6.846 0.000347513 0.657173 1.51237 8.20657e-07 9.05901e-05
6.906 0.000327976 0.660112 1.50768 6.27975e-07 7.92449e-05
6.966 0.000309553 0.663009 1.50286 4.64221e-07 6.81338e-05
7.026 0.000292182 0.665865 1.49793 3.27796e-07 5.72535e-05
7.086 0.000275803 0.668679 1.49287 2.17163e-07 4.66008e-05
7.146 0.000260358 0.671452 1.4877 1.30845e-07 3.61725e-05
7.206 0.000245795 0.674182 1.48243 6.74199e-08 2.59653e-05
7.266 0.000232064 0.676869 1.47705 2.5524e-08 1.59762e-05
7.326 0.000219116 0.679515 1.47156 3.84656e-09 6.20206e-06
7.386 0.000206907 0.682119 1.466 0 0
7.446 0.000195393 0.68468 1.46052 0 0
7.506 0.000184536 0.6872 1.45516 0 0
7.566 0.000174295 0.689681 1.44993 0 0
7.626 0.000164635 0.692123 1.44482 0 0
7.686 0.000155523 0.694526 1.43982 0 0
7.746 0.000146926 0.696892 1.43493 0 0
7.806 0.000138815 0.699222 1.43015 0 0
7.866 0.000131161 0.701516 1.42547 0 0
7.926 0.000123938 0.703776 1.4209 0 0
7.986 0.000117122 0.706001 1.41642 0 0
8.046 0.000110688 0.708194 1.41204 0 0
8.106 0.000104615 0.710354 1.40774 0 0
8.166 9.88819e-05 0.712482 1.40354 0 0
8.226 9.34695e-05 0.714579 1.39942 0 0
8.286 8.83592e-05 0.716646 1.39539 0 0
8.346 8.35339e-05 0.718683 1.39143 0 0
8.406 7.89773e-05 0.720691 1.38755 0 0
8.466 7.46742e-05 0.72267 1.38375 0 0
8.526 7.06099e-05 0.724622 1.38003 0 0
8.586 6.67712e-05 0.726546 1.37637 0 0
8.646 6.3145e-05 0.728444 1.37279 0 0
8.706 5.97195e-05 0.730315 1.36927 0 0
8.766 5.64832e-05 0.732161 1.36582 0 0
8.826 5.34256e-05 0.733982 1.36243 0 0
8.886 5.05364e-05 0.735778 1.3591 0 0
8.946 4.78063e-05 0.73755 1.35584 0 0
9.006 4.52263e-05 0.739299 1.35263 0 0
9.066 4.2788e-05 0.741024 1.34948 0 0
9.126 4.04834e-05 0.742727 1.34639 0 0
9.186 3.83051e-05 0.744407 1.34335 0 0
9.246 3.62461e-05 0.746066 1.34036 0 0
9.306 3.42995e-05 0.747703 1.33743 0 0
9.366 3.24593e-05 0.749319 1.33454 0 0
9.426 3.07194e-05 0.750915 1.33171 0 0
9.486 2.90743e-05 0.752491 1.32892 0 0
9.546 2.75187e-05 0.754046 1.32618 0 0
9.606 2.60477e-05 0.755583 1.32348 0 0
9.666 2.46566e-05 0.7571 1.32083 0 0
9.726 2.33409e-05 0.758598 1.31822 0 0
9.786 2.20966e-05 0.760078 1.31565 0 0
9.846 2.09196e-05 0.76154 1.31313 0 0
9.906 1.98062e-05 0.762985 1.31064 0 0
9.966 1.8753e-05 0.764412 1.3082 0 0
10.026 1.77567e-05 0.765821 1.30579 0 0
10.086 1.6814e-05 0.767215 1.30342 0 0
10.146 1.59222e-05 0.768591 1.30108 0 0
10.206 1.50783e-05 0.769952 1.29878 0 0
10.266 1.42798e-05 0.771296 1.29652 0 0
10.326 1.35242e-05 0.772625 1.29429 0 0
10.386 1.28092e-05 0.773939 1.29209 0 0
10.446 1.21324e-05 0.775237 1.28993 0 0
10.506 1.14919e-05 0.776521 1.2878 0 0
10.566 1.08857e-05 0.77779 1.28569 0 0
10.626 1.03119e-05 0.779044 1.28362 0 0
10.686 9.76879e-06 0.780285 1.28158 0 0
10.746 9.25464e-06 0.781512 1.27957 0 0
10.806 8.76789e-06 0.782725 1.27759 0 0
10.866 8.30708e-06 0.783925 1.27563 0 0
10.926 7.87081e-06 0.785111 1.2737 0 0
10.986 7.45773e-06 0.786285 1.2718 0 0
11.046 7.06661e-06 0.787446 1.26993 0 0
11.106 6.69625e-06 0.788594 1.26808 0 0
11.166 6.34554e-06 0.78973 1.26626 0 0
11.226 6.01343e-06 0.790854 1.26446 0 0
11.286 5.6989e-06 0.791966 1.26268 0 0
11.346 5.40102e-06 0.793066 1.26093 0 0
11.406 5.11889e-06 0.794154 1.2592 0 0
11.466 4.85167e-06 0.795232 1.2575 0 0
11.526 4.59856e-06 0.796298 1.25581 0 0
11.586 4.3588e-06 0.797352 1.25415 0 0
11.646 4.13169e-06 0.798397 1.25251 0 0
11.706 3.91653e-06 0.79943 1.25089 0 0
11.766 3.7127e-06 0.800453 1.24929 0 0
11.826 3.51959e-06 0.801465 1.24772 0 0
11.886 3.33663e-06 0.802467 1.24616 0 0
11.946 3.16327e-06 0.803459 1.24462 0 0
12.006 2.99902e-06 0.804442 1.2431 0 0
12.066 2.84337e-06 0.805414 1.2416 0 0
12.126 2.69588e-06 0.806377 1.24011 0 0
12.186 2.55611e-06 0.80733 1.23865 0 0
12.246 2.42366e-06 0.808274 1.2372 0 0
12.306 2.29813e-06 0.809209 1.23577 0 0
12.366 2.17915e-06 0.810135 1.23436 0 0
12.426 2.06639e-06 0.811051 1.23297 0 0
12.486 1.95951e-06 0.811959 1.23159 0 0
12.546 1.8582e-06 0.812859 1.23023 0 0
12.606 1.76216e-06 0.813749 1.22888 0 0
12.666 1.67112e-06 0.814632 1.22755 0 0
12.726 1.58482e-06 0.815506 1.22623 0 0
12.786 1.503e-06 0.816371 1.22493 0 0
12.846 1.42543e-06 0.817229 1.22365 0 0
12.906 1.35188e-06 0.818079 1.22238 0 0
12.966 1.28214e-06 0.818921 1.22112 0 0
13.026 1.21602e-06 0.819755 1.21988 0 0
13.086 1.15331e-06 0.820581 1.21865 0 0
13.146 1.09385e-06 0.8214 1.21743 0 0
13.206 1.03746e-06 0.822212 1.21623 0 0
13.266 9.83978e-07 0.823016 1.21504 0 0
13.326 9.33253e-07 0.823813 1.21387 0 0
13.386 8.8514e-07 0.824602 1.21271 0 0
13.446 8.39502e-07 0.825385 1.21156 0 0
13.506 7.96209e-07 0.826161 1.21042 0 0
13.566 7.55138e-07 0.82693 1.20929 0 0
13.626 7.16172e-07 0.827692 1.20818 0 0
13.686 6.79202e-07 0.828447 1.20708 0 0
13.746 6.44122e-07 0.829196 1.20599 0 0
13.806 6.10834e-07 0.829938 1.20491 0 0
13.866 5.79242e-07 0.830674 1.20384 0 0
13.926 5.49259e-07 0.831404 1.20279 0 0
13.986 5.208e-07 0.832127 1.20174 0 0
14.046 4.93784e-07 0.832844 1.20071 0 0
14.106 4.68136e-07 0.833555 1.19968 0 0
14.166 4.43784e-07 0.83426 1.19867 0 0
14.226 4.20661e-07 0.834959 1.19766 0 0
14.286 3.987e-07 0.835652 1.19667 0 0
14.346 3.77841e-07 0.836339 1.19569 0 0
14.406 3.58026e-07 0.837021 1.19471 0 0
14.466 3.39199e-07 0.837697 1.19375 0 0
14.526 3.21309e-07 0.838367 1.19279 0 0
14.586 3.04305e-07 0.839032 1.19185 0 0
14.646 2.88141e-07 0.839692 1.19091 0 0
14.706 2.72772e-07 0.840346 1.18999 0 0
14.766 2.58154e-07 0.840995 1.18907 0 0
14.826 2.44249e-07 0.841638 1.18816 0 0
14.886 2.31018e-07 0.842276 1.18726 0 0
14.946 2.18424e-07 0.84291 1.18637 0 0
15.006 2.06432e-07 0.843538 1.18548 0 0
15.066 1.95011e-07 0.844161 1.18461 0 0
15.126 1.84129e-07 0.844779 1.18374 0 0
15.186 1.73756e-07 0.845392 1.18288 0 0
15.246 1.63864e-07 0.846001 1.18203 0 0
15.306 1.54426e-07 0.846604 1.18119 0 0
15.366 1.45417e-07 0.847203 1.18035 0 0
15.426 1.36812e-07 0.847798 1.17953 0 0
15.486 1.28588e-07 0.848387 1.17871 0 0
15.546 1.20724e-07 0.848972 1.17789 0 0
15.606 1.13197e-07 0.849553 1.17709 0 0
15.666 1.05988e-07 0.850129 1.17629 0 0
15.726 9.90781e-08 0.850701 1.1755 0 0
15.786 9.24486e-08 0.851269 1.17472 0 0
15.846 8.60821e-08 0.851832 1.17394 0 0
15.906 7.99618e-08 0.852391 1.17317 0 0
15.966 7.40716e-08 0.852945 1.17241 0 0
16.026 6.83963e-08 0.853496 1.17165 0 0
16.086 6.2921e-08 0.854042 1.1709 0 0
16.146 5.76317e-08 0.854585 1.17016 0 0
16.206 5.25147e-08 0.855123 1.16942 0 0
16.266 4.7557e-08 0.855658 1.16869 0 0
16.326 4.27459e-08 0.856188 1.16797 0 0
16.386 3.80692e-08 0.856715 1.16725 0 0
16.446 3.35153e-08 0.857237 1.16654 0 0
16.506 2.90727e-08 0.857756 1.16583 0 0
16.566 2.47305e-08 0.858271 1.16513 0 0
16.626 2.04778e-08 0.858783 1.16444 0 0
16.686 1.63044e-08 0.859291 1.16375 0 0
16.746 1.22e-08 0.859795 1.16307 0 0
16.806 8.15476e-09 0.860295 1.16239 0 0
16.866 4.159e-09 0.860792 1.16172 0 0
16.926 2.03203e-10 0.861286 1.16105 0 0
16.986 6.4253e-10 0.861776 1.16039 0 0
17.046 6.4253e-10 0.862262 1.15974 0 0
17.106 6.4253e-10 0.862746 1.15909 0 0
17.166 6.4253e-10 0.863225 1.15845 0 0
17.226 6.4253e-10 0.863702 1.15781 0 0
17.286 6.4253e-10 0.864175 1.15717 0 0
17.346 6.4253e-10 0.864645 1.15654 0 0
17.406 6.4253e-10 0.865111 1.15592 0 0
17.466 6.4253e-10 0.865575 1.1553 0 0
17.526 6.4253e-10 0.866035 1.15469 0 0
17.586 6.4253e-10 0.866492 1.15408 0 0
17.646 6.4253e-10 0.866946 1.15347 0 0
17.706 6.4253e-10 0.867397 1.15288 0 0
17.766 6.4253e-10 0.867845 1.15228 0 0
17.826 6.4253e-10 0.868289 1.15169 0 0
17.886 6.4253e-10 0.868731 1.1511 0 0
17.946 6.4253e-10 0.86917 1.15052 0 0
18.006 6.4253e-10 0.869606 1.14995 0 0
18.066 6.4253e-10 0.870039 1.14937 0 0
18.126 6.4253e-10 0.870469 1.14881 0 0
18.186 6.4253e-10 0.870897 1.14824 0 0
18.246 6.4253e-10 0.871321 1.14768 0 0
18.306 6.4253e-10 0.871743 1.14713 0 0
18.366 6.4253e-10 0.872162 1.14658 0 0
18.426 6.4253e-10 0.872578 1.14603 0 0
18.486 6.4253e-10 0.872992 1.14549 0 0
18.546 6.4253e-10 0.873403 1.14495 0 0
18.606 6.4253e-10 0.873811 1.14441 0 0
18.666 6.4253e-10 0.874217 1.14388 0 0
18.726 6.4253e-10 0.87462 1.14335 0 0
18.786 6.4253e-10 0.87502 1.14283 0 0
18.846 6.4253e-10 0.875418 1.14231 0 0
18.906 6.4253e-10 0.875813 1.1418 0 0
18.966 6.4253e-10 0.876206 1.14128 0 0
19.026 6.4253e-10 0.876597 1.14078 0 0
19.086 6.4253e-10 0.876984 1.14027 0 0
19.146 6.4253e-10 0.87737 1.13977 0 0
19.206 6.4253e-10 0.877753 1.13927 0 0
19.266 6.4253e-10 0.878134 1.13878 0 0
19.326 6.4253e-10 0.878512 1.13829 0 0
19.386 6.4253e-10 0.878888 1.1378 0 0
19.446 6.4253e-10 0.879262 1.13732 0 0
19.506 6.4253e-10 0.879633 1.13684 0 0
19.566 6.4253e-10 0.880002 1.13636 0 0
19.626 6.4253e-10 0.880369 1.13589 0 0
19.686 6.4253e-10 0.880734 1.13542 0 0
19.746 6.4253e-10 0.881096 1.13495 0 0
19.806 6.4253e-10 0.881456 1.13449 0 0
19.866 6.4253e-10 0.881814 1.13403 0 0
19.926 6.4253e-10 0.88217 1.13357 0 0
19.986 6.4253e-10 0.882524 1.13311 0 0
20.046 6.4253e-10 0.882876 1.13266 0 0
20.106 6.4253e-10 0.883225 1.13221 0 0
20.166 6.4253e-10 0.883573 1.13177 0 0
20.226 6.4253e-10 0.883918 1.13133 0 0
20.286 6.4253e-10 0.884261 1.13089 0 0
20.346 6.4253e-10 0.884603 1.13045 0 0
20.406 6.4253e-10 0.884942 1.13002 0 0
20.466 6.4253e-10 0.885279 1.12959 0 0
20.526 6.4253e-10 0.885615 1.12916 0 0
20.586 6.4253e-10 0.885948 1.12873 0 0
20.646 6.4253e-10 0.886279 1.12831 0 0
20.706 6.4253e-10 0.886609 1.12789 0 0
20.766 6.4253e-10 0.886937 1.12748 0 0
20.826 6.4253e-10 0.887262 1.12706 0 0
20.886 6.4253e-10 0.887586 1.12665 0 0
20.946 6.4253e-10 0.887908 1.12624 0 0
21.006 6.4253e-10 0.888228 1.12584 0 0
21.066 6.4253e-10 0.888547 1.12543 0 0
21.126 6.4253e-10 0.888863 1.12503 0 0
21.186 6.4253e-10 0.889178 1.12463 0 0
21.246 6.4253e-10 0.889491 1.12424 0 0
21.306 6.4253e-10 0.889802 1.12385 0 0
21.366 6.4253e-10 0.890112 1.12345 0 0
21.426 6.4253e-10 0.890419 1.12307 0 0
21.486 6.4253e-10 0.890725 1.12268 0 0
21.546 6.4253e-10 0.89103 1.1223 0 0
21.606 6.4253e-10 0.891332 1.12192 0 0
21.666 6.4253e-10 0.891633 1.12154 0 0
21.726 6.4253e-10 0.891933 1.12116 0 0
21.786 6.4253e-10 0.89223 1.12079 0 0
21.846 6.4253e-10 0.892526 1.12042 0 0
21.906 6.4253e-10 0.89282 1.12005 0 0
21.966 6.4253e-10 0.893113 1.11968 0 0
22.026 6.4253e-10 0.893404 1.11931 0 0
22.086 6.4253e-10 0.893694 1.11895 0 0
22.146 6.4253e-10 0.893982 1.11859 0 0
22.206 6.4253e-10 0.894268 1.11823 0 0
22.266 6.4253e-10 0.894553 1.11788 0 0
22.326 6.4253e-10 0.894837 1.11752 0 0
22.386 6.4253e-10 0.895119 1.11717 0 0
22.446 6.4253e-10 0.895399 1.11682 0 0
22.506 6.4253e-10 0.895678 1.11647 0 0
22.566 6.4253e-10 0.895955 1.11613 0 0
22.626 6.4253e-10 0.896231 1.11578 0 0
22.686 6.4253e-10 0.896506 1.11544 0 0
22.746 6.4253e-10 0.896779 1.1151 0 0
22.806 6.4253e-10 0.89705 1.11476 0 0
22.866 6.4253e-10 0.89732 1.11443 0 0
22.926 6.4253e-10 0.897589 1.1141 0 0
22.986 6.4253e-10 0.897856 1.11376 0 0
23.046 6.4253e-10 0.898122 1.11343 0 0
23.106 6.4253e-10 0.898387 1.11311 0 0
23.166 6.4253e-10 0.89865 1.11278 0 0
23.226 6.4253e-10 0.898912 1.11246 0 0
23.286 6.4253e-10 0.899172 1.11213 0 0
23.346 6.4253e-10 0.899431 1.11181 0 0
23.406 6.4253e-10 0.899689 1.11149 0 0
23.466 6.4253e-10 0.899946 1.11118 0 0
23.526 6.4253e-10 0.900201 1.11086 0 0
23.586 6.4253e-10 0.900455 1.11055 0 0
23.646 6.4253e-10 0.900707 1.11024 0 0
23.706 6.4253e-10 0.900959 1.10993 0 0
23.766 6.4253e-10 0.901209 1.10962 0 0
23.826 6.4253e-10 0.901457 1.10931 0 0
23.886 6.4253e-10 0.901705 1.10901 0 0
23.946 6.4253e-10 0.901951 1.10871 0 0
24.006 6.4253e-10 0.902196 1.10841 0 0
24.066 6.4253e-10 0.90244 1.10811 0 0
24.126 6.4253e-10 0.902683 1.10781 0 0
24.186 6.4253e-10 0.902924 1.10751 0 0
24.246 6.4253e-10 0.903164 1.10722 0 0
24.306 6.4253e-10 0.903404 1.10693 0 0
24.366 6.4253e-10 0.903641 1.10663 0 0
24.426 6.4253e-10 0.903878 1.10634 0 0
24.486 6.4253e-10 0.904114 1.10606 0 0
24.546 6.4253e-10 0.904348 1.10577 0 0
24.606 6.4253e-10 0.904581 1.10548 0 0
24.666 6.4253e-10 0.904813 1.1052 0 0
24.726 6.4253e-10 0.905044 1.10492 0 0
24.786 6.4253e-10 0.905274 1.10464 0 0
24.846 6.4253e-10 0.905503 1.10436 0 0
24.906 6.4253e-10 0.905731 1.10408 0 0
24.966 6.4253e-10 0.905957 1.1038 0 0
25.026 6.4253e-10 0.906183 1.10353 0 0
25.086 6.4253e-10 0.906407 1.10326 0 0
25.146 6.4253e-10 0.90663 1.10299 0 0
25.206 6.4253e-10 0.906853 1.10272 0 0
25.266 6.4253e-10 0.907074 1.10245 0 0
25.326 6.4253e-10 0.907294 1.10218 0 0
25.386 6.4253e-10 0.907513 1.10191 0 0
25.446 6.4253e-10 0.907731 1.10165 0 0
25.506 6.4253e-10 0.907948 1.10138 0 0
25.566 6.4253e-10 0.908164 1.10112 0 0
25.626 6.4253e-10 0.908379 1.10086 0 0
25.686 6.4253e-10 0.908593 1.1006 0 0
25.746 6.4253e-10 0.908806 1.10034 0 0
25.806 6.4253e-10 0.909018 1.10009 0 0
25.866 6.4253e-10 0.909229 1.09983 0 0
25.926 6.4253e-10 0.909439 1.09958 0 0
25.986 6.4253e-10 0.909648 1.09933 0 0
26.046 6.4253e-10 0.909857 1.09907 0 0
26.106 6.4253e-10 0.910064 1.09882 0 0
26.166 6.4253e-10 0.91027 1.09858 0 0
26.226 6.4253e-10 0.910475 1.09833 0 0
26.286 6.4253e-10 0.91068 1.09808 0 0
26.346 6.4253e-10 0.910883 1.09784 0 0
26.406 6.4253e-10 0.911086 1.09759 0 0
26.466 6.4253e-10 0.911287 1.09735 0 0
26.526 6.4253e-10 0.911488 1.09711 0 0
26.586 6.4253e-10 0.911688 1.09687 0 0
26.646 6.4253e-10 0.911886 1.09663 0 0
26.706 6.4253e-10 0.912084 1.09639 0 0
26.766 6.4253e-10 0.912281 1.09615 0 0
26.826 6.4253e-10 0.912478 1.09592 0 0
26.886 6.4253e-10 0.912673 1.09568 0 0
26.946 6.4253e-10 0.912867 1.09545 0 0
27.006 6.4253e-10 0.913061 1.09522 0 0
27.066 6.4253e-10 0.913254 1.09499 0 0
27.126 6.4253e-10 0.913446 1.09476 0 0
27.186 6.4253e-10 0.913637 1.09453 0 0
27.246 6.4253e-10 0.913827 1.0943 0 0
27.306 6.4253e-10 0.914016 1.09407 0 0
27.366 6.4253e-10 0.914205 1.09385 0 0
27.426 6.4253e-10 0.914392 1.09362 0 0
27.486 6.4253e-10 0.914579 1.0934 0 0
27.546 6.4253e-10 0.914765 1.09318 0 0
27.606 6.4253e-10 0.914951 1.09296 0 0
27.666 6.4253e-10 0.915135 1.09273 0 0
27.726 6.4253e-10 0.915319 1.09252 0 0
27.786 6.4253e-10 0.915502 1.0923 0 0
27.846 6.4253e-10 0.915684 1.09208 0 0
27.906 6.4253e-10 0.915865 1.09186 0 0
27.966 6.4253e-10 0.916045 1.09165 0 0
28.026 6.4253e-10 0.916225 1.09143 0 0
28.086 6.4253e-10 0.916404 1.09122 0 0
28.146 6.4253e-10 0.916582 1.09101 0 0
28.206 6.4253e-10 0.91676 1.0908 0 0
28.266 6.4253e-10 0.916936 1.09059 0 0
28.326 6.4253e-10 0.917112 1.09038 0 0
28.386 6.4253e-10 0.917288 1.09017 0 0
28.446 6.4253e-10 0.917462 1.08996 0 0
28.506 6.4253e-10 0.917636 1.08976 0 0
28.566 6.4253e-10 0.917809 1.08955 0 0
28.626 6.4253e-10 0.917981 1.08935 0 0
28.686 6.4253e-10 0.918153 1.08914 0 0
28.746 6.4253e-10 0.918323 1.08894 0 0
28.806 6.4253e-10 0.918494 1.08874 0 0
28.866 6.4253e-10 0.918663 1.08854 0 0
28.926 6.4253e-10 0.918832 1.08834 0 0
28.986 6.4253e-10 0.919 1.08814 0 0
29.046 6.4253e-10 0.919167 1.08794 0 0
29.106 6.4253e-10 0.919334 1.08774 0 0
29.166 6.4253e-10 0.9195 1.08755 0 0
29.226 6.4253e-10 0.919665 1.08735 0 0
29.286 6.4253e-10 0.919829 1.08716 0 0
29.346 6.4253e-10 0.919993 1.08696 0 0
29.406 6.4253e-10 0.920157 1.08677 0 0
29.466 6.4253e-10 0.920319 1.08658 0 0
29.526 6.4253e-10 0.920481 1.08639 0 0
29.586 6.4253e-10 0.920642 1.0862 0 0
29.646 6.4253e-10 0.920803 1.08601 0 0
29.706 6.4253e-10 0.920963 1.08582 0 0
29.766 6.4253e-10 0.921122 1.08563 0 0
29.826 6.4253e-10 0.921281 1.08545 0 0
29.886 6.4253e-10 0.921439 1.08526 0 0
29.946 6.4253e-10 0.921596 1.08507 0 0
30.006 6.4253e-10 0.921753 1.08489 0 0
30.066 6.4253e-10 0.921909 1.08471 0 0
30.126 6.4253e-10 0.922065 1.08452 0 0
30.186 6.4253e-10 0.92222 1.08434 0 0
30.246 6.4253e-10 0.922374 1.08416 0 0
30.306 6.4253e-10 0.922528 1.08398 0 0
30.366 6.4253e-10 0.922681 1.0838 0 0
30.426 6.4253e-10 0.922833 1.08362 0 0
30.486 6.4253e-10 0.922985 1.08344 0 0
30.546 6.4253e-10 0.923136 1.08326 0 0
30.606 6.4253e-10 0.923287 1.08309 0 0
30.666 6.4253e-10 0.923437 1.08291 0 0
30.726 6.4253e-10 0.923587 1.08274 0 0
30.786 6.4253e-10 0.923736 1.08256 0 0
30.846 6.4253e-10 0.923884 1.08239 0 0
30.906 6.4253e-10 0.924032 1.08221 0 0
30.966 6.4253e-10 0.924179 1.08204 0 0
31.026 6.4253e-10 0.924326 1.08187 0 0
31.086 6.4253e-10 0.924472 1.0817 0 0
31.146 6.4253e-10 0.924617 1.08153 0 0
31.206 6.4253e-10 0.924762 1.08136 0 0
31.266 6.4253e-10 0.924906 1.08119 0 0
31.326 6.4253e-10 0.92505 1.08102 0 0
31.386 6.4253e-10 0.925194 1.08085 0 0
31.446 6.4253e-10 0.925336 1.08069 0 0
31.506 6.4253e-10 0.925479 1.08052 0 0
31.566 6.4253e-10 0.92562 1.08036 0 0
31.626 6.4253e-10 0.925761 1.08019 0 0
31.686 6.4253e-10 0.925902 1.08003 0 0
31.746 6.4253e-10 0.926042 1.07986 0 0
31.806 6.4253e-10 0.926181 1.0797 0 0
31.866 6.4253e-10 0.92632 1.07954 0 0
31.926 6.4253e-10 0.926459 1.07938 0 0
31.986 6.4253e-10 0.926597 1.07922 0 0
32.046 6.4253e-10 0.926734 1.07906 0 0
32.106 6.4253e-10 0.926871 1.0789 0 0
32.166 6.4253e-10 0.927008 1.07874 0 0
32.226 6.4253e-10 0.927143 1.07858 0 0
32.286 6.4253e-10 0.927279 1.07842 0 0
32.346 6.4253e-10 0.927414 1.07827 0 0
32.406 6.4253e-10 0.927548 1.07811 0 0
32.466 6.4253e-10 0.927682 1.07796 0 0
32.526 6.4253e-10 0.927815 1.0778 0 0
32.586 6.4253e-10 0.927948 1.07765 0 0
32.646 6.4253e-10 0.928081 1.07749 0 0
32.706 6.4253e-10 0.928213 1.07734 0 0
32.766 6.4253e-10 0.928344 1.07719 0 0
32.826 6.4253e-10 0.928475 1.07703 0 0
32.886 6.4253e-10 0.928606 1.07688 0 0
32.946 6.4253e-10 0.928736 1.07673 0 0
33.006 6.4253e-10 0.928865 1.07658 0 0
33.066 6.4253e-10 0.928994 1.07643 0 0
33.126 6.4253e-10 0.929123 1.07628 0 0
33.186 6.4253e-10 0.929251 1.07614 0 0
33.246 6.4253e-10 0.929379 1.07599 0 0
33.306 6.4253e-10 0.929506 1.07584 0 0
33.366 6.4253e-10 0.929633 1.07569 0 0
33.426 6.4253e-10 0.929759 1.07555 0 0
33.486 6.4253e-10 0.929885 1.0754 0 0
33.546 6.4253e-10 0.93001 1.07526 0 0
33.606 6.4253e-10 0.930135 1.07511 0 0
33.666 6.4253e-10 0.93026 1.07497 0 0
33.726 6.4253e-10 0.930384 1.07483 0 0
33.786 6.4253e-10 0.930507 1.07468 0 0
33.846 6.4253e-10 0.930631 1.07454 0 0
33.906 6.4253e-10 0.930753 1.0744 0 0
33.966 6.4253e-10 0.930876 1.07426 0 0
34.026 6.4253e-10 0.930998 1.07412 0 0
34.086 6.4253e-10 0.931119 1.07398 0 0
34.146 6.4253e-10 0.93124 1.07384 0 0
34.206 6.4253e-10 0.931361 1.0737 0 0
34.266 6.4253e-10 0.931481 1.07356 0 0
34.326 6.4253e-10 0.931601 1.07342 0 0
34.386 6.4253e-10 0.93172 1.07328 0 0
34.446 6.4253e-10 0.931839 1.07315 0 0
34.506 6.4253e-10 0.931958 1.07301 0 0
34.566 6.4253e-10 0.932076 1.07287 0 0
34.626 6.4253e-10 0.932193 1.07274 0 0
34.686 6.4253e-10 0.932311 1.0726 0 0
34.746 6.4253e-10 0.932427 1.07247 0 0
34.806 6.4253e-10 0.932544 1.07234 0 0
34.866 6.4253e-10 0.93266 1.0722 0 0
34.926 6.4253e-10 0.932776 1.07207 0 0
34.986 6.4253e-10 0.932891 1.07194 0 0
35.046 6.4253e-10 0.933006 1.0718 0 0
35.106 6.4253e-10 0.93312 1.07167 0 0
35.166 6.4253e-10 0.933235 1.07154 0 0
35.226 6.4253e-10 0.933348 1.07141 0 0
35.286 6.4253e-10 0.933462 1.07128 0 0
35.346 6.4253e-10 0.933575 1.07115 0 0
35.406 6.4253e-10 0.933687 1.07102 0 0
35.466 6.4253e-10 0.933799 1.07089 0 0
35.526 6.4253e-10 0.933911 1.07077 0 0
35.586 6.4253e-10 0.934023 1.07064 0 0
35.646 6.4253e-10 0.934134 1.07051 0 0
35.706 6.4253e-10 0.934244 1.07038 0 0
35.766 6.4253e-10 0.934355 1.07026 0 0
35.826 6.4253e-10 0.934465 1.07013 0 0
35.886 6.4253e-10 0.934574 1.07001 0 0
35.946 6.4253e-10 0.934683 1.06988 0 0
36.006 6.4253e-10 0.934792 1.06976 0 0
36.066 6.4253e-10 0.934901 1.06963 0 0
36.126 6.4253e-10 0.935009 1.06951 0 0
36.186 6.4253e-10 0.935116 1.06939 0 0
36.246 6.4253e-10 0.935224 1.06926 0 0
36.306 6.4253e-10 0.935331 1.06914 0 0
36.366 6.4253e-10 0.935438 1.06902 0 0
36.426 6.4253e-10 0.935544 1.0689 0 0
36.486 6.4253e-10 0.93565 1.06878 0 0
36.546 6.4253e-10 0.935756 1.06866 0 0
36.606 6.4253e-10 0.935861 1.06853 0 0
36.666 6.4253e-10 0.935966 1.06841 0 0
36.726 6.4253e-10 0.936071 1.0683 0 0
36.786 6.4253e-10 0.936175 1.06818 0 0
36.846 6.4253e-10 0.936279 1.06806 0 0
36.906 6.4253e-10 0.936382 1.06794 0 0
36.966 6.4253e-10 0.936486 1.06782 0 0
37.026 6.4253e-10 0.936588 1.0677 0 0
37.086 6.4253e-10 0.936691 1.06759 0 0
37.146 6.4253e-10 0.936793 1.06747 0 0
37.206 6.4253e-10 0.936895 1.06736 0 0
37.266 6.4253e-10 0.936997 1.06724 0 0
37.326 6.4253e-10 0.937098 1.06712 0 0
37.386 6.4253e-10 0.937199 1.06701 0 0
37.446 6.4253e-10 0.9373 1.06689 0 0
37.506 6.4253e-10 0.9374 1.06678 0 0
37.566 6.4253e-10 0.9375 1.06667 0 0
37.626 6.4253e-10 0.9376 1.06655 0 0
37.686 6.4253e-10 0.937699 1.06644 0 0
37.746 6.4253e-10 0.937798 1.06633 0 0
37.806 6.4253e-10 0.937897 1.06622 0 0
37.866 6.4253e-10 0.937995 1.0661 0 0
37.926 6.4253e-10 0.938093 1.06599 0 0
37.986 6.4253e-10 0.938191 1.06588 0 0
38.046 6.4253e-10 0.938289 1.06577 0 0
38.106 6.4253e-10 0.938386 1.06566 0 0
38.166 6.4253e-10 0.938483 1.06555 0 0
38.226 6.4253e-10 0.938579 1.06544 0 0
38.286 6.4253e-10 0.938675 1.06533 0 0
38.346 6.4253e-10 0.938771 1.06522 0 0
38.406 6.4253e-10 0.938867 1.06511 0 0
38.466 6.4253e-10 0.938962 1.06501 0 0
38.526 6.4253e-10 0.939057 1.0649 0 0
38.586 6.4253e-10 0.939152 1.06479 0 0
38.646 6.4253e-10 0.939247 1.06468 0 0
38.706 6.4253e-10 0.939341 1.06458 0 0
38.766 6.4253e-10 0.939435 1.06447 0 0
38.826 6.4253e-10 0.939528 1.06436 0 0
38.886 6.4253e-10 0.939622 1.06426 0 0
38.946 6.4253e-10 0.939715 1.06415 0 0
39.006 6.4253e-10 0.939807 1.06405 0 0
39.066 6.4253e-10 0.9399 1.06394 0 0
39.126 6.4253e-10 0.939992 1.06384 0 0
39.186 6.4253e-10 0.940084 1.06373 0 0
39.246 6.4253e-10 0.940175 1.06363 0 0
39.306 6.4253e-10 0.940267 1.06353 0 0
39.366 6.4253e-10 0.940358 1.06342 0 0
39.426 6.4253e-10 0.940449 1.06332 0 0
39.486 6.4253e-10 0.940539 1.06322 0 0
39.546 6.4253e-10 0.940629 1.06312 0 0
39.606 6.4253e-10 0.940719 1.06302 0 0
39.666 6.4253e-10 0.940809 1.06292 0 0
39.726 6.4253e-10 0.940898 1.06281 0 0
39.786 6.4253e-10 0.940987 1.06271 0 0
39.846 6.4253e-10 0.941076 1.06261 0 0
39.906 6.4253e-10 0.941165 1.06251 0 0
39.966 6.4253e-10 0.941253 1.06241 0 0
40.026 6.4253e-10 0.941341 1.06231 0 0
40.086 6.4253e-10 0.941429 1.06221 0 0
40.146 6.4253e-10 0.941517 1.06212 0 0
40.206 6.4253e-10 0.941604 1.06202 0 0
40.266 6.4253e-10 0.941691 1.06192 0 0
40.326 6.4253e-10 0.941778 1.06182 0 0
40.386 6.4253e-10 0.941864 1.06172 0 0
40.446 6.4253e-10 0.94195 1.06163 0 0
40.506 6.4253e-10 0.942036 1.06153 0 0
40.566 6.4253e-10 0.942122 1.06143 0 0
40.626 6.4253e-10 0.942208 1.06134 0 0
40.686 6.4253e-10 0.942293 1.06124 0 0
40.746 6.4253e-10 0.942378 1.06115 0 0
40.806 6.4253e-10 0.942463 1.06105 0 0
40.866 6.4253e-10 0.942547 1.06096 0 0
40.926 6.4253e-10 0.942631 1.06086 0 0
40.986 6.4253e-10 0.942715 1.06077 0 0
41.046 6.4253e-10 0.942799 1.06067 0 0
41.106 6.4253e-10 0.942882 1.06058 0 0
41.166 6.4253e-10 0.942966 1.06048 0 0
41.226 6.4253e-10 0.943049 1.06039 0 0
41.286 6.4253e-10 0.943131 1.0603 0 0
41.346 6.4253e-10 0.943214 1.0602 0 0
41.406 6.4253e-10 0.943296 1.06011 0 0
41.466 6.4253e-10 0.943378 1.06002 0 0
41.526 6.4253e-10 0.94346 1.05993 0 0
41.586 6.4253e-10 0.943542 1.05984 0 0
41.646 6.4253e-10 0.943623 1.05975 0 0
41.706 6.4253e-10 0.943704 1.05965 0 0
41.766 6.4253e-10 0.943785 1.05956 0 0
41.826 6.4253e-10 0.943866 1.05947 0 0
41.886 6.4253e-10 0.943946 1.05938 0 0
41.946 6.4253e-10 0.944026 1.05929 0 0
42.006 6.4253e-10 0.944106 1.0592 0 0
42.066 6.4253e-10 0.944186 1.05911 0 0
42.126 6.4253e-10 0.944265 1.05902 0 0
42.186 6.4253e-10 0.944345 1.05894 0 0
42.246 6.4253e-10 0.944424 1.05885 0 0
42.306 6.4253e-10 0.944503 1.05876 0 0
42.366 6.4253e-10 0.944581 1.05867 0 0
42.426 6.4253e-10 0.94466 1.05858 0 0
42.486 6.4253e-10 0.944738 1.05849 0 0
42.546 6.4253e-10 0.944816 1.05841 0 0
42.606 6.4253e-10 0.944893 1.05832 0 0
42.666 6.4253e-10 0.944971 1.05823 0 0
42.726 6.4253e-10 0.945048 1.05815 0 0
42.786 6.4253e-10 0.945125 1.05806 0 0
42.846 6.4253e-10 0.945202 1.05797 0 0
42.906 6.4253e-10 0.945279 1.05789 0 0
42.966 6.4253e-10 0.945355 1.0578 0 0
43.026 6.4253e-10 0.945431 1.05772 0 0
43.086 6.4253e-10 0.945507 1.05763 0 0
43.146 6.4253e-10 0.945583 1.05755 0 0
43.206 6.4253e-10 0.945659 1.05746 0 0
43.266 6.4253e-10 0.945734 1.05738 0 0
43.326 6.4253e-10 0.945809 1.0573 0 0
43.386 6.4253e-10 0.945884 1.05721 0 0
43.446 6.4253e-10 0.945959 1.05713 0 0
43.506 6.4253e-10 0.946033 1.05705 0 0
43.566 6.4253e-10 0.946108 1.05696 0 0
43.626 6.4253e-10 0.946182 1.05688 0 0
43.686 6.4253e-10 0.946256 1.0568 0 0
43.746 6.4253e-10 0.946329 1.05671 0 0
43.806 6.4253e-10 0.946403 1.05663 0 0
43.866 6.4253e-10 0.946476 1.05655 0 0
43.926 6.4253e-10 0.946549 1.05647 0 0
43.986 6.4253e-10 0.946622 1.05639 0 0
44.046 6.4253e-10 0.946695 1.05631 0 0
44.106 6.4253e-10 0.946767 1.05623 0 0
44.166 6.4253e-10 0.94684 1.05614 0 0
44.226 6.4253e-10 0.946912 1.05606 0 0
44.286 6.4253e-10 0.946984 1.05598 0 0
44.346 6.4253e-10 0.947056 1.0559 0 0
44.406 6.4253e-10 0.947127 1.05582 0 0
44.466 6.4253e-10 0.947198 1.05574 0 0
44.526 6.4253e-10 0.94727 1.05567 0 0
44.586 6.4253e-10 0.947341 1.05559 0 0
44.646 6.4253e-10 0.947411 1.05551 0 0
44.706 6.4253e-10 0.947482 1.05543 0 0
44.766 6.4253e-10 0.947552 1.05535 0 0
44.826 6.4253e-10 0.947622 1.05527 0 0
44.886 6.4253e-10 0.947693 1.05519 0 0
44.946 6.4253e-10 0.947762 1.05512 0 0
45.006 6.4253e-10 0.947832 1.05504 0 0
45.066 6.4253e-10 0.947901 1.05496 0 0
45.126 6.4253e-10 0.947971 1.05488 0 0
45.186 6.4253e-10 0.94804 1.05481 0 0
45.246 6.4253e-10 0.948109 1.05473 0 0
45.306 6.4253e-10 0.948177 1.05465 0 0
45.366 6.4253e-10 0.948246 1.05458 0 0
45.426 6.4253e-10 0.948314 1.0545 0 0
45.486 6.4253e-10 0.948382 1.05443 0 0
45.546 6.4253e-10 0.94845 1.05435 0 0
45.606 6.4253e-10 0.948518 1.05428 0 0
45.666 6.4253e-10 0.948586 1.0542 0 0
45.726 6.4253e-10 0.948653 1.05413 0 0
45.786 6.4253e-10 0.948721 1.05405 0 0
45.846 6.4253e-10 0.948788 1.05398 0 0
45.906 6.4253e-10 0.948855 1.0539 0 0
45.966 6.4253e-10 0.948921 1.05383 0 0
46.026 6.4253e-10 0.948988 1.05375 0 0
46.086 6.4253e-10 0.949054 1.05368 0 0
46.146 6.4253e-10 0.949121 1.05361 0 0
46.206 6.4253e-10 0.949187 1.05353 0 0
46.266 6.4253e-10 0.949253 1.05346 0 0
46.326 6.4253e-10 0.949318 1.05339 0 0
46.386 6.4253e-10 0.949384 1.05331 0 0
46.446 6.4253e-10 0.949449 1.05324 0 0
46.506 6.4253e-10 0.949515 1.05317 0 0
46.566 6.4253e-10 0.94958 1.0531 0 0
46.626 6.4253e-10 0.949645 1.05303 0 0
46.686 6.4253e-10 0.949709 1.05295 0 0
46.746 6.4253e-10 0.949774 1.05288 0 0
46.806 6.4253e-10 0.949838 1.05281 0 0
46.866 6.4253e-10 0.949902 1.05274 0 0
46.926 6.4253e-10 0.949966 1.05267 0 0
46.986 6.4253e-10 0.95003 1.0526 0 0
47.046 6.4253e-10 0.950094 1.05253 0 0
47.106 6.4253e-10 0.950158 1.05246 0 0
47.166 6.4253e-10 0.950221 1.05239 0 0
47.226 6.4253e-10 0.950284 1.05232 0 0
47.286 6.4253e-10 0.950347 1.05225 0 0
47.346 6.4253e-10 0.95041 1.05218 0 0
47.406 6.4253e-10 0.950473 1.05211 0 0
47.466 6.4253e-10 0.950536 1.05204 0 0
47.526 6.4253e-10 0.950598 1.05197 0 0
47.586 6.4253e-10 0.95066 1.0519 0 0
47.646 6.4253e-10 0.950723 1.05183 0 0
47.706 6.4253e-10 0.950785 1.05176 0 0
47.766 6.4253e-10 0.950846 1.05169 0 0
47.826 6.4253e-10 0.950908 1.05163 0 0
47.886 6.4253e-10 0.95097 1.05156 0 0
47.946 6.4253e-10 0.951031 1.05149 0 0
48.006 6.4253e-10 0.951092 1.05142 0 0
48.066 6.4253e-10 0.951153 1.05136 0 0
48.126 6.4253e-10 0.951214 1.05129 0 0
48.186 6.4253e-10 0.951275 1.05122 0 0
48.246 6.4253e-10 0.951335 1.05115 0 0
48.306 6.4253e-10 0.951396 1.05109 0 0
48.366 6.4253e-10 0.951456 1.05102 0 0
48.426 6.4253e-10 0.951516 1.05095 0 0
48.486 6.4253e-10 0.951576 1.05089 0 0
48.546 6.4253e-10 0.951636 1.05082 0 0
48.606 6.4253e-10 0.951696 1.05076 0 0
48.666 6.4253e-10 0.951755 1.05069 0 0
48.726 6.4253e-10 0.951815 1.05062 0 0
48.786 6.4253e-10 0.951874 1.05056 0 0
48.846 6.4253e-10 0.951933 1.05049 0 0
48.906 6.4253e-10 0.951992 1.05043 0 0
48.966 6.4253e-10 0.952051 1.05036 0 0
49.026 6.4253e-10 0.95211 1.0503 0 0
49.086 6.4253e-10 0.952168 1.05023 0 0
49.146 6.4253e-10 0.952227 1.05017 0 0
49.206 6.4253e-10 0.952285 1.05011 0 0
49.266 6.4253e-10 0.952343 1.05004 0 0
49.326 6.4253e-10 0.952401 1.04998 0 0
49.386 6.4253e-10 0.952459 1.04991 0 0
49.446 6.4253e-10 0.952516 1.04985 0 0
49.506 6.4253e-10 0.952574 1.04979 0 0
49.566 6.4253e-10 0.952631 1.04972 0 0
49.626 6.4253e-10 0.952689 1.04966 0 0
49.686 6.4253e-10 0.952746 1.0496 0 0
49.746 6.4253e-10 0.952803 1.04954 0 0
49.806 6.4253e-10 0.95286 1.04947 0 0
49.866 6.4253e-10 0.952916 1.04941 0 0
49.926 6.4253e-10 0.952973 1.04935 0 0
49.986 6.4253e-10 0.953029 1.04929 0 0
50.046 6.4253e-10 0.953086 1.04922 0 0
50.106 6.4253e-10 0.953142 1.04916 0 0
50.166 6.4253e-10 0.953198 1.0491 0 0
50.226 6.4253e-10 0.953254 1.04904 0 0
50.286 6.4253e-10 0.95331 1.04898 0 0
50.346 6.4253e-10 0.953365 1.04892 0 0
50.406 6.4253e-10 0.953421 1.04885 0 0
50.466 6.4253e-10 0.953476 1.04879 0 0
50.526 6.4253e-10 0.953531 1.04873 0 0
50.586 6.4253e-10 0.953586 1.04867 0 0
50.646 6.4253e-10 0.953641 1.04861 0 0
50.706 6.4253e-10 0.953696 1.04855 0 0
50.766 6.4253e-10 0.953751 1.04849 0 0
50.826 6.4253e-10 0.953806 1.04843 0 0
50.886 6.4253e-10 0.95386 1.04837 0 0
50.946 6.4253e-10 0.953914 1.04831 0 0
51.006 6.4253e-10 0.953969 1.04825 0 0
51.066 6.4253e-10 0.954023 1.04819 0 0
51.126 6.4253e-10 0.954077 1.04813 0 0
51.186 6.4253e-10 0.954131 1.04807 0 0
51.246 6.4253e-10 0.954184 1.04802 0 0
51.306 6.4253e-10 0.954238 1.04796 0 0
51.366 6.4253e-10 0.954291 1.0479 0 0
51.426 6.4253e-10 0.954345 1.04784 0 0
51.486 6.4253e-10 0.954398 1.04778 0 0
51.546 6.4253e-10 0.954451 1.04772 0 0
51.606 6.4253e-10 0.954504 1.04766 0 0
51.666 6.4253e-10 0.954557 1.04761 0 0
51.726 6.4253e-10 0.954609 1.04755 0 0
51.786 6.4253e-10 0.954662 1.04749 0 0
51.846 6.4253e-10 0.954714 1.04743 0 0
51.906 6.4253e-10 0.954767 1.04738 0 0
51.966 6.4253e-10 0.954819 1.04732 0 0
52.026 6.4253e-10 0.954871 1.04726 0 0
52.086 6.4253e-10 0.954923 1.0472 0 0
52.146 6.4253e-10 0.954975 1.04715 0 0
52.206 6.4253e-10 0.955027 1.04709 0 0
52.266 6.4253e-10 0.955078 1.04703 0 0
52.326 6.4253e-10 0.95513 1.04698 0 0
52.386 6.4253e-10 0.955181 1.04692 0 0
52.446 6.4253e-10 0.955233 1.04687 0 0
52.506 6.4253e-10 0.955284 1.04681 0 0
52.566 6.4253e-10 0.955335 1.04675 0 0
52.626 6.4253e-10 0.955386 1.0467 0 0
52.686 6.4253e-10 0.955436 1.04664 0 0
52.746 6.4253e-10 0.955487 1.04659 0 0
52.806 6.4253e-10 0.955538 1.04653 0 0
52.866 6.4253e-10 0.955588 1.04648 0 0
52.926 6.4253e-10 0.955639 1.04642 0 0
52.986 6.4253e-10 0.955689 1.04637 0 0
53.046 6.4253e-10 0.955739 1.04631 0 0
53.106 6.4253e-10 0.955789 1.04626 0 0
53.166 6.4253e-10 0.955839 1.0462 0 0
53.226 6.4253e-10 0.955889 1.04615 0 0
53.286 6.4253e-10 0.955938 1.04609 0 0
53.346 6.4253e-10 0.955988 1.04604 0 0
53.406 6.4253e-10 0.956037 1.04598 0 0
53.466 6.4253e-10 0.956087 1.04593 0 0
53.526 6.4253e-10 0.956136 1.04588 0 0
53.586 6.4253e-10 0.956185 1.04582 0 0
53.646 6.4253e-10 0.956234 1.04577 0 0
53.706 6.4253e-10 0.956283 1.04572 0 0
53.766 6.4253e-10 0.956332 1.04566 0 0
53.826 6.4253e-10 0.95638 1.04561 0 0
53.886 6.4253e-10 0.956429 1.04556 0 0
53.946 6.4253e-10 0.956477 1.0455 0 0
54.006 6.4253e-10 0.956526 1.04545 0 0
54.066 6.4253e-10 0.956574 1.0454 0 0
54.126 6.4253e-10 0.956622 1.04534 0 0
54.186 6.4253e-10 0.95667 1.04529 0 0
54.246 6.4253e-10 0.956718 1.04524 0 0
54.306 6.4253e-10 0.956766 1.04519 0 0
54.366 6.4253e-10 0.956814 1.04514 0 0
54.426 6.4253e-10 0.956861 1.04508 0 0
54.486 6.4253e-10 0.956909 1.04503 0 0
54.546 6.4253e-10 0.956956 1.04498 0 0
54.606 6.4253e-10 0.957003 1.04493 0 0
54.666 6.4253e-10 0.957051 1.04488 0 0
54.726 6.4253e-10 0.957098 1.04483 0 0
54.786 6.4253e-10 0.957145 1.04477 0 0
54.846 6.4253e-10 0.957192 1.04472 0 0
54.906 6.4253e-10 0.957238 1.04467 0 0
54.966 6.4253e-10 0.957285 1.04462 0 0
55.026 6.4253e-10 0.957332 1.04457 0 0
55.086 6.4253e-10 0.957378 1.04452 0 0
55.146 6.4253e-10 0.957424 1.04447 0 0
55.206 6.4253e-10 0.957471 1.04442 0 0
55.266 6.4253e-10 0.957517 1.04437 0 0
55.326 6.4253e-10 0.957563 1.04432 0 0
55.386 6.4253e-10 0.957609 1.04427 0 0
55.446 6.4253e-10 0.957655 1.04422 0 0
55.506 6.4253e-10 0.957701 1.04417 0 0
55.566 6.4253e-10 0.957746 1.04412 0 0
55.626 6.4253e-10 0.957792 1.04407 0 0
55.686 6.4253e-10 0.957837 1.04402 0 0
55.746 6.4253e-10 0.957883 1.04397 0 0
55.806 6.4253e-10 0.957928 1.04392 0 0
55.866 6.4253e-10 0.957973 1.04387 0 0
55.926 6.4253e-10 0.958018 1.04382 0 0
55.986 6.4253e-10 0.958063 1.04377 0 0
56.046 6.4253e-10 0.958108 1.04372 0 0
56.106 6.4253e-10 0.958153 1.04367 0 0
56.166 6.4253e-10 0.958198 1.04363 0 0
56.226 6.4253e-10 0.958242 1.04358 0 0
56.286 6.4253e-10 0.958287 1.04353 0 0
56.346 6.4253e-10 0.958331 1.04348 0 0
56.406 6.4253e-10 0.958375 1.04343 0 0
56.466 6.4253e-10 0.95842 1.04338 0 0
56.526 6.4253e-10 0.958464 1.04334 0 0
56.586 6.4253e-10 0.958508 1.04329 0 0
56.646 6.4253e-10 0.958552 1.04324 0 0
56.706 6.4253e-10 0.958596 1.04319 0 0
56.766 6.4253e-10 0.958639 1.04315 0 0
56.826 6.4253e-10 0.958683 1.0431 0 0
56.886 6.4253e-10 0.958727 1.04305 0 0
56.946 6.4253e-10 0.95877 1.043 0 0
57.006 6.4253e-10 0.958814 1.04296 0 0
57.066 6.4253e-10 0.958857 1.04291 0 0
57.126 6.4253e-10 0.9589 1.04286 0 0
57.186 6.4253e-10 0.958943 1.04281 0 0
57.246 6.4253e-10 0.958986 1.04277 0 0
57.306 6.4253e-10 0.959029 1.04272 0 0
57.366 6.4253e-10 0.959072 1.04267 0 0
57.426 6.4253e-10 0.959115 1.04263 0 0
57.486 6.4253e-10 0.959157 1.04258 0 0
57.546 6.4253e-10 0.9592 1.04254 0 0
57.606 6.4253e-10 0.959243 1.04249 0 0
57.666 6.4253e-10 0.959285 1.04244 0 0
57.726 6.4253e-10 0.959327 1.0424 0 0
57.786 6.4253e-10 0.959369 1.04235 0 0
57.846 6.4253e-10 0.959412 1.04231 0 0
57.906 6.4253e-10 0.959454 1.04226 0 0
57.966 6.4253e-10 0.959496 1.04221 0 0
58.026 6.4253e-10 0.959538 1.04217 0 0
58.086 6.4253e-10 0.959579 1.04212 0 0
58.146 6.4253e-10 0.959621 1.04208 0 0
58.206 6.4253e-10 0.959663 1.04203 0 0
58.266 6.4253e-10 0.959704 1.04199 0 0
58.326 6.4253e-10 0.959746 1.04194 0 0
58.386 6.4253e-10 0.959787 1.0419 0 0
58.446 6.4253e-10 0.959828 1.04185 0 0
58.506 6.4253e-10 0.95987 1.04181 0 0
58.566 6.4253e-10 0.959911 1.04176 0 0
58.626 6.4253e-10 0.959952 1.04172 0 0
58.686 6.4253e-10 0.959993 1.04167 0 0
58.746 6.4253e-10 0.960033 1.04163 0 0
58.806 6.4253e-10 0.960074 1.04159 0 0
58.866 6.4253e-10 0.960115 1.04154 0 0
58.926 6.4253e-10 0.960156 1.0415 0 0
58.986 6.4253e-10 0.960196 1.04145 0 0
59.046 6.4253e-10 0.960237 1.04141 0 0
59.106 6.4253e-10 0.960277 1.04137 0 0
59.166 6.4253e-10 0.960317 1.04132 0 0
59.226 6.4253e-10 0.960357 1.04128 0 0
59.286 6.4253e-10 0.960397 1.04124 0 0
59.346 6.4253e-10 0.960438 1.04119 0 0
59.406 6.4253e-10 0.960477 1.04115 0 0
59.466 6.4253e-10 0.960517 1.04111 0 0
59.526 6.4253e-10 0.960557 1.04106 0 0
59.586 6.4253e-10 0.960597 1.04102 0 0
59.646 6.4253e-10 0.960637 1.04098 0 0
59.706 6.4253e-10 0.960676 1.04093 0 0
59.766 6.4253e-10 0.960716 1.04089 0 0
59.826 6.4253e-10 0.960755 1.04085 0 0
59.886 6.4253e-10 0.960794 1.04081 0 0
59.946 6.4253e-10 0.960834 1.04076 0 0

