0.06 0.458904
0.006 0.053544 0.095621 1 0.00502539 0.007089
0.066 0.053476 0.0957038 1.00075 0.00501798 0.00708377
0.126 0.0532925 0.0959258 1.00273 0.00499818 0.00706978
0.186 0.0529963 0.0962865 1.00595 0.00496624 0.00704715
0.246 0.0525899 0.0967855 1.0104 0.00492251 0.00701606
0.306 0.0520769 0.0974224 1.01607 0.00486745 0.00697671
0.366 0.0514619 0.0981968 1.02293 0.00480165 0.00692939
0.426 0.0507499 0.0991082 1.03099 0.00472576 0.00687442
0.486 0.0499467 0.100156 1.04021 0.00464053 0.00681214
0.546 0.0490587 0.101339 1.05058 0.00454677 0.00674297
0.606 0.0480925 0.102658 1.06205 0.00444532 0.00666733
0.666 0.047055 0.10411 1.07461 0.00433708 0.00658565
0.726 0.0459533 0.105696 1.08822 0.00422292 0.0064984
0.786 0.0447946 0.107415 1.10284 0.00410375 0.00640605
0.846 0.043586 0.109265 1.11842 0.00398044 0.00630907
0.906 0.0423348 0.111246 1.13492 0.00385384 0.00620793
0.966 0.0410479 0.113357 1.1523 0.00372476 0.00610308
1.026 0.039732 0.115596 1.17049 0.00359399 0.00599499
1.086 0.0383938 0.117964 1.18944 0.00346225 0.00588409
1.146 0.0370397 0.120459 1.2091 0.0033302 0.00577079
1.206 0.0356757 0.12308 1.22941 0.00319846 0.00565549
1.266 0.0343075 0.125826 1.25032 0.00306759 0.00553858
1.326 0.0329407 0.128696 1.27175 0.00293809 0.00542041
1.386 0.0315803 0.131689 1.29365 0.0028104 0.00530132
1.446 0.030231 0.134804 1.31596 0.0026849 0.00518161
1.506 0.0288972 0.138039 1.33863 0.00256194 0.00506157
1.566 0.0275829 0.141395 1.36159 0.0024418 0.00494146
1.626 0.0262917 0.144869 1.38478 0.00232472 0.00482153
1.686 0.0250269 0.148461 1.40815 0.00221088 0.004702
1.746 0.0237912 0.152169 1.43165 0.00210045 0.00458307
1.806 0.0225872 0.155991 1.45523 0.00199355 0.00446491
1.866 0.021417 0.159928 1.47883 0.00189025 0.0043477
1.926 0.0202824 0.163977 1.50242 0.00179061 0.00423156
1.986 0.0191848 0.168138 1.52593 0.00169467 0.00411664
2.046 0.0181253 0.172408 1.54934 0.00160243 0.00400304
2.106 0.0171049 0.176786 1.5726 0.00151388 0.00389086
2.166 0.0161241 0.18127 1.59567 0.00142899 0.00378019
2.226 0.0151831 0.185859 1.61851 0.00134771 0.00367111
2.286 0.0142821 0.190552 1.64109 0.00126998 0.00356368
2.346 0.013421 0.195345 1.66338 0.00119575 0.00345796
2.406 0.0125993 0.200238 1.68534 0.00112492 0.00335398
2.466 0.0118167 0.205228 1.70694 0.00105742 0.0032518
2.526 0.0110725 0.210313 1.72814 0.000993159 0.00315144
2.586 0.0103658 0.21549 1.74893 0.000932039 0.00305293
2.646 0.00969586 0.220756 1.76926 0.000873963 0.00295629
2.706 0.00906162 0.226111 1.78911 0.00081883 0.00286152
2.766 0.00846204 0.231549 1.80846 0.00076654 0.00276865
2.826 0.00789597 0.23707 1.82727 0.00071699 0.00267767
2.886 0.00736224 0.242668 1.84551 0.000670076 0.00258858
2.946 0.00685963 0.248342 1.86317 0.000625697 0.00250139
3.006 0.00638689 0.254088 1.88022 0.00058375 0.00241609
3.066 0.00594277 0.259902 1.89662 0.000544136 0.00233267
3.126 0.005526 0.265781 1.91237 0.000506754 0.00225112
3.186 0.00513532 0.271721 1.92743 0.000471509 0.00217143
3.246 0.00476947 0.277718 1.94178 0.000438305 0.00209357
3.306 0.00442722 0.283768 1.95541 0.000407048 0.00201754
3.366 0.00410735 0.289868 1.96829 0.000377649 0.00194332
3.426 0.00380867 0.296012 1.98041 0.000350019 0.00187088
3.486 0.00353003 0.302197 1.99176 0.000324074 0.00180021
3.546 0.00327031 0.308418 2.00231 0.00029973 0.00173127
3.606 0.0030284 0.314672 2.01207 0.000276907 0.00166405
3.666 0.00280328 0.320952 2.02101 0.000255528 0.00159852
3.726 0.00259392 0.327256 2.02913 0.000235519 0.00153466
3.786 0.00239937 0.333579 2.03642 0.000216807 0.00147244
3.846 0.00221869 0.339915 2.04289 0.000199325 0.00141183
3.906 0.00205102 0.346262 2.04853 0.000183006 0.0013528
3.966 0.00189549 0.352613 2.05333 0.000167786 0.00129532
4.026 0.00175133 0.358965 2.05731 0.000153605 0.00123937
4.086 0.00161776 0.365313 2.06047 0.000140404 0.00118492
4.146 0.00149409 0.371654 2.06282 0.000128129 0.00113194
4.206 0.00137962 0.377982 2.06435 0.000116725 0.00108039
4.266 0.00127372 0.384294 2.06509 0.000106142 0.00103025
4.326 0.00117579 0.390585 2.06505 9.63326e-05 0.000981492
4.386 0.00108527 0.396851 2.06424 8.72502e-05 0.000934078
4.446 0.00100163 0.403089 2.06268 7.88513e-05 0.000887983
4.506 0.000924372 0.409295 2.06038 7.10945e-05 0.000843176
4.566 0.000853027 0.415465 2.05736 6.39404e-05 0.000799627
4.626 0.000787164 0.421595 2.05365 5.73515e-05 0.000757308
4.686 0.000726377 0.427682 2.04926 5.12926e-05 0.000716188
4.746 0.000670287 0.433723 2.04422 4.57301e-05 0.00067624
4.806 0.000618544 0.439715 2.03855 4.06322e-05 0.000637434
4.866 0.000570817 0.445654 2.03226 3.59691e-05 0.000599742
4.926 0.000526804 0.451538 2.0254 3.17123e-05 0.000563137
4.986 0.000486219 0.457365 2.01797 2.78351e-05 0.00052759
5.046 0.0004488 0.46313 2.01001 2.43122e-05 0.000493074
5.106 0.000414304 0.468833 2.00154 2.11198e-05 0.000459563
5.166 0.000382504 0.474471 1.99259 1.82354e-05 0.00042703
5.226 0.000353191 0.480042 1.98317 1.5638e-05 0.000395449
5.286 0.000326171 0.485543 1.97332 1.33076e-05 0.000364796
5.346 0.000301265 0.490973 1.96307 1.12255e-05 0.000335045
5.406 0.000278307 0.496331 1.95242 9.37416e-06 0.000306173
5.466 0.000257145 0.501615 1.94142 7.73695e-06 0.000278154
5.526 0.000237637 0.506822 1.93008 6.29837e-06 0.000250966
5.586 0.000219653 0.511954 1.91842 5.04387e-06 0.000224586
5.646 0.000203072 0.517007 1.90648 3.95974e-06 0.000198991
5.706 0.000187784 0.521981 1.89427 3.03319e-06 0.00017416
5.766 0.000173687 0.526875 1.88181 2.25217e-06 0.000150072
5.826 0.000160685 0.531689 1.86912 1.60545e-06 0.000126706
5.886 0.000148693 0.536421 1.85624 1.08247e-06 0.000104042
5.946 0.000137631 0.541072 1.84316 6.7337e-07 8.20591e-05
6.006 0.000127424 0.54564 1.82992 3.68926e-07 6.07393e-05
6.066 0.000118006 0.550126 1.81653 1.60508e-07 4.00635e-05
6.126 0.000109313 0.554529 1.80301 4.00543e-08 2.00136e-05
6.186 0.000101288 0.55885 1.78938 3.11096e-10 1.76379e-06
6.246 9.38787e-05 0.563087 1.77592 0 0
6.306 8.70353e-05 0.567244 1.7629 0 0
6.366 8.07124e-05 0.571323 1.75032 0 0
6.426 7.48683e-05 0.575326 1.73814 0 0
6.486 6.94652e-05 0.579254 1.72636 0 0
6.546 6.44681e-05 0.583111 1.71494 0 0
6.606 5.9845e-05 0.586897 1.70387 0 0
6.666 5.55667e-05 0.590616 1.69315 0 0
6.726 5.16063e-05 0.594267 1.68274 0 0
6.786 4.7939e-05 0.597855 1.67265 0 0
6.846 4.45423e-05 0.601379 1.66284 0 0
6.906 4.13952e-05 0.604843 1.65332 0 0
6.966 3.84787e-05 0.608246 1.64407 0 0
7.026 3.57751e-05 0.611592 1.63508 0 0
7.086 3.32683e-05 0.61488 1.62633 0 0
7.146 3.09433e-05 0.618114 1.61782 0 0
7.206 2.87865e-05 0.621294 1.60954 0 0
7.266 2.67851e-05 0.624421 1.60148 0 0
7.326 2.49275e-05 0.627497 1.59363 0 0
7.386 2.3203e-05 0.630523 1.58598 0 0
7.446 2.16018e-05 0.6335 1.57853 0 0
7.506 2.01145e-05 0.63643 1.57126 0 0
7.566 1.8733e-05 0.639313 1.56418 0 0
7.626 1.74492e-05 0.642151 1.55727 0 0
7.686 1.62562e-05 0.644944 1.55052 0 0
7.746 1.51472e-05 0.647695 1.54394 0 0
7.806 1.41162e-05 0.650403 1.53751 0 0
7.866 1.31574e-05 0.653069 1.53123 0 0
7.926 1.22656e-05 0.655696 1.5251 0 0
7.986 1.1436e-05 0.658282 1.5191 0 0
8.046 1.06641e-05 0.660831 1.51325 0 0
8.106 9.94574e-06 0.663341 1.50752 0 0
8.166 9.27712e-06 0.665815 1.50192 0 0
8.226 8.65468e-06 0.668252 1.49644 0 0
8.286 8.07513e-06 0.670654 1.49108 0 0
8.346 7.53541e-06 0.673022 1.48584 0 0
8.406 7.03271e-06 0.675356 1.4807 0 0
8.466 6.56441e-06 0.677657 1.47567 0 0
8.526 6.1281e-06 0.679925 1.47075 0 0
8.586 5.72151e-06 0.682162 1.46593 0 0
8.646 5.34258e-06 0.684368 1.4612 0 0
8.706 4.98935e-06 0.686543 1.45657 0 0
8.766 4.66005e-06 0.688688 1.45204 0 0
8.826 4.35301e-06 0.690805 1.44759 0 0
8.886 4.06668e-06 0.692893 1.44323 0 0
8.946 3.79962e-06 0.694952 1.43895 0 0
9.006 3.55051e-06 0.696985 1.43475 0 0
9.066 3.3181e-06 0.69899 1.43064 0 0
9.126 3.10125e-06 0.700969 1.4266 0 0
9.186 2.89889e-06 0.702922 1.42263 0 0
9.246 2.71003e-06 0.70485 1.41874 0 0
9.306 2.53375e-06 0.706753 1.41492 0 0
9.366 2.36918e-06 0.708632 1.41117 0 0
9.426 2.21553e-06 0.710486 1.40749 0 0
9.486 2.07206e-06 0.712317 1.40387 0 0
9.546 1.93807e-06 0.714126 1.40031 0 0
9.606 1.81293e-06 0.715911 1.39682 0 0
9.666 1.69604e-06 0.717675 1.39339 0 0
9.726 1.58684e-06 0.719416 1.39002 0 0
9.786 1.48482e-06 0.721137 1.3867 0 0
9.846 1.38949e-06 0.722836 1.38344 0 0
9.906 1.30041e-06 0.724515 1.38023 0 0
9.966 1.21715e-06 0.726173 1.37708 0 0
10.026 1.13933e-06 0.727812 1.37398 0 0
10.086 1.06659e-06 0.729431 1.37093 0 0
10.146 9.98581e-07 0.731031 1.36793 0 0
10.206 9.34998e-07 0.732612 1.36498 0 0
10.266 8.75546e-07 0.734175 1.36207 0 0
10.326 8.1995e-07 0.73572 1.35921 0 0
10.386 7.67957e-07 0.737247 1.3564 0 0
10.446 7.19328e-07 0.738756 1.35363 0 0
10.506 6.73842e-07 0.740248 1.3509 0 0
10.566 6.31292e-07 0.741723 1.34821 0 0
10.626 5.91486e-07 0.743181 1.34557 0 0
10.686 5.54244e-07 0.744623 1.34296 0 0
10.746 5.19399e-07 0.746049 1.34039 0 0
10.806 4.86794e-07 0.747459 1.33787 0 0
10.866 4.56283e-07 0.748854 1.33537 0 0
10.926 4.2773e-07 0.750233 1.33292 0 0
10.986 4.01008e-07 0.751597 1.3305 0 0
11.046 3.75998e-07 0.752946 1.32812 0 0
11.106 3.5259e-07 0.754281 1.32577 0 0
11.166 3.30679e-07 0.755601 1.32345 0 0
11.226 3.10171e-07 0.756907 1.32117 0 0
11.286 2.90973e-07 0.7582 1.31891 0 0
11.346 2.73003e-07 0.759479 1.31669 0 0
11.406 2.56181e-07 0.760744 1.3145 0 0
11.466 2.40435e-07 0.761996 1.31234 0 0
11.526 2.25695e-07 0.763235 1.31021 0 0
11.586 2.11898e-07 0.764461 1.30811 0 0
11.646 1.98984e-07 0.765674 1.30604 0 0
11.706 1.86896e-07 0.766875 1.30399 0 0
11.766 1.75584e-07 0.768064 1.30197 0 0
11.826 1.64997e-07 0.769241 1.29998 0 0
11.886 1.55092e-07 0.770406 1.29802 0 0
11.946 1.45824e-07 0.771559 1.29608 0 0
12.006 1.37154e-07 0.772701 1.29416 0 0
12.066 1.29045e-07 0.773831 1.29227 0 0
12.126 1.21463e-07 0.77495 1.29041 0 0
12.186 1.14375e-07 0.776058 1.28856 0 0
12.246 1.07752e-07 0.777155 1.28674 0 0
12.306 1.01563e-07 0.778242 1.28495 0 0
12.366 9.57847e-08 0.779318 1.28317 0 0
12.426 9.03909e-08 0.780383 1.28142 0 0
12.486 8.5359e-08 0.781439 1.27969 0 0
12.546 8.06678e-08 0.782484 1.27798 0 0
12.606 7.62972e-08 0.783519 1.27629 0 0
12.666 7.22288e-08 0.784545 1.27462 0 0
12.726 6.84452e-08 0.785561 1.27298 0 0
12.786 6.49303e-08 0.786567 1.27135 0 0
12.846 6.16693e-08 0.787564 1.26974 0 0
12.906 5.86481e-08 0.788551 1.26815 0 0
12.966 5.58538e-08 0.78953 1.26658 0 0
13.026 5.32746e-08 0.790499 1.26502 0 0
13.086 5.08992e-08 0.79146 1.26349 0 0
13.146 4.87175e-08 0.792412 1.26197 0 0
13.206 4.67198e-08 0.793355 1.26047 0 0
13.266 4.48976e-08 0.794289 1.25899 0 0
13.326 4.32427e-08 0.795216 1.25752 0 0
13.386 4.17478e-08 0.796134 1.25607 0 0
13.446 4.0406e-08 0.797043 1.25464 0 0
13.506 3.92114e-08 0.797945 1.25322 0 0
13.566 3.81583e-08 0.798839 1.25182 0 0
13.626 3.72416e-08 0.799724 1.25043 0 0
13.686 3.64569e-08 0.800602 1.24906 0 0
13.746 3.58002e-08 0.801473 1.2477 0 0
13.806 3.52679e-08 0.802335 1.24636 0 0
13.866 3.48569e-08 0.803191 1.24503 0 0
13.926 3.45646e-08 0.804039 1.24372 0 0
13.986 3.43889e-08 0.804879 1.24242 0 0
14.046 3.43279e-08 0.805713 1.24114 0 0
14.106 5.3544e-10 0.806539 1.23987 0 0
14.166 5.3544e-10 0.807359 1.23861 0 0
14.226 5.3544e-10 0.808171 1.23736 0 0
14.286 5.3544e-10 0.808977 1.23613 0 0
14.346 5.3544e-10 0.809776 1.23491 0 0
14.406 5.3544e-10 0.810568 1.2337 0 0
14.466 5.3544e-10 0.811354 1.23251 0 0
14.526 5.3544e-10 0.812133 1.23133 0 0
14.586 5.3544e-10 0.812906 1.23015 0 0
14.646 5.3544e-10 0.813672 1.229 0 0
14.706 5.3544e-10 0.814432 1.22785 0 0
14.766 5.3544e-10 0.815186 1.22671 0 0
14.826 5.3544e-10 0.815934 1.22559 0 0
14.886 5.3544e-10 0.816676 1.22448 0 0
14.946 5.3544e-10 0.817412 1.22337 0 0
15.006 5.3544e-10 0.818142 1.22228 0 0
15.066 5.3544e-10 0.818867 1.2212 0 0
15.126 5.3544e-10 0.819585 1.22013 0 0
15.186 5.3544e-10 0.820298 1.21907 0 0
15.246 5.3544e-10 0.821005 1.21802 0 0
15.306 5.3544e-10 0.821707 1.21698 0 0
15.366 5.3544e-10 0.822403 1.21595 0 0
15.426 5.3544e-10 0.823094 1.21493 0 0
15.486 5.3544e-10 0.823779 1.21392 0 0
15.546 5.3544e-10 0.824459 1.21292 0 0
15.606 5.3544e-10 0.825134 1.21192 0 0
15.666 5.3544e-10 0.825804 1.21094 0 0
15.726 5.3544e-10 0.826468 1.20997 0 0
15.786 5.3544e-10 0.827128 1.209 0 0
15.846 5.3544e-10 0.827783 1.20805 0 0
15.906 5.3544e-10 0.828432 1.2071 0 0
15.966 5.3544e-10 0.829077 1.20616 0 0
16.026 5.3544e-10 0.829717 1.20523 0 0
16.086 5.3544e-10 0.830352 1.20431 0 0
16.146 5.3544e-10 0.830982 1.20339 0 0
16.206 5.3544e-10 0.831608 1.20249 0 0
16.266 5.3544e-10 0.832229 1.20159 0 0
16.326 5.3544e-10 0.832846 1.2007 0 0
16.386 5.3544e-10 0.833458 1.19982 0 0
16.446 5.3544e-10 0.834066 1.19895 0 0
16.506 5.3544e-10 0.834669 1.19808 0 0
16.566 5.3544e-10 0.835268 1.19722 0 0
16.626 5.3544e-10 0.835862 1.19637 0 0
16.686 5.3544e-10 0.836452 1.19553 0 0
16.746 5.3544e-10 0.837038 1.19469 0 0
16.806 5.3544e-10 0.83762 1.19386 0 0
16.866 5.3544e-10 0.838198 1.19304 0 0
16.926 5.3544e-10 0.838771 1.19222 0 0
16.986 5.3544e-10 0.839341 1.19141 0 0
17.046 5.3544e-10 0.839906 1.19061 0 0
17.106 5.3544e-10 0.840468 1.18981 0 0
17.166 5.3544e-10 0.841025 1.18902 0 0
17.226 5.3544e-10 0.841579 1.18824 0 0
17.286 5.3544e-10 0.842129 1.18747 0 0
17.346 5.3544e-10 0.842675 1.1867 0 0
17.406 5.3544e-10 0.843217 1.18593 0 0
17.466 5.3544e-10 0.843756 1.18518 0 0
17.526 5.3544e-10 0.844291 1.18443 0 0
17.586 5.3544e-10 0.844822 1.18368 0 0
17.646 5.3544e-10 0.84535 1.18294 0 0
17.706 5.3544e-10 0.845874 1.18221 0 0
17.766 5.3544e-10 0.846394 1.18148 0 0
17.826 5.3544e-10 0.846911 1.18076 0 0
17.886 5.3544e-10 0.847425 1.18005 0 0
17.946 5.3544e-10 0.847935 1.17934 0 0
18.006 5.3544e-10 0.848442 1.17863 0 0
18.066 5.3544e-10 0.848945 1.17793 0 0
18.126 5.3544e-10 0.849445 1.17724 0 0
18.186 5.3544e-10 0.849942 1.17655 0 0
18.246 5.3544e-10 0.850435 1.17587 0 0
18.306 5.3544e-10 0.850926 1.17519 0 0
18.366 5.3544e-10 0.851413 1.17452 0 0
18.426 5.3544e-10 0.851896 1.17385 0 0
18.486 5.3544e-10 0.852377 1.17319 0 0
18.546 5.3544e-10 0.852855 1.17253 0 0
18.606 5.3544e-10 0.853329 1.17188 0 0
18.666 5.3544e-10 0.853801 1.17123 0 0
18.726 5.3544e-10 0.854269 1.17059 0 0
18.786 5.3544e-10 0.854735 1.16995 0 0
18.846 5.3544e-10 0.855197 1.16932 0 0
18.906 5.3544e-10 0.855657 1.16869 0 0
18.966 5.3544e-10 0.856113 1.16807 0 0
19.026 5.3544e-10 0.856567 1.16745 0 0
19.086 5.3544e-10 0.857018 1.16684 0 0
19.146 5.3544e-10 0.857466 1.16623 0 0
19.206 5.3544e-10 0.857911 1.16562 0 0
19.266 5.3544e-10 0.858354 1.16502 0 0
19.326 5.3544e-10 0.858793 1.16442 0 0
19.386 5.3544e-10 0.859231 1.16383 0 0
19.446 5.3544e-10 0.859665 1.16324 0 0
19.506 5.3544e-10 0.860097 1.16266 0 0
19.566 5.3544e-10 0.860526 1.16208 0 0
19.626 5.3544e-10 0.860952 1.1615 0 0
19.686 5.3544e-10 0.861376 1.16093 0 0
19.746 5.3544e-10 0.861797 1.16037 0 0
19.806 5.3544e-10 0.862216 1.1598 0 0
19.866 5.3544e-10 0.862632 1.15924 0 0
19.926 5.3544e-10 0.863045 1.15869 0 0
19.986 5.3544e-10 0.863457 1.15814 0 0
20.046 5.3544e-10 0.863865 1.15759 0 0
20.106 5.3544e-10 0.864272 1.15704 0 0
20.166 5.3544e-10 0.864675 1.1565 0 0
20.226 5.3544e-10 0.865077 1.15597 0 0
20.286 5.3544e-10 0.865476 1.15543 0 0
20.346 5.3544e-10 0.865873 1.1549 0 0
20.406 5.3544e-10 0.866267 1.15438 0 0
20.466 5.3544e-10 0.866659 1.15386 0 0
20.526 5.3544e-10 0.867049 1.15334 0 0
20.586 5.3544e-10 0.867436 1.15282 0 0
20.646 5.3544e-10 0.867822 1.15231 0 0
20.706 5.3544e-10 0.868205 1.1518 0 0
20.766 5.3544e-10 0.868585 1.1513 0 0
20.826 5.3544e-10 0.868964 1.1508 0 0
20.886 5.3544e-10 0.86934 1.1503 0 0
20.946 5.3544e-10 0.869715 1.1498 0 0
21.006 5.3544e-10 0.870087 1.14931 0 0
21.066 5.3544e-10 0.870457 1.14882 0 0
21.126 5.3544e-10 0.870825 1.14834 0 0
21.186 5.3544e-10 0.871191 1.14785 0 0
21.246 5.3544e-10 0.871554 1.14738 0 0
21.306 5.3544e-10 0.871916 1.1469 0 0
21.366 5.3544e-10 0.872276 1.14643 0 0
21.426 5.3544e-10 0.872633 1.14596 0 0
21.486 5.3544e-10 0.872989 1.14549 0 0
21.546 5.3544e-10 0.873343 1.14503 0 0
21.606 5.3544e-10 0.873694 1.14456 0 0
21.666 5.3544e-10 0.874044 1.14411 0 0
21.726 5.3544e-10 0.874392 1.14365 0 0
21.786 5.3544e-10 0.874738 1.1432 0 0
21.846 5.3544e-10 0.875082 1.14275 0 0
21.906 5.3544e-10 0.875424 1.1423 0 0
21.966 5.3544e-10 0.875765 1.14186 0 0
22.026 5.3544e-10 0.876103 1.14142 0 0
22.086 5.3544e-10 0.87644 1.14098 0 0
22.146 5.3544e-10 0.876774 1.14054 0 0
22.206 5.3544e-10 0.877107 1.14011 0 0
22.266 5.3544e-10 0.877438 1.13968 0 0
22.326 5.3544e-10 0.877768 1.13925 0 0
22.386 5.3544e-10 0.878095 1.13883 0 0
22.446 5.3544e-10 0.878421 1.13841 0 0
22.506 5.3544e-10 0.878745 1.13799 0 0
22.566 5.3544e-10 0.879068 1.13757 0 0
22.626 5.3544e-10 0.879388 1.13715 0 0
22.686 5.3544e-10 0.879707 1.13674 0 0
22.746 5.3544e-10 0.880025 1.13633 0 0
22.806 5.3544e-10 0.88034 1.13592 0 0
22.866 5.3544e-10 0.880654 1.13552 0 0
22.926 5.3544e-10 0.880967 1.13512 0 0
22.986 5.3544e-10 0.881277 1.13472 0 0
23.046 5.3544e-10 0.881587 1.13432 0 0
23.106 5.3544e-10 0.881894 1.13392 0 0
23.166 5.3544e-10 0.8822 1.13353 0 0
23.226 5.3544e-10 0.882504 1.13314 0 0
23.286 5.3544e-10 0.882807 1.13275 0 0
23.346 5.3544e-10 0.883108 1.13236 0 0
23.406 5.3544e-10 0.883408 1.13198 0 0
23.466 5.3544e-10 0.883706 1.1316 0 0
23.526 5.3544e-10 0.884003 1.13122 0 0
23.586 5.3544e-10 0.884298 1.13084 0 0
23.646 5.3544e-10 0.884591 1.13047 0 0
23.706 5.3544e-10 0.884883 1.13009 0 0
23.766 5.3544e-10 0.885174 1.12972 0 0
23.826 5.3544e-10 0.885463 1.12935 0 0
23.886 5.3544e-10 0.885751 1.12899 0 0
23.946 5.3544e-10 0.886037 1.12862 0 0
24.006 5.3544e-10 0.886322 1.12826 0 0
24.066 5.3544e-10 0.886605 1.1279 0 0
24.126 5.3544e-10 0.886887 1.12754 0 0
24.186 5.3544e-10 0.887168 1.12718 0 0
24.246 5.3544e-10 0.887447 1.12683 0 0
24.306 5.3544e-10 0.887725 1.12648 0 0
24.366 5.3544e-10 0.888001 1.12612 0 0
24.426 5.3544e-10 0.888277 1.12578 0 0
24.486 5.3544e-10 0.88855 1.12543 0 0
24.546 5.3544e-10 0.888823 1.12508 0 0
24.606 5.3544e-10 0.889094 1.12474 0 0
24.666 5.3544e-10 0.889364 1.1244 0 0
24.726 5.3544e-10 0.889632 1.12406 0 0
24.786 5.3544e-10 0.889899 1.12372 0 0
24.846 5.3544e-10 0.890165 1.12339 0 0
24.906 5.3544e-10 0.89043 1.12305 0 0
24.966 5.3544e-10 0.890693 1.12272 0 0
25.026 5.3544e-10 0.890955 1.12239 0 0
25.086 5.3544e-10 0.891216 1.12206 0 0
25.146 5.3544e-10 0.891476 1.12174 0 0
25.206 5.3544e-10 0.891734 1.12141 0 0
25.266 5.3544e-10 0.891991 1.12109 0 0
25.326 5.3544e-10 0.892247 1.12077 0 0
25.386 5.3544e-10 0.892502 1.12045 0 0
25.446 5.3544e-10 0.892755 1.12013 0 0
25.506 5.3544e-10 0.893007 1.11981 0 0
25.566 5.3544e-10 0.893258 1.1195 0 0
25.626 5.3544e-10 0.893508 1.11918 0 0
25.686 5.3544e-10 0.893757 1.11887 0 0
25.746 5.3544e-10 0.894005 1.11856 0 0
25.806 5.3544e-10 0.894251 1.11825 0 0
25.866 5.3544e-10 0.894496 1.11795 0 0
25.926 5.3544e-10 0.894741 1.11764 0 0
25.986 5.3544e-10 0.894984 1.11734 0 0
26.046 5.3544e-10 0.895225 1.11704 0 0
26.106 5.3544e-10 0.895466 1.11674 0 0
26.166 5.3544e-10 0.895706 1.11644 0 0
26.226 5.3544e-10 0.895945 1.11614 0 0
26.286 5.3544e-10 0.896182 1.11584 0 0
26.346 5.3544e-10 0.896419 1.11555 0 0
26.406 5.3544e-10 0.896654 1.11526 0 0
26.466 5.3544e-10 0.896888 1.11497 0 0
26.526 5.3544e-10 0.897121 1.11468 0 0
26.586 5.3544e-10 0.897354 1.11439 0 0
26.646 5.3544e-10 0.897585 1.1141 0 0
26.706 5.3544e-10 0.897815 1.11382 0 0
26.766 5.3544e-10 0.898044 1.11353 0 0
26.826 5.3544e-10 0.898272 1.11325 0 0
26.886 5.3544e-10 0.898499 1.11297 0 0
26.946 5.3544e-10 0.898725 1.11269 0 0
27.006 5.3544e-10 0.89895 1.11241 0 0
27.066 5.3544e-10 0.899174 1.11213 0 0
27.126 5.3544e-10 0.899397 1.11186 0 0
27.186 5.3544e-10 0.899619 1.11158 0 0
27.246 5.3544e-10 0.89984 1.11131 0 0
27.306 5.3544e-10 0.90006 1.11104 0 0
27.366 5.3544e-10 0.900279 1.11077 0 0
27.426 5.3544e-10 0.900497 1.1105 0 0
27.486 5.3544e-10 0.900715 1.11023 0 0
27.546 5.3544e-10 0.900931 1.10996 0 0
27.606 5.3544e-10 0.901146 1.1097 0 0
27.666 5.3544e-10 0.901361 1.10943 0 0
27.726 5.3544e-10 0.901574 1.10917 0 0
27.786 5.3544e-10 0.901787 1.10891 0 0
27.846 5.3544e-10 0.901998 1.10865 0 0
27.906 5.3544e-10 0.902209 1.10839 0 0
27.966 5.3544e-10 0.902419 1.10813 0 0
28.026 5.3544e-10 0.902628 1.10788 0 0
28.086 5.3544e-10 0.902836 1.10762 0 0
28.146 5.3544e-10 0.903043 1.10737 0 0
28.206 5.3544e-10 0.903249 1.10711 0 0
28.266 5.3544e-10 0.903454 1.10686 0 0
28.326 5.3544e-10 0.903659 1.10661 0 0
28.386 5.3544e-10 0.903863 1.10636 0 0
28.446 5.3544e-10 0.904065 1.10611 0 0
28.506 5.3544e-10 0.904267 1.10587 0 0
28.566 5.3544e-10 0.904468 1.10562 0 0
28.626 5.3544e-10 0.904669 1.10538 0 0
28.686 5.3544e-10 0.904868 1.10513 0 0
28.746 5.3544e-10 0.905067 1.10489 0 0
28.806 5.3544e-10 0.905264 1.10465 0 0
28.866 5.3544e-10 0.905461 1.10441 0 0
28.926 5.3544e-10 0.905657 1.10417 0 0
28.986 5.3544e-10 0.905853 1.10393 0 0
29.046 5.3544e-10 0.906047 1.1037 0 0
29.106 5.3544e-10 0.906241 1.10346 0 0
29.166 5.3544e-10 0.906434 1.10322 0 0
29.226 5.3544e-10 0.906626 1.10299 0 0
29.286 5.3544e-10 0.906817 1.10276 0 0
29.346 5.3544e-10 0.907008 1.10253 0 0
29.406 5.3544e-10 0.907197 1.1023 0 0
29.466 5.3544e-10 0.907386 1.10207 0 0
29.526 5.3544e-10 0.907574 1.10184 0 0
29.586 5.3544e-10 0.907762 1.10161 0 0
29.646 5.3544e-10 0.907949 1.10138 0 0
29.706 5.3544e-10 0.908134 1.10116 0 0
29.766 5.3544e-10 0.90832 1.10093 0 0
29.826 5.3544e-10 0.908504 1.10071 0 0
29.886 5.3544e-10 0.908688 1.10049 0 0
29.946 5.3544e-10 0.908871 1.10027 0 0
30.006 5.3544e-10 0.909053 1.10005 0 0
30.066 5.3544e-10 0.909234 1.09983 0 0
30.126 5.3544e-10 0.909415 1.09961 0 0
30.186 5.3544e-10 0.909595 1.09939 0 0
30.246 5.3544e-10 0.909775 1.09917 0 0
30.306 5.3544e-10 0.909953 1.09896 0 0
30.366 5.3544e-10 0.910131 1.09874 0 0
30.426 5.3544e-10 0.910308 1.09853 0 0
30.486 5.3544e-10 0.910485 1.09832 0 0
30.546 5.3544e-10 0.910661 1.0981 0 0
30.606 5.3544e-10 0.910836 1.09789 0 0
30.666 5.3544e-10 0.91101 1.09768 0 0
30.726 5.3544e-10 0.911184 1.09747 0 0
30.786 5.3544e-10 0.911357 1.09726 0 0
30.846 5.3544e-10 0.91153 1.09706 0 0
30.906 5.3544e-10 0.911701 1.09685 0 0
30.966 5.3544e-10 0.911872 1.09664 0 0
31.026 5.3544e-10 0.912043 1.09644 0 0
31.086 5.3544e-10 0.912213 1.09624 0 0
31.146 5.3544e-10 0.912382 1.09603 0 0
31.206 5.3544e-10 0.91255 1.09583 0 0
31.266 5.3544e-10 0.912718 1.09563 0 0
31.326 5.3544e-10 0.912885 1.09543 0 0
31.386 5.3544e-10 0.913052 1.09523 0 0
31.446 5.3544e-10 0.913218 1.09503 0 0
31.506 5.3544e-10 0.913383 1.09483 0 0
31.566 5.3544e-10 0.913548 1.09463 0 0
31.626 5.3544e-10 0.913712 1.09444 0 0
31.686 5.3544e-10 0.913875 1.09424 0 0
31.746 5.3544e-10 0.914038 1.09405 0 0
31.806 5.3544e-10 0.9142 1.09385 0 0
31.866 5.3544e-10 0.914361 1.09366 0 0
31.926 5.3544e-10 0.914522 1.09347 0 0
31.986 5.3544e-10 0.914683 1.09328 0 0
32.046 5.3544e-10 0.914843 1.09308 0 0
32.106 5.3544e-10 0.915002 1.09289 0 0
32.166 5.3544e-10 0.91516 1.0927 0 0
32.226 5.3544e-10 0.915318 1.09252 0 0
32.286 5.3544e-10 0.915476 1.09233 0 0
32.346 5.3544e-10 0.915632 1.09214 0 0
32.406 5.3544e-10 0.915789 1.09196 0 0
32.466 5.3544e-10 0.915944 1.09177 0 0
32.526 5.3544e-10 0.916099 1.09158 0 0
32.586 5.3544e-10 0.916254 1.0914 0 0
32.646 5.3544e-10 0.916408 1.09122 0 0
32.706 5.3544e-10 0.916561 1.09103 0 0
32.766 5.3544e-10 0.916714 1.09085 0 0
32.826 5.3544e-10 0.916866 1.09067 0 0
32.886 5.3544e-10 0.917018 1.09049 0 0
32.946 5.3544e-10 0.917169 1.09031 0 0
33.006 5.3544e-10 0.917319 1.09013 0 0
33.066 5.3544e-10 0.917469 1.08995 0 0
33.126 5.3544e-10 0.917619 1.08978 0 0
33.186 5.3544e-10 0.917768 1.0896 0 0
33.246 5.3544e-10 0.917916 1.08942 0 0
33.306 5.3544e-10 0.918064 1.08925 0 0
33.366 5.3544e-10 0.918211 1.08907 0 0
33.426 5.3544e-10 0.918358 1.0889 0 0
33.486 5.3544e-10 0.918505 1.08873 0 0
33.546 5.3544e-10 0.91865 1.08855 0 0
33.606 5.3544e-10 0.918796 1.08838 0 0
33.666 5.3544e-10 0.91894 1.08821 0 0
33.726 5.3544e-10 0.919084 1.08804 0 0
33.786 5.3544e-10 0.919228 1.08787 0 0
33.846 5.3544e-10 0.919371 1.0877 0 0
33.906 5.3544e-10 0.919514 1.08753 0 0
33.966 5.3544e-10 0.919656 1.08736 0 0
34.026 5.3544e-10 0.919798 1.0872 0 0
34.086 5.3544e-10 0.919939 1.08703 0 0
34.146 5.3544e-10 0.92008 1.08686 0 0
34.206 5.3544e-10 0.92022 1.0867 0 0
34.266 5.3544e-10 0.92036 1.08653 0 0
34.326 5.3544e-10 0.920499 1.08637 0 0
34.386 5.3544e-10 0.920638 1.0862 0 0
34.446 5.3544e-10 0.920776 1.08604 0 0
34.506 5.3544e-10 0.920914 1.08588 0 0
34.566 5.3544e-10 0.921051 1.08572 0 0
34.626 5.3544e-10 0.921188 1.08556 0 0
34.686 5.3544e-10 0.921324 1.08539 0 0
34.746 5.3544e-10 0.92146 1.08523 0 0
34.806 5.3544e-10 0.921595 1.08508 0 0
34.866 5.3544e-10 0.92173 1.08492 0 0
34.926 5.3544e-10 0.921865 1.08476 0 0
34.986 5.3544e-10 0.921999 1.0846 0 0
35.046 5.3544e-10 0.922132 1.08444 0 0
35.106 5.3544e-10 0.922265 1.08429 0 0
35.166 5.3544e-10 0.922398 1.08413 0 0
35.226 5.3544e-10 0.92253 1.08398 0 0
35.286 5.3544e-10 0.922662 1.08382 0 0
35.346 5.3544e-10 0.922793 1.08367 0 0
35.406 5.3544e-10 0.922924 1.08351 0 0
35.466 5.3544e-10 0.923054 1.08336 0 0
35.526 5.3544e-10 0.923184 1.08321 0 0
35.586 5.3544e-10 0.923314 1.08306 0 0
35.646 5.3544e-10 0.923443 1.0829 0 0
35.706 5.3544e-10 0.923571 1.08275 0 0
35.766 5.3544e-10 0.9237 1.0826 0 0
35.826 5.3544e-10 0.923827 1.08245 0 0
35.886 5.3544e-10 0.923955 1.0823 0 0
35.946 5.3544e-10 0.924082 1.08216 0 0
36.006 5.3544e-10 0.924208 1.08201 0 0
36.066 5.3544e-10 0.924334 1.08186 0 0
36.126 5.3544e-10 0.92446 1.08171 0 0
36.186 5.3544e-10 0.924585 1.08157 0 0
36.246 5.3544e-10 0.92471 1.08142 0 0
36.306 5.3544e-10 0.924835 1.08127 0 0
36.366 5.3544e-10 0.924959 1.08113 0 0
36.426 5.3544e-10 0.925082 1.08099 0 0
36.486 5.3544e-10 0.925205 1.08084 0 0
36.546 5.3544e-10 0.925328 1.0807 0 0
36.606 5.3544e-10 0.925451 1.08055 0 0
36.666 5.3544e-10 0.925573 1.08041 0 0
36.726 5.3544e-10 0.925694 1.08027 0 0
36.786 5.3544e-10 0.925815 1.08013 0 0
36.846 5.3544e-10 0.925936 1.07999 0 0
36.906 5.3544e-10 0.926057 1.07985 0 0
36.966 5.3544e-10 0.926177 1.07971 0 0
37.026 5.3544e-10 0.926296 1.07957 0 0
37.086 5.3544e-10 0.926415 1.07943 0 0
37.146 5.3544e-10 0.926534 1.07929 0 0
37.206 5.3544e-10 0.926653 1.07915 0 0
37.266 5.3544e-10 0.926771 1.07902 0 0
37.326 5.3544e-10 0.926889 1.07888 0 0
37.386 5.3544e-10 0.927006 1.07874 0 0
37.446 5.3544e-10 0.927123 1.07861 0 0
37.506 5.3544e-10 0.927239 1.07847 0 0
37.566 5.3544e-10 0.927356 1.07833 0 0
37.626 5.3544e-10 0.927472 1.0782 0 0
37.686 5.3544e-10 0.927587 1.07807 0 0
37.746 5.3544e-10 0.927702 1.07793 0 0
37.806 5.3544e-10 0.927817 1.0778 0 0
37.866 5.3544e-10 0.927931 1.07767 0 0
37.926 5.3544e-10 0.928045 1.07753 0 0
37.986 5.3544e-10 0.928159 1.0774 0 0
38.046 5.3544e-10 0.928272 1.07727 0 0
38.106 5.3544e-10 0.928385 1.07714 0 0
38.166 5.3544e-10 0.928498 1.07701 0 0
38.226 5.3544e-10 0.92861 1.07688 0 0
38.286 5.3544e-10 0.928722 1.07675 0 0
38.346 5.3544e-10 0.928833 1.07662 0 0
38.406 5.3544e-10 0.928945 1.07649 0 0
38.466 5.3544e-10 0.929055 1.07636 0 0
38.526 5.3544e-10 0.929166 1.07623 0 0
38.586 5.3544e-10 0.929276 1.07611 0 0
38.646 5.3544e-10 0.929386 1.07598 0 0
38.706 5.3544e-10 0.929495 1.07585 0 0
38.766 5.3544e-10 0.929604 1.07573 0 0
38.826 5.3544e-10 0.929713 1.0756 0 0
38.886 5.3544e-10 0.929822 1.07548 0 0
38.946 5.3544e-10 0.92993 1.07535 0 0
39.006 5.3544e-10 0.930038 1.07523 0 0
39.066 5.3544e-10 0.930145 1.0751 0 0
39.126 5.3544e-10 0.930252 1.07498 0 0
39.186 5.3544e-10 0.930359 1.07485 0 0
39.246 5.3544e-10 0.930465 1.07473 0 0
39.306 5.3544e-10 0.930571 1.07461 0 0
39.366 5.3544e-10 0.930677 1.07449 0 0
39.426 5.3544e-10 0.930783 1.07436 0 0
39.486 5.3544e-10 0.930888 1.07424 0 0
39.546 5.3544e-10 0.930993 1.07412 0 0
39.606 5.3544e-10 0.931097 1.074 0 0
39.666 5.3544e-10 0.931202 1.07388 0 0
39.726 5.3544e-10 0.931306 1.07376 0 0
39.786 5.3544e-10 0.931409 1.07364 0 0
39.846 5.3544e-10 0.931512 1.07352 0 0
39.906 5.3544e-10 0.931615 1.0734 0 0
39.966 5.3544e-10 0.931718 1.07329 0 0
40.026 5.3544e-10 0.93182 1.07317 0 0
40.086 5.3544e-10 0.931922 1.07305 0 0
40.146 5.3544e-10 0.932024 1.07293 0 0
40.206 5.3544e-10 0.932126 1.07282 0 0
40.266 5.3544e-10 0.932227 1.0727 0 0
40.326 5.3544e-10 0.932328 1.07258 0 0
40.386 5.3544e-10 0.932428 1.07247 0 0
40.446 5.3544e-10 0.932528 1.07235 0 0
40.506 5.3544e-10 0.932628 1.07224 0 0
40.566 5.3544e-10 0.932728 1.07212 0 0
40.626 5.3544e-10 0.932827 1.07201 0 0
40.686 5.3544e-10 0.932926 1.0719 0 0
40.746 5.3544e-10 0.933025 1.07178 0 0
40.806 5.3544e-10 0.933124 1.07167 0 0
40.866 5.3544e-10 0.933222 1.07156 0 0
40.926 5.3544e-10 0.93332 1.07144 0 0
40.986 5.3544e-10 0.933417 1.07133 0 0
41.046 5.3544e-10 0.933515 1.07122 0 0
41.106 5.3544e-10 0.933612 1.07111 0 0
41.166 5.3544e-10 0.933708 1.071 0 0
41.226 5.3544e-10 0.933805 1.07089 0 0
41.286 5.3544e-10 0.933901 1.07078 0 0
41.346 5.3544e-10 0.933997 1.07067 0 0
41.406 5.3544e-10 0.934093 1.07056 0 0
41.466 5.3544e-10 0.934188 1.07045 0 0
41.526 5.3544e-10 0.934283 1.07034 0 0
41.586 5.3544e-10 0.934378 1.07023 0 0
41.646 5.3544e-10 0.934473 1.07012 0 0
41.706 5.3544e-10 0.934567 1.07001 0 0
41.766 5.3544e-10 0.934661 1.06991 0 0
41.826 5.3544e-10 0.934755 1.0698 0 0
41.886 5.3544e-10 0.934848 1.06969 0 0
41.946 5.3544e-10 0.934941 1.06959 0 0
42.006 5.3544e-10 0.935034 1.06948 0 0
42.066 5.3544e-10 0.935127 1.06937 0 0
42.126 5.3544e-10 0.935219 1.06927 0 0
42.186 5.3544e-10 0.935311 1.06916 0 0
42.246 5.3544e-10 0.935403 1.06906 0 0
42.306 5.3544e-10 0.935495 1.06895 0 0
42.366 5.3544e-10 0.935586 1.06885 0 0
42.426 5.3544e-10 0.935677 1.06874 0 0
42.486 5.3544e-10 0.935768 1.06864 0 0
42.546 5.3544e-10 0.935859 1.06854 0 0
42.606 5.3544e-10 0.935949 1.06843 0 0
42.666 5.3544e-10 0.936039 1.06833 0 0
42.726 5.3544e-10 0.936129 1.06823 0 0
42.786 5.3544e-10 0.936218 1.06813 0 0
42.846 5.3544e-10 0.936308 1.06802 0 0
42.906 5.3544e-10 0.936397 1.06792 0 0
42.966 5.3544e-10 0.936486 1.06782 0 0
43.026 5.3544e-10 0.936574 1.06772 0 0
43.086 5.3544e-10 0.936663 1.06762 0 0
43.146 5.3544e-10 0.936751 1.06752 0 0
43.206 5.3544e-10 0.936838 1.06742 0 0
43.266 5.3544e-10 0.936926 1.06732 0 0
43.326 5.3544e-10 0.937013 1.06722 0 0
43.386 5.3544e-10 0.937101 1.06712 0 0
43.446 5.3544e-10 0.937187 1.06702 0 0
43.506 5.3544e-10 0.937274 1.06692 0 0
43.566 5.3544e-10 0.93736 1.06683 0 0
43.626 5.3544e-10 0.937447 1.06673 0 0
43.686 5.3544e-10 0.937532 1.06663 0 0
43.746 5.3544e-10 0.937618 1.06653 0 0
43.806 5.3544e-10 0.937704 1.06644 0 0
43.866 5.3544e-10 0.937789 1.06634 0 0
43.926 5.3544e-10 0.937874 1.06624 0 0
43.986 5.3544e-10 0.937959 1.06615 0 0
44.046 5.3544e-10 0.938043 1.06605 0 0
44.106 5.3544e-10 0.938127 1.06595 0 0
44.166 5.3544e-10 0.938211 1.06586 0 0
44.226 5.3544e-10 0.938295 1.06576 0 0
44.286 5.3544e-10 0.938379 1.06567 0 0
44.346 5.3544e-10 0.938462 1.06557 0 0
44.406 5.3544e-10 0.938545 1.06548 0 0
44.466 5.3544e-10 0.938628 1.06538 0 0
44.526 5.3544e-10 0.938711 1.06529 0 0
44.586 5.3544e-10 0.938793 1.0652 0 0
44.646 5.3544e-10 0.938876 1.0651 0 0
44.706 5.3544e-10 0.938958 1.06501 0 0
44.766 5.3544e-10 0.93904 1.06492 0 0
44.826 5.3544e-10 0.939121 1.06483 0 0
44.886 5.3544e-10 0.939202 1.06473 0 0
44.946 5.3544e-10 0.939284 1.06464 0 0
45.006 5.3544e-10 0.939365 1.06455 0 0
45.066 5.3544e-10 0.939445 1.06446 0 0
45.126 5.3544e-10 0.939526 1.06437 0 0
45.186 5.3544e-10 0.939606 1.06428 0 0
45.246 5.3544e-10 0.939686 1.06419 0 0
45.306 5.3544e-10 0.939766 1.06409 0 0
45.366 5.3544e-10 0.939846 1.064 0 0
45.426 5.3544e-10 0.939925 1.06391 0 0
45.486 5.3544e-10 0.940004 1.06382 0 0
45.546 5.3544e-10 0.940084 1.06374 0 0
45.606 5.3544e-10 0.940162 1.06365 0 0
45.666 5.3544e-10 0.940241 1.06356 0 0
45.726 5.3544e-10 0.940319 1.06347 0 0
45.786 5.3544e-10 0.940398 1.06338 0 0
45.846 5.3544e-10 0.940476 1.06329 0 0
45.906 5.3544e-10 0.940553 1.0632 0 0
45.966 5.3544e-10 0.940631 1.06312 0 0
46.026 5.3544e-10 0.940708 1.06303 0 0
46.086 5.3544e-10 0.940786 1.06294 0 0
46.146 5.3544e-10 0.940863 1.06285 0 0
46.206 5.3544e-10 0.940939 1.06277 0 0
46.266 5.3544e-10 0.941016 1.06268 0 0
46.326 5.3544e-10 0.941092 1.06259 0 0
46.386 5.3544e-10 0.941169 1.06251 0 0
46.446 5.3544e-10 0.941245 1.06242 0 0
46.506 5.3544e-10 0.94132 1.06234 0 0
46.566 5.3544e-10 0.941396 1.06225 0 0
46.626 5.3544e-10 0.941471 1.06217 0 0
46.686 5.3544e-10 0.941547 1.06208 0 0
46.746 5.3544e-10 0.941622 1.062 0 0
46.806 5.3544e-10 0.941696 1.06191 0 0
46.866 5.3544e-10 0.941771 1.06183 0 0
46.926 5.3544e-10 0.941846 1.06175 0 0
46.986 5.3544e-10 0.94192 1.06166 0 0
47.046 5.3544e-10 0.941994 1.06158 0 0
47.106 5.3544e-10 0.942068 1.06149 0 0
47.166 5.3544e-10 0.942141 1.06141 0 0
47.226 5.3544e-10 0.942215 1.06133 0 0
47.286 5.3544e-10 0.942288 1.06125 0 0
47.346 5.3544e-10 0.942361 1.06116 0 0
47.406 5.3544e-10 0.942434 1.06108 0 0
47.466 5.3544e-10 0.942507 1.061 0 0
47.526 5.3544e-10 0.94258 1.06092 0 0
47.586 5.3544e-10 0.942652 1.06084 0 0
47.646 5.3544e-10 0.942724 1.06076 0 0
47.706 5.3544e-10 0.942796 1.06067 0 0
47.766 5.3544e-10 0.942868 1.06059 0 0
47.826 5.3544e-10 0.94294 1.06051 0 0
47.886 5.3544e-10 0.943011 1.06043 0 0
47.946 5.3544e-10 0.943083 1.06035 0 0
48.006 5.3544e-10 0.943154 1.06027 0 0
48.066 5.3544e-10 0.943225 1.06019 0 0
48.126 5.3544e-10 0.943296 1.06011 0 0
48.186 5.3544e-10 0.943366 1.06003 0 0
48.246 5.3544e-10 0.943437 1.05995 0 0
48.306 5.3544e-10 0.943507 1.05988 0 0
48.366 5.3544e-10 0.943577 1.0598 0 0
48.426 5.3544e-10 0.943647 1.05972 0 0
48.486 5.3544e-10 0.943717 1.05964 0 0
48.546 5.3544e-10 0.943786 1.05956 0 0
48.606 5.3544e-10 0.943856 1.05948 0 0
48.666 5.3544e-10 0.943925 1.05941 0 0
48.726 5.3544e-10 0.943994 1.05933 0 0
48.786 5.3544e-10 0.944063 1.05925 0 0
48.846 5.3544e-10 0.944131 1.05917 0 0
48.906 5.3544e-10 0.9442 1.0591 0 0
48.966 5.3544e-10 0.944268 1.05902 0 0
49.026 5.3544e-10 0.944337 1.05894 0 0
49.086 5.3544e-10 0.944405 1.05887 0 0
49.146 5.3544e-10 0.944472 1.05879 0 0
49.206 5.3544e-10 0.94454 1.05872 0 0
49.266 5.3544e-10 0.944608 1.05864 0 0
49.326 5.3544e-10 0.944675 1.05857 0 0
49.386 5.3544e-10 0.944742 1.05849 0 0
49.446 5.3544e-10 0.944809 1.05841 0 0
49.506 5.3544e-10 0.944876 1.05834 0 0
49.566 5.3544e-10 0.944943 1.05826 0 0
49.626 5.3544e-10 0.94501 1.05819 0 0
49.686 5.3544e-10 0.945076 1.05812 0 0
49.746 5.3544e-10 0.945142 1.05804 0 0
49.806 5.3544e-10 0.945208 1.05797 0 0
49.866 5.3544e-10 0.945274 1.05789 0 0
49.926 5.3544e-10 0.94534 1.05782 0 0
49.986 5.3544e-10 0.945406 1.05775 0 0
50.046 5.3544e-10 0.945471 1.05767 0 0
50.106 5.3544e-10 0.945536 1.0576 0 0
50.166 5.3544e-10 0.945601 1.05753 0 0
50.226 5.3544e-10 0.945666 1.05746 0 0
50.286 5.3544e-10 0.945731 1.05738 0 0
50.346 5.3544e-10 0.945796 1.05731 0 0
50.406 5.3544e-10 0.94586 1.05724 0 0
50.466 5.3544e-10 0.945925 1.05717 0 0
50.526 5.3544e-10 0.945989 1.05709 0 0
50.586 5.3544e-10 0.946053 1.05702 0 0
50.646 5.3544e-10 0.946117 1.05695 0 0
50.706 5.3544e-10 0.946181 1.05688 0 0
50.766 5.3544e-10 0.946244 1.05681 0 0
50.826 5.3544e-10 0.946308 1.05674 0 0
50.886 5.3544e-10 0.946371 1.05667 0 0
50.946 5.3544e-10 0.946434 1.0566 0 0
51.006 5.3544e-10 0.946497 1.05653 0 0
51.066 5.3544e-10 0.94656 1.05646 0 0
51.126 5.3544e-10 0.946623 1.05639 0 0
51.186 5.3544e-10 0.946685 1.05632 0 0
51.246 5.3544e-10 0.946748 1.05625 0 0
51.306 5.3544e-10 0.94681 1.05618 0 0
51.366 5.3544e-10 0.946872 1.05611 0 0
51.426 5.3544e-10 0.946934 1.05604 0 0
51.486 5.3544e-10 0.946996 1.05597 0 0
51.546 5.3544e-10 0.947058 1.0559 0 0
51.606 5.3544e-10 0.947119 1.05583 0 0
51.666 5.3544e-10 0.947181 1.05576 0 0
51.726 5.3544e-10 0.947242 1.0557 0 0
51.786 5.3544e-10 0.947303 1.05563 0 0
51.846 5.3544e-10 0.947364 1.05556 0 0
51.906 5.3544e-10 0.947425 1.05549 0 0
51.966 5.3544e-10 0.947486 1.05542 0 0
52.026 5.3544e-10 0.947546 1.05536 0 0
52.086 5.3544e-10 0.947607 1.05529 0 0
52.146 5.3544e-10 0.947667 1.05522 0 0
52.206 5.3544e-10 0.947727 1.05516 0 0
52.266 5.3544e-10 0.947787 1.05509 0 0
52.326 5.3544e-10 0.947847 1.05502 0 0
52.386 5.3544e-10 0.947907 1.05496 0 0
52.446 5.3544e-10 0.947966 1.05489 0 0
52.506 5.3544e-10 0.948026 1.05482 0 0
52.566 5.3544e-10 0.948085 1.05476 0 0
52.626 5.3544e-10 0.948144 1.05469 0 0
52.686 5.3544e-10 0.948203 1.05463 0 0
52.746 5.3544e-10 0.948262 1.05456 0 0
52.806 5.3544e-10 0.948321 1.0545 0 0
52.866 5.3544e-10 0.94838 1.05443 0 0
52.926 5.3544e-10 0.948438 1.05436 0 0
52.986 5.3544e-10 0.948497 1.0543 0 0
53.046 5.3544e-10 0.948555 1.05424 0 0
53.106 5.3544e-10 0.948613 1.05417 0 0
53.166 5.3544e-10 0.948671 1.05411 0 0
53.226 5.3544e-10 0.948729 1.05404 0 0
53.286 5.3544e-10 0.948787 1.05398 0 0
53.346 5.3544e-10 0.948844 1.05391 0 0
53.406 5.3544e-10 0.948902 1.05385 0 0
53.466 5.3544e-10 0.948959 1.05379 0 0
53.526 5.3544e-10 0.949016 1.05372 0 0
53.586 5.3544e-10 0.949073 1.05366 0 0
53.646 5.3544e-10 0.94913 1.0536 0 0
53.706 5.3544e-10 0.949187 1.05353 0 0
53.766 5.3544e-10 0.949244 1.05347 0 0
53.826 5.3544e-10 0.9493 1.05341 0 0
53.886 5.3544e-10 0.949357 1.05334 0 0
53.946 5.3544e-10 0.949413 1.05328 0 0
54.006 5.3544e-10 0.949469 1.05322 0 0
54.066 5.3544e-10 0.949525 1.05316 0 0
54.126 5.3544e-10 0.949581 1.0531 0 0
54.186 5.3544e-10 0.949637 1.05303 0 0
54.246 5.3544e-10 0.949693 1.05297 0 0
54.306 5.3544e-10 0.949749 1.05291 0 0
54.366 5.3544e-10 0.949804 1.05285 0 0
54.426 5.3544e-10 0.949859 1.05279 0 0
54.486 5.3544e-10 0.949915 1.05273 0 0
54.546 5.3544e-10 0.94997 1.05267 0 0
54.606 5.3544e-10 0.950025 1.0526 0 0
54.666 5.3544e-10 0.950079 1.05254 0 0
54.726 5.3544e-10 0.950134 1.05248 0 0
54.786 5.3544e-10 0.950189 1.05242 0 0
54.846 5.3544e-10 0.950243 1.05236 0 0
54.906 5.3544e-10 0.950298 1.0523 0 0
54.966 5.3544e-10 0.950352 1.05224 0 0
55.026 5.3544e-10 0.950406 1.05218 0 0
55.086 5.3544e-10 0.95046 1.05212 0 0
55.146 5.3544e-10 0.950514 1.05206 0 0
55.206 5.3544e-10 0.950568 1.052 0 0
55.266 5.3544e-10 0.950621 1.05194 0 0
55.326 5.3544e-10 0.950675 1.05188 0 0
55.386 5.3544e-10 0.950728 1.05183 0 0
55.446 5.3544e-10 0.950782 1.05177 0 0
55.506 5.3544e-10 0.950835 1.05171 0 0
55.566 5.3544e-10 0.950888 1.05165 0 0
55.626 5.3544e-10 0.950941 1.05159 0 0
55.686 5.3544e-10 0.950994 1.05153 0 0
55.746 5.3544e-10 0.951047 1.05147 0 0
55.806 5.3544e-10 0.951099 1.05142 0 0
55.866 5.3544e-10 0.951152 1.05136 0 0
55.926 5.3544e-10 0.951204 1.0513 0 0
55.986 5.3544e-10 0.951256 1.05124 0 0
56.046 5.3544e-10 0.951309 1.05118 0 0
56.106 5.3544e-10 0.951361 1.05113 0 0
56.166 5.3544e-10 0.951413 1.05107 0 0
56.226 5.3544e-10 0.951465 1.05101 0 0
56.286 5.3544e-10 0.951516 1.05095 0 0
56.346 5.3544e-10 0.951568 1.0509 0 0
56.406 5.3544e-10 0.951619 1.05084 0 0
56.466 5.3544e-10 0.951671 1.05078 0 0
56.526 5.3544e-10 0.951722 1.05073 0 0
56.586 5.3544e-10 0.951773 1.05067 0 0
56.646 5.3544e-10 0.951824 1.05061 0 0
56.706 5.3544e-10 0.951875 1.05056 0 0
56.766 5.3544e-10 0.951926 1.0505 0 0
56.826 5.3544e-10 0.951977 1.05045 0 0
56.886 5.3544e-10 0.952028 1.05039 0 0
56.946 5.3544e-10 0.952078 1.05033 0 0
57.006 5.3544e-10 0.952129 1.05028 0 0
57.066 5.3544e-10 0.952179 1.05022 0 0
57.126 5.3544e-10 0.952229 1.05017 0 0
57.186 5.3544e-10 0.952279 1.05011 0 0
57.246 5.3544e-10 0.952329 1.05006 0 0
57.306 5.3544e-10 0.952379 1.05 0 0
57.366 5.3544e-10 0.952429 1.04995 0 0
57.426 5.3544e-10 0.952479 1.04989 0 0
57.486 5.3544e-10 0.952528 1.04984 0 0
57.546 5.3544e-10 0.952578 1.04978 0 0
57.606 5.3544e-10 0.952627 1.04973 0 0
57.666 5.3544e-10 0.952677 1.04967 0 0
57.726 5.3544e-10 0.952726 1.04962 0 0
57.786 5.3544e-10 0.952775 1.04957 0 0
57.846 5.3544e-10 0.952824 1.04951 0 0
57.906 5.3544e-10 0.952873 1.04946 0 0
57.966 5.3544e-10 0.952921 1.0494 0 0
58.026 5.3544e-10 0.95297 1.04935 0 0
58.086 5.3544e-10 0.953019 1.0493 0 0
58.146 5.3544e-10 0.953067 1.04924 0 0
58.206 5.3544e-10 0.953116 1.04919 0 0
58.266 5.3544e-10 0.953164 1.04914 0 0
58.326 5.3544e-10 0.953212 1.04908 0 0
58.386 5.3544e-10 0.95326 1.04903 0 0
58.446 5.3544e-10 0.953308 1.04898 0 0
58.506 5.3544e-10 0.953356 1.04893 0 0
58.566 5.3544e-10 0.953404 1.04887 0 0
58.626 5.3544e-10 0.953451 1.04882 0 0
58.686 5.3544e-10 0.953499 1.04877 0 0
58.746 5.3544e-10 0.953547 1.04872 0 0
58.806 5.3544e-10 0.953594 1.04866 0 0
58.866 5.3544e-10 0.953641 1.04861 0 0
58.926 5.3544e-10 0.953688 1.04856 0 0
58.986 5.3544e-10 0.953736 1.04851 0 0
59.046 5.3544e-10 0.953783 1.04846 0 0
59.106 5.3544e-10 0.953829 1.04841 0 0
59.166 5.3544e-10 0.953876 1.04835 0 0
59.226 5.3544e-10 0.953923 1.0483 0 0
59.286 5.3544e-10 0.95397 1.04825 0 0
59.346 5.3544e-10 0.954016 1.0482 0 0
59.406 5.3544e-10 0.954063 1.04815 0 0
59.466 5.3544e-10 0.954109 1.0481 0 0
59.526 5.3544e-10 0.954155 1.04805 0 0
59.586 5.3544e-10 0.954201 1.048 0 0
59.646 5.3544e-10 0.954247 1.04795 0 0
59.706 5.3544e-10 0.954293 1.0479 0 0
59.766 5.3544e-10 0.954339 1.04785 0 0
59.826 5.3544e-10 0.954385 1.0478 0 0
59.886 5.3544e-10 0.954431 1.04774 0 0
59.946 5.3544e-10 0.954476 1.04769 0 0

