0.06 0.47102
0.006 0.037481 0.109129 1 0.00381553 0.006177
0.066 0.0374477 0.109188 1.00051 0.00381177 0.00617395
0.126 0.0373576 0.109348 1.00188 0.00380169 0.00616578
0.186 0.0372116 0.109608 1.00408 0.00378538 0.00615254
0.246 0.0370106 0.109968 1.00714 0.00376295 0.00613429
0.306 0.0367555 0.110427 1.01104 0.00373453 0.00611108
0.366 0.0364476 0.110987 1.01578 0.00370031 0.00608302
0.426 0.0360883 0.111648 1.02135 0.0036605 0.00605021
0.486 0.0356795 0.112408 1.02774 0.00361534 0.00601277
0.546 0.035223 0.113269 1.03496 0.00356509 0.00597084
0.606 0.034721 0.11423 1.04299 0.00351005 0.00592457
0.666 0.0341758 0.115292 1.05182 0.00345054 0.00587413
0.726 0.03359 0.116456 1.06144 0.00338688 0.00581969
0.786 0.0329662 0.11772 1.07184 0.00331942 0.00576144
0.846 0.0323071 0.119085 1.083 0.0032485 0.00569956
0.906 0.0316156 0.120552 1.09491 0.00317449 0.00563426
0.966 0.0308946 0.122121 1.10756 0.00309775 0.00556574
1.026 0.0301471 0.123792 1.12092 0.00301863 0.0054942
1.086 0.0293761 0.125564 1.13498 0.00293748 0.00541985
1.146 0.0285846 0.12744 1.14972 0.00285466 0.0053429
1.206 0.0277758 0.129418 1.16512 0.0027705 0.00526356
1.266 0.0269525 0.131499 1.18115 0.00268533 0.00518202
1.326 0.0261177 0.133683 1.19779 0.00259947 0.0050985
1.386 0.0252744 0.135971 1.21502 0.0025132 0.00501318
1.446 0.0244254 0.138362 1.23281 0.00242681 0.00492627
1.506 0.0235733 0.140858 1.25114 0.00234058 0.00483795
1.566 0.0227209 0.143457 1.26997 0.00225473 0.0047484
1.626 0.0218707 0.146161 1.28927 0.00216952 0.00465781
1.686 0.0210249 0.14897 1.30903 0.00208514 0.00456633
1.746 0.020186 0.151884 1.32921 0.00200179 0.00447414
1.806 0.019356 0.154902 1.34977 0.00191965 0.00438138
1.866 0.0185369 0.158025 1.37069 0.00183887 0.00428821
1.926 0.0177304 0.161253 1.39193 0.00175961 0.00419477
1.986 0.0169384 0.164586 1.41346 0.00168197 0.00410119
2.046 0.0161622 0.168024 1.43525 0.00160608 0.00400759
2.106 0.0154033 0.171567 1.45726 0.00153203 0.00391411
2.166 0.0146629 0.175214 1.47945 0.00145989 0.00382085
2.226 0.0139419 0.178966 1.5018 0.00138973 0.00372791
2.286 0.0132413 0.182821 1.52427 0.00132161 0.0036354
2.346 0.0125619 0.186779 1.54682 0.00125557 0.00354341
2.406 0.0119043 0.19084 1.56941 0.00119165 0.00345203
2.466 0.0112689 0.195002 1.59201 0.00112985 0.00336133
2.526 0.0106561 0.199265 1.61457 0.0010702 0.0032714
2.586 0.0100662 0.203629 1.63706 0.0010127 0.0031823
2.646 0.00949927 0.208091 1.65944 0.000957346 0.0030941
2.706 0.0089553 0.21265 1.68167 0.000904121 0.00300686
2.766 0.00843424 0.217305 1.70371 0.000853009 0.00292063
2.826 0.00793591 0.222055 1.72551 0.000803988 0.00283547
2.886 0.00746006 0.226897 1.74705 0.000757029 0.00275142
2.946 0.00700635 0.231829 1.76827 0.000712097 0.00266851
3.006 0.0065744 0.236849 1.78913 0.000669155 0.0025868
3.066 0.00616375 0.241956 1.80961 0.000628162 0.00250632
3.126 0.00577389 0.247146 1.82964 0.000589074 0.00242708
3.186 0.00540428 0.252416 1.8492 0.000551843 0.00234913
3.246 0.00505433 0.257765 1.86824 0.000516421 0.00227249
3.306 0.00472341 0.263188 1.88672 0.000482755 0.00219717
3.366 0.00441089 0.268683 1.90462 0.000450795 0.00212319
3.426 0.0041161 0.274246 1.92188 0.000420486 0.00205057
3.486 0.00383836 0.279874 1.93848 0.000391773 0.00197933
3.546 0.00357698 0.285563 1.95437 0.000364602 0.00190946
3.606 0.00333128 0.291309 1.96954 0.000338917 0.00184097
3.666 0.00310056 0.297109 1.98394 0.000314663 0.00177387
3.726 0.00288414 0.302958 1.99755 0.000291784 0.00170817
3.786 0.00268133 0.308851 2.01035 0.000270226 0.00164385
3.846 0.00249146 0.314786 2.02231 0.000249934 0.00158093
3.906 0.00231388 0.320757 2.03341 0.000230854 0.00151939
3.966 0.00214793 0.32676 2.04364 0.000212934 0.00145923
4.026 0.00199299 0.332791 2.05297 0.000196121 0.00140043
4.086 0.00184844 0.338844 2.0614 0.000180365 0.001343
4.146 0.00171371 0.344917 2.06892 0.000165616 0.00128692
4.206 0.00158821 0.351003 2.07551 0.000151826 0.00123218
4.266 0.0014714 0.357098 2.08119 0.000138947 0.00117876
4.326 0.00136276 0.363199 2.08594 0.000126933 0.00112665
4.386 0.00126177 0.369299 2.08977 0.000115741 0.00107583
4.446 0.00116797 0.375396 2.09269 0.000105327 0.00102629
4.506 0.00108088 0.381484 2.0947 9.56504e-05 0.00097801
4.566 0.00100007 0.38756 2.09581 8.66705e-05 0.00093097
4.626 0.000925128 0.393618 2.09604 7.83491e-05 0.00088515
4.686 0.000855665 0.399655 2.09541 7.06493e-05 0.000840531
4.746 0.000791307 0.405667 2.09392 6.35357e-05 0.000797093
4.806 0.000731704 0.411649 2.0916 5.69744e-05 0.000754814
4.866 0.000676528 0.417599 2.08847 5.09329e-05 0.000713673
4.926 0.000625467 0.423512 2.08456 4.53801e-05 0.000673647
4.986 0.000578231 0.429384 2.07988 4.02865e-05 0.000634716
5.046 0.000534546 0.435213 2.07447 3.56238e-05 0.000596857
5.106 0.000494156 0.440994 2.06835 3.13653e-05 0.000560047
5.166 0.000456823 0.446726 2.06155 2.74852e-05 0.000524264
5.226 0.000422322 0.452404 2.05409 2.39595e-05 0.000489485
5.286 0.000390445 0.458027 2.04601 2.07651e-05 0.000455688
5.346 0.000360997 0.463591 2.03734 1.78802e-05 0.00042285
5.406 0.000333796 0.469094 2.0281 1.52841e-05 0.000390949
5.466 0.000308675 0.474533 2.01832 1.29573e-05 0.000359963
5.526 0.000285476 0.479907 2.00805 1.08814e-05 0.00032987
5.586 0.000264055 0.485213 1.99729 9.03886e-06 0.000300647
5.646 0.000244275 0.490449 1.98609 7.4133e-06 0.000272274
5.706 0.000226011 0.495614 1.97447 5.9892e-06 0.000244728
5.766 0.000209148 0.500707 1.96246 4.75197e-06 0.00021799
5.826 0.000193577 0.505725 1.95009 3.68786e-06 0.000192038
5.886 0.0001792 0.510667 1.93739 2.78396e-06 0.000166852
5.946 0.000165924 0.515533 1.92439 2.0281e-06 0.000142412
6.006 0.000153664 0.520321 1.9111 1.40891e-06 0.000118697
6.066 0.000142341 0.52503 1.89755 9.15658e-07 9.569e-05
6.126 0.000131883 0.529659 1.88378 5.38326e-07 7.33707e-05
6.186 0.000122223 0.534209 1.8698 2.67504e-07 5.17208e-05
6.246 0.000113298 0.538678 1.85563 9.43854e-08 3.07222e-05
6.306 0.000105052 0.543066 1.8413 1.07275e-08 1.03574e-05
6.366 9.74314e-05 0.547373 1.8269 0 0
6.426 9.03874e-05 0.551599 1.81291 0 0
6.486 8.38741e-05 0.555747 1.79938 0 0
6.546 7.78498e-05 0.559819 1.78629 0 0
6.606 7.22758e-05 0.563817 1.77362 0 0
6.666 6.71171e-05 0.567743 1.76136 0 0
6.726 6.23411e-05 0.571599 1.74948 0 0
6.786 5.79183e-05 0.575387 1.73796 0 0
6.846 5.38214e-05 0.579108 1.72679 0 0
6.906 5.00252e-05 0.582765 1.71596 0 0
6.966 4.65068e-05 0.586358 1.70544 0 0
7.026 4.3245e-05 0.589891 1.69523 0 0
7.086 4.02202e-05 0.593363 1.68531 0 0
7.146 3.74145e-05 0.596778 1.67567 0 0
7.206 3.48114e-05 0.600135 1.66629 0 0
7.266 3.23957e-05 0.603437 1.65717 0 0
7.326 3.01534e-05 0.606685 1.6483 0 0
7.386 2.80715e-05 0.60988 1.63967 0 0
7.446 2.6138e-05 0.613024 1.63126 0 0
7.506 2.43422e-05 0.616117 1.62307 0 0
7.566 2.26736e-05 0.619161 1.61509 0 0
7.626 2.11231e-05 0.622158 1.60731 0 0
7.686 1.96819e-05 0.625107 1.59973 0 0
7.746 1.83421e-05 0.628011 1.59233 0 0
7.806 1.70963e-05 0.63087 1.58511 0 0
7.866 1.59376e-05 0.633686 1.57807 0 0
7.926 1.48598e-05 0.636459 1.57119 0 0
7.986 1.3857e-05 0.63919 1.56448 0 0
8.046 1.29239e-05 0.641881 1.55792 0 0
8.106 1.20553e-05 0.644532 1.55151 0 0
8.166 1.12468e-05 0.647143 1.54525 0 0
8.226 1.0494e-05 0.649717 1.53913 0 0
8.286 9.79294e-06 0.652254 1.53315 0 0
8.346 9.14e-06 0.654754 1.52729 0 0
8.406 8.53175e-06 0.657218 1.52157 0 0
8.466 7.96504e-06 0.659647 1.51596 0 0
8.526 7.43695e-06 0.662042 1.51048 0 0
8.586 6.94477e-06 0.664404 1.50511 0 0
8.646 6.48599e-06 0.666733 1.49985 0 0
8.706 6.05827e-06 0.66903 1.4947 0 0
8.766 5.65945e-06 0.671295 1.48966 0 0
8.826 5.28753e-06 0.67353 1.48472 0 0
8.886 4.94063e-06 0.675734 1.47987 0 0
8.946 4.61703e-06 0.677909 1.47512 0 0
9.006 4.31513e-06 0.680055 1.47047 0 0
9.066 4.03342e-06 0.682172 1.46591 0 0
9.126 3.77052e-06 0.684262 1.46143 0 0
9.186 3.52515e-06 0.686324 1.45704 0 0
9.246 3.2961e-06 0.68836 1.45273 0 0
9.306 3.08226e-06 0.690369 1.4485 0 0
9.366 2.8826e-06 0.692352 1.44435 0 0
9.426 2.69615e-06 0.694311 1.44028 0 0
9.486 2.52201e-06 0.696244 1.43628 0 0
9.546 2.35936e-06 0.698153 1.43235 0 0
9.606 2.20741e-06 0.700039 1.42849 0 0
9.666 2.06545e-06 0.701901 1.4247 0 0
9.726 1.9328e-06 0.70374 1.42098 0 0
9.786 1.80884e-06 0.705556 1.41732 0 0
9.846 1.69299e-06 0.707351 1.41373 0 0
9.906 1.5847e-06 0.709123 1.41019 0 0
9.966 1.48347e-06 0.710874 1.40672 0 0
10.026 1.38883e-06 0.712605 1.4033 0 0
10.086 1.30034e-06 0.714314 1.39994 0 0
10.146 1.21759e-06 0.716004 1.39664 0 0
10.206 1.14021e-06 0.717673 1.39339 0 0
10.266 1.06783e-06 0.719323 1.3902 0 0
10.326 1.00012e-06 0.720954 1.38705 0 0
10.386 9.36781e-07 0.722566 1.38396 0 0
10.446 8.77521e-07 0.72416 1.38091 0 0
10.506 8.22073e-07 0.725735 1.37791 0 0
10.566 7.70186e-07 0.727293 1.37496 0 0
10.626 7.21627e-07 0.728832 1.37206 0 0
10.686 6.76177e-07 0.730355 1.3692 0 0
10.746 6.33633e-07 0.731861 1.36638 0 0
10.806 5.93806e-07 0.733349 1.36361 0 0
10.866 5.56519e-07 0.734822 1.36087 0 0
10.926 5.21607e-07 0.736278 1.35818 0 0
10.986 4.88915e-07 0.737718 1.35553 0 0
11.046 4.58298e-07 0.739143 1.35292 0 0
11.106 4.29623e-07 0.740552 1.35034 0 0
11.166 4.02765e-07 0.741946 1.34781 0 0
11.226 3.77604e-07 0.743326 1.34531 0 0
11.286 3.54032e-07 0.74469 1.34284 0 0
11.346 3.31947e-07 0.74604 1.34041 0 0
11.406 3.11252e-07 0.747376 1.33801 0 0
11.466 2.91858e-07 0.748698 1.33565 0 0
11.526 2.73681e-07 0.750006 1.33332 0 0
11.586 2.56644e-07 0.751301 1.33102 0 0
11.646 2.40673e-07 0.752582 1.32876 0 0
11.706 2.25699e-07 0.75385 1.32652 0 0
11.766 2.11659e-07 0.755106 1.32432 0 0
11.826 1.98494e-07 0.756348 1.32214 0 0
11.886 1.86146e-07 0.757578 1.32 0 0
11.946 1.74564e-07 0.758796 1.31788 0 0
12.006 1.637e-07 0.760001 1.31579 0 0
12.066 1.53506e-07 0.761195 1.31372 0 0
12.126 1.4394e-07 0.762376 1.31169 0 0
12.186 1.34963e-07 0.763546 1.30968 0 0
12.246 1.26536e-07 0.764705 1.30769 0 0
12.306 1.18624e-07 0.765852 1.30574 0 0
12.366 1.11195e-07 0.766988 1.3038 0 0
12.426 1.04218e-07 0.768113 1.30189 0 0
12.486 9.76626e-08 0.769227 1.30001 0 0
12.546 9.15033e-08 0.770331 1.29814 0 0
12.606 8.57142e-08 0.771424 1.2963 0 0
12.666 8.02715e-08 0.772507 1.29449 0 0
12.726 7.5153e-08 0.77358 1.29269 0 0
12.786 7.03376e-08 0.774642 1.29092 0 0
12.846 6.58058e-08 0.775695 1.28917 0 0
12.906 6.15391e-08 0.776737 1.28744 0 0
12.966 5.75204e-08 0.777771 1.28573 0 0
13.026 5.37332e-08 0.778794 1.28404 0 0
13.086 5.01625e-08 0.779808 1.28237 0 0
13.146 4.67937e-08 0.780813 1.28072 0 0
13.206 4.36136e-08 0.781809 1.27908 0 0
13.266 4.06093e-08 0.782796 1.27747 0 0
13.326 3.77691e-08 0.783774 1.27588 0 0
13.386 3.50815e-08 0.784743 1.2743 0 0
13.446 3.25361e-08 0.785704 1.27274 0 0
13.506 3.01228e-08 0.786656 1.2712 0 0
13.566 2.78323e-08 0.787599 1.26968 0 0
13.626 2.56556e-08 0.788535 1.26818 0 0
13.686 2.35844e-08 0.789462 1.26669 0 0
13.746 2.16105e-08 0.790381 1.26521 0 0
13.806 1.97266e-08 0.791292 1.26376 0 0
13.866 1.79254e-08 0.792195 1.26232 0 0
13.926 1.62001e-08 0.79309 1.26089 0 0
13.986 1.45442e-08 0.793978 1.25948 0 0
14.046 1.29517e-08 0.794858 1.25809 0 0
14.106 1.14165e-08 0.79573 1.25671 0 0
14.166 9.93304e-09 0.796596 1.25534 0 0
14.226 8.49595e-09 0.797453 1.25399 0 0
14.286 7.10002e-09 0.798304 1.25266 0 0
14.346 5.74025e-09 0.799148 1.25133 0 0
14.406 4.41182e-09 0.799984 1.25002 0 0
14.466 3.11007e-09 0.800814 1.24873 0 0
14.526 1.83046e-09 0.801637 1.24745 0 0
14.586 5.68603e-10 0.802453 1.24618 0 0
14.646 3.7481e-10 0.803262 1.24492 0 0
14.706 3.7481e-10 0.804065 1.24368 0 0
14.766 3.7481e-10 0.804861 1.24245 0 0
14.826 3.7481e-10 0.80565 1.24123 0 0
14.886 3.7481e-10 0.806434 1.24003 0 0
14.946 3.7481e-10 0.807211 1.23883 0 0
15.006 3.7481e-10 0.807982 1.23765 0 0
15.066 3.7481e-10 0.808746 1.23648 0 0
15.126 3.7481e-10 0.809505 1.23532 0 0
15.186 3.7481e-10 0.810258 1.23418 0 0
15.246 3.7481e-10 0.811004 1.23304 0 0
15.306 3.7481e-10 0.811745 1.23191 0 0
15.366 3.7481e-10 0.81248 1.2308 0 0
15.426 3.7481e-10 0.81321 1.2297 0 0
15.486 3.7481e-10 0.813933 1.2286 0 0
15.546 3.7481e-10 0.814652 1.22752 0 0
15.606 3.7481e-10 0.815364 1.22645 0 0
15.666 3.7481e-10 0.816071 1.22538 0 0
15.726 3.7481e-10 0.816773 1.22433 0 0
15.786 3.7481e-10 0.817469 1.22329 0 0
15.846 3.7481e-10 0.818161 1.22225 0 0
15.906 3.7481e-10 0.818847 1.22123 0 0
15.966 3.7481e-10 0.819527 1.22022 0 0
16.026 3.7481e-10 0.820203 1.21921 0 0
16.086 3.7481e-10 0.820874 1.21821 0 0
16.146 3.7481e-10 0.821539 1.21723 0 0
16.206 3.7481e-10 0.8222 1.21625 0 0
16.266 3.7481e-10 0.822856 1.21528 0 0
16.326 3.7481e-10 0.823507 1.21432 0 0
16.386 3.7481e-10 0.824153 1.21337 0 0
16.446 3.7481e-10 0.824795 1.21242 0 0
16.506 3.7481e-10 0.825432 1.21149 0 0
16.566 3.7481e-10 0.826064 1.21056 0 0
16.626 3.7481e-10 0.826692 1.20964 0 0
16.686 3.7481e-10 0.827315 1.20873 0 0
16.746 3.7481e-10 0.827933 1.20783 0 0
16.806 3.7481e-10 0.828548 1.20693 0 0
16.866 3.7481e-10 0.829158 1.20604 0 0
16.926 3.7481e-10 0.829763 1.20516 0 0
16.986 3.7481e-10 0.830365 1.20429 0 0
17.046 3.7481e-10 0.830962 1.20342 0 0
17.106 3.7481e-10 0.831555 1.20257 0 0
17.166 3.7481e-10 0.832143 1.20172 0 0
17.226 3.7481e-10 0.832728 1.20087 0 0
17.286 3.7481e-10 0.833309 1.20004 0 0
17.346 3.7481e-10 0.833885 1.19921 0 0
17.406 3.7481e-10 0.834458 1.19838 0 0
17.466 3.7481e-10 0.835027 1.19757 0 0
17.526 3.7481e-10 0.835591 1.19676 0 0
17.586 3.7481e-10 0.836152 1.19595 0 0
17.646 3.7481e-10 0.836709 1.19516 0 0
17.706 3.7481e-10 0.837263 1.19437 0 0
17.766 3.7481e-10 0.837812 1.19358 0 0
17.826 3.7481e-10 0.838358 1.19281 0 0
17.886 3.7481e-10 0.8389 1.19204 0 0
17.946 3.7481e-10 0.839439 1.19127 0 0
18.006 3.7481e-10 0.839974 1.19051 0 0
18.066 3.7481e-10 0.840506 1.18976 0 0
18.126 3.7481e-10 0.841034 1.18901 0 0
18.186 3.7481e-10 0.841558 1.18827 0 0
18.246 3.7481e-10 0.842079 1.18754 0 0
18.306 3.7481e-10 0.842597 1.18681 0 0
18.366 3.7481e-10 0.843111 1.18608 0 0
18.426 3.7481e-10 0.843622 1.18537 0 0
18.486 3.7481e-10 0.844129 1.18465 0 0
18.546 3.7481e-10 0.844634 1.18395 0 0
18.606 3.7481e-10 0.845135 1.18324 0 0
18.666 3.7481e-10 0.845632 1.18255 0 0
18.726 3.7481e-10 0.846127 1.18186 0 0
18.786 3.7481e-10 0.846618 1.18117 0 0
18.846 3.7481e-10 0.847107 1.18049 0 0
18.906 3.7481e-10 0.847592 1.17981 0 0
18.966 3.7481e-10 0.848074 1.17914 0 0
19.026 3.7481e-10 0.848553 1.17848 0 0
19.086 3.7481e-10 0.849029 1.17782 0 0
19.146 3.7481e-10 0.849502 1.17716 0 0
19.206 3.7481e-10 0.849973 1.17651 0 0
19.266 3.7481e-10 0.85044 1.17586 0 0
19.326 3.7481e-10 0.850904 1.17522 0 0
19.386 3.7481e-10 0.851366 1.17458 0 0
19.446 3.7481e-10 0.851824 1.17395 0 0
19.506 3.7481e-10 0.85228 1.17332 0 0
19.566 3.7481e-10 0.852733 1.1727 0 0
19.626 3.7481e-10 0.853183 1.17208 0 0
19.686 3.7481e-10 0.853631 1.17147 0 0
19.746 3.7481e-10 0.854075 1.17086 0 0
19.806 3.7481e-10 0.854517 1.17025 0 0
19.866 3.7481e-10 0.854957 1.16965 0 0
19.926 3.7481e-10 0.855394 1.16905 0 0
19.986 3.7481e-10 0.855828 1.16846 0 0
20.046 3.7481e-10 0.856259 1.16787 0 0
20.106 3.7481e-10 0.856688 1.16729 0 0
20.166 3.7481e-10 0.857115 1.16671 0 0
20.226 3.7481e-10 0.857538 1.16613 0 0
20.286 3.7481e-10 0.85796 1.16556 0 0
20.346 3.7481e-10 0.858379 1.16499 0 0
20.406 3.7481e-10 0.858795 1.16442 0 0
20.466 3.7481e-10 0.859209 1.16386 0 0
20.526 3.7481e-10 0.859621 1.1633 0 0
20.586 3.7481e-10 0.86003 1.16275 0 0
20.646 3.7481e-10 0.860437 1.1622 0 0
20.706 3.7481e-10 0.860841 1.16165 0 0
20.766 3.7481e-10 0.861243 1.16111 0 0
20.826 3.7481e-10 0.861643 1.16057 0 0
20.886 3.7481e-10 0.86204 1.16004 0 0
20.946 3.7481e-10 0.862435 1.15951 0 0
21.006 3.7481e-10 0.862828 1.15898 0 0
21.066 3.7481e-10 0.863219 1.15845 0 0
21.126 3.7481e-10 0.863608 1.15793 0 0
21.186 3.7481e-10 0.863994 1.15742 0 0
21.246 3.7481e-10 0.864378 1.1569 0 0
21.306 3.7481e-10 0.86476 1.15639 0 0
21.366 3.7481e-10 0.86514 1.15588 0 0
21.426 3.7481e-10 0.865517 1.15538 0 0
21.486 3.7481e-10 0.865893 1.15488 0 0
21.546 3.7481e-10 0.866266 1.15438 0 0
21.606 3.7481e-10 0.866638 1.15388 0 0
21.666 3.7481e-10 0.867007 1.15339 0 0
21.726 3.7481e-10 0.867374 1.1529 0 0
21.786 3.7481e-10 0.86774 1.15242 0 0
21.846 3.7481e-10 0.868103 1.15194 0 0
21.906 3.7481e-10 0.868464 1.15146 0 0
21.966 3.7481e-10 0.868823 1.15098 0 0
22.026 3.7481e-10 0.869181 1.15051 0 0
22.086 3.7481e-10 0.869536 1.15004 0 0
22.146 3.7481e-10 0.86989 1.14957 0 0
22.206 3.7481e-10 0.870241 1.14911 0 0
22.266 3.7481e-10 0.870591 1.14865 0 0
22.326 3.7481e-10 0.870939 1.14819 0 0
22.386 3.7481e-10 0.871284 1.14773 0 0
22.446 3.7481e-10 0.871628 1.14728 0 0
22.506 3.7481e-10 0.871971 1.14683 0 0
22.566 3.7481e-10 0.872311 1.14638 0 0
22.626 3.7481e-10 0.87265 1.14594 0 0
22.686 3.7481e-10 0.872987 1.14549 0 0
22.746 3.7481e-10 0.873322 1.14505 0 0
22.806 3.7481e-10 0.873655 1.14462 0 0
22.866 3.7481e-10 0.873986 1.14418 0 0
22.926 3.7481e-10 0.874316 1.14375 0 0
22.986 3.7481e-10 0.874644 1.14332 0 0
23.046 3.7481e-10 0.874971 1.1429 0 0
23.106 3.7481e-10 0.875295 1.14247 0 0
23.166 3.7481e-10 0.875618 1.14205 0 0
23.226 3.7481e-10 0.87594 1.14163 0 0
23.286 3.7481e-10 0.876259 1.14121 0 0
23.346 3.7481e-10 0.876577 1.1408 0 0
23.406 3.7481e-10 0.876894 1.14039 0 0
23.466 3.7481e-10 0.877208 1.13998 0 0
23.526 3.7481e-10 0.877522 1.13957 0 0
23.586 3.7481e-10 0.877833 1.13917 0 0
23.646 3.7481e-10 0.878143 1.13877 0 0
23.706 3.7481e-10 0.878452 1.13837 0 0
23.766 3.7481e-10 0.878758 1.13797 0 0
23.826 3.7481e-10 0.879064 1.13757 0 0
23.886 3.7481e-10 0.879368 1.13718 0 0
23.946 3.7481e-10 0.87967 1.13679 0 0
24.006 3.7481e-10 0.879971 1.1364 0 0
24.066 3.7481e-10 0.88027 1.13602 0 0
24.126 3.7481e-10 0.880568 1.13563 0 0
24.186 3.7481e-10 0.880864 1.13525 0 0
24.246 3.7481e-10 0.881159 1.13487 0 0
24.306 3.7481e-10 0.881452 1.13449 0 0
24.366 3.7481e-10 0.881744 1.13412 0 0
24.426 3.7481e-10 0.882034 1.13374 0 0
24.486 3.7481e-10 0.882324 1.13337 0 0
24.546 3.7481e-10 0.882611 1.133 0 0
24.606 3.7481e-10 0.882897 1.13263 0 0
24.666 3.7481e-10 0.883182 1.13227 0 0
24.726 3.7481e-10 0.883466 1.13191 0 0
24.786 3.7481e-10 0.883748 1.13154 0 0
24.846 3.7481e-10 0.884029 1.13119 0 0
24.906 3.7481e-10 0.884308 1.13083 0 0
24.966 3.7481e-10 0.884586 1.13047 0 0
25.026 3.7481e-10 0.884863 1.13012 0 0
25.086 3.7481e-10 0.885138 1.12977 0 0
25.146 3.7481e-10 0.885412 1.12942 0 0
25.206 3.7481e-10 0.885685 1.12907 0 0
25.266 3.7481e-10 0.885956 1.12872 0 0
25.326 3.7481e-10 0.886227 1.12838 0 0
25.386 3.7481e-10 0.886495 1.12804 0 0
25.446 3.7481e-10 0.886763 1.1277 0 0
25.506 3.7481e-10 0.887029 1.12736 0 0
25.566 3.7481e-10 0.887295 1.12702 0 0
25.626 3.7481e-10 0.887558 1.12669 0 0
25.686 3.7481e-10 0.887821 1.12635 0 0
25.746 3.7481e-10 0.888083 1.12602 0 0
25.806 3.7481e-10 0.888343 1.12569 0 0
25.866 3.7481e-10 0.888602 1.12536 0 0
25.926 3.7481e-10 0.88886 1.12504 0 0
25.986 3.7481e-10 0.889116 1.12471 0 0
26.046 3.7481e-10 0.889372 1.12439 0 0
26.106 3.7481e-10 0.889626 1.12407 0 0
26.166 3.7481e-10 0.889879 1.12375 0 0
26.226 3.7481e-10 0.890131 1.12343 0 0
26.286 3.7481e-10 0.890382 1.12311 0 0
26.346 3.7481e-10 0.890631 1.1228 0 0
26.406 3.7481e-10 0.89088 1.12249 0 0
26.466 3.7481e-10 0.891127 1.12217 0 0
26.526 3.7481e-10 0.891373 1.12186 0 0
26.586 3.7481e-10 0.891619 1.12156 0 0
26.646 3.7481e-10 0.891863 1.12125 0 0
26.706 3.7481e-10 0.892106 1.12094 0 0
26.766 3.7481e-10 0.892348 1.12064 0 0
26.826 3.7481e-10 0.892588 1.12034 0 0
26.886 3.7481e-10 0.892828 1.12004 0 0
26.946 3.7481e-10 0.893067 1.11974 0 0
27.006 3.7481e-10 0.893304 1.11944 0 0
27.066 3.7481e-10 0.893541 1.11914 0 0
27.126 3.7481e-10 0.893776 1.11885 0 0
27.186 3.7481e-10 0.894011 1.11855 0 0
27.246 3.7481e-10 0.894244 1.11826 0 0
27.306 3.7481e-10 0.894476 1.11797 0 0
27.366 3.7481e-10 0.894708 1.11768 0 0
27.426 3.7481e-10 0.894938 1.1174 0 0
27.486 3.7481e-10 0.895167 1.11711 0 0
27.546 3.7481e-10 0.895396 1.11682 0 0
27.606 3.7481e-10 0.895623 1.11654 0 0
27.666 3.7481e-10 0.89585 1.11626 0 0
27.726 3.7481e-10 0.896075 1.11598 0 0
27.786 3.7481e-10 0.896299 1.1157 0 0
27.846 3.7481e-10 0.896523 1.11542 0 0
27.906 3.7481e-10 0.896745 1.11514 0 0
27.966 3.7481e-10 0.896967 1.11487 0 0
28.026 3.7481e-10 0.897187 1.11459 0 0
28.086 3.7481e-10 0.897407 1.11432 0 0
28.146 3.7481e-10 0.897626 1.11405 0 0
28.206 3.7481e-10 0.897843 1.11378 0 0
28.266 3.7481e-10 0.89806 1.11351 0 0
28.326 3.7481e-10 0.898276 1.11324 0 0
28.386 3.7481e-10 0.898491 1.11298 0 0
28.446 3.7481e-10 0.898705 1.11271 0 0
28.506 3.7481e-10 0.898919 1.11245 0 0
28.566 3.7481e-10 0.899131 1.11219 0 0
28.626 3.7481e-10 0.899342 1.11192 0 0
28.686 3.7481e-10 0.899553 1.11166 0 0
28.746 3.7481e-10 0.899763 1.1114 0 0
28.806 3.7481e-10 0.899971 1.11115 0 0
28.866 3.7481e-10 0.900179 1.11089 0 0
28.926 3.7481e-10 0.900386 1.11063 0 0
28.986 3.7481e-10 0.900592 1.11038 0 0
29.046 3.7481e-10 0.900798 1.11013 0 0
29.106 3.7481e-10 0.901002 1.10988 0 0
29.166 3.7481e-10 0.901206 1.10962 0 0
29.226 3.7481e-10 0.901409 1.10937 0 0
29.286 3.7481e-10 0.901611 1.10913 0 0
29.346 3.7481e-10 0.901812 1.10888 0 0
29.406 3.7481e-10 0.902012 1.10863 0 0
29.466 3.7481e-10 0.902212 1.10839 0 0
29.526 3.7481e-10 0.902411 1.10814 0 0
29.586 3.7481e-10 0.902608 1.1079 0 0
29.646 3.7481e-10 0.902806 1.10766 0 0
29.706 3.7481e-10 0.903002 1.10742 0 0
29.766 3.7481e-10 0.903197 1.10718 0 0
29.826 3.7481e-10 0.903392 1.10694 0 0
29.886 3.7481e-10 0.903586 1.1067 0 0
29.946 3.7481e-10 0.903779 1.10646 0 0
30.006 3.7481e-10 0.903972 1.10623 0 0
30.066 3.7481e-10 0.904163 1.10599 0 0
30.126 3.7481e-10 0.904354 1.10576 0 0
30.186 3.7481e-10 0.904544 1.10553 0 0
30.246 3.7481e-10 0.904734 1.1053 0 0
30.306 3.7481e-10 0.904922 1.10507 0 0
30.366 3.7481e-10 0.90511 1.10484 0 0
30.426 3.7481e-10 0.905297 1.10461 0 0
30.486 3.7481e-10 0.905484 1.10438 0 0
30.546 3.7481e-10 0.905669 1.10416 0 0
30.606 3.7481e-10 0.905854 1.10393 0 0
30.666 3.7481e-10 0.906038 1.10371 0 0
30.726 3.7481e-10 0.906222 1.10348 0 0
30.786 3.7481e-10 0.906405 1.10326 0 0
30.846 3.7481e-10 0.906587 1.10304 0 0
30.906 3.7481e-10 0.906768 1.10282 0 0
30.966 3.7481e-10 0.906949 1.1026 0 0
31.026 3.7481e-10 0.907129 1.10238 0 0
31.086 3.7481e-10 0.907308 1.10216 0 0
31.146 3.7481e-10 0.907486 1.10194 0 0
31.206 3.7481e-10 0.907664 1.10173 0 0
31.266 3.7481e-10 0.907842 1.10151 0 0
31.326 3.7481e-10 0.908018 1.1013 0 0
31.386 3.7481e-10 0.908194 1.10109 0 0
31.446 3.7481e-10 0.908369 1.10087 0 0
31.506 3.7481e-10 0.908544 1.10066 0 0
31.566 3.7481e-10 0.908717 1.10045 0 0
31.626 3.7481e-10 0.908891 1.10024 0 0
31.686 3.7481e-10 0.909063 1.10003 0 0
31.746 3.7481e-10 0.909235 1.09983 0 0
31.806 3.7481e-10 0.909406 1.09962 0 0
31.866 3.7481e-10 0.909577 1.09941 0 0
31.926 3.7481e-10 0.909747 1.09921 0 0
31.986 3.7481e-10 0.909916 1.099 0 0
32.046 3.7481e-10 0.910085 1.0988 0 0
32.106 3.7481e-10 0.910253 1.0986 0 0
32.166 3.7481e-10 0.91042 1.09839 0 0
32.226 3.7481e-10 0.910587 1.09819 0 0
32.286 3.7481e-10 0.910753 1.09799 0 0
32.346 3.7481e-10 0.910919 1.09779 0 0
32.406 3.7481e-10 0.911084 1.09759 0 0
32.466 3.7481e-10 0.911248 1.0974 0 0
32.526 3.7481e-10 0.911412 1.0972 0 0
32.586 3.7481e-10 0.911575 1.097 0 0
32.646 3.7481e-10 0.911737 1.09681 0 0
32.706 3.7481e-10 0.911899 1.09661 0 0
32.766 3.7481e-10 0.91206 1.09642 0 0
32.826 3.7481e-10 0.912221 1.09623 0 0
32.886 3.7481e-10 0.912381 1.09603 0 0
32.946 3.7481e-10 0.912541 1.09584 0 0
33.006 3.7481e-10 0.9127 1.09565 0 0
33.066 3.7481e-10 0.912858 1.09546 0 0
33.126 3.7481e-10 0.913016 1.09527 0 0
33.186 3.7481e-10 0.913173 1.09508 0 0
33.246 3.7481e-10 0.91333 1.09489 0 0
33.306 3.7481e-10 0.913486 1.09471 0 0
33.366 3.7481e-10 0.913642 1.09452 0 0
33.426 3.7481e-10 0.913797 1.09434 0 0
33.486 3.7481e-10 0.913951 1.09415 0 0
33.546 3.7481e-10 0.914105 1.09397 0 0
33.606 3.7481e-10 0.914259 1.09378 0 0
33.666 3.7481e-10 0.914411 1.0936 0 0
33.726 3.7481e-10 0.914564 1.09342 0 0
33.786 3.7481e-10 0.914715 1.09324 0 0
33.846 3.7481e-10 0.914867 1.09306 0 0
33.906 3.7481e-10 0.915017 1.09288 0 0
33.966 3.7481e-10 0.915167 1.0927 0 0
34.026 3.7481e-10 0.915317 1.09252 0 0
34.086 3.7481e-10 0.915466 1.09234 0 0
34.146 3.7481e-10 0.915615 1.09216 0 0
34.206 3.7481e-10 0.915763 1.09199 0 0
34.266 3.7481e-10 0.91591 1.09181 0 0
34.326 3.7481e-10 0.916057 1.09164 0 0
34.386 3.7481e-10 0.916203 1.09146 0 0
34.446 3.7481e-10 0.916349 1.09129 0 0
34.506 3.7481e-10 0.916495 1.09111 0 0
34.566 3.7481e-10 0.91664 1.09094 0 0
34.626 3.7481e-10 0.916784 1.09077 0 0
34.686 3.7481e-10 0.916928 1.0906 0 0
34.746 3.7481e-10 0.917072 1.09043 0 0
34.806 3.7481e-10 0.917215 1.09026 0 0
34.866 3.7481e-10 0.917357 1.09009 0 0
34.926 3.7481e-10 0.917499 1.08992 0 0
34.986 3.7481e-10 0.917641 1.08975 0 0
35.046 3.7481e-10 0.917782 1.08958 0 0
35.106 3.7481e-10 0.917922 1.08942 0 0
35.166 3.7481e-10 0.918062 1.08925 0 0
35.226 3.7481e-10 0.918202 1.08909 0 0
35.286 3.7481e-10 0.918341 1.08892 0 0
35.346 3.7481e-10 0.918479 1.08876 0 0
35.406 3.7481e-10 0.918618 1.08859 0 0
35.466 3.7481e-10 0.918755 1.08843 0 0
35.526 3.7481e-10 0.918892 1.08827 0 0
35.586 3.7481e-10 0.919029 1.0881 0 0
35.646 3.7481e-10 0.919165 1.08794 0 0
35.706 3.7481e-10 0.919301 1.08778 0 0
35.766 3.7481e-10 0.919437 1.08762 0 0
35.826 3.7481e-10 0.919572 1.08746 0 0
35.886 3.7481e-10 0.919706 1.0873 0 0
35.946 3.7481e-10 0.91984 1.08715 0 0
36.006 3.7481e-10 0.919974 1.08699 0 0
36.066 3.7481e-10 0.920107 1.08683 0 0
36.126 3.7481e-10 0.92024 1.08667 0 0
36.186 3.7481e-10 0.920372 1.08652 0 0
36.246 3.7481e-10 0.920504 1.08636 0 0
36.306 3.7481e-10 0.920635 1.08621 0 0
36.366 3.7481e-10 0.920766 1.08605 0 0
36.426 3.7481e-10 0.920896 1.0859 0 0
36.486 3.7481e-10 0.921027 1.08575 0 0
36.546 3.7481e-10 0.921156 1.08559 0 0
36.606 3.7481e-10 0.921285 1.08544 0 0
36.666 3.7481e-10 0.921414 1.08529 0 0
36.726 3.7481e-10 0.921543 1.08514 0 0
36.786 3.7481e-10 0.921671 1.08499 0 0
36.846 3.7481e-10 0.921798 1.08484 0 0
36.906 3.7481e-10 0.921925 1.08469 0 0
36.966 3.7481e-10 0.922052 1.08454 0 0
37.026 3.7481e-10 0.922178 1.08439 0 0
37.086 3.7481e-10 0.922304 1.08424 0 0
37.146 3.7481e-10 0.92243 1.08409 0 0
37.206 3.7481e-10 0.922555 1.08395 0 0
37.266 3.7481e-10 0.922679 1.0838 0 0
37.326 3.7481e-10 0.922804 1.08365 0 0
37.386 3.7481e-10 0.922928 1.08351 0 0
37.446 3.7481e-10 0.923051 1.08336 0 0
37.506 3.7481e-10 0.923174 1.08322 0 0
37.566 3.7481e-10 0.923297 1.08308 0 0
37.626 3.7481e-10 0.923419 1.08293 0 0
37.686 3.7481e-10 0.923541 1.08279 0 0
37.746 3.7481e-10 0.923663 1.08265 0 0
37.806 3.7481e-10 0.923784 1.0825 0 0
37.866 3.7481e-10 0.923905 1.08236 0 0
37.926 3.7481e-10 0.924025 1.08222 0 0
37.986 3.7481e-10 0.924145 1.08208 0 0
38.046 3.7481e-10 0.924265 1.08194 0 0
38.106 3.7481e-10 0.924384 1.0818 0 0
38.166 3.7481e-10 0.924503 1.08166 0 0
38.226 3.7481e-10 0.924621 1.08152 0 0
38.286 3.7481e-10 0.924739 1.08139 0 0
38.346 3.7481e-10 0.924857 1.08125 0 0
38.406 3.7481e-10 0.924975 1.08111 0 0
38.466 3.7481e-10 0.925092 1.08097 0 0
38.526 3.7481e-10 0.925208 1.08084 0 0
38.586 3.7481e-10 0.925325 1.0807 0 0
38.646 3.7481e-10 0.92544 1.08057 0 0
38.706 3.7481e-10 0.925556 1.08043 0 0
38.766 3.7481e-10 0.925671 1.0803 0 0
38.826 3.7481e-10 0.925786 1.08016 0 0
38.886 3.7481e-10 0.925901 1.08003 0 0
38.946 3.7481e-10 0.926015 1.0799 0 0
39.006 3.7481e-10 0.926129 1.07976 0 0
39.066 3.7481e-10 0.926242 1.07963 0 0
39.126 3.7481e-10 0.926355 1.0795 0 0
39.186 3.7481e-10 0.926468 1.07937 0 0
39.246 3.7481e-10 0.92658 1.07924 0 0
39.306 3.7481e-10 0.926692 1.07911 0 0
39.366 3.7481e-10 0.926804 1.07898 0 0
39.426 3.7481e-10 0.926916 1.07885 0 0
39.486 3.7481e-10 0.927027 1.07872 0 0
39.546 3.7481e-10 0.927137 1.07859 0 0
39.606 3.7481e-10 0.927248 1.07846 0 0
39.666 3.7481e-10 0.927358 1.07833 0 0
39.726 3.7481e-10 0.927467 1.0782 0 0
39.786 3.7481e-10 0.927577 1.07808 0 0
39.846 3.7481e-10 0.927686 1.07795 0 0
39.906 3.7481e-10 0.927795 1.07782 0 0
39.966 3.7481e-10 0.927903 1.0777 0 0
40.026 3.7481e-10 0.928011 1.07757 0 0
40.086 3.7481e-10 0.928119 1.07745 0 0
40.146 3.7481e-10 0.928226 1.07732 0 0
40.206 3.7481e-10 0.928333 1.0772 0 0
40.266 3.7481e-10 0.92844 1.07708 0 0
40.326 3.7481e-10 0.928547 1.07695 0 0
40.386 3.7481e-10 0.928653 1.07683 0 0
40.446 3.7481e-10 0.928759 1.07671 0 0
40.506 3.7481e-10 0.928864 1.07658 0 0
40.566 3.7481e-10 0.928969 1.07646 0 0
40.626 3.7481e-10 0.929074 1.07634 0 0
40.686 3.7481e-10 0.929179 1.07622 0 0
40.746 3.7481e-10 0.929283 1.0761 0 0
40.806 3.7481e-10 0.929387 1.07598 0 0
40.866 3.7481e-10 0.929491 1.07586 0 0
40.926 3.7481e-10 0.929594 1.07574 0 0
40.986 3.7481e-10 0.929697 1.07562 0 0
41.046 3.7481e-10 0.9298 1.0755 0 0
41.106 3.7481e-10 0.929903 1.07538 0 0
41.166 3.7481e-10 0.930005 1.07526 0 0
41.226 3.7481e-10 0.930107 1.07515 0 0
41.286 3.7481e-10 0.930208 1.07503 0 0
41.346 3.7481e-10 0.930309 1.07491 0 0
41.406 3.7481e-10 0.93041 1.07479 0 0
41.466 3.7481e-10 0.930511 1.07468 0 0
41.526 3.7481e-10 0.930612 1.07456 0 0
41.586 3.7481e-10 0.930712 1.07445 0 0
41.646 3.7481e-10 0.930811 1.07433 0 0
41.706 3.7481e-10 0.930911 1.07422 0 0
41.766 3.7481e-10 0.93101 1.0741 0 0
41.826 3.7481e-10 0.931109 1.07399 0 0
41.886 3.7481e-10 0.931208 1.07387 0 0
41.946 3.7481e-10 0.931306 1.07376 0 0
42.006 3.7481e-10 0.931404 1.07365 0 0
42.066 3.7481e-10 0.931502 1.07353 0 0
42.126 3.7481e-10 0.9316 1.07342 0 0
42.186 3.7481e-10 0.931697 1.07331 0 0
42.246 3.7481e-10 0.931794 1.0732 0 0
42.306 3.7481e-10 0.931891 1.07309 0 0
42.366 3.7481e-10 0.931987 1.07298 0 0
42.426 3.7481e-10 0.932083 1.07287 0 0
42.486 3.7481e-10 0.932179 1.07275 0 0
42.546 3.7481e-10 0.932275 1.07264 0 0
42.606 3.7481e-10 0.93237 1.07254 0 0
42.666 3.7481e-10 0.932466 1.07243 0 0
42.726 3.7481e-10 0.93256 1.07232 0 0
42.786 3.7481e-10 0.932655 1.07221 0 0
42.846 3.7481e-10 0.932749 1.0721 0 0
42.906 3.7481e-10 0.932843 1.07199 0 0
42.966 3.7481e-10 0.932937 1.07188 0 0
43.026 3.7481e-10 0.933031 1.07178 0 0
43.086 3.7481e-10 0.933124 1.07167 0 0
43.146 3.7481e-10 0.933217 1.07156 0 0
43.206 3.7481e-10 0.93331 1.07146 0 0
43.266 3.7481e-10 0.933402 1.07135 0 0
43.326 3.7481e-10 0.933494 1.07124 0 0
43.386 3.7481e-10 0.933586 1.07114 0 0
43.446 3.7481e-10 0.933678 1.07103 0 0
43.506 3.7481e-10 0.933769 1.07093 0 0
43.566 3.7481e-10 0.933861 1.07082 0 0
43.626 3.7481e-10 0.933952 1.07072 0 0
43.686 3.7481e-10 0.934042 1.07062 0 0
43.746 3.7481e-10 0.934133 1.07051 0 0
43.806 3.7481e-10 0.934223 1.07041 0 0
43.866 3.7481e-10 0.934313 1.07031 0 0
43.926 3.7481e-10 0.934403 1.0702 0 0
43.986 3.7481e-10 0.934492 1.0701 0 0
44.046 3.7481e-10 0.934581 1.07 0 0
44.106 3.7481e-10 0.93467 1.0699 0 0
44.166 3.7481e-10 0.934759 1.06979 0 0
44.226 3.7481e-10 0.934848 1.06969 0 0
44.286 3.7481e-10 0.934936 1.06959 0 0
44.346 3.7481e-10 0.935024 1.06949 0 0
44.406 3.7481e-10 0.935112 1.06939 0 0
44.466 3.7481e-10 0.935199 1.06929 0 0
44.526 3.7481e-10 0.935287 1.06919 0 0
44.586 3.7481e-10 0.935374 1.06909 0 0
44.646 3.7481e-10 0.935461 1.06899 0 0
44.706 3.7481e-10 0.935547 1.06889 0 0
44.766 3.7481e-10 0.935634 1.06879 0 0
44.826 3.7481e-10 0.93572 1.0687 0 0
44.886 3.7481e-10 0.935806 1.0686 0 0
44.946 3.7481e-10 0.935891 1.0685 0 0
45.006 3.7481e-10 0.935977 1.0684 0 0
45.066 3.7481e-10 0.936062 1.06831 0 0
45.126 3.7481e-10 0.936147 1.06821 0 0
45.186 3.7481e-10 0.936232 1.06811 0 0
45.246 3.7481e-10 0.936316 1.06802 0 0
45.306 3.7481e-10 0.936401 1.06792 0 0
45.366 3.7481e-10 0.936485 1.06782 0 0
45.426 3.7481e-10 0.936569 1.06773 0 0
45.486 3.7481e-10 0.936652 1.06763 0 0
45.546 3.7481e-10 0.936736 1.06754 0 0
45.606 3.7481e-10 0.936819 1.06744 0 0
45.666 3.7481e-10 0.936902 1.06735 0 0
45.726 3.7481e-10 0.936985 1.06725 0 0
45.786 3.7481e-10 0.937068 1.06716 0 0
45.846 3.7481e-10 0.93715 1.06707 0 0
45.906 3.7481e-10 0.937232 1.06697 0 0
45.966 3.7481e-10 0.937314 1.06688 0 0
46.026 3.7481e-10 0.937396 1.06679 0 0
46.086 3.7481e-10 0.937477 1.06669 0 0
46.146 3.7481e-10 0.937558 1.0666 0 0
46.206 3.7481e-10 0.93764 1.06651 0 0
46.266 3.7481e-10 0.93772 1.06642 0 0
46.326 3.7481e-10 0.937801 1.06632 0 0
46.386 3.7481e-10 0.937882 1.06623 0 0
46.446 3.7481e-10 0.937962 1.06614 0 0
46.506 3.7481e-10 0.938042 1.06605 0 0
46.566 3.7481e-10 0.938122 1.06596 0 0
46.626 3.7481e-10 0.938201 1.06587 0 0
46.686 3.7481e-10 0.938281 1.06578 0 0
46.746 3.7481e-10 0.93836 1.06569 0 0
46.806 3.7481e-10 0.938439 1.0656 0 0
46.866 3.7481e-10 0.938518 1.06551 0 0
46.926 3.7481e-10 0.938596 1.06542 0 0
46.986 3.7481e-10 0.938675 1.06533 0 0
47.046 3.7481e-10 0.938753 1.06524 0 0
47.106 3.7481e-10 0.938831 1.06515 0 0
47.166 3.7481e-10 0.938909 1.06507 0 0
47.226 3.7481e-10 0.938986 1.06498 0 0
47.286 3.7481e-10 0.939064 1.06489 0 0
47.346 3.7481e-10 0.939141 1.0648 0 0
47.406 3.7481e-10 0.939218 1.06472 0 0
47.466 3.7481e-10 0.939295 1.06463 0 0
47.526 3.7481e-10 0.939372 1.06454 0 0
47.586 3.7481e-10 0.939448 1.06445 0 0
47.646 3.7481e-10 0.939524 1.06437 0 0
47.706 3.7481e-10 0.9396 1.06428 0 0
47.766 3.7481e-10 0.939676 1.0642 0 0
47.826 3.7481e-10 0.939752 1.06411 0 0
47.886 3.7481e-10 0.939827 1.06403 0 0
47.946 3.7481e-10 0.939903 1.06394 0 0
48.006 3.7481e-10 0.939978 1.06385 0 0
48.066 3.7481e-10 0.940053 1.06377 0 0
48.126 3.7481e-10 0.940127 1.06369 0 0
48.186 3.7481e-10 0.940202 1.0636 0 0
48.246 3.7481e-10 0.940276 1.06352 0 0
48.306 3.7481e-10 0.940351 1.06343 0 0
48.366 3.7481e-10 0.940425 1.06335 0 0
48.426 3.7481e-10 0.940498 1.06327 0 0
48.486 3.7481e-10 0.940572 1.06318 0 0
48.546 3.7481e-10 0.940645 1.0631 0 0
48.606 3.7481e-10 0.940719 1.06302 0 0
48.666 3.7481e-10 0.940792 1.06293 0 0
48.726 3.7481e-10 0.940865 1.06285 0 0
48.786 3.7481e-10 0.940937 1.06277 0 0
48.846 3.7481e-10 0.94101 1.06269 0 0
48.906 3.7481e-10 0.941082 1.06261 0 0
48.966 3.7481e-10 0.941155 1.06252 0 0
49.026 3.7481e-10 0.941227 1.06244 0 0
49.086 3.7481e-10 0.941298 1.06236 0 0
49.146 3.7481e-10 0.94137 1.06228 0 0
49.206 3.7481e-10 0.941442 1.0622 0 0
49.266 3.7481e-10 0.941513 1.06212 0 0
49.326 3.7481e-10 0.941584 1.06204 0 0
49.386 3.7481e-10 0.941655 1.06196 0 0
49.446 3.7481e-10 0.941726 1.06188 0 0
49.506 3.7481e-10 0.941796 1.0618 0 0
49.566 3.7481e-10 0.941867 1.06172 0 0
49.626 3.7481e-10 0.941937 1.06164 0 0
49.686 3.7481e-10 0.942007 1.06156 0 0
49.746 3.7481e-10 0.942077 1.06148 0 0
49.806 3.7481e-10 0.942147 1.06141 0 0
49.866 3.7481e-10 0.942217 1.06133 0 0
49.926 3.7481e-10 0.942286 1.06125 0 0
49.986 3.7481e-10 0.942355 1.06117 0 0
50.046 3.7481e-10 0.942424 1.06109 0 0
50.106 3.7481e-10 0.942493 1.06102 0 0
50.166 3.7481e-10 0.942562 1.06094 0 0
50.226 3.7481e-10 0.942631 1.06086 0 0
50.286 3.7481e-10 0.942699 1.06078 0 0
50.346 3.7481e-10 0.942768 1.06071 0 0
50.406 3.7481e-10 0.942836 1.06063 0 0
50.466 3.7481e-10 0.942904 1.06055 0 0
50.526 3.7481e-10 0.942971 1.06048 0 0
50.586 3.7481e-10 0.943039 1.0604 0 0
50.646 3.7481e-10 0.943107 1.06033 0 0
50.706 3.7481e-10 0.943174 1.06025 0 0
50.766 3.7481e-10 0.943241 1.06017 0 0
50.826 3.7481e-10 0.943308 1.0601 0 0
50.886 3.7481e-10 0.943375 1.06002 0 0
50.946 3.7481e-10 0.943442 1.05995 0 0
51.006 3.7481e-10 0.943508 1.05987 0 0
51.066 3.7481e-10 0.943574 1.0598 0 0
51.126 3.7481e-10 0.943641 1.05973 0 0
51.186 3.7481e-10 0.943707 1.05965 0 0
51.246 3.7481e-10 0.943773 1.05958 0 0
51.306 3.7481e-10 0.943838 1.0595 0 0
51.366 3.7481e-10 0.943904 1.05943 0 0
51.426 3.7481e-10 0.943969 1.05936 0 0
51.486 3.7481e-10 0.944035 1.05928 0 0
51.546 3.7481e-10 0.9441 1.05921 0 0
51.606 3.7481e-10 0.944165 1.05914 0 0
51.666 3.7481e-10 0.94423 1.05906 0 0
51.726 3.7481e-10 0.944294 1.05899 0 0
51.786 3.7481e-10 0.944359 1.05892 0 0
51.846 3.7481e-10 0.944423 1.05885 0 0
51.906 3.7481e-10 0.944488 1.05878 0 0
51.966 3.7481e-10 0.944552 1.0587 0 0
52.026 3.7481e-10 0.944616 1.05863 0 0
52.086 3.7481e-10 0.944679 1.05856 0 0
52.146 3.7481e-10 0.944743 1.05849 0 0
52.206 3.7481e-10 0.944807 1.05842 0 0
52.266 3.7481e-10 0.94487 1.05835 0 0
52.326 3.7481e-10 0.944933 1.05828 0 0
52.386 3.7481e-10 0.944996 1.05821 0 0
52.446 3.7481e-10 0.945059 1.05813 0 0
52.506 3.7481e-10 0.945122 1.05806 0 0
52.566 3.7481e-10 0.945185 1.05799 0 0
52.626 3.7481e-10 0.945247 1.05792 0 0
52.686 3.7481e-10 0.945309 1.05785 0 0
52.746 3.7481e-10 0.945372 1.05779 0 0
52.806 3.7481e-10 0.945434 1.05772 0 0
52.866 3.7481e-10 0.945496 1.05765 0 0
52.926 3.7481e-10 0.945557 1.05758 0 0
52.986 3.7481e-10 0.945619 1.05751 0 0
53.046 3.7481e-10 0.945681 1.05744 0 0
53.106 3.7481e-10 0.945742 1.05737 0 0
53.166 3.7481e-10 0.945803 1.0573 0 0
53.226 3.7481e-10 0.945864 1.05723 0 0
53.286 3.7481e-10 0.945925 1.05717 0 0
53.346 3.7481e-10 0.945986 1.0571 0 0
53.406 3.7481e-10 0.946047 1.05703 0 0
53.466 3.7481e-10 0.946107 1.05696 0 0
53.526 3.7481e-10 0.946168 1.0569 0 0
53.586 3.7481e-10 0.946228 1.05683 0 0
53.646 3.7481e-10 0.946288 1.05676 0 0
53.706 3.7481e-10 0.946348 1.05669 0 0
53.766 3.7481e-10 0.946408 1.05663 0 0
53.826 3.7481e-10 0.946468 1.05656 0 0
53.886 3.7481e-10 0.946527 1.05649 0 0
53.946 3.7481e-10 0.946587 1.05643 0 0
54.006 3.7481e-10 0.946646 1.05636 0 0
54.066 3.7481e-10 0.946705 1.05629 0 0
54.126 3.7481e-10 0.946764 1.05623 0 0
54.186 3.7481e-10 0.946823 1.05616 0 0
54.246 3.7481e-10 0.946882 1.0561 0 0
54.306 3.7481e-10 0.946941 1.05603 0 0
54.366 3.7481e-10 0.946999 1.05597 0 0
54.426 3.7481e-10 0.947058 1.0559 0 0
54.486 3.7481e-10 0.947116 1.05584 0 0
54.546 3.7481e-10 0.947174 1.05577 0 0
54.606 3.7481e-10 0.947232 1.05571 0 0
54.666 3.7481e-10 0.94729 1.05564 0 0
54.726 3.7481e-10 0.947348 1.05558 0 0
54.786 3.7481e-10 0.947406 1.05551 0 0
54.846 3.7481e-10 0.947463 1.05545 0 0
54.906 3.7481e-10 0.947521 1.05539 0 0
54.966 3.7481e-10 0.947578 1.05532 0 0
55.026 3.7481e-10 0.947635 1.05526 0 0
55.086 3.7481e-10 0.947692 1.05519 0 0
55.146 3.7481e-10 0.947749 1.05513 0 0
55.206 3.7481e-10 0.947806 1.05507 0 0
55.266 3.7481e-10 0.947863 1.05501 0 0
55.326 3.7481e-10 0.947919 1.05494 0 0
55.386 3.7481e-10 0.947976 1.05488 0 0
55.446 3.7481e-10 0.948032 1.05482 0 0
55.506 3.7481e-10 0.948088 1.05475 0 0
55.566 3.7481e-10 0.948144 1.05469 0 0
55.626 3.7481e-10 0.9482 1.05463 0 0
55.686 3.7481e-10 0.948256 1.05457 0 0
55.746 3.7481e-10 0.948312 1.05451 0 0
55.806 3.7481e-10 0.948367 1.05444 0 0
55.866 3.7481e-10 0.948423 1.05438 0 0
55.926 3.7481e-10 0.948478 1.05432 0 0
55.986 3.7481e-10 0.948533 1.05426 0 0
56.046 3.7481e-10 0.948588 1.0542 0 0
56.106 3.7481e-10 0.948643 1.05414 0 0
56.166 3.7481e-10 0.948698 1.05408 0 0
56.226 3.7481e-10 0.948753 1.05402 0 0
56.286 3.7481e-10 0.948807 1.05395 0 0
56.346 3.7481e-10 0.948862 1.05389 0 0
56.406 3.7481e-10 0.948916 1.05383 0 0
56.466 3.7481e-10 0.948971 1.05377 0 0
56.526 3.7481e-10 0.949025 1.05371 0 0
56.586 3.7481e-10 0.949079 1.05365 0 0
56.646 3.7481e-10 0.949133 1.05359 0 0
56.706 3.7481e-10 0.949187 1.05353 0 0
56.766 3.7481e-10 0.94924 1.05347 0 0
56.826 3.7481e-10 0.949294 1.05341 0 0
56.886 3.7481e-10 0.949347 1.05336 0 0
56.946 3.7481e-10 0.949401 1.0533 0 0
57.006 3.7481e-10 0.949454 1.05324 0 0
57.066 3.7481e-10 0.949507 1.05318 0 0
57.126 3.7481e-10 0.94956 1.05312 0 0
57.186 3.7481e-10 0.949613 1.05306 0 0
57.246 3.7481e-10 0.949666 1.053 0 0
57.306 3.7481e-10 0.949719 1.05294 0 0
57.366 3.7481e-10 0.949771 1.05289 0 0
57.426 3.7481e-10 0.949824 1.05283 0 0
57.486 3.7481e-10 0.949876 1.05277 0 0
57.546 3.7481e-10 0.949928 1.05271 0 0
57.606 3.7481e-10 0.94998 1.05265 0 0
57.666 3.7481e-10 0.950032 1.0526 0 0
57.726 3.7481e-10 0.950084 1.05254 0 0
57.786 3.7481e-10 0.950136 1.05248 0 0
57.846 3.7481e-10 0.950188 1.05242 0 0
57.906 3.7481e-10 0.95024 1.05237 0 0
57.966 3.7481e-10 0.950291 1.05231 0 0
58.026 3.7481e-10 0.950342 1.05225 0 0
58.086 3.7481e-10 0.950394 1.0522 0 0
58.146 3.7481e-10 0.950445 1.05214 0 0
58.206 3.7481e-10 0.950496 1.05208 0 0
58.266 3.7481e-10 0.950547 1.05203 0 0
58.326 3.7481e-10 0.950598 1.05197 0 0
58.386 3.7481e-10 0.950649 1.05191 0 0
58.446 3.7481e-10 0.950699 1.05186 0 0
58.506 3.7481e-10 0.95075 1.0518 0 0
58.566 3.7481e-10 0.9508 1.05175 0 0
58.626 3.7481e-10 0.950851 1.05169 0 0
58.686 3.7481e-10 0.950901 1.05163 0 0
58.746 3.7481e-10 0.950951 1.05158 0 0
58.806 3.7481e-10 0.951001 1.05152 0 0
58.866 3.7481e-10 0.951051 1.05147 0 0
58.926 3.7481e-10 0.951101 1.05141 0 0
58.986 3.7481e-10 0.951151 1.05136 0 0
59.046 3.7481e-10 0.9512 1.0513 0 0
59.106 3.7481e-10 0.95125 1.05125 0 0
59.166 3.7481e-10 0.951299 1.05119 0 0
59.226 3.7481e-10 0.951349 1.05114 0 0
59.286 3.7481e-10 0.951398 1.05108 0 0
59.346 3.7481e-10 0.951447 1.05103 0 0
59.406 3.7481e-10 0.951496 1.05098 0 0
59.466 3.7481e-10 0.951545 1.05092 0 0
59.526 3.7481e-10 0.951594 1.05087 0 0
59.586 3.7481e-10 0.951643 1.05081 0 0
59.646 3.7481e-10 0.951691 1.05076 0 0
59.706 3.7481e-10 0.95174 1.05071 0 0
59.766 3.7481e-10 0.951788 1.05065 0 0
59.826 3.7481e-10 0.951837 1.0506 0 0
59.886 3.7481e-10 0.951885 1.05055 0 0
59.946 3.7481e-10 0.951933 1.05049 0 0

