0.06 0.61775
0.006 0.203468 0.0432333 1 0.0029899 0.005468
0.066 0.202183 0.0443882 1.01361 0.00284187 0.00533092
0.126 0.198796 0.0475244 1.04865 0.00248425 0.00498423
0.186 0.193556 0.0527472 1.10258 0.00200439 0.00447704
0.246 0.18681 0.0601985 1.17117 0.00149858 0.00387115
0.306 0.178976 0.0700102 1.24886 0.00104075 0.00322606
0.366 0.170463 0.0822628 1.32948 0.000670168 0.00258876
0.426 0.161615 0.0969517 1.40718 0.000396124 0.00199029
0.486 0.15269 0.113972 1.4774 0.000209449 0.00144724
0.546 0.143876 0.133124 1.53721 9.32148e-05 0.000965478
0.606 0.135292 0.154131 1.58544 2.96005e-05 0.000544064
0.666 0.127004 0.17667 1.62232 3.18102e-06 0.000178354
0.726 0.119038 0.200397 1.64911 0 0
0.786 0.111394 0.224978 1.66813 0 0
0.846 0.104053 0.2501 1.6813 0 0
0.906 0.0969915 0.275477 1.6903 0 0
0.966 0.0901819 0.300849 1.69661 0 0
1.026 0.0836019 0.325985 1.70138 0 0
1.086 0.0772381 0.350681 1.70543 0 0
1.146 0.0710935 0.374758 1.70909 0 0
1.206 0.0651975 0.398068 1.71204 0 0
1.266 0.0596096 0.420491 1.71324 0 0
1.326 0.0543953 0.441944 1.71152 0 0
1.386 0.0495927 0.462378 1.70629 0 0
1.446 0.0452066 0.481779 1.69763 0 0
1.506 0.0412207 0.500152 1.68603 0 0
1.566 0.0376085 0.517524 1.6721 0 0
1.626 0.0343396 0.533932 1.65645 0 0
1.686 0.031383 0.549422 1.63962 0 0
1.746 0.0287089 0.564041 1.62207 0 0
1.806 0.0262893 0.577842 1.60417 0 0
1.866 0.0240984 0.590875 1.58621 0 0
1.926 0.0221129 0.60319 1.5684 0 0
1.986 0.0203118 0.614836 1.55091 0 0
2.046 0.0186761 0.625858 1.53386 0 0
2.106 0.0171889 0.636298 1.51732 0 0
2.166 0.0158351 0.646197 1.50135 0 0
2.226 0.0146014 0.655593 1.48598 0 0
2.286 0.0134758 0.664518 1.47122 0 0
2.346 0.0124475 0.673006 1.45707 0 0
2.406 0.0115071 0.681086 1.44354 0 0
2.466 0.0106462 0.688786 1.43059 0 0
2.526 0.0098571 0.696129 1.41823 0 0
2.586 0.00913312 0.703139 1.40642 0 0
2.646 0.0084682 0.709839 1.39514 0 0
2.706 0.0078569 0.716246 1.38437 0 0
2.766 0.00729439 0.72238 1.37409 0 0
2.826 0.00677628 0.728256 1.36427 0 0
2.886 0.00629866 0.733891 1.35488 0 0
2.946 0.00585799 0.739299 1.34592 0 0
3.006 0.00545108 0.744493 1.33734 0 0
3.066 0.00507504 0.749486 1.32914 0 0
3.126 0.00472727 0.754288 1.32129 0 0
3.186 0.00440541 0.75891 1.31378 0 0
3.246 0.00410733 0.763362 1.30658 0 0
3.306 0.00383107 0.767653 1.29968 0 0
3.366 0.00357488 0.771792 1.29306 0 0
3.426 0.00333714 0.775787 1.28671 0 0
3.486 0.0031164 0.779644 1.28061 0 0
3.546 0.00291133 0.783371 1.27476 0 0
3.606 0.00272069 0.786974 1.26912 0 0
3.666 0.00254338 0.79046 1.26371 0 0
3.726 0.00237838 0.793833 1.2585 0 0
3.786 0.00222475 0.7971 1.25348 0 0
3.846 0.00208164 0.800265 1.24864 0 0
3.906 0.00194827 0.803333 1.24398 0 0
3.966 0.00182392 0.806308 1.23948 0 0
4.026 0.00170791 0.809195 1.23514 0 0
4.086 0.00159965 0.811996 1.23095 0 0
4.146 0.00149857 0.814717 1.22691 0 0
4.206 0.00140416 0.81736 1.223 0 0
4.266 0.00131594 0.819929 1.21922 0 0
4.326 0.00123347 0.822427 1.21556 0 0
4.386 0.00115634 0.824856 1.21202 0 0
4.446 0.00108417 0.82722 1.20859 0 0
4.506 0.00101664 0.829521 1.20527 0 0
4.566 0.000953398 0.831761 1.20205 0 0
4.626 0.000894164 0.833943 1.19893 0 0
4.686 0.00083866 0.836069 1.1959 0 0
4.746 0.000786629 0.838142 1.19296 0 0
4.806 0.000737836 0.840163 1.19011 0 0
4.866 0.000692061 0.842134 1.18734 0 0
4.926 0.0006491 0.844057 1.18464 0 0
4.986 0.000608765 0.845934 1.18203 0 0
5.046 0.000570878 0.847766 1.17948 0 0
5.106 0.000535276 0.849555 1.17701 0 0
5.166 0.000501807 0.851302 1.1746 0 0
5.226 0.000470329 0.85301 1.17226 0 0
5.286 0.00044071 0.854678 1.16998 0 0
5.346 0.000412826 0.85631 1.16775 0 0
5.406 0.000386563 0.857905 1.16559 0 0
5.466 0.000361815 0.859464 1.16348 0 0
5.526 0.000338479 0.860991 1.16142 0 0
5.586 0.000316464 0.862484 1.15941 0 0
5.646 0.000295682 0.863945 1.15745 0 0
5.706 0.000276051 0.865376 1.15554 0 0
5.766 0.000257495 0.866777 1.15368 0 0
5.826 0.000239942 0.868149 1.15186 0 0
5.886 0.000223325 0.869494 1.15008 0 0
5.946 0.000207582 0.870811 1.14834 0 0
6.006 0.000192654 0.872101 1.14664 0 0
6.066 0.000178485 0.873367 1.14498 0 0
6.126 0.000165023 0.874607 1.14336 0 0
6.186 0.00015222 0.875823 1.14177 0 0
6.246 0.00014003 0.877016 1.14022 0 0
6.306 0.000128409 0.878187 1.1387 0 0
6.366 0.000117317 0.879335 1.13722 0 0
6.426 0.000106716 0.880462 1.13576 0 0
6.486 9.65681e-05 0.881568 1.13434 0 0
6.546 8.68405e-05 0.882653 1.13294 0 0
6.606 7.75005e-05 0.883719 1.13158 0 0
6.666 6.85172e-05 0.884766 1.13024 0 0
6.726 5.98616e-05 0.885794 1.12893 0 0
6.786 5.15061e-05 0.886804 1.12764 0 0
6.846 4.34242e-05 0.887796 1.12638 0 0
6.906 3.55911e-05 0.888771 1.12515 0 0
6.966 2.79829e-05 0.889729 1.12394 0 0
7.026 2.05766e-05 0.890671 1.12275 0 0
7.086 1.33505e-05 0.891597 1.12158 0 0
7.146 6.28363e-06 0.892507 1.12044 0 0
7.206 2.03468e-09 0.893403 1.11932 0 0
7.266 2.03468e-09 0.894283 1.11821 0 0
7.326 2.03468e-09 0.895149 1.11713 0 0
7.386 2.03468e-09 0.896 1.11607 0 0
7.446 2.03468e-09 0.896838 1.11503 0 0
7.506 2.03468e-09 0.897663 1.114 0 0
7.566 2.03468e-09 0.898475 1.113 0 0
7.626 2.03468e-09 0.899273 1.11201 0 0
7.686 2.03468e-09 0.90006 1.11104 0 0
7.746 2.03468e-09 0.900834 1.11008 0 0
7.806 2.03468e-09 0.901596 1.10914 0 0
7.866 2.03468e-09 0.902347 1.10822 0 0
7.926 2.03468e-09 0.903086 1.10731 0 0
7.986 2.03468e-09 0.903814 1.10642 0 0
8.046 2.03468e-09 0.904531 1.10554 0 0
8.106 2.03468e-09 0.905238 1.10468 0 0
8.166 2.03468e-09 0.905934 1.10383 0 0
8.226 2.03468e-09 0.90662 1.103 0 0
8.286 2.03468e-09 0.907297 1.10218 0 0
8.346 2.03468e-09 0.907963 1.10137 0 0
8.406 2.03468e-09 0.90862 1.10057 0 0
8.466 2.03468e-09 0.909268 1.09979 0 0
8.526 2.03468e-09 0.909906 1.09901 0 0
8.586 2.03468e-09 0.910536 1.09825 0 0
8.646 2.03468e-09 0.911156 1.09751 0 0
8.706 2.03468e-09 0.911769 1.09677 0 0
8.766 2.03468e-09 0.912373 1.09604 0 0
8.826 2.03468e-09 0.912968 1.09533 0 0
8.886 2.03468e-09 0.913556 1.09462 0 0
8.946 2.03468e-09 0.914136 1.09393 0 0
9.006 2.03468e-09 0.914708 1.09325 0 0
9.066 2.03468e-09 0.915272 1.09257 0 0
9.126 2.03468e-09 0.915829 1.09191 0 0
9.186 2.03468e-09 0.916379 1.09125 0 0
9.246 2.03468e-09 0.916922 1.09061 0 0
9.306 2.03468e-09 0.917457 1.08997 0 0
9.366 2.03468e-09 0.917986 1.08934 0 0
9.426 2.03468e-09 0.918508 1.08872 0 0
9.486 2.03468e-09 0.919024 1.08811 0 0
9.546 2.03468e-09 0.919533 1.08751 0 0
9.606 2.03468e-09 0.920035 1.08691 0 0
9.666 2.03468e-09 0.920532 1.08633 0 0
9.726 2.03468e-09 0.921022 1.08575 0 0
9.786 2.03468e-09 0.921506 1.08518 0 0
9.846 2.03468e-09 0.921984 1.08462 0 0
9.906 2.03468e-09 0.922457 1.08406 0 0
9.966 2.03468e-09 0.922924 1.08351 0 0
10.026 2.03468e-09 0.923385 1.08297 0 0
10.086 2.03468e-09 0.923841 1.08244 0 0
10.146 2.03468e-09 0.924291 1.08191 0 0
10.206 2.03468e-09 0.924736 1.08139 0 0
10.266 2.03468e-09 0.925176 1.08088 0 0
10.326 2.03468e-09 0.925611 1.08037 0 0
10.386 2.03468e-09 0.926041 1.07987 0 0
10.446 2.03468e-09 0.926466 1.07937 0 0
10.506 2.03468e-09 0.926885 1.07888 0 0
10.566 2.03468e-09 0.927301 1.0784 0 0
10.626 2.03468e-09 0.927711 1.07792 0 0
10.686 2.03468e-09 0.928117 1.07745 0 0
10.746 2.03468e-09 0.928518 1.07698 0 0
10.806 2.03468e-09 0.928915 1.07652 0 0
10.866 2.03468e-09 0.929308 1.07607 0 0
10.926 2.03468e-09 0.929696 1.07562 0 0
10.986 2.03468e-09 0.93008 1.07518 0 0
11.046 2.03468e-09 0.93046 1.07474 0 0
11.106 2.03468e-09 0.930835 1.0743 0 0
11.166 2.03468e-09 0.931207 1.07387 0 0
11.226 2.03468e-09 0.931575 1.07345 0 0
11.286 2.03468e-09 0.931939 1.07303 0 0
11.346 2.03468e-09 0.932299 1.07262 0 0
11.406 2.03468e-09 0.932655 1.07221 0 0
11.466 2.03468e-09 0.933007 1.0718 0 0
11.526 2.03468e-09 0.933356 1.0714 0 0
11.586 2.03468e-09 0.933701 1.07101 0 0
11.646 2.03468e-09 0.934042 1.07062 0 0
11.706 2.03468e-09 0.934381 1.07023 0 0
11.766 2.03468e-09 0.934715 1.06984 0 0
11.826 2.03468e-09 0.935046 1.06947 0 0
11.886 2.03468e-09 0.935374 1.06909 0 0
11.946 2.03468e-09 0.935699 1.06872 0 0
12.006 2.03468e-09 0.93602 1.06835 0 0
12.066 2.03468e-09 0.936338 1.06799 0 0
12.126 2.03468e-09 0.936653 1.06763 0 0
12.186 2.03468e-09 0.936965 1.06728 0 0
12.246 2.03468e-09 0.937274 1.06692 0 0
12.306 2.03468e-09 0.93758 1.06658 0 0
12.366 2.03468e-09 0.937883 1.06623 0 0
12.426 2.03468e-09 0.938183 1.06589 0 0
12.486 2.03468e-09 0.93848 1.06555 0 0
12.546 2.03468e-09 0.938774 1.06522 0 0
12.606 2.03468e-09 0.939065 1.06489 0 0
12.666 2.03468e-09 0.939354 1.06456 0 0
12.726 2.03468e-09 0.93964 1.06424 0 0
12.786 2.03468e-09 0.939923 1.06392 0 0
12.846 2.03468e-09 0.940204 1.0636 0 0
12.906 2.03468e-09 0.940482 1.06328 0 0
12.966 2.03468e-09 0.940757 1.06297 0 0
13.026 2.03468e-09 0.94103 1.06267 0 0
13.086 2.03468e-09 0.941301 1.06236 0 0
13.146 2.03468e-09 0.941568 1.06206 0 0
13.206 2.03468e-09 0.941834 1.06176 0 0
13.266 2.03468e-09 0.942097 1.06146 0 0
13.326 2.03468e-09 0.942358 1.06117 0 0
13.386 2.03468e-09 0.942616 1.06088 0 0
13.446 2.03468e-09 0.942872 1.06059 0 0
13.506 2.03468e-09 0.943126 1.0603 0 0
13.566 2.03468e-09 0.943377 1.06002 0 0
13.626 2.03468e-09 0.943627 1.05974 0 0
13.686 2.03468e-09 0.943874 1.05946 0 0
13.746 2.03468e-09 0.944119 1.05919 0 0
13.806 2.03468e-09 0.944362 1.05892 0 0
13.866 2.03468e-09 0.944603 1.05865 0 0
13.926 2.03468e-09 0.944841 1.05838 0 0
13.986 2.03468e-09 0.945078 1.05811 0 0
14.046 2.03468e-09 0.945312 1.05785 0 0
14.106 2.03468e-09 0.945545 1.05759 0 0
14.166 2.03468e-09 0.945776 1.05733 0 0
14.226 2.03468e-09 0.946004 1.05708 0 0
14.286 2.03468e-09 0.946231 1.05682 0 0
14.346 2.03468e-09 0.946456 1.05657 0 0
14.406 2.03468e-09 0.946679 1.05632 0 0
14.466 2.03468e-09 0.9469 1.05608 0 0
14.526 2.03468e-09 0.94712 1.05583 0 0
14.586 2.03468e-09 0.947337 1.05559 0 0
14.646 2.03468e-09 0.947553 1.05535 0 0
14.706 2.03468e-09 0.947767 1.05511 0 0
14.766 2.03468e-09 0.947979 1.05488 0 0
14.826 2.03468e-09 0.94819 1.05464 0 0
14.886 2.03468e-09 0.948398 1.05441 0 0
14.946 2.03468e-09 0.948606 1.05418 0 0
15.006 2.03468e-09 0.948811 1.05395 0 0
15.066 2.03468e-09 0.949015 1.05372 0 0
15.126 2.03468e-09 0.949217 1.0535 0 0
15.186 2.03468e-09 0.949418 1.05328 0 0
15.246 2.03468e-09 0.949617 1.05306 0 0
15.306 2.03468e-09 0.949814 1.05284 0 0
15.366 2.03468e-09 0.95001 1.05262 0 0
15.426 2.03468e-09 0.950205 1.0524 0 0
15.486 2.03468e-09 0.950398 1.05219 0 0
15.546 2.03468e-09 0.950589 1.05198 0 0
15.606 2.03468e-09 0.950779 1.05177 0 0
15.666 2.03468e-09 0.950968 1.05156 0 0
15.726 2.03468e-09 0.951155 1.05135 0 0
15.786 2.03468e-09 0.95134 1.05115 0 0
15.846 2.03468e-09 0.951525 1.05094 0 0
15.906 2.03468e-09 0.951707 1.05074 0 0
15.966 2.03468e-09 0.951889 1.05054 0 0
16.026 2.03468e-09 0.952069 1.05034 0 0
16.086 2.03468e-09 0.952248 1.05015 0 0
16.146 2.03468e-09 0.952425 1.04995 0 0
16.206 2.03468e-09 0.952601 1.04976 0 0
16.266 2.03468e-09 0.952776 1.04956 0 0
16.326 2.03468e-09 0.95295 1.04937 0 0
16.386 2.03468e-09 0.953122 1.04918 0 0
16.446 2.03468e-09 0.953293 1.049 0 0
16.506 2.03468e-09 0.953463 1.04881 0 0
16.566 2.03468e-09 0.953631 1.04862 0 0
16.626 2.03468e-09 0.953799 1.04844 0 0
16.686 2.03468e-09 0.953965 1.04826 0 0
16.746 2.03468e-09 0.95413 1.04808 0 0
16.806 2.03468e-09 0.954294 1.0479 0 0
16.866 2.03468e-09 0.954456 1.04772 0 0
16.926 2.03468e-09 0.954618 1.04754 0 0
16.986 2.03468e-09 0.954778 1.04736 0 0
17.046 2.03468e-09 0.954937 1.04719 0 0
17.106 2.03468e-09 0.955095 1.04702 0 0
17.166 2.03468e-09 0.955252 1.04684 0 0
17.226 2.03468e-09 0.955408 1.04667 0 0
17.286 2.03468e-09 0.955563 1.0465 0 0
17.346 2.03468e-09 0.955717 1.04634 0 0
17.406 2.03468e-09 0.955869 1.04617 0 0
17.466 2.03468e-09 0.956021 1.046 0 0
17.526 2.03468e-09 0.956171 1.04584 0 0
17.586 2.03468e-09 0.956321 1.04567 0 0
17.646 2.03468e-09 0.956469 1.04551 0 0
17.706 2.03468e-09 0.956617 1.04535 0 0
17.766 2.03468e-09 0.956763 1.04519 0 0
17.826 2.03468e-09 0.956909 1.04503 0 0
17.886 2.03468e-09 0.957054 1.04487 0 0
17.946 2.03468e-09 0.957197 1.04472 0 0
18.006 2.03468e-09 0.95734 1.04456 0 0
18.066 2.03468e-09 0.957481 1.04441 0 0
18.126 2.03468e-09 0.957622 1.04425 0 0
18.186 2.03468e-09 0.957762 1.0441 0 0
18.246 2.03468e-09 0.957901 1.04395 0 0
18.306 2.03468e-09 0.958039 1.0438 0 0
18.366 2.03468e-09 0.958176 1.04365 0 0
18.426 2.03468e-09 0.958312 1.0435 0 0
18.486 2.03468e-09 0.958447 1.04335 0 0
18.546 2.03468e-09 0.958582 1.04321 0 0
18.606 2.03468e-09 0.958715 1.04306 0 0
18.666 2.03468e-09 0.958848 1.04292 0 0
18.726 2.03468e-09 0.95898 1.04277 0 0
18.786 2.03468e-09 0.959111 1.04263 0 0
18.846 2.03468e-09 0.959241 1.04249 0 0
18.906 2.03468e-09 0.959371 1.04235 0 0
18.966 2.03468e-09 0.959499 1.04221 0 0
19.026 2.03468e-09 0.959627 1.04207 0 0
19.086 2.03468e-09 0.959754 1.04193 0 0
19.146 2.03468e-09 0.95988 1.0418 0 0
19.206 2.03468e-09 0.960005 1.04166 0 0
19.266 2.03468e-09 0.96013 1.04153 0 0
19.326 2.03468e-09 0.960253 1.04139 0 0
19.386 2.03468e-09 0.960377 1.04126 0 0
19.446 2.03468e-09 0.960499 1.04113 0 0
19.506 2.03468e-09 0.96062 1.04099 0 0
19.566 2.03468e-09 0.960741 1.04086 0 0
19.626 2.03468e-09 0.960861 1.04073 0 0
19.686 2.03468e-09 0.96098 1.0406 0 0
19.746 2.03468e-09 0.961099 1.04048 0 0
19.806 2.03468e-09 0.961217 1.04035 0 0
19.866 2.03468e-09 0.961334 1.04022 0 0
19.926 2.03468e-09 0.96145 1.0401 0 0
19.986 2.03468e-09 0.961566 1.03997 0 0
20.046 2.03468e-09 0.961681 1.03985 0 0
20.106 2.03468e-09 0.961795 1.03972 0 0
20.166 2.03468e-09 0.961909 1.0396 0 0
20.226 2.03468e-09 0.962022 1.03948 0 0
20.286 2.03468e-09 0.962134 1.03936 0 0
20.346 2.03468e-09 0.962246 1.03924 0 0
20.406 2.03468e-09 0.962357 1.03912 0 0
20.466 2.03468e-09 0.962467 1.039 0 0
20.526 2.03468e-09 0.962577 1.03888 0 0
20.586 2.03468e-09 0.962686 1.03876 0 0
20.646 2.03468e-09 0.962795 1.03864 0 0
20.706 2.03468e-09 0.962902 1.03853 0 0
20.766 2.03468e-09 0.96301 1.03841 0 0
20.826 2.03468e-09 0.963116 1.0383 0 0
20.886 2.03468e-09 0.963222 1.03818 0 0
20.946 2.03468e-09 0.963328 1.03807 0 0
21.006 2.03468e-09 0.963432 1.03796 0 0
21.066 2.03468e-09 0.963536 1.03784 0 0
21.126 2.03468e-09 0.96364 1.03773 0 0
21.186 2.03468e-09 0.963743 1.03762 0 0
21.246 2.03468e-09 0.963845 1.03751 0 0
21.306 2.03468e-09 0.963947 1.0374 0 0
21.366 2.03468e-09 0.964048 1.03729 0 0
21.426 2.03468e-09 0.964149 1.03718 0 0
21.486 2.03468e-09 0.964249 1.03708 0 0
21.546 2.03468e-09 0.964349 1.03697 0 0
21.606 2.03468e-09 0.964448 1.03686 0 0
21.666 2.03468e-09 0.964546 1.03676 0 0
21.726 2.03468e-09 0.964644 1.03665 0 0
21.786 2.03468e-09 0.964742 1.03655 0 0
21.846 2.03468e-09 0.964838 1.03644 0 0
21.906 2.03468e-09 0.964935 1.03634 0 0
21.966 2.03468e-09 0.96503 1.03624 0 0
22.026 2.03468e-09 0.965126 1.03613 0 0
22.086 2.03468e-09 0.96522 1.03603 0 0
22.146 2.03468e-09 0.965315 1.03593 0 0
22.206 2.03468e-09 0.965408 1.03583 0 0
22.266 2.03468e-09 0.965502 1.03573 0 0
22.326 2.03468e-09 0.965594 1.03563 0 0
22.386 2.03468e-09 0.965687 1.03553 0 0
22.446 2.03468e-09 0.965778 1.03543 0 0
22.506 2.03468e-09 0.965869 1.03534 0 0
22.566 2.03468e-09 0.96596 1.03524 0 0
22.626 2.03468e-09 0.966051 1.03514 0 0
22.686 2.03468e-09 0.96614 1.03505 0 0
22.746 2.03468e-09 0.96623 1.03495 0 0
22.806 2.03468e-09 0.966318 1.03486 0 0
22.866 2.03468e-09 0.966407 1.03476 0 0
22.926 2.03468e-09 0.966495 1.03467 0 0
22.986 2.03468e-09 0.966582 1.03457 0 0
23.046 2.03468e-09 0.966669 1.03448 0 0
23.106 2.03468e-09 0.966756 1.03439 0 0
23.166 2.03468e-09 0.966842 1.0343 0 0
23.226 2.03468e-09 0.966928 1.0342 0 0
23.286 2.03468e-09 0.967013 1.03411 0 0
23.346 2.03468e-09 0.967098 1.03402 0 0
23.406 2.03468e-09 0.967182 1.03393 0 0
23.466 2.03468e-09 0.967266 1.03384 0 0
23.526 2.03468e-09 0.967349 1.03375 0 0
23.586 2.03468e-09 0.967432 1.03366 0 0
23.646 2.03468e-09 0.967515 1.03358 0 0
23.706 2.03468e-09 0.967597 1.03349 0 0
23.766 2.03468e-09 0.967679 1.0334 0 0
23.826 2.03468e-09 0.96776 1.03331 0 0
23.886 2.03468e-09 0.967841 1.03323 0 0
23.946 2.03468e-09 0.967922 1.03314 0 0
24.006 2.03468e-09 0.968002 1.03306 0 0
24.066 2.03468e-09 0.968082 1.03297 0 0
24.126 2.03468e-09 0.968161 1.03289 0 0
24.186 2.03468e-09 0.96824 1.0328 0 0
24.246 2.03468e-09 0.968319 1.03272 0 0
24.306 2.03468e-09 0.968397 1.03263 0 0
24.366 2.03468e-09 0.968475 1.03255 0 0
24.426 2.03468e-09 0.968552 1.03247 0 0
24.486 2.03468e-09 0.968629 1.03239 0 0
24.546 2.03468e-09 0.968706 1.0323 0 0
24.606 2.03468e-09 0.968782 1.03222 0 0
24.666 2.03468e-09 0.968858 1.03214 0 0
24.726 2.03468e-09 0.968934 1.03206 0 0
24.786 2.03468e-09 0.969009 1.03198 0 0
24.846 2.03468e-09 0.969084 1.0319 0 0
24.906 2.03468e-09 0.969158 1.03182 0 0
24.966 2.03468e-09 0.969233 1.03174 0 0
25.026 2.03468e-09 0.969306 1.03167 0 0
25.086 2.03468e-09 0.96938 1.03159 0 0
25.146 2.03468e-09 0.969453 1.03151 0 0
25.206 2.03468e-09 0.969525 1.03143 0 0
25.266 2.03468e-09 0.969598 1.03136 0 0
25.326 2.03468e-09 0.96967 1.03128 0 0
25.386 2.03468e-09 0.969742 1.0312 0 0
25.446 2.03468e-09 0.969813 1.03113 0 0
25.506 2.03468e-09 0.969884 1.03105 0 0
25.566 2.03468e-09 0.969955 1.03098 0 0
25.626 2.03468e-09 0.970025 1.0309 0 0
25.686 2.03468e-09 0.970095 1.03083 0 0
25.746 2.03468e-09 0.970165 1.03075 0 0
25.806 2.03468e-09 0.970234 1.03068 0 0
25.866 2.03468e-09 0.970303 1.03061 0 0
25.926 2.03468e-09 0.970372 1.03053 0 0
25.986 2.03468e-09 0.97044 1.03046 0 0
26.046 2.03468e-09 0.970508 1.03039 0 0
26.106 2.03468e-09 0.970576 1.03032 0 0
26.166 2.03468e-09 0.970644 1.03024 0 0
26.226 2.03468e-09 0.970711 1.03017 0 0
26.286 2.03468e-09 0.970778 1.0301 0 0
26.346 2.03468e-09 0.970844 1.03003 0 0
26.406 2.03468e-09 0.97091 1.02996 0 0
26.466 2.03468e-09 0.970976 1.02989 0 0
26.526 2.03468e-09 0.971042 1.02982 0 0
26.586 2.03468e-09 0.971107 1.02975 0 0
26.646 2.03468e-09 0.971172 1.02968 0 0
26.706 2.03468e-09 0.971237 1.02961 0 0
26.766 2.03468e-09 0.971302 1.02955 0 0
26.826 2.03468e-09 0.971366 1.02948 0 0
26.886 2.03468e-09 0.97143 1.02941 0 0
26.946 2.03468e-09 0.971493 1.02934 0 0
27.006 2.03468e-09 0.971557 1.02928 0 0
27.066 2.03468e-09 0.97162 1.02921 0 0
27.126 2.03468e-09 0.971682 1.02914 0 0
27.186 2.03468e-09 0.971745 1.02908 0 0
27.246 2.03468e-09 0.971807 1.02901 0 0
27.306 2.03468e-09 0.971869 1.02895 0 0
27.366 2.03468e-09 0.971931 1.02888 0 0
27.426 2.03468e-09 0.971992 1.02881 0 0
27.486 2.03468e-09 0.972053 1.02875 0 0
27.546 2.03468e-09 0.972114 1.02869 0 0
27.606 2.03468e-09 0.972175 1.02862 0 0
27.666 2.03468e-09 0.972235 1.02856 0 0
27.726 2.03468e-09 0.972295 1.02849 0 0
27.786 2.03468e-09 0.972355 1.02843 0 0
27.846 2.03468e-09 0.972415 1.02837 0 0
27.906 2.03468e-09 0.972474 1.02831 0 0
27.966 2.03468e-09 0.972533 1.02824 0 0
28.026 2.03468e-09 0.972592 1.02818 0 0
28.086 2.03468e-09 0.97265 1.02812 0 0
28.146 2.03468e-09 0.972709 1.02806 0 0
28.206 2.03468e-09 0.972767 1.028 0 0
28.266 2.03468e-09 0.972825 1.02793 0 0
28.326 2.03468e-09 0.972882 1.02787 0 0
28.386 2.03468e-09 0.972939 1.02781 0 0
28.446 2.03468e-09 0.972997 1.02775 0 0
28.506 2.03468e-09 0.973053 1.02769 0 0
28.566 2.03468e-09 0.97311 1.02763 0 0
28.626 2.03468e-09 0.973166 1.02757 0 0
28.686 2.03468e-09 0.973222 1.02751 0 0
28.746 2.03468e-09 0.973278 1.02746 0 0
28.806 2.03468e-09 0.973334 1.0274 0 0
28.866 2.03468e-09 0.973389 1.02734 0 0
28.926 2.03468e-09 0.973445 1.02728 0 0
28.986 2.03468e-09 0.9735 1.02722 0 0
29.046 2.03468e-09 0.973554 1.02716 0 0
29.106 2.03468e-09 0.973609 1.02711 0 0
29.166 2.03468e-09 0.973663 1.02705 0 0
29.226 2.03468e-09 0.973717 1.02699 0 0
29.286 2.03468e-09 0.973771 1.02694 0 0
29.346 2.03468e-09 0.973825 1.02688 0 0
29.406 2.03468e-09 0.973878 1.02682 0 0
29.466 2.03468e-09 0.973931 1.02677 0 0
29.526 2.03468e-09 0.973984 1.02671 0 0
29.586 2.03468e-09 0.974037 1.02666 0 0
29.646 2.03468e-09 0.97409 1.0266 0 0
29.706 2.03468e-09 0.974142 1.02654 0 0
29.766 2.03468e-09 0.974194 1.02649 0 0
29.826 2.03468e-09 0.974246 1.02643 0 0
29.886 2.03468e-09 0.974298 1.02638 0 0
29.946 2.03468e-09 0.974349 1.02633 0 0
30.006 2.03468e-09 0.9744 1.02627 0 0
30.066 2.03468e-09 0.974452 1.02622 0 0
30.126 2.03468e-09 0.974502 1.02616 0 0
30.186 2.03468e-09 0.974553 1.02611 0 0
30.246 2.03468e-09 0.974604 1.02606 0 0
30.306 2.03468e-09 0.974654 1.02601 0 0
30.366 2.03468e-09 0.974704 1.02595 0 0
30.426 2.03468e-09 0.974754 1.0259 0 0
30.486 2.03468e-09 0.974803 1.02585 0 0
30.546 2.03468e-09 0.974853 1.0258 0 0
30.606 2.03468e-09 0.974902 1.02574 0 0
30.666 2.03468e-09 0.974951 1.02569 0 0
30.726 2.03468e-09 0.975 1.02564 0 0
30.786 2.03468e-09 0.975049 1.02559 0 0
30.846 2.03468e-09 0.975098 1.02554 0 0
30.906 2.03468e-09 0.975146 1.02549 0 0
30.966 2.03468e-09 0.975194 1.02544 0 0
31.026 2.03468e-09 0.975242 1.02539 0 0
31.086 2.03468e-09 0.97529 1.02534 0 0
31.146 2.03468e-09 0.975337 1.02529 0 0
31.206 2.03468e-09 0.975385 1.02524 0 0
31.266 2.03468e-09 0.975432 1.02519 0 0
31.326 2.03468e-09 0.975479 1.02514 0 0
31.386 2.03468e-09 0.975526 1.02509 0 0
31.446 2.03468e-09 0.975573 1.02504 0 0
31.506 2.03468e-09 0.975619 1.02499 0 0
31.566 2.03468e-09 0.975666 1.02494 0 0
31.626 2.03468e-09 0.975712 1.02489 0 0
31.686 2.03468e-09 0.975758 1.02484 0 0
31.746 2.03468e-09 0.975804 1.0248 0 0
31.806 2.03468e-09 0.975849 1.02475 0 0
31.866 2.03468e-09 0.975895 1.0247 0 0
31.926 2.03468e-09 0.97594 1.02465 0 0
31.986 2.03468e-09 0.975985 1.02461 0 0
32.046 2.03468e-09 0.97603 1.02456 0 0
32.106 2.03468e-09 0.976075 1.02451 0 0
32.166 2.03468e-09 0.976119 1.02446 0 0
32.226 2.03468e-09 0.976164 1.02442 0 0
32.286 2.03468e-09 0.976208 1.02437 0 0
32.346 2.03468e-09 0.976252 1.02433 0 0
32.406 2.03468e-09 0.976296 1.02428 0 0
32.466 2.03468e-09 0.97634 1.02423 0 0
32.526 2.03468e-09 0.976384 1.02419 0 0
32.586 2.03468e-09 0.976427 1.02414 0 0
32.646 2.03468e-09 0.976471 1.0241 0 0
32.706 2.03468e-09 0.976514 1.02405 0 0
32.766 2.03468e-09 0.976557 1.02401 0 0
32.826 2.03468e-09 0.9766 1.02396 0 0
32.886 2.03468e-09 0.976642 1.02392 0 0
32.946 2.03468e-09 0.976685 1.02387 0 0
33.006 2.03468e-09 0.976727 1.02383 0 0
33.066 2.03468e-09 0.976769 1.02378 0 0
33.126 2.03468e-09 0.976812 1.02374 0 0
33.186 2.03468e-09 0.976853 1.02369 0 0
33.246 2.03468e-09 0.976895 1.02365 0 0
33.306 2.03468e-09 0.976937 1.02361 0 0
33.366 2.03468e-09 0.976978 1.02356 0 0
33.426 2.03468e-09 0.97702 1.02352 0 0
33.486 2.03468e-09 0.977061 1.02348 0 0
33.546 2.03468e-09 0.977102 1.02343 0 0
33.606 2.03468e-09 0.977143 1.02339 0 0
33.666 2.03468e-09 0.977183 1.02335 0 0
33.726 2.03468e-09 0.977224 1.02331 0 0
33.786 2.03468e-09 0.977265 1.02326 0 0
33.846 2.03468e-09 0.977305 1.02322 0 0
33.906 2.03468e-09 0.977345 1.02318 0 0
33.966 2.03468e-09 0.977385 1.02314 0 0
34.026 2.03468e-09 0.977425 1.0231 0 0
34.086 2.03468e-09 0.977465 1.02305 0 0
34.146 2.03468e-09 0.977504 1.02301 0 0
34.206 2.03468e-09 0.977544 1.02297 0 0
34.266 2.03468e-09 0.977583 1.02293 0 0
34.326 2.03468e-09 0.977622 1.02289 0 0
34.386 2.03468e-09 0.977661 1.02285 0 0
34.446 2.03468e-09 0.9777 1.02281 0 0
34.506 2.03468e-09 0.977739 1.02277 0 0
34.566 2.03468e-09 0.977778 1.02273 0 0
34.626 2.03468e-09 0.977816 1.02269 0 0
34.686 2.03468e-09 0.977854 1.02265 0 0
34.746 2.03468e-09 0.977893 1.02261 0 0
34.806 2.03468e-09 0.977931 1.02257 0 0
34.866 2.03468e-09 0.977969 1.02253 0 0
34.926 2.03468e-09 0.978007 1.02249 0 0
34.986 2.03468e-09 0.978044 1.02245 0 0
35.046 2.03468e-09 0.978082 1.02241 0 0
35.106 2.03468e-09 0.978119 1.02237 0 0
35.166 2.03468e-09 0.978157 1.02233 0 0
35.226 2.03468e-09 0.978194 1.02229 0 0
35.286 2.03468e-09 0.978231 1.02225 0 0
35.346 2.03468e-09 0.978268 1.02221 0 0
35.406 2.03468e-09 0.978305 1.02218 0 0
35.466 2.03468e-09 0.978341 1.02214 0 0
35.526 2.03468e-09 0.978378 1.0221 0 0
35.586 2.03468e-09 0.978415 1.02206 0 0
35.646 2.03468e-09 0.978451 1.02202 0 0
35.706 2.03468e-09 0.978487 1.02199 0 0
35.766 2.03468e-09 0.978523 1.02195 0 0
35.826 2.03468e-09 0.978559 1.02191 0 0
35.886 2.03468e-09 0.978595 1.02187 0 0
35.946 2.03468e-09 0.978631 1.02184 0 0
36.006 2.03468e-09 0.978666 1.0218 0 0
36.066 2.03468e-09 0.978702 1.02176 0 0
36.126 2.03468e-09 0.978737 1.02172 0 0
36.186 2.03468e-09 0.978772 1.02169 0 0
36.246 2.03468e-09 0.978808 1.02165 0 0
36.306 2.03468e-09 0.978843 1.02161 0 0
36.366 2.03468e-09 0.978877 1.02158 0 0
36.426 2.03468e-09 0.978912 1.02154 0 0
36.486 2.03468e-09 0.978947 1.02151 0 0
36.546 2.03468e-09 0.978982 1.02147 0 0
36.606 2.03468e-09 0.979016 1.02143 0 0
36.666 2.03468e-09 0.97905 1.0214 0 0
36.726 2.03468e-09 0.979085 1.02136 0 0
36.786 2.03468e-09 0.979119 1.02133 0 0
36.846 2.03468e-09 0.979153 1.02129 0 0
36.906 2.03468e-09 0.979187 1.02126 0 0
36.966 2.03468e-09 0.97922 1.02122 0 0
37.026 2.03468e-09 0.979254 1.02119 0 0
37.086 2.03468e-09 0.979288 1.02115 0 0
37.146 2.03468e-09 0.979321 1.02112 0 0
37.206 2.03468e-09 0.979354 1.02108 0 0
37.266 2.03468e-09 0.979388 1.02105 0 0
37.326 2.03468e-09 0.979421 1.02101 0 0
37.386 2.03468e-09 0.979454 1.02098 0 0
37.446 2.03468e-09 0.979487 1.02094 0 0
37.506 2.03468e-09 0.97952 1.02091 0 0
37.566 2.03468e-09 0.979552 1.02087 0 0
37.626 2.03468e-09 0.979585 1.02084 0 0
37.686 2.03468e-09 0.979617 1.02081 0 0
37.746 2.03468e-09 0.97965 1.02077 0 0
37.806 2.03468e-09 0.979682 1.02074 0 0
37.866 2.03468e-09 0.979714 1.02071 0 0
37.926 2.03468e-09 0.979746 1.02067 0 0
37.986 2.03468e-09 0.979778 1.02064 0 0
38.046 2.03468e-09 0.97981 1.02061 0 0
38.106 2.03468e-09 0.979842 1.02057 0 0
38.166 2.03468e-09 0.979874 1.02054 0 0
38.226 2.03468e-09 0.979905 1.02051 0 0
38.286 2.03468e-09 0.979937 1.02047 0 0
38.346 2.03468e-09 0.979968 1.02044 0 0
38.406 2.03468e-09 0.979999 1.02041 0 0
38.466 2.03468e-09 0.980031 1.02038 0 0
38.526 2.03468e-09 0.980062 1.02034 0 0
38.586 2.03468e-09 0.980093 1.02031 0 0
38.646 2.03468e-09 0.980124 1.02028 0 0
38.706 2.03468e-09 0.980154 1.02025 0 0
38.766 2.03468e-09 0.980185 1.02022 0 0
38.826 2.03468e-09 0.980216 1.02018 0 0
38.886 2.03468e-09 0.980246 1.02015 0 0
38.946 2.03468e-09 0.980277 1.02012 0 0
39.006 2.03468e-09 0.980307 1.02009 0 0
39.066 2.03468e-09 0.980337 1.02006 0 0
39.126 2.03468e-09 0.980368 1.02003 0 0
39.186 2.03468e-09 0.980398 1.01999 0 0
39.246 2.03468e-09 0.980428 1.01996 0 0
39.306 2.03468e-09 0.980457 1.01993 0 0
39.366 2.03468e-09 0.980487 1.0199 0 0
39.426 2.03468e-09 0.980517 1.01987 0 0
39.486 2.03468e-09 0.980546 1.01984 0 0
39.546 2.03468e-09 0.980576 1.01981 0 0
39.606 2.03468e-09 0.980605 1.01978 0 0
39.666 2.03468e-09 0.980635 1.01975 0 0
39.726 2.03468e-09 0.980664 1.01972 0 0
39.786 2.03468e-09 0.980693 1.01969 0 0
39.846 2.03468e-09 0.980722 1.01966 0 0
39.906 2.03468e-09 0.980751 1.01963 0 0
39.966 2.03468e-09 0.98078 1.0196 0 0
40.026 2.03468e-09 0.980809 1.01957 0 0
40.086 2.03468e-09 0.980838 1.01954 0 0
40.146 2.03468e-09 0.980866 1.01951 0 0
40.206 2.03468e-09 0.980895 1.01948 0 0
40.266 2.03468e-09 0.980923 1.01945 0 0
40.326 2.03468e-09 0.980952 1.01942 0 0
40.386 2.03468e-09 0.98098 1.01939 0 0
40.446 2.03468e-09 0.981008 1.01936 0 0
40.506 2.03468e-09 0.981036 1.01933 0 0
40.566 2.03468e-09 0.981064 1.0193 0 0
40.626 2.03468e-09 0.981092 1.01927 0 0
40.686 2.03468e-09 0.98112 1.01924 0 0
40.746 2.03468e-09 0.981148 1.01921 0 0
40.806 2.03468e-09 0.981176 1.01919 0 0
40.866 2.03468e-09 0.981203 1.01916 0 0
40.926 2.03468e-09 0.981231 1.01913 0 0
40.986 2.03468e-09 0.981258 1.0191 0 0
41.046 2.03468e-09 0.981286 1.01907 0 0
41.106 2.03468e-09 0.981313 1.01904 0 0
41.166 2.03468e-09 0.98134 1.01901 0 0
41.226 2.03468e-09 0.981368 1.01899 0 0
41.286 2.03468e-09 0.981395 1.01896 0 0
41.346 2.03468e-09 0.981422 1.01893 0 0
41.406 2.03468e-09 0.981449 1.0189 0 0
41.466 2.03468e-09 0.981475 1.01887 0 0
41.526 2.03468e-09 0.981502 1.01885 0 0
41.586 2.03468e-09 0.981529 1.01882 0 0
41.646 2.03468e-09 0.981555 1.01879 0 0
41.706 2.03468e-09 0.981582 1.01876 0 0
41.766 2.03468e-09 0.981608 1.01874 0 0
41.826 2.03468e-09 0.981635 1.01871 0 0
41.886 2.03468e-09 0.981661 1.01868 0 0
41.946 2.03468e-09 0.981687 1.01865 0 0
42.006 2.03468e-09 0.981714 1.01863 0 0
42.066 2.03468e-09 0.98174 1.0186 0 0
42.126 2.03468e-09 0.981766 1.01857 0 0
42.186 2.03468e-09 0.981792 1.01855 0 0
42.246 2.03468e-09 0.981817 1.01852 0 0
42.306 2.03468e-09 0.981843 1.01849 0 0
42.366 2.03468e-09 0.981869 1.01847 0 0
42.426 2.03468e-09 0.981895 1.01844 0 0
42.486 2.03468e-09 0.98192 1.01841 0 0
42.546 2.03468e-09 0.981946 1.01839 0 0
42.606 2.03468e-09 0.981971 1.01836 0 0
42.666 2.03468e-09 0.981996 1.01833 0 0
42.726 2.03468e-09 0.982022 1.01831 0 0
42.786 2.03468e-09 0.982047 1.01828 0 0
42.846 2.03468e-09 0.982072 1.01826 0 0
42.906 2.03468e-09 0.982097 1.01823 0 0
42.966 2.03468e-09 0.982122 1.0182 0 0
43.026 2.03468e-09 0.982147 1.01818 0 0
43.086 2.03468e-09 0.982172 1.01815 0 0
43.146 2.03468e-09 0.982197 1.01813 0 0
43.206 2.03468e-09 0.982221 1.0181 0 0
43.266 2.03468e-09 0.982246 1.01807 0 0
43.326 2.03468e-09 0.982271 1.01805 0 0
43.386 2.03468e-09 0.982295 1.01802 0 0
43.446 2.03468e-09 0.98232 1.018 0 0
43.506 2.03468e-09 0.982344 1.01797 0 0
43.566 2.03468e-09 0.982368 1.01795 0 0
43.626 2.03468e-09 0.982393 1.01792 0 0
43.686 2.03468e-09 0.982417 1.0179 0 0
43.746 2.03468e-09 0.982441 1.01787 0 0
43.806 2.03468e-09 0.982465 1.01785 0 0
43.866 2.03468e-09 0.982489 1.01782 0 0
43.926 2.03468e-09 0.982513 1.0178 0 0
43.986 2.03468e-09 0.982537 1.01777 0 0
44.046 2.03468e-09 0.98256 1.01775 0 0
44.106 2.03468e-09 0.982584 1.01772 0 0
44.166 2.03468e-09 0.982608 1.0177 0 0
44.226 2.03468e-09 0.982631 1.01768 0 0
44.286 2.03468e-09 0.982655 1.01765 0 0
44.346 2.03468e-09 0.982678 1.01763 0 0
44.406 2.03468e-09 0.982702 1.0176 0 0
44.466 2.03468e-09 0.982725 1.01758 0 0
44.526 2.03468e-09 0.982748 1.01755 0 0
44.586 2.03468e-09 0.982772 1.01753 0 0
44.646 2.03468e-09 0.982795 1.01751 0 0
44.706 2.03468e-09 0.982818 1.01748 0 0
44.766 2.03468e-09 0.982841 1.01746 0 0
44.826 2.03468e-09 0.982864 1.01743 0 0
44.886 2.03468e-09 0.982887 1.01741 0 0
44.946 2.03468e-09 0.98291 1.01739 0 0
45.006 2.03468e-09 0.982932 1.01736 0 0
45.066 2.03468e-09 0.982955 1.01734 0 0
45.126 2.03468e-09 0.982978 1.01732 0 0
45.186 2.03468e-09 0.983 1.01729 0 0
45.246 2.03468e-09 0.983023 1.01727 0 0
45.306 2.03468e-09 0.983045 1.01725 0 0
45.366 2.03468e-09 0.983068 1.01722 0 0
45.426 2.03468e-09 0.98309 1.0172 0 0
45.486 2.03468e-09 0.983113 1.01718 0 0
45.546 2.03468e-09 0.983135 1.01715 0 0
45.606 2.03468e-09 0.983157 1.01713 0 0
45.666 2.03468e-09 0.983179 1.01711 0 0
45.726 2.03468e-09 0.983201 1.01709 0 0
45.786 2.03468e-09 0.983223 1.01706 0 0
45.846 2.03468e-09 0.983245 1.01704 0 0
45.906 2.03468e-09 0.983267 1.01702 0 0
45.966 2.03468e-09 0.983289 1.017 0 0
46.026 2.03468e-09 0.983311 1.01697 0 0
46.086 2.03468e-09 0.983332 1.01695 0 0
46.146 2.03468e-09 0.983354 1.01693 0 0
46.206 2.03468e-09 0.983376 1.01691 0 0
46.266 2.03468e-09 0.983397 1.01688 0 0
46.326 2.03468e-09 0.983419 1.01686 0 0
46.386 2.03468e-09 0.98344 1.01684 0 0
46.446 2.03468e-09 0.983462 1.01682 0 0
46.506 2.03468e-09 0.983483 1.01679 0 0
46.566 2.03468e-09 0.983504 1.01677 0 0
46.626 2.03468e-09 0.983525 1.01675 0 0
46.686 2.03468e-09 0.983547 1.01673 0 0
46.746 2.03468e-09 0.983568 1.01671 0 0
46.806 2.03468e-09 0.983589 1.01668 0 0
46.866 2.03468e-09 0.98361 1.01666 0 0
46.926 2.03468e-09 0.983631 1.01664 0 0
46.986 2.03468e-09 0.983652 1.01662 0 0
47.046 2.03468e-09 0.983673 1.0166 0 0
47.106 2.03468e-09 0.983693 1.01658 0 0
47.166 2.03468e-09 0.983714 1.01656 0 0
47.226 2.03468e-09 0.983735 1.01653 0 0
47.286 2.03468e-09 0.983755 1.01651 0 0
47.346 2.03468e-09 0.983776 1.01649 0 0
47.406 2.03468e-09 0.983797 1.01647 0 0
47.466 2.03468e-09 0.983817 1.01645 0 0
47.526 2.03468e-09 0.983837 1.01643 0 0
47.586 2.03468e-09 0.983858 1.01641 0 0
47.646 2.03468e-09 0.983878 1.01639 0 0
47.706 2.03468e-09 0.983898 1.01637 0 0
47.766 2.03468e-09 0.983919 1.01634 0 0
47.826 2.03468e-09 0.983939 1.01632 0 0
47.886 2.03468e-09 0.983959 1.0163 0 0
47.946 2.03468e-09 0.983979 1.01628 0 0
48.006 2.03468e-09 0.983999 1.01626 0 0
48.066 2.03468e-09 0.984019 1.01624 0 0
48.126 2.03468e-09 0.984039 1.01622 0 0
48.186 2.03468e-09 0.984059 1.0162 0 0
48.246 2.03468e-09 0.984079 1.01618 0 0
48.306 2.03468e-09 0.984098 1.01616 0 0
48.366 2.03468e-09 0.984118 1.01614 0 0
48.426 2.03468e-09 0.984138 1.01612 0 0
48.486 2.03468e-09 0.984157 1.0161 0 0
48.546 2.03468e-09 0.984177 1.01608 0 0
48.606 2.03468e-09 0.984197 1.01606 0 0
48.666 2.03468e-09 0.984216 1.01604 0 0
48.726 2.03468e-09 0.984235 1.01602 0 0
48.786 2.03468e-09 0.984255 1.016 0 0
48.846 2.03468e-09 0.984274 1.01598 0 0
48.906 2.03468e-09 0.984294 1.01596 0 0
48.966 2.03468e-09 0.984313 1.01594 0 0
49.026 2.03468e-09 0.984332 1.01592 0 0
49.086 2.03468e-09 0.984351 1.0159 0 0
49.146 2.03468e-09 0.98437 1.01588 0 0
49.206 2.03468e-09 0.984389 1.01586 0 0
49.266 2.03468e-09 0.984408 1.01584 0 0
49.326 2.03468e-09 0.984427 1.01582 0 0
49.386 2.03468e-09 0.984446 1.0158 0 0
49.446 2.03468e-09 0.984465 1.01578 0 0
49.506 2.03468e-09 0.984484 1.01576 0 0
49.566 2.03468e-09 0.984503 1.01574 0 0
49.626 2.03468e-09 0.984521 1.01572 0 0
49.686 2.03468e-09 0.98454 1.0157 0 0
49.746 2.03468e-09 0.984559 1.01568 0 0
49.806 2.03468e-09 0.984577 1.01566 0 0
49.866 2.03468e-09 0.984596 1.01565 0 0
49.926 2.03468e-09 0.984614 1.01563 0 0
49.986 2.03468e-09 0.984633 1.01561 0 0
50.046 2.03468e-09 0.984651 1.01559 0 0
50.106 2.03468e-09 0.98467 1.01557 0 0
50.166 2.03468e-09 0.984688 1.01555 0 0
50.226 2.03468e-09 0.984706 1.01553 0 0
50.286 2.03468e-09 0.984725 1.01551 0 0
50.346 2.03468e-09 0.984743 1.01549 0 0
50.406 2.03468e-09 0.984761 1.01547 0 0
50.466 2.03468e-09 0.984779 1.01546 0 0
50.526 2.03468e-09 0.984797 1.01544 0 0
50.586 2.03468e-09 0.984815 1.01542 0 0
50.646 2.03468e-09 0.984833 1.0154 0 0
50.706 2.03468e-09 0.984851 1.01538 0 0
50.766 2.03468e-09 0.984869 1.01536 0 0
50.826 2.03468e-09 0.984887 1.01535 0 0
50.886 2.03468e-09 0.984905 1.01533 0 0
50.946 2.03468e-09 0.984922 1.01531 0 0
51.006 2.03468e-09 0.98494 1.01529 0 0
51.066 2.03468e-09 0.984958 1.01527 0 0
51.126 2.03468e-09 0.984976 1.01525 0 0
51.186 2.03468e-09 0.984993 1.01524 0 0
51.246 2.03468e-09 0.985011 1.01522 0 0
51.306 2.03468e-09 0.985028 1.0152 0 0
51.366 2.03468e-09 0.985046 1.01518 0 0
51.426 2.03468e-09 0.985063 1.01516 0 0
51.486 2.03468e-09 0.985081 1.01515 0 0
51.546 2.03468e-09 0.985098 1.01513 0 0
51.606 2.03468e-09 0.985115 1.01511 0 0
51.666 2.03468e-09 0.985133 1.01509 0 0
51.726 2.03468e-09 0.98515 1.01507 0 0
51.786 2.03468e-09 0.985167 1.01506 0 0
51.846 2.03468e-09 0.985184 1.01504 0 0
51.906 2.03468e-09 0.985201 1.01502 0 0
51.966 2.03468e-09 0.985218 1.015 0 0
52.026 2.03468e-09 0.985235 1.01499 0 0
52.086 2.03468e-09 0.985252 1.01497 0 0
52.146 2.03468e-09 0.985269 1.01495 0 0
52.206 2.03468e-09 0.985286 1.01493 0 0
52.266 2.03468e-09 0.985303 1.01492 0 0
52.326 2.03468e-09 0.98532 1.0149 0 0
52.386 2.03468e-09 0.985337 1.01488 0 0
52.446 2.03468e-09 0.985354 1.01486 0 0
52.506 2.03468e-09 0.98537 1.01485 0 0
52.566 2.03468e-09 0.985387 1.01483 0 0
52.626 2.03468e-09 0.985404 1.01481 0 0
52.686 2.03468e-09 0.98542 1.0148 0 0
52.746 2.03468e-09 0.985437 1.01478 0 0
52.806 2.03468e-09 0.985454 1.01476 0 0
52.866 2.03468e-09 0.98547 1.01474 0 0
52.926 2.03468e-09 0.985487 1.01473 0 0
52.986 2.03468e-09 0.985503 1.01471 0 0
53.046 2.03468e-09 0.985519 1.01469 0 0
53.106 2.03468e-09 0.985536 1.01468 0 0
53.166 2.03468e-09 0.985552 1.01466 0 0
53.226 2.03468e-09 0.985568 1.01464 0 0
53.286 2.03468e-09 0.985585 1.01463 0 0
53.346 2.03468e-09 0.985601 1.01461 0 0
53.406 2.03468e-09 0.985617 1.01459 0 0
53.466 2.03468e-09 0.985633 1.01458 0 0
53.526 2.03468e-09 0.985649 1.01456 0 0
53.586 2.03468e-09 0.985665 1.01454 0 0
53.646 2.03468e-09 0.985681 1.01453 0 0
53.706 2.03468e-09 0.985697 1.01451 0 0
53.766 2.03468e-09 0.985713 1.01449 0 0
53.826 2.03468e-09 0.985729 1.01448 0 0
53.886 2.03468e-09 0.985745 1.01446 0 0
53.946 2.03468e-09 0.985761 1.01444 0 0
54.006 2.03468e-09 0.985777 1.01443 0 0
54.066 2.03468e-09 0.985793 1.01441 0 0
54.126 2.03468e-09 0.985808 1.0144 0 0
54.186 2.03468e-09 0.985824 1.01438 0 0
54.246 2.03468e-09 0.98584 1.01436 0 0
54.306 2.03468e-09 0.985855 1.01435 0 0
54.366 2.03468e-09 0.985871 1.01433 0 0
54.426 2.03468e-09 0.985887 1.01432 0 0
54.486 2.03468e-09 0.985902 1.0143 0 0
54.546 2.03468e-09 0.985918 1.01428 0 0
54.606 2.03468e-09 0.985933 1.01427 0 0
54.666 2.03468e-09 0.985948 1.01425 0 0
54.726 2.03468e-09 0.985964 1.01424 0 0
54.786 2.03468e-09 0.985979 1.01422 0 0
54.846 2.03468e-09 0.985995 1.0142 0 0
54.906 2.03468e-09 0.98601 1.01419 0 0
54.966 2.03468e-09 0.986025 1.01417 0 0
55.026 2.03468e-09 0.98604 1.01416 0 0
55.086 2.03468e-09 0.986056 1.01414 0 0
55.146 2.03468e-09 0.986071 1.01413 0 0
55.206 2.03468e-09 0.986086 1.01411 0 0
55.266 2.03468e-09 0.986101 1.01409 0 0
55.326 2.03468e-09 0.986116 1.01408 0 0
55.386 2.03468e-09 0.986131 1.01406 0 0
55.446 2.03468e-09 0.986146 1.01405 0 0
55.506 2.03468e-09 0.986161 1.01403 0 0
55.566 2.03468e-09 0.986176 1.01402 0 0
55.626 2.03468e-09 0.986191 1.014 0 0
55.686 2.03468e-09 0.986206 1.01399 0 0
55.746 2.03468e-09 0.986221 1.01397 0 0
55.806 2.03468e-09 0.986236 1.01396 0 0
55.866 2.03468e-09 0.98625 1.01394 0 0
55.926 2.03468e-09 0.986265 1.01393 0 0
55.986 2.03468e-09 0.98628 1.01391 0 0
56.046 2.03468e-09 0.986294 1.0139 0 0
56.106 2.03468e-09 0.986309 1.01388 0 0
56.166 2.03468e-09 0.986324 1.01387 0 0
56.226 2.03468e-09 0.986338 1.01385 0 0
56.286 2.03468e-09 0.986353 1.01384 0 0
56.346 2.03468e-09 0.986367 1.01382 0 0
56.406 2.03468e-09 0.986382 1.01381 0 0
56.466 2.03468e-09 0.986396 1.01379 0 0
56.526 2.03468e-09 0.986411 1.01378 0 0
56.586 2.03468e-09 0.986425 1.01376 0 0
56.646 2.03468e-09 0.98644 1.01375 0 0
56.706 2.03468e-09 0.986454 1.01373 0 0
56.766 2.03468e-09 0.986468 1.01372 0 0
56.826 2.03468e-09 0.986483 1.0137 0 0
56.886 2.03468e-09 0.986497 1.01369 0 0
56.946 2.03468e-09 0.986511 1.01367 0 0
57.006 2.03468e-09 0.986525 1.01366 0 0
57.066 2.03468e-09 0.986539 1.01364 0 0
57.126 2.03468e-09 0.986554 1.01363 0 0
57.186 2.03468e-09 0.986568 1.01362 0 0
57.246 2.03468e-09 0.986582 1.0136 0 0
57.306 2.03468e-09 0.986596 1.01359 0 0
57.366 2.03468e-09 0.98661 1.01357 0 0
57.426 2.03468e-09 0.986624 1.01356 0 0
57.486 2.03468e-09 0.986638 1.01354 0 0
57.546 2.03468e-09 0.986652 1.01353 0 0
57.606 2.03468e-09 0.986666 1.01351 0 0
57.666 2.03468e-09 0.986679 1.0135 0 0
57.726 2.03468e-09 0.986693 1.01349 0 0
57.786 2.03468e-09 0.986707 1.01347 0 0
57.846 2.03468e-09 0.986721 1.01346 0 0
57.906 2.03468e-09 0.986735 1.01344 0 0
57.966 2.03468e-09 0.986748 1.01343 0 0
58.026 2.03468e-09 0.986762 1.01342 0 0
58.086 2.03468e-09 0.986776 1.0134 0 0
58.146 2.03468e-09 0.986789 1.01339 0 0
58.206 2.03468e-09 0.986803 1.01337 0 0
58.266 2.03468e-09 0.986817 1.01336 0 0
58.326 2.03468e-09 0.98683 1.01335 0 0
58.386 2.03468e-09 0.986844 1.01333 0 0
58.446 2.03468e-09 0.986857 1.01332 0 0
58.506 2.03468e-09 0.986871 1.0133 0 0
58.566 2.03468e-09 0.986884 1.01329 0 0
58.626 2.03468e-09 0.986898 1.01328 0 0
58.686 2.03468e-09 0.986911 1.01326 0 0
58.746 2.03468e-09 0.986924 1.01325 0 0
58.806 2.03468e-09 0.986938 1.01324 0 0
58.866 2.03468e-09 0.986951 1.01322 0 0
58.926 2.03468e-09 0.986964 1.01321 0 0
58.986 2.03468e-09 0.986978 1.01319 0 0
59.046 2.03468e-09 0.986991 1.01318 0 0
59.106 2.03468e-09 0.987004 1.01317 0 0
59.166 2.03468e-09 0.987017 1.01315 0 0
59.226 2.03468e-09 0.98703 1.01314 0 0
59.286 2.03468e-09 0.987043 1.01313 0 0
59.346 2.03468e-09 0.987057 1.01311 0 0
59.406 2.03468e-09 0.98707 1.0131 0 0
59.466 2.03468e-09 0.987083 1.01309 0 0
59.526 2.03468e-09 0.987096 1.01307 0 0
59.586 2.03468e-09 0.987109 1.01306 0 0
59.646 2.03468e-09 0.987122 1.01305 0 0
59.706 2.03468e-09 0.987135 1.01303 0 0
59.766 2.03468e-09 0.987148 1.01302 0 0
59.826 2.03468e-09 0.98716 1.01301 0 0
59.886 2.03468e-09 0.987173 1.01299 0 0
59.946 2.03468e-09 0.987186 1.01298 0 0

