0.06 0.742586
0.006 0.112443 0.364273 1 5.02681e-05 0.000709
0.066 0.112313 0.364779 1.00073 4.97077e-05 0.000705037
0.126 0.111962 0.366133 1.00266 4.82304e-05 0.000694481
0.186 0.111393 0.368327 1.00577 4.58992e-05 0.00067749
0.246 0.110609 0.371356 1.01004 4.28095e-05 0.00065429
0.306 0.109611 0.375209 1.01542 3.9086e-05 0.000625188
0.366 0.108403 0.379871 1.02187 3.48762e-05 0.000590561
0.426 0.10699 0.385326 1.02933 3.03433e-05 0.000550847
0.486 0.105377 0.391552 1.03774 2.56579e-05 0.000506536
0.546 0.103567 0.398524 1.04703 2.09907e-05 0.000458156
0.606 0.101568 0.406212 1.05714 1.65051e-05 0.000406264
0.666 0.0993841 0.414578 1.068 1.23505e-05 0.000351433
0.726 0.0970232 0.423584 1.07955 8.65776e-06 0.000294241
0.786 0.0944917 0.433182 1.09174 5.53483e-06 0.000235262
0.846 0.0917969 0.443319 1.10451 3.06453e-06 0.000175058
0.906 0.0889469 0.453938 1.11782 1.30342e-06 0.000114168
0.966 0.0859502 0.464976 1.13165 2.81989e-07 5.31026e-05
1.026 0.0828167 0.476363 1.14598 0 0
1.086 0.0795581 0.488027 1.16086 0 0
1.146 0.0761885 0.499895 1.17631 0 0
1.206 0.0727263 0.511888 1.19228 0 0
1.266 0.0691963 0.523932 1.20866 0 0
1.326 0.0656312 0.535951 1.22522 0 0
1.386 0.0620727 0.547874 1.24163 0 0
1.446 0.058566 0.55964 1.25746 0 0
1.506 0.0551529 0.571196 1.27227 0 0
1.566 0.0518652 0.582501 1.28573 0 0
1.626 0.0487232 0.593521 1.29761 0 0
1.686 0.0457382 0.604235 1.30781 0 0
1.746 0.0429143 0.614624 1.31631 0 0
1.806 0.0402516 0.624679 1.32316 0 0
1.866 0.0377469 0.634393 1.32846 0 0
1.926 0.0353951 0.643767 1.33231 0 0
1.986 0.03319 0.6528 1.33484 0 0
2.046 0.0311246 0.661499 1.33618 0 0
2.106 0.0291918 0.66987 1.33648 0 0
2.166 0.0273839 0.67792 1.33586 0 0
2.226 0.0256937 0.68566 1.33445 0 0
2.286 0.0241139 0.693099 1.33234 0 0
2.346 0.0226375 0.700249 1.32966 0 0
2.406 0.0212577 0.707121 1.3265 0 0
2.466 0.0199683 0.713725 1.32293 0 0
2.526 0.018763 0.720074 1.31903 0 0
2.586 0.0176363 0.726178 1.31487 0 0
2.646 0.0165828 0.732049 1.3105 0 0
2.706 0.0155975 0.737696 1.30598 0 0
2.766 0.0146756 0.74313 1.30134 0 0
2.826 0.0138129 0.748361 1.29662 0 0
2.886 0.0130052 0.753399 1.29187 0 0
2.946 0.0122488 0.758253 1.28709 0 0
3.006 0.0115402 0.762931 1.28231 0 0
3.066 0.0108761 0.767441 1.27756 0 0
3.126 0.0102534 0.771793 1.27285 0 0
3.186 0.00966937 0.775992 1.26819 0 0
3.246 0.00912138 0.780046 1.26359 0 0
3.306 0.00860702 0.783962 1.25906 0 0
3.366 0.00812403 0.787746 1.2546 0 0
3.426 0.00767034 0.791405 1.25023 0 0
3.486 0.00724399 0.794944 1.24595 0 0
3.546 0.0068432 0.798368 1.24175 0 0
3.606 0.0064663 0.801684 1.23765 0 0
3.666 0.00611173 0.804894 1.23364 0 0
3.726 0.00577806 0.808005 1.22972 0 0
3.786 0.00546395 0.81102 1.2259 0 0
3.846 0.00516815 0.813944 1.22216 0 0
3.906 0.0048895 0.816781 1.21852 0 0
3.966 0.00462692 0.819534 1.21498 0 0
4.026 0.0043794 0.822207 1.21152 0 0
4.086 0.00414602 0.824803 1.20814 0 0
4.146 0.00392589 0.827325 1.20486 0 0
4.206 0.0037182 0.829777 1.20166 0 0
4.266 0.0035222 0.83216 1.19854 0 0
4.326 0.00333717 0.834479 1.1955 0 0
4.386 0.00316245 0.836735 1.19254 0 0
4.446 0.00299743 0.838931 1.18965 0 0
4.506 0.00284151 0.84107 1.18684 0 0
4.566 0.00269417 0.843152 1.18411 0 0
4.626 0.0025549 0.845182 1.18144 0 0
4.686 0.00242322 0.847159 1.17884 0 0
4.746 0.00229869 0.849088 1.17631 0 0
4.806 0.00218089 0.850968 1.17384 0 0
4.866 0.00206943 0.852802 1.17143 0 0
4.926 0.00196396 0.854593 1.16908 0 0
4.986 0.00186412 0.85634 1.16679 0 0
5.046 0.0017696 0.858046 1.16456 0 0
5.106 0.00168009 0.859712 1.16238 0 0
5.166 0.00159531 0.861339 1.16026 0 0
5.226 0.001515 0.86293 1.15818 0 0
5.286 0.0014389 0.864484 1.15616 0 0
5.346 0.00136678 0.866004 1.15418 0 0
5.406 0.00129842 0.86749 1.15226 0 0
5.466 0.00123361 0.868944 1.15037 0 0
5.526 0.00117216 0.870366 1.14853 0 0
5.586 0.00111387 0.871757 1.14674 0 0
5.646 0.00105859 0.873119 1.14498 0 0
5.706 0.00100613 0.874453 1.14326 0 0
5.766 0.000956364 0.875759 1.14159 0 0
5.826 0.000909128 0.877038 1.13995 0 0
5.886 0.000864292 0.878291 1.13834 0 0
5.946 0.000821726 0.879519 1.13677 0 0
6.006 0.000781308 0.880722 1.13524 0 0
6.066 0.000742925 0.881901 1.13374 0 0
6.126 0.000706467 0.883058 1.13227 0 0
6.186 0.000671832 0.884192 1.13083 0 0
6.246 0.000638925 0.885304 1.12942 0 0
6.306 0.000607654 0.886395 1.12804 0 0
6.366 0.000577932 0.887466 1.12669 0 0
6.426 0.000549679 0.888516 1.12537 0 0
6.486 0.000522818 0.889548 1.12408 0 0
6.546 0.000497275 0.89056 1.12281 0 0
6.606 0.000472983 0.891554 1.12156 0 0
6.666 0.000449876 0.89253 1.12034 0 0
6.726 0.000427892 0.893488 1.11915 0 0
6.786 0.000406975 0.89443 1.11797 0 0
6.846 0.000387067 0.895355 1.11682 0 0
6.906 0.000368118 0.896264 1.11569 0 0
6.966 0.000350077 0.897158 1.11459 0 0
7.026 0.000332899 0.898036 1.1135 0 0
7.086 0.000316538 0.8989 1.11244 0 0
7.146 0.000300953 0.899748 1.11139 0 0
7.206 0.000286104 0.900583 1.11036 0 0
7.266 0.000271953 0.901404 1.10935 0 0
7.326 0.000258465 0.902212 1.10836 0 0
7.386 0.000245605 0.903006 1.10739 0 0
7.446 0.000233341 0.903788 1.10643 0 0
7.506 0.000221643 0.904557 1.1055 0 0
7.566 0.000210482 0.905314 1.10457 0 0
7.626 0.00019983 0.906059 1.10367 0 0
7.686 0.000189662 0.906792 1.10277 0 0
7.746 0.000179951 0.907514 1.1019 0 0
7.806 0.000170675 0.908225 1.10104 0 0
7.866 0.000161811 0.908925 1.10019 0 0
7.926 0.000153339 0.909614 1.09936 0 0
7.986 0.000145237 0.910294 1.09854 0 0
8.046 0.000137486 0.910963 1.09773 0 0
8.106 0.000130069 0.911622 1.09694 0 0
8.166 0.000122967 0.912271 1.09616 0 0
8.226 0.000116164 0.912911 1.09539 0 0
8.286 0.000109645 0.913542 1.09464 0 0
8.346 0.000103393 0.914163 1.09389 0 0
8.406 9.73955e-05 0.914776 1.09316 0 0
8.466 9.16379e-05 0.91538 1.09244 0 0
8.526 8.61073e-05 0.915975 1.09173 0 0
8.586 8.07913e-05 0.916563 1.09103 0 0
8.646 7.56778e-05 0.917142 1.09034 0 0
8.706 7.07557e-05 0.917713 1.08966 0 0
8.766 6.60139e-05 0.918276 1.08899 0 0
8.826 6.14421e-05 0.918832 1.08834 0 0
8.886 5.70303e-05 0.91938 1.08769 0 0
8.946 5.2769e-05 0.91992 1.08705 0 0
9.006 4.86492e-05 0.920454 1.08642 0 0
9.066 4.46619e-05 0.920981 1.0858 0 0
9.126 4.07989e-05 0.9215 1.08519 0 0
9.186 3.70521e-05 0.922013 1.08458 0 0
9.246 3.34137e-05 0.922519 1.08399 0 0
9.306 2.98763e-05 0.923019 1.0834 0 0
9.366 2.64327e-05 0.923512 1.08282 0 0
9.426 2.3076e-05 0.923999 1.08225 0 0
9.486 1.97995e-05 0.924479 1.08169 0 0
9.546 1.65968e-05 0.924954 1.08113 0 0
9.606 1.34616e-05 0.925423 1.08059 0 0
9.666 1.03879e-05 0.925886 1.08005 0 0
9.726 7.3699e-06 0.926343 1.07951 0 0
9.786 4.40188e-06 0.926795 1.07899 0 0
9.846 1.47833e-06 0.927241 1.07847 0 0
9.906 1.12443e-09 0.927682 1.07796 0 0
9.966 1.12443e-09 0.928117 1.07745 0 0
10.026 1.12443e-09 0.928547 1.07695 0 0
10.086 1.12443e-09 0.928972 1.07646 0 0
10.146 1.12443e-09 0.929392 1.07597 0 0
10.206 1.12443e-09 0.929807 1.07549 0 0
10.266 1.12443e-09 0.930218 1.07502 0 0
10.326 1.12443e-09 0.930623 1.07455 0 0
10.386 1.12443e-09 0.931024 1.07409 0 0
10.446 1.12443e-09 0.93142 1.07363 0 0
10.506 1.12443e-09 0.931812 1.07318 0 0
10.566 1.12443e-09 0.932199 1.07273 0 0
10.626 1.12443e-09 0.932582 1.07229 0 0
10.686 1.12443e-09 0.93296 1.07186 0 0
10.746 1.12443e-09 0.933335 1.07143 0 0
10.806 1.12443e-09 0.933705 1.071 0 0
10.866 1.12443e-09 0.934071 1.07058 0 0
10.926 1.12443e-09 0.934433 1.07017 0 0
10.986 1.12443e-09 0.934791 1.06976 0 0
11.046 1.12443e-09 0.935145 1.06935 0 0
11.106 1.12443e-09 0.935496 1.06895 0 0
11.166 1.12443e-09 0.935842 1.06856 0 0
11.226 1.12443e-09 0.936185 1.06816 0 0
11.286 1.12443e-09 0.936524 1.06778 0 0
11.346 1.12443e-09 0.93686 1.0674 0 0
11.406 1.12443e-09 0.937192 1.06702 0 0
11.466 1.12443e-09 0.937521 1.06664 0 0
11.526 1.12443e-09 0.937846 1.06627 0 0
11.586 1.12443e-09 0.938168 1.06591 0 0
11.646 1.12443e-09 0.938486 1.06555 0 0
11.706 1.12443e-09 0.938802 1.06519 0 0
11.766 1.12443e-09 0.939114 1.06483 0 0
11.826 1.12443e-09 0.939423 1.06448 0 0
11.886 1.12443e-09 0.939729 1.06414 0 0
11.946 1.12443e-09 0.940031 1.06379 0 0
12.006 1.12443e-09 0.940331 1.06346 0 0
12.066 1.12443e-09 0.940628 1.06312 0 0
12.126 1.12443e-09 0.940921 1.06279 0 0
12.186 1.12443e-09 0.941212 1.06246 0 0
12.246 1.12443e-09 0.9415 1.06213 0 0
12.306 1.12443e-09 0.941786 1.06181 0 0
12.366 1.12443e-09 0.942068 1.06149 0 0
12.426 1.12443e-09 0.942348 1.06118 0 0
12.486 1.12443e-09 0.942625 1.06087 0 0
12.546 1.12443e-09 0.942899 1.06056 0 0
12.606 1.12443e-09 0.943171 1.06025 0 0
12.666 1.12443e-09 0.94344 1.05995 0 0
12.726 1.12443e-09 0.943707 1.05965 0 0
12.786 1.12443e-09 0.943971 1.05935 0 0
12.846 1.12443e-09 0.944233 1.05906 0 0
12.906 1.12443e-09 0.944492 1.05877 0 0
12.966 1.12443e-09 0.944749 1.05848 0 0
13.026 1.12443e-09 0.945003 1.0582 0 0
13.086 1.12443e-09 0.945256 1.05792 0 0
13.146 1.12443e-09 0.945505 1.05764 0 0
13.206 1.12443e-09 0.945753 1.05736 0 0
13.266 1.12443e-09 0.945998 1.05708 0 0
13.326 1.12443e-09 0.946241 1.05681 0 0
13.386 1.12443e-09 0.946482 1.05654 0 0
13.446 1.12443e-09 0.946721 1.05628 0 0
13.506 1.12443e-09 0.946958 1.05601 0 0
13.566 1.12443e-09 0.947193 1.05575 0 0
13.626 1.12443e-09 0.947425 1.05549 0 0
13.686 1.12443e-09 0.947656 1.05524 0 0
13.746 1.12443e-09 0.947884 1.05498 0 0
13.806 1.12443e-09 0.94811 1.05473 0 0
13.866 1.12443e-09 0.948335 1.05448 0 0
13.926 1.12443e-09 0.948558 1.05423 0 0
13.986 1.12443e-09 0.948778 1.05399 0 0
14.046 1.12443e-09 0.948997 1.05374 0 0
14.106 1.12443e-09 0.949214 1.0535 0 0
14.166 1.12443e-09 0.949429 1.05326 0 0
14.226 1.12443e-09 0.949642 1.05303 0 0
14.286 1.12443e-09 0.949854 1.05279 0 0
14.346 1.12443e-09 0.950064 1.05256 0 0
14.406 1.12443e-09 0.950272 1.05233 0 0
14.466 1.12443e-09 0.950478 1.0521 0 0
14.526 1.12443e-09 0.950682 1.05188 0 0
14.586 1.12443e-09 0.950885 1.05165 0 0
14.646 1.12443e-09 0.951087 1.05143 0 0
14.706 1.12443e-09 0.951286 1.05121 0 0
14.766 1.12443e-09 0.951484 1.05099 0 0
14.826 1.12443e-09 0.95168 1.05077 0 0
14.886 1.12443e-09 0.951875 1.05056 0 0
14.946 1.12443e-09 0.952068 1.05034 0 0
15.006 1.12443e-09 0.95226 1.05013 0 0
15.066 1.12443e-09 0.95245 1.04992 0 0
15.126 1.12443e-09 0.952639 1.04972 0 0
15.186 1.12443e-09 0.952826 1.04951 0 0
15.246 1.12443e-09 0.953012 1.04931 0 0
15.306 1.12443e-09 0.953196 1.0491 0 0
15.366 1.12443e-09 0.953378 1.0489 0 0
15.426 1.12443e-09 0.95356 1.0487 0 0
15.486 1.12443e-09 0.95374 1.0485 0 0
15.546 1.12443e-09 0.953918 1.04831 0 0
15.606 1.12443e-09 0.954095 1.04811 0 0
15.666 1.12443e-09 0.954271 1.04792 0 0
15.726 1.12443e-09 0.954446 1.04773 0 0
15.786 1.12443e-09 0.954619 1.04754 0 0
15.846 1.12443e-09 0.954791 1.04735 0 0
15.906 1.12443e-09 0.954961 1.04716 0 0
15.966 1.12443e-09 0.95513 1.04698 0 0
16.026 1.12443e-09 0.955298 1.04679 0 0
16.086 1.12443e-09 0.955465 1.04661 0 0
16.146 1.12443e-09 0.955631 1.04643 0 0
16.206 1.12443e-09 0.955795 1.04625 0 0
16.266 1.12443e-09 0.955958 1.04607 0 0
16.326 1.12443e-09 0.95612 1.04589 0 0
16.386 1.12443e-09 0.956281 1.04572 0 0
16.446 1.12443e-09 0.95644 1.04554 0 0
16.506 1.12443e-09 0.956598 1.04537 0 0
16.566 1.12443e-09 0.956756 1.0452 0 0
16.626 1.12443e-09 0.956912 1.04503 0 0
16.686 1.12443e-09 0.957067 1.04486 0 0
16.746 1.12443e-09 0.95722 1.04469 0 0
16.806 1.12443e-09 0.957373 1.04452 0 0
16.866 1.12443e-09 0.957525 1.04436 0 0
16.926 1.12443e-09 0.957675 1.0442 0 0
16.986 1.12443e-09 0.957825 1.04403 0 0
17.046 1.12443e-09 0.957973 1.04387 0 0
17.106 1.12443e-09 0.958121 1.04371 0 0
17.166 1.12443e-09 0.958267 1.04355 0 0
17.226 1.12443e-09 0.958412 1.04339 0 0
17.286 1.12443e-09 0.958557 1.04323 0 0
17.346 1.12443e-09 0.9587 1.04308 0 0
17.406 1.12443e-09 0.958843 1.04292 0 0
17.466 1.12443e-09 0.958984 1.04277 0 0
17.526 1.12443e-09 0.959124 1.04262 0 0
17.586 1.12443e-09 0.959264 1.04247 0 0
17.646 1.12443e-09 0.959402 1.04232 0 0
17.706 1.12443e-09 0.95954 1.04217 0 0
17.766 1.12443e-09 0.959677 1.04202 0 0
17.826 1.12443e-09 0.959812 1.04187 0 0
17.886 1.12443e-09 0.959947 1.04172 0 0
17.946 1.12443e-09 0.960081 1.04158 0 0
18.006 1.12443e-09 0.960214 1.04143 0 0
18.066 1.12443e-09 0.960346 1.04129 0 0
18.126 1.12443e-09 0.960477 1.04115 0 0
18.186 1.12443e-09 0.960608 1.04101 0 0
18.246 1.12443e-09 0.960737 1.04087 0 0
18.306 1.12443e-09 0.960866 1.04073 0 0
18.366 1.12443e-09 0.960994 1.04059 0 0
18.426 1.12443e-09 0.961121 1.04045 0 0
18.486 1.12443e-09 0.961247 1.04032 0 0
18.546 1.12443e-09 0.961372 1.04018 0 0
18.606 1.12443e-09 0.961497 1.04004 0 0
18.666 1.12443e-09 0.961621 1.03991 0 0
18.726 1.12443e-09 0.961744 1.03978 0 0
18.786 1.12443e-09 0.961866 1.03965 0 0
18.846 1.12443e-09 0.961987 1.03951 0 0
18.906 1.12443e-09 0.962108 1.03938 0 0
18.966 1.12443e-09 0.962228 1.03925 0 0
19.026 1.12443e-09 0.962347 1.03913 0 0
19.086 1.12443e-09 0.962465 1.039 0 0
19.146 1.12443e-09 0.962583 1.03887 0 0
19.206 1.12443e-09 0.9627 1.03875 0 0
19.266 1.12443e-09 0.962816 1.03862 0 0
19.326 1.12443e-09 0.962931 1.0385 0 0
19.386 1.12443e-09 0.963046 1.03837 0 0
19.446 1.12443e-09 0.96316 1.03825 0 0
19.506 1.12443e-09 0.963274 1.03813 0 0
19.566 1.12443e-09 0.963386 1.03801 0 0
19.626 1.12443e-09 0.963498 1.03788 0 0
19.686 1.12443e-09 0.963609 1.03776 0 0
19.746 1.12443e-09 0.96372 1.03765 0 0
19.806 1.12443e-09 0.96383 1.03753 0 0
19.866 1.12443e-09 0.963939 1.03741 0 0
19.926 1.12443e-09 0.964048 1.03729 0 0
19.986 1.12443e-09 0.964156 1.03718 0 0
20.046 1.12443e-09 0.964263 1.03706 0 0
20.106 1.12443e-09 0.96437 1.03695 0 0
20.166 1.12443e-09 0.964476 1.03683 0 0
20.226 1.12443e-09 0.964581 1.03672 0 0
20.286 1.12443e-09 0.964686 1.03661 0 0
20.346 1.12443e-09 0.96479 1.0365 0 0
20.406 1.12443e-09 0.964893 1.03638 0 0
20.466 1.12443e-09 0.964996 1.03627 0 0
20.526 1.12443e-09 0.965099 1.03616 0 0
20.586 1.12443e-09 0.9652 1.03605 0 0
20.646 1.12443e-09 0.965301 1.03595 0 0
20.706 1.12443e-09 0.965402 1.03584 0 0
20.766 1.12443e-09 0.965502 1.03573 0 0
20.826 1.12443e-09 0.965601 1.03562 0 0
20.886 1.12443e-09 0.9657 1.03552 0 0
20.946 1.12443e-09 0.965798 1.03541 0 0
21.006 1.12443e-09 0.965896 1.03531 0 0
21.066 1.12443e-09 0.965993 1.0352 0 0
21.126 1.12443e-09 0.96609 1.0351 0 0
21.186 1.12443e-09 0.966186 1.035 0 0
21.246 1.12443e-09 0.966281 1.0349 0 0
21.306 1.12443e-09 0.966376 1.03479 0 0
21.366 1.12443e-09 0.966471 1.03469 0 0
21.426 1.12443e-09 0.966565 1.03459 0 0
21.486 1.12443e-09 0.966658 1.03449 0 0
21.546 1.12443e-09 0.966751 1.03439 0 0
21.606 1.12443e-09 0.966843 1.03429 0 0
21.666 1.12443e-09 0.966935 1.0342 0 0
21.726 1.12443e-09 0.967026 1.0341 0 0
21.786 1.12443e-09 0.967117 1.034 0 0
21.846 1.12443e-09 0.967207 1.0339 0 0
21.906 1.12443e-09 0.967297 1.03381 0 0
21.966 1.12443e-09 0.967387 1.03371 0 0
22.026 1.12443e-09 0.967475 1.03362 0 0
22.086 1.12443e-09 0.967564 1.03352 0 0
22.146 1.12443e-09 0.967652 1.03343 0 0
22.206 1.12443e-09 0.967739 1.03334 0 0
22.266 1.12443e-09 0.967826 1.03324 0 0
22.326 1.12443e-09 0.967912 1.03315 0 0
22.386 1.12443e-09 0.967998 1.03306 0 0
22.446 1.12443e-09 0.968084 1.03297 0 0
22.506 1.12443e-09 0.968169 1.03288 0 0
22.566 1.12443e-09 0.968254 1.03279 0 0
22.626 1.12443e-09 0.968338 1.0327 0 0
22.686 1.12443e-09 0.968422 1.03261 0 0
22.746 1.12443e-09 0.968505 1.03252 0 0
22.806 1.12443e-09 0.968588 1.03243 0 0
22.866 1.12443e-09 0.96867 1.03234 0 0
22.926 1.12443e-09 0.968752 1.03226 0 0
22.986 1.12443e-09 0.968834 1.03217 0 0
23.046 1.12443e-09 0.968915 1.03208 0 0
23.106 1.12443e-09 0.968996 1.032 0 0
23.166 1.12443e-09 0.969076 1.03191 0 0
23.226 1.12443e-09 0.969156 1.03183 0 0
23.286 1.12443e-09 0.969235 1.03174 0 0
23.346 1.12443e-09 0.969314 1.03166 0 0
23.406 1.12443e-09 0.969393 1.03157 0 0
23.466 1.12443e-09 0.969471 1.03149 0 0
23.526 1.12443e-09 0.969549 1.03141 0 0
23.586 1.12443e-09 0.969627 1.03132 0 0
23.646 1.12443e-09 0.969704 1.03124 0 0
23.706 1.12443e-09 0.96978 1.03116 0 0
23.766 1.12443e-09 0.969857 1.03108 0 0
23.826 1.12443e-09 0.969933 1.031 0 0
23.886 1.12443e-09 0.970008 1.03092 0 0
23.946 1.12443e-09 0.970083 1.03084 0 0
24.006 1.12443e-09 0.970158 1.03076 0 0
24.066 1.12443e-09 0.970232 1.03068 0 0
24.126 1.12443e-09 0.970306 1.0306 0 0
24.186 1.12443e-09 0.97038 1.03052 0 0
24.246 1.12443e-09 0.970453 1.03045 0 0
24.306 1.12443e-09 0.970526 1.03037 0 0
24.366 1.12443e-09 0.970599 1.03029 0 0
24.426 1.12443e-09 0.970671 1.03022 0 0
24.486 1.12443e-09 0.970743 1.03014 0 0
24.546 1.12443e-09 0.970815 1.03006 0 0
24.606 1.12443e-09 0.970886 1.02999 0 0
24.666 1.12443e-09 0.970957 1.02991 0 0
24.726 1.12443e-09 0.971027 1.02984 0 0
24.786 1.12443e-09 0.971097 1.02976 0 0
24.846 1.12443e-09 0.971167 1.02969 0 0
24.906 1.12443e-09 0.971236 1.02962 0 0
24.966 1.12443e-09 0.971306 1.02954 0 0
25.026 1.12443e-09 0.971374 1.02947 0 0
25.086 1.12443e-09 0.971443 1.0294 0 0
25.146 1.12443e-09 0.971511 1.02932 0 0
25.206 1.12443e-09 0.971579 1.02925 0 0
25.266 1.12443e-09 0.971646 1.02918 0 0
25.326 1.12443e-09 0.971713 1.02911 0 0
25.386 1.12443e-09 0.97178 1.02904 0 0
25.446 1.12443e-09 0.971847 1.02897 0 0
25.506 1.12443e-09 0.971913 1.0289 0 0
25.566 1.12443e-09 0.971979 1.02883 0 0
25.626 1.12443e-09 0.972045 1.02876 0 0
25.686 1.12443e-09 0.97211 1.02869 0 0
25.746 1.12443e-09 0.972175 1.02862 0 0
25.806 1.12443e-09 0.97224 1.02855 0 0
25.866 1.12443e-09 0.972304 1.02848 0 0
25.926 1.12443e-09 0.972368 1.02842 0 0
25.986 1.12443e-09 0.972432 1.02835 0 0
26.046 1.12443e-09 0.972495 1.02828 0 0
26.106 1.12443e-09 0.972559 1.02822 0 0
26.166 1.12443e-09 0.972621 1.02815 0 0
26.226 1.12443e-09 0.972684 1.02808 0 0
26.286 1.12443e-09 0.972746 1.02802 0 0
26.346 1.12443e-09 0.972809 1.02795 0 0
26.406 1.12443e-09 0.97287 1.02789 0 0
26.466 1.12443e-09 0.972932 1.02782 0 0
26.526 1.12443e-09 0.972993 1.02776 0 0
26.586 1.12443e-09 0.973054 1.02769 0 0
26.646 1.12443e-09 0.973115 1.02763 0 0
26.706 1.12443e-09 0.973175 1.02756 0 0
26.766 1.12443e-09 0.973235 1.0275 0 0
26.826 1.12443e-09 0.973295 1.02744 0 0
26.886 1.12443e-09 0.973355 1.02737 0 0
26.946 1.12443e-09 0.973414 1.02731 0 0
27.006 1.12443e-09 0.973473 1.02725 0 0
27.066 1.12443e-09 0.973532 1.02719 0 0
27.126 1.12443e-09 0.97359 1.02713 0 0
27.186 1.12443e-09 0.973649 1.02706 0 0
27.246 1.12443e-09 0.973707 1.027 0 0
27.306 1.12443e-09 0.973765 1.02694 0 0
27.366 1.12443e-09 0.973822 1.02688 0 0
27.426 1.12443e-09 0.973879 1.02682 0 0
27.486 1.12443e-09 0.973936 1.02676 0 0
27.546 1.12443e-09 0.973993 1.0267 0 0
27.606 1.12443e-09 0.97405 1.02664 0 0
27.666 1.12443e-09 0.974106 1.02658 0 0
27.726 1.12443e-09 0.974162 1.02652 0 0
27.786 1.12443e-09 0.974218 1.02646 0 0
27.846 1.12443e-09 0.974273 1.02641 0 0
27.906 1.12443e-09 0.974329 1.02635 0 0
27.966 1.12443e-09 0.974384 1.02629 0 0
28.026 1.12443e-09 0.974439 1.02623 0 0
28.086 1.12443e-09 0.974493 1.02617 0 0
28.146 1.12443e-09 0.974547 1.02612 0 0
28.206 1.12443e-09 0.974602 1.02606 0 0
28.266 1.12443e-09 0.974656 1.026 0 0
28.326 1.12443e-09 0.974709 1.02595 0 0
28.386 1.12443e-09 0.974763 1.02589 0 0
28.446 1.12443e-09 0.974816 1.02583 0 0
28.506 1.12443e-09 0.974869 1.02578 0 0
28.566 1.12443e-09 0.974922 1.02572 0 0
28.626 1.12443e-09 0.974974 1.02567 0 0
28.686 1.12443e-09 0.975027 1.02561 0 0
28.746 1.12443e-09 0.975079 1.02556 0 0
28.806 1.12443e-09 0.975131 1.0255 0 0
28.866 1.12443e-09 0.975182 1.02545 0 0
28.926 1.12443e-09 0.975234 1.0254 0 0
28.986 1.12443e-09 0.975285 1.02534 0 0
29.046 1.12443e-09 0.975336 1.02529 0 0
29.106 1.12443e-09 0.975387 1.02523 0 0
29.166 1.12443e-09 0.975438 1.02518 0 0
29.226 1.12443e-09 0.975488 1.02513 0 0
29.286 1.12443e-09 0.975538 1.02508 0 0
29.346 1.12443e-09 0.975588 1.02502 0 0
29.406 1.12443e-09 0.975638 1.02497 0 0
29.466 1.12443e-09 0.975688 1.02492 0 0
29.526 1.12443e-09 0.975737 1.02487 0 0
29.586 1.12443e-09 0.975786 1.02481 0 0
29.646 1.12443e-09 0.975835 1.02476 0 0
29.706 1.12443e-09 0.975884 1.02471 0 0
29.766 1.12443e-09 0.975933 1.02466 0 0
29.826 1.12443e-09 0.975981 1.02461 0 0
29.886 1.12443e-09 0.976029 1.02456 0 0
29.946 1.12443e-09 0.976077 1.02451 0 0
30.006 1.12443e-09 0.976125 1.02446 0 0
30.066 1.12443e-09 0.976173 1.02441 0 0
30.126 1.12443e-09 0.97622 1.02436 0 0
30.186 1.12443e-09 0.976268 1.02431 0 0
30.246 1.12443e-09 0.976315 1.02426 0 0
30.306 1.12443e-09 0.976362 1.02421 0 0
30.366 1.12443e-09 0.976408 1.02416 0 0
30.426 1.12443e-09 0.976455 1.02411 0 0
30.486 1.12443e-09 0.976501 1.02406 0 0
30.546 1.12443e-09 0.976547 1.02402 0 0
30.606 1.12443e-09 0.976593 1.02397 0 0
30.666 1.12443e-09 0.976639 1.02392 0 0
30.726 1.12443e-09 0.976685 1.02387 0 0
30.786 1.12443e-09 0.97673 1.02382 0 0
30.846 1.12443e-09 0.976775 1.02378 0 0
30.906 1.12443e-09 0.97682 1.02373 0 0
30.966 1.12443e-09 0.976865 1.02368 0 0
31.026 1.12443e-09 0.97691 1.02364 0 0
31.086 1.12443e-09 0.976955 1.02359 0 0
31.146 1.12443e-09 0.976999 1.02354 0 0
31.206 1.12443e-09 0.977043 1.0235 0 0
31.266 1.12443e-09 0.977087 1.02345 0 0
31.326 1.12443e-09 0.977131 1.0234 0 0
31.386 1.12443e-09 0.977175 1.02336 0 0
31.446 1.12443e-09 0.977219 1.02331 0 0
31.506 1.12443e-09 0.977262 1.02327 0 0
31.566 1.12443e-09 0.977305 1.02322 0 0
31.626 1.12443e-09 0.977348 1.02318 0 0
31.686 1.12443e-09 0.977391 1.02313 0 0
31.746 1.12443e-09 0.977434 1.02309 0 0
31.806 1.12443e-09 0.977476 1.02304 0 0
31.866 1.12443e-09 0.977519 1.023 0 0
31.926 1.12443e-09 0.977561 1.02295 0 0
31.986 1.12443e-09 0.977603 1.02291 0 0
32.046 1.12443e-09 0.977645 1.02287 0 0
32.106 1.12443e-09 0.977687 1.02282 0 0
32.166 1.12443e-09 0.977728 1.02278 0 0
32.226 1.12443e-09 0.97777 1.02274 0 0
32.286 1.12443e-09 0.977811 1.02269 0 0
32.346 1.12443e-09 0.977852 1.02265 0 0
32.406 1.12443e-09 0.977893 1.02261 0 0
32.466 1.12443e-09 0.977934 1.02256 0 0
32.526 1.12443e-09 0.977975 1.02252 0 0
32.586 1.12443e-09 0.978016 1.02248 0 0
32.646 1.12443e-09 0.978056 1.02244 0 0
32.706 1.12443e-09 0.978096 1.02239 0 0
32.766 1.12443e-09 0.978136 1.02235 0 0
32.826 1.12443e-09 0.978176 1.02231 0 0
32.886 1.12443e-09 0.978216 1.02227 0 0
32.946 1.12443e-09 0.978256 1.02223 0 0
33.006 1.12443e-09 0.978295 1.02219 0 0
33.066 1.12443e-09 0.978335 1.02215 0 0
33.126 1.12443e-09 0.978374 1.0221 0 0
33.186 1.12443e-09 0.978413 1.02206 0 0
33.246 1.12443e-09 0.978452 1.02202 0 0
33.306 1.12443e-09 0.978491 1.02198 0 0
33.366 1.12443e-09 0.978529 1.02194 0 0
33.426 1.12443e-09 0.978568 1.0219 0 0
33.486 1.12443e-09 0.978606 1.02186 0 0
33.546 1.12443e-09 0.978645 1.02182 0 0
33.606 1.12443e-09 0.978683 1.02178 0 0
33.666 1.12443e-09 0.978721 1.02174 0 0
33.726 1.12443e-09 0.978759 1.0217 0 0
33.786 1.12443e-09 0.978796 1.02166 0 0
33.846 1.12443e-09 0.978834 1.02162 0 0
33.906 1.12443e-09 0.978871 1.02158 0 0
33.966 1.12443e-09 0.978909 1.02155 0 0
34.026 1.12443e-09 0.978946 1.02151 0 0
34.086 1.12443e-09 0.978983 1.02147 0 0
34.146 1.12443e-09 0.97902 1.02143 0 0
34.206 1.12443e-09 0.979057 1.02139 0 0
34.266 1.12443e-09 0.979093 1.02135 0 0
34.326 1.12443e-09 0.97913 1.02131 0 0
34.386 1.12443e-09 0.979166 1.02128 0 0
34.446 1.12443e-09 0.979203 1.02124 0 0
34.506 1.12443e-09 0.979239 1.0212 0 0
34.566 1.12443e-09 0.979275 1.02116 0 0
34.626 1.12443e-09 0.979311 1.02113 0 0
34.686 1.12443e-09 0.979347 1.02109 0 0
34.746 1.12443e-09 0.979382 1.02105 0 0
34.806 1.12443e-09 0.979418 1.02101 0 0
34.866 1.12443e-09 0.979453 1.02098 0 0
34.926 1.12443e-09 0.979488 1.02094 0 0
34.986 1.12443e-09 0.979524 1.0209 0 0
35.046 1.12443e-09 0.979559 1.02087 0 0
35.106 1.12443e-09 0.979594 1.02083 0 0
35.166 1.12443e-09 0.979628 1.0208 0 0
35.226 1.12443e-09 0.979663 1.02076 0 0
35.286 1.12443e-09 0.979698 1.02072 0 0
35.346 1.12443e-09 0.979732 1.02069 0 0
35.406 1.12443e-09 0.979767 1.02065 0 0
35.466 1.12443e-09 0.979801 1.02062 0 0
35.526 1.12443e-09 0.979835 1.02058 0 0
35.586 1.12443e-09 0.979869 1.02054 0 0
35.646 1.12443e-09 0.979903 1.02051 0 0
35.706 1.12443e-09 0.979937 1.02047 0 0
35.766 1.12443e-09 0.97997 1.02044 0 0
35.826 1.12443e-09 0.980004 1.0204 0 0
35.886 1.12443e-09 0.980037 1.02037 0 0
35.946 1.12443e-09 0.98007 1.02033 0 0
36.006 1.12443e-09 0.980104 1.0203 0 0
36.066 1.12443e-09 0.980137 1.02027 0 0
36.126 1.12443e-09 0.98017 1.02023 0 0
36.186 1.12443e-09 0.980203 1.0202 0 0
36.246 1.12443e-09 0.980235 1.02016 0 0
36.306 1.12443e-09 0.980268 1.02013 0 0
36.366 1.12443e-09 0.980301 1.0201 0 0
36.426 1.12443e-09 0.980333 1.02006 0 0
36.486 1.12443e-09 0.980365 1.02003 0 0
36.546 1.12443e-09 0.980398 1.01999 0 0
36.606 1.12443e-09 0.98043 1.01996 0 0
36.666 1.12443e-09 0.980462 1.01993 0 0
36.726 1.12443e-09 0.980494 1.01989 0 0
36.786 1.12443e-09 0.980526 1.01986 0 0
36.846 1.12443e-09 0.980557 1.01983 0 0
36.906 1.12443e-09 0.980589 1.0198 0 0
36.966 1.12443e-09 0.98062 1.01976 0 0
37.026 1.12443e-09 0.980652 1.01973 0 0
37.086 1.12443e-09 0.980683 1.0197 0 0
37.146 1.12443e-09 0.980714 1.01966 0 0
37.206 1.12443e-09 0.980745 1.01963 0 0
37.266 1.12443e-09 0.980776 1.0196 0 0
37.326 1.12443e-09 0.980807 1.01957 0 0
37.386 1.12443e-09 0.980838 1.01954 0 0
37.446 1.12443e-09 0.980869 1.0195 0 0
37.506 1.12443e-09 0.980899 1.01947 0 0
37.566 1.12443e-09 0.98093 1.01944 0 0
37.626 1.12443e-09 0.98096 1.01941 0 0
37.686 1.12443e-09 0.980991 1.01938 0 0
37.746 1.12443e-09 0.981021 1.01935 0 0
37.806 1.12443e-09 0.981051 1.01932 0 0
37.866 1.12443e-09 0.981081 1.01928 0 0
37.926 1.12443e-09 0.981111 1.01925 0 0
37.986 1.12443e-09 0.981141 1.01922 0 0
38.046 1.12443e-09 0.981171 1.01919 0 0
38.106 1.12443e-09 0.9812 1.01916 0 0
38.166 1.12443e-09 0.98123 1.01913 0 0
38.226 1.12443e-09 0.981259 1.0191 0 0
38.286 1.12443e-09 0.981289 1.01907 0 0
38.346 1.12443e-09 0.981318 1.01904 0 0
38.406 1.12443e-09 0.981347 1.01901 0 0
38.466 1.12443e-09 0.981376 1.01898 0 0
38.526 1.12443e-09 0.981405 1.01895 0 0
38.586 1.12443e-09 0.981434 1.01892 0 0
38.646 1.12443e-09 0.981463 1.01889 0 0
38.706 1.12443e-09 0.981492 1.01886 0 0
38.766 1.12443e-09 0.98152 1.01883 0 0
38.826 1.12443e-09 0.981549 1.0188 0 0
38.886 1.12443e-09 0.981577 1.01877 0 0
38.946 1.12443e-09 0.981606 1.01874 0 0
39.006 1.12443e-09 0.981634 1.01871 0 0
39.066 1.12443e-09 0.981662 1.01868 0 0
39.126 1.12443e-09 0.98169 1.01865 0 0
39.186 1.12443e-09 0.981718 1.01862 0 0
39.246 1.12443e-09 0.981746 1.01859 0 0
39.306 1.12443e-09 0.981774 1.01856 0 0
39.366 1.12443e-09 0.981802 1.01854 0 0
39.426 1.12443e-09 0.98183 1.01851 0 0
39.486 1.12443e-09 0.981857 1.01848 0 0
39.546 1.12443e-09 0.981885 1.01845 0 0
39.606 1.12443e-09 0.981912 1.01842 0 0
39.666 1.12443e-09 0.98194 1.01839 0 0
39.726 1.12443e-09 0.981967 1.01836 0 0
39.786 1.12443e-09 0.981994 1.01834 0 0
39.846 1.12443e-09 0.982021 1.01831 0 0
39.906 1.12443e-09 0.982048 1.01828 0 0
39.966 1.12443e-09 0.982075 1.01825 0 0
40.026 1.12443e-09 0.982102 1.01822 0 0
40.086 1.12443e-09 0.982129 1.0182 0 0
40.146 1.12443e-09 0.982155 1.01817 0 0
40.206 1.12443e-09 0.982182 1.01814 0 0
40.266 1.12443e-09 0.982209 1.01811 0 0
40.326 1.12443e-09 0.982235 1.01809 0 0
40.386 1.12443e-09 0.982262 1.01806 0 0
40.446 1.12443e-09 0.982288 1.01803 0 0
40.506 1.12443e-09 0.982314 1.018 0 0
40.566 1.12443e-09 0.98234 1.01798 0 0
40.626 1.12443e-09 0.982366 1.01795 0 0
40.686 1.12443e-09 0.982392 1.01792 0 0
40.746 1.12443e-09 0.982418 1.0179 0 0
40.806 1.12443e-09 0.982444 1.01787 0 0
40.866 1.12443e-09 0.98247 1.01784 0 0
40.926 1.12443e-09 0.982496 1.01782 0 0
40.986 1.12443e-09 0.982521 1.01779 0 0
41.046 1.12443e-09 0.982547 1.01776 0 0
41.106 1.12443e-09 0.982572 1.01774 0 0
41.166 1.12443e-09 0.982598 1.01771 0 0
41.226 1.12443e-09 0.982623 1.01768 0 0
41.286 1.12443e-09 0.982648 1.01766 0 0
41.346 1.12443e-09 0.982673 1.01763 0 0
41.406 1.12443e-09 0.982698 1.01761 0 0
41.466 1.12443e-09 0.982724 1.01758 0 0
41.526 1.12443e-09 0.982748 1.01755 0 0
41.586 1.12443e-09 0.982773 1.01753 0 0
41.646 1.12443e-09 0.982798 1.0175 0 0
41.706 1.12443e-09 0.982823 1.01748 0 0
41.766 1.12443e-09 0.982848 1.01745 0 0
41.826 1.12443e-09 0.982872 1.01743 0 0
41.886 1.12443e-09 0.982897 1.0174 0 0
41.946 1.12443e-09 0.982921 1.01738 0 0
42.006 1.12443e-09 0.982946 1.01735 0 0
42.066 1.12443e-09 0.98297 1.01733 0 0
42.126 1.12443e-09 0.982994 1.0173 0 0
42.186 1.12443e-09 0.983018 1.01727 0 0
42.246 1.12443e-09 0.983043 1.01725 0 0
42.306 1.12443e-09 0.983067 1.01723 0 0
42.366 1.12443e-09 0.983091 1.0172 0 0
42.426 1.12443e-09 0.983114 1.01718 0 0
42.486 1.12443e-09 0.983138 1.01715 0 0
42.546 1.12443e-09 0.983162 1.01713 0 0
42.606 1.12443e-09 0.983186 1.0171 0 0
42.666 1.12443e-09 0.983209 1.01708 0 0
42.726 1.12443e-09 0.983233 1.01705 0 0
42.786 1.12443e-09 0.983257 1.01703 0 0
42.846 1.12443e-09 0.98328 1.017 0 0
42.906 1.12443e-09 0.983303 1.01698 0 0
42.966 1.12443e-09 0.983327 1.01696 0 0
43.026 1.12443e-09 0.98335 1.01693 0 0
43.086 1.12443e-09 0.983373 1.01691 0 0
43.146 1.12443e-09 0.983396 1.01688 0 0
43.206 1.12443e-09 0.983419 1.01686 0 0
43.266 1.12443e-09 0.983442 1.01684 0 0
43.326 1.12443e-09 0.983465 1.01681 0 0
43.386 1.12443e-09 0.983488 1.01679 0 0
43.446 1.12443e-09 0.983511 1.01677 0 0
43.506 1.12443e-09 0.983534 1.01674 0 0
43.566 1.12443e-09 0.983556 1.01672 0 0
43.626 1.12443e-09 0.983579 1.0167 0 0
43.686 1.12443e-09 0.983601 1.01667 0 0
43.746 1.12443e-09 0.983624 1.01665 0 0
43.806 1.12443e-09 0.983646 1.01663 0 0
43.866 1.12443e-09 0.983669 1.0166 0 0
43.926 1.12443e-09 0.983691 1.01658 0 0
43.986 1.12443e-09 0.983713 1.01656 0 0
44.046 1.12443e-09 0.983735 1.01653 0 0
44.106 1.12443e-09 0.983758 1.01651 0 0
44.166 1.12443e-09 0.98378 1.01649 0 0
44.226 1.12443e-09 0.983802 1.01647 0 0
44.286 1.12443e-09 0.983824 1.01644 0 0
44.346 1.12443e-09 0.983846 1.01642 0 0
44.406 1.12443e-09 0.983867 1.0164 0 0
44.466 1.12443e-09 0.983889 1.01637 0 0
44.526 1.12443e-09 0.983911 1.01635 0 0
44.586 1.12443e-09 0.983932 1.01633 0 0
44.646 1.12443e-09 0.983954 1.01631 0 0
44.706 1.12443e-09 0.983976 1.01629 0 0
44.766 1.12443e-09 0.983997 1.01626 0 0
44.826 1.12443e-09 0.984019 1.01624 0 0
44.886 1.12443e-09 0.98404 1.01622 0 0
44.946 1.12443e-09 0.984061 1.0162 0 0
45.006 1.12443e-09 0.984082 1.01618 0 0
45.066 1.12443e-09 0.984104 1.01615 0 0
45.126 1.12443e-09 0.984125 1.01613 0 0
45.186 1.12443e-09 0.984146 1.01611 0 0
45.246 1.12443e-09 0.984167 1.01609 0 0
45.306 1.12443e-09 0.984188 1.01607 0 0
45.366 1.12443e-09 0.984209 1.01604 0 0
45.426 1.12443e-09 0.98423 1.01602 0 0
45.486 1.12443e-09 0.98425 1.016 0 0
45.546 1.12443e-09 0.984271 1.01598 0 0
45.606 1.12443e-09 0.984292 1.01596 0 0
45.666 1.12443e-09 0.984312 1.01594 0 0
45.726 1.12443e-09 0.984333 1.01592 0 0
45.786 1.12443e-09 0.984354 1.0159 0 0
45.846 1.12443e-09 0.984374 1.01587 0 0
45.906 1.12443e-09 0.984394 1.01585 0 0
45.966 1.12443e-09 0.984415 1.01583 0 0
46.026 1.12443e-09 0.984435 1.01581 0 0
46.086 1.12443e-09 0.984455 1.01579 0 0
46.146 1.12443e-09 0.984476 1.01577 0 0
46.206 1.12443e-09 0.984496 1.01575 0 0
46.266 1.12443e-09 0.984516 1.01573 0 0
46.326 1.12443e-09 0.984536 1.01571 0 0
46.386 1.12443e-09 0.984556 1.01569 0 0
46.446 1.12443e-09 0.984576 1.01567 0 0
46.506 1.12443e-09 0.984596 1.01565 0 0
46.566 1.12443e-09 0.984616 1.01562 0 0
46.626 1.12443e-09 0.984635 1.0156 0 0
46.686 1.12443e-09 0.984655 1.01558 0 0
46.746 1.12443e-09 0.984675 1.01556 0 0
46.806 1.12443e-09 0.984695 1.01554 0 0
46.866 1.12443e-09 0.984714 1.01552 0 0
46.926 1.12443e-09 0.984734 1.0155 0 0
46.986 1.12443e-09 0.984753 1.01548 0 0
47.046 1.12443e-09 0.984773 1.01546 0 0
47.106 1.12443e-09 0.984792 1.01544 0 0
47.166 1.12443e-09 0.984811 1.01542 0 0
47.226 1.12443e-09 0.984831 1.0154 0 0
47.286 1.12443e-09 0.98485 1.01538 0 0
47.346 1.12443e-09 0.984869 1.01536 0 0
47.406 1.12443e-09 0.984888 1.01534 0 0
47.466 1.12443e-09 0.984907 1.01532 0 0
47.526 1.12443e-09 0.984926 1.0153 0 0
47.586 1.12443e-09 0.984945 1.01528 0 0
47.646 1.12443e-09 0.984964 1.01527 0 0
47.706 1.12443e-09 0.984983 1.01525 0 0
47.766 1.12443e-09 0.985002 1.01523 0 0
47.826 1.12443e-09 0.985021 1.01521 0 0
47.886 1.12443e-09 0.98504 1.01519 0 0
47.946 1.12443e-09 0.985058 1.01517 0 0
48.006 1.12443e-09 0.985077 1.01515 0 0
48.066 1.12443e-09 0.985096 1.01513 0 0
48.126 1.12443e-09 0.985114 1.01511 0 0
48.186 1.12443e-09 0.985133 1.01509 0 0
48.246 1.12443e-09 0.985151 1.01507 0 0
48.306 1.12443e-09 0.98517 1.01505 0 0
48.366 1.12443e-09 0.985188 1.01503 0 0
48.426 1.12443e-09 0.985207 1.01502 0 0
48.486 1.12443e-09 0.985225 1.015 0 0
48.546 1.12443e-09 0.985243 1.01498 0 0
48.606 1.12443e-09 0.985261 1.01496 0 0
48.666 1.12443e-09 0.98528 1.01494 0 0
48.726 1.12443e-09 0.985298 1.01492 0 0
48.786 1.12443e-09 0.985316 1.0149 0 0
48.846 1.12443e-09 0.985334 1.01488 0 0
48.906 1.12443e-09 0.985352 1.01487 0 0
48.966 1.12443e-09 0.98537 1.01485 0 0
49.026 1.12443e-09 0.985388 1.01483 0 0
49.086 1.12443e-09 0.985405 1.01481 0 0
49.146 1.12443e-09 0.985423 1.01479 0 0
49.206 1.12443e-09 0.985441 1.01477 0 0
49.266 1.12443e-09 0.985459 1.01476 0 0
49.326 1.12443e-09 0.985476 1.01474 0 0
49.386 1.12443e-09 0.985494 1.01472 0 0
49.446 1.12443e-09 0.985512 1.0147 0 0
49.506 1.12443e-09 0.985529 1.01468 0 0
49.566 1.12443e-09 0.985547 1.01467 0 0
49.626 1.12443e-09 0.985564 1.01465 0 0
49.686 1.12443e-09 0.985582 1.01463 0 0
49.746 1.12443e-09 0.985599 1.01461 0 0
49.806 1.12443e-09 0.985616 1.01459 0 0
49.866 1.12443e-09 0.985634 1.01458 0 0
49.926 1.12443e-09 0.985651 1.01456 0 0
49.986 1.12443e-09 0.985668 1.01454 0 0
50.046 1.12443e-09 0.985685 1.01452 0 0
50.106 1.12443e-09 0.985703 1.0145 0 0
50.166 1.12443e-09 0.98572 1.01449 0 0
50.226 1.12443e-09 0.985737 1.01447 0 0
50.286 1.12443e-09 0.985754 1.01445 0 0
50.346 1.12443e-09 0.985771 1.01443 0 0
50.406 1.12443e-09 0.985788 1.01442 0 0
50.466 1.12443e-09 0.985805 1.0144 0 0
50.526 1.12443e-09 0.985821 1.01438 0 0
50.586 1.12443e-09 0.985838 1.01437 0 0
50.646 1.12443e-09 0.985855 1.01435 0 0
50.706 1.12443e-09 0.985872 1.01433 0 0
50.766 1.12443e-09 0.985888 1.01431 0 0
50.826 1.12443e-09 0.985905 1.0143 0 0
50.886 1.12443e-09 0.985922 1.01428 0 0
50.946 1.12443e-09 0.985938 1.01426 0 0
51.006 1.12443e-09 0.985955 1.01425 0 0
51.066 1.12443e-09 0.985971 1.01423 0 0
51.126 1.12443e-09 0.985988 1.01421 0 0
51.186 1.12443e-09 0.986004 1.01419 0 0
51.246 1.12443e-09 0.986021 1.01418 0 0
51.306 1.12443e-09 0.986037 1.01416 0 0
51.366 1.12443e-09 0.986053 1.01414 0 0
51.426 1.12443e-09 0.98607 1.01413 0 0
51.486 1.12443e-09 0.986086 1.01411 0 0
51.546 1.12443e-09 0.986102 1.01409 0 0
51.606 1.12443e-09 0.986118 1.01408 0 0
51.666 1.12443e-09 0.986134 1.01406 0 0
51.726 1.12443e-09 0.98615 1.01404 0 0
51.786 1.12443e-09 0.986166 1.01403 0 0
51.846 1.12443e-09 0.986182 1.01401 0 0
51.906 1.12443e-09 0.986198 1.01399 0 0
51.966 1.12443e-09 0.986214 1.01398 0 0
52.026 1.12443e-09 0.98623 1.01396 0 0
52.086 1.12443e-09 0.986246 1.01395 0 0
52.146 1.12443e-09 0.986262 1.01393 0 0
52.206 1.12443e-09 0.986278 1.01391 0 0
52.266 1.12443e-09 0.986293 1.0139 0 0
52.326 1.12443e-09 0.986309 1.01388 0 0
52.386 1.12443e-09 0.986325 1.01386 0 0
52.446 1.12443e-09 0.98634 1.01385 0 0
52.506 1.12443e-09 0.986356 1.01383 0 0
52.566 1.12443e-09 0.986372 1.01382 0 0
52.626 1.12443e-09 0.986387 1.0138 0 0
52.686 1.12443e-09 0.986403 1.01378 0 0
52.746 1.12443e-09 0.986418 1.01377 0 0
52.806 1.12443e-09 0.986434 1.01375 0 0
52.866 1.12443e-09 0.986449 1.01374 0 0
52.926 1.12443e-09 0.986464 1.01372 0 0
52.986 1.12443e-09 0.98648 1.01371 0 0
53.046 1.12443e-09 0.986495 1.01369 0 0
53.106 1.12443e-09 0.98651 1.01367 0 0
53.166 1.12443e-09 0.986525 1.01366 0 0
53.226 1.12443e-09 0.986541 1.01364 0 0
53.286 1.12443e-09 0.986556 1.01363 0 0
53.346 1.12443e-09 0.986571 1.01361 0 0
53.406 1.12443e-09 0.986586 1.0136 0 0
53.466 1.12443e-09 0.986601 1.01358 0 0
53.526 1.12443e-09 0.986616 1.01357 0 0
53.586 1.12443e-09 0.986631 1.01355 0 0
53.646 1.12443e-09 0.986646 1.01353 0 0
53.706 1.12443e-09 0.986661 1.01352 0 0
53.766 1.12443e-09 0.986676 1.0135 0 0
53.826 1.12443e-09 0.986691 1.01349 0 0
53.886 1.12443e-09 0.986706 1.01347 0 0
53.946 1.12443e-09 0.98672 1.01346 0 0
54.006 1.12443e-09 0.986735 1.01344 0 0
54.066 1.12443e-09 0.98675 1.01343 0 0
54.126 1.12443e-09 0.986764 1.01341 0 0
54.186 1.12443e-09 0.986779 1.0134 0 0
54.246 1.12443e-09 0.986794 1.01338 0 0
54.306 1.12443e-09 0.986808 1.01337 0 0
54.366 1.12443e-09 0.986823 1.01335 0 0
54.426 1.12443e-09 0.986837 1.01334 0 0
54.486 1.12443e-09 0.986852 1.01332 0 0
54.546 1.12443e-09 0.986866 1.01331 0 0
54.606 1.12443e-09 0.986881 1.01329 0 0
54.666 1.12443e-09 0.986895 1.01328 0 0
54.726 1.12443e-09 0.98691 1.01326 0 0
54.786 1.12443e-09 0.986924 1.01325 0 0
54.846 1.12443e-09 0.986938 1.01323 0 0
54.906 1.12443e-09 0.986952 1.01322 0 0
54.966 1.12443e-09 0.986967 1.01321 0 0
55.026 1.12443e-09 0.986981 1.01319 0 0
55.086 1.12443e-09 0.986995 1.01318 0 0
55.146 1.12443e-09 0.987009 1.01316 0 0
55.206 1.12443e-09 0.987023 1.01315 0 0
55.266 1.12443e-09 0.987037 1.01313 0 0
55.326 1.12443e-09 0.987052 1.01312 0 0
55.386 1.12443e-09 0.987066 1.0131 0 0
55.446 1.12443e-09 0.98708 1.01309 0 0
55.506 1.12443e-09 0.987094 1.01308 0 0
55.566 1.12443e-09 0.987107 1.01306 0 0
55.626 1.12443e-09 0.987121 1.01305 0 0
55.686 1.12443e-09 0.987135 1.01303 0 0
55.746 1.12443e-09 0.987149 1.01302 0 0
55.806 1.12443e-09 0.987163 1.013 0 0
55.866 1.12443e-09 0.987177 1.01299 0 0
55.926 1.12443e-09 0.98719 1.01298 0 0
55.986 1.12443e-09 0.987204 1.01296 0 0
56.046 1.12443e-09 0.987218 1.01295 0 0
56.106 1.12443e-09 0.987232 1.01293 0 0
56.166 1.12443e-09 0.987245 1.01292 0 0
56.226 1.12443e-09 0.987259 1.01291 0 0
56.286 1.12443e-09 0.987272 1.01289 0 0
56.346 1.12443e-09 0.987286 1.01288 0 0
56.406 1.12443e-09 0.987299 1.01286 0 0
56.466 1.12443e-09 0.987313 1.01285 0 0
56.526 1.12443e-09 0.987326 1.01284 0 0
56.586 1.12443e-09 0.98734 1.01282 0 0
56.646 1.12443e-09 0.987353 1.01281 0 0
56.706 1.12443e-09 0.987367 1.01279 0 0
56.766 1.12443e-09 0.98738 1.01278 0 0
56.826 1.12443e-09 0.987393 1.01277 0 0
56.886 1.12443e-09 0.987407 1.01275 0 0
56.946 1.12443e-09 0.98742 1.01274 0 0
57.006 1.12443e-09 0.987433 1.01273 0 0
57.066 1.12443e-09 0.987446 1.01271 0 0
57.126 1.12443e-09 0.98746 1.0127 0 0
57.186 1.12443e-09 0.987473 1.01269 0 0
57.246 1.12443e-09 0.987486 1.01267 0 0
57.306 1.12443e-09 0.987499 1.01266 0 0
57.366 1.12443e-09 0.987512 1.01265 0 0
57.426 1.12443e-09 0.987525 1.01263 0 0
57.486 1.12443e-09 0.987538 1.01262 0 0
57.546 1.12443e-09 0.987551 1.01261 0 0
57.606 1.12443e-09 0.987564 1.01259 0 0
57.666 1.12443e-09 0.987577 1.01258 0 0
57.726 1.12443e-09 0.98759 1.01257 0 0
57.786 1.12443e-09 0.987603 1.01255 0 0
57.846 1.12443e-09 0.987616 1.01254 0 0
57.906 1.12443e-09 0.987628 1.01253 0 0
57.966 1.12443e-09 0.987641 1.01251 0 0
58.026 1.12443e-09 0.987654 1.0125 0 0
58.086 1.12443e-09 0.987667 1.01249 0 0
58.146 1.12443e-09 0.98768 1.01247 0 0
58.206 1.12443e-09 0.987692 1.01246 0 0
58.266 1.12443e-09 0.987705 1.01245 0 0
58.326 1.12443e-09 0.987718 1.01244 0 0
58.386 1.12443e-09 0.98773 1.01242 0 0
58.446 1.12443e-09 0.987743 1.01241 0 0
58.506 1.12443e-09 0.987755 1.0124 0 0
58.566 1.12443e-09 0.987768 1.01238 0 0
58.626 1.12443e-09 0.98778 1.01237 0 0
58.686 1.12443e-09 0.987793 1.01236 0 0
58.746 1.12443e-09 0.987805 1.01235 0 0
58.806 1.12443e-09 0.987818 1.01233 0 0
58.866 1.12443e-09 0.98783 1.01232 0 0
58.926 1.12443e-09 0.987843 1.01231 0 0
58.986 1.12443e-09 0.987855 1.01229 0 0
59.046 1.12443e-09 0.987867 1.01228 0 0
59.106 1.12443e-09 0.98788 1.01227 0 0
59.166 1.12443e-09 0.987892 1.01226 0 0
59.226 1.12443e-09 0.987904 1.01224 0 0
59.286 1.12443e-09 0.987916 1.01223 0 0
59.346 1.12443e-09 0.987929 1.01222 0 0
59.406 1.12443e-09 0.987941 1.01221 0 0
59.466 1.12443e-09 0.987953 1.01219 0 0
59.526 1.12443e-09 0.987965 1.01218 0 0
59.586 1.12443e-09 0.987977 1.01217 0 0
59.646 1.12443e-09 0.987989 1.01216 0 0
59.706 1.12443e-09 0.988001 1.01214 0 0
59.766 1.12443e-09 0.988013 1.01213 0 0
59.826 1.12443e-09 0.988025 1.01212 0 0
59.886 1.12443e-09 0.988037 1.01211 0 0
59.946 1.12443e-09 0.988049 1.0121 0 0

