0.06 0.688028
0.006 0.123152 0.292126 1 0.000102617 0.001013
0.066 0.123009 0.292651 1.00094 0.000101527 0.0010076
0.126 0.122622 0.294055 1.0034 9.86525e-05 0.00099324
0.186 0.121995 0.296335 1.00738 9.41179e-05 0.000970144
0.246 0.121131 0.299485 1.01282 8.81084e-05 0.000938661
0.306 0.120034 0.3035 1.01967 8.08655e-05 0.000899253
0.366 0.118709 0.30837 1.02785 7.2673e-05 0.000852485
0.426 0.117161 0.314083 1.03727 6.38414e-05 0.000799008
0.486 0.115398 0.320625 1.04783 5.46924e-05 0.000739543
0.546 0.113426 0.327976 1.05944 4.55433e-05 0.000674858
0.606 0.111252 0.336112 1.07197 3.66936e-05 0.000605752
0.666 0.108884 0.345005 1.08532 2.84129e-05 0.000533037
0.726 0.106331 0.354619 1.09939 2.09324e-05 0.000457519
0.786 0.103601 0.364914 1.11407 1.44388e-05 0.000379984
0.846 0.100701 0.375843 1.12929 9.0713e-06 0.000301186
0.906 0.0976405 0.387352 1.14496 4.92104e-06 0.000221834
0.966 0.0944278 0.399382 1.16105 2.03315e-06 0.000142589
1.026 0.0910716 0.411866 1.1775 4.10273e-07 6.40525e-05
1.086 0.0875814 0.424731 1.19432 0 0
1.146 0.0839675 0.4379 1.21162 0 0
1.206 0.0802419 0.451294 1.22947 0 0
1.266 0.0764198 0.46483 1.24787 0 0
1.326 0.0725216 0.478424 1.26677 0 0
1.386 0.0685759 0.491991 1.28601 0 0
1.446 0.0646224 0.505449 1.30525 0 0
1.506 0.0607111 0.518724 1.32395 0 0
1.566 0.0568949 0.531751 1.34151 0 0
1.626 0.053218 0.544478 1.35734 0 0
1.686 0.0497108 0.556866 1.37109 0 0
1.746 0.0463899 0.568884 1.38256 0 0
1.806 0.0432624 0.580513 1.39172 0 0
1.866 0.0403286 0.591742 1.39866 0 0
1.926 0.0375843 0.602565 1.40353 0 0
1.986 0.0350231 0.612981 1.4065 0 0
2.046 0.0326367 0.622995 1.40778 0 0
2.106 0.0304158 0.632613 1.40758 0 0
2.166 0.0283509 0.641846 1.40611 0 0
2.226 0.0264323 0.650706 1.40354 0 0
2.286 0.0246502 0.659204 1.40007 0 0
2.346 0.0229955 0.667355 1.39584 0 0
2.406 0.0214592 0.675174 1.391 0 0
2.466 0.0200327 0.682674 1.38568 0 0
2.526 0.0187082 0.68987 1.37998 0 0
2.586 0.017478 0.696776 1.37399 0 0
2.646 0.0163352 0.703406 1.36779 0 0
2.706 0.0152732 0.709774 1.36146 0 0
2.766 0.0142859 0.715892 1.35504 0 0
2.826 0.0133678 0.721772 1.34859 0 0
2.886 0.0125137 0.727427 1.34215 0 0
2.946 0.0117187 0.732868 1.33574 0 0
3.006 0.0109785 0.738106 1.32939 0 0
3.066 0.0102889 0.74315 1.32312 0 0
3.126 0.00964621 0.748011 1.31696 0 0
3.186 0.00904698 0.752697 1.31091 0 0
3.246 0.008488 0.757217 1.30498 0 0
3.306 0.00796633 0.761579 1.29917 0 0
3.366 0.00747927 0.765791 1.29351 0 0
3.426 0.00702431 0.76986 1.28798 0 0
3.486 0.00659915 0.773793 1.2826 0 0
3.546 0.00620168 0.777596 1.27735 0 0
3.606 0.00582993 0.781276 1.27224 0 0
3.666 0.00548209 0.784837 1.26728 0 0
3.726 0.00515649 0.788286 1.26245 0 0
3.786 0.0048516 0.791628 1.25776 0 0
3.846 0.00456598 0.794867 1.2532 0 0
3.906 0.00429831 0.798008 1.24877 0 0
3.966 0.00404737 0.801055 1.24447 0 0
4.026 0.00381204 0.804012 1.24029 0 0
4.086 0.00359126 0.806883 1.23623 0 0
4.146 0.00338407 0.809672 1.23229 0 0
4.206 0.00318955 0.812382 1.22846 0 0
4.266 0.00300689 0.815016 1.22475 0 0
4.326 0.00283529 0.817578 1.22113 0 0
4.386 0.00267405 0.82007 1.21762 0 0
4.446 0.00252248 0.822496 1.21421 0 0
4.506 0.00237997 0.824857 1.2109 0 0
4.566 0.00224594 0.827156 1.20768 0 0
4.626 0.00211985 0.829396 1.20454 0 0
4.686 0.00200119 0.831579 1.2015 0 0
4.746 0.0018895 0.833706 1.19853 0 0
4.806 0.00178434 0.835781 1.19565 0 0
4.866 0.0016853 0.837805 1.19284 0 0
4.926 0.001592 0.83978 1.19011 0 0
4.986 0.0015041 0.841707 1.18746 0 0
5.046 0.00142125 0.843588 1.18487 0 0
5.106 0.00134315 0.845426 1.18235 0 0
5.166 0.00126951 0.84722 1.17989 0 0
5.226 0.00120005 0.848974 1.17749 0 0
5.286 0.00113454 0.850688 1.17516 0 0
5.346 0.00107272 0.852363 1.17289 0 0
5.406 0.00101438 0.854001 1.17067 0 0
5.466 0.000959314 0.855604 1.1685 0 0
5.526 0.000907322 0.857171 1.16639 0 0
5.586 0.000858224 0.858705 1.16433 0 0
5.646 0.00081185 0.860207 1.16232 0 0
5.706 0.000768039 0.861677 1.16036 0 0
5.766 0.000726641 0.863116 1.15844 0 0
5.826 0.000687515 0.864525 1.15656 0 0
5.886 0.00065053 0.865906 1.15473 0 0
5.946 0.000615561 0.867259 1.15294 0 0
6.006 0.000582491 0.868585 1.15119 0 0
6.066 0.00055121 0.869885 1.14948 0 0
6.126 0.000521617 0.87116 1.14781 0 0
6.186 0.000493614 0.872409 1.14617 0 0
6.246 0.000467109 0.873635 1.14457 0 0
6.306 0.000442018 0.874837 1.14301 0 0
6.366 0.000418259 0.876017 1.14147 0 0
6.426 0.000395757 0.877175 1.13997 0 0
6.486 0.000374441 0.878311 1.1385 0 0
6.546 0.000354243 0.879426 1.13706 0 0
6.606 0.0003351 0.880521 1.13565 0 0
6.666 0.000316952 0.881597 1.13427 0 0
6.726 0.000299743 0.882653 1.13292 0 0
6.786 0.00028342 0.883691 1.13159 0 0
6.846 0.000267933 0.88471 1.13029 0 0
6.906 0.000253234 0.885712 1.12901 0 0
6.966 0.00023928 0.886696 1.12776 0 0
7.026 0.000226028 0.887664 1.12653 0 0
7.086 0.000213438 0.888615 1.12533 0 0
7.146 0.000201474 0.88955 1.12415 0 0
7.206 0.000190099 0.89047 1.12299 0 0
7.266 0.00017928 0.891375 1.12185 0 0
7.326 0.000168986 0.892264 1.12073 0 0
7.386 0.000159186 0.89314 1.11964 0 0
7.446 0.000149853 0.894001 1.11856 0 0
7.506 0.000140959 0.894848 1.1175 0 0
7.566 0.00013248 0.895682 1.11646 0 0
7.626 0.00012439 0.896503 1.11544 0 0
7.686 0.000116668 0.897311 1.11444 0 0
7.746 0.000109292 0.898106 1.11345 0 0
7.806 0.000102241 0.898889 1.11248 0 0
7.866 9.54955e-05 0.899661 1.11153 0 0
7.926 8.90378e-05 0.90042 1.11059 0 0
7.986 8.28499e-05 0.901169 1.10967 0 0
8.046 7.69153e-05 0.901906 1.10876 0 0
8.106 7.1218e-05 0.902632 1.10787 0 0
8.166 6.57429e-05 0.903347 1.10699 0 0
8.226 6.04758e-05 0.904052 1.10613 0 0
8.286 5.54028e-05 0.904747 1.10528 0 0
8.346 5.05108e-05 0.905432 1.10444 0 0
8.406 4.57875e-05 0.906107 1.10362 0 0
8.466 4.12207e-05 0.906772 1.10281 0 0
8.526 3.67992e-05 0.907429 1.10201 0 0
8.586 3.2512e-05 0.908075 1.10123 0 0
8.646 2.83485e-05 0.908713 1.10046 0 0
8.706 2.42986e-05 0.909343 1.09969 0 0
8.766 2.03528e-05 0.909963 1.09894 0 0
8.826 1.65016e-05 0.910575 1.09821 0 0
8.886 1.2736e-05 0.911179 1.09748 0 0
8.946 9.0474e-06 0.911775 1.09676 0 0
9.006 5.42738e-06 0.912363 1.09606 0 0
9.066 1.86778e-06 0.912943 1.09536 0 0
9.126 1.23152e-09 0.913515 1.09467 0 0
9.186 1.23152e-09 0.91408 1.094 0 0
9.246 1.23152e-09 0.914638 1.09333 0 0
9.306 1.23152e-09 0.915188 1.09267 0 0
9.366 1.23152e-09 0.915731 1.09202 0 0
9.426 1.23152e-09 0.916268 1.09138 0 0
9.486 1.23152e-09 0.916797 1.09075 0 0
9.546 1.23152e-09 0.91732 1.09013 0 0
9.606 1.23152e-09 0.917837 1.08952 0 0
9.666 1.23152e-09 0.918347 1.08891 0 0
9.726 1.23152e-09 0.91885 1.08832 0 0
9.786 1.23152e-09 0.919348 1.08773 0 0
9.846 1.23152e-09 0.919839 1.08715 0 0
9.906 1.23152e-09 0.920325 1.08657 0 0
9.966 1.23152e-09 0.920805 1.08601 0 0
10.026 1.23152e-09 0.921279 1.08545 0 0
10.086 1.23152e-09 0.921747 1.0849 0 0
10.146 1.23152e-09 0.92221 1.08435 0 0
10.206 1.23152e-09 0.922667 1.08381 0 0
10.266 1.23152e-09 0.923119 1.08328 0 0
10.326 1.23152e-09 0.923566 1.08276 0 0
10.386 1.23152e-09 0.924007 1.08224 0 0
10.446 1.23152e-09 0.924444 1.08173 0 0
10.506 1.23152e-09 0.924875 1.08123 0 0
10.566 1.23152e-09 0.925302 1.08073 0 0
10.626 1.23152e-09 0.925724 1.08024 0 0
10.686 1.23152e-09 0.926141 1.07975 0 0
10.746 1.23152e-09 0.926553 1.07927 0 0
10.806 1.23152e-09 0.926961 1.07879 0 0
10.866 1.23152e-09 0.927364 1.07832 0 0
10.926 1.23152e-09 0.927763 1.07786 0 0
10.986 1.23152e-09 0.928158 1.0774 0 0
11.046 1.23152e-09 0.928548 1.07695 0 0
11.106 1.23152e-09 0.928934 1.0765 0 0
11.166 1.23152e-09 0.929316 1.07606 0 0
11.226 1.23152e-09 0.929694 1.07562 0 0
11.286 1.23152e-09 0.930067 1.07519 0 0
11.346 1.23152e-09 0.930437 1.07476 0 0
11.406 1.23152e-09 0.930803 1.07434 0 0
11.466 1.23152e-09 0.931165 1.07392 0 0
11.526 1.23152e-09 0.931523 1.07351 0 0
11.586 1.23152e-09 0.931878 1.0731 0 0
11.646 1.23152e-09 0.932229 1.0727 0 0
11.706 1.23152e-09 0.932576 1.0723 0 0
11.766 1.23152e-09 0.93292 1.0719 0 0
11.826 1.23152e-09 0.933261 1.07151 0 0
11.886 1.23152e-09 0.933597 1.07113 0 0
11.946 1.23152e-09 0.933931 1.07074 0 0
12.006 1.23152e-09 0.934261 1.07036 0 0
12.066 1.23152e-09 0.934588 1.06999 0 0
12.126 1.23152e-09 0.934912 1.06962 0 0
12.186 1.23152e-09 0.935232 1.06925 0 0
12.246 1.23152e-09 0.93555 1.06889 0 0
12.306 1.23152e-09 0.935864 1.06853 0 0
12.366 1.23152e-09 0.936175 1.06818 0 0
12.426 1.23152e-09 0.936483 1.06782 0 0
12.486 1.23152e-09 0.936788 1.06748 0 0
12.546 1.23152e-09 0.937091 1.06713 0 0
12.606 1.23152e-09 0.93739 1.06679 0 0
12.666 1.23152e-09 0.937687 1.06645 0 0
12.726 1.23152e-09 0.93798 1.06612 0 0
12.786 1.23152e-09 0.938271 1.06579 0 0
12.846 1.23152e-09 0.93856 1.06546 0 0
12.906 1.23152e-09 0.938845 1.06514 0 0
12.966 1.23152e-09 0.939128 1.06482 0 0
13.026 1.23152e-09 0.939409 1.0645 0 0
13.086 1.23152e-09 0.939687 1.06418 0 0
13.146 1.23152e-09 0.939962 1.06387 0 0
13.206 1.23152e-09 0.940235 1.06356 0 0
13.266 1.23152e-09 0.940505 1.06326 0 0
13.326 1.23152e-09 0.940773 1.06296 0 0
13.386 1.23152e-09 0.941038 1.06266 0 0
13.446 1.23152e-09 0.941301 1.06236 0 0
13.506 1.23152e-09 0.941562 1.06206 0 0
13.566 1.23152e-09 0.941821 1.06177 0 0
13.626 1.23152e-09 0.942077 1.06148 0 0
13.686 1.23152e-09 0.942331 1.0612 0 0
13.746 1.23152e-09 0.942583 1.06092 0 0
13.806 1.23152e-09 0.942832 1.06063 0 0
13.866 1.23152e-09 0.943079 1.06036 0 0
13.926 1.23152e-09 0.943325 1.06008 0 0
13.986 1.23152e-09 0.943568 1.05981 0 0
14.046 1.23152e-09 0.943809 1.05954 0 0
14.106 1.23152e-09 0.944048 1.05927 0 0
14.166 1.23152e-09 0.944285 1.059 0 0
14.226 1.23152e-09 0.94452 1.05874 0 0
14.286 1.23152e-09 0.944753 1.05848 0 0
14.346 1.23152e-09 0.944984 1.05822 0 0
14.406 1.23152e-09 0.945213 1.05796 0 0
14.466 1.23152e-09 0.94544 1.05771 0 0
14.526 1.23152e-09 0.945666 1.05746 0 0
14.586 1.23152e-09 0.945889 1.05721 0 0
14.646 1.23152e-09 0.946111 1.05696 0 0
14.706 1.23152e-09 0.946331 1.05671 0 0
14.766 1.23152e-09 0.946549 1.05647 0 0
14.826 1.23152e-09 0.946765 1.05623 0 0
14.886 1.23152e-09 0.94698 1.05599 0 0
14.946 1.23152e-09 0.947193 1.05575 0 0
15.006 1.23152e-09 0.947404 1.05552 0 0
15.066 1.23152e-09 0.947613 1.05528 0 0
15.126 1.23152e-09 0.947821 1.05505 0 0
15.186 1.23152e-09 0.948027 1.05482 0 0
15.246 1.23152e-09 0.948232 1.05459 0 0
15.306 1.23152e-09 0.948435 1.05437 0 0
15.366 1.23152e-09 0.948636 1.05415 0 0
15.426 1.23152e-09 0.948836 1.05392 0 0
15.486 1.23152e-09 0.949034 1.0537 0 0
15.546 1.23152e-09 0.949231 1.05348 0 0
15.606 1.23152e-09 0.949426 1.05327 0 0
15.666 1.23152e-09 0.94962 1.05305 0 0
15.726 1.23152e-09 0.949812 1.05284 0 0
15.786 1.23152e-09 0.950002 1.05263 0 0
15.846 1.23152e-09 0.950192 1.05242 0 0
15.906 1.23152e-09 0.95038 1.05221 0 0
15.966 1.23152e-09 0.950566 1.052 0 0
16.026 1.23152e-09 0.950751 1.0518 0 0
16.086 1.23152e-09 0.950935 1.0516 0 0
16.146 1.23152e-09 0.951117 1.0514 0 0
16.206 1.23152e-09 0.951298 1.0512 0 0
16.266 1.23152e-09 0.951478 1.051 0 0
16.326 1.23152e-09 0.951656 1.0508 0 0
16.386 1.23152e-09 0.951833 1.0506 0 0
16.446 1.23152e-09 0.952009 1.05041 0 0
16.506 1.23152e-09 0.952183 1.05022 0 0
16.566 1.23152e-09 0.952357 1.05003 0 0
16.626 1.23152e-09 0.952529 1.04984 0 0
16.686 1.23152e-09 0.952699 1.04965 0 0
16.746 1.23152e-09 0.952869 1.04946 0 0
16.806 1.23152e-09 0.953037 1.04928 0 0
16.866 1.23152e-09 0.953204 1.04909 0 0
16.926 1.23152e-09 0.95337 1.04891 0 0
16.986 1.23152e-09 0.953535 1.04873 0 0
17.046 1.23152e-09 0.953698 1.04855 0 0
17.106 1.23152e-09 0.953861 1.04837 0 0
17.166 1.23152e-09 0.954022 1.04819 0 0
17.226 1.23152e-09 0.954182 1.04802 0 0
17.286 1.23152e-09 0.954341 1.04784 0 0
17.346 1.23152e-09 0.954499 1.04767 0 0
17.406 1.23152e-09 0.954656 1.0475 0 0
17.466 1.23152e-09 0.954812 1.04733 0 0
17.526 1.23152e-09 0.954966 1.04716 0 0
17.586 1.23152e-09 0.95512 1.04699 0 0
17.646 1.23152e-09 0.955273 1.04682 0 0
17.706 1.23152e-09 0.955424 1.04666 0 0
17.766 1.23152e-09 0.955575 1.04649 0 0
17.826 1.23152e-09 0.955724 1.04633 0 0
17.886 1.23152e-09 0.955873 1.04616 0 0
17.946 1.23152e-09 0.95602 1.046 0 0
18.006 1.23152e-09 0.956167 1.04584 0 0
18.066 1.23152e-09 0.956312 1.04568 0 0
18.126 1.23152e-09 0.956457 1.04553 0 0
18.186 1.23152e-09 0.956601 1.04537 0 0
18.246 1.23152e-09 0.956743 1.04521 0 0
18.306 1.23152e-09 0.956885 1.04506 0 0
18.366 1.23152e-09 0.957026 1.0449 0 0
18.426 1.23152e-09 0.957166 1.04475 0 0
18.486 1.23152e-09 0.957305 1.0446 0 0
18.546 1.23152e-09 0.957443 1.04445 0 0
18.606 1.23152e-09 0.95758 1.0443 0 0
18.666 1.23152e-09 0.957717 1.04415 0 0
18.726 1.23152e-09 0.957852 1.044 0 0
18.786 1.23152e-09 0.957987 1.04386 0 0
18.846 1.23152e-09 0.958121 1.04371 0 0
18.906 1.23152e-09 0.958253 1.04357 0 0
18.966 1.23152e-09 0.958386 1.04342 0 0
19.026 1.23152e-09 0.958517 1.04328 0 0
19.086 1.23152e-09 0.958647 1.04314 0 0
19.146 1.23152e-09 0.958777 1.043 0 0
19.206 1.23152e-09 0.958906 1.04286 0 0
19.266 1.23152e-09 0.959033 1.04272 0 0
19.326 1.23152e-09 0.959161 1.04258 0 0
19.386 1.23152e-09 0.959287 1.04244 0 0
19.446 1.23152e-09 0.959413 1.0423 0 0
19.506 1.23152e-09 0.959538 1.04217 0 0
19.566 1.23152e-09 0.959662 1.04203 0 0
19.626 1.23152e-09 0.959785 1.0419 0 0
19.686 1.23152e-09 0.959908 1.04177 0 0
19.746 1.23152e-09 0.960029 1.04163 0 0
19.806 1.23152e-09 0.96015 1.0415 0 0
19.866 1.23152e-09 0.960271 1.04137 0 0
19.926 1.23152e-09 0.96039 1.04124 0 0
19.986 1.23152e-09 0.960509 1.04111 0 0
20.046 1.23152e-09 0.960628 1.04099 0 0
20.106 1.23152e-09 0.960745 1.04086 0 0
20.166 1.23152e-09 0.960862 1.04073 0 0
20.226 1.23152e-09 0.960978 1.04061 0 0
20.286 1.23152e-09 0.961093 1.04048 0 0
20.346 1.23152e-09 0.961208 1.04036 0 0
20.406 1.23152e-09 0.961322 1.04023 0 0
20.466 1.23152e-09 0.961436 1.04011 0 0
20.526 1.23152e-09 0.961548 1.03999 0 0
20.586 1.23152e-09 0.96166 1.03987 0 0
20.646 1.23152e-09 0.961772 1.03975 0 0
20.706 1.23152e-09 0.961883 1.03963 0 0
20.766 1.23152e-09 0.961993 1.03951 0 0
20.826 1.23152e-09 0.962102 1.03939 0 0
20.886 1.23152e-09 0.962211 1.03927 0 0
20.946 1.23152e-09 0.962319 1.03916 0 0
21.006 1.23152e-09 0.962427 1.03904 0 0
21.066 1.23152e-09 0.962534 1.03892 0 0
21.126 1.23152e-09 0.96264 1.03881 0 0
21.186 1.23152e-09 0.962746 1.0387 0 0
21.246 1.23152e-09 0.962851 1.03858 0 0
21.306 1.23152e-09 0.962956 1.03847 0 0
21.366 1.23152e-09 0.96306 1.03836 0 0
21.426 1.23152e-09 0.963163 1.03825 0 0
21.486 1.23152e-09 0.963266 1.03813 0 0
21.546 1.23152e-09 0.963369 1.03802 0 0
21.606 1.23152e-09 0.96347 1.03791 0 0
21.666 1.23152e-09 0.963571 1.03781 0 0
21.726 1.23152e-09 0.963672 1.0377 0 0
21.786 1.23152e-09 0.963772 1.03759 0 0
21.846 1.23152e-09 0.963872 1.03748 0 0
21.906 1.23152e-09 0.963971 1.03738 0 0
21.966 1.23152e-09 0.964069 1.03727 0 0
22.026 1.23152e-09 0.964167 1.03716 0 0
22.086 1.23152e-09 0.964264 1.03706 0 0
22.146 1.23152e-09 0.964361 1.03696 0 0
22.206 1.23152e-09 0.964457 1.03685 0 0
22.266 1.23152e-09 0.964553 1.03675 0 0
22.326 1.23152e-09 0.964648 1.03665 0 0
22.386 1.23152e-09 0.964743 1.03655 0 0
22.446 1.23152e-09 0.964837 1.03644 0 0
22.506 1.23152e-09 0.964931 1.03634 0 0
22.566 1.23152e-09 0.965024 1.03624 0 0
22.626 1.23152e-09 0.965117 1.03614 0 0
22.686 1.23152e-09 0.965209 1.03604 0 0
22.746 1.23152e-09 0.965301 1.03595 0 0
22.806 1.23152e-09 0.965392 1.03585 0 0
22.866 1.23152e-09 0.965483 1.03575 0 0
22.926 1.23152e-09 0.965574 1.03565 0 0
22.986 1.23152e-09 0.965663 1.03556 0 0
23.046 1.23152e-09 0.965753 1.03546 0 0
23.106 1.23152e-09 0.965842 1.03537 0 0
23.166 1.23152e-09 0.96593 1.03527 0 0
23.226 1.23152e-09 0.966018 1.03518 0 0
23.286 1.23152e-09 0.966106 1.03508 0 0
23.346 1.23152e-09 0.966193 1.03499 0 0
23.406 1.23152e-09 0.96628 1.0349 0 0
23.466 1.23152e-09 0.966366 1.0348 0 0
23.526 1.23152e-09 0.966452 1.03471 0 0
23.586 1.23152e-09 0.966537 1.03462 0 0
23.646 1.23152e-09 0.966622 1.03453 0 0
23.706 1.23152e-09 0.966706 1.03444 0 0
23.766 1.23152e-09 0.96679 1.03435 0 0
23.826 1.23152e-09 0.966874 1.03426 0 0
23.886 1.23152e-09 0.966957 1.03417 0 0
23.946 1.23152e-09 0.96704 1.03408 0 0
24.006 1.23152e-09 0.967122 1.034 0 0
24.066 1.23152e-09 0.967204 1.03391 0 0
24.126 1.23152e-09 0.967286 1.03382 0 0
24.186 1.23152e-09 0.967367 1.03373 0 0
24.246 1.23152e-09 0.967448 1.03365 0 0
24.306 1.23152e-09 0.967528 1.03356 0 0
24.366 1.23152e-09 0.967608 1.03348 0 0
24.426 1.23152e-09 0.967688 1.03339 0 0
24.486 1.23152e-09 0.967767 1.03331 0 0
24.546 1.23152e-09 0.967846 1.03322 0 0
24.606 1.23152e-09 0.967924 1.03314 0 0
24.666 1.23152e-09 0.968002 1.03306 0 0
24.726 1.23152e-09 0.96808 1.03297 0 0
24.786 1.23152e-09 0.968157 1.03289 0 0
24.846 1.23152e-09 0.968234 1.03281 0 0
24.906 1.23152e-09 0.96831 1.03273 0 0
24.966 1.23152e-09 0.968387 1.03265 0 0
25.026 1.23152e-09 0.968462 1.03256 0 0
25.086 1.23152e-09 0.968538 1.03248 0 0
25.146 1.23152e-09 0.968613 1.0324 0 0
25.206 1.23152e-09 0.968688 1.03232 0 0
25.266 1.23152e-09 0.968762 1.03225 0 0
25.326 1.23152e-09 0.968836 1.03217 0 0
25.386 1.23152e-09 0.96891 1.03209 0 0
25.446 1.23152e-09 0.968983 1.03201 0 0
25.506 1.23152e-09 0.969056 1.03193 0 0
25.566 1.23152e-09 0.969129 1.03185 0 0
25.626 1.23152e-09 0.969201 1.03178 0 0
25.686 1.23152e-09 0.969273 1.0317 0 0
25.746 1.23152e-09 0.969344 1.03163 0 0
25.806 1.23152e-09 0.969416 1.03155 0 0
25.866 1.23152e-09 0.969487 1.03147 0 0
25.926 1.23152e-09 0.969557 1.0314 0 0
25.986 1.23152e-09 0.969627 1.03132 0 0
26.046 1.23152e-09 0.969697 1.03125 0 0
26.106 1.23152e-09 0.969767 1.03118 0 0
26.166 1.23152e-09 0.969836 1.0311 0 0
26.226 1.23152e-09 0.969905 1.03103 0 0
26.286 1.23152e-09 0.969974 1.03096 0 0
26.346 1.23152e-09 0.970042 1.03088 0 0
26.406 1.23152e-09 0.970111 1.03081 0 0
26.466 1.23152e-09 0.970178 1.03074 0 0
26.526 1.23152e-09 0.970246 1.03067 0 0
26.586 1.23152e-09 0.970313 1.0306 0 0
26.646 1.23152e-09 0.97038 1.03052 0 0
26.706 1.23152e-09 0.970446 1.03045 0 0
26.766 1.23152e-09 0.970513 1.03038 0 0
26.826 1.23152e-09 0.970579 1.03031 0 0
26.886 1.23152e-09 0.970644 1.03024 0 0
26.946 1.23152e-09 0.97071 1.03017 0 0
27.006 1.23152e-09 0.970775 1.03011 0 0
27.066 1.23152e-09 0.970839 1.03004 0 0
27.126 1.23152e-09 0.970904 1.02997 0 0
27.186 1.23152e-09 0.970968 1.0299 0 0
27.246 1.23152e-09 0.971032 1.02983 0 0
27.306 1.23152e-09 0.971096 1.02976 0 0
27.366 1.23152e-09 0.971159 1.0297 0 0
27.426 1.23152e-09 0.971222 1.02963 0 0
27.486 1.23152e-09 0.971285 1.02956 0 0
27.546 1.23152e-09 0.971348 1.0295 0 0
27.606 1.23152e-09 0.97141 1.02943 0 0
27.666 1.23152e-09 0.971472 1.02937 0 0
27.726 1.23152e-09 0.971534 1.0293 0 0
27.786 1.23152e-09 0.971595 1.02924 0 0
27.846 1.23152e-09 0.971656 1.02917 0 0
27.906 1.23152e-09 0.971717 1.02911 0 0
27.966 1.23152e-09 0.971778 1.02904 0 0
28.026 1.23152e-09 0.971838 1.02898 0 0
28.086 1.23152e-09 0.971898 1.02891 0 0
28.146 1.23152e-09 0.971958 1.02885 0 0
28.206 1.23152e-09 0.972018 1.02879 0 0
28.266 1.23152e-09 0.972077 1.02872 0 0
28.326 1.23152e-09 0.972137 1.02866 0 0
28.386 1.23152e-09 0.972195 1.0286 0 0
28.446 1.23152e-09 0.972254 1.02854 0 0
28.506 1.23152e-09 0.972312 1.02848 0 0
28.566 1.23152e-09 0.972371 1.02841 0 0
28.626 1.23152e-09 0.972429 1.02835 0 0
28.686 1.23152e-09 0.972486 1.02829 0 0
28.746 1.23152e-09 0.972544 1.02823 0 0
28.806 1.23152e-09 0.972601 1.02817 0 0
28.866 1.23152e-09 0.972658 1.02811 0 0
28.926 1.23152e-09 0.972714 1.02805 0 0
28.986 1.23152e-09 0.972771 1.02799 0 0
29.046 1.23152e-09 0.972827 1.02793 0 0
29.106 1.23152e-09 0.972883 1.02787 0 0
29.166 1.23152e-09 0.972939 1.02781 0 0
29.226 1.23152e-09 0.972995 1.02775 0 0
29.286 1.23152e-09 0.97305 1.0277 0 0
29.346 1.23152e-09 0.973105 1.02764 0 0
29.406 1.23152e-09 0.97316 1.02758 0 0
29.466 1.23152e-09 0.973215 1.02752 0 0
29.526 1.23152e-09 0.973269 1.02747 0 0
29.586 1.23152e-09 0.973323 1.02741 0 0
29.646 1.23152e-09 0.973377 1.02735 0 0
29.706 1.23152e-09 0.973431 1.02729 0 0
29.766 1.23152e-09 0.973484 1.02724 0 0
29.826 1.23152e-09 0.973538 1.02718 0 0
29.886 1.23152e-09 0.973591 1.02713 0 0
29.946 1.23152e-09 0.973644 1.02707 0 0
30.006 1.23152e-09 0.973697 1.02701 0 0
30.066 1.23152e-09 0.973749 1.02696 0 0
30.126 1.23152e-09 0.973801 1.0269 0 0
30.186 1.23152e-09 0.973853 1.02685 0 0
30.246 1.23152e-09 0.973905 1.02679 0 0
30.306 1.23152e-09 0.973957 1.02674 0 0
30.366 1.23152e-09 0.974008 1.02669 0 0
30.426 1.23152e-09 0.97406 1.02663 0 0
30.486 1.23152e-09 0.974111 1.02658 0 0
30.546 1.23152e-09 0.974162 1.02652 0 0
30.606 1.23152e-09 0.974212 1.02647 0 0
30.666 1.23152e-09 0.974263 1.02642 0 0
30.726 1.23152e-09 0.974313 1.02636 0 0
30.786 1.23152e-09 0.974363 1.02631 0 0
30.846 1.23152e-09 0.974413 1.02626 0 0
30.906 1.23152e-09 0.974463 1.02621 0 0
30.966 1.23152e-09 0.974512 1.02615 0 0
31.026 1.23152e-09 0.974561 1.0261 0 0
31.086 1.23152e-09 0.97461 1.02605 0 0
31.146 1.23152e-09 0.974659 1.026 0 0
31.206 1.23152e-09 0.974708 1.02595 0 0
31.266 1.23152e-09 0.974757 1.0259 0 0
31.326 1.23152e-09 0.974805 1.02585 0 0
31.386 1.23152e-09 0.974853 1.0258 0 0
31.446 1.23152e-09 0.974901 1.02575 0 0
31.506 1.23152e-09 0.974949 1.02569 0 0
31.566 1.23152e-09 0.974996 1.02564 0 0
31.626 1.23152e-09 0.975044 1.02559 0 0
31.686 1.23152e-09 0.975091 1.02555 0 0
31.746 1.23152e-09 0.975138 1.0255 0 0
31.806 1.23152e-09 0.975185 1.02545 0 0
31.866 1.23152e-09 0.975232 1.0254 0 0
31.926 1.23152e-09 0.975278 1.02535 0 0
31.986 1.23152e-09 0.975325 1.0253 0 0
32.046 1.23152e-09 0.975371 1.02525 0 0
32.106 1.23152e-09 0.975417 1.0252 0 0
32.166 1.23152e-09 0.975463 1.02515 0 0
32.226 1.23152e-09 0.975509 1.02511 0 0
32.286 1.23152e-09 0.975554 1.02506 0 0
32.346 1.23152e-09 0.975599 1.02501 0 0
32.406 1.23152e-09 0.975645 1.02496 0 0
32.466 1.23152e-09 0.97569 1.02492 0 0
32.526 1.23152e-09 0.975734 1.02487 0 0
32.586 1.23152e-09 0.975779 1.02482 0 0
32.646 1.23152e-09 0.975824 1.02478 0 0
32.706 1.23152e-09 0.975868 1.02473 0 0
32.766 1.23152e-09 0.975912 1.02468 0 0
32.826 1.23152e-09 0.975956 1.02464 0 0
32.886 1.23152e-09 0.976 1.02459 0 0
32.946 1.23152e-09 0.976044 1.02454 0 0
33.006 1.23152e-09 0.976087 1.0245 0 0
33.066 1.23152e-09 0.976131 1.02445 0 0
33.126 1.23152e-09 0.976174 1.02441 0 0
33.186 1.23152e-09 0.976217 1.02436 0 0
33.246 1.23152e-09 0.97626 1.02432 0 0
33.306 1.23152e-09 0.976303 1.02427 0 0
33.366 1.23152e-09 0.976345 1.02423 0 0
33.426 1.23152e-09 0.976388 1.02418 0 0
33.486 1.23152e-09 0.97643 1.02414 0 0
33.546 1.23152e-09 0.976472 1.02409 0 0
33.606 1.23152e-09 0.976514 1.02405 0 0
33.666 1.23152e-09 0.976556 1.02401 0 0
33.726 1.23152e-09 0.976598 1.02396 0 0
33.786 1.23152e-09 0.976639 1.02392 0 0
33.846 1.23152e-09 0.976681 1.02388 0 0
33.906 1.23152e-09 0.976722 1.02383 0 0
33.966 1.23152e-09 0.976763 1.02379 0 0
34.026 1.23152e-09 0.976804 1.02375 0 0
34.086 1.23152e-09 0.976845 1.0237 0 0
34.146 1.23152e-09 0.976886 1.02366 0 0
34.206 1.23152e-09 0.976926 1.02362 0 0
34.266 1.23152e-09 0.976967 1.02358 0 0
34.326 1.23152e-09 0.977007 1.02353 0 0
34.386 1.23152e-09 0.977047 1.02349 0 0
34.446 1.23152e-09 0.977087 1.02345 0 0
34.506 1.23152e-09 0.977127 1.02341 0 0
34.566 1.23152e-09 0.977167 1.02337 0 0
34.626 1.23152e-09 0.977206 1.02333 0 0
34.686 1.23152e-09 0.977246 1.02328 0 0
34.746 1.23152e-09 0.977285 1.02324 0 0
34.806 1.23152e-09 0.977324 1.0232 0 0
34.866 1.23152e-09 0.977363 1.02316 0 0
34.926 1.23152e-09 0.977402 1.02312 0 0
34.986 1.23152e-09 0.977441 1.02308 0 0
35.046 1.23152e-09 0.977479 1.02304 0 0
35.106 1.23152e-09 0.977518 1.023 0 0
35.166 1.23152e-09 0.977556 1.02296 0 0
35.226 1.23152e-09 0.977594 1.02292 0 0
35.286 1.23152e-09 0.977632 1.02288 0 0
35.346 1.23152e-09 0.97767 1.02284 0 0
35.406 1.23152e-09 0.977708 1.0228 0 0
35.466 1.23152e-09 0.977746 1.02276 0 0
35.526 1.23152e-09 0.977784 1.02272 0 0
35.586 1.23152e-09 0.977821 1.02268 0 0
35.646 1.23152e-09 0.977858 1.02264 0 0
35.706 1.23152e-09 0.977896 1.0226 0 0
35.766 1.23152e-09 0.977933 1.02257 0 0
35.826 1.23152e-09 0.97797 1.02253 0 0
35.886 1.23152e-09 0.978006 1.02249 0 0
35.946 1.23152e-09 0.978043 1.02245 0 0
36.006 1.23152e-09 0.97808 1.02241 0 0
36.066 1.23152e-09 0.978116 1.02237 0 0
36.126 1.23152e-09 0.978153 1.02234 0 0
36.186 1.23152e-09 0.978189 1.0223 0 0
36.246 1.23152e-09 0.978225 1.02226 0 0
36.306 1.23152e-09 0.978261 1.02222 0 0
36.366 1.23152e-09 0.978297 1.02218 0 0
36.426 1.23152e-09 0.978332 1.02215 0 0
36.486 1.23152e-09 0.978368 1.02211 0 0
36.546 1.23152e-09 0.978404 1.02207 0 0
36.606 1.23152e-09 0.978439 1.02204 0 0
36.666 1.23152e-09 0.978474 1.022 0 0
36.726 1.23152e-09 0.978509 1.02196 0 0
36.786 1.23152e-09 0.978545 1.02193 0 0
36.846 1.23152e-09 0.978579 1.02189 0 0
36.906 1.23152e-09 0.978614 1.02185 0 0
36.966 1.23152e-09 0.978649 1.02182 0 0
37.026 1.23152e-09 0.978684 1.02178 0 0
37.086 1.23152e-09 0.978718 1.02174 0 0
37.146 1.23152e-09 0.978752 1.02171 0 0
37.206 1.23152e-09 0.978787 1.02167 0 0
37.266 1.23152e-09 0.978821 1.02164 0 0
37.326 1.23152e-09 0.978855 1.0216 0 0
37.386 1.23152e-09 0.978889 1.02157 0 0
37.446 1.23152e-09 0.978923 1.02153 0 0
37.506 1.23152e-09 0.978956 1.0215 0 0
37.566 1.23152e-09 0.97899 1.02146 0 0
37.626 1.23152e-09 0.979024 1.02143 0 0
37.686 1.23152e-09 0.979057 1.02139 0 0
37.746 1.23152e-09 0.97909 1.02136 0 0
37.806 1.23152e-09 0.979123 1.02132 0 0
37.866 1.23152e-09 0.979156 1.02129 0 0
37.926 1.23152e-09 0.979189 1.02125 0 0
37.986 1.23152e-09 0.979222 1.02122 0 0
38.046 1.23152e-09 0.979255 1.02118 0 0
38.106 1.23152e-09 0.979288 1.02115 0 0
38.166 1.23152e-09 0.97932 1.02112 0 0
38.226 1.23152e-09 0.979353 1.02108 0 0
38.286 1.23152e-09 0.979385 1.02105 0 0
38.346 1.23152e-09 0.979417 1.02102 0 0
38.406 1.23152e-09 0.97945 1.02098 0 0
38.466 1.23152e-09 0.979482 1.02095 0 0
38.526 1.23152e-09 0.979514 1.02091 0 0
38.586 1.23152e-09 0.979545 1.02088 0 0
38.646 1.23152e-09 0.979577 1.02085 0 0
38.706 1.23152e-09 0.979609 1.02082 0 0
38.766 1.23152e-09 0.97964 1.02078 0 0
38.826 1.23152e-09 0.979672 1.02075 0 0
38.886 1.23152e-09 0.979703 1.02072 0 0
38.946 1.23152e-09 0.979734 1.02068 0 0
39.006 1.23152e-09 0.979766 1.02065 0 0
39.066 1.23152e-09 0.979797 1.02062 0 0
39.126 1.23152e-09 0.979828 1.02059 0 0
39.186 1.23152e-09 0.979859 1.02056 0 0
39.246 1.23152e-09 0.979889 1.02052 0 0
39.306 1.23152e-09 0.97992 1.02049 0 0
39.366 1.23152e-09 0.979951 1.02046 0 0
39.426 1.23152e-09 0.979981 1.02043 0 0
39.486 1.23152e-09 0.980012 1.0204 0 0
39.546 1.23152e-09 0.980042 1.02036 0 0
39.606 1.23152e-09 0.980072 1.02033 0 0
39.666 1.23152e-09 0.980102 1.0203 0 0
39.726 1.23152e-09 0.980132 1.02027 0 0
39.786 1.23152e-09 0.980162 1.02024 0 0
39.846 1.23152e-09 0.980192 1.02021 0 0
39.906 1.23152e-09 0.980222 1.02018 0 0
39.966 1.23152e-09 0.980252 1.02015 0 0
40.026 1.23152e-09 0.980281 1.02012 0 0
40.086 1.23152e-09 0.980311 1.02008 0 0
40.146 1.23152e-09 0.98034 1.02005 0 0
40.206 1.23152e-09 0.98037 1.02002 0 0
40.266 1.23152e-09 0.980399 1.01999 0 0
40.326 1.23152e-09 0.980428 1.01996 0 0
40.386 1.23152e-09 0.980457 1.01993 0 0
40.446 1.23152e-09 0.980486 1.0199 0 0
40.506 1.23152e-09 0.980515 1.01987 0 0
40.566 1.23152e-09 0.980544 1.01984 0 0
40.626 1.23152e-09 0.980573 1.01981 0 0
40.686 1.23152e-09 0.980601 1.01978 0 0
40.746 1.23152e-09 0.98063 1.01975 0 0
40.806 1.23152e-09 0.980658 1.01972 0 0
40.866 1.23152e-09 0.980687 1.01969 0 0
40.926 1.23152e-09 0.980715 1.01966 0 0
40.986 1.23152e-09 0.980743 1.01963 0 0
41.046 1.23152e-09 0.980771 1.01961 0 0
41.106 1.23152e-09 0.980799 1.01958 0 0
41.166 1.23152e-09 0.980827 1.01955 0 0
41.226 1.23152e-09 0.980855 1.01952 0 0
41.286 1.23152e-09 0.980883 1.01949 0 0
41.346 1.23152e-09 0.980911 1.01946 0 0
41.406 1.23152e-09 0.980938 1.01943 0 0
41.466 1.23152e-09 0.980966 1.0194 0 0
41.526 1.23152e-09 0.980994 1.01937 0 0
41.586 1.23152e-09 0.981021 1.01935 0 0
41.646 1.23152e-09 0.981048 1.01932 0 0
41.706 1.23152e-09 0.981076 1.01929 0 0
41.766 1.23152e-09 0.981103 1.01926 0 0
41.826 1.23152e-09 0.98113 1.01923 0 0
41.886 1.23152e-09 0.981157 1.0192 0 0
41.946 1.23152e-09 0.981184 1.01918 0 0
42.006 1.23152e-09 0.981211 1.01915 0 0
42.066 1.23152e-09 0.981238 1.01912 0 0
42.126 1.23152e-09 0.981264 1.01909 0 0
42.186 1.23152e-09 0.981291 1.01907 0 0
42.246 1.23152e-09 0.981318 1.01904 0 0
42.306 1.23152e-09 0.981344 1.01901 0 0
42.366 1.23152e-09 0.98137 1.01898 0 0
42.426 1.23152e-09 0.981397 1.01896 0 0
42.486 1.23152e-09 0.981423 1.01893 0 0
42.546 1.23152e-09 0.981449 1.0189 0 0
42.606 1.23152e-09 0.981475 1.01887 0 0
42.666 1.23152e-09 0.981501 1.01885 0 0
42.726 1.23152e-09 0.981527 1.01882 0 0
42.786 1.23152e-09 0.981553 1.01879 0 0
42.846 1.23152e-09 0.981579 1.01877 0 0
42.906 1.23152e-09 0.981605 1.01874 0 0
42.966 1.23152e-09 0.981631 1.01871 0 0
43.026 1.23152e-09 0.981656 1.01869 0 0
43.086 1.23152e-09 0.981682 1.01866 0 0
43.146 1.23152e-09 0.981707 1.01863 0 0
43.206 1.23152e-09 0.981733 1.01861 0 0
43.266 1.23152e-09 0.981758 1.01858 0 0
43.326 1.23152e-09 0.981783 1.01855 0 0
43.386 1.23152e-09 0.981808 1.01853 0 0
43.446 1.23152e-09 0.981834 1.0185 0 0
43.506 1.23152e-09 0.981859 1.01848 0 0
43.566 1.23152e-09 0.981884 1.01845 0 0
43.626 1.23152e-09 0.981908 1.01842 0 0
43.686 1.23152e-09 0.981933 1.0184 0 0
43.746 1.23152e-09 0.981958 1.01837 0 0
43.806 1.23152e-09 0.981983 1.01835 0 0
43.866 1.23152e-09 0.982007 1.01832 0 0
43.926 1.23152e-09 0.982032 1.0183 0 0
43.986 1.23152e-09 0.982057 1.01827 0 0
44.046 1.23152e-09 0.982081 1.01825 0 0
44.106 1.23152e-09 0.982105 1.01822 0 0
44.166 1.23152e-09 0.98213 1.0182 0 0
44.226 1.23152e-09 0.982154 1.01817 0 0
44.286 1.23152e-09 0.982178 1.01815 0 0
44.346 1.23152e-09 0.982202 1.01812 0 0
44.406 1.23152e-09 0.982226 1.0181 0 0
44.466 1.23152e-09 0.98225 1.01807 0 0
44.526 1.23152e-09 0.982274 1.01805 0 0
44.586 1.23152e-09 0.982298 1.01802 0 0
44.646 1.23152e-09 0.982322 1.018 0 0
44.706 1.23152e-09 0.982346 1.01797 0 0
44.766 1.23152e-09 0.982369 1.01795 0 0
44.826 1.23152e-09 0.982393 1.01792 0 0
44.886 1.23152e-09 0.982416 1.0179 0 0
44.946 1.23152e-09 0.98244 1.01787 0 0
45.006 1.23152e-09 0.982463 1.01785 0 0
45.066 1.23152e-09 0.982487 1.01783 0 0
45.126 1.23152e-09 0.98251 1.0178 0 0
45.186 1.23152e-09 0.982533 1.01778 0 0
45.246 1.23152e-09 0.982556 1.01775 0 0
45.306 1.23152e-09 0.982579 1.01773 0 0
45.366 1.23152e-09 0.982602 1.01771 0 0
45.426 1.23152e-09 0.982625 1.01768 0 0
45.486 1.23152e-09 0.982648 1.01766 0 0
45.546 1.23152e-09 0.982671 1.01763 0 0
45.606 1.23152e-09 0.982694 1.01761 0 0
45.666 1.23152e-09 0.982717 1.01759 0 0
45.726 1.23152e-09 0.982739 1.01756 0 0
45.786 1.23152e-09 0.982762 1.01754 0 0
45.846 1.23152e-09 0.982785 1.01752 0 0
45.906 1.23152e-09 0.982807 1.01749 0 0
45.966 1.23152e-09 0.982829 1.01747 0 0
46.026 1.23152e-09 0.982852 1.01745 0 0
46.086 1.23152e-09 0.982874 1.01742 0 0
46.146 1.23152e-09 0.982896 1.0174 0 0
46.206 1.23152e-09 0.982919 1.01738 0 0
46.266 1.23152e-09 0.982941 1.01736 0 0
46.326 1.23152e-09 0.982963 1.01733 0 0
46.386 1.23152e-09 0.982985 1.01731 0 0
46.446 1.23152e-09 0.983007 1.01729 0 0
46.506 1.23152e-09 0.983029 1.01726 0 0
46.566 1.23152e-09 0.983051 1.01724 0 0
46.626 1.23152e-09 0.983073 1.01722 0 0
46.686 1.23152e-09 0.983094 1.0172 0 0
46.746 1.23152e-09 0.983116 1.01717 0 0
46.806 1.23152e-09 0.983138 1.01715 0 0
46.866 1.23152e-09 0.983159 1.01713 0 0
46.926 1.23152e-09 0.983181 1.01711 0 0
46.986 1.23152e-09 0.983202 1.01708 0 0
47.046 1.23152e-09 0.983224 1.01706 0 0
47.106 1.23152e-09 0.983245 1.01704 0 0
47.166 1.23152e-09 0.983266 1.01702 0 0
47.226 1.23152e-09 0.983288 1.017 0 0
47.286 1.23152e-09 0.983309 1.01697 0 0
47.346 1.23152e-09 0.98333 1.01695 0 0
47.406 1.23152e-09 0.983351 1.01693 0 0
47.466 1.23152e-09 0.983372 1.01691 0 0
47.526 1.23152e-09 0.983393 1.01689 0 0
47.586 1.23152e-09 0.983414 1.01687 0 0
47.646 1.23152e-09 0.983435 1.01684 0 0
47.706 1.23152e-09 0.983456 1.01682 0 0
47.766 1.23152e-09 0.983477 1.0168 0 0
47.826 1.23152e-09 0.983497 1.01678 0 0
47.886 1.23152e-09 0.983518 1.01676 0 0
47.946 1.23152e-09 0.983539 1.01674 0 0
48.006 1.23152e-09 0.983559 1.01672 0 0
48.066 1.23152e-09 0.98358 1.01669 0 0
48.126 1.23152e-09 0.9836 1.01667 0 0
48.186 1.23152e-09 0.983621 1.01665 0 0
48.246 1.23152e-09 0.983641 1.01663 0 0
48.306 1.23152e-09 0.983661 1.01661 0 0
48.366 1.23152e-09 0.983681 1.01659 0 0
48.426 1.23152e-09 0.983702 1.01657 0 0
48.486 1.23152e-09 0.983722 1.01655 0 0
48.546 1.23152e-09 0.983742 1.01653 0 0
48.606 1.23152e-09 0.983762 1.01651 0 0
48.666 1.23152e-09 0.983782 1.01649 0 0
48.726 1.23152e-09 0.983802 1.01646 0 0
48.786 1.23152e-09 0.983822 1.01644 0 0
48.846 1.23152e-09 0.983842 1.01642 0 0
48.906 1.23152e-09 0.983862 1.0164 0 0
48.966 1.23152e-09 0.983881 1.01638 0 0
49.026 1.23152e-09 0.983901 1.01636 0 0
49.086 1.23152e-09 0.983921 1.01634 0 0
49.146 1.23152e-09 0.98394 1.01632 0 0
49.206 1.23152e-09 0.98396 1.0163 0 0
49.266 1.23152e-09 0.98398 1.01628 0 0
49.326 1.23152e-09 0.983999 1.01626 0 0
49.386 1.23152e-09 0.984019 1.01624 0 0
49.446 1.23152e-09 0.984038 1.01622 0 0
49.506 1.23152e-09 0.984057 1.0162 0 0
49.566 1.23152e-09 0.984077 1.01618 0 0
49.626 1.23152e-09 0.984096 1.01616 0 0
49.686 1.23152e-09 0.984115 1.01614 0 0
49.746 1.23152e-09 0.984134 1.01612 0 0
49.806 1.23152e-09 0.984153 1.0161 0 0
49.866 1.23152e-09 0.984172 1.01608 0 0
49.926 1.23152e-09 0.984191 1.01606 0 0
49.986 1.23152e-09 0.98421 1.01604 0 0
50.046 1.23152e-09 0.984229 1.01602 0 0
50.106 1.23152e-09 0.984248 1.016 0 0
50.166 1.23152e-09 0.984267 1.01598 0 0
50.226 1.23152e-09 0.984286 1.01597 0 0
50.286 1.23152e-09 0.984305 1.01595 0 0
50.346 1.23152e-09 0.984323 1.01593 0 0
50.406 1.23152e-09 0.984342 1.01591 0 0
50.466 1.23152e-09 0.984361 1.01589 0 0
50.526 1.23152e-09 0.984379 1.01587 0 0
50.586 1.23152e-09 0.984398 1.01585 0 0
50.646 1.23152e-09 0.984416 1.01583 0 0
50.706 1.23152e-09 0.984435 1.01581 0 0
50.766 1.23152e-09 0.984453 1.01579 0 0
50.826 1.23152e-09 0.984471 1.01577 0 0
50.886 1.23152e-09 0.98449 1.01575 0 0
50.946 1.23152e-09 0.984508 1.01574 0 0
51.006 1.23152e-09 0.984526 1.01572 0 0
51.066 1.23152e-09 0.984544 1.0157 0 0
51.126 1.23152e-09 0.984562 1.01568 0 0
51.186 1.23152e-09 0.984581 1.01566 0 0
51.246 1.23152e-09 0.984599 1.01564 0 0
51.306 1.23152e-09 0.984617 1.01562 0 0
51.366 1.23152e-09 0.984635 1.01561 0 0
51.426 1.23152e-09 0.984652 1.01559 0 0
51.486 1.23152e-09 0.98467 1.01557 0 0
51.546 1.23152e-09 0.984688 1.01555 0 0
51.606 1.23152e-09 0.984706 1.01553 0 0
51.666 1.23152e-09 0.984724 1.01551 0 0
51.726 1.23152e-09 0.984742 1.01549 0 0
51.786 1.23152e-09 0.984759 1.01548 0 0
51.846 1.23152e-09 0.984777 1.01546 0 0
51.906 1.23152e-09 0.984794 1.01544 0 0
51.966 1.23152e-09 0.984812 1.01542 0 0
52.026 1.23152e-09 0.984829 1.0154 0 0
52.086 1.23152e-09 0.984847 1.01539 0 0
52.146 1.23152e-09 0.984864 1.01537 0 0
52.206 1.23152e-09 0.984882 1.01535 0 0
52.266 1.23152e-09 0.984899 1.01533 0 0
52.326 1.23152e-09 0.984916 1.01531 0 0
52.386 1.23152e-09 0.984934 1.0153 0 0
52.446 1.23152e-09 0.984951 1.01528 0 0
52.506 1.23152e-09 0.984968 1.01526 0 0
52.566 1.23152e-09 0.984985 1.01524 0 0
52.626 1.23152e-09 0.985002 1.01523 0 0
52.686 1.23152e-09 0.98502 1.01521 0 0
52.746 1.23152e-09 0.985037 1.01519 0 0
52.806 1.23152e-09 0.985054 1.01517 0 0
52.866 1.23152e-09 0.985071 1.01516 0 0
52.926 1.23152e-09 0.985087 1.01514 0 0
52.986 1.23152e-09 0.985104 1.01512 0 0
53.046 1.23152e-09 0.985121 1.0151 0 0
53.106 1.23152e-09 0.985138 1.01509 0 0
53.166 1.23152e-09 0.985155 1.01507 0 0
53.226 1.23152e-09 0.985172 1.01505 0 0
53.286 1.23152e-09 0.985188 1.01503 0 0
53.346 1.23152e-09 0.985205 1.01502 0 0
53.406 1.23152e-09 0.985221 1.015 0 0
53.466 1.23152e-09 0.985238 1.01498 0 0
53.526 1.23152e-09 0.985255 1.01497 0 0
53.586 1.23152e-09 0.985271 1.01495 0 0
53.646 1.23152e-09 0.985288 1.01493 0 0
53.706 1.23152e-09 0.985304 1.01492 0 0
53.766 1.23152e-09 0.98532 1.0149 0 0
53.826 1.23152e-09 0.985337 1.01488 0 0
53.886 1.23152e-09 0.985353 1.01486 0 0
53.946 1.23152e-09 0.985369 1.01485 0 0
54.006 1.23152e-09 0.985386 1.01483 0 0
54.066 1.23152e-09 0.985402 1.01481 0 0
54.126 1.23152e-09 0.985418 1.0148 0 0
54.186 1.23152e-09 0.985434 1.01478 0 0
54.246 1.23152e-09 0.98545 1.01476 0 0
54.306 1.23152e-09 0.985466 1.01475 0 0
54.366 1.23152e-09 0.985482 1.01473 0 0
54.426 1.23152e-09 0.985498 1.01471 0 0
54.486 1.23152e-09 0.985514 1.0147 0 0
54.546 1.23152e-09 0.98553 1.01468 0 0
54.606 1.23152e-09 0.985546 1.01467 0 0
54.666 1.23152e-09 0.985562 1.01465 0 0
54.726 1.23152e-09 0.985578 1.01463 0 0
54.786 1.23152e-09 0.985594 1.01462 0 0
54.846 1.23152e-09 0.98561 1.0146 0 0
54.906 1.23152e-09 0.985625 1.01458 0 0
54.966 1.23152e-09 0.985641 1.01457 0 0
55.026 1.23152e-09 0.985657 1.01455 0 0
55.086 1.23152e-09 0.985672 1.01454 0 0
55.146 1.23152e-09 0.985688 1.01452 0 0
55.206 1.23152e-09 0.985703 1.0145 0 0
55.266 1.23152e-09 0.985719 1.01449 0 0
55.326 1.23152e-09 0.985734 1.01447 0 0
55.386 1.23152e-09 0.98575 1.01446 0 0
55.446 1.23152e-09 0.985765 1.01444 0 0
55.506 1.23152e-09 0.985781 1.01442 0 0
55.566 1.23152e-09 0.985796 1.01441 0 0
55.626 1.23152e-09 0.985811 1.01439 0 0
55.686 1.23152e-09 0.985827 1.01438 0 0
55.746 1.23152e-09 0.985842 1.01436 0 0
55.806 1.23152e-09 0.985857 1.01435 0 0
55.866 1.23152e-09 0.985872 1.01433 0 0
55.926 1.23152e-09 0.985887 1.01431 0 0
55.986 1.23152e-09 0.985903 1.0143 0 0
56.046 1.23152e-09 0.985918 1.01428 0 0
56.106 1.23152e-09 0.985933 1.01427 0 0
56.166 1.23152e-09 0.985948 1.01425 0 0
56.226 1.23152e-09 0.985963 1.01424 0 0
56.286 1.23152e-09 0.985978 1.01422 0 0
56.346 1.23152e-09 0.985993 1.01421 0 0
56.406 1.23152e-09 0.986008 1.01419 0 0
56.466 1.23152e-09 0.986022 1.01418 0 0
56.526 1.23152e-09 0.986037 1.01416 0 0
56.586 1.23152e-09 0.986052 1.01415 0 0
56.646 1.23152e-09 0.986067 1.01413 0 0
56.706 1.23152e-09 0.986082 1.01411 0 0
56.766 1.23152e-09 0.986096 1.0141 0 0
56.826 1.23152e-09 0.986111 1.01408 0 0
56.886 1.23152e-09 0.986126 1.01407 0 0
56.946 1.23152e-09 0.98614 1.01405 0 0
57.006 1.23152e-09 0.986155 1.01404 0 0
57.066 1.23152e-09 0.986169 1.01402 0 0
57.126 1.23152e-09 0.986184 1.01401 0 0
57.186 1.23152e-09 0.986198 1.01399 0 0
57.246 1.23152e-09 0.986213 1.01398 0 0
57.306 1.23152e-09 0.986227 1.01397 0 0
57.366 1.23152e-09 0.986242 1.01395 0 0
57.426 1.23152e-09 0.986256 1.01394 0 0
57.486 1.23152e-09 0.98627 1.01392 0 0
57.546 1.23152e-09 0.986285 1.01391 0 0
57.606 1.23152e-09 0.986299 1.01389 0 0
57.666 1.23152e-09 0.986313 1.01388 0 0
57.726 1.23152e-09 0.986327 1.01386 0 0
57.786 1.23152e-09 0.986342 1.01385 0 0
57.846 1.23152e-09 0.986356 1.01383 0 0
57.906 1.23152e-09 0.98637 1.01382 0 0
57.966 1.23152e-09 0.986384 1.0138 0 0
58.026 1.23152e-09 0.986398 1.01379 0 0
58.086 1.23152e-09 0.986412 1.01377 0 0
58.146 1.23152e-09 0.986426 1.01376 0 0
58.206 1.23152e-09 0.98644 1.01375 0 0
58.266 1.23152e-09 0.986454 1.01373 0 0
58.326 1.23152e-09 0.986468 1.01372 0 0
58.386 1.23152e-09 0.986482 1.0137 0 0
58.446 1.23152e-09 0.986496 1.01369 0 0
58.506 1.23152e-09 0.98651 1.01367 0 0
58.566 1.23152e-09 0.986524 1.01366 0 0
58.626 1.23152e-09 0.986537 1.01365 0 0
58.686 1.23152e-09 0.986551 1.01363 0 0
58.746 1.23152e-09 0.986565 1.01362 0 0
58.806 1.23152e-09 0.986579 1.0136 0 0
58.866 1.23152e-09 0.986592 1.01359 0 0
58.926 1.23152e-09 0.986606 1.01358 0 0
58.986 1.23152e-09 0.98662 1.01356 0 0
59.046 1.23152e-09 0.986633 1.01355 0 0
59.106 1.23152e-09 0.986647 1.01353 0 0
59.166 1.23152e-09 0.98666 1.01352 0 0
59.226 1.23152e-09 0.986674 1.01351 0 0
59.286 1.23152e-09 0.986687 1.01349 0 0
59.346 1.23152e-09 0.986701 1.01348 0 0
59.406 1.23152e-09 0.986714 1.01346 0 0
59.466 1.23152e-09 0.986728 1.01345 0 0
59.526 1.23152e-09 0.986741 1.01344 0 0
59.586 1.23152e-09 0.986754 1.01342 0 0
59.646 1.23152e-09 0.986768 1.01341 0 0
59.706 1.23152e-09 0.986781 1.0134 0 0
59.766 1.23152e-09 0.986794 1.01338 0 0
59.826 1.23152e-09 0.986807 1.01337 0 0
59.886 1.23152e-09 0.986821 1.01336 0 0
59.946 1.23152e-09 0.986834 1.01334 0 0

