0.06 0.652863
0.006 0.123152 0.229205 1 0.00172391 0.004152
0.066 0.122988 0.229716 1.00124 0.00171545 0.0041418
0.126 0.122545 0.231086 1.00452 0.00169306 0.00411468
0.186 0.121827 0.23331 1.00979 0.00165741 0.00407113
0.246 0.12084 0.236386 1.01702 0.00160955 0.00401191
0.306 0.119587 0.240311 1.02612 0.00155079 0.00393801
0.366 0.118077 0.24508 1.037 0.00148273 0.00385062
0.426 0.116317 0.250684 1.04954 0.0014071 0.00375113
0.486 0.114316 0.257113 1.06361 0.00132572 0.00364104
0.546 0.112083 0.264351 1.0791 0.00124039 0.00352192
0.606 0.109628 0.272378 1.09584 0.00115288 0.00339541
0.666 0.106963 0.281169 1.11372 0.00106479 0.00326312
0.726 0.104097 0.290693 1.13258 0.000977581 0.00312663
0.786 0.101041 0.300912 1.15232 0.000892486 0.00298745
0.846 0.0978068 0.311781 1.17282 0.000810539 0.002847
0.906 0.0944049 0.323247 1.19401 0.000732551 0.00270657
0.966 0.0908465 0.33525 1.21582 0.000659124 0.00256734
1.026 0.0871435 0.347726 1.23822 0.000590664 0.00243036
1.086 0.0833088 0.360599 1.2612 0.000527402 0.00229652
1.146 0.0793575 0.373791 1.28472 0.00046942 0.00216661
1.206 0.0753089 0.387217 1.30877 0.000416675 0.00204126
1.266 0.0711887 0.400792 1.33323 0.00036902 0.00192099
1.326 0.0670333 0.414428 1.35783 0.000326228 0.00180618
1.386 0.0628924 0.428041 1.38208 0.000288008 0.00169708
1.446 0.0588246 0.441552 1.4053 0.000254025 0.00159382
1.506 0.0548864 0.454897 1.42674 0.000223916 0.00149638
1.566 0.0511197 0.468018 1.44584 0.000197309 0.00140467
1.626 0.0475502 0.480873 1.46227 0.00017384 0.00131848
1.686 0.0441898 0.493427 1.4759 0.000153162 0.00123759
1.746 0.0410415 0.505655 1.48678 0.000134956 0.0011617
1.806 0.0381023 0.51754 1.49504 0.000118929 0.00109054
1.866 0.0353657 0.529071 1.50088 0.000104818 0.00102381
1.926 0.0328229 0.540242 1.50456 9.23908e-05 0.000961201
1.986 0.0304636 0.551052 1.5063 8.14396e-05 0.000902439
2.046 0.0282771 0.561504 1.50636 7.17827e-05 0.000847247
2.106 0.0262525 0.571603 1.50497 6.32606e-05 0.000795365
2.166 0.0243788 0.581355 1.50236 5.57339e-05 0.000746551
2.226 0.0226453 0.59077 1.49871 4.90809e-05 0.000700577
2.286 0.021042 0.599857 1.49422 4.31956e-05 0.000657233
2.346 0.0195592 0.608627 1.48902 3.79856e-05 0.000616325
2.406 0.0181877 0.617092 1.48326 3.33705e-05 0.000577672
2.466 0.0169189 0.625262 1.47706 2.92801e-05 0.000541111
2.526 0.015745 0.63315 1.47052 2.56532e-05 0.00050649
2.586 0.0146585 0.640765 1.46371 2.24363e-05 0.00047367
2.646 0.0136526 0.648119 1.45672 1.95829e-05 0.000442525
2.706 0.012721 0.655224 1.4496 1.70519e-05 0.000412939
2.766 0.0118578 0.662088 1.4424 1.48075e-05 0.000384805
2.826 0.0110577 0.668723 1.43516 1.28181e-05 0.000358024
2.886 0.0103158 0.675138 1.42791 1.10562e-05 0.000332509
2.946 0.00962753 0.681342 1.42068 9.49725e-06 0.000308176
3.006 0.00898872 0.687344 1.4135 8.11968e-06 0.000284951
3.066 0.00839554 0.693152 1.40638 6.90445e-06 0.000262763
3.126 0.0078445 0.698773 1.39932 5.83466e-06 0.00024155
3.186 0.00733237 0.704217 1.39235 4.89531e-06 0.000221253
3.246 0.00685619 0.709489 1.38547 4.07307e-06 0.000201818
3.306 0.00641323 0.714596 1.37868 3.35606e-06 0.000183196
3.366 0.006001 0.719546 1.372 2.73369e-06 0.000165339
3.426 0.00561721 0.724343 1.36541 2.19649e-06 0.000148206
3.486 0.00525973 0.728994 1.35892 1.73599e-06 0.000131757
3.546 0.00492662 0.733504 1.35253 1.34457e-06 0.000115956
3.606 0.00461611 0.737878 1.34624 1.01543e-06 0.000100769
3.666 0.00432653 0.742122 1.34005 7.42424e-07 8.6164e-05
3.726 0.00405637 0.746239 1.33396 5.20024e-07 7.21127e-05
3.786 0.00380423 0.750235 1.32796 3.4325e-07 5.85875e-05
3.846 0.00356882 0.754113 1.32205 2.07599e-07 4.5563e-05
3.906 0.00334895 0.757878 1.31622 1.09003e-07 3.30156e-05
3.966 0.00314352 0.761533 1.31049 4.37776e-08 2.09231e-05
4.026 0.00295152 0.765082 1.30483 8.58388e-09 9.26492e-06
4.086 0.002772 0.768528 1.29926 0 0
4.146 0.00260409 0.771875 1.29383 0 0
4.206 0.00244699 0.775127 1.28859 0 0
4.266 0.00229995 0.778287 1.28352 0 0
4.326 0.00216228 0.78136 1.27862 0 0
4.386 0.00203333 0.78435 1.27387 0 0
4.446 0.00191251 0.787259 1.26928 0 0
4.506 0.00179928 0.79009 1.26483 0 0
4.566 0.00169313 0.792847 1.26052 0 0
4.626 0.00159357 0.795533 1.25635 0 0
4.686 0.00150018 0.798151 1.2523 0 0
4.746 0.00141255 0.800702 1.24837 0 0
4.806 0.0013303 0.803189 1.24456 0 0
4.866 0.00125308 0.805616 1.24086 0 0
4.926 0.00118056 0.807983 1.23727 0 0
4.986 0.00111244 0.810293 1.23378 0 0
5.046 0.00104844 0.812548 1.23039 0 0
5.106 0.000988291 0.814751 1.2271 0 0
5.166 0.00093175 0.816902 1.22389 0 0
5.226 0.000878588 0.819004 1.22078 0 0
5.286 0.000828593 0.821058 1.21775 0 0
5.346 0.000781565 0.823067 1.21479 0 0
5.406 0.000737319 0.82503 1.21192 0 0
5.466 0.000695682 0.826951 1.20912 0 0
5.526 0.000656493 0.82883 1.2064 0 0
5.586 0.000619599 0.830668 1.20374 0 0
5.646 0.000584861 0.832467 1.20115 0 0
5.706 0.000552145 0.834229 1.19862 0 0
5.766 0.00052133 0.835954 1.19616 0 0
5.826 0.000492298 0.837643 1.19375 0 0
5.886 0.000464943 0.839298 1.19141 0 0
5.946 0.000439162 0.84092 1.18912 0 0
6.006 0.000414862 0.842509 1.18688 0 0
6.066 0.000391953 0.844067 1.18469 0 0
6.126 0.000370353 0.845594 1.18256 0 0
6.186 0.000349984 0.847092 1.18047 0 0
6.246 0.000330772 0.84856 1.17843 0 0
6.306 0.000312649 0.850001 1.17644 0 0
6.366 0.000295551 0.851415 1.17449 0 0
6.426 0.000279418 0.852802 1.17258 0 0
6.486 0.000264192 0.854164 1.17071 0 0
6.546 0.000249822 0.855501 1.16889 0 0
6.606 0.000236258 0.856813 1.1671 0 0
6.666 0.000223451 0.858102 1.16535 0 0
6.726 0.000211359 0.859368 1.16363 0 0
6.786 0.000199941 0.860611 1.16195 0 0
6.846 0.000189156 0.861833 1.16031 0 0
6.906 0.00017897 0.863033 1.15869 0 0
6.966 0.000169347 0.864213 1.15711 0 0
7.026 0.000160256 0.865373 1.15556 0 0
7.086 0.000151666 0.866513 1.15404 0 0
7.146 0.000143548 0.867633 1.15255 0 0
7.206 0.000135876 0.868736 1.15109 0 0
7.266 0.000128625 0.869819 1.14966 0 0
7.326 0.00012177 0.870886 1.14825 0 0
7.386 0.00011529 0.871934 1.14687 0 0
7.446 0.000109163 0.872966 1.14552 0 0
7.506 0.00010337 0.873982 1.14418 0 0
7.566 9.78911e-05 0.874981 1.14288 0 0
7.626 9.27095e-05 0.875965 1.1416 0 0
7.686 8.78086e-05 0.876933 1.14034 0 0
7.746 8.31726e-05 0.877886 1.1391 0 0
7.806 7.87869e-05 0.878825 1.13788 0 0
7.866 7.46375e-05 0.879749 1.13669 0 0
7.926 7.07114e-05 0.88066 1.13551 0 0
7.986 6.69963e-05 0.881556 1.13436 0 0
8.046 6.34805e-05 0.882439 1.13322 0 0
8.106 6.0153e-05 0.88331 1.1321 0 0
8.166 5.70035e-05 0.884167 1.13101 0 0
8.226 5.40222e-05 0.885012 1.12993 0 0
8.286 5.12e-05 0.885845 1.12887 0 0
8.346 4.8528e-05 0.886665 1.12782 0 0
8.406 4.59982e-05 0.887474 1.12679 0 0
8.466 4.36028e-05 0.888272 1.12578 0 0
8.526 4.13344e-05 0.889058 1.12479 0 0
8.586 3.91862e-05 0.889833 1.12381 0 0
8.646 3.71517e-05 0.890598 1.12284 0 0
8.706 3.52246e-05 0.891352 1.12189 0 0
8.766 3.33993e-05 0.892095 1.12096 0 0
8.826 3.16701e-05 0.892829 1.12004 0 0
8.886 3.0032e-05 0.893553 1.11913 0 0
8.946 2.84799e-05 0.894266 1.11823 0 0
9.006 2.70094e-05 0.894971 1.11735 0 0
9.066 2.56159e-05 0.895666 1.11649 0 0
9.126 2.42955e-05 0.896352 1.11563 0 0
9.186 2.30441e-05 0.897029 1.11479 0 0
9.246 2.18581e-05 0.897697 1.11396 0 0
9.306 2.07339e-05 0.898357 1.11314 0 0
9.366 1.96684e-05 0.899008 1.11234 0 0
9.426 1.86584e-05 0.899651 1.11154 0 0
9.486 1.77008e-05 0.900285 1.11076 0 0
9.546 1.6793e-05 0.900912 1.10999 0 0
9.606 1.59323e-05 0.901531 1.10922 0 0
9.666 1.51162e-05 0.902142 1.10847 0 0
9.726 1.43423e-05 0.902746 1.10773 0 0
9.786 1.36084e-05 0.903342 1.107 0 0
9.846 1.29124e-05 0.903931 1.10628 0 0
9.906 1.22522e-05 0.904513 1.10557 0 0
9.966 1.16261e-05 0.905088 1.10486 0 0
10.026 1.10322e-05 0.905656 1.10417 0 0
10.086 1.04687e-05 0.906217 1.10349 0 0
10.146 9.93421e-06 0.906772 1.10281 0 0
10.206 9.42706e-06 0.90732 1.10215 0 0
10.266 8.94586e-06 0.907862 1.10149 0 0
10.326 8.48924e-06 0.908397 1.10084 0 0
10.386 8.05591e-06 0.908926 1.1002 0 0
10.446 7.64465e-06 0.909449 1.09957 0 0
10.506 7.25431e-06 0.909966 1.09894 0 0
10.566 6.88379e-06 0.910478 1.09832 0 0
10.626 6.53204e-06 0.910983 1.09772 0 0
10.686 6.1981e-06 0.911483 1.09711 0 0
10.746 5.88103e-06 0.911977 1.09652 0 0
10.806 5.57994e-06 0.912466 1.09593 0 0
10.866 5.294e-06 0.912949 1.09535 0 0
10.926 5.02241e-06 0.913427 1.09478 0 0
10.986 4.76444e-06 0.9139 1.09421 0 0
11.046 4.51935e-06 0.914368 1.09365 0 0
11.106 4.28649e-06 0.914831 1.0931 0 0
11.166 4.0652e-06 0.915288 1.09255 0 0
11.226 3.85488e-06 0.915741 1.09201 0 0
11.286 3.65496e-06 0.916189 1.09148 0 0
11.346 3.46489e-06 0.916632 1.09095 0 0
11.406 3.28415e-06 0.917071 1.09043 0 0
11.466 3.11225e-06 0.917505 1.08991 0 0
11.526 2.94873e-06 0.917934 1.0894 0 0
11.586 2.79313e-06 0.918359 1.0889 0 0
11.646 2.64505e-06 0.91878 1.0884 0 0
11.706 2.50408e-06 0.919196 1.08791 0 0
11.766 2.36984e-06 0.919608 1.08742 0 0
11.826 2.24198e-06 0.920016 1.08694 0 0
11.886 2.12014e-06 0.92042 1.08646 0 0
11.946 2.00402e-06 0.920819 1.08599 0 0
12.006 1.89329e-06 0.921215 1.08552 0 0
12.066 1.78766e-06 0.921607 1.08506 0 0
12.126 1.68686e-06 0.921995 1.0846 0 0
12.186 1.59061e-06 0.922379 1.08415 0 0
12.246 1.49868e-06 0.922759 1.08371 0 0
12.306 1.4108e-06 0.923136 1.08326 0 0
12.366 1.32677e-06 0.923509 1.08283 0 0
12.426 1.24634e-06 0.923878 1.08239 0 0
12.486 1.16933e-06 0.924244 1.08197 0 0
12.546 1.09552e-06 0.924606 1.08154 0 0
12.606 1.02474e-06 0.924965 1.08112 0 0
12.666 9.56792e-07 0.92532 1.08071 0 0
12.726 8.91509e-07 0.925672 1.0803 0 0
12.786 8.28725e-07 0.926021 1.07989 0 0
12.846 7.68282e-07 0.926367 1.07949 0 0
12.906 7.10027e-07 0.926709 1.07909 0 0
12.966 6.53815e-07 0.927048 1.07869 0 0
13.026 5.99507e-07 0.927384 1.0783 0 0
13.086 5.46968e-07 0.927717 1.07791 0 0
13.146 4.96069e-07 0.928047 1.07753 0 0
13.206 4.46687e-07 0.928374 1.07715 0 0
13.266 3.98701e-07 0.928698 1.07678 0 0
13.326 3.51996e-07 0.929019 1.0764 0 0
13.386 3.06461e-07 0.929337 1.07604 0 0
13.446 2.61987e-07 0.929653 1.07567 0 0
13.506 2.1847e-07 0.929965 1.07531 0 0
13.566 1.75808e-07 0.930275 1.07495 0 0
13.626 1.33904e-07 0.930582 1.0746 0 0
13.686 9.26595e-08 0.930886 1.07425 0 0
13.746 5.19821e-08 0.931188 1.0739 0 0
13.806 1.17798e-08 0.931487 1.07355 0 0
13.866 1.23152e-09 0.931783 1.07321 0 0
13.926 1.23152e-09 0.932077 1.07287 0 0
13.986 1.23152e-09 0.932369 1.07254 0 0
14.046 1.23152e-09 0.932658 1.0722 0 0
14.106 1.23152e-09 0.932944 1.07188 0 0
14.166 1.23152e-09 0.933228 1.07155 0 0
14.226 1.23152e-09 0.93351 1.07123 0 0
14.286 1.23152e-09 0.933789 1.07091 0 0
14.346 1.23152e-09 0.934066 1.07059 0 0
14.406 1.23152e-09 0.93434 1.07027 0 0
14.466 1.23152e-09 0.934613 1.06996 0 0
14.526 1.23152e-09 0.934883 1.06965 0 0
14.586 1.23152e-09 0.935151 1.06935 0 0
14.646 1.23152e-09 0.935416 1.06904 0 0
14.706 1.23152e-09 0.93568 1.06874 0 0
14.766 1.23152e-09 0.935941 1.06844 0 0
14.826 1.23152e-09 0.9362 1.06815 0 0
14.886 1.23152e-09 0.936458 1.06785 0 0
14.946 1.23152e-09 0.936713 1.06756 0 0
15.006 1.23152e-09 0.936966 1.06727 0 0
15.066 1.23152e-09 0.937217 1.06699 0 0
15.126 1.23152e-09 0.937466 1.06671 0 0
15.186 1.23152e-09 0.937713 1.06642 0 0
15.246 1.23152e-09 0.937958 1.06615 0 0
15.306 1.23152e-09 0.938201 1.06587 0 0
15.366 1.23152e-09 0.938443 1.0656 0 0
15.426 1.23152e-09 0.938682 1.06532 0 0
15.486 1.23152e-09 0.93892 1.06505 0 0
15.546 1.23152e-09 0.939155 1.06479 0 0
15.606 1.23152e-09 0.939389 1.06452 0 0
15.666 1.23152e-09 0.939621 1.06426 0 0
15.726 1.23152e-09 0.939852 1.064 0 0
15.786 1.23152e-09 0.94008 1.06374 0 0
15.846 1.23152e-09 0.940307 1.06348 0 0
15.906 1.23152e-09 0.940532 1.06323 0 0
15.966 1.23152e-09 0.940756 1.06298 0 0
16.026 1.23152e-09 0.940978 1.06272 0 0
16.086 1.23152e-09 0.941198 1.06248 0 0
16.146 1.23152e-09 0.941416 1.06223 0 0
16.206 1.23152e-09 0.941633 1.06198 0 0
16.266 1.23152e-09 0.941849 1.06174 0 0
16.326 1.23152e-09 0.942062 1.0615 0 0
16.386 1.23152e-09 0.942274 1.06126 0 0
16.446 1.23152e-09 0.942485 1.06102 0 0
16.506 1.23152e-09 0.942694 1.06079 0 0
16.566 1.23152e-09 0.942902 1.06056 0 0
16.626 1.23152e-09 0.943108 1.06032 0 0
16.686 1.23152e-09 0.943312 1.06009 0 0
16.746 1.23152e-09 0.943515 1.05987 0 0
16.806 1.23152e-09 0.943717 1.05964 0 0
16.866 1.23152e-09 0.943917 1.05941 0 0
16.926 1.23152e-09 0.944116 1.05919 0 0
16.986 1.23152e-09 0.944313 1.05897 0 0
17.046 1.23152e-09 0.944509 1.05875 0 0
17.106 1.23152e-09 0.944704 1.05853 0 0
17.166 1.23152e-09 0.944897 1.05832 0 0
17.226 1.23152e-09 0.945089 1.0581 0 0
17.286 1.23152e-09 0.94528 1.05789 0 0
17.346 1.23152e-09 0.945469 1.05768 0 0
17.406 1.23152e-09 0.945657 1.05747 0 0
17.466 1.23152e-09 0.945844 1.05726 0 0
17.526 1.23152e-09 0.946029 1.05705 0 0
17.586 1.23152e-09 0.946213 1.05684 0 0
17.646 1.23152e-09 0.946396 1.05664 0 0
17.706 1.23152e-09 0.946578 1.05644 0 0
17.766 1.23152e-09 0.946758 1.05624 0 0
17.826 1.23152e-09 0.946938 1.05604 0 0
17.886 1.23152e-09 0.947116 1.05584 0 0
17.946 1.23152e-09 0.947292 1.05564 0 0
18.006 1.23152e-09 0.947468 1.05544 0 0
18.066 1.23152e-09 0.947642 1.05525 0 0
18.126 1.23152e-09 0.947816 1.05506 0 0
18.186 1.23152e-09 0.947988 1.05487 0 0
18.246 1.23152e-09 0.948159 1.05468 0 0
18.306 1.23152e-09 0.948329 1.05449 0 0
18.366 1.23152e-09 0.948498 1.0543 0 0
18.426 1.23152e-09 0.948665 1.05411 0 0
18.486 1.23152e-09 0.948832 1.05393 0 0
18.546 1.23152e-09 0.948998 1.05374 0 0
18.606 1.23152e-09 0.949162 1.05356 0 0
18.666 1.23152e-09 0.949325 1.05338 0 0
18.726 1.23152e-09 0.949488 1.0532 0 0
18.786 1.23152e-09 0.949649 1.05302 0 0
18.846 1.23152e-09 0.949809 1.05284 0 0
18.906 1.23152e-09 0.949969 1.05267 0 0
18.966 1.23152e-09 0.950127 1.05249 0 0
19.026 1.23152e-09 0.950284 1.05232 0 0
19.086 1.23152e-09 0.950441 1.05214 0 0
19.146 1.23152e-09 0.950596 1.05197 0 0
19.206 1.23152e-09 0.95075 1.0518 0 0
19.266 1.23152e-09 0.950904 1.05163 0 0
19.326 1.23152e-09 0.951056 1.05146 0 0
19.386 1.23152e-09 0.951207 1.0513 0 0
19.446 1.23152e-09 0.951358 1.05113 0 0
19.506 1.23152e-09 0.951508 1.05096 0 0
19.566 1.23152e-09 0.951656 1.0508 0 0
19.626 1.23152e-09 0.951804 1.05064 0 0
19.686 1.23152e-09 0.951951 1.05047 0 0
19.746 1.23152e-09 0.952097 1.05031 0 0
19.806 1.23152e-09 0.952242 1.05015 0 0
19.866 1.23152e-09 0.952386 1.04999 0 0
19.926 1.23152e-09 0.95253 1.04984 0 0
19.986 1.23152e-09 0.952672 1.04968 0 0
20.046 1.23152e-09 0.952814 1.04952 0 0
20.106 1.23152e-09 0.952955 1.04937 0 0
20.166 1.23152e-09 0.953095 1.04921 0 0
20.226 1.23152e-09 0.953234 1.04906 0 0
20.286 1.23152e-09 0.953372 1.04891 0 0
20.346 1.23152e-09 0.95351 1.04876 0 0
20.406 1.23152e-09 0.953646 1.04861 0 0
20.466 1.23152e-09 0.953782 1.04846 0 0
20.526 1.23152e-09 0.953917 1.04831 0 0
20.586 1.23152e-09 0.954052 1.04816 0 0
20.646 1.23152e-09 0.954185 1.04801 0 0
20.706 1.23152e-09 0.954318 1.04787 0 0
20.766 1.23152e-09 0.95445 1.04772 0 0
20.826 1.23152e-09 0.954581 1.04758 0 0
20.886 1.23152e-09 0.954712 1.04744 0 0
20.946 1.23152e-09 0.954841 1.04729 0 0
21.006 1.23152e-09 0.95497 1.04715 0 0
21.066 1.23152e-09 0.955099 1.04701 0 0
21.126 1.23152e-09 0.955226 1.04687 0 0
21.186 1.23152e-09 0.955353 1.04673 0 0
21.246 1.23152e-09 0.955479 1.0466 0 0
21.306 1.23152e-09 0.955604 1.04646 0 0
21.366 1.23152e-09 0.955729 1.04632 0 0
21.426 1.23152e-09 0.955853 1.04619 0 0
21.486 1.23152e-09 0.955976 1.04605 0 0
21.546 1.23152e-09 0.956099 1.04592 0 0
21.606 1.23152e-09 0.956221 1.04578 0 0
21.666 1.23152e-09 0.956342 1.04565 0 0
21.726 1.23152e-09 0.956463 1.04552 0 0
21.786 1.23152e-09 0.956583 1.04539 0 0
21.846 1.23152e-09 0.956702 1.04526 0 0
21.906 1.23152e-09 0.95682 1.04513 0 0
21.966 1.23152e-09 0.956938 1.045 0 0
22.026 1.23152e-09 0.957056 1.04487 0 0
22.086 1.23152e-09 0.957172 1.04474 0 0
22.146 1.23152e-09 0.957288 1.04462 0 0
22.206 1.23152e-09 0.957404 1.04449 0 0
22.266 1.23152e-09 0.957519 1.04437 0 0
22.326 1.23152e-09 0.957633 1.04424 0 0
22.386 1.23152e-09 0.957746 1.04412 0 0
22.446 1.23152e-09 0.957859 1.04399 0 0
22.506 1.23152e-09 0.957972 1.04387 0 0
22.566 1.23152e-09 0.958083 1.04375 0 0
22.626 1.23152e-09 0.958194 1.04363 0 0
22.686 1.23152e-09 0.958305 1.04351 0 0
22.746 1.23152e-09 0.958415 1.04339 0 0
22.806 1.23152e-09 0.958524 1.04327 0 0
22.866 1.23152e-09 0.958633 1.04315 0 0
22.926 1.23152e-09 0.958742 1.04303 0 0
22.986 1.23152e-09 0.958849 1.04292 0 0
23.046 1.23152e-09 0.958956 1.0428 0 0
23.106 1.23152e-09 0.959063 1.04268 0 0
23.166 1.23152e-09 0.959169 1.04257 0 0
23.226 1.23152e-09 0.959274 1.04245 0 0
23.286 1.23152e-09 0.959379 1.04234 0 0
23.346 1.23152e-09 0.959484 1.04223 0 0
23.406 1.23152e-09 0.959588 1.04211 0 0
23.466 1.23152e-09 0.959691 1.042 0 0
23.526 1.23152e-09 0.959794 1.04189 0 0
23.586 1.23152e-09 0.959896 1.04178 0 0
23.646 1.23152e-09 0.959998 1.04167 0 0
23.706 1.23152e-09 0.960099 1.04156 0 0
23.766 1.23152e-09 0.9602 1.04145 0 0
23.826 1.23152e-09 0.9603 1.04134 0 0
23.886 1.23152e-09 0.9604 1.04123 0 0
23.946 1.23152e-09 0.960499 1.04113 0 0
24.006 1.23152e-09 0.960598 1.04102 0 0
24.066 1.23152e-09 0.960696 1.04091 0 0
24.126 1.23152e-09 0.960794 1.04081 0 0
24.186 1.23152e-09 0.960891 1.0407 0 0
24.246 1.23152e-09 0.960988 1.0406 0 0
24.306 1.23152e-09 0.961084 1.04049 0 0
24.366 1.23152e-09 0.96118 1.04039 0 0
24.426 1.23152e-09 0.961275 1.04028 0 0
24.486 1.23152e-09 0.96137 1.04018 0 0
24.546 1.23152e-09 0.961465 1.04008 0 0
24.606 1.23152e-09 0.961558 1.03998 0 0
24.666 1.23152e-09 0.961652 1.03988 0 0
24.726 1.23152e-09 0.961745 1.03978 0 0
24.786 1.23152e-09 0.961838 1.03968 0 0
24.846 1.23152e-09 0.96193 1.03958 0 0
24.906 1.23152e-09 0.962022 1.03948 0 0
24.966 1.23152e-09 0.962113 1.03938 0 0
25.026 1.23152e-09 0.962204 1.03928 0 0
25.086 1.23152e-09 0.962294 1.03918 0 0
25.146 1.23152e-09 0.962384 1.03909 0 0
25.206 1.23152e-09 0.962474 1.03899 0 0
25.266 1.23152e-09 0.962563 1.03889 0 0
25.326 1.23152e-09 0.962651 1.0388 0 0
25.386 1.23152e-09 0.96274 1.0387 0 0
25.446 1.23152e-09 0.962827 1.03861 0 0
25.506 1.23152e-09 0.962915 1.03851 0 0
25.566 1.23152e-09 0.963002 1.03842 0 0
25.626 1.23152e-09 0.963089 1.03833 0 0
25.686 1.23152e-09 0.963175 1.03823 0 0
25.746 1.23152e-09 0.963261 1.03814 0 0
25.806 1.23152e-09 0.963346 1.03805 0 0
25.866 1.23152e-09 0.963431 1.03796 0 0
25.926 1.23152e-09 0.963516 1.03787 0 0
25.986 1.23152e-09 0.9636 1.03778 0 0
26.046 1.23152e-09 0.963684 1.03768 0 0
26.106 1.23152e-09 0.963767 1.03759 0 0
26.166 1.23152e-09 0.96385 1.03751 0 0
26.226 1.23152e-09 0.963933 1.03742 0 0
26.286 1.23152e-09 0.964015 1.03733 0 0
26.346 1.23152e-09 0.964097 1.03724 0 0
26.406 1.23152e-09 0.964179 1.03715 0 0
26.466 1.23152e-09 0.96426 1.03706 0 0
26.526 1.23152e-09 0.964341 1.03698 0 0
26.586 1.23152e-09 0.964421 1.03689 0 0
26.646 1.23152e-09 0.964502 1.0368 0 0
26.706 1.23152e-09 0.964581 1.03672 0 0
26.766 1.23152e-09 0.964661 1.03663 0 0
26.826 1.23152e-09 0.96474 1.03655 0 0
26.886 1.23152e-09 0.964818 1.03646 0 0
26.946 1.23152e-09 0.964897 1.03638 0 0
27.006 1.23152e-09 0.964975 1.0363 0 0
27.066 1.23152e-09 0.965052 1.03621 0 0
27.126 1.23152e-09 0.96513 1.03613 0 0
27.186 1.23152e-09 0.965207 1.03605 0 0
27.246 1.23152e-09 0.965283 1.03597 0 0
27.306 1.23152e-09 0.96536 1.03588 0 0
27.366 1.23152e-09 0.965436 1.0358 0 0
27.426 1.23152e-09 0.965511 1.03572 0 0
27.486 1.23152e-09 0.965586 1.03564 0 0
27.546 1.23152e-09 0.965661 1.03556 0 0
27.606 1.23152e-09 0.965736 1.03548 0 0
27.666 1.23152e-09 0.96581 1.0354 0 0
27.726 1.23152e-09 0.965884 1.03532 0 0
27.786 1.23152e-09 0.965958 1.03524 0 0
27.846 1.23152e-09 0.966031 1.03516 0 0
27.906 1.23152e-09 0.966104 1.03508 0 0
27.966 1.23152e-09 0.966177 1.03501 0 0
28.026 1.23152e-09 0.966249 1.03493 0 0
28.086 1.23152e-09 0.966322 1.03485 0 0
28.146 1.23152e-09 0.966393 1.03478 0 0
28.206 1.23152e-09 0.966465 1.0347 0 0
28.266 1.23152e-09 0.966536 1.03462 0 0
28.326 1.23152e-09 0.966607 1.03455 0 0
28.386 1.23152e-09 0.966678 1.03447 0 0
28.446 1.23152e-09 0.966748 1.0344 0 0
28.506 1.23152e-09 0.966818 1.03432 0 0
28.566 1.23152e-09 0.966887 1.03425 0 0
28.626 1.23152e-09 0.966957 1.03417 0 0
28.686 1.23152e-09 0.967026 1.0341 0 0
28.746 1.23152e-09 0.967095 1.03402 0 0
28.806 1.23152e-09 0.967163 1.03395 0 0
28.866 1.23152e-09 0.967232 1.03388 0 0
28.926 1.23152e-09 0.9673 1.03381 0 0
28.986 1.23152e-09 0.967367 1.03373 0 0
29.046 1.23152e-09 0.967435 1.03366 0 0
29.106 1.23152e-09 0.967502 1.03359 0 0
29.166 1.23152e-09 0.967569 1.03352 0 0
29.226 1.23152e-09 0.967635 1.03345 0 0
29.286 1.23152e-09 0.967702 1.03338 0 0
29.346 1.23152e-09 0.967768 1.03331 0 0
29.406 1.23152e-09 0.967833 1.03324 0 0
29.466 1.23152e-09 0.967899 1.03317 0 0
29.526 1.23152e-09 0.967964 1.0331 0 0
29.586 1.23152e-09 0.968029 1.03303 0 0
29.646 1.23152e-09 0.968094 1.03296 0 0
29.706 1.23152e-09 0.968158 1.03289 0 0
29.766 1.23152e-09 0.968222 1.03282 0 0
29.826 1.23152e-09 0.968286 1.03275 0 0
29.886 1.23152e-09 0.96835 1.03268 0 0
29.946 1.23152e-09 0.968413 1.03262 0 0
30.006 1.23152e-09 0.968477 1.03255 0 0
30.066 1.23152e-09 0.968539 1.03248 0 0
30.126 1.23152e-09 0.968602 1.03242 0 0
30.186 1.23152e-09 0.968665 1.03235 0 0
30.246 1.23152e-09 0.968727 1.03228 0 0
30.306 1.23152e-09 0.968789 1.03222 0 0
30.366 1.23152e-09 0.96885 1.03215 0 0
30.426 1.23152e-09 0.968912 1.03209 0 0
30.486 1.23152e-09 0.968973 1.03202 0 0
30.546 1.23152e-09 0.969034 1.03196 0 0
30.606 1.23152e-09 0.969095 1.03189 0 0
30.666 1.23152e-09 0.969155 1.03183 0 0
30.726 1.23152e-09 0.969215 1.03176 0 0
30.786 1.23152e-09 0.969275 1.0317 0 0
30.846 1.23152e-09 0.969335 1.03164 0 0
30.906 1.23152e-09 0.969395 1.03157 0 0
30.966 1.23152e-09 0.969454 1.03151 0 0
31.026 1.23152e-09 0.969513 1.03145 0 0
31.086 1.23152e-09 0.969572 1.03138 0 0
31.146 1.23152e-09 0.96963 1.03132 0 0
31.206 1.23152e-09 0.969689 1.03126 0 0
31.266 1.23152e-09 0.969747 1.0312 0 0
31.326 1.23152e-09 0.969805 1.03114 0 0
31.386 1.23152e-09 0.969863 1.03107 0 0
31.446 1.23152e-09 0.96992 1.03101 0 0
31.506 1.23152e-09 0.969977 1.03095 0 0
31.566 1.23152e-09 0.970034 1.03089 0 0
31.626 1.23152e-09 0.970091 1.03083 0 0
31.686 1.23152e-09 0.970148 1.03077 0 0
31.746 1.23152e-09 0.970204 1.03071 0 0
31.806 1.23152e-09 0.970261 1.03065 0 0
31.866 1.23152e-09 0.970317 1.03059 0 0
31.926 1.23152e-09 0.970372 1.03053 0 0
31.986 1.23152e-09 0.970428 1.03047 0 0
32.046 1.23152e-09 0.970483 1.03041 0 0
32.106 1.23152e-09 0.970538 1.03036 0 0
32.166 1.23152e-09 0.970593 1.0303 0 0
32.226 1.23152e-09 0.970648 1.03024 0 0
32.286 1.23152e-09 0.970703 1.03018 0 0
32.346 1.23152e-09 0.970757 1.03012 0 0
32.406 1.23152e-09 0.970811 1.03007 0 0
32.466 1.23152e-09 0.970865 1.03001 0 0
32.526 1.23152e-09 0.970919 1.02995 0 0
32.586 1.23152e-09 0.970972 1.0299 0 0
32.646 1.23152e-09 0.971026 1.02984 0 0
32.706 1.23152e-09 0.971079 1.02978 0 0
32.766 1.23152e-09 0.971132 1.02973 0 0
32.826 1.23152e-09 0.971185 1.02967 0 0
32.886 1.23152e-09 0.971237 1.02961 0 0
32.946 1.23152e-09 0.97129 1.02956 0 0
33.006 1.23152e-09 0.971342 1.0295 0 0
33.066 1.23152e-09 0.971394 1.02945 0 0
33.126 1.23152e-09 0.971446 1.02939 0 0
33.186 1.23152e-09 0.971497 1.02934 0 0
33.246 1.23152e-09 0.971549 1.02928 0 0
33.306 1.23152e-09 0.9716 1.02923 0 0
33.366 1.23152e-09 0.971651 1.02918 0 0
33.426 1.23152e-09 0.971702 1.02912 0 0
33.486 1.23152e-09 0.971753 1.02907 0 0
33.546 1.23152e-09 0.971803 1.02901 0 0
33.606 1.23152e-09 0.971853 1.02896 0 0
33.666 1.23152e-09 0.971904 1.02891 0 0
33.726 1.23152e-09 0.971954 1.02886 0 0
33.786 1.23152e-09 0.972003 1.0288 0 0
33.846 1.23152e-09 0.972053 1.02875 0 0
33.906 1.23152e-09 0.972103 1.0287 0 0
33.966 1.23152e-09 0.972152 1.02865 0 0
34.026 1.23152e-09 0.972201 1.02859 0 0
34.086 1.23152e-09 0.97225 1.02854 0 0
34.146 1.23152e-09 0.972299 1.02849 0 0
34.206 1.23152e-09 0.972347 1.02844 0 0
34.266 1.23152e-09 0.972396 1.02839 0 0
34.326 1.23152e-09 0.972444 1.02834 0 0
34.386 1.23152e-09 0.972492 1.02829 0 0
34.446 1.23152e-09 0.97254 1.02824 0 0
34.506 1.23152e-09 0.972588 1.02819 0 0
34.566 1.23152e-09 0.972635 1.02813 0 0
34.626 1.23152e-09 0.972683 1.02808 0 0
34.686 1.23152e-09 0.97273 1.02803 0 0
34.746 1.23152e-09 0.972777 1.02798 0 0
34.806 1.23152e-09 0.972824 1.02794 0 0
34.866 1.23152e-09 0.972871 1.02789 0 0
34.926 1.23152e-09 0.972917 1.02784 0 0
34.986 1.23152e-09 0.972964 1.02779 0 0
35.046 1.23152e-09 0.97301 1.02774 0 0
35.106 1.23152e-09 0.973056 1.02769 0 0
35.166 1.23152e-09 0.973102 1.02764 0 0
35.226 1.23152e-09 0.973148 1.02759 0 0
35.286 1.23152e-09 0.973194 1.02754 0 0
35.346 1.23152e-09 0.973239 1.0275 0 0
35.406 1.23152e-09 0.973284 1.02745 0 0
35.466 1.23152e-09 0.97333 1.0274 0 0
35.526 1.23152e-09 0.973375 1.02735 0 0
35.586 1.23152e-09 0.97342 1.02731 0 0
35.646 1.23152e-09 0.973464 1.02726 0 0
35.706 1.23152e-09 0.973509 1.02721 0 0
35.766 1.23152e-09 0.973553 1.02717 0 0
35.826 1.23152e-09 0.973598 1.02712 0 0
35.886 1.23152e-09 0.973642 1.02707 0 0
35.946 1.23152e-09 0.973686 1.02703 0 0
36.006 1.23152e-09 0.97373 1.02698 0 0
36.066 1.23152e-09 0.973773 1.02693 0 0
36.126 1.23152e-09 0.973817 1.02689 0 0
36.186 1.23152e-09 0.97386 1.02684 0 0
36.246 1.23152e-09 0.973904 1.0268 0 0
36.306 1.23152e-09 0.973947 1.02675 0 0
36.366 1.23152e-09 0.97399 1.0267 0 0
36.426 1.23152e-09 0.974033 1.02666 0 0
36.486 1.23152e-09 0.974075 1.02661 0 0
36.546 1.23152e-09 0.974118 1.02657 0 0
36.606 1.23152e-09 0.97416 1.02653 0 0
36.666 1.23152e-09 0.974202 1.02648 0 0
36.726 1.23152e-09 0.974245 1.02644 0 0
36.786 1.23152e-09 0.974287 1.02639 0 0
36.846 1.23152e-09 0.974329 1.02635 0 0
36.906 1.23152e-09 0.97437 1.0263 0 0
36.966 1.23152e-09 0.974412 1.02626 0 0
37.026 1.23152e-09 0.974453 1.02622 0 0
37.086 1.23152e-09 0.974495 1.02617 0 0
37.146 1.23152e-09 0.974536 1.02613 0 0
37.206 1.23152e-09 0.974577 1.02609 0 0
37.266 1.23152e-09 0.974618 1.02604 0 0
37.326 1.23152e-09 0.974659 1.026 0 0
37.386 1.23152e-09 0.974699 1.02596 0 0
37.446 1.23152e-09 0.97474 1.02591 0 0
37.506 1.23152e-09 0.97478 1.02587 0 0
37.566 1.23152e-09 0.974821 1.02583 0 0
37.626 1.23152e-09 0.974861 1.02579 0 0
37.686 1.23152e-09 0.974901 1.02575 0 0
37.746 1.23152e-09 0.974941 1.0257 0 0
37.806 1.23152e-09 0.97498 1.02566 0 0
37.866 1.23152e-09 0.97502 1.02562 0 0
37.926 1.23152e-09 0.97506 1.02558 0 0
37.986 1.23152e-09 0.975099 1.02554 0 0
38.046 1.23152e-09 0.975138 1.0255 0 0
38.106 1.23152e-09 0.975177 1.02545 0 0
38.166 1.23152e-09 0.975216 1.02541 0 0
38.226 1.23152e-09 0.975255 1.02537 0 0
38.286 1.23152e-09 0.975294 1.02533 0 0
38.346 1.23152e-09 0.975333 1.02529 0 0
38.406 1.23152e-09 0.975371 1.02525 0 0
38.466 1.23152e-09 0.97541 1.02521 0 0
38.526 1.23152e-09 0.975448 1.02517 0 0
38.586 1.23152e-09 0.975486 1.02513 0 0
38.646 1.23152e-09 0.975524 1.02509 0 0
38.706 1.23152e-09 0.975562 1.02505 0 0
38.766 1.23152e-09 0.9756 1.02501 0 0
38.826 1.23152e-09 0.975638 1.02497 0 0
38.886 1.23152e-09 0.975675 1.02493 0 0
38.946 1.23152e-09 0.975713 1.02489 0 0
39.006 1.23152e-09 0.97575 1.02485 0 0
39.066 1.23152e-09 0.975787 1.02481 0 0
39.126 1.23152e-09 0.975824 1.02477 0 0
39.186 1.23152e-09 0.975861 1.02474 0 0
39.246 1.23152e-09 0.975898 1.0247 0 0
39.306 1.23152e-09 0.975935 1.02466 0 0
39.366 1.23152e-09 0.975972 1.02462 0 0
39.426 1.23152e-09 0.976008 1.02458 0 0
39.486 1.23152e-09 0.976045 1.02454 0 0
39.546 1.23152e-09 0.976081 1.0245 0 0
39.606 1.23152e-09 0.976117 1.02447 0 0
39.666 1.23152e-09 0.976154 1.02443 0 0
39.726 1.23152e-09 0.97619 1.02439 0 0
39.786 1.23152e-09 0.976226 1.02435 0 0
39.846 1.23152e-09 0.976261 1.02432 0 0
39.906 1.23152e-09 0.976297 1.02428 0 0
39.966 1.23152e-09 0.976333 1.02424 0 0
40.026 1.23152e-09 0.976368 1.0242 0 0
40.086 1.23152e-09 0.976403 1.02417 0 0
40.146 1.23152e-09 0.976439 1.02413 0 0
40.206 1.23152e-09 0.976474 1.02409 0 0
40.266 1.23152e-09 0.976509 1.02406 0 0
40.326 1.23152e-09 0.976544 1.02402 0 0
40.386 1.23152e-09 0.976579 1.02398 0 0
40.446 1.23152e-09 0.976613 1.02395 0 0
40.506 1.23152e-09 0.976648 1.02391 0 0
40.566 1.23152e-09 0.976683 1.02387 0 0
40.626 1.23152e-09 0.976717 1.02384 0 0
40.686 1.23152e-09 0.976751 1.0238 0 0
40.746 1.23152e-09 0.976786 1.02377 0 0
40.806 1.23152e-09 0.97682 1.02373 0 0
40.866 1.23152e-09 0.976854 1.02369 0 0
40.926 1.23152e-09 0.976888 1.02366 0 0
40.986 1.23152e-09 0.976922 1.02362 0 0
41.046 1.23152e-09 0.976955 1.02359 0 0
41.106 1.23152e-09 0.976989 1.02355 0 0
41.166 1.23152e-09 0.977022 1.02352 0 0
41.226 1.23152e-09 0.977056 1.02348 0 0
41.286 1.23152e-09 0.977089 1.02345 0 0
41.346 1.23152e-09 0.977123 1.02341 0 0
41.406 1.23152e-09 0.977156 1.02338 0 0
41.466 1.23152e-09 0.977189 1.02334 0 0
41.526 1.23152e-09 0.977222 1.02331 0 0
41.586 1.23152e-09 0.977255 1.02327 0 0
41.646 1.23152e-09 0.977287 1.02324 0 0
41.706 1.23152e-09 0.97732 1.02321 0 0
41.766 1.23152e-09 0.977353 1.02317 0 0
41.826 1.23152e-09 0.977385 1.02314 0 0
41.886 1.23152e-09 0.977417 1.0231 0 0
41.946 1.23152e-09 0.97745 1.02307 0 0
42.006 1.23152e-09 0.977482 1.02304 0 0
42.066 1.23152e-09 0.977514 1.023 0 0
42.126 1.23152e-09 0.977546 1.02297 0 0
42.186 1.23152e-09 0.977578 1.02294 0 0
42.246 1.23152e-09 0.97761 1.0229 0 0
42.306 1.23152e-09 0.977642 1.02287 0 0
42.366 1.23152e-09 0.977673 1.02284 0 0
42.426 1.23152e-09 0.977705 1.0228 0 0
42.486 1.23152e-09 0.977736 1.02277 0 0
42.546 1.23152e-09 0.977768 1.02274 0 0
42.606 1.23152e-09 0.977799 1.0227 0 0
42.666 1.23152e-09 0.97783 1.02267 0 0
42.726 1.23152e-09 0.977861 1.02264 0 0
42.786 1.23152e-09 0.977892 1.02261 0 0
42.846 1.23152e-09 0.977923 1.02257 0 0
42.906 1.23152e-09 0.977954 1.02254 0 0
42.966 1.23152e-09 0.977985 1.02251 0 0
43.026 1.23152e-09 0.978016 1.02248 0 0
43.086 1.23152e-09 0.978046 1.02245 0 0
43.146 1.23152e-09 0.978077 1.02241 0 0
43.206 1.23152e-09 0.978107 1.02238 0 0
43.266 1.23152e-09 0.978138 1.02235 0 0
43.326 1.23152e-09 0.978168 1.02232 0 0
43.386 1.23152e-09 0.978198 1.02229 0 0
43.446 1.23152e-09 0.978228 1.02226 0 0
43.506 1.23152e-09 0.978258 1.02222 0 0
43.566 1.23152e-09 0.978288 1.02219 0 0
43.626 1.23152e-09 0.978318 1.02216 0 0
43.686 1.23152e-09 0.978348 1.02213 0 0
43.746 1.23152e-09 0.978378 1.0221 0 0
43.806 1.23152e-09 0.978407 1.02207 0 0
43.866 1.23152e-09 0.978437 1.02204 0 0
43.926 1.23152e-09 0.978466 1.02201 0 0
43.986 1.23152e-09 0.978496 1.02198 0 0
44.046 1.23152e-09 0.978525 1.02195 0 0
44.106 1.23152e-09 0.978554 1.02192 0 0
44.166 1.23152e-09 0.978583 1.02189 0 0
44.226 1.23152e-09 0.978612 1.02186 0 0
44.286 1.23152e-09 0.978641 1.02182 0 0
44.346 1.23152e-09 0.97867 1.02179 0 0
44.406 1.23152e-09 0.978699 1.02176 0 0
44.466 1.23152e-09 0.978728 1.02173 0 0
44.526 1.23152e-09 0.978756 1.0217 0 0
44.586 1.23152e-09 0.978785 1.02167 0 0
44.646 1.23152e-09 0.978814 1.02165 0 0
44.706 1.23152e-09 0.978842 1.02162 0 0
44.766 1.23152e-09 0.97887 1.02159 0 0
44.826 1.23152e-09 0.978899 1.02156 0 0
44.886 1.23152e-09 0.978927 1.02153 0 0
44.946 1.23152e-09 0.978955 1.0215 0 0
45.006 1.23152e-09 0.978983 1.02147 0 0
45.066 1.23152e-09 0.979011 1.02144 0 0
45.126 1.23152e-09 0.979039 1.02141 0 0
45.186 1.23152e-09 0.979067 1.02138 0 0
45.246 1.23152e-09 0.979094 1.02135 0 0
45.306 1.23152e-09 0.979122 1.02132 0 0
45.366 1.23152e-09 0.97915 1.02129 0 0
45.426 1.23152e-09 0.979177 1.02127 0 0
45.486 1.23152e-09 0.979205 1.02124 0 0
45.546 1.23152e-09 0.979232 1.02121 0 0
45.606 1.23152e-09 0.979259 1.02118 0 0
45.666 1.23152e-09 0.979287 1.02115 0 0
45.726 1.23152e-09 0.979314 1.02112 0 0
45.786 1.23152e-09 0.979341 1.02109 0 0
45.846 1.23152e-09 0.979368 1.02107 0 0
45.906 1.23152e-09 0.979395 1.02104 0 0
45.966 1.23152e-09 0.979422 1.02101 0 0
46.026 1.23152e-09 0.979449 1.02098 0 0
46.086 1.23152e-09 0.979476 1.02095 0 0
46.146 1.23152e-09 0.979502 1.02093 0 0
46.206 1.23152e-09 0.979529 1.0209 0 0
46.266 1.23152e-09 0.979555 1.02087 0 0
46.326 1.23152e-09 0.979582 1.02084 0 0
46.386 1.23152e-09 0.979608 1.02082 0 0
46.446 1.23152e-09 0.979635 1.02079 0 0
46.506 1.23152e-09 0.979661 1.02076 0 0
46.566 1.23152e-09 0.979687 1.02073 0 0
46.626 1.23152e-09 0.979713 1.02071 0 0
46.686 1.23152e-09 0.979739 1.02068 0 0
46.746 1.23152e-09 0.979765 1.02065 0 0
46.806 1.23152e-09 0.979791 1.02063 0 0
46.866 1.23152e-09 0.979817 1.0206 0 0
46.926 1.23152e-09 0.979843 1.02057 0 0
46.986 1.23152e-09 0.979869 1.02054 0 0
47.046 1.23152e-09 0.979894 1.02052 0 0
47.106 1.23152e-09 0.97992 1.02049 0 0
47.166 1.23152e-09 0.979945 1.02046 0 0
47.226 1.23152e-09 0.979971 1.02044 0 0
47.286 1.23152e-09 0.979996 1.02041 0 0
47.346 1.23152e-09 0.980022 1.02039 0 0
47.406 1.23152e-09 0.980047 1.02036 0 0
47.466 1.23152e-09 0.980072 1.02033 0 0
47.526 1.23152e-09 0.980097 1.02031 0 0
47.586 1.23152e-09 0.980122 1.02028 0 0
47.646 1.23152e-09 0.980148 1.02025 0 0
47.706 1.23152e-09 0.980172 1.02023 0 0
47.766 1.23152e-09 0.980197 1.0202 0 0
47.826 1.23152e-09 0.980222 1.02018 0 0
47.886 1.23152e-09 0.980247 1.02015 0 0
47.946 1.23152e-09 0.980272 1.02013 0 0
48.006 1.23152e-09 0.980296 1.0201 0 0
48.066 1.23152e-09 0.980321 1.02007 0 0
48.126 1.23152e-09 0.980346 1.02005 0 0
48.186 1.23152e-09 0.98037 1.02002 0 0
48.246 1.23152e-09 0.980394 1.02 0 0
48.306 1.23152e-09 0.980419 1.01997 0 0
48.366 1.23152e-09 0.980443 1.01995 0 0
48.426 1.23152e-09 0.980467 1.01992 0 0
48.486 1.23152e-09 0.980491 1.0199 0 0
48.546 1.23152e-09 0.980516 1.01987 0 0
48.606 1.23152e-09 0.98054 1.01985 0 0
48.666 1.23152e-09 0.980564 1.01982 0 0
48.726 1.23152e-09 0.980588 1.0198 0 0
48.786 1.23152e-09 0.980611 1.01977 0 0
48.846 1.23152e-09 0.980635 1.01975 0 0
48.906 1.23152e-09 0.980659 1.01972 0 0
48.966 1.23152e-09 0.980683 1.0197 0 0
49.026 1.23152e-09 0.980706 1.01967 0 0
49.086 1.23152e-09 0.98073 1.01965 0 0
49.146 1.23152e-09 0.980753 1.01962 0 0
49.206 1.23152e-09 0.980777 1.0196 0 0
49.266 1.23152e-09 0.9808 1.01958 0 0
49.326 1.23152e-09 0.980824 1.01955 0 0
49.386 1.23152e-09 0.980847 1.01953 0 0
49.446 1.23152e-09 0.98087 1.0195 0 0
49.506 1.23152e-09 0.980893 1.01948 0 0
49.566 1.23152e-09 0.980917 1.01945 0 0
49.626 1.23152e-09 0.98094 1.01943 0 0
49.686 1.23152e-09 0.980963 1.01941 0 0
49.746 1.23152e-09 0.980986 1.01938 0 0
49.806 1.23152e-09 0.981008 1.01936 0 0
49.866 1.23152e-09 0.981031 1.01934 0 0
49.926 1.23152e-09 0.981054 1.01931 0 0
49.986 1.23152e-09 0.981077 1.01929 0 0
50.046 1.23152e-09 0.9811 1.01926 0 0
50.106 1.23152e-09 0.981122 1.01924 0 0
50.166 1.23152e-09 0.981145 1.01922 0 0
50.226 1.23152e-09 0.981167 1.01919 0 0
50.286 1.23152e-09 0.98119 1.01917 0 0
50.346 1.23152e-09 0.981212 1.01915 0 0
50.406 1.23152e-09 0.981235 1.01912 0 0
50.466 1.23152e-09 0.981257 1.0191 0 0
50.526 1.23152e-09 0.981279 1.01908 0 0
50.586 1.23152e-09 0.981301 1.01905 0 0
50.646 1.23152e-09 0.981323 1.01903 0 0
50.706 1.23152e-09 0.981346 1.01901 0 0
50.766 1.23152e-09 0.981368 1.01899 0 0
50.826 1.23152e-09 0.98139 1.01896 0 0
50.886 1.23152e-09 0.981412 1.01894 0 0
50.946 1.23152e-09 0.981433 1.01892 0 0
51.006 1.23152e-09 0.981455 1.0189 0 0
51.066 1.23152e-09 0.981477 1.01887 0 0
51.126 1.23152e-09 0.981499 1.01885 0 0
51.186 1.23152e-09 0.98152 1.01883 0 0
51.246 1.23152e-09 0.981542 1.0188 0 0
51.306 1.23152e-09 0.981564 1.01878 0 0
51.366 1.23152e-09 0.981585 1.01876 0 0
51.426 1.23152e-09 0.981607 1.01874 0 0
51.486 1.23152e-09 0.981628 1.01872 0 0
51.546 1.23152e-09 0.98165 1.01869 0 0
51.606 1.23152e-09 0.981671 1.01867 0 0
51.666 1.23152e-09 0.981692 1.01865 0 0
51.726 1.23152e-09 0.981713 1.01863 0 0
51.786 1.23152e-09 0.981735 1.01861 0 0
51.846 1.23152e-09 0.981756 1.01858 0 0
51.906 1.23152e-09 0.981777 1.01856 0 0
51.966 1.23152e-09 0.981798 1.01854 0 0
52.026 1.23152e-09 0.981819 1.01852 0 0
52.086 1.23152e-09 0.98184 1.0185 0 0
52.146 1.23152e-09 0.981861 1.01847 0 0
52.206 1.23152e-09 0.981882 1.01845 0 0
52.266 1.23152e-09 0.981902 1.01843 0 0
52.326 1.23152e-09 0.981923 1.01841 0 0
52.386 1.23152e-09 0.981944 1.01839 0 0
52.446 1.23152e-09 0.981964 1.01837 0 0
52.506 1.23152e-09 0.981985 1.01835 0 0
52.566 1.23152e-09 0.982006 1.01832 0 0
52.626 1.23152e-09 0.982026 1.0183 0 0
52.686 1.23152e-09 0.982047 1.01828 0 0
52.746 1.23152e-09 0.982067 1.01826 0 0
52.806 1.23152e-09 0.982087 1.01824 0 0
52.866 1.23152e-09 0.982108 1.01822 0 0
52.926 1.23152e-09 0.982128 1.0182 0 0
52.986 1.23152e-09 0.982148 1.01818 0 0
53.046 1.23152e-09 0.982168 1.01816 0 0
53.106 1.23152e-09 0.982189 1.01813 0 0
53.166 1.23152e-09 0.982209 1.01811 0 0
53.226 1.23152e-09 0.982229 1.01809 0 0
53.286 1.23152e-09 0.982249 1.01807 0 0
53.346 1.23152e-09 0.982269 1.01805 0 0
53.406 1.23152e-09 0.982289 1.01803 0 0
53.466 1.23152e-09 0.982309 1.01801 0 0
53.526 1.23152e-09 0.982328 1.01799 0 0
53.586 1.23152e-09 0.982348 1.01797 0 0
53.646 1.23152e-09 0.982368 1.01795 0 0
53.706 1.23152e-09 0.982388 1.01793 0 0
53.766 1.23152e-09 0.982407 1.01791 0 0
53.826 1.23152e-09 0.982427 1.01789 0 0
53.886 1.23152e-09 0.982446 1.01787 0 0
53.946 1.23152e-09 0.982466 1.01785 0 0
54.006 1.23152e-09 0.982485 1.01783 0 0
54.066 1.23152e-09 0.982505 1.01781 0 0
54.126 1.23152e-09 0.982524 1.01779 0 0
54.186 1.23152e-09 0.982544 1.01777 0 0
54.246 1.23152e-09 0.982563 1.01775 0 0
54.306 1.23152e-09 0.982582 1.01773 0 0
54.366 1.23152e-09 0.982601 1.01771 0 0
54.426 1.23152e-09 0.982621 1.01769 0 0
54.486 1.23152e-09 0.98264 1.01767 0 0
54.546 1.23152e-09 0.982659 1.01765 0 0
54.606 1.23152e-09 0.982678 1.01763 0 0
54.666 1.23152e-09 0.982697 1.01761 0 0
54.726 1.23152e-09 0.982716 1.01759 0 0
54.786 1.23152e-09 0.982735 1.01757 0 0
54.846 1.23152e-09 0.982754 1.01755 0 0
54.906 1.23152e-09 0.982773 1.01753 0 0
54.966 1.23152e-09 0.982791 1.01751 0 0
55.026 1.23152e-09 0.98281 1.01749 0 0
55.086 1.23152e-09 0.982829 1.01747 0 0
55.146 1.23152e-09 0.982847 1.01745 0 0
55.206 1.23152e-09 0.982866 1.01743 0 0
55.266 1.23152e-09 0.982885 1.01741 0 0
55.326 1.23152e-09 0.982903 1.01739 0 0
55.386 1.23152e-09 0.982922 1.01737 0 0
55.446 1.23152e-09 0.98294 1.01736 0 0
55.506 1.23152e-09 0.982959 1.01734 0 0
55.566 1.23152e-09 0.982977 1.01732 0 0
55.626 1.23152e-09 0.982996 1.0173 0 0
55.686 1.23152e-09 0.983014 1.01728 0 0
55.746 1.23152e-09 0.983032 1.01726 0 0
55.806 1.23152e-09 0.98305 1.01724 0 0
55.866 1.23152e-09 0.983069 1.01722 0 0
55.926 1.23152e-09 0.983087 1.0172 0 0
55.986 1.23152e-09 0.983105 1.01719 0 0
56.046 1.23152e-09 0.983123 1.01717 0 0
56.106 1.23152e-09 0.983141 1.01715 0 0
56.166 1.23152e-09 0.983159 1.01713 0 0
56.226 1.23152e-09 0.983177 1.01711 0 0
56.286 1.23152e-09 0.983195 1.01709 0 0
56.346 1.23152e-09 0.983213 1.01707 0 0
56.406 1.23152e-09 0.983231 1.01706 0 0
56.466 1.23152e-09 0.983248 1.01704 0 0
56.526 1.23152e-09 0.983266 1.01702 0 0
56.586 1.23152e-09 0.983284 1.017 0 0
56.646 1.23152e-09 0.983302 1.01698 0 0
56.706 1.23152e-09 0.983319 1.01696 0 0
56.766 1.23152e-09 0.983337 1.01695 0 0
56.826 1.23152e-09 0.983355 1.01693 0 0
56.886 1.23152e-09 0.983372 1.01691 0 0
56.946 1.23152e-09 0.98339 1.01689 0 0
57.006 1.23152e-09 0.983407 1.01687 0 0
57.066 1.23152e-09 0.983425 1.01685 0 0
57.126 1.23152e-09 0.983442 1.01684 0 0
57.186 1.23152e-09 0.983459 1.01682 0 0
57.246 1.23152e-09 0.983477 1.0168 0 0
57.306 1.23152e-09 0.983494 1.01678 0 0
57.366 1.23152e-09 0.983511 1.01677 0 0
57.426 1.23152e-09 0.983529 1.01675 0 0
57.486 1.23152e-09 0.983546 1.01673 0 0
57.546 1.23152e-09 0.983563 1.01671 0 0
57.606 1.23152e-09 0.98358 1.01669 0 0
57.666 1.23152e-09 0.983597 1.01668 0 0
57.726 1.23152e-09 0.983614 1.01666 0 0
57.786 1.23152e-09 0.983631 1.01664 0 0
57.846 1.23152e-09 0.983648 1.01662 0 0
57.906 1.23152e-09 0.983665 1.01661 0 0
57.966 1.23152e-09 0.983682 1.01659 0 0
58.026 1.23152e-09 0.983699 1.01657 0 0
58.086 1.23152e-09 0.983716 1.01655 0 0
58.146 1.23152e-09 0.983732 1.01654 0 0
58.206 1.23152e-09 0.983749 1.01652 0 0
58.266 1.23152e-09 0.983766 1.0165 0 0
58.326 1.23152e-09 0.983783 1.01648 0 0
58.386 1.23152e-09 0.983799 1.01647 0 0
58.446 1.23152e-09 0.983816 1.01645 0 0
58.506 1.23152e-09 0.983833 1.01643 0 0
58.566 1.23152e-09 0.983849 1.01642 0 0
58.626 1.23152e-09 0.983866 1.0164 0 0
58.686 1.23152e-09 0.983882 1.01638 0 0
58.746 1.23152e-09 0.983899 1.01636 0 0
58.806 1.23152e-09 0.983915 1.01635 0 0
58.866 1.23152e-09 0.983931 1.01633 0 0
58.926 1.23152e-09 0.983948 1.01631 0 0
58.986 1.23152e-09 0.983964 1.0163 0 0
59.046 1.23152e-09 0.98398 1.01628 0 0
59.106 1.23152e-09 0.983997 1.01626 0 0
59.166 1.23152e-09 0.984013 1.01625 0 0
59.226 1.23152e-09 0.984029 1.01623 0 0
59.286 1.23152e-09 0.984045 1.01621 0 0
59.346 1.23152e-09 0.984061 1.0162 0 0
59.406 1.23152e-09 0.984078 1.01618 0 0
59.466 1.23152e-09 0.984094 1.01616 0 0
59.526 1.23152e-09 0.98411 1.01615 0 0
59.586 1.23152e-09 0.984126 1.01613 0 0
59.646 1.23152e-09 0.984142 1.01611 0 0
59.706 1.23152e-09 0.984158 1.0161 0 0
59.766 1.23152e-09 0.984173 1.01608 0 0
59.826 1.23152e-09 0.984189 1.01606 0 0
59.886 1.23152e-09 0.984205 1.01605 0 0
59.946 1.23152e-09 0.984221 1.01603 0 0

