0.06 0.854151
0.006 0.246304 0.0111364 1 0.00488182 0.006987
0.066 0.235765 0.0144927 1.13907 0.00303352 0.00550774
0.126 0.21313 0.0247999 1.42041 0.000919696 0.00303265
0.186 0.187854 0.0435765 1.67787 0.000112317 0.0010598
0.246 0.16509 0.0700285 1.8283 0 0
0.306 0.146023 0.101642 1.88949 0 0
0.366 0.130283 0.13588 1.89978 0 0
0.426 0.117203 0.17089 1.88517 0 0
0.486 0.106195 0.205504 1.85958 0 0
0.546 0.0968047 0.239045 1.82986 0 0
0.606 0.0886964 0.27115 1.79929 0 0
0.666 0.0816186 0.30165 1.76936 0 0
0.726 0.0753825 0.330491 1.74073 0 0
0.786 0.0698438 0.357687 1.71364 0 0
0.846 0.0648906 0.383294 1.6881 0 0
0.906 0.0604345 0.407385 1.66407 0 0
0.966 0.0564047 0.430045 1.64145 0 0
1.026 0.0527438 0.451362 1.62013 0 0
1.086 0.0494049 0.471424 1.60001 0 0
1.146 0.0463486 0.490316 1.58099 0 0
1.206 0.0435424 0.508119 1.56297 0 0
1.266 0.0409583 0.524908 1.54588 0 0
1.326 0.0385727 0.540756 1.52964 0 0
1.386 0.0363652 0.555727 1.51418 0 0
1.446 0.0343182 0.569883 1.49946 0 0
1.506 0.0324164 0.58328 1.48541 0 0
1.566 0.0306464 0.595972 1.472 0 0
1.626 0.0289963 0.608005 1.45917 0 0
1.686 0.0274556 0.619424 1.4469 0 0
1.746 0.0260152 0.630271 1.43515 0 0
1.806 0.0246666 0.640583 1.42388 0 0
1.866 0.0234026 0.650395 1.41308 0 0
1.926 0.0222164 0.659739 1.4027 0 0
1.986 0.0211022 0.668645 1.39274 0 0
2.046 0.0200544 0.67714 1.38317 0 0
2.106 0.0190682 0.685249 1.37396 0 0
2.166 0.0181391 0.692997 1.36511 0 0
2.226 0.0172631 0.700404 1.35658 0 0
2.286 0.0164365 0.707491 1.34837 0 0
2.346 0.0156559 0.714277 1.34046 0 0
2.406 0.0149183 0.720779 1.33284 0 0
2.466 0.0142208 0.727014 1.32549 0 0
2.526 0.0135607 0.732995 1.31839 0 0
2.586 0.0129357 0.738738 1.31155 0 0
2.646 0.0123436 0.744256 1.30494 0 0
2.706 0.0117824 0.74956 1.29856 0 0
2.766 0.01125 0.754662 1.2924 0 0
2.826 0.0107448 0.759572 1.28644 0 0
2.886 0.0102652 0.764301 1.28068 0 0
2.946 0.00980966 0.768858 1.2751 0 0
3.006 0.00937673 0.773251 1.26971 0 0
3.066 0.00896513 0.777489 1.2645 0 0
3.126 0.00857366 0.781579 1.25945 0 0
3.186 0.00820117 0.785528 1.25456 0 0
3.246 0.0078466 0.789344 1.24982 0 0
3.306 0.00750897 0.793032 1.24523 0 0
3.366 0.00718734 0.796599 1.24078 0 0
3.426 0.00688086 0.80005 1.23647 0 0
3.486 0.00658871 0.80339 1.23229 0 0
3.546 0.00631013 0.806625 1.22823 0 0
3.606 0.0060444 0.809759 1.22429 0 0
3.666 0.00579086 0.812796 1.22047 0 0
3.726 0.00554887 0.815741 1.21676 0 0
3.786 0.00531784 0.818598 1.21316 0 0
3.846 0.00509721 0.821371 1.20966 0 0
3.906 0.00488645 0.824062 1.20626 0 0
3.966 0.00468508 0.826676 1.20295 0 0
4.026 0.00449262 0.829215 1.19974 0 0
4.086 0.00430864 0.831683 1.19662 0 0
4.146 0.00413271 0.834083 1.19358 0 0
4.206 0.00396446 0.836417 1.19062 0 0
4.266 0.00380349 0.838687 1.18774 0 0
4.326 0.00364947 0.840897 1.18494 0 0
4.386 0.00350207 0.843048 1.18222 0 0
4.446 0.00336096 0.845143 1.17956 0 0
4.506 0.00322585 0.847184 1.17698 0 0
4.566 0.00309646 0.849173 1.17446 0 0
4.626 0.00297253 0.851112 1.172 0 0
4.686 0.0028538 0.853002 1.16961 0 0
4.746 0.00274002 0.854846 1.16727 0 0
4.806 0.00263098 0.856645 1.165 0 0
4.866 0.00252646 0.8584 1.16278 0 0
4.926 0.00242625 0.860114 1.16062 0 0
4.986 0.00233015 0.861787 1.1585 0 0
5.046 0.00223799 0.863421 1.15644 0 0
5.106 0.00214958 0.865017 1.15443 0 0
5.166 0.00206476 0.866577 1.15246 0 0
5.226 0.00198336 0.868102 1.15054 0 0
5.286 0.00190525 0.869593 1.14867 0 0
5.346 0.00183027 0.871051 1.14684 0 0
5.406 0.00175828 0.872476 1.14505 0 0
5.466 0.00168916 0.873871 1.1433 0 0
5.526 0.00162278 0.875236 1.14158 0 0
5.586 0.00155902 0.876572 1.13991 0 0
5.646 0.00149777 0.87788 1.13828 0 0
5.706 0.00143891 0.879161 1.13668 0 0
5.766 0.00138236 0.880416 1.13511 0 0
5.826 0.001328 0.881645 1.13358 0 0
5.886 0.00127575 0.882849 1.13208 0 0
5.946 0.00122552 0.884029 1.13061 0 0
6.006 0.00117721 0.885185 1.12918 0 0
6.066 0.00113076 0.886319 1.12777 0 0
6.126 0.00108607 0.887431 1.12639 0 0
6.186 0.00104308 0.888521 1.12504 0 0
6.246 0.00100172 0.889591 1.12372 0 0
6.306 0.000961908 0.89064 1.12242 0 0
6.366 0.00092359 0.89167 1.12115 0 0
6.426 0.000886701 0.89268 1.11991 0 0
6.486 0.000851182 0.893672 1.11869 0 0
6.546 0.000816976 0.894646 1.11749 0 0
6.606 0.000784027 0.895603 1.11632 0 0
6.666 0.000752284 0.896542 1.11517 0 0
6.726 0.000721697 0.897464 1.11404 0 0
6.786 0.000692217 0.89837 1.11293 0 0
6.846 0.0006638 0.899261 1.11184 0 0
6.906 0.000636399 0.900136 1.11078 0 0
6.966 0.000609975 0.900996 1.10973 0 0
7.026 0.000584486 0.901841 1.1087 0 0
7.086 0.000559893 0.902672 1.10769 0 0
7.146 0.00053616 0.903489 1.1067 0 0
7.206 0.00051325 0.904293 1.10572 0 0
7.266 0.000491129 0.905083 1.10477 0 0
7.326 0.000469766 0.905861 1.10383 0 0
7.386 0.000449127 0.906625 1.1029 0 0
7.446 0.000429183 0.907378 1.102 0 0
7.506 0.000409905 0.908118 1.1011 0 0
7.566 0.000391265 0.908847 1.10023 0 0
7.626 0.000373236 0.909564 1.09936 0 0
7.686 0.000355792 0.91027 1.09852 0 0
7.746 0.000338909 0.910966 1.09768 0 0
7.806 0.000322562 0.91165 1.09686 0 0
7.866 0.000306729 0.912324 1.09606 0 0
7.926 0.000291387 0.912988 1.09526 0 0
7.986 0.000276516 0.913642 1.09448 0 0
8.046 0.000262095 0.914286 1.09372 0 0
8.106 0.000248104 0.914921 1.09296 0 0
8.166 0.000234525 0.915546 1.09222 0 0
8.226 0.000221339 0.916163 1.09148 0 0
8.286 0.000208528 0.91677 1.09076 0 0
8.346 0.000196075 0.917369 1.09005 0 0
8.406 0.000183964 0.917959 1.08935 0 0
8.466 0.00017218 0.91854 1.08867 0 0
8.526 0.000160707 0.919114 1.08799 0 0
8.586 0.00014953 0.919679 1.08732 0 0
8.646 0.000138635 0.920237 1.08666 0 0
8.706 0.000128008 0.920787 1.08602 0 0
8.766 0.000117636 0.921329 1.08538 0 0
8.826 0.000107506 0.921864 1.08475 0 0
8.886 9.76051e-05 0.922392 1.08413 0 0
8.946 8.7922e-05 0.922913 1.08352 0 0
9.006 7.84446e-05 0.923427 1.08292 0 0
9.066 6.91616e-05 0.923934 1.08232 0 0
9.126 6.00619e-05 0.924434 1.08174 0 0
9.186 5.11349e-05 0.924928 1.08116 0 0
9.246 4.23701e-05 0.925415 1.08059 0 0
9.306 3.37576e-05 0.925897 1.08003 0 0
9.366 2.52875e-05 0.926371 1.07948 0 0
9.426 1.69501e-05 0.92684 1.07893 0 0
9.486 8.73632e-06 0.927303 1.0784 0 0
9.546 6.36972e-07 0.927761 1.07786 0 0
9.606 2.46304e-09 0.928212 1.07734 0 0
9.666 2.46304e-09 0.928657 1.07682 0 0
9.726 2.46304e-09 0.929098 1.07631 0 0
9.786 2.46304e-09 0.929532 1.07581 0 0
9.846 2.46304e-09 0.929962 1.07531 0 0
9.906 2.46304e-09 0.930386 1.07482 0 0
9.966 2.46304e-09 0.930805 1.07434 0 0
10.026 2.46304e-09 0.931219 1.07386 0 0
10.086 2.46304e-09 0.931628 1.07339 0 0
10.146 2.46304e-09 0.932033 1.07292 0 0
10.206 2.46304e-09 0.932432 1.07246 0 0
10.266 2.46304e-09 0.932827 1.07201 0 0
10.326 2.46304e-09 0.933217 1.07156 0 0
10.386 2.46304e-09 0.933603 1.07112 0 0
10.446 2.46304e-09 0.933985 1.07068 0 0
10.506 2.46304e-09 0.934362 1.07025 0 0
10.566 2.46304e-09 0.934734 1.06982 0 0
10.626 2.46304e-09 0.935103 1.0694 0 0
10.686 2.46304e-09 0.935467 1.06898 0 0
10.746 2.46304e-09 0.935828 1.06857 0 0
10.806 2.46304e-09 0.936184 1.06817 0 0
10.866 2.46304e-09 0.936536 1.06776 0 0
10.926 2.46304e-09 0.936885 1.06737 0 0
10.986 2.46304e-09 0.937229 1.06697 0 0
11.046 2.46304e-09 0.93757 1.06659 0 0
11.106 2.46304e-09 0.937908 1.0662 0 0
11.166 2.46304e-09 0.938241 1.06582 0 0
11.226 2.46304e-09 0.938571 1.06545 0 0
11.286 2.46304e-09 0.938898 1.06508 0 0
11.346 2.46304e-09 0.939221 1.06471 0 0
11.406 2.46304e-09 0.939541 1.06435 0 0
11.466 2.46304e-09 0.939857 1.06399 0 0
11.526 2.46304e-09 0.94017 1.06364 0 0
11.586 2.46304e-09 0.94048 1.06329 0 0
11.646 2.46304e-09 0.940787 1.06294 0 0
11.706 2.46304e-09 0.94109 1.0626 0 0
11.766 2.46304e-09 0.941391 1.06226 0 0
11.826 2.46304e-09 0.941688 1.06192 0 0
11.886 2.46304e-09 0.941982 1.06159 0 0
11.946 2.46304e-09 0.942274 1.06126 0 0
12.006 2.46304e-09 0.942562 1.06094 0 0
12.066 2.46304e-09 0.942848 1.06062 0 0
12.126 2.46304e-09 0.943131 1.0603 0 0
12.186 2.46304e-09 0.943411 1.05998 0 0
12.246 2.46304e-09 0.943688 1.05967 0 0
12.306 2.46304e-09 0.943962 1.05936 0 0
12.366 2.46304e-09 0.944234 1.05906 0 0
12.426 2.46304e-09 0.944504 1.05876 0 0
12.486 2.46304e-09 0.94477 1.05846 0 0
12.546 2.46304e-09 0.945034 1.05816 0 0
12.606 2.46304e-09 0.945296 1.05787 0 0
12.666 2.46304e-09 0.945555 1.05758 0 0
12.726 2.46304e-09 0.945812 1.05729 0 0
12.786 2.46304e-09 0.946066 1.05701 0 0
12.846 2.46304e-09 0.946318 1.05673 0 0
12.906 2.46304e-09 0.946568 1.05645 0 0
12.966 2.46304e-09 0.946815 1.05617 0 0
13.026 2.46304e-09 0.94706 1.0559 0 0
13.086 2.46304e-09 0.947303 1.05563 0 0
13.146 2.46304e-09 0.947543 1.05536 0 0
13.206 2.46304e-09 0.947781 1.0551 0 0
13.266 2.46304e-09 0.948018 1.05483 0 0
13.326 2.46304e-09 0.948252 1.05457 0 0
13.386 2.46304e-09 0.948484 1.05431 0 0
13.446 2.46304e-09 0.948714 1.05406 0 0
13.506 2.46304e-09 0.948941 1.05381 0 0
13.566 2.46304e-09 0.949167 1.05356 0 0
13.626 2.46304e-09 0.949391 1.05331 0 0
13.686 2.46304e-09 0.949613 1.05306 0 0
13.746 2.46304e-09 0.949833 1.05282 0 0
13.806 2.46304e-09 0.950051 1.05258 0 0
13.866 2.46304e-09 0.950267 1.05234 0 0
13.926 2.46304e-09 0.950481 1.0521 0 0
13.986 2.46304e-09 0.950694 1.05186 0 0
14.046 2.46304e-09 0.950904 1.05163 0 0
14.106 2.46304e-09 0.951113 1.0514 0 0
14.166 2.46304e-09 0.95132 1.05117 0 0
14.226 2.46304e-09 0.951526 1.05094 0 0
14.286 2.46304e-09 0.951729 1.05072 0 0
14.346 2.46304e-09 0.951931 1.0505 0 0
14.406 2.46304e-09 0.952131 1.05028 0 0
14.466 2.46304e-09 0.95233 1.05006 0 0
14.526 2.46304e-09 0.952527 1.04984 0 0
14.586 2.46304e-09 0.952722 1.04962 0 0
14.646 2.46304e-09 0.952916 1.04941 0 0
14.706 2.46304e-09 0.953108 1.0492 0 0
14.766 2.46304e-09 0.953298 1.04899 0 0
14.826 2.46304e-09 0.953487 1.04878 0 0
14.886 2.46304e-09 0.953675 1.04858 0 0
14.946 2.46304e-09 0.953861 1.04837 0 0
15.006 2.46304e-09 0.954045 1.04817 0 0
15.066 2.46304e-09 0.954228 1.04797 0 0
15.126 2.46304e-09 0.95441 1.04777 0 0
15.186 2.46304e-09 0.95459 1.04757 0 0
15.246 2.46304e-09 0.954769 1.04737 0 0
15.306 2.46304e-09 0.954946 1.04718 0 0
15.366 2.46304e-09 0.955122 1.04699 0 0
15.426 2.46304e-09 0.955296 1.0468 0 0
15.486 2.46304e-09 0.95547 1.04661 0 0
15.546 2.46304e-09 0.955641 1.04642 0 0
15.606 2.46304e-09 0.955812 1.04623 0 0
15.666 2.46304e-09 0.955981 1.04605 0 0
15.726 2.46304e-09 0.956149 1.04586 0 0
15.786 2.46304e-09 0.956316 1.04568 0 0
15.846 2.46304e-09 0.956481 1.0455 0 0
15.906 2.46304e-09 0.956645 1.04532 0 0
15.966 2.46304e-09 0.956808 1.04514 0 0
16.026 2.46304e-09 0.95697 1.04496 0 0
16.086 2.46304e-09 0.957131 1.04479 0 0
16.146 2.46304e-09 0.95729 1.04462 0 0
16.206 2.46304e-09 0.957448 1.04444 0 0
16.266 2.46304e-09 0.957605 1.04427 0 0
16.326 2.46304e-09 0.957761 1.0441 0 0
16.386 2.46304e-09 0.957915 1.04393 0 0
16.446 2.46304e-09 0.958069 1.04377 0 0
16.506 2.46304e-09 0.958221 1.0436 0 0
16.566 2.46304e-09 0.958373 1.04344 0 0
16.626 2.46304e-09 0.958523 1.04327 0 0
16.686 2.46304e-09 0.958672 1.04311 0 0
16.746 2.46304e-09 0.95882 1.04295 0 0
16.806 2.46304e-09 0.958967 1.04279 0 0
16.866 2.46304e-09 0.959113 1.04263 0 0
16.926 2.46304e-09 0.959258 1.04247 0 0
16.986 2.46304e-09 0.959402 1.04232 0 0
17.046 2.46304e-09 0.959545 1.04216 0 0
17.106 2.46304e-09 0.959687 1.04201 0 0
17.166 2.46304e-09 0.959828 1.04185 0 0
17.226 2.46304e-09 0.959968 1.0417 0 0
17.286 2.46304e-09 0.960107 1.04155 0 0
17.346 2.46304e-09 0.960245 1.0414 0 0
17.406 2.46304e-09 0.960382 1.04125 0 0
17.466 2.46304e-09 0.960518 1.04111 0 0
17.526 2.46304e-09 0.960653 1.04096 0 0
17.586 2.46304e-09 0.960787 1.04081 0 0
17.646 2.46304e-09 0.96092 1.04067 0 0
17.706 2.46304e-09 0.961053 1.04053 0 0
17.766 2.46304e-09 0.961184 1.04038 0 0
17.826 2.46304e-09 0.961315 1.04024 0 0
17.886 2.46304e-09 0.961445 1.0401 0 0
17.946 2.46304e-09 0.961574 1.03996 0 0
18.006 2.46304e-09 0.961702 1.03982 0 0
18.066 2.46304e-09 0.961829 1.03969 0 0
18.126 2.46304e-09 0.961955 1.03955 0 0
18.186 2.46304e-09 0.962081 1.03941 0 0
18.246 2.46304e-09 0.962206 1.03928 0 0
18.306 2.46304e-09 0.962329 1.03915 0 0
18.366 2.46304e-09 0.962452 1.03901 0 0
18.426 2.46304e-09 0.962575 1.03888 0 0
18.486 2.46304e-09 0.962696 1.03875 0 0
18.546 2.46304e-09 0.962817 1.03862 0 0
18.606 2.46304e-09 0.962937 1.03849 0 0
18.666 2.46304e-09 0.963056 1.03836 0 0
18.726 2.46304e-09 0.963174 1.03823 0 0
18.786 2.46304e-09 0.963292 1.03811 0 0
18.846 2.46304e-09 0.963409 1.03798 0 0
18.906 2.46304e-09 0.963525 1.03786 0 0
18.966 2.46304e-09 0.96364 1.03773 0 0
19.026 2.46304e-09 0.963755 1.03761 0 0
19.086 2.46304e-09 0.963869 1.03749 0 0
19.146 2.46304e-09 0.963982 1.03736 0 0
19.206 2.46304e-09 0.964095 1.03724 0 0
19.266 2.46304e-09 0.964206 1.03712 0 0
19.326 2.46304e-09 0.964318 1.037 0 0
19.386 2.46304e-09 0.964428 1.03688 0 0
19.446 2.46304e-09 0.964538 1.03677 0 0
19.506 2.46304e-09 0.964647 1.03665 0 0
19.566 2.46304e-09 0.964755 1.03653 0 0
19.626 2.46304e-09 0.964863 1.03642 0 0
19.686 2.46304e-09 0.96497 1.0363 0 0
19.746 2.46304e-09 0.965077 1.03619 0 0
19.806 2.46304e-09 0.965182 1.03607 0 0
19.866 2.46304e-09 0.965288 1.03596 0 0
19.926 2.46304e-09 0.965392 1.03585 0 0
19.986 2.46304e-09 0.965496 1.03574 0 0
20.046 2.46304e-09 0.965599 1.03563 0 0
20.106 2.46304e-09 0.965702 1.03552 0 0
20.166 2.46304e-09 0.965804 1.03541 0 0
20.226 2.46304e-09 0.965905 1.0353 0 0
20.286 2.46304e-09 0.966006 1.03519 0 0
20.346 2.46304e-09 0.966106 1.03508 0 0
20.406 2.46304e-09 0.966206 1.03498 0 0
20.466 2.46304e-09 0.966305 1.03487 0 0
20.526 2.46304e-09 0.966404 1.03476 0 0
20.586 2.46304e-09 0.966502 1.03466 0 0
20.646 2.46304e-09 0.966599 1.03456 0 0
20.706 2.46304e-09 0.966696 1.03445 0 0
20.766 2.46304e-09 0.966792 1.03435 0 0
20.826 2.46304e-09 0.966888 1.03425 0 0
20.886 2.46304e-09 0.966983 1.03414 0 0
20.946 2.46304e-09 0.967077 1.03404 0 0
21.006 2.46304e-09 0.967171 1.03394 0 0
21.066 2.46304e-09 0.967265 1.03384 0 0
21.126 2.46304e-09 0.967358 1.03374 0 0
21.186 2.46304e-09 0.96745 1.03364 0 0
21.246 2.46304e-09 0.967542 1.03355 0 0
21.306 2.46304e-09 0.967634 1.03345 0 0
21.366 2.46304e-09 0.967725 1.03335 0 0
21.426 2.46304e-09 0.967815 1.03326 0 0
21.486 2.46304e-09 0.967905 1.03316 0 0
21.546 2.46304e-09 0.967994 1.03306 0 0
21.606 2.46304e-09 0.968083 1.03297 0 0
21.666 2.46304e-09 0.968171 1.03287 0 0
21.726 2.46304e-09 0.968259 1.03278 0 0
21.786 2.46304e-09 0.968347 1.03269 0 0
21.846 2.46304e-09 0.968434 1.0326 0 0
21.906 2.46304e-09 0.96852 1.0325 0 0
21.966 2.46304e-09 0.968606 1.03241 0 0
22.026 2.46304e-09 0.968692 1.03232 0 0
22.086 2.46304e-09 0.968777 1.03223 0 0
22.146 2.46304e-09 0.968861 1.03214 0 0
22.206 2.46304e-09 0.968945 1.03205 0 0
22.266 2.46304e-09 0.969029 1.03196 0 0
22.326 2.46304e-09 0.969112 1.03187 0 0
22.386 2.46304e-09 0.969195 1.03178 0 0
22.446 2.46304e-09 0.969277 1.0317 0 0
22.506 2.46304e-09 0.969359 1.03161 0 0
22.566 2.46304e-09 0.969441 1.03152 0 0
22.626 2.46304e-09 0.969522 1.03144 0 0
22.686 2.46304e-09 0.969603 1.03135 0 0
22.746 2.46304e-09 0.969683 1.03127 0 0
22.806 2.46304e-09 0.969762 1.03118 0 0
22.866 2.46304e-09 0.969842 1.0311 0 0
22.926 2.46304e-09 0.969921 1.03101 0 0
22.986 2.46304e-09 0.969999 1.03093 0 0
23.046 2.46304e-09 0.970077 1.03085 0 0
23.106 2.46304e-09 0.970155 1.03076 0 0
23.166 2.46304e-09 0.970232 1.03068 0 0
23.226 2.46304e-09 0.970309 1.0306 0 0
23.286 2.46304e-09 0.970386 1.03052 0 0
23.346 2.46304e-09 0.970462 1.03044 0 0
23.406 2.46304e-09 0.970538 1.03036 0 0
23.466 2.46304e-09 0.970613 1.03028 0 0
23.526 2.46304e-09 0.970688 1.0302 0 0
23.586 2.46304e-09 0.970762 1.03012 0 0
23.646 2.46304e-09 0.970837 1.03004 0 0
23.706 2.46304e-09 0.97091 1.02996 0 0
23.766 2.46304e-09 0.970984 1.02988 0 0
23.826 2.46304e-09 0.971057 1.02981 0 0
23.886 2.46304e-09 0.97113 1.02973 0 0
23.946 2.46304e-09 0.971202 1.02965 0 0
24.006 2.46304e-09 0.971274 1.02958 0 0
24.066 2.46304e-09 0.971346 1.0295 0 0
24.126 2.46304e-09 0.971417 1.02942 0 0
24.186 2.46304e-09 0.971488 1.02935 0 0
24.246 2.46304e-09 0.971558 1.02927 0 0
24.306 2.46304e-09 0.971629 1.0292 0 0
24.366 2.46304e-09 0.971698 1.02913 0 0
24.426 2.46304e-09 0.971768 1.02905 0 0
24.486 2.46304e-09 0.971837 1.02898 0 0
24.546 2.46304e-09 0.971906 1.02891 0 0
24.606 2.46304e-09 0.971974 1.02883 0 0
24.666 2.46304e-09 0.972043 1.02876 0 0
24.726 2.46304e-09 0.97211 1.02869 0 0
24.786 2.46304e-09 0.972178 1.02862 0 0
24.846 2.46304e-09 0.972245 1.02855 0 0
24.906 2.46304e-09 0.972312 1.02848 0 0
24.966 2.46304e-09 0.972379 1.02841 0 0
25.026 2.46304e-09 0.972445 1.02834 0 0
25.086 2.46304e-09 0.972511 1.02827 0 0
25.146 2.46304e-09 0.972576 1.0282 0 0
25.206 2.46304e-09 0.972642 1.02813 0 0
25.266 2.46304e-09 0.972706 1.02806 0 0
25.326 2.46304e-09 0.972771 1.02799 0 0
25.386 2.46304e-09 0.972836 1.02792 0 0
25.446 2.46304e-09 0.9729 1.02786 0 0
25.506 2.46304e-09 0.972963 1.02779 0 0
25.566 2.46304e-09 0.973027 1.02772 0 0
25.626 2.46304e-09 0.97309 1.02765 0 0
25.686 2.46304e-09 0.973153 1.02759 0 0
25.746 2.46304e-09 0.973215 1.02752 0 0
25.806 2.46304e-09 0.973278 1.02746 0 0
25.866 2.46304e-09 0.97334 1.02739 0 0
25.926 2.46304e-09 0.973401 1.02733 0 0
25.986 2.46304e-09 0.973463 1.02726 0 0
26.046 2.46304e-09 0.973524 1.0272 0 0
26.106 2.46304e-09 0.973585 1.02713 0 0
26.166 2.46304e-09 0.973645 1.02707 0 0
26.226 2.46304e-09 0.973706 1.027 0 0
26.286 2.46304e-09 0.973766 1.02694 0 0
26.346 2.46304e-09 0.973825 1.02688 0 0
26.406 2.46304e-09 0.973885 1.02682 0 0
26.466 2.46304e-09 0.973944 1.02675 0 0
26.526 2.46304e-09 0.974003 1.02669 0 0
26.586 2.46304e-09 0.974062 1.02663 0 0
26.646 2.46304e-09 0.97412 1.02657 0 0
26.706 2.46304e-09 0.974178 1.02651 0 0
26.766 2.46304e-09 0.974236 1.02645 0 0
26.826 2.46304e-09 0.974294 1.02638 0 0
26.886 2.46304e-09 0.974351 1.02632 0 0
26.946 2.46304e-09 0.974408 1.02626 0 0
27.006 2.46304e-09 0.974465 1.0262 0 0
27.066 2.46304e-09 0.974522 1.02614 0 0
27.126 2.46304e-09 0.974578 1.02609 0 0
27.186 2.46304e-09 0.974634 1.02603 0 0
27.246 2.46304e-09 0.97469 1.02597 0 0
27.306 2.46304e-09 0.974746 1.02591 0 0
27.366 2.46304e-09 0.974801 1.02585 0 0
27.426 2.46304e-09 0.974856 1.02579 0 0
27.486 2.46304e-09 0.974911 1.02573 0 0
27.546 2.46304e-09 0.974966 1.02568 0 0
27.606 2.46304e-09 0.97502 1.02562 0 0
27.666 2.46304e-09 0.975074 1.02556 0 0
27.726 2.46304e-09 0.975128 1.02551 0 0
27.786 2.46304e-09 0.975182 1.02545 0 0
27.846 2.46304e-09 0.975235 1.02539 0 0
27.906 2.46304e-09 0.975289 1.02534 0 0
27.966 2.46304e-09 0.975342 1.02528 0 0
28.026 2.46304e-09 0.975394 1.02523 0 0
28.086 2.46304e-09 0.975447 1.02517 0 0
28.146 2.46304e-09 0.975499 1.02512 0 0
28.206 2.46304e-09 0.975551 1.02506 0 0
28.266 2.46304e-09 0.975603 1.02501 0 0
28.326 2.46304e-09 0.975655 1.02495 0 0
28.386 2.46304e-09 0.975706 1.0249 0 0
28.446 2.46304e-09 0.975758 1.02484 0 0
28.506 2.46304e-09 0.975809 1.02479 0 0
28.566 2.46304e-09 0.975859 1.02474 0 0
28.626 2.46304e-09 0.97591 1.02468 0 0
28.686 2.46304e-09 0.97596 1.02463 0 0
28.746 2.46304e-09 0.976011 1.02458 0 0
28.806 2.46304e-09 0.976061 1.02453 0 0
28.866 2.46304e-09 0.97611 1.02447 0 0
28.926 2.46304e-09 0.97616 1.02442 0 0
28.986 2.46304e-09 0.976209 1.02437 0 0
29.046 2.46304e-09 0.976258 1.02432 0 0
29.106 2.46304e-09 0.976307 1.02427 0 0
29.166 2.46304e-09 0.976356 1.02422 0 0
29.226 2.46304e-09 0.976405 1.02417 0 0
29.286 2.46304e-09 0.976453 1.02411 0 0
29.346 2.46304e-09 0.976501 1.02406 0 0
29.406 2.46304e-09 0.976549 1.02401 0 0
29.466 2.46304e-09 0.976597 1.02396 0 0
29.526 2.46304e-09 0.976644 1.02391 0 0
29.586 2.46304e-09 0.976692 1.02386 0 0
29.646 2.46304e-09 0.976739 1.02382 0 0
29.706 2.46304e-09 0.976786 1.02377 0 0
29.766 2.46304e-09 0.976833 1.02372 0 0
29.826 2.46304e-09 0.976879 1.02367 0 0
29.886 2.46304e-09 0.976926 1.02362 0 0
29.946 2.46304e-09 0.976972 1.02357 0 0
30.006 2.46304e-09 0.977018 1.02352 0 0
30.066 2.46304e-09 0.977064 1.02347 0 0
30.126 2.46304e-09 0.97711 1.02343 0 0
30.186 2.46304e-09 0.977155 1.02338 0 0
30.246 2.46304e-09 0.9772 1.02333 0 0
30.306 2.46304e-09 0.977246 1.02328 0 0
30.366 2.46304e-09 0.97729 1.02324 0 0
30.426 2.46304e-09 0.977335 1.02319 0 0
30.486 2.46304e-09 0.97738 1.02314 0 0
30.546 2.46304e-09 0.977424 1.0231 0 0
30.606 2.46304e-09 0.977469 1.02305 0 0
30.666 2.46304e-09 0.977513 1.023 0 0
30.726 2.46304e-09 0.977557 1.02296 0 0
30.786 2.46304e-09 0.9776 1.02291 0 0
30.846 2.46304e-09 0.977644 1.02287 0 0
30.906 2.46304e-09 0.977687 1.02282 0 0
30.966 2.46304e-09 0.97773 1.02278 0 0
31.026 2.46304e-09 0.977774 1.02273 0 0
31.086 2.46304e-09 0.977816 1.02269 0 0
31.146 2.46304e-09 0.977859 1.02264 0 0
31.206 2.46304e-09 0.977902 1.0226 0 0
31.266 2.46304e-09 0.977944 1.02255 0 0
31.326 2.46304e-09 0.977986 1.02251 0 0
31.386 2.46304e-09 0.978028 1.02247 0 0
31.446 2.46304e-09 0.97807 1.02242 0 0
31.506 2.46304e-09 0.978112 1.02238 0 0
31.566 2.46304e-09 0.978154 1.02233 0 0
31.626 2.46304e-09 0.978195 1.02229 0 0
31.686 2.46304e-09 0.978237 1.02225 0 0
31.746 2.46304e-09 0.978278 1.0222 0 0
31.806 2.46304e-09 0.978319 1.02216 0 0
31.866 2.46304e-09 0.978359 1.02212 0 0
31.926 2.46304e-09 0.9784 1.02208 0 0
31.986 2.46304e-09 0.978441 1.02203 0 0
32.046 2.46304e-09 0.978481 1.02199 0 0
32.106 2.46304e-09 0.978521 1.02195 0 0
32.166 2.46304e-09 0.978561 1.02191 0 0
32.226 2.46304e-09 0.978601 1.02187 0 0
32.286 2.46304e-09 0.978641 1.02183 0 0
32.346 2.46304e-09 0.978681 1.02178 0 0
32.406 2.46304e-09 0.97872 1.02174 0 0
32.466 2.46304e-09 0.978759 1.0217 0 0
32.526 2.46304e-09 0.978799 1.02166 0 0
32.586 2.46304e-09 0.978838 1.02162 0 0
32.646 2.46304e-09 0.978877 1.02158 0 0
32.706 2.46304e-09 0.978915 1.02154 0 0
32.766 2.46304e-09 0.978954 1.0215 0 0
32.826 2.46304e-09 0.978992 1.02146 0 0
32.886 2.46304e-09 0.979031 1.02142 0 0
32.946 2.46304e-09 0.979069 1.02138 0 0
33.006 2.46304e-09 0.979107 1.02134 0 0
33.066 2.46304e-09 0.979145 1.0213 0 0
33.126 2.46304e-09 0.979183 1.02126 0 0
33.186 2.46304e-09 0.97922 1.02122 0 0
33.246 2.46304e-09 0.979258 1.02118 0 0
33.306 2.46304e-09 0.979295 1.02114 0 0
33.366 2.46304e-09 0.979332 1.0211 0 0
33.426 2.46304e-09 0.979369 1.02107 0 0
33.486 2.46304e-09 0.979406 1.02103 0 0
33.546 2.46304e-09 0.979443 1.02099 0 0
33.606 2.46304e-09 0.97948 1.02095 0 0
33.666 2.46304e-09 0.979516 1.02091 0 0
33.726 2.46304e-09 0.979553 1.02087 0 0
33.786 2.46304e-09 0.979589 1.02084 0 0
33.846 2.46304e-09 0.979625 1.0208 0 0
33.906 2.46304e-09 0.979661 1.02076 0 0
33.966 2.46304e-09 0.979697 1.02072 0 0
34.026 2.46304e-09 0.979733 1.02069 0 0
34.086 2.46304e-09 0.979769 1.02065 0 0
34.146 2.46304e-09 0.979804 1.02061 0 0
34.206 2.46304e-09 0.97984 1.02057 0 0
34.266 2.46304e-09 0.979875 1.02054 0 0
34.326 2.46304e-09 0.97991 1.0205 0 0
34.386 2.46304e-09 0.979945 1.02047 0 0
34.446 2.46304e-09 0.97998 1.02043 0 0
34.506 2.46304e-09 0.980015 1.02039 0 0
34.566 2.46304e-09 0.98005 1.02036 0 0
34.626 2.46304e-09 0.980084 1.02032 0 0
34.686 2.46304e-09 0.980119 1.02028 0 0
34.746 2.46304e-09 0.980153 1.02025 0 0
34.806 2.46304e-09 0.980187 1.02021 0 0
34.866 2.46304e-09 0.980221 1.02018 0 0
34.926 2.46304e-09 0.980255 1.02014 0 0
34.986 2.46304e-09 0.980289 1.02011 0 0
35.046 2.46304e-09 0.980323 1.02007 0 0
35.106 2.46304e-09 0.980357 1.02004 0 0
35.166 2.46304e-09 0.98039 1.02 0 0
35.226 2.46304e-09 0.980424 1.01997 0 0
35.286 2.46304e-09 0.980457 1.01993 0 0
35.346 2.46304e-09 0.98049 1.0199 0 0
35.406 2.46304e-09 0.980523 1.01986 0 0
35.466 2.46304e-09 0.980556 1.01983 0 0
35.526 2.46304e-09 0.980589 1.0198 0 0
35.586 2.46304e-09 0.980622 1.01976 0 0
35.646 2.46304e-09 0.980654 1.01973 0 0
35.706 2.46304e-09 0.980687 1.01969 0 0
35.766 2.46304e-09 0.980719 1.01966 0 0
35.826 2.46304e-09 0.980751 1.01963 0 0
35.886 2.46304e-09 0.980784 1.01959 0 0
35.946 2.46304e-09 0.980816 1.01956 0 0
36.006 2.46304e-09 0.980848 1.01953 0 0
36.066 2.46304e-09 0.98088 1.01949 0 0
36.126 2.46304e-09 0.980911 1.01946 0 0
36.186 2.46304e-09 0.980943 1.01943 0 0
36.246 2.46304e-09 0.980975 1.01939 0 0
36.306 2.46304e-09 0.981006 1.01936 0 0
36.366 2.46304e-09 0.981037 1.01933 0 0
36.426 2.46304e-09 0.981069 1.0193 0 0
36.486 2.46304e-09 0.9811 1.01926 0 0
36.546 2.46304e-09 0.981131 1.01923 0 0
36.606 2.46304e-09 0.981162 1.0192 0 0
36.666 2.46304e-09 0.981192 1.01917 0 0
36.726 2.46304e-09 0.981223 1.01914 0 0
36.786 2.46304e-09 0.981254 1.0191 0 0
36.846 2.46304e-09 0.981284 1.01907 0 0
36.906 2.46304e-09 0.981315 1.01904 0 0
36.966 2.46304e-09 0.981345 1.01901 0 0
37.026 2.46304e-09 0.981375 1.01898 0 0
37.086 2.46304e-09 0.981405 1.01895 0 0
37.146 2.46304e-09 0.981435 1.01892 0 0
37.206 2.46304e-09 0.981465 1.01888 0 0
37.266 2.46304e-09 0.981495 1.01885 0 0
37.326 2.46304e-09 0.981525 1.01882 0 0
37.386 2.46304e-09 0.981555 1.01879 0 0
37.446 2.46304e-09 0.981584 1.01876 0 0
37.506 2.46304e-09 0.981614 1.01873 0 0
37.566 2.46304e-09 0.981643 1.0187 0 0
37.626 2.46304e-09 0.981672 1.01867 0 0
37.686 2.46304e-09 0.981701 1.01864 0 0
37.746 2.46304e-09 0.981731 1.01861 0 0
37.806 2.46304e-09 0.98176 1.01858 0 0
37.866 2.46304e-09 0.981788 1.01855 0 0
37.926 2.46304e-09 0.981817 1.01852 0 0
37.986 2.46304e-09 0.981846 1.01849 0 0
38.046 2.46304e-09 0.981875 1.01846 0 0
38.106 2.46304e-09 0.981903 1.01843 0 0
38.166 2.46304e-09 0.981932 1.0184 0 0
38.226 2.46304e-09 0.98196 1.01837 0 0
38.286 2.46304e-09 0.981988 1.01834 0 0
38.346 2.46304e-09 0.982016 1.01831 0 0
38.406 2.46304e-09 0.982045 1.01828 0 0
38.466 2.46304e-09 0.982073 1.01825 0 0
38.526 2.46304e-09 0.9821 1.01823 0 0
38.586 2.46304e-09 0.982128 1.0182 0 0
38.646 2.46304e-09 0.982156 1.01817 0 0
38.706 2.46304e-09 0.982184 1.01814 0 0
38.766 2.46304e-09 0.982211 1.01811 0 0
38.826 2.46304e-09 0.982239 1.01808 0 0
38.886 2.46304e-09 0.982266 1.01805 0 0
38.946 2.46304e-09 0.982293 1.01803 0 0
39.006 2.46304e-09 0.982321 1.018 0 0
39.066 2.46304e-09 0.982348 1.01797 0 0
39.126 2.46304e-09 0.982375 1.01794 0 0
39.186 2.46304e-09 0.982402 1.01791 0 0
39.246 2.46304e-09 0.982429 1.01789 0 0
39.306 2.46304e-09 0.982456 1.01786 0 0
39.366 2.46304e-09 0.982482 1.01783 0 0
39.426 2.46304e-09 0.982509 1.0178 0 0
39.486 2.46304e-09 0.982536 1.01777 0 0
39.546 2.46304e-09 0.982562 1.01775 0 0
39.606 2.46304e-09 0.982589 1.01772 0 0
39.666 2.46304e-09 0.982615 1.01769 0 0
39.726 2.46304e-09 0.982641 1.01767 0 0
39.786 2.46304e-09 0.982667 1.01764 0 0
39.846 2.46304e-09 0.982693 1.01761 0 0
39.906 2.46304e-09 0.982719 1.01758 0 0
39.966 2.46304e-09 0.982745 1.01756 0 0
40.026 2.46304e-09 0.982771 1.01753 0 0
40.086 2.46304e-09 0.982797 1.0175 0 0
40.146 2.46304e-09 0.982823 1.01748 0 0
40.206 2.46304e-09 0.982848 1.01745 0 0
40.266 2.46304e-09 0.982874 1.01742 0 0
40.326 2.46304e-09 0.982899 1.0174 0 0
40.386 2.46304e-09 0.982925 1.01737 0 0
40.446 2.46304e-09 0.98295 1.01735 0 0
40.506 2.46304e-09 0.982975 1.01732 0 0
40.566 2.46304e-09 0.983001 1.01729 0 0
40.626 2.46304e-09 0.983026 1.01727 0 0
40.686 2.46304e-09 0.983051 1.01724 0 0
40.746 2.46304e-09 0.983076 1.01722 0 0
40.806 2.46304e-09 0.983101 1.01719 0 0
40.866 2.46304e-09 0.983125 1.01716 0 0
40.926 2.46304e-09 0.98315 1.01714 0 0
40.986 2.46304e-09 0.983175 1.01711 0 0
41.046 2.46304e-09 0.983199 1.01709 0 0
41.106 2.46304e-09 0.983224 1.01706 0 0
41.166 2.46304e-09 0.983248 1.01704 0 0
41.226 2.46304e-09 0.983273 1.01701 0 0
41.286 2.46304e-09 0.983297 1.01699 0 0
41.346 2.46304e-09 0.983321 1.01696 0 0
41.406 2.46304e-09 0.983345 1.01694 0 0
41.466 2.46304e-09 0.98337 1.01691 0 0
41.526 2.46304e-09 0.983394 1.01689 0 0
41.586 2.46304e-09 0.983418 1.01686 0 0
41.646 2.46304e-09 0.983441 1.01684 0 0
41.706 2.46304e-09 0.983465 1.01681 0 0
41.766 2.46304e-09 0.983489 1.01679 0 0
41.826 2.46304e-09 0.983513 1.01676 0 0
41.886 2.46304e-09 0.983536 1.01674 0 0
41.946 2.46304e-09 0.98356 1.01671 0 0
42.006 2.46304e-09 0.983583 1.01669 0 0
42.066 2.46304e-09 0.983607 1.01667 0 0
42.126 2.46304e-09 0.98363 1.01664 0 0
42.186 2.46304e-09 0.983653 1.01662 0 0
42.246 2.46304e-09 0.983677 1.01659 0 0
42.306 2.46304e-09 0.9837 1.01657 0 0
42.366 2.46304e-09 0.983723 1.01655 0 0
42.426 2.46304e-09 0.983746 1.01652 0 0
42.486 2.46304e-09 0.983769 1.0165 0 0
42.546 2.46304e-09 0.983792 1.01648 0 0
42.606 2.46304e-09 0.983815 1.01645 0 0
42.666 2.46304e-09 0.983837 1.01643 0 0
42.726 2.46304e-09 0.98386 1.0164 0 0
42.786 2.46304e-09 0.983883 1.01638 0 0
42.846 2.46304e-09 0.983905 1.01636 0 0
42.906 2.46304e-09 0.983928 1.01633 0 0
42.966 2.46304e-09 0.98395 1.01631 0 0
43.026 2.46304e-09 0.983973 1.01629 0 0
43.086 2.46304e-09 0.983995 1.01627 0 0
43.146 2.46304e-09 0.984017 1.01624 0 0
43.206 2.46304e-09 0.984039 1.01622 0 0
43.266 2.46304e-09 0.984061 1.0162 0 0
43.326 2.46304e-09 0.984084 1.01617 0 0
43.386 2.46304e-09 0.984106 1.01615 0 0
43.446 2.46304e-09 0.984127 1.01613 0 0
43.506 2.46304e-09 0.984149 1.01611 0 0
43.566 2.46304e-09 0.984171 1.01608 0 0
43.626 2.46304e-09 0.984193 1.01606 0 0
43.686 2.46304e-09 0.984215 1.01604 0 0
43.746 2.46304e-09 0.984236 1.01602 0 0
43.806 2.46304e-09 0.984258 1.01599 0 0
43.866 2.46304e-09 0.984279 1.01597 0 0
43.926 2.46304e-09 0.984301 1.01595 0 0
43.986 2.46304e-09 0.984322 1.01593 0 0
44.046 2.46304e-09 0.984344 1.01591 0 0
44.106 2.46304e-09 0.984365 1.01588 0 0
44.166 2.46304e-09 0.984386 1.01586 0 0
44.226 2.46304e-09 0.984407 1.01584 0 0
44.286 2.46304e-09 0.984429 1.01582 0 0
44.346 2.46304e-09 0.98445 1.0158 0 0
44.406 2.46304e-09 0.984471 1.01577 0 0
44.466 2.46304e-09 0.984492 1.01575 0 0
44.526 2.46304e-09 0.984512 1.01573 0 0
44.586 2.46304e-09 0.984533 1.01571 0 0
44.646 2.46304e-09 0.984554 1.01569 0 0
44.706 2.46304e-09 0.984575 1.01567 0 0
44.766 2.46304e-09 0.984596 1.01565 0 0
44.826 2.46304e-09 0.984616 1.01562 0 0
44.886 2.46304e-09 0.984637 1.0156 0 0
44.946 2.46304e-09 0.984657 1.01558 0 0
45.006 2.46304e-09 0.984678 1.01556 0 0
45.066 2.46304e-09 0.984698 1.01554 0 0
45.126 2.46304e-09 0.984718 1.01552 0 0
45.186 2.46304e-09 0.984739 1.0155 0 0
45.246 2.46304e-09 0.984759 1.01548 0 0
45.306 2.46304e-09 0.984779 1.01546 0 0
45.366 2.46304e-09 0.984799 1.01544 0 0
45.426 2.46304e-09 0.984819 1.01541 0 0
45.486 2.46304e-09 0.984839 1.01539 0 0
45.546 2.46304e-09 0.984859 1.01537 0 0
45.606 2.46304e-09 0.984879 1.01535 0 0
45.666 2.46304e-09 0.984899 1.01533 0 0
45.726 2.46304e-09 0.984919 1.01531 0 0
45.786 2.46304e-09 0.984939 1.01529 0 0
45.846 2.46304e-09 0.984958 1.01527 0 0
45.906 2.46304e-09 0.984978 1.01525 0 0
45.966 2.46304e-09 0.984998 1.01523 0 0
46.026 2.46304e-09 0.985017 1.01521 0 0
46.086 2.46304e-09 0.985037 1.01519 0 0
46.146 2.46304e-09 0.985056 1.01517 0 0
46.206 2.46304e-09 0.985076 1.01515 0 0
46.266 2.46304e-09 0.985095 1.01513 0 0
46.326 2.46304e-09 0.985114 1.01511 0 0
46.386 2.46304e-09 0.985133 1.01509 0 0
46.446 2.46304e-09 0.985153 1.01507 0 0
46.506 2.46304e-09 0.985172 1.01505 0 0
46.566 2.46304e-09 0.985191 1.01503 0 0
46.626 2.46304e-09 0.98521 1.01501 0 0
46.686 2.46304e-09 0.985229 1.01499 0 0
46.746 2.46304e-09 0.985248 1.01497 0 0
46.806 2.46304e-09 0.985267 1.01495 0 0
46.866 2.46304e-09 0.985286 1.01493 0 0
46.926 2.46304e-09 0.985305 1.01491 0 0
46.986 2.46304e-09 0.985323 1.0149 0 0
47.046 2.46304e-09 0.985342 1.01488 0 0
47.106 2.46304e-09 0.985361 1.01486 0 0
47.166 2.46304e-09 0.985379 1.01484 0 0
47.226 2.46304e-09 0.985398 1.01482 0 0
47.286 2.46304e-09 0.985416 1.0148 0 0
47.346 2.46304e-09 0.985435 1.01478 0 0
47.406 2.46304e-09 0.985453 1.01476 0 0
47.466 2.46304e-09 0.985472 1.01474 0 0
47.526 2.46304e-09 0.98549 1.01472 0 0
47.586 2.46304e-09 0.985508 1.0147 0 0
47.646 2.46304e-09 0.985527 1.01469 0 0
47.706 2.46304e-09 0.985545 1.01467 0 0
47.766 2.46304e-09 0.985563 1.01465 0 0
47.826 2.46304e-09 0.985581 1.01463 0 0
47.886 2.46304e-09 0.985599 1.01461 0 0
47.946 2.46304e-09 0.985617 1.01459 0 0
48.006 2.46304e-09 0.985635 1.01457 0 0
48.066 2.46304e-09 0.985653 1.01456 0 0
48.126 2.46304e-09 0.985671 1.01454 0 0
48.186 2.46304e-09 0.985689 1.01452 0 0
48.246 2.46304e-09 0.985707 1.0145 0 0
48.306 2.46304e-09 0.985724 1.01448 0 0
48.366 2.46304e-09 0.985742 1.01446 0 0
48.426 2.46304e-09 0.98576 1.01445 0 0
48.486 2.46304e-09 0.985777 1.01443 0 0
48.546 2.46304e-09 0.985795 1.01441 0 0
48.606 2.46304e-09 0.985812 1.01439 0 0
48.666 2.46304e-09 0.98583 1.01437 0 0
48.726 2.46304e-09 0.985847 1.01436 0 0
48.786 2.46304e-09 0.985865 1.01434 0 0
48.846 2.46304e-09 0.985882 1.01432 0 0
48.906 2.46304e-09 0.9859 1.0143 0 0
48.966 2.46304e-09 0.985917 1.01428 0 0
49.026 2.46304e-09 0.985934 1.01427 0 0
49.086 2.46304e-09 0.985951 1.01425 0 0
49.146 2.46304e-09 0.985968 1.01423 0 0
49.206 2.46304e-09 0.985985 1.01421 0 0
49.266 2.46304e-09 0.986003 1.0142 0 0
49.326 2.46304e-09 0.98602 1.01418 0 0
49.386 2.46304e-09 0.986037 1.01416 0 0
49.446 2.46304e-09 0.986054 1.01414 0 0
49.506 2.46304e-09 0.98607 1.01413 0 0
49.566 2.46304e-09 0.986087 1.01411 0 0
49.626 2.46304e-09 0.986104 1.01409 0 0
49.686 2.46304e-09 0.986121 1.01407 0 0
49.746 2.46304e-09 0.986138 1.01406 0 0
49.806 2.46304e-09 0.986154 1.01404 0 0
49.866 2.46304e-09 0.986171 1.01402 0 0
49.926 2.46304e-09 0.986188 1.01401 0 0
49.986 2.46304e-09 0.986204 1.01399 0 0
50.046 2.46304e-09 0.986221 1.01397 0 0
50.106 2.46304e-09 0.986237 1.01395 0 0
50.166 2.46304e-09 0.986254 1.01394 0 0
50.226 2.46304e-09 0.98627 1.01392 0 0
50.286 2.46304e-09 0.986286 1.0139 0 0
50.346 2.46304e-09 0.986303 1.01389 0 0
50.406 2.46304e-09 0.986319 1.01387 0 0
50.466 2.46304e-09 0.986335 1.01385 0 0
50.526 2.46304e-09 0.986352 1.01384 0 0
50.586 2.46304e-09 0.986368 1.01382 0 0
50.646 2.46304e-09 0.986384 1.0138 0 0
50.706 2.46304e-09 0.9864 1.01379 0 0
50.766 2.46304e-09 0.986416 1.01377 0 0
50.826 2.46304e-09 0.986432 1.01375 0 0
50.886 2.46304e-09 0.986448 1.01374 0 0
50.946 2.46304e-09 0.986464 1.01372 0 0
51.006 2.46304e-09 0.98648 1.01371 0 0
51.066 2.46304e-09 0.986496 1.01369 0 0
51.126 2.46304e-09 0.986512 1.01367 0 0
51.186 2.46304e-09 0.986528 1.01366 0 0
51.246 2.46304e-09 0.986543 1.01364 0 0
51.306 2.46304e-09 0.986559 1.01362 0 0
51.366 2.46304e-09 0.986575 1.01361 0 0
51.426 2.46304e-09 0.98659 1.01359 0 0
51.486 2.46304e-09 0.986606 1.01358 0 0
51.546 2.46304e-09 0.986622 1.01356 0 0
51.606 2.46304e-09 0.986637 1.01354 0 0
51.666 2.46304e-09 0.986653 1.01353 0 0
51.726 2.46304e-09 0.986668 1.01351 0 0
51.786 2.46304e-09 0.986684 1.0135 0 0
51.846 2.46304e-09 0.986699 1.01348 0 0
51.906 2.46304e-09 0.986714 1.01346 0 0
51.966 2.46304e-09 0.98673 1.01345 0 0
52.026 2.46304e-09 0.986745 1.01343 0 0
52.086 2.46304e-09 0.98676 1.01342 0 0
52.146 2.46304e-09 0.986776 1.0134 0 0
52.206 2.46304e-09 0.986791 1.01339 0 0
52.266 2.46304e-09 0.986806 1.01337 0 0
52.326 2.46304e-09 0.986821 1.01335 0 0
52.386 2.46304e-09 0.986836 1.01334 0 0
52.446 2.46304e-09 0.986851 1.01332 0 0
52.506 2.46304e-09 0.986866 1.01331 0 0
52.566 2.46304e-09 0.986881 1.01329 0 0
52.626 2.46304e-09 0.986896 1.01328 0 0
52.686 2.46304e-09 0.986911 1.01326 0 0
52.746 2.46304e-09 0.986926 1.01325 0 0
52.806 2.46304e-09 0.986941 1.01323 0 0
52.866 2.46304e-09 0.986956 1.01322 0 0
52.926 2.46304e-09 0.986971 1.0132 0 0
52.986 2.46304e-09 0.986985 1.01319 0 0
53.046 2.46304e-09 0.987 1.01317 0 0
53.106 2.46304e-09 0.987015 1.01316 0 0
53.166 2.46304e-09 0.987029 1.01314 0 0
53.226 2.46304e-09 0.987044 1.01313 0 0
53.286 2.46304e-09 0.987059 1.01311 0 0
53.346 2.46304e-09 0.987073 1.0131 0 0
53.406 2.46304e-09 0.987088 1.01308 0 0
53.466 2.46304e-09 0.987102 1.01307 0 0
53.526 2.46304e-09 0.987117 1.01305 0 0
53.586 2.46304e-09 0.987131 1.01304 0 0
53.646 2.46304e-09 0.987145 1.01302 0 0
53.706 2.46304e-09 0.98716 1.01301 0 0
53.766 2.46304e-09 0.987174 1.01299 0 0
53.826 2.46304e-09 0.987188 1.01298 0 0
53.886 2.46304e-09 0.987203 1.01296 0 0
53.946 2.46304e-09 0.987217 1.01295 0 0
54.006 2.46304e-09 0.987231 1.01293 0 0
54.066 2.46304e-09 0.987245 1.01292 0 0
54.126 2.46304e-09 0.987259 1.01291 0 0
54.186 2.46304e-09 0.987274 1.01289 0 0
54.246 2.46304e-09 0.987288 1.01288 0 0
54.306 2.46304e-09 0.987302 1.01286 0 0
54.366 2.46304e-09 0.987316 1.01285 0 0
54.426 2.46304e-09 0.98733 1.01283 0 0
54.486 2.46304e-09 0.987344 1.01282 0 0
54.546 2.46304e-09 0.987358 1.0128 0 0
54.606 2.46304e-09 0.987371 1.01279 0 0
54.666 2.46304e-09 0.987385 1.01278 0 0
54.726 2.46304e-09 0.987399 1.01276 0 0
54.786 2.46304e-09 0.987413 1.01275 0 0
54.846 2.46304e-09 0.987427 1.01273 0 0
54.906 2.46304e-09 0.98744 1.01272 0 0
54.966 2.46304e-09 0.987454 1.01271 0 0
55.026 2.46304e-09 0.987468 1.01269 0 0
55.086 2.46304e-09 0.987481 1.01268 0 0
55.146 2.46304e-09 0.987495 1.01266 0 0
55.206 2.46304e-09 0.987509 1.01265 0 0
55.266 2.46304e-09 0.987522 1.01264 0 0
55.326 2.46304e-09 0.987536 1.01262 0 0
55.386 2.46304e-09 0.987549 1.01261 0 0
55.446 2.46304e-09 0.987563 1.01259 0 0
55.506 2.46304e-09 0.987576 1.01258 0 0
55.566 2.46304e-09 0.98759 1.01257 0 0
55.626 2.46304e-09 0.987603 1.01255 0 0
55.686 2.46304e-09 0.987616 1.01254 0 0
55.746 2.46304e-09 0.98763 1.01253 0 0
55.806 2.46304e-09 0.987643 1.01251 0 0
55.866 2.46304e-09 0.987656 1.0125 0 0
55.926 2.46304e-09 0.987669 1.01248 0 0
55.986 2.46304e-09 0.987683 1.01247 0 0
56.046 2.46304e-09 0.987696 1.01246 0 0
56.106 2.46304e-09 0.987709 1.01244 0 0
56.166 2.46304e-09 0.987722 1.01243 0 0
56.226 2.46304e-09 0.987735 1.01242 0 0
56.286 2.46304e-09 0.987748 1.0124 0 0
56.346 2.46304e-09 0.987761 1.01239 0 0
56.406 2.46304e-09 0.987774 1.01238 0 0
56.466 2.46304e-09 0.987787 1.01236 0 0
56.526 2.46304e-09 0.9878 1.01235 0 0
56.586 2.46304e-09 0.987813 1.01234 0 0
56.646 2.46304e-09 0.987826 1.01232 0 0
56.706 2.46304e-09 0.987839 1.01231 0 0
56.766 2.46304e-09 0.987852 1.0123 0 0
56.826 2.46304e-09 0.987865 1.01228 0 0
56.886 2.46304e-09 0.987878 1.01227 0 0
56.946 2.46304e-09 0.98789 1.01226 0 0
57.006 2.46304e-09 0.987903 1.01225 0 0
57.066 2.46304e-09 0.987916 1.01223 0 0
57.126 2.46304e-09 0.987928 1.01222 0 0
57.186 2.46304e-09 0.987941 1.01221 0 0
57.246 2.46304e-09 0.987954 1.01219 0 0
57.306 2.46304e-09 0.987966 1.01218 0 0
57.366 2.46304e-09 0.987979 1.01217 0 0
57.426 2.46304e-09 0.987992 1.01215 0 0
57.486 2.46304e-09 0.988004 1.01214 0 0
57.546 2.46304e-09 0.988017 1.01213 0 0
57.606 2.46304e-09 0.988029 1.01212 0 0
57.666 2.46304e-09 0.988042 1.0121 0 0
57.726 2.46304e-09 0.988054 1.01209 0 0
57.786 2.46304e-09 0.988066 1.01208 0 0
57.846 2.46304e-09 0.988079 1.01207 0 0
57.906 2.46304e-09 0.988091 1.01205 0 0
57.966 2.46304e-09 0.988103 1.01204 0 0
58.026 2.46304e-09 0.988116 1.01203 0 0
58.086 2.46304e-09 0.988128 1.01201 0 0
58.146 2.46304e-09 0.98814 1.012 0 0
58.206 2.46304e-09 0.988152 1.01199 0 0
58.266 2.46304e-09 0.988165 1.01198 0 0
58.326 2.46304e-09 0.988177 1.01196 0 0
58.386 2.46304e-09 0.988189 1.01195 0 0
58.446 2.46304e-09 0.988201 1.01194 0 0
58.506 2.46304e-09 0.988213 1.01193 0 0
58.566 2.46304e-09 0.988225 1.01192 0 0
58.626 2.46304e-09 0.988237 1.0119 0 0
58.686 2.46304e-09 0.988249 1.01189 0 0
58.746 2.46304e-09 0.988261 1.01188 0 0
58.806 2.46304e-09 0.988273 1.01187 0 0
58.866 2.46304e-09 0.988285 1.01185 0 0
58.926 2.46304e-09 0.988297 1.01184 0 0
58.986 2.46304e-09 0.988309 1.01183 0 0
59.046 2.46304e-09 0.988321 1.01182 0 0
59.106 2.46304e-09 0.988333 1.0118 0 0
59.166 2.46304e-09 0.988345 1.01179 0 0
59.226 2.46304e-09 0.988357 1.01178 0 0
59.286 2.46304e-09 0.988368 1.01177 0 0
59.346 2.46304e-09 0.98838 1.01176 0 0
59.406 2.46304e-09 0.988392 1.01174 0 0
59.466 2.46304e-09 0.988403 1.01173 0 0
59.526 2.46304e-09 0.988415 1.01172 0 0
59.586 2.46304e-09 0.988427 1.01171 0 0
59.646 2.46304e-09 0.988438 1.0117 0 0
59.706 2.46304e-09 0.98845 1.01168 0 0
59.766 2.46304e-09 0.988462 1.01167 0 0
59.826 2.46304e-09 0.988473 1.01166 0 0
59.886 2.46304e-09 0.988485 1.01165 0 0
59.946 2.46304e-09 0.988496 1.01164 0 0

