0.06 0.438654
0.006 0.016063 0.0893143 1 0.00488182 0.006987
0.066 0.0160499 0.0893596 1.00046 0.00487757 0.00698396
0.126 0.0160143 0.0894813 1.00169 0.00486619 0.00697581
0.186 0.0159567 0.0896793 1.00368 0.00484776 0.00696258
0.246 0.0158774 0.0899537 1.00643 0.00482236 0.00694432
0.306 0.0157765 0.090305 1.00996 0.00479011 0.00692106
0.366 0.0156545 0.0907337 1.01425 0.00475117 0.00689287
0.426 0.0155119 0.0912402 1.01932 0.0047057 0.00685981
0.486 0.0153492 0.0918253 1.02515 0.00465393 0.00682197
0.546 0.0151672 0.0924896 1.03176 0.00459608 0.00677944
0.606 0.0149664 0.093234 1.03915 0.00453241 0.00673232
0.666 0.0147478 0.0940596 1.04732 0.0044632 0.00668072
0.726 0.0145121 0.0949672 1.05626 0.00438876 0.00662477
0.786 0.0142602 0.095958 1.06599 0.00430939 0.0065646
0.846 0.0139931 0.0970332 1.07651 0.00422545 0.00650035
0.906 0.0137119 0.0981941 1.08781 0.00413727 0.00643216
0.966 0.0134174 0.0994421 1.0999 0.00404521 0.0063602
1.026 0.0131109 0.100779 1.11278 0.00394964 0.00628462
1.086 0.0127935 0.102205 1.12645 0.00385093 0.00620559
1.146 0.0124661 0.103723 1.1409 0.00374945 0.00612327
1.206 0.0121301 0.105335 1.15614 0.00364557 0.00603786
1.266 0.0117866 0.107042 1.17217 0.00353967 0.00594951
1.326 0.0114367 0.108845 1.18898 0.00343212 0.00585843
1.386 0.0110816 0.110747 1.20657 0.00332327 0.00576478
1.446 0.0107224 0.11275 1.22493 0.00321348 0.00566875
1.506 0.0103603 0.114854 1.24405 0.00310309 0.00557054
1.566 0.00999629 0.117064 1.26393 0.00299244 0.00547032
1.626 0.00963158 0.119379 1.28455 0.00288184 0.00536828
1.686 0.00926717 0.121803 1.3059 0.00277161 0.00526461
1.746 0.00890408 0.124337 1.32797 0.00266203 0.00515948
1.806 0.00854328 0.126982 1.35073 0.00255337 0.00505309
1.866 0.00818569 0.129742 1.37416 0.0024459 0.00494561
1.926 0.0078322 0.132617 1.39824 0.00233986 0.00483721
1.986 0.00748363 0.135609 1.42295 0.00223546 0.00472806
2.046 0.00714074 0.138721 1.44824 0.00213291 0.00461834
2.106 0.00680425 0.141953 1.4741 0.0020324 0.00450822
2.166 0.0064748 0.145307 1.50047 0.0019341 0.00439784
2.226 0.006153 0.148784 1.52733 0.00183815 0.00428737
2.286 0.00583937 0.152386 1.55462 0.00174469 0.00417695
2.346 0.00553437 0.156113 1.58229 0.00165384 0.00406674
2.406 0.00523841 0.159967 1.6103 0.00156568 0.00395687
2.466 0.00495183 0.163947 1.63858 0.00148031 0.00384748
2.526 0.00467492 0.168054 1.66708 0.00139778 0.00373869
2.586 0.00440791 0.172289 1.69574 0.00131814 0.00363063
2.646 0.00415095 0.176651 1.72447 0.00124144 0.00352341
2.706 0.00390417 0.181139 1.75323 0.00116769 0.00341714
2.766 0.00366763 0.185754 1.78192 0.00109689 0.00331193
2.826 0.00344133 0.190493 1.81048 0.00102905 0.00320788
2.886 0.00322524 0.195356 1.83883 0.00096415 0.00310508
2.946 0.00301928 0.200342 1.86688 0.000902162 0.0030036
3.006 0.00282334 0.205447 1.89457 0.000843052 0.00290354
3.066 0.00263725 0.21067 1.92179 0.000786775 0.00280495
3.126 0.00246084 0.216007 1.94848 0.000733279 0.00270791
3.186 0.00229387 0.221457 1.97455 0.000682506 0.00261248
3.246 0.00213612 0.227015 1.99993 0.000634391 0.00251871
3.306 0.00198731 0.232679 2.02452 0.000588862 0.00242665
3.366 0.00184716 0.238443 2.04826 0.000545845 0.00233633
3.426 0.00171537 0.244303 2.07107 0.000505261 0.0022478
3.486 0.00159162 0.250256 2.09288 0.000467029 0.00216108
3.546 0.0014756 0.256295 2.11363 0.000431064 0.00207621
3.606 0.00136696 0.262417 2.13326 0.00039728 0.00199319
3.666 0.00126539 0.268614 2.15171 0.00036559 0.00191204
3.726 0.00117055 0.274883 2.16892 0.000335908 0.00183278
3.786 0.00108209 0.281216 2.18486 0.000308144 0.0017554
3.846 0.000999697 0.287607 2.19949 0.000282212 0.00167992
3.906 0.000923038 0.294052 2.21278 0.000258024 0.00160631
3.966 0.000851793 0.300542 2.2247 0.000235497 0.00153459
4.026 0.000785651 0.307072 2.23523 0.000214544 0.00146473
4.086 0.000724308 0.313636 2.24436 0.000195086 0.00139673
4.146 0.000667469 0.320226 2.2521 0.00017704 0.00133057
4.206 0.000614853 0.326837 2.25843 0.00016033 0.00126622
4.266 0.000566185 0.333462 2.26337 0.00014488 0.00120366
4.326 0.000521208 0.340094 2.26693 0.000130617 0.00114288
4.386 0.000479671 0.346727 2.26914 0.00011747 0.00108383
4.446 0.000441338 0.353355 2.27001 0.000105372 0.00102651
4.506 0.000405986 0.359971 2.26958 9.42577e-05 0.000970864
4.566 0.000373402 0.36657 2.26787 8.40656e-05 0.000916873
4.626 0.000343387 0.373147 2.26494 7.47364e-05 0.000864502
4.686 0.00031575 0.379694 2.26081 6.62135e-05 0.000813717
4.746 0.000290317 0.386208 2.25554 5.84435e-05 0.000764483
4.806 0.000266921 0.392682 2.24916 5.13753e-05 0.000716766
4.866 0.000245407 0.399112 2.24174 4.49608e-05 0.000670528
4.926 0.000225629 0.405493 2.23331 3.91545e-05 0.000625735
4.986 0.000207454 0.41182 2.22393 3.39132e-05 0.00058235
5.046 0.000190755 0.41809 2.21366 2.91964e-05 0.000540337
5.106 0.000175417 0.424298 2.20254 2.49659e-05 0.000499659
5.166 0.000161329 0.43044 2.19063 2.11858e-05 0.00046028
5.226 0.000148393 0.436512 2.17797 1.78223e-05 0.000422165
5.286 0.000136516 0.442513 2.16463 1.48439e-05 0.000385278
5.346 0.000125611 0.448438 2.15065 1.22209e-05 0.000349583
5.406 0.000115599 0.454284 2.13608 9.92546e-06 0.000315047
5.466 0.000106408 0.46005 2.12098 7.93182e-06 0.000281635
5.526 9.797e-05 0.465733 2.10538 6.21571e-06 0.000249313
5.586 9.02229e-05 0.471331 2.08933 4.75455e-06 0.000218049
5.646 8.31098e-05 0.476841 2.07289 3.5273e-06 0.000187811
5.706 7.65783e-05 0.482263 2.05608 2.51434e-06 0.000158567
5.766 7.058e-05 0.487595 2.03895 1.69744e-06 0.000130286
5.826 6.50707e-05 0.492835 2.02155 1.05962e-06 0.000102938
5.886 6.00099e-05 0.497983 2.0039 5.85134e-07 7.64941e-05
5.946 5.53601e-05 0.503037 1.98604 2.59343e-07 5.09257e-05
6.006 5.10872e-05 0.507998 1.96801 6.86705e-08 2.62051e-05
6.066 4.71598e-05 0.512863 1.94983 5.46617e-10 2.33799e-06
6.126 4.35491e-05 0.517635 1.93186 0 0
6.186 4.02284e-05 0.522313 1.91456 0 0
6.246 3.71729e-05 0.526902 1.89789 0 0
6.306 3.43604e-05 0.531403 1.88181 0 0
6.366 3.17706e-05 0.53582 1.8663 0 0
6.426 2.93848e-05 0.540154 1.85132 0 0
6.486 2.71862e-05 0.544408 1.83686 0 0
6.546 2.51592e-05 0.548584 1.82288 0 0
6.606 2.329e-05 0.552684 1.80935 0 0
6.666 2.15655e-05 0.55671 1.79627 0 0
6.726 1.9974e-05 0.560664 1.7836 0 0
6.786 1.85048e-05 0.564549 1.77133 0 0
6.846 1.71481e-05 0.568365 1.75943 0 0
6.906 1.58947e-05 0.572115 1.7479 0 0
6.966 1.47366e-05 0.575801 1.73671 0 0
7.026 1.36661e-05 0.579423 1.72585 0 0
7.086 1.26763e-05 0.582985 1.71531 0 0
7.146 1.17609e-05 0.586486 1.70507 0 0
7.206 1.0914e-05 0.589929 1.69512 0 0
7.266 1.01303e-05 0.593315 1.68544 0 0
7.326 9.40487e-06 0.596646 1.67604 0 0
7.386 8.73323e-06 0.599923 1.66688 0 0
7.446 8.11121e-06 0.603147 1.65797 0 0
7.506 7.535e-06 0.606319 1.6493 0 0
7.566 7.0011e-06 0.609441 1.64085 0 0
7.626 6.50628e-06 0.612514 1.63262 0 0
7.686 6.04757e-06 0.615539 1.62459 0 0
7.746 5.62224e-06 0.618517 1.61677 0 0
7.806 5.22778e-06 0.621449 1.60914 0 0
7.866 4.86185e-06 0.624336 1.6017 0 0
7.926 4.52232e-06 0.62718 1.59444 0 0
7.986 4.20722e-06 0.629981 1.58735 0 0
8.046 3.91473e-06 0.63274 1.58043 0 0
8.106 3.64318e-06 0.635459 1.57367 0 0
8.166 3.391e-06 0.638137 1.56706 0 0
8.226 3.15679e-06 0.640777 1.56061 0 0
8.286 2.9392e-06 0.643378 1.5543 0 0
8.346 2.73703e-06 0.645942 1.54813 0 0
8.406 2.54914e-06 0.648469 1.54209 0 0
8.466 2.3745e-06 0.65096 1.53619 0 0
8.526 2.21214e-06 0.653416 1.53042 0 0
8.586 2.06118e-06 0.655838 1.52477 0 0
8.646 1.92078e-06 0.658227 1.51923 0 0
8.706 1.79019e-06 0.660582 1.51382 0 0
8.766 1.66869e-06 0.662905 1.50851 0 0
8.826 1.55565e-06 0.665197 1.50331 0 0
8.886 1.45044e-06 0.667458 1.49822 0 0
8.946 1.35252e-06 0.669688 1.49323 0 0
9.006 1.26137e-06 0.671889 1.48834 0 0
9.066 1.1765e-06 0.67406 1.48355 0 0
9.126 1.09746e-06 0.676203 1.47885 0 0
9.186 1.02386e-06 0.678318 1.47423 0 0
9.246 9.5529e-07 0.680405 1.46971 0 0
9.306 8.91413e-07 0.682466 1.46527 0 0
9.366 8.31893e-07 0.6845 1.46092 0 0
9.426 7.76426e-07 0.686508 1.45665 0 0
9.486 7.24728e-07 0.688491 1.45245 0 0
9.546 6.76537e-07 0.690449 1.44833 0 0
9.606 6.31607e-07 0.692383 1.44429 0 0
9.666 5.89712e-07 0.694292 1.44032 0 0
9.726 5.50641e-07 0.696178 1.43641 0 0
9.786 5.14199e-07 0.698041 1.43258 0 0
9.846 4.80204e-07 0.699881 1.42881 0 0
9.906 4.48487e-07 0.701699 1.42511 0 0
9.966 4.1889e-07 0.703495 1.42147 0 0
10.026 3.91268e-07 0.705269 1.4179 0 0
10.086 3.65486e-07 0.707023 1.41438 0 0
10.146 3.41416e-07 0.708755 1.41092 0 0
10.206 3.18942e-07 0.710467 1.40752 0 0
10.266 2.97955e-07 0.712159 1.40418 0 0
10.326 2.78352e-07 0.713832 1.40089 0 0
10.386 2.60039e-07 0.715485 1.39765 0 0
10.446 2.42928e-07 0.717119 1.39447 0 0
10.506 2.26938e-07 0.718735 1.39133 0 0
10.566 2.11992e-07 0.720332 1.38825 0 0
10.626 1.98018e-07 0.721911 1.38521 0 0
10.686 1.84951e-07 0.723473 1.38222 0 0
10.746 1.72729e-07 0.725017 1.37928 0 0
10.806 1.61294e-07 0.726543 1.37638 0 0
10.866 1.50593e-07 0.728053 1.37353 0 0
10.926 1.40576e-07 0.729547 1.37071 0 0
10.986 1.31196e-07 0.731024 1.36794 0 0
11.046 1.2241e-07 0.732485 1.36522 0 0
11.106 1.14176e-07 0.73393 1.36253 0 0
11.166 1.06458e-07 0.73536 1.35988 0 0
11.226 9.92198e-08 0.736774 1.35727 0 0
11.286 9.24281e-08 0.738174 1.35469 0 0
11.346 8.60521e-08 0.739558 1.35216 0 0
11.406 8.00631e-08 0.740928 1.34966 0 0
11.466 7.44339e-08 0.742284 1.34719 0 0
11.526 6.91393e-08 0.743626 1.34476 0 0
11.586 6.41556e-08 0.744953 1.34237 0 0
11.646 5.94607e-08 0.746267 1.34 0 0
11.706 5.50337e-08 0.747568 1.33767 0 0
11.766 5.08551e-08 0.748855 1.33537 0 0
11.826 4.69066e-08 0.750129 1.3331 0 0
11.886 4.3171e-08 0.751391 1.33087 0 0
11.946 3.96321e-08 0.752639 1.32866 0 0
12.006 3.62747e-08 0.753875 1.32648 0 0
12.066 3.30845e-08 0.755099 1.32433 0 0
12.126 3.00477e-08 0.756311 1.32221 0 0
12.186 2.71518e-08 0.757511 1.32011 0 0
12.246 2.43845e-08 0.758699 1.31805 0 0
12.306 2.17343e-08 0.759876 1.316 0 0
12.366 1.91904e-08 0.761041 1.31399 0 0
12.426 1.67423e-08 0.762195 1.312 0 0
12.486 1.43802e-08 0.763337 1.31004 0 0
12.546 1.20947e-08 0.764469 1.3081 0 0
12.606 9.87663e-09 0.76559 1.30618 0 0
12.666 7.71739e-09 0.766701 1.30429 0 0
12.726 5.60859e-09 0.7678 1.30242 0 0
12.786 3.54216e-09 0.76889 1.30058 0 0
12.846 1.5103e-09 0.76997 1.29875 0 0
12.906 1.6063e-10 0.771039 1.29695 0 0
12.966 1.6063e-10 0.772098 1.29517 0 0
13.026 1.6063e-10 0.773148 1.29341 0 0
13.086 1.6063e-10 0.774188 1.29168 0 0
13.146 1.6063e-10 0.775219 1.28996 0 0
13.206 1.6063e-10 0.77624 1.28826 0 0
13.266 1.6063e-10 0.777252 1.28658 0 0
13.326 1.6063e-10 0.778255 1.28493 0 0
13.386 1.6063e-10 0.779249 1.28329 0 0
13.446 1.6063e-10 0.780234 1.28167 0 0
13.506 1.6063e-10 0.781211 1.28006 0 0
13.566 1.6063e-10 0.782178 1.27848 0 0
13.626 1.6063e-10 0.783137 1.27692 0 0
13.686 1.6063e-10 0.784088 1.27537 0 0
13.746 1.6063e-10 0.78503 1.27384 0 0
13.806 1.6063e-10 0.785965 1.27232 0 0
13.866 1.6063e-10 0.786891 1.27082 0 0
13.926 1.6063e-10 0.787809 1.26934 0 0
13.986 1.6063e-10 0.788719 1.26788 0 0
14.046 1.6063e-10 0.789622 1.26643 0 0
14.106 1.6063e-10 0.790517 1.265 0 0
14.166 1.6063e-10 0.791404 1.26358 0 0
14.226 1.6063e-10 0.792284 1.26217 0 0
14.286 1.6063e-10 0.793156 1.26079 0 0
14.346 1.6063e-10 0.794021 1.25941 0 0
14.406 1.6063e-10 0.794879 1.25805 0 0
14.466 1.6063e-10 0.79573 1.25671 0 0
14.526 1.6063e-10 0.796574 1.25538 0 0
14.586 1.6063e-10 0.79741 1.25406 0 0
14.646 1.6063e-10 0.79824 1.25276 0 0
14.706 1.6063e-10 0.799064 1.25146 0 0
14.766 1.6063e-10 0.79988 1.25019 0 0
14.826 1.6063e-10 0.80069 1.24892 0 0
14.886 1.6063e-10 0.801493 1.24767 0 0
14.946 1.6063e-10 0.80229 1.24643 0 0
15.006 1.6063e-10 0.803081 1.2452 0 0
15.066 1.6063e-10 0.803865 1.24399 0 0
15.126 1.6063e-10 0.804643 1.24279 0 0
15.186 1.6063e-10 0.805415 1.2416 0 0
15.246 1.6063e-10 0.806181 1.24042 0 0
15.306 1.6063e-10 0.80694 1.23925 0 0
15.366 1.6063e-10 0.807694 1.23809 0 0
15.426 1.6063e-10 0.808442 1.23695 0 0
15.486 1.6063e-10 0.809184 1.23581 0 0
15.546 1.6063e-10 0.809921 1.23469 0 0
15.606 1.6063e-10 0.810652 1.23358 0 0
15.666 1.6063e-10 0.811377 1.23247 0 0
15.726 1.6063e-10 0.812096 1.23138 0 0
15.786 1.6063e-10 0.812811 1.2303 0 0
15.846 1.6063e-10 0.813519 1.22923 0 0
15.906 1.6063e-10 0.814223 1.22816 0 0
15.966 1.6063e-10 0.814921 1.22711 0 0
16.026 1.6063e-10 0.815614 1.22607 0 0
16.086 1.6063e-10 0.816302 1.22504 0 0
16.146 1.6063e-10 0.816984 1.22401 0 0
16.206 1.6063e-10 0.817662 1.223 0 0
16.266 1.6063e-10 0.818335 1.22199 0 0
16.326 1.6063e-10 0.819002 1.221 0 0
16.386 1.6063e-10 0.819665 1.22001 0 0
16.446 1.6063e-10 0.820323 1.21903 0 0
16.506 1.6063e-10 0.820976 1.21806 0 0
16.566 1.6063e-10 0.821624 1.2171 0 0
16.626 1.6063e-10 0.822268 1.21615 0 0
16.686 1.6063e-10 0.822907 1.2152 0 0
16.746 1.6063e-10 0.823542 1.21427 0 0
16.806 1.6063e-10 0.824172 1.21334 0 0
16.866 1.6063e-10 0.824797 1.21242 0 0
16.926 1.6063e-10 0.825418 1.21151 0 0
16.986 1.6063e-10 0.826035 1.2106 0 0
17.046 1.6063e-10 0.826647 1.20971 0 0
17.106 1.6063e-10 0.827255 1.20882 0 0
17.166 1.6063e-10 0.827859 1.20794 0 0
17.226 1.6063e-10 0.828459 1.20706 0 0
17.286 1.6063e-10 0.829054 1.20619 0 0
17.346 1.6063e-10 0.829645 1.20533 0 0
17.406 1.6063e-10 0.830233 1.20448 0 0
17.466 1.6063e-10 0.830816 1.20364 0 0
17.526 1.6063e-10 0.831395 1.2028 0 0
17.586 1.6063e-10 0.83197 1.20197 0 0
17.646 1.6063e-10 0.832542 1.20114 0 0
17.706 1.6063e-10 0.833109 1.20032 0 0
17.766 1.6063e-10 0.833673 1.19951 0 0
17.826 1.6063e-10 0.834233 1.19871 0 0
17.886 1.6063e-10 0.834789 1.19791 0 0
17.946 1.6063e-10 0.835341 1.19712 0 0
18.006 1.6063e-10 0.83589 1.19633 0 0
18.066 1.6063e-10 0.836435 1.19555 0 0
18.126 1.6063e-10 0.836976 1.19478 0 0
18.186 1.6063e-10 0.837514 1.19401 0 0
18.246 1.6063e-10 0.838048 1.19325 0 0
18.306 1.6063e-10 0.838579 1.19249 0 0
18.366 1.6063e-10 0.839106 1.19174 0 0
18.426 1.6063e-10 0.83963 1.191 0 0
18.486 1.6063e-10 0.840151 1.19026 0 0
18.546 1.6063e-10 0.840668 1.18953 0 0
18.606 1.6063e-10 0.841182 1.1888 0 0
18.666 1.6063e-10 0.841692 1.18808 0 0
18.726 1.6063e-10 0.8422 1.18737 0 0
18.786 1.6063e-10 0.842704 1.18666 0 0
18.846 1.6063e-10 0.843204 1.18595 0 0
18.906 1.6063e-10 0.843702 1.18525 0 0
18.966 1.6063e-10 0.844196 1.18456 0 0
19.026 1.6063e-10 0.844688 1.18387 0 0
19.086 1.6063e-10 0.845176 1.18319 0 0
19.146 1.6063e-10 0.845661 1.18251 0 0
19.206 1.6063e-10 0.846143 1.18183 0 0
19.266 1.6063e-10 0.846622 1.18116 0 0
19.326 1.6063e-10 0.847099 1.1805 0 0
19.386 1.6063e-10 0.847572 1.17984 0 0
19.446 1.6063e-10 0.848042 1.17919 0 0
19.506 1.6063e-10 0.84851 1.17854 0 0
19.566 1.6063e-10 0.848974 1.17789 0 0
19.626 1.6063e-10 0.849436 1.17725 0 0
19.686 1.6063e-10 0.849895 1.17662 0 0
19.746 1.6063e-10 0.850351 1.17599 0 0
19.806 1.6063e-10 0.850804 1.17536 0 0
19.866 1.6063e-10 0.851255 1.17474 0 0
19.926 1.6063e-10 0.851703 1.17412 0 0
19.986 1.6063e-10 0.852148 1.17351 0 0
20.046 1.6063e-10 0.85259 1.1729 0 0
20.106 1.6063e-10 0.85303 1.17229 0 0
20.166 1.6063e-10 0.853468 1.17169 0 0
20.226 1.6063e-10 0.853902 1.17109 0 0
20.286 1.6063e-10 0.854334 1.1705 0 0
20.346 1.6063e-10 0.854764 1.16991 0 0
20.406 1.6063e-10 0.855191 1.16933 0 0
20.466 1.6063e-10 0.855616 1.16875 0 0
20.526 1.6063e-10 0.856038 1.16817 0 0
20.586 1.6063e-10 0.856457 1.1676 0 0
20.646 1.6063e-10 0.856874 1.16703 0 0
20.706 1.6063e-10 0.857289 1.16647 0 0
20.766 1.6063e-10 0.857701 1.16591 0 0
20.826 1.6063e-10 0.858111 1.16535 0 0
20.886 1.6063e-10 0.858519 1.1648 0 0
20.946 1.6063e-10 0.858924 1.16425 0 0
21.006 1.6063e-10 0.859327 1.1637 0 0
21.066 1.6063e-10 0.859728 1.16316 0 0
21.126 1.6063e-10 0.860126 1.16262 0 0
21.186 1.6063e-10 0.860522 1.16208 0 0
21.246 1.6063e-10 0.860916 1.16155 0 0
21.306 1.6063e-10 0.861308 1.16102 0 0
21.366 1.6063e-10 0.861698 1.1605 0 0
21.426 1.6063e-10 0.862085 1.15998 0 0
21.486 1.6063e-10 0.86247 1.15946 0 0
21.546 1.6063e-10 0.862853 1.15895 0 0
21.606 1.6063e-10 0.863234 1.15843 0 0
21.666 1.6063e-10 0.863613 1.15793 0 0
21.726 1.6063e-10 0.863989 1.15742 0 0
21.786 1.6063e-10 0.864364 1.15692 0 0
21.846 1.6063e-10 0.864736 1.15642 0 0
21.906 1.6063e-10 0.865107 1.15593 0 0
21.966 1.6063e-10 0.865475 1.15543 0 0
22.026 1.6063e-10 0.865842 1.15495 0 0
22.086 1.6063e-10 0.866206 1.15446 0 0
22.146 1.6063e-10 0.866569 1.15398 0 0
22.206 1.6063e-10 0.866929 1.1535 0 0
22.266 1.6063e-10 0.867288 1.15302 0 0
22.326 1.6063e-10 0.867644 1.15255 0 0
22.386 1.6063e-10 0.867999 1.15207 0 0
22.446 1.6063e-10 0.868352 1.15161 0 0
22.506 1.6063e-10 0.868703 1.15114 0 0
22.566 1.6063e-10 0.869052 1.15068 0 0
22.626 1.6063e-10 0.869399 1.15022 0 0
22.686 1.6063e-10 0.869745 1.14976 0 0
22.746 1.6063e-10 0.870088 1.14931 0 0
22.806 1.6063e-10 0.87043 1.14886 0 0
22.866 1.6063e-10 0.87077 1.14841 0 0
22.926 1.6063e-10 0.871108 1.14796 0 0
22.986 1.6063e-10 0.871445 1.14752 0 0
23.046 1.6063e-10 0.871779 1.14708 0 0
23.106 1.6063e-10 0.872112 1.14664 0 0
23.166 1.6063e-10 0.872444 1.14621 0 0
23.226 1.6063e-10 0.872773 1.14577 0 0
23.286 1.6063e-10 0.873101 1.14534 0 0
23.346 1.6063e-10 0.873427 1.14492 0 0
23.406 1.6063e-10 0.873752 1.14449 0 0
23.466 1.6063e-10 0.874074 1.14407 0 0
23.526 1.6063e-10 0.874396 1.14365 0 0
23.586 1.6063e-10 0.874715 1.14323 0 0
23.646 1.6063e-10 0.875033 1.14281 0 0
23.706 1.6063e-10 0.875349 1.1424 0 0
23.766 1.6063e-10 0.875664 1.14199 0 0
23.826 1.6063e-10 0.875977 1.14158 0 0
23.886 1.6063e-10 0.876289 1.14118 0 0
23.946 1.6063e-10 0.876599 1.14077 0 0
24.006 1.6063e-10 0.876907 1.14037 0 0
24.066 1.6063e-10 0.877214 1.13997 0 0
24.126 1.6063e-10 0.877519 1.13958 0 0
24.186 1.6063e-10 0.877823 1.13918 0 0
24.246 1.6063e-10 0.878125 1.13879 0 0
24.306 1.6063e-10 0.878426 1.1384 0 0
24.366 1.6063e-10 0.878726 1.13801 0 0
24.426 1.6063e-10 0.879024 1.13763 0 0
24.486 1.6063e-10 0.87932 1.13724 0 0
24.546 1.6063e-10 0.879615 1.13686 0 0
24.606 1.6063e-10 0.879909 1.13648 0 0
24.666 1.6063e-10 0.880201 1.1361 0 0
24.726 1.6063e-10 0.880491 1.13573 0 0
24.786 1.6063e-10 0.880781 1.13536 0 0
24.846 1.6063e-10 0.881069 1.13499 0 0
24.906 1.6063e-10 0.881355 1.13462 0 0
24.966 1.6063e-10 0.88164 1.13425 0 0
25.026 1.6063e-10 0.881924 1.13388 0 0
25.086 1.6063e-10 0.882206 1.13352 0 0
25.146 1.6063e-10 0.882487 1.13316 0 0
25.206 1.6063e-10 0.882767 1.1328 0 0
25.266 1.6063e-10 0.883046 1.13244 0 0
25.326 1.6063e-10 0.883323 1.13209 0 0
25.386 1.6063e-10 0.883598 1.13174 0 0
25.446 1.6063e-10 0.883873 1.13138 0 0
25.506 1.6063e-10 0.884146 1.13103 0 0
25.566 1.6063e-10 0.884418 1.13069 0 0
25.626 1.6063e-10 0.884689 1.13034 0 0
25.686 1.6063e-10 0.884958 1.13 0 0
25.746 1.6063e-10 0.885226 1.12966 0 0
25.806 1.6063e-10 0.885493 1.12931 0 0
25.866 1.6063e-10 0.885758 1.12898 0 0
25.926 1.6063e-10 0.886023 1.12864 0 0
25.986 1.6063e-10 0.886286 1.1283 0 0
26.046 1.6063e-10 0.886548 1.12797 0 0
26.106 1.6063e-10 0.886809 1.12764 0 0
26.166 1.6063e-10 0.887068 1.12731 0 0
26.226 1.6063e-10 0.887327 1.12698 0 0
26.286 1.6063e-10 0.887584 1.12665 0 0
26.346 1.6063e-10 0.88784 1.12633 0 0
26.406 1.6063e-10 0.888095 1.12601 0 0
26.466 1.6063e-10 0.888348 1.12568 0 0
26.526 1.6063e-10 0.888601 1.12536 0 0
26.586 1.6063e-10 0.888852 1.12505 0 0
26.646 1.6063e-10 0.889103 1.12473 0 0
26.706 1.6063e-10 0.889352 1.12441 0 0
26.766 1.6063e-10 0.8896 1.1241 0 0
26.826 1.6063e-10 0.889847 1.12379 0 0
26.886 1.6063e-10 0.890093 1.12348 0 0
26.946 1.6063e-10 0.890337 1.12317 0 0
27.006 1.6063e-10 0.890581 1.12286 0 0
27.066 1.6063e-10 0.890824 1.12256 0 0
27.126 1.6063e-10 0.891065 1.12225 0 0
27.186 1.6063e-10 0.891305 1.12195 0 0
27.246 1.6063e-10 0.891545 1.12165 0 0
27.306 1.6063e-10 0.891783 1.12135 0 0
27.366 1.6063e-10 0.89202 1.12105 0 0
27.426 1.6063e-10 0.892257 1.12075 0 0
27.486 1.6063e-10 0.892492 1.12046 0 0
27.546 1.6063e-10 0.892726 1.12016 0 0
27.606 1.6063e-10 0.892959 1.11987 0 0
27.666 1.6063e-10 0.893191 1.11958 0 0
27.726 1.6063e-10 0.893422 1.11929 0 0
27.786 1.6063e-10 0.893653 1.119 0 0
27.846 1.6063e-10 0.893882 1.11872 0 0
27.906 1.6063e-10 0.89411 1.11843 0 0
27.966 1.6063e-10 0.894337 1.11815 0 0
28.026 1.6063e-10 0.894563 1.11786 0 0
28.086 1.6063e-10 0.894788 1.11758 0 0
28.146 1.6063e-10 0.895013 1.1173 0 0
28.206 1.6063e-10 0.895236 1.11702 0 0
28.266 1.6063e-10 0.895458 1.11675 0 0
28.326 1.6063e-10 0.89568 1.11647 0 0
28.386 1.6063e-10 0.8959 1.1162 0 0
28.446 1.6063e-10 0.89612 1.11592 0 0
28.506 1.6063e-10 0.896339 1.11565 0 0
28.566 1.6063e-10 0.896556 1.11538 0 0
28.626 1.6063e-10 0.896773 1.11511 0 0
28.686 1.6063e-10 0.896989 1.11484 0 0
28.746 1.6063e-10 0.897204 1.11457 0 0
28.806 1.6063e-10 0.897418 1.11431 0 0
28.866 1.6063e-10 0.897631 1.11404 0 0
28.926 1.6063e-10 0.897844 1.11378 0 0
28.986 1.6063e-10 0.898055 1.11352 0 0
29.046 1.6063e-10 0.898266 1.11326 0 0
29.106 1.6063e-10 0.898476 1.113 0 0
29.166 1.6063e-10 0.898684 1.11274 0 0
29.226 1.6063e-10 0.898892 1.11248 0 0
29.286 1.6063e-10 0.8991 1.11222 0 0
29.346 1.6063e-10 0.899306 1.11197 0 0
29.406 1.6063e-10 0.899511 1.11171 0 0
29.466 1.6063e-10 0.899716 1.11146 0 0
29.526 1.6063e-10 0.89992 1.11121 0 0
29.586 1.6063e-10 0.900123 1.11096 0 0
29.646 1.6063e-10 0.900325 1.11071 0 0
29.706 1.6063e-10 0.900526 1.11046 0 0
29.766 1.6063e-10 0.900727 1.11021 0 0
29.826 1.6063e-10 0.900926 1.10997 0 0
29.886 1.6063e-10 0.901125 1.10972 0 0
29.946 1.6063e-10 0.901323 1.10948 0 0
30.006 1.6063e-10 0.901521 1.10924 0 0
30.066 1.6063e-10 0.901717 1.109 0 0
30.126 1.6063e-10 0.901913 1.10875 0 0
30.186 1.6063e-10 0.902108 1.10851 0 0
30.246 1.6063e-10 0.902302 1.10828 0 0
30.306 1.6063e-10 0.902496 1.10804 0 0
30.366 1.6063e-10 0.902688 1.1078 0 0
30.426 1.6063e-10 0.90288 1.10757 0 0
30.486 1.6063e-10 0.903071 1.10733 0 0
30.546 1.6063e-10 0.903262 1.1071 0 0
30.606 1.6063e-10 0.903451 1.10687 0 0
30.666 1.6063e-10 0.90364 1.10664 0 0
30.726 1.6063e-10 0.903828 1.1064 0 0
30.786 1.6063e-10 0.904016 1.10618 0 0
30.846 1.6063e-10 0.904202 1.10595 0 0
30.906 1.6063e-10 0.904388 1.10572 0 0
30.966 1.6063e-10 0.904574 1.10549 0 0
31.026 1.6063e-10 0.904758 1.10527 0 0
31.086 1.6063e-10 0.904942 1.10504 0 0
31.146 1.6063e-10 0.905125 1.10482 0 0
31.206 1.6063e-10 0.905308 1.1046 0 0
31.266 1.6063e-10 0.905489 1.10438 0 0
31.326 1.6063e-10 0.90567 1.10415 0 0
31.386 1.6063e-10 0.905851 1.10393 0 0
31.446 1.6063e-10 0.90603 1.10372 0 0
31.506 1.6063e-10 0.906209 1.1035 0 0
31.566 1.6063e-10 0.906388 1.10328 0 0
31.626 1.6063e-10 0.906565 1.10306 0 0
31.686 1.6063e-10 0.906742 1.10285 0 0
31.746 1.6063e-10 0.906918 1.10264 0 0
31.806 1.6063e-10 0.907094 1.10242 0 0
31.866 1.6063e-10 0.907269 1.10221 0 0
31.926 1.6063e-10 0.907443 1.102 0 0
31.986 1.6063e-10 0.907617 1.10179 0 0
32.046 1.6063e-10 0.90779 1.10158 0 0
32.106 1.6063e-10 0.907962 1.10137 0 0
32.166 1.6063e-10 0.908134 1.10116 0 0
32.226 1.6063e-10 0.908305 1.10095 0 0
32.286 1.6063e-10 0.908475 1.10075 0 0
32.346 1.6063e-10 0.908645 1.10054 0 0
32.406 1.6063e-10 0.908814 1.10034 0 0
32.466 1.6063e-10 0.908983 1.10013 0 0
32.526 1.6063e-10 0.90915 1.09993 0 0
32.586 1.6063e-10 0.909318 1.09973 0 0
32.646 1.6063e-10 0.909484 1.09952 0 0
32.706 1.6063e-10 0.90965 1.09932 0 0
32.766 1.6063e-10 0.909816 1.09912 0 0
32.826 1.6063e-10 0.909981 1.09892 0 0
32.886 1.6063e-10 0.910145 1.09873 0 0
32.946 1.6063e-10 0.910309 1.09853 0 0
33.006 1.6063e-10 0.910472 1.09833 0 0
33.066 1.6063e-10 0.910634 1.09814 0 0
33.126 1.6063e-10 0.910796 1.09794 0 0
33.186 1.6063e-10 0.910957 1.09775 0 0
33.246 1.6063e-10 0.911118 1.09755 0 0
33.306 1.6063e-10 0.911278 1.09736 0 0
33.366 1.6063e-10 0.911438 1.09717 0 0
33.426 1.6063e-10 0.911597 1.09698 0 0
33.486 1.6063e-10 0.911755 1.09679 0 0
33.546 1.6063e-10 0.911913 1.0966 0 0
33.606 1.6063e-10 0.91207 1.09641 0 0
33.666 1.6063e-10 0.912227 1.09622 0 0
33.726 1.6063e-10 0.912383 1.09603 0 0
33.786 1.6063e-10 0.912539 1.09584 0 0
33.846 1.6063e-10 0.912694 1.09566 0 0
33.906 1.6063e-10 0.912848 1.09547 0 0
33.966 1.6063e-10 0.913002 1.09529 0 0
34.026 1.6063e-10 0.913155 1.0951 0 0
34.086 1.6063e-10 0.913308 1.09492 0 0
34.146 1.6063e-10 0.913461 1.09474 0 0
34.206 1.6063e-10 0.913612 1.09456 0 0
34.266 1.6063e-10 0.913764 1.09437 0 0
34.326 1.6063e-10 0.913914 1.09419 0 0
34.386 1.6063e-10 0.914065 1.09401 0 0
34.446 1.6063e-10 0.914214 1.09384 0 0
34.506 1.6063e-10 0.914364 1.09366 0 0
34.566 1.6063e-10 0.914512 1.09348 0 0
34.626 1.6063e-10 0.91466 1.0933 0 0
34.686 1.6063e-10 0.914808 1.09313 0 0
34.746 1.6063e-10 0.914955 1.09295 0 0
34.806 1.6063e-10 0.915102 1.09277 0 0
34.866 1.6063e-10 0.915248 1.0926 0 0
34.926 1.6063e-10 0.915393 1.09243 0 0
34.986 1.6063e-10 0.915538 1.09225 0 0
35.046 1.6063e-10 0.915683 1.09208 0 0
35.106 1.6063e-10 0.915827 1.09191 0 0
35.166 1.6063e-10 0.915971 1.09174 0 0
35.226 1.6063e-10 0.916114 1.09157 0 0
35.286 1.6063e-10 0.916257 1.0914 0 0
35.346 1.6063e-10 0.916399 1.09123 0 0
35.406 1.6063e-10 0.91654 1.09106 0 0
35.466 1.6063e-10 0.916682 1.09089 0 0
35.526 1.6063e-10 0.916822 1.09072 0 0
35.586 1.6063e-10 0.916963 1.09056 0 0
35.646 1.6063e-10 0.917102 1.09039 0 0
35.706 1.6063e-10 0.917242 1.09023 0 0
35.766 1.6063e-10 0.91738 1.09006 0 0
35.826 1.6063e-10 0.917519 1.0899 0 0
35.886 1.6063e-10 0.917657 1.08973 0 0
35.946 1.6063e-10 0.917794 1.08957 0 0
36.006 1.6063e-10 0.917931 1.08941 0 0
36.066 1.6063e-10 0.918068 1.08924 0 0
36.126 1.6063e-10 0.918204 1.08908 0 0
36.186 1.6063e-10 0.918339 1.08892 0 0
36.246 1.6063e-10 0.918475 1.08876 0 0
36.306 1.6063e-10 0.918609 1.0886 0 0
36.366 1.6063e-10 0.918744 1.08844 0 0
36.426 1.6063e-10 0.918877 1.08828 0 0
36.486 1.6063e-10 0.919011 1.08813 0 0
36.546 1.6063e-10 0.919144 1.08797 0 0
36.606 1.6063e-10 0.919276 1.08781 0 0
36.666 1.6063e-10 0.919408 1.08766 0 0
36.726 1.6063e-10 0.91954 1.0875 0 0
36.786 1.6063e-10 0.919671 1.08734 0 0
36.846 1.6063e-10 0.919802 1.08719 0 0
36.906 1.6063e-10 0.919933 1.08704 0 0
36.966 1.6063e-10 0.920062 1.08688 0 0
37.026 1.6063e-10 0.920192 1.08673 0 0
37.086 1.6063e-10 0.920321 1.08658 0 0
37.146 1.6063e-10 0.92045 1.08643 0 0
37.206 1.6063e-10 0.920578 1.08627 0 0
37.266 1.6063e-10 0.920706 1.08612 0 0
37.326 1.6063e-10 0.920833 1.08597 0 0
37.386 1.6063e-10 0.92096 1.08582 0 0
37.446 1.6063e-10 0.921087 1.08567 0 0
37.506 1.6063e-10 0.921213 1.08552 0 0
37.566 1.6063e-10 0.921339 1.08538 0 0
37.626 1.6063e-10 0.921465 1.08523 0 0
37.686 1.6063e-10 0.92159 1.08508 0 0
37.746 1.6063e-10 0.921714 1.08493 0 0
37.806 1.6063e-10 0.921839 1.08479 0 0
37.866 1.6063e-10 0.921962 1.08464 0 0
37.926 1.6063e-10 0.922086 1.0845 0 0
37.986 1.6063e-10 0.922209 1.08435 0 0
38.046 1.6063e-10 0.922332 1.08421 0 0
38.106 1.6063e-10 0.922454 1.08406 0 0
38.166 1.6063e-10 0.922576 1.08392 0 0
38.226 1.6063e-10 0.922697 1.08378 0 0
38.286 1.6063e-10 0.922818 1.08364 0 0
38.346 1.6063e-10 0.922939 1.08349 0 0
38.406 1.6063e-10 0.92306 1.08335 0 0
38.466 1.6063e-10 0.92318 1.08321 0 0
38.526 1.6063e-10 0.923299 1.08307 0 0
38.586 1.6063e-10 0.923419 1.08293 0 0
38.646 1.6063e-10 0.923537 1.08279 0 0
38.706 1.6063e-10 0.923656 1.08265 0 0
38.766 1.6063e-10 0.923774 1.08252 0 0
38.826 1.6063e-10 0.923892 1.08238 0 0
38.886 1.6063e-10 0.924009 1.08224 0 0
38.946 1.6063e-10 0.924126 1.0821 0 0
39.006 1.6063e-10 0.924243 1.08197 0 0
39.066 1.6063e-10 0.92436 1.08183 0 0
39.126 1.6063e-10 0.924476 1.08169 0 0
39.186 1.6063e-10 0.924591 1.08156 0 0
39.246 1.6063e-10 0.924706 1.08142 0 0
39.306 1.6063e-10 0.924821 1.08129 0 0
39.366 1.6063e-10 0.924936 1.08116 0 0
39.426 1.6063e-10 0.92505 1.08102 0 0
39.486 1.6063e-10 0.925164 1.08089 0 0
39.546 1.6063e-10 0.925278 1.08076 0 0
39.606 1.6063e-10 0.925391 1.08062 0 0
39.666 1.6063e-10 0.925504 1.08049 0 0
39.726 1.6063e-10 0.925616 1.08036 0 0
39.786 1.6063e-10 0.925728 1.08023 0 0
39.846 1.6063e-10 0.92584 1.0801 0 0
39.906 1.6063e-10 0.925952 1.07997 0 0
39.966 1.6063e-10 0.926063 1.07984 0 0
40.026 1.6063e-10 0.926174 1.07971 0 0
40.086 1.6063e-10 0.926284 1.07958 0 0
40.146 1.6063e-10 0.926394 1.07945 0 0
40.206 1.6063e-10 0.926504 1.07933 0 0
40.266 1.6063e-10 0.926614 1.0792 0 0
40.326 1.6063e-10 0.926723 1.07907 0 0
40.386 1.6063e-10 0.926832 1.07894 0 0
40.446 1.6063e-10 0.92694 1.07882 0 0
40.506 1.6063e-10 0.927049 1.07869 0 0
40.566 1.6063e-10 0.927156 1.07857 0 0
40.626 1.6063e-10 0.927264 1.07844 0 0
40.686 1.6063e-10 0.927371 1.07832 0 0
40.746 1.6063e-10 0.927478 1.07819 0 0
40.806 1.6063e-10 0.927585 1.07807 0 0
40.866 1.6063e-10 0.927691 1.07794 0 0
40.926 1.6063e-10 0.927797 1.07782 0 0
40.986 1.6063e-10 0.927903 1.0777 0 0
41.046 1.6063e-10 0.928008 1.07758 0 0
41.106 1.6063e-10 0.928113 1.07745 0 0
41.166 1.6063e-10 0.928218 1.07733 0 0
41.226 1.6063e-10 0.928323 1.07721 0 0
41.286 1.6063e-10 0.928427 1.07709 0 0
41.346 1.6063e-10 0.928531 1.07697 0 0
41.406 1.6063e-10 0.928634 1.07685 0 0
41.466 1.6063e-10 0.928737 1.07673 0 0
41.526 1.6063e-10 0.92884 1.07661 0 0
41.586 1.6063e-10 0.928943 1.07649 0 0
41.646 1.6063e-10 0.929046 1.07637 0 0
41.706 1.6063e-10 0.929148 1.07626 0 0
41.766 1.6063e-10 0.929249 1.07614 0 0
41.826 1.6063e-10 0.929351 1.07602 0 0
41.886 1.6063e-10 0.929452 1.0759 0 0
41.946 1.6063e-10 0.929553 1.07579 0 0
42.006 1.6063e-10 0.929654 1.07567 0 0
42.066 1.6063e-10 0.929754 1.07555 0 0
42.126 1.6063e-10 0.929854 1.07544 0 0
42.186 1.6063e-10 0.929954 1.07532 0 0
42.246 1.6063e-10 0.930053 1.07521 0 0
42.306 1.6063e-10 0.930152 1.07509 0 0
42.366 1.6063e-10 0.930251 1.07498 0 0
42.426 1.6063e-10 0.93035 1.07486 0 0
42.486 1.6063e-10 0.930448 1.07475 0 0
42.546 1.6063e-10 0.930546 1.07464 0 0
42.606 1.6063e-10 0.930644 1.07452 0 0
42.666 1.6063e-10 0.930742 1.07441 0 0
42.726 1.6063e-10 0.930839 1.0743 0 0
42.786 1.6063e-10 0.930936 1.07419 0 0
42.846 1.6063e-10 0.931033 1.07408 0 0
42.906 1.6063e-10 0.931129 1.07396 0 0
42.966 1.6063e-10 0.931225 1.07385 0 0
43.026 1.6063e-10 0.931321 1.07374 0 0
43.086 1.6063e-10 0.931417 1.07363 0 0
43.146 1.6063e-10 0.931512 1.07352 0 0
43.206 1.6063e-10 0.931607 1.07341 0 0
43.266 1.6063e-10 0.931702 1.0733 0 0
43.326 1.6063e-10 0.931797 1.0732 0 0
43.386 1.6063e-10 0.931891 1.07309 0 0
43.446 1.6063e-10 0.931985 1.07298 0 0
43.506 1.6063e-10 0.932079 1.07287 0 0
43.566 1.6063e-10 0.932173 1.07276 0 0
43.626 1.6063e-10 0.932266 1.07266 0 0
43.686 1.6063e-10 0.932359 1.07255 0 0
43.746 1.6063e-10 0.932452 1.07244 0 0
43.806 1.6063e-10 0.932544 1.07234 0 0
43.866 1.6063e-10 0.932636 1.07223 0 0
43.926 1.6063e-10 0.932728 1.07212 0 0
43.986 1.6063e-10 0.93282 1.07202 0 0
44.046 1.6063e-10 0.932912 1.07191 0 0
44.106 1.6063e-10 0.933003 1.07181 0 0
44.166 1.6063e-10 0.933094 1.0717 0 0
44.226 1.6063e-10 0.933185 1.0716 0 0
44.286 1.6063e-10 0.933275 1.0715 0 0
44.346 1.6063e-10 0.933366 1.07139 0 0
44.406 1.6063e-10 0.933456 1.07129 0 0
44.466 1.6063e-10 0.933545 1.07119 0 0
44.526 1.6063e-10 0.933635 1.07108 0 0
44.586 1.6063e-10 0.933724 1.07098 0 0
44.646 1.6063e-10 0.933813 1.07088 0 0
44.706 1.6063e-10 0.933902 1.07078 0 0
44.766 1.6063e-10 0.933991 1.07067 0 0
44.826 1.6063e-10 0.934079 1.07057 0 0
44.886 1.6063e-10 0.934167 1.07047 0 0
44.946 1.6063e-10 0.934255 1.07037 0 0
45.006 1.6063e-10 0.934343 1.07027 0 0
45.066 1.6063e-10 0.93443 1.07017 0 0
45.126 1.6063e-10 0.934517 1.07007 0 0
45.186 1.6063e-10 0.934604 1.06997 0 0
45.246 1.6063e-10 0.934691 1.06987 0 0
45.306 1.6063e-10 0.934777 1.06977 0 0
45.366 1.6063e-10 0.934864 1.06967 0 0
45.426 1.6063e-10 0.93495 1.06958 0 0
45.486 1.6063e-10 0.935036 1.06948 0 0
45.546 1.6063e-10 0.935121 1.06938 0 0
45.606 1.6063e-10 0.935207 1.06928 0 0
45.666 1.6063e-10 0.935292 1.06919 0 0
45.726 1.6063e-10 0.935377 1.06909 0 0
45.786 1.6063e-10 0.935461 1.06899 0 0
45.846 1.6063e-10 0.935546 1.06889 0 0
45.906 1.6063e-10 0.93563 1.0688 0 0
45.966 1.6063e-10 0.935714 1.0687 0 0
46.026 1.6063e-10 0.935798 1.06861 0 0
46.086 1.6063e-10 0.935881 1.06851 0 0
46.146 1.6063e-10 0.935965 1.06842 0 0
46.206 1.6063e-10 0.936048 1.06832 0 0
46.266 1.6063e-10 0.936131 1.06823 0 0
46.326 1.6063e-10 0.936214 1.06813 0 0
46.386 1.6063e-10 0.936296 1.06804 0 0
46.446 1.6063e-10 0.936378 1.06794 0 0
46.506 1.6063e-10 0.93646 1.06785 0 0
46.566 1.6063e-10 0.936542 1.06776 0 0
46.626 1.6063e-10 0.936624 1.06766 0 0
46.686 1.6063e-10 0.936705 1.06757 0 0
46.746 1.6063e-10 0.936787 1.06748 0 0
46.806 1.6063e-10 0.936868 1.06739 0 0
46.866 1.6063e-10 0.936949 1.06729 0 0
46.926 1.6063e-10 0.937029 1.0672 0 0
46.986 1.6063e-10 0.93711 1.06711 0 0
47.046 1.6063e-10 0.93719 1.06702 0 0
47.106 1.6063e-10 0.93727 1.06693 0 0
47.166 1.6063e-10 0.93735 1.06684 0 0
47.226 1.6063e-10 0.937429 1.06675 0 0
47.286 1.6063e-10 0.937509 1.06666 0 0
47.346 1.6063e-10 0.937588 1.06657 0 0
47.406 1.6063e-10 0.937667 1.06648 0 0
47.466 1.6063e-10 0.937746 1.06639 0 0
47.526 1.6063e-10 0.937824 1.0663 0 0
47.586 1.6063e-10 0.937903 1.06621 0 0
47.646 1.6063e-10 0.937981 1.06612 0 0
47.706 1.6063e-10 0.938059 1.06603 0 0
47.766 1.6063e-10 0.938137 1.06594 0 0
47.826 1.6063e-10 0.938214 1.06585 0 0
47.886 1.6063e-10 0.938292 1.06577 0 0
47.946 1.6063e-10 0.938369 1.06568 0 0
48.006 1.6063e-10 0.938446 1.06559 0 0
48.066 1.6063e-10 0.938523 1.0655 0 0
48.126 1.6063e-10 0.938599 1.06542 0 0
48.186 1.6063e-10 0.938676 1.06533 0 0
48.246 1.6063e-10 0.938752 1.06524 0 0
48.306 1.6063e-10 0.938828 1.06516 0 0
48.366 1.6063e-10 0.938904 1.06507 0 0
48.426 1.6063e-10 0.93898 1.06499 0 0
48.486 1.6063e-10 0.939055 1.0649 0 0
48.546 1.6063e-10 0.93913 1.06481 0 0
48.606 1.6063e-10 0.939206 1.06473 0 0
48.666 1.6063e-10 0.939281 1.06464 0 0
48.726 1.6063e-10 0.939355 1.06456 0 0
48.786 1.6063e-10 0.93943 1.06448 0 0
48.846 1.6063e-10 0.939504 1.06439 0 0
48.906 1.6063e-10 0.939579 1.06431 0 0
48.966 1.6063e-10 0.939653 1.06422 0 0
49.026 1.6063e-10 0.939726 1.06414 0 0
49.086 1.6063e-10 0.9398 1.06406 0 0
49.146 1.6063e-10 0.939874 1.06397 0 0
49.206 1.6063e-10 0.939947 1.06389 0 0
49.266 1.6063e-10 0.94002 1.06381 0 0
49.326 1.6063e-10 0.940093 1.06372 0 0
49.386 1.6063e-10 0.940166 1.06364 0 0
49.446 1.6063e-10 0.940238 1.06356 0 0
49.506 1.6063e-10 0.940311 1.06348 0 0
49.566 1.6063e-10 0.940383 1.0634 0 0
49.626 1.6063e-10 0.940455 1.06331 0 0
49.686 1.6063e-10 0.940527 1.06323 0 0
49.746 1.6063e-10 0.940599 1.06315 0 0
49.806 1.6063e-10 0.94067 1.06307 0 0
49.866 1.6063e-10 0.940742 1.06299 0 0
49.926 1.6063e-10 0.940813 1.06291 0 0
49.986 1.6063e-10 0.940884 1.06283 0 0
50.046 1.6063e-10 0.940955 1.06275 0 0
50.106 1.6063e-10 0.941026 1.06267 0 0
50.166 1.6063e-10 0.941096 1.06259 0 0
50.226 1.6063e-10 0.941167 1.06251 0 0
50.286 1.6063e-10 0.941237 1.06243 0 0
50.346 1.6063e-10 0.941307 1.06235 0 0
50.406 1.6063e-10 0.941377 1.06227 0 0
50.466 1.6063e-10 0.941446 1.0622 0 0
50.526 1.6063e-10 0.941516 1.06212 0 0
50.586 1.6063e-10 0.941585 1.06204 0 0
50.646 1.6063e-10 0.941654 1.06196 0 0
50.706 1.6063e-10 0.941723 1.06188 0 0
50.766 1.6063e-10 0.941792 1.06181 0 0
50.826 1.6063e-10 0.941861 1.06173 0 0
50.886 1.6063e-10 0.94193 1.06165 0 0
50.946 1.6063e-10 0.941998 1.06157 0 0
51.006 1.6063e-10 0.942066 1.0615 0 0
51.066 1.6063e-10 0.942134 1.06142 0 0
51.126 1.6063e-10 0.942202 1.06134 0 0
51.186 1.6063e-10 0.94227 1.06127 0 0
51.246 1.6063e-10 0.942338 1.06119 0 0
51.306 1.6063e-10 0.942405 1.06111 0 0
51.366 1.6063e-10 0.942472 1.06104 0 0
51.426 1.6063e-10 0.942539 1.06096 0 0
51.486 1.6063e-10 0.942606 1.06089 0 0
51.546 1.6063e-10 0.942673 1.06081 0 0
51.606 1.6063e-10 0.94274 1.06074 0 0
51.666 1.6063e-10 0.942806 1.06066 0 0
51.726 1.6063e-10 0.942873 1.06059 0 0
51.786 1.6063e-10 0.942939 1.06051 0 0
51.846 1.6063e-10 0.943005 1.06044 0 0
51.906 1.6063e-10 0.943071 1.06037 0 0
51.966 1.6063e-10 0.943136 1.06029 0 0
52.026 1.6063e-10 0.943202 1.06022 0 0
52.086 1.6063e-10 0.943267 1.06014 0 0
52.146 1.6063e-10 0.943333 1.06007 0 0
52.206 1.6063e-10 0.943398 1.06 0 0
52.266 1.6063e-10 0.943463 1.05993 0 0
52.326 1.6063e-10 0.943528 1.05985 0 0
52.386 1.6063e-10 0.943592 1.05978 0 0
52.446 1.6063e-10 0.943657 1.05971 0 0
52.506 1.6063e-10 0.943721 1.05963 0 0
52.566 1.6063e-10 0.943786 1.05956 0 0
52.626 1.6063e-10 0.94385 1.05949 0 0
52.686 1.6063e-10 0.943914 1.05942 0 0
52.746 1.6063e-10 0.943977 1.05935 0 0
52.806 1.6063e-10 0.944041 1.05928 0 0
52.866 1.6063e-10 0.944105 1.0592 0 0
52.926 1.6063e-10 0.944168 1.05913 0 0
52.986 1.6063e-10 0.944231 1.05906 0 0
53.046 1.6063e-10 0.944294 1.05899 0 0
53.106 1.6063e-10 0.944357 1.05892 0 0
53.166 1.6063e-10 0.94442 1.05885 0 0
53.226 1.6063e-10 0.944483 1.05878 0 0
53.286 1.6063e-10 0.944545 1.05871 0 0
53.346 1.6063e-10 0.944607 1.05864 0 0
53.406 1.6063e-10 0.94467 1.05857 0 0
53.466 1.6063e-10 0.944732 1.0585 0 0
53.526 1.6063e-10 0.944794 1.05843 0 0
53.586 1.6063e-10 0.944856 1.05836 0 0
53.646 1.6063e-10 0.944917 1.05829 0 0
53.706 1.6063e-10 0.944979 1.05822 0 0
53.766 1.6063e-10 0.94504 1.05816 0 0
53.826 1.6063e-10 0.945101 1.05809 0 0
53.886 1.6063e-10 0.945163 1.05802 0 0
53.946 1.6063e-10 0.945224 1.05795 0 0
54.006 1.6063e-10 0.945284 1.05788 0 0
54.066 1.6063e-10 0.945345 1.05781 0 0
54.126 1.6063e-10 0.945406 1.05775 0 0
54.186 1.6063e-10 0.945466 1.05768 0 0
54.246 1.6063e-10 0.945526 1.05761 0 0
54.306 1.6063e-10 0.945587 1.05754 0 0
54.366 1.6063e-10 0.945647 1.05748 0 0
54.426 1.6063e-10 0.945707 1.05741 0 0
54.486 1.6063e-10 0.945766 1.05734 0 0
54.546 1.6063e-10 0.945826 1.05728 0 0
54.606 1.6063e-10 0.945886 1.05721 0 0
54.666 1.6063e-10 0.945945 1.05714 0 0
54.726 1.6063e-10 0.946004 1.05708 0 0
54.786 1.6063e-10 0.946063 1.05701 0 0
54.846 1.6063e-10 0.946122 1.05695 0 0
54.906 1.6063e-10 0.946181 1.05688 0 0
54.966 1.6063e-10 0.94624 1.05681 0 0
55.026 1.6063e-10 0.946299 1.05675 0 0
55.086 1.6063e-10 0.946357 1.05668 0 0
55.146 1.6063e-10 0.946415 1.05662 0 0
55.206 1.6063e-10 0.946474 1.05655 0 0
55.266 1.6063e-10 0.946532 1.05649 0 0
55.326 1.6063e-10 0.94659 1.05642 0 0
55.386 1.6063e-10 0.946648 1.05636 0 0
55.446 1.6063e-10 0.946705 1.05629 0 0
55.506 1.6063e-10 0.946763 1.05623 0 0
55.566 1.6063e-10 0.946821 1.05617 0 0
55.626 1.6063e-10 0.946878 1.0561 0 0
55.686 1.6063e-10 0.946935 1.05604 0 0
55.746 1.6063e-10 0.946992 1.05597 0 0
55.806 1.6063e-10 0.947049 1.05591 0 0
55.866 1.6063e-10 0.947106 1.05585 0 0
55.926 1.6063e-10 0.947163 1.05578 0 0
55.986 1.6063e-10 0.947219 1.05572 0 0
56.046 1.6063e-10 0.947276 1.05566 0 0
56.106 1.6063e-10 0.947332 1.0556 0 0
56.166 1.6063e-10 0.947389 1.05553 0 0
56.226 1.6063e-10 0.947445 1.05547 0 0
56.286 1.6063e-10 0.947501 1.05541 0 0
56.346 1.6063e-10 0.947557 1.05535 0 0
56.406 1.6063e-10 0.947612 1.05528 0 0
56.466 1.6063e-10 0.947668 1.05522 0 0
56.526 1.6063e-10 0.947724 1.05516 0 0
56.586 1.6063e-10 0.947779 1.0551 0 0
56.646 1.6063e-10 0.947834 1.05504 0 0
56.706 1.6063e-10 0.94789 1.05498 0 0
56.766 1.6063e-10 0.947945 1.05491 0 0
56.826 1.6063e-10 0.948 1.05485 0 0
56.886 1.6063e-10 0.948055 1.05479 0 0
56.946 1.6063e-10 0.948109 1.05473 0 0
57.006 1.6063e-10 0.948164 1.05467 0 0
57.066 1.6063e-10 0.948218 1.05461 0 0
57.126 1.6063e-10 0.948273 1.05455 0 0
57.186 1.6063e-10 0.948327 1.05449 0 0
57.246 1.6063e-10 0.948381 1.05443 0 0
57.306 1.6063e-10 0.948435 1.05437 0 0
57.366 1.6063e-10 0.948489 1.05431 0 0
57.426 1.6063e-10 0.948543 1.05425 0 0
57.486 1.6063e-10 0.948597 1.05419 0 0
57.546 1.6063e-10 0.94865 1.05413 0 0
57.606 1.6063e-10 0.948704 1.05407 0 0
57.666 1.6063e-10 0.948757 1.05401 0 0
57.726 1.6063e-10 0.94881 1.05395 0 0
57.786 1.6063e-10 0.948864 1.05389 0 0
57.846 1.6063e-10 0.948917 1.05383 0 0
57.906 1.6063e-10 0.94897 1.05377 0 0
57.966 1.6063e-10 0.949022 1.05372 0 0
58.026 1.6063e-10 0.949075 1.05366 0 0
58.086 1.6063e-10 0.949128 1.0536 0 0
58.146 1.6063e-10 0.94918 1.05354 0 0
58.206 1.6063e-10 0.949233 1.05348 0 0
58.266 1.6063e-10 0.949285 1.05342 0 0
58.326 1.6063e-10 0.949337 1.05337 0 0
58.386 1.6063e-10 0.949389 1.05331 0 0
58.446 1.6063e-10 0.949441 1.05325 0 0
58.506 1.6063e-10 0.949493 1.05319 0 0
58.566 1.6063e-10 0.949545 1.05314 0 0
58.626 1.6063e-10 0.949596 1.05308 0 0
58.686 1.6063e-10 0.949648 1.05302 0 0
58.746 1.6063e-10 0.949699 1.05296 0 0
58.806 1.6063e-10 0.949751 1.05291 0 0
58.866 1.6063e-10 0.949802 1.05285 0 0
58.926 1.6063e-10 0.949853 1.05279 0 0
58.986 1.6063e-10 0.949904 1.05274 0 0
59.046 1.6063e-10 0.949955 1.05268 0 0
59.106 1.6063e-10 0.950006 1.05263 0 0
59.166 1.6063e-10 0.950056 1.05257 0 0
59.226 1.6063e-10 0.950107 1.05251 0 0
59.286 1.6063e-10 0.950157 1.05246 0 0
59.346 1.6063e-10 0.950208 1.0524 0 0
59.406 1.6063e-10 0.950258 1.05235 0 0
59.466 1.6063e-10 0.950308 1.05229 0 0
59.526 1.6063e-10 0.950358 1.05223 0 0
59.586 1.6063e-10 0.950408 1.05218 0 0
59.646 1.6063e-10 0.950458 1.05212 0 0
59.706 1.6063e-10 0.950508 1.05207 0 0
59.766 1.6063e-10 0.950558 1.05201 0 0
59.826 1.6063e-10 0.950607 1.05196 0 0
59.886 1.6063e-10 0.950657 1.0519 0 0
59.946 1.6063e-10 0.950706 1.05185 0 0

