0.06 0.866469
0.006 0.04819 0.508324 1 2.56036e-05 0.000506
0.066 0.0481737 0.508412 1.00023 2.55553e-05 0.000505522
0.126 0.0481296 0.50865 1.00083 2.54256e-05 0.000504238
0.186 0.0480581 0.509035 1.00182 2.52158e-05 0.000502154
0.246 0.0479592 0.509568 1.00318 2.49276e-05 0.000499276
0.306 0.0478332 0.510248 1.0049 2.45631e-05 0.000495611
0.366 0.0476803 0.511074 1.007 2.41248e-05 0.00049117
0.426 0.0475008 0.512044 1.00946 2.3616e-05 0.000485963
0.486 0.0472951 0.513159 1.01227 2.30403e-05 0.000480003
0.546 0.0470635 0.514415 1.01544 2.24019e-05 0.000473306
0.606 0.0468064 0.515812 1.01895 2.17052e-05 0.000465889
0.666 0.0465245 0.517348 1.02278 2.09553e-05 0.000457769
0.726 0.0462181 0.519021 1.02695 2.01573e-05 0.000448969
0.786 0.045888 0.520828 1.03142 1.93167e-05 0.000439508
0.846 0.0455347 0.522767 1.0362 1.84393e-05 0.00042941
0.906 0.0451588 0.524835 1.04126 1.75309e-05 0.0004187
0.966 0.0447612 0.527031 1.0466 1.65977e-05 0.000407403
1.026 0.0443424 0.52935 1.05219 1.56456e-05 0.000395545
1.086 0.0439034 0.531789 1.05803 1.46808e-05 0.000383156
1.146 0.043445 0.534346 1.0641 1.37094e-05 0.000370262
1.206 0.0429679 0.537016 1.07038 1.27373e-05 0.000356894
1.266 0.0424731 0.539796 1.07684 1.17705e-05 0.000343081
1.326 0.0419614 0.542682 1.08348 1.08145e-05 0.000328854
1.386 0.0414338 0.54567 1.09027 9.87486e-06 0.000314243
1.446 0.0408912 0.548756 1.09719 8.95681e-06 0.000299279
1.506 0.0403346 0.551936 1.10422 8.06527e-06 0.000283994
1.566 0.039765 0.555204 1.11134 7.20485e-06 0.000268419
1.626 0.0391833 0.558557 1.11852 6.37984e-06 0.000252583
1.686 0.0385906 0.561989 1.12574 5.59415e-06 0.000236519
1.746 0.0379878 0.565496 1.13298 4.85132e-06 0.000220257
1.806 0.037376 0.569073 1.14022 4.15452e-06 0.000203826
1.866 0.0367561 0.572714 1.14742 3.50651e-06 0.000187257
1.926 0.0361291 0.576415 1.15458 2.90964e-06 0.000170577
1.986 0.0354961 0.58017 1.16165 2.3659e-06 0.000153815
2.046 0.034858 0.583975 1.16863 1.87684e-06 0.000136998
2.106 0.0342158 0.587824 1.17548 1.44367e-06 0.000120153
2.166 0.0335704 0.591712 1.18219 1.06719e-06 0.000103305
2.226 0.0329227 0.595633 1.18874 7.47848e-07 8.64782e-05
2.286 0.0322737 0.599583 1.19509 4.85764e-07 6.96968e-05
2.346 0.0316242 0.603556 1.20125 2.80719e-07 5.29829e-05
2.406 0.030975 0.607547 1.20717 1.3219e-07 3.63579e-05
2.466 0.0303271 0.611552 1.21286 3.93698e-08 1.98418e-05
2.526 0.0296811 0.615564 1.21829 1.19415e-09 3.45564e-06
2.586 0.0290379 0.619581 1.22347 0 0
2.646 0.0283981 0.623596 1.22846 0 0
2.706 0.0277624 0.627608 1.23325 0 0
2.766 0.0271314 0.631613 1.23784 0 0
2.826 0.0265057 0.635608 1.2422 0 0
2.886 0.0258859 0.63959 1.24635 0 0
2.946 0.0252725 0.643555 1.25028 0 0
3.006 0.0246659 0.647502 1.25397 0 0
3.066 0.0240665 0.651426 1.25744 0 0
3.126 0.0234749 0.655327 1.26068 0 0
3.186 0.0228913 0.659201 1.26368 0 0
3.246 0.0223161 0.663046 1.26646 0 0
3.306 0.0217496 0.666861 1.269 0 0
3.366 0.0211921 0.670643 1.27132 0 0
3.426 0.0206437 0.67439 1.27342 0 0
3.486 0.0201048 0.678101 1.2753 0 0
3.546 0.0195754 0.681775 1.27696 0 0
3.606 0.0190558 0.685409 1.27842 0 0
3.666 0.018546 0.689004 1.27967 0 0
3.726 0.0180461 0.692556 1.28072 0 0
3.786 0.0175563 0.696067 1.28158 0 0
3.846 0.0170766 0.699534 1.28226 0 0
3.906 0.0166069 0.702957 1.28275 0 0
3.966 0.0161473 0.706336 1.28308 0 0
4.026 0.0156979 0.70967 1.28324 0 0
4.086 0.0152585 0.712958 1.28324 0 0
4.146 0.0148291 0.7162 1.28309 0 0
4.206 0.0144097 0.719396 1.2828 0 0
4.266 0.0140002 0.722546 1.28238 0 0
4.326 0.0136005 0.725649 1.28183 0 0
4.386 0.0132105 0.728706 1.28115 0 0
4.446 0.0128302 0.731717 1.28036 0 0
4.506 0.0124593 0.734682 1.27947 0 0
4.566 0.0120977 0.7376 1.27847 0 0
4.626 0.0117454 0.740473 1.27739 0 0
4.686 0.0114022 0.743301 1.27621 0 0
4.746 0.011068 0.746083 1.27495 0 0
4.806 0.0107425 0.748821 1.27362 0 0
4.866 0.0104257 0.751514 1.27221 0 0
4.926 0.0101173 0.754164 1.27075 0 0
4.986 0.00981734 0.75677 1.26922 0 0
5.046 0.0095255 0.759333 1.26764 0 0
5.106 0.00924166 0.761854 1.26601 0 0
5.166 0.00896565 0.764333 1.26434 0 0
5.226 0.0086973 0.766771 1.26262 0 0
5.286 0.00843646 0.769168 1.26087 0 0
5.346 0.00818295 0.771525 1.25909 0 0
5.406 0.0079366 0.773843 1.25728 0 0
5.466 0.00769724 0.776122 1.25544 0 0
5.526 0.00746472 0.778362 1.25359 0 0
5.586 0.00723887 0.780565 1.25171 0 0
5.646 0.00701953 0.782731 1.24982 0 0
5.706 0.00680653 0.784861 1.24792 0 0
5.766 0.00659971 0.786955 1.24601 0 0
5.826 0.00639892 0.789014 1.24409 0 0
5.886 0.00620401 0.791039 1.24217 0 0
5.946 0.00601481 0.793029 1.24024 0 0
6.006 0.00583119 0.794987 1.23831 0 0
6.066 0.00565298 0.796912 1.23638 0 0
6.126 0.00548006 0.798805 1.23446 0 0
6.186 0.00531227 0.800667 1.23254 0 0
6.246 0.00514947 0.802498 1.23063 0 0
6.306 0.00499153 0.804299 1.22872 0 0
6.366 0.00483831 0.806071 1.22682 0 0
6.426 0.00468968 0.807813 1.22493 0 0
6.486 0.00454552 0.809527 1.22305 0 0
6.546 0.0044057 0.811214 1.22118 0 0
6.606 0.00427009 0.812873 1.21932 0 0
6.666 0.00413857 0.814505 1.21748 0 0
6.726 0.00401103 0.816111 1.21565 0 0
6.786 0.00388736 0.817692 1.21384 0 0
6.846 0.00376743 0.819247 1.21204 0 0
6.906 0.00365115 0.820778 1.21026 0 0
6.966 0.00353841 0.822285 1.20849 0 0
7.026 0.00342909 0.823768 1.20674 0 0
7.086 0.00332311 0.825228 1.205 0 0
7.146 0.00322037 0.826665 1.20329 0 0
7.206 0.00312076 0.82808 1.20159 0 0
7.266 0.0030242 0.829474 1.19991 0 0
7.326 0.0029306 0.830846 1.19824 0 0
7.386 0.00283986 0.832197 1.1966 0 0
7.446 0.0027519 0.833527 1.19497 0 0
7.506 0.00266665 0.834838 1.19336 0 0
7.566 0.00258401 0.836129 1.19177 0 0
7.626 0.0025039 0.837401 1.19019 0 0
7.686 0.00242626 0.838654 1.18864 0 0
7.746 0.00235101 0.839888 1.1871 0 0
7.806 0.00227808 0.841105 1.18559 0 0
7.866 0.00220739 0.842303 1.18409 0 0
7.926 0.00213887 0.843485 1.1826 0 0
7.986 0.00207247 0.844649 1.18114 0 0
8.046 0.00200812 0.845796 1.1797 0 0
8.106 0.00194574 0.846928 1.17827 0 0
8.166 0.0018853 0.848043 1.17686 0 0
8.226 0.00182672 0.849142 1.17547 0 0
8.286 0.00176994 0.850226 1.17409 0 0
8.346 0.00171492 0.851295 1.17274 0 0
8.406 0.0016616 0.85235 1.1714 0 0
8.466 0.00160992 0.853389 1.17007 0 0
8.526 0.00155984 0.854415 1.16877 0 0
8.586 0.00151131 0.855426 1.16748 0 0
8.646 0.00146427 0.856424 1.1662 0 0
8.706 0.00141869 0.857408 1.16495 0 0
8.766 0.00137452 0.858379 1.16371 0 0
8.826 0.00133171 0.859338 1.16248 0 0
8.886 0.00129023 0.860283 1.16127 0 0
8.946 0.00125002 0.861216 1.16008 0 0
9.006 0.00121106 0.862137 1.1589 0 0
9.066 0.0011733 0.863046 1.15774 0 0
9.126 0.00113671 0.863943 1.15659 0 0
9.186 0.00110125 0.864829 1.15546 0 0
9.246 0.00106688 0.865703 1.15434 0 0
9.306 0.00103358 0.866567 1.15324 0 0
9.366 0.0010013 0.867419 1.15215 0 0
9.426 0.000970017 0.868261 1.15107 0 0
9.486 0.0009397 0.869092 1.15001 0 0
9.546 0.000910319 0.869913 1.14896 0 0
9.606 0.000881844 0.870723 1.14792 0 0
9.666 0.000854246 0.871524 1.1469 0 0
9.726 0.000827499 0.872315 1.14589 0 0
9.786 0.000801576 0.873096 1.14489 0 0
9.846 0.000776452 0.873868 1.14391 0 0
9.906 0.000752101 0.874631 1.14293 0 0
9.966 0.000728498 0.875385 1.14197 0 0
10.026 0.000705622 0.876129 1.14103 0 0
10.086 0.000683449 0.876865 1.14009 0 0
10.146 0.000661957 0.877592 1.13916 0 0
10.206 0.000641125 0.878311 1.13825 0 0
10.266 0.000620932 0.879021 1.13735 0 0
10.326 0.000601359 0.879724 1.13646 0 0
10.386 0.000582385 0.880418 1.13558 0 0
10.446 0.000563992 0.881104 1.13471 0 0
10.506 0.000546162 0.881782 1.13385 0 0
10.566 0.000528877 0.882453 1.133 0 0
10.626 0.00051212 0.883116 1.13216 0 0
10.686 0.000495874 0.883772 1.13133 0 0
10.746 0.000480124 0.88442 1.13051 0 0
10.806 0.000464854 0.885062 1.1297 0 0
10.866 0.000450048 0.885696 1.12891 0 0
10.926 0.000435692 0.886323 1.12812 0 0
10.986 0.000421772 0.886944 1.12733 0 0
11.046 0.000408274 0.887558 1.12656 0 0
11.106 0.000395185 0.888165 1.1258 0 0
11.166 0.000382491 0.888765 1.12505 0 0
11.226 0.000370181 0.88936 1.1243 0 0
11.286 0.000358242 0.889948 1.12357 0 0
11.346 0.000346662 0.89053 1.12284 0 0
11.406 0.00033543 0.891105 1.12212 0 0
11.466 0.000324535 0.891675 1.12141 0 0
11.526 0.000313966 0.892239 1.1207 0 0
11.586 0.000303713 0.892796 1.12001 0 0
11.646 0.000293766 0.893349 1.11932 0 0
11.706 0.000284115 0.893895 1.11864 0 0
11.766 0.00027475 0.894436 1.11797 0 0
11.826 0.000265662 0.894972 1.1173 0 0
11.886 0.000256843 0.895502 1.11664 0 0
11.946 0.000248283 0.896027 1.11599 0 0
12.006 0.000239975 0.896546 1.11535 0 0
12.066 0.00023191 0.89706 1.11471 0 0
12.126 0.00022408 0.89757 1.11408 0 0
12.186 0.000216478 0.898074 1.11346 0 0
12.246 0.000209096 0.898573 1.11284 0 0
12.306 0.000201927 0.899068 1.11223 0 0
12.366 0.000194965 0.899558 1.11163 0 0
12.426 0.000188202 0.900043 1.11103 0 0
12.486 0.000181631 0.900523 1.11044 0 0
12.546 0.000175247 0.900999 1.10986 0 0
12.606 0.000169044 0.90147 1.10928 0 0
12.666 0.000163014 0.901937 1.1087 0 0
12.726 0.000157153 0.902399 1.10814 0 0
12.786 0.000151455 0.902857 1.10758 0 0
12.846 0.000145914 0.903311 1.10702 0 0
12.906 0.000140525 0.90376 1.10647 0 0
12.966 0.000135283 0.904205 1.10593 0 0
13.026 0.000130183 0.904647 1.10539 0 0
13.086 0.000125219 0.905084 1.10486 0 0
13.146 0.000120388 0.905517 1.10433 0 0
13.206 0.000115685 0.905946 1.10381 0 0
13.266 0.000111104 0.906372 1.10329 0 0
13.326 0.000106642 0.906793 1.10278 0 0
13.386 0.000102295 0.907211 1.10227 0 0
13.446 9.80585e-05 0.907625 1.10177 0 0
13.506 9.39282e-05 0.908036 1.10127 0 0
13.566 8.99005e-05 0.908443 1.10078 0 0
13.626 8.59716e-05 0.908846 1.10029 0 0
13.686 8.21378e-05 0.909245 1.09981 0 0
13.746 7.83956e-05 0.909642 1.09933 0 0
13.806 7.47415e-05 0.910034 1.09886 0 0
13.866 7.1172e-05 0.910424 1.09839 0 0
13.926 6.7684e-05 0.91081 1.09792 0 0
13.986 6.42741e-05 0.911192 1.09746 0 0
14.046 6.09393e-05 0.911572 1.097 0 0
14.106 5.76765e-05 0.911948 1.09655 0 0
14.166 5.44827e-05 0.912321 1.0961 0 0
14.226 5.1355e-05 0.912691 1.09566 0 0
14.286 4.82907e-05 0.913057 1.09522 0 0
14.346 4.52869e-05 0.913421 1.09478 0 0
14.406 4.23409e-05 0.913782 1.09435 0 0
14.466 3.94502e-05 0.914139 1.09392 0 0
14.526 3.66121e-05 0.914494 1.0935 0 0
14.586 3.38241e-05 0.914846 1.09308 0 0
14.646 3.10838e-05 0.915195 1.09266 0 0
14.706 2.83888e-05 0.915541 1.09225 0 0
14.766 2.57367e-05 0.915884 1.09184 0 0
14.826 2.31252e-05 0.916224 1.09144 0 0
14.886 2.0552e-05 0.916562 1.09103 0 0
14.946 1.8015e-05 0.916897 1.09063 0 0
15.006 1.55119e-05 0.917229 1.09024 0 0
15.066 1.30407e-05 0.917559 1.08985 0 0
15.126 1.05992e-05 0.917886 1.08946 0 0
15.186 8.18546e-06 0.91821 1.08907 0 0
15.246 5.79735e-06 0.918532 1.08869 0 0
15.306 3.43291e-06 0.918852 1.08831 0 0
15.366 1.09021e-06 0.919169 1.08794 0 0
15.426 4.819e-10 0.919483 1.08757 0 0
15.486 4.819e-10 0.919795 1.0872 0 0
15.546 4.819e-10 0.920105 1.08683 0 0
15.606 4.819e-10 0.920412 1.08647 0 0
15.666 4.819e-10 0.920717 1.08611 0 0
15.726 4.819e-10 0.921019 1.08575 0 0
15.786 4.819e-10 0.921319 1.0854 0 0
15.846 4.819e-10 0.921617 1.08505 0 0
15.906 4.819e-10 0.921913 1.0847 0 0
15.966 4.819e-10 0.922206 1.08436 0 0
16.026 4.819e-10 0.922498 1.08401 0 0
16.086 4.819e-10 0.922787 1.08367 0 0
16.146 4.819e-10 0.923074 1.08334 0 0
16.206 4.819e-10 0.923358 1.083 0 0
16.266 4.819e-10 0.923641 1.08267 0 0
16.326 4.819e-10 0.923922 1.08234 0 0
16.386 4.819e-10 0.9242 1.08202 0 0
16.446 4.819e-10 0.924477 1.08169 0 0
16.506 4.819e-10 0.924751 1.08137 0 0
16.566 4.819e-10 0.925024 1.08105 0 0
16.626 4.819e-10 0.925294 1.08074 0 0
16.686 4.819e-10 0.925563 1.08042 0 0
16.746 4.819e-10 0.92583 1.08011 0 0
16.806 4.819e-10 0.926095 1.0798 0 0
16.866 4.819e-10 0.926357 1.0795 0 0
16.926 4.819e-10 0.926619 1.07919 0 0
16.986 4.819e-10 0.926878 1.07889 0 0
17.046 4.819e-10 0.927135 1.07859 0 0
17.106 4.819e-10 0.927391 1.07829 0 0
17.166 4.819e-10 0.927644 1.078 0 0
17.226 4.819e-10 0.927896 1.07771 0 0
17.286 4.819e-10 0.928147 1.07742 0 0
17.346 4.819e-10 0.928395 1.07713 0 0
17.406 4.819e-10 0.928642 1.07684 0 0
17.466 4.819e-10 0.928887 1.07656 0 0
17.526 4.819e-10 0.929131 1.07627 0 0
17.586 4.819e-10 0.929373 1.07599 0 0
17.646 4.819e-10 0.929613 1.07572 0 0
17.706 4.819e-10 0.929851 1.07544 0 0
17.766 4.819e-10 0.930088 1.07517 0 0
17.826 4.819e-10 0.930323 1.0749 0 0
17.886 4.819e-10 0.930557 1.07463 0 0
17.946 4.819e-10 0.930789 1.07436 0 0
18.006 4.819e-10 0.93102 1.07409 0 0
18.066 4.819e-10 0.931249 1.07383 0 0
18.126 4.819e-10 0.931477 1.07356 0 0
18.186 4.819e-10 0.931703 1.0733 0 0
18.246 4.819e-10 0.931927 1.07305 0 0
18.306 4.819e-10 0.93215 1.07279 0 0
18.366 4.819e-10 0.932372 1.07253 0 0
18.426 4.819e-10 0.932592 1.07228 0 0
18.486 4.819e-10 0.932811 1.07203 0 0
18.546 4.819e-10 0.933028 1.07178 0 0
18.606 4.819e-10 0.933244 1.07153 0 0
18.666 4.819e-10 0.933459 1.07128 0 0
18.726 4.819e-10 0.933672 1.07104 0 0
18.786 4.819e-10 0.933884 1.0708 0 0
18.846 4.819e-10 0.934095 1.07056 0 0
18.906 4.819e-10 0.934304 1.07032 0 0
18.966 4.819e-10 0.934511 1.07008 0 0
19.026 4.819e-10 0.934718 1.06984 0 0
19.086 4.819e-10 0.934923 1.06961 0 0
19.146 4.819e-10 0.935127 1.06937 0 0
19.206 4.819e-10 0.93533 1.06914 0 0
19.266 4.819e-10 0.935531 1.06891 0 0
19.326 4.819e-10 0.935731 1.06868 0 0
19.386 4.819e-10 0.93593 1.06846 0 0
19.446 4.819e-10 0.936128 1.06823 0 0
19.506 4.819e-10 0.936324 1.06801 0 0
19.566 4.819e-10 0.93652 1.06778 0 0
19.626 4.819e-10 0.936714 1.06756 0 0
19.686 4.819e-10 0.936907 1.06734 0 0
19.746 4.819e-10 0.937098 1.06712 0 0
19.806 4.819e-10 0.937289 1.06691 0 0
19.866 4.819e-10 0.937478 1.06669 0 0
19.926 4.819e-10 0.937667 1.06648 0 0
19.986 4.819e-10 0.937854 1.06626 0 0
20.046 4.819e-10 0.93804 1.06605 0 0
20.106 4.819e-10 0.938225 1.06584 0 0
20.166 4.819e-10 0.938408 1.06563 0 0
20.226 4.819e-10 0.938591 1.06543 0 0
20.286 4.819e-10 0.938773 1.06522 0 0
20.346 4.819e-10 0.938953 1.06502 0 0
20.406 4.819e-10 0.939133 1.06481 0 0
20.466 4.819e-10 0.939311 1.06461 0 0
20.526 4.819e-10 0.939489 1.06441 0 0
20.586 4.819e-10 0.939665 1.06421 0 0
20.646 4.819e-10 0.93984 1.06401 0 0
20.706 4.819e-10 0.940015 1.06381 0 0
20.766 4.819e-10 0.940188 1.06362 0 0
20.826 4.819e-10 0.94036 1.06342 0 0
20.886 4.819e-10 0.940532 1.06323 0 0
20.946 4.819e-10 0.940702 1.06304 0 0
21.006 4.819e-10 0.940871 1.06284 0 0
21.066 4.819e-10 0.94104 1.06265 0 0
21.126 4.819e-10 0.941207 1.06247 0 0
21.186 4.819e-10 0.941374 1.06228 0 0
21.246 4.819e-10 0.941539 1.06209 0 0
21.306 4.819e-10 0.941704 1.0619 0 0
21.366 4.819e-10 0.941868 1.06172 0 0
21.426 4.819e-10 0.94203 1.06154 0 0
21.486 4.819e-10 0.942192 1.06135 0 0
21.546 4.819e-10 0.942353 1.06117 0 0
21.606 4.819e-10 0.942513 1.06099 0 0
21.666 4.819e-10 0.942673 1.06081 0 0
21.726 4.819e-10 0.942831 1.06064 0 0
21.786 4.819e-10 0.942988 1.06046 0 0
21.846 4.819e-10 0.943145 1.06028 0 0
21.906 4.819e-10 0.943301 1.06011 0 0
21.966 4.819e-10 0.943456 1.05993 0 0
22.026 4.819e-10 0.94361 1.05976 0 0
22.086 4.819e-10 0.943763 1.05959 0 0
22.146 4.819e-10 0.943915 1.05942 0 0
22.206 4.819e-10 0.944067 1.05925 0 0
22.266 4.819e-10 0.944217 1.05908 0 0
22.326 4.819e-10 0.944367 1.05891 0 0
22.386 4.819e-10 0.944516 1.05874 0 0
22.446 4.819e-10 0.944665 1.05858 0 0
22.506 4.819e-10 0.944812 1.05841 0 0
22.566 4.819e-10 0.944959 1.05825 0 0
22.626 4.819e-10 0.945105 1.05808 0 0
22.686 4.819e-10 0.94525 1.05792 0 0
22.746 4.819e-10 0.945395 1.05776 0 0
22.806 4.819e-10 0.945538 1.0576 0 0
22.866 4.819e-10 0.945681 1.05744 0 0
22.926 4.819e-10 0.945823 1.05728 0 0
22.986 4.819e-10 0.945965 1.05712 0 0
23.046 4.819e-10 0.946105 1.05696 0 0
23.106 4.819e-10 0.946245 1.05681 0 0
23.166 4.819e-10 0.946385 1.05665 0 0
23.226 4.819e-10 0.946523 1.0565 0 0
23.286 4.819e-10 0.946661 1.05634 0 0
23.346 4.819e-10 0.946798 1.05619 0 0
23.406 4.819e-10 0.946934 1.05604 0 0
23.466 4.819e-10 0.94707 1.05589 0 0
23.526 4.819e-10 0.947205 1.05574 0 0
23.586 4.819e-10 0.947339 1.05559 0 0
23.646 4.819e-10 0.947473 1.05544 0 0
23.706 4.819e-10 0.947606 1.05529 0 0
23.766 4.819e-10 0.947738 1.05514 0 0
23.826 4.819e-10 0.94787 1.055 0 0
23.886 4.819e-10 0.948001 1.05485 0 0
23.946 4.819e-10 0.948131 1.05471 0 0
24.006 4.819e-10 0.948261 1.05456 0 0
24.066 4.819e-10 0.94839 1.05442 0 0
24.126 4.819e-10 0.948518 1.05428 0 0
24.186 4.819e-10 0.948646 1.05413 0 0
24.246 4.819e-10 0.948773 1.05399 0 0
24.306 4.819e-10 0.948899 1.05385 0 0
24.366 4.819e-10 0.949025 1.05371 0 0
24.426 4.819e-10 0.94915 1.05357 0 0
24.486 4.819e-10 0.949275 1.05344 0 0
24.546 4.819e-10 0.949399 1.0533 0 0
24.606 4.819e-10 0.949522 1.05316 0 0
24.666 4.819e-10 0.949645 1.05303 0 0
24.726 4.819e-10 0.949767 1.05289 0 0
24.786 4.819e-10 0.949889 1.05275 0 0
24.846 4.819e-10 0.95001 1.05262 0 0
24.906 4.819e-10 0.95013 1.05249 0 0
24.966 4.819e-10 0.95025 1.05235 0 0
25.026 4.819e-10 0.950369 1.05222 0 0
25.086 4.819e-10 0.950488 1.05209 0 0
25.146 4.819e-10 0.950606 1.05196 0 0
25.206 4.819e-10 0.950724 1.05183 0 0
25.266 4.819e-10 0.950841 1.0517 0 0
25.326 4.819e-10 0.950957 1.05157 0 0
25.386 4.819e-10 0.951073 1.05144 0 0
25.446 4.819e-10 0.951189 1.05132 0 0
25.506 4.819e-10 0.951303 1.05119 0 0
25.566 4.819e-10 0.951418 1.05106 0 0
25.626 4.819e-10 0.951531 1.05094 0 0
25.686 4.819e-10 0.951645 1.05081 0 0
25.746 4.819e-10 0.951757 1.05069 0 0
25.806 4.819e-10 0.95187 1.05056 0 0
25.866 4.819e-10 0.951981 1.05044 0 0
25.926 4.819e-10 0.952092 1.05032 0 0
25.986 4.819e-10 0.952203 1.0502 0 0
26.046 4.819e-10 0.952313 1.05007 0 0
26.106 4.819e-10 0.952423 1.04995 0 0
26.166 4.819e-10 0.952532 1.04983 0 0
26.226 4.819e-10 0.95264 1.04971 0 0
26.286 4.819e-10 0.952748 1.0496 0 0
26.346 4.819e-10 0.952856 1.04948 0 0
26.406 4.819e-10 0.952963 1.04936 0 0
26.466 4.819e-10 0.95307 1.04924 0 0
26.526 4.819e-10 0.953176 1.04912 0 0
26.586 4.819e-10 0.953282 1.04901 0 0
26.646 4.819e-10 0.953387 1.04889 0 0
26.706 4.819e-10 0.953492 1.04878 0 0
26.766 4.819e-10 0.953596 1.04866 0 0
26.826 4.819e-10 0.9537 1.04855 0 0
26.886 4.819e-10 0.953803 1.04843 0 0
26.946 4.819e-10 0.953906 1.04832 0 0
27.006 4.819e-10 0.954008 1.04821 0 0
27.066 4.819e-10 0.95411 1.0481 0 0
27.126 4.819e-10 0.954212 1.04799 0 0
27.186 4.819e-10 0.954313 1.04787 0 0
27.246 4.819e-10 0.954413 1.04776 0 0
27.306 4.819e-10 0.954513 1.04765 0 0
27.366 4.819e-10 0.954613 1.04754 0 0
27.426 4.819e-10 0.954713 1.04744 0 0
27.486 4.819e-10 0.954811 1.04733 0 0
27.546 4.819e-10 0.95491 1.04722 0 0
27.606 4.819e-10 0.955008 1.04711 0 0
27.666 4.819e-10 0.955105 1.047 0 0
27.726 4.819e-10 0.955203 1.0469 0 0
27.786 4.819e-10 0.955299 1.04679 0 0
27.846 4.819e-10 0.955396 1.04669 0 0
27.906 4.819e-10 0.955491 1.04658 0 0
27.966 4.819e-10 0.955587 1.04648 0 0
28.026 4.819e-10 0.955682 1.04637 0 0
28.086 4.819e-10 0.955777 1.04627 0 0
28.146 4.819e-10 0.955871 1.04617 0 0
28.206 4.819e-10 0.955965 1.04606 0 0
28.266 4.819e-10 0.956058 1.04596 0 0
28.326 4.819e-10 0.956151 1.04586 0 0
28.386 4.819e-10 0.956244 1.04576 0 0
28.446 4.819e-10 0.956336 1.04566 0 0
28.506 4.819e-10 0.956428 1.04556 0 0
28.566 4.819e-10 0.95652 1.04546 0 0
28.626 4.819e-10 0.956611 1.04536 0 0
28.686 4.819e-10 0.956702 1.04526 0 0
28.746 4.819e-10 0.956792 1.04516 0 0
28.806 4.819e-10 0.956882 1.04506 0 0
28.866 4.819e-10 0.956972 1.04496 0 0
28.926 4.819e-10 0.957061 1.04487 0 0
28.986 4.819e-10 0.95715 1.04477 0 0
29.046 4.819e-10 0.957238 1.04467 0 0
29.106 4.819e-10 0.957326 1.04458 0 0
29.166 4.819e-10 0.957414 1.04448 0 0
29.226 4.819e-10 0.957502 1.04438 0 0
29.286 4.819e-10 0.957589 1.04429 0 0
29.346 4.819e-10 0.957675 1.0442 0 0
29.406 4.819e-10 0.957762 1.0441 0 0
29.466 4.819e-10 0.957848 1.04401 0 0
29.526 4.819e-10 0.957934 1.04391 0 0
29.586 4.819e-10 0.958019 1.04382 0 0
29.646 4.819e-10 0.958104 1.04373 0 0
29.706 4.819e-10 0.958188 1.04364 0 0
29.766 4.819e-10 0.958273 1.04354 0 0
29.826 4.819e-10 0.958357 1.04345 0 0
29.886 4.819e-10 0.95844 1.04336 0 0
29.946 4.819e-10 0.958524 1.04327 0 0
30.006 4.819e-10 0.958606 1.04318 0 0
30.066 4.819e-10 0.958689 1.04309 0 0
30.126 4.819e-10 0.958771 1.043 0 0
30.186 4.819e-10 0.958853 1.04291 0 0
30.246 4.819e-10 0.958935 1.04282 0 0
30.306 4.819e-10 0.959016 1.04274 0 0
30.366 4.819e-10 0.959097 1.04265 0 0
30.426 4.819e-10 0.959178 1.04256 0 0
30.486 4.819e-10 0.959258 1.04247 0 0
30.546 4.819e-10 0.959338 1.04239 0 0
30.606 4.819e-10 0.959418 1.0423 0 0
30.666 4.819e-10 0.959497 1.04221 0 0
30.726 4.819e-10 0.959576 1.04213 0 0
30.786 4.819e-10 0.959655 1.04204 0 0
30.846 4.819e-10 0.959734 1.04196 0 0
30.906 4.819e-10 0.959812 1.04187 0 0
30.966 4.819e-10 0.95989 1.04179 0 0
31.026 4.819e-10 0.959967 1.0417 0 0
31.086 4.819e-10 0.960045 1.04162 0 0
31.146 4.819e-10 0.960122 1.04153 0 0
31.206 4.819e-10 0.960198 1.04145 0 0
31.266 4.819e-10 0.960275 1.04137 0 0
31.326 4.819e-10 0.960351 1.04129 0 0
31.386 4.819e-10 0.960426 1.0412 0 0
31.446 4.819e-10 0.960502 1.04112 0 0
31.506 4.819e-10 0.960577 1.04104 0 0
31.566 4.819e-10 0.960652 1.04096 0 0
31.626 4.819e-10 0.960727 1.04088 0 0
31.686 4.819e-10 0.960801 1.0408 0 0
31.746 4.819e-10 0.960875 1.04072 0 0
31.806 4.819e-10 0.960949 1.04064 0 0
31.866 4.819e-10 0.961023 1.04056 0 0
31.926 4.819e-10 0.961096 1.04048 0 0
31.986 4.819e-10 0.961169 1.0404 0 0
32.046 4.819e-10 0.961241 1.04032 0 0
32.106 4.819e-10 0.961314 1.04024 0 0
32.166 4.819e-10 0.961386 1.04016 0 0
32.226 4.819e-10 0.961458 1.04009 0 0
32.286 4.819e-10 0.96153 1.04001 0 0
32.346 4.819e-10 0.961601 1.03993 0 0
32.406 4.819e-10 0.961672 1.03986 0 0
32.466 4.819e-10 0.961743 1.03978 0 0
32.526 4.819e-10 0.961813 1.0397 0 0
32.586 4.819e-10 0.961884 1.03963 0 0
32.646 4.819e-10 0.961954 1.03955 0 0
32.706 4.819e-10 0.962024 1.03948 0 0
32.766 4.819e-10 0.962093 1.0394 0 0
32.826 4.819e-10 0.962162 1.03933 0 0
32.886 4.819e-10 0.962231 1.03925 0 0
32.946 4.819e-10 0.9623 1.03918 0 0
33.006 4.819e-10 0.962369 1.0391 0 0
33.066 4.819e-10 0.962437 1.03903 0 0
33.126 4.819e-10 0.962505 1.03896 0 0
33.186 4.819e-10 0.962573 1.03888 0 0
33.246 4.819e-10 0.96264 1.03881 0 0
33.306 4.819e-10 0.962708 1.03874 0 0
33.366 4.819e-10 0.962775 1.03866 0 0
33.426 4.819e-10 0.962842 1.03859 0 0
33.486 4.819e-10 0.962908 1.03852 0 0
33.546 4.819e-10 0.962975 1.03845 0 0
33.606 4.819e-10 0.963041 1.03838 0 0
33.666 4.819e-10 0.963107 1.03831 0 0
33.726 4.819e-10 0.963172 1.03824 0 0
33.786 4.819e-10 0.963238 1.03817 0 0
33.846 4.819e-10 0.963303 1.0381 0 0
33.906 4.819e-10 0.963368 1.03803 0 0
33.966 4.819e-10 0.963432 1.03796 0 0
34.026 4.819e-10 0.963497 1.03789 0 0
34.086 4.819e-10 0.963561 1.03782 0 0
34.146 4.819e-10 0.963625 1.03775 0 0
34.206 4.819e-10 0.963689 1.03768 0 0
34.266 4.819e-10 0.963753 1.03761 0 0
34.326 4.819e-10 0.963816 1.03754 0 0
34.386 4.819e-10 0.963879 1.03747 0 0
34.446 4.819e-10 0.963942 1.03741 0 0
34.506 4.819e-10 0.964005 1.03734 0 0
34.566 4.819e-10 0.964067 1.03727 0 0
34.626 4.819e-10 0.964129 1.03721 0 0
34.686 4.819e-10 0.964191 1.03714 0 0
34.746 4.819e-10 0.964253 1.03707 0 0
34.806 4.819e-10 0.964315 1.03701 0 0
34.866 4.819e-10 0.964376 1.03694 0 0
34.926 4.819e-10 0.964438 1.03687 0 0
34.986 4.819e-10 0.964499 1.03681 0 0
35.046 4.819e-10 0.964559 1.03674 0 0
35.106 4.819e-10 0.96462 1.03668 0 0
35.166 4.819e-10 0.96468 1.03661 0 0
35.226 4.819e-10 0.96474 1.03655 0 0
35.286 4.819e-10 0.9648 1.03648 0 0
35.346 4.819e-10 0.96486 1.03642 0 0
35.406 4.819e-10 0.96492 1.03636 0 0
35.466 4.819e-10 0.964979 1.03629 0 0
35.526 4.819e-10 0.965038 1.03623 0 0
35.586 4.819e-10 0.965097 1.03617 0 0
35.646 4.819e-10 0.965156 1.0361 0 0
35.706 4.819e-10 0.965214 1.03604 0 0
35.766 4.819e-10 0.965273 1.03598 0 0
35.826 4.819e-10 0.965331 1.03591 0 0
35.886 4.819e-10 0.965389 1.03585 0 0
35.946 4.819e-10 0.965447 1.03579 0 0
36.006 4.819e-10 0.965504 1.03573 0 0
36.066 4.819e-10 0.965562 1.03567 0 0
36.126 4.819e-10 0.965619 1.03561 0 0
36.186 4.819e-10 0.965676 1.03554 0 0
36.246 4.819e-10 0.965733 1.03548 0 0
36.306 4.819e-10 0.965789 1.03542 0 0
36.366 4.819e-10 0.965846 1.03536 0 0
36.426 4.819e-10 0.965902 1.0353 0 0
36.486 4.819e-10 0.965958 1.03524 0 0
36.546 4.819e-10 0.966014 1.03518 0 0
36.606 4.819e-10 0.96607 1.03512 0 0
36.666 4.819e-10 0.966125 1.03506 0 0
36.726 4.819e-10 0.966181 1.035 0 0
36.786 4.819e-10 0.966236 1.03494 0 0
36.846 4.819e-10 0.966291 1.03489 0 0
36.906 4.819e-10 0.966345 1.03483 0 0
36.966 4.819e-10 0.9664 1.03477 0 0
37.026 4.819e-10 0.966455 1.03471 0 0
37.086 4.819e-10 0.966509 1.03465 0 0
37.146 4.819e-10 0.966563 1.03459 0 0
37.206 4.819e-10 0.966617 1.03454 0 0
37.266 4.819e-10 0.966671 1.03448 0 0
37.326 4.819e-10 0.966724 1.03442 0 0
37.386 4.819e-10 0.966778 1.03436 0 0
37.446 4.819e-10 0.966831 1.03431 0 0
37.506 4.819e-10 0.966884 1.03425 0 0
37.566 4.819e-10 0.966937 1.03419 0 0
37.626 4.819e-10 0.966989 1.03414 0 0
37.686 4.819e-10 0.967042 1.03408 0 0
37.746 4.819e-10 0.967094 1.03403 0 0
37.806 4.819e-10 0.967147 1.03397 0 0
37.866 4.819e-10 0.967199 1.03391 0 0
37.926 4.819e-10 0.967251 1.03386 0 0
37.986 4.819e-10 0.967302 1.0338 0 0
38.046 4.819e-10 0.967354 1.03375 0 0
38.106 4.819e-10 0.967405 1.03369 0 0
38.166 4.819e-10 0.967457 1.03364 0 0
38.226 4.819e-10 0.967508 1.03358 0 0
38.286 4.819e-10 0.967559 1.03353 0 0
38.346 4.819e-10 0.967609 1.03348 0 0
38.406 4.819e-10 0.96766 1.03342 0 0
38.466 4.819e-10 0.96771 1.03337 0 0
38.526 4.819e-10 0.967761 1.03331 0 0
38.586 4.819e-10 0.967811 1.03326 0 0
38.646 4.819e-10 0.967861 1.03321 0 0
38.706 4.819e-10 0.967911 1.03315 0 0
38.766 4.819e-10 0.96796 1.0331 0 0
38.826 4.819e-10 0.96801 1.03305 0 0
38.886 4.819e-10 0.968059 1.03299 0 0
38.946 4.819e-10 0.968108 1.03294 0 0
39.006 4.819e-10 0.968157 1.03289 0 0
39.066 4.819e-10 0.968206 1.03284 0 0
39.126 4.819e-10 0.968255 1.03279 0 0
39.186 4.819e-10 0.968304 1.03273 0 0
39.246 4.819e-10 0.968352 1.03268 0 0
39.306 4.819e-10 0.9684 1.03263 0 0
39.366 4.819e-10 0.968449 1.03258 0 0
39.426 4.819e-10 0.968497 1.03253 0 0
39.486 4.819e-10 0.968544 1.03248 0 0
39.546 4.819e-10 0.968592 1.03243 0 0
39.606 4.819e-10 0.96864 1.03238 0 0
39.666 4.819e-10 0.968687 1.03233 0 0
39.726 4.819e-10 0.968734 1.03227 0 0
39.786 4.819e-10 0.968782 1.03222 0 0
39.846 4.819e-10 0.968829 1.03217 0 0
39.906 4.819e-10 0.968875 1.03212 0 0
39.966 4.819e-10 0.968922 1.03207 0 0
40.026 4.819e-10 0.968969 1.03202 0 0
40.086 4.819e-10 0.969015 1.03198 0 0
40.146 4.819e-10 0.969062 1.03193 0 0
40.206 4.819e-10 0.969108 1.03188 0 0
40.266 4.819e-10 0.969154 1.03183 0 0
40.326 4.819e-10 0.9692 1.03178 0 0
40.386 4.819e-10 0.969245 1.03173 0 0
40.446 4.819e-10 0.969291 1.03168 0 0
40.506 4.819e-10 0.969337 1.03163 0 0
40.566 4.819e-10 0.969382 1.03159 0 0
40.626 4.819e-10 0.969427 1.03154 0 0
40.686 4.819e-10 0.969472 1.03149 0 0
40.746 4.819e-10 0.969517 1.03144 0 0
40.806 4.819e-10 0.969562 1.03139 0 0
40.866 4.819e-10 0.969607 1.03135 0 0
40.926 4.819e-10 0.969651 1.0313 0 0
40.986 4.819e-10 0.969696 1.03125 0 0
41.046 4.819e-10 0.96974 1.0312 0 0
41.106 4.819e-10 0.969784 1.03116 0 0
41.166 4.819e-10 0.969828 1.03111 0 0
41.226 4.819e-10 0.969872 1.03106 0 0
41.286 4.819e-10 0.969916 1.03102 0 0
41.346 4.819e-10 0.969959 1.03097 0 0
41.406 4.819e-10 0.970003 1.03092 0 0
41.466 4.819e-10 0.970046 1.03088 0 0
41.526 4.819e-10 0.97009 1.03083 0 0
41.586 4.819e-10 0.970133 1.03079 0 0
41.646 4.819e-10 0.970176 1.03074 0 0
41.706 4.819e-10 0.970219 1.0307 0 0
41.766 4.819e-10 0.970262 1.03065 0 0
41.826 4.819e-10 0.970304 1.0306 0 0
41.886 4.819e-10 0.970347 1.03056 0 0
41.946 4.819e-10 0.970389 1.03051 0 0
42.006 4.819e-10 0.970431 1.03047 0 0
42.066 4.819e-10 0.970474 1.03042 0 0
42.126 4.819e-10 0.970516 1.03038 0 0
42.186 4.819e-10 0.970558 1.03034 0 0
42.246 4.819e-10 0.970599 1.03029 0 0
42.306 4.819e-10 0.970641 1.03025 0 0
42.366 4.819e-10 0.970683 1.0302 0 0
42.426 4.819e-10 0.970724 1.03016 0 0
42.486 4.819e-10 0.970766 1.03011 0 0
42.546 4.819e-10 0.970807 1.03007 0 0
42.606 4.819e-10 0.970848 1.03003 0 0
42.666 4.819e-10 0.970889 1.02998 0 0
42.726 4.819e-10 0.97093 1.02994 0 0
42.786 4.819e-10 0.970971 1.0299 0 0
42.846 4.819e-10 0.971011 1.02985 0 0
42.906 4.819e-10 0.971052 1.02981 0 0
42.966 4.819e-10 0.971092 1.02977 0 0
43.026 4.819e-10 0.971132 1.02973 0 0
43.086 4.819e-10 0.971173 1.02968 0 0
43.146 4.819e-10 0.971213 1.02964 0 0
43.206 4.819e-10 0.971253 1.0296 0 0
43.266 4.819e-10 0.971293 1.02956 0 0
43.326 4.819e-10 0.971332 1.02951 0 0
43.386 4.819e-10 0.971372 1.02947 0 0
43.446 4.819e-10 0.971412 1.02943 0 0
43.506 4.819e-10 0.971451 1.02939 0 0
43.566 4.819e-10 0.97149 1.02935 0 0
43.626 4.819e-10 0.971529 1.0293 0 0
43.686 4.819e-10 0.971569 1.02926 0 0
43.746 4.819e-10 0.971608 1.02922 0 0
43.806 4.819e-10 0.971646 1.02918 0 0
43.866 4.819e-10 0.971685 1.02914 0 0
43.926 4.819e-10 0.971724 1.0291 0 0
43.986 4.819e-10 0.971762 1.02906 0 0
44.046 4.819e-10 0.971801 1.02902 0 0
44.106 4.819e-10 0.971839 1.02898 0 0
44.166 4.819e-10 0.971878 1.02894 0 0
44.226 4.819e-10 0.971916 1.0289 0 0
44.286 4.819e-10 0.971954 1.02886 0 0
44.346 4.819e-10 0.971992 1.02882 0 0
44.406 4.819e-10 0.97203 1.02878 0 0
44.466 4.819e-10 0.972067 1.02874 0 0
44.526 4.819e-10 0.972105 1.0287 0 0
44.586 4.819e-10 0.972142 1.02866 0 0
44.646 4.819e-10 0.97218 1.02862 0 0
44.706 4.819e-10 0.972217 1.02858 0 0
44.766 4.819e-10 0.972255 1.02854 0 0
44.826 4.819e-10 0.972292 1.0285 0 0
44.886 4.819e-10 0.972329 1.02846 0 0
44.946 4.819e-10 0.972366 1.02842 0 0
45.006 4.819e-10 0.972402 1.02838 0 0
45.066 4.819e-10 0.972439 1.02834 0 0
45.126 4.819e-10 0.972476 1.0283 0 0
45.186 4.819e-10 0.972512 1.02826 0 0
45.246 4.819e-10 0.972549 1.02823 0 0
45.306 4.819e-10 0.972585 1.02819 0 0
45.366 4.819e-10 0.972621 1.02815 0 0
45.426 4.819e-10 0.972658 1.02811 0 0
45.486 4.819e-10 0.972694 1.02807 0 0
45.546 4.819e-10 0.97273 1.02803 0 0
45.606 4.819e-10 0.972766 1.028 0 0
45.666 4.819e-10 0.972801 1.02796 0 0
45.726 4.819e-10 0.972837 1.02792 0 0
45.786 4.819e-10 0.972873 1.02788 0 0
45.846 4.819e-10 0.972908 1.02785 0 0
45.906 4.819e-10 0.972944 1.02781 0 0
45.966 4.819e-10 0.972979 1.02777 0 0
46.026 4.819e-10 0.973014 1.02773 0 0
46.086 4.819e-10 0.973049 1.0277 0 0
46.146 4.819e-10 0.973084 1.02766 0 0
46.206 4.819e-10 0.973119 1.02762 0 0
46.266 4.819e-10 0.973154 1.02759 0 0
46.326 4.819e-10 0.973189 1.02755 0 0
46.386 4.819e-10 0.973223 1.02751 0 0
46.446 4.819e-10 0.973258 1.02748 0 0
46.506 4.819e-10 0.973293 1.02744 0 0
46.566 4.819e-10 0.973327 1.0274 0 0
46.626 4.819e-10 0.973361 1.02737 0 0
46.686 4.819e-10 0.973396 1.02733 0 0
46.746 4.819e-10 0.97343 1.0273 0 0
46.806 4.819e-10 0.973464 1.02726 0 0
46.866 4.819e-10 0.973498 1.02722 0 0
46.926 4.819e-10 0.973532 1.02719 0 0
46.986 4.819e-10 0.973565 1.02715 0 0
47.046 4.819e-10 0.973599 1.02712 0 0
47.106 4.819e-10 0.973633 1.02708 0 0
47.166 4.819e-10 0.973666 1.02705 0 0
47.226 4.819e-10 0.9737 1.02701 0 0
47.286 4.819e-10 0.973733 1.02698 0 0
47.346 4.819e-10 0.973766 1.02694 0 0
47.406 4.819e-10 0.9738 1.02691 0 0
47.466 4.819e-10 0.973833 1.02687 0 0
47.526 4.819e-10 0.973866 1.02684 0 0
47.586 4.819e-10 0.973899 1.0268 0 0
47.646 4.819e-10 0.973932 1.02677 0 0
47.706 4.819e-10 0.973964 1.02673 0 0
47.766 4.819e-10 0.973997 1.0267 0 0
47.826 4.819e-10 0.97403 1.02666 0 0
47.886 4.819e-10 0.974062 1.02663 0 0
47.946 4.819e-10 0.974095 1.02659 0 0
48.006 4.819e-10 0.974127 1.02656 0 0
48.066 4.819e-10 0.974159 1.02653 0 0
48.126 4.819e-10 0.974192 1.02649 0 0
48.186 4.819e-10 0.974224 1.02646 0 0
48.246 4.819e-10 0.974256 1.02642 0 0
48.306 4.819e-10 0.974288 1.02639 0 0
48.366 4.819e-10 0.97432 1.02636 0 0
48.426 4.819e-10 0.974351 1.02632 0 0
48.486 4.819e-10 0.974383 1.02629 0 0
48.546 4.819e-10 0.974415 1.02626 0 0
48.606 4.819e-10 0.974446 1.02622 0 0
48.666 4.819e-10 0.974478 1.02619 0 0
48.726 4.819e-10 0.974509 1.02616 0 0
48.786 4.819e-10 0.974541 1.02612 0 0
48.846 4.819e-10 0.974572 1.02609 0 0
48.906 4.819e-10 0.974603 1.02606 0 0
48.966 4.819e-10 0.974634 1.02603 0 0
49.026 4.819e-10 0.974665 1.02599 0 0
49.086 4.819e-10 0.974696 1.02596 0 0
49.146 4.819e-10 0.974727 1.02593 0 0
49.206 4.819e-10 0.974758 1.0259 0 0
49.266 4.819e-10 0.974789 1.02586 0 0
49.326 4.819e-10 0.974819 1.02583 0 0
49.386 4.819e-10 0.97485 1.0258 0 0
49.446 4.819e-10 0.974881 1.02577 0 0
49.506 4.819e-10 0.974911 1.02573 0 0
49.566 4.819e-10 0.974941 1.0257 0 0
49.626 4.819e-10 0.974972 1.02567 0 0
49.686 4.819e-10 0.975002 1.02564 0 0
49.746 4.819e-10 0.975032 1.02561 0 0
49.806 4.819e-10 0.975062 1.02558 0 0
49.866 4.819e-10 0.975092 1.02554 0 0
49.926 4.819e-10 0.975122 1.02551 0 0
49.986 4.819e-10 0.975152 1.02548 0 0
50.046 4.819e-10 0.975182 1.02545 0 0
50.106 4.819e-10 0.975211 1.02542 0 0
50.166 4.819e-10 0.975241 1.02539 0 0
50.226 4.819e-10 0.975271 1.02536 0 0
50.286 4.819e-10 0.9753 1.02533 0 0
50.346 4.819e-10 0.97533 1.02529 0 0
50.406 4.819e-10 0.975359 1.02526 0 0
50.466 4.819e-10 0.975388 1.02523 0 0
50.526 4.819e-10 0.975418 1.0252 0 0
50.586 4.819e-10 0.975447 1.02517 0 0
50.646 4.819e-10 0.975476 1.02514 0 0
50.706 4.819e-10 0.975505 1.02511 0 0
50.766 4.819e-10 0.975534 1.02508 0 0
50.826 4.819e-10 0.975563 1.02505 0 0
50.886 4.819e-10 0.975591 1.02502 0 0
50.946 4.819e-10 0.97562 1.02499 0 0
51.006 4.819e-10 0.975649 1.02496 0 0
51.066 4.819e-10 0.975677 1.02493 0 0
51.126 4.819e-10 0.975706 1.0249 0 0
51.186 4.819e-10 0.975734 1.02487 0 0
51.246 4.819e-10 0.975763 1.02484 0 0
51.306 4.819e-10 0.975791 1.02481 0 0
51.366 4.819e-10 0.97582 1.02478 0 0
51.426 4.819e-10 0.975848 1.02475 0 0
51.486 4.819e-10 0.975876 1.02472 0 0
51.546 4.819e-10 0.975904 1.02469 0 0
51.606 4.819e-10 0.975932 1.02466 0 0
51.666 4.819e-10 0.97596 1.02463 0 0
51.726 4.819e-10 0.975988 1.0246 0 0
51.786 4.819e-10 0.976016 1.02457 0 0
51.846 4.819e-10 0.976043 1.02454 0 0
51.906 4.819e-10 0.976071 1.02452 0 0
51.966 4.819e-10 0.976099 1.02449 0 0
52.026 4.819e-10 0.976126 1.02446 0 0
52.086 4.819e-10 0.976154 1.02443 0 0
52.146 4.819e-10 0.976181 1.0244 0 0
52.206 4.819e-10 0.976209 1.02437 0 0
52.266 4.819e-10 0.976236 1.02434 0 0
52.326 4.819e-10 0.976263 1.02431 0 0
52.386 4.819e-10 0.97629 1.02429 0 0
52.446 4.819e-10 0.976317 1.02426 0 0
52.506 4.819e-10 0.976345 1.02423 0 0
52.566 4.819e-10 0.976372 1.0242 0 0
52.626 4.819e-10 0.976398 1.02417 0 0
52.686 4.819e-10 0.976425 1.02414 0 0
52.746 4.819e-10 0.976452 1.02412 0 0
52.806 4.819e-10 0.976479 1.02409 0 0
52.866 4.819e-10 0.976506 1.02406 0 0
52.926 4.819e-10 0.976532 1.02403 0 0
52.986 4.819e-10 0.976559 1.024 0 0
53.046 4.819e-10 0.976585 1.02398 0 0
53.106 4.819e-10 0.976612 1.02395 0 0
53.166 4.819e-10 0.976638 1.02392 0 0
53.226 4.819e-10 0.976665 1.02389 0 0
53.286 4.819e-10 0.976691 1.02387 0 0
53.346 4.819e-10 0.976717 1.02384 0 0
53.406 4.819e-10 0.976743 1.02381 0 0
53.466 4.819e-10 0.976769 1.02378 0 0
53.526 4.819e-10 0.976795 1.02376 0 0
53.586 4.819e-10 0.976821 1.02373 0 0
53.646 4.819e-10 0.976847 1.0237 0 0
53.706 4.819e-10 0.976873 1.02367 0 0
53.766 4.819e-10 0.976899 1.02365 0 0
53.826 4.819e-10 0.976925 1.02362 0 0
53.886 4.819e-10 0.97695 1.02359 0 0
53.946 4.819e-10 0.976976 1.02357 0 0
54.006 4.819e-10 0.977002 1.02354 0 0
54.066 4.819e-10 0.977027 1.02351 0 0
54.126 4.819e-10 0.977053 1.02349 0 0
54.186 4.819e-10 0.977078 1.02346 0 0
54.246 4.819e-10 0.977103 1.02343 0 0
54.306 4.819e-10 0.977129 1.02341 0 0
54.366 4.819e-10 0.977154 1.02338 0 0
54.426 4.819e-10 0.977179 1.02335 0 0
54.486 4.819e-10 0.977204 1.02333 0 0
54.546 4.819e-10 0.977229 1.0233 0 0
54.606 4.819e-10 0.977254 1.02328 0 0
54.666 4.819e-10 0.977279 1.02325 0 0
54.726 4.819e-10 0.977304 1.02322 0 0
54.786 4.819e-10 0.977329 1.0232 0 0
54.846 4.819e-10 0.977354 1.02317 0 0
54.906 4.819e-10 0.977379 1.02315 0 0
54.966 4.819e-10 0.977403 1.02312 0 0
55.026 4.819e-10 0.977428 1.02309 0 0
55.086 4.819e-10 0.977452 1.02307 0 0
55.146 4.819e-10 0.977477 1.02304 0 0
55.206 4.819e-10 0.977501 1.02302 0 0
55.266 4.819e-10 0.977526 1.02299 0 0
55.326 4.819e-10 0.97755 1.02297 0 0
55.386 4.819e-10 0.977575 1.02294 0 0
55.446 4.819e-10 0.977599 1.02291 0 0
55.506 4.819e-10 0.977623 1.02289 0 0
55.566 4.819e-10 0.977647 1.02286 0 0
55.626 4.819e-10 0.977671 1.02284 0 0
55.686 4.819e-10 0.977695 1.02281 0 0
55.746 4.819e-10 0.977719 1.02279 0 0
55.806 4.819e-10 0.977743 1.02276 0 0
55.866 4.819e-10 0.977767 1.02274 0 0
55.926 4.819e-10 0.977791 1.02271 0 0
55.986 4.819e-10 0.977815 1.02269 0 0
56.046 4.819e-10 0.977839 1.02266 0 0
56.106 4.819e-10 0.977862 1.02264 0 0
56.166 4.819e-10 0.977886 1.02261 0 0
56.226 4.819e-10 0.97791 1.02259 0 0
56.286 4.819e-10 0.977933 1.02256 0 0
56.346 4.819e-10 0.977957 1.02254 0 0
56.406 4.819e-10 0.97798 1.02252 0 0
56.466 4.819e-10 0.978003 1.02249 0 0
56.526 4.819e-10 0.978027 1.02247 0 0
56.586 4.819e-10 0.97805 1.02244 0 0
56.646 4.819e-10 0.978073 1.02242 0 0
56.706 4.819e-10 0.978097 1.02239 0 0
56.766 4.819e-10 0.97812 1.02237 0 0
56.826 4.819e-10 0.978143 1.02235 0 0
56.886 4.819e-10 0.978166 1.02232 0 0
56.946 4.819e-10 0.978189 1.0223 0 0
57.006 4.819e-10 0.978212 1.02227 0 0
57.066 4.819e-10 0.978235 1.02225 0 0
57.126 4.819e-10 0.978258 1.02223 0 0
57.186 4.819e-10 0.97828 1.0222 0 0
57.246 4.819e-10 0.978303 1.02218 0 0
57.306 4.819e-10 0.978326 1.02215 0 0
57.366 4.819e-10 0.978349 1.02213 0 0
57.426 4.819e-10 0.978371 1.02211 0 0
57.486 4.819e-10 0.978394 1.02208 0 0
57.546 4.819e-10 0.978416 1.02206 0 0
57.606 4.819e-10 0.978439 1.02204 0 0
57.666 4.819e-10 0.978461 1.02201 0 0
57.726 4.819e-10 0.978484 1.02199 0 0
57.786 4.819e-10 0.978506 1.02197 0 0
57.846 4.819e-10 0.978528 1.02194 0 0
57.906 4.819e-10 0.97855 1.02192 0 0
57.966 4.819e-10 0.978573 1.0219 0 0
58.026 4.819e-10 0.978595 1.02187 0 0
58.086 4.819e-10 0.978617 1.02185 0 0
58.146 4.819e-10 0.978639 1.02183 0 0
58.206 4.819e-10 0.978661 1.0218 0 0
58.266 4.819e-10 0.978683 1.02178 0 0
58.326 4.819e-10 0.978705 1.02176 0 0
58.386 4.819e-10 0.978727 1.02174 0 0
58.446 4.819e-10 0.978749 1.02171 0 0
58.506 4.819e-10 0.97877 1.02169 0 0
58.566 4.819e-10 0.978792 1.02167 0 0
58.626 4.819e-10 0.978814 1.02164 0 0
58.686 4.819e-10 0.978836 1.02162 0 0
58.746 4.819e-10 0.978857 1.0216 0 0
58.806 4.819e-10 0.978879 1.02158 0 0
58.866 4.819e-10 0.9789 1.02155 0 0
58.926 4.819e-10 0.978922 1.02153 0 0
58.986 4.819e-10 0.978943 1.02151 0 0
59.046 4.819e-10 0.978965 1.02149 0 0
59.106 4.819e-10 0.978986 1.02147 0 0
59.166 4.819e-10 0.979007 1.02144 0 0
59.226 4.819e-10 0.979029 1.02142 0 0
59.286 4.819e-10 0.97905 1.0214 0 0
59.346 4.819e-10 0.979071 1.02138 0 0
59.406 4.819e-10 0.979092 1.02135 0 0
59.466 4.819e-10 0.979113 1.02133 0 0
59.526 4.819e-10 0.979134 1.02131 0 0
59.586 4.819e-10 0.979155 1.02129 0 0
59.646 4.819e-10 0.979176 1.02127 0 0
59.706 4.819e-10 0.979197 1.02124 0 0
59.766 4.819e-10 0.979218 1.02122 0 0
59.826 4.819e-10 0.979239 1.0212 0 0
59.886 4.819e-10 0.97926 1.02118 0 0
59.946 4.819e-10 0.97928 1.02116 0 0

