0.12 0.552428
0.012 0.005354 0.191689 1 0.00125599 0.003544
0.132 0.00534501 0.191809 1.00071 0.00125411 0.00354134
0.252 0.00532077 0.19213 1.00259 0.00124904 0.00353418
0.372 0.00528158 0.192654 1.00566 0.00124085 0.00352257
0.492 0.00522776 0.19338 1.0099 0.00122959 0.00350655
0.612 0.00515974 0.19431 1.01533 0.00121534 0.00348617
0.732 0.00507805 0.195445 1.02195 0.00119819 0.00346149
0.852 0.00498334 0.196787 1.02977 0.00117827 0.00343259
0.972 0.00487634 0.198338 1.03879 0.0011557 0.00339956
1.092 0.00475788 0.200101 1.04903 0.00113063 0.00336249
1.212 0.00462884 0.202077 1.06048 0.00110324 0.0033215
1.332 0.00449022 0.204269 1.07316 0.00107369 0.00327672
1.452 0.00434301 0.206681 1.08707 0.00104218 0.00322828
1.572 0.00418831 0.209316 1.10221 0.00100891 0.00317633
1.692 0.00402721 0.212177 1.1186 0.000974077 0.00312102
1.812 0.00386083 0.215267 1.13622 0.000937902 0.00306252
1.932 0.00369031 0.218591 1.15508 0.000900597 0.00300099
2.052 0.00351676 0.222151 1.17516 0.00086238 0.00293663
2.172 0.00334132 0.22595 1.19647 0.000823467 0.00286961
2.292 0.00316505 0.229994 1.21897 0.000784074 0.00280013
2.412 0.00298901 0.234283 1.24265 0.000744411 0.00272839
2.532 0.00281419 0.238823 1.26748 0.000704683 0.00265459
2.652 0.00264153 0.243615 1.29341 0.000665089 0.00257893
2.772 0.00247191 0.248661 1.32039 0.000625816 0.00250163
2.892 0.00230613 0.253964 1.34836 0.000587043 0.0024229
3.012 0.00214492 0.259525 1.37726 0.000548938 0.00234294
3.132 0.00198892 0.265344 1.40698 0.000511656 0.00226198
3.252 0.00183867 0.271421 1.43743 0.000475339 0.00218023
3.372 0.00169466 0.277755 1.4685 0.000440113 0.00209789
3.492 0.00155725 0.284343 1.50004 0.000406093 0.00201517
3.612 0.00142675 0.291183 1.53193 0.000373375 0.00193229
3.732 0.00130336 0.29827 1.56398 0.000342044 0.00184944
3.852 0.0011872 0.305598 1.59603 0.000312166 0.00176682
3.972 0.00107833 0.31316 1.62789 0.000283796 0.00168462
4.092 0.00097672 0.320947 1.65936 0.000256969 0.00160303
4.212 0.000882286 0.32895 1.69021 0.000231712 0.00152221
4.332 0.000794879 0.337157 1.72024 0.000208034 0.00144234
4.452 0.0007143 0.345555 1.74923 0.000185933 0.00136357
4.572 0.000640307 0.35413 1.77694 0.000165395 0.00128606
4.692 0.000572619 0.362865 1.80315 0.000146394 0.00120994
4.812 0.00051093 0.371744 1.82767 0.000128897 0.00113533
4.932 0.000454907 0.380748 1.85028 0.000112858 0.00106235
5.052 0.000404206 0.389858 1.87079 9.82279e-05 0.0009911
5.172 0.000358474 0.399053 1.88905 8.49481e-05 0.000921673
5.292 0.000317354 0.408313 1.90491 7.29562e-05 0.000854144
5.412 0.000280493 0.417615 1.91825 6.21855e-05 0.000788578
5.532 0.000247543 0.426938 1.92899 5.25664e-05 0.000725027
5.652 0.000218168 0.43626 1.93706 4.40275e-05 0.000663532
5.772 0.000192047 0.445558 1.94243 3.64964e-05 0.000604122
5.892 0.000168874 0.454812 1.94511 2.99007e-05 0.000546816
6.012 0.00014836 0.464001 1.94512 2.4169e-05 0.00049162
6.132 0.000130235 0.473103 1.94252 1.92311e-05 0.000438533
6.252 0.000114252 0.482101 1.93739 1.50191e-05 0.000387545
6.372 0.000100178 0.490975 1.92983 1.14674e-05 0.000338636
6.492 8.78051e-05 0.499708 1.91996 8.51354e-06 0.00029178
6.612 7.69403e-05 0.508285 1.90793 6.09813e-06 0.000246944
6.732 6.74105e-05 0.51669 1.89388 4.16527e-06 0.00020409
6.852 5.90597e-05 0.524911 1.87796 2.66261e-06 0.000163175
6.972 5.17475e-05 0.532937 1.86036 1.54136e-06 0.000124151
7.092 4.53488e-05 0.540756 1.84122 7.56363e-07 8.69691e-05
7.212 3.97523e-05 0.54836 1.82072 2.65996e-07 5.15748e-05
7.332 3.4859e-05 0.555742 1.79902 3.20901e-08 1.79137e-05
7.452 3.05815e-05 0.562896 1.77653 0 0
7.572 2.68416e-05 0.569823 1.75493 0 0
7.692 2.35701e-05 0.576534 1.7345 0 0
7.812 2.07068e-05 0.583039 1.71515 0 0
7.932 1.81995e-05 0.589347 1.69679 0 0
8.052 1.60028e-05 0.595467 1.67935 0 0
8.172 1.40772e-05 0.601407 1.66277 0 0
8.292 1.23884e-05 0.607175 1.64697 0 0
8.412 1.09067e-05 0.612779 1.63191 0 0
8.532 9.60599e-06 0.618225 1.61753 0 0
8.652 8.46365e-06 0.62352 1.6038 0 0
8.772 7.45996e-06 0.628671 1.59066 0 0
8.892 6.5777e-06 0.633682 1.57808 0 0
9.012 5.80185e-06 0.638559 1.56602 0 0
9.132 5.11929e-06 0.643309 1.55446 0 0
9.252 4.51856e-06 0.647935 1.54336 0 0
9.372 3.98964e-06 0.652443 1.5327 0 0
9.492 3.52376e-06 0.656837 1.52245 0 0
9.612 3.11326e-06 0.661121 1.51258 0 0
9.732 2.75141e-06 0.6653 1.50308 0 0
9.852 2.43235e-06 0.669377 1.49393 0 0
9.972 2.1509e-06 0.673355 1.4851 0 0
10.092 1.90255e-06 0.677239 1.47658 0 0
10.212 1.68333e-06 0.681032 1.46836 0 0
10.332 1.48976e-06 0.684737 1.46042 0 0
10.452 1.31878e-06 0.688356 1.45274 0 0
10.572 1.16771e-06 0.691893 1.44531 0 0
10.692 1.03418e-06 0.695351 1.43812 0 0
10.812 9.16129e-07 0.698733 1.43116 0 0
10.932 8.11722e-07 0.70204 1.42442 0 0
11.052 7.19354e-07 0.705275 1.41789 0 0
11.172 6.37612e-07 0.708441 1.41155 0 0
11.292 5.65251e-07 0.711539 1.4054 0 0
11.412 5.01174e-07 0.714572 1.39944 0 0
11.532 4.44412e-07 0.717542 1.39365 0 0
11.652 3.94115e-07 0.720451 1.38802 0 0
11.772 3.49529e-07 0.723301 1.38255 0 0
11.892 3.09992e-07 0.726093 1.37723 0 0
12.012 2.74917e-07 0.728829 1.37206 0 0
12.132 2.43786e-07 0.731512 1.36703 0 0
12.252 2.16144e-07 0.734141 1.36214 0 0
12.372 1.91585e-07 0.73672 1.35737 0 0
12.492 1.69751e-07 0.739249 1.35272 0 0
12.612 1.50328e-07 0.74173 1.3482 0 0
12.732 1.33034e-07 0.744164 1.34379 0 0
12.852 1.17622e-07 0.746553 1.33949 0 0
12.972 1.0387e-07 0.748897 1.3353 0 0
13.092 9.15847e-08 0.751199 1.33121 0 0
13.212 8.05912e-08 0.753459 1.32721 0 0
13.332 7.07354e-08 0.755678 1.32332 0 0
13.452 6.18795e-08 0.757857 1.31951 0 0
13.572 5.39008e-08 0.759998 1.31579 0 0
13.692 4.66894e-08 0.762102 1.31216 0 0
13.812 4.01468e-08 0.764169 1.30861 0 0
13.932 3.41844e-08 0.7662 1.30514 0 0
14.052 2.87224e-08 0.768197 1.30175 0 0
14.172 2.36884e-08 0.770159 1.29843 0 0
14.292 1.90165e-08 0.772089 1.29519 0 0
14.412 1.46464e-08 0.773987 1.29201 0 0
14.532 1.05226e-08 0.775853 1.2889 0 0
14.652 6.59344e-09 0.777689 1.28586 0 0
14.772 2.81076e-09 0.779495 1.28288 0 0
14.892 5.354e-11 0.781272 1.27996 0 0
15.012 5.354e-11 0.78302 1.27711 0 0
15.132 5.354e-11 0.784741 1.27431 0 0
15.252 5.354e-11 0.786434 1.27156 0 0
15.372 5.354e-11 0.788102 1.26887 0 0
15.492 5.354e-11 0.789743 1.26623 0 0
15.612 5.354e-11 0.791359 1.26365 0 0
15.732 5.354e-11 0.792951 1.26111 0 0
15.852 5.354e-11 0.794518 1.25862 0 0
15.972 5.354e-11 0.796062 1.25618 0 0
16.092 5.354e-11 0.797583 1.25379 0 0
16.212 5.354e-11 0.799081 1.25144 0 0
16.332 5.354e-11 0.800557 1.24913 0 0
16.452 5.354e-11 0.802012 1.24686 0 0
16.572 5.354e-11 0.803445 1.24464 0 0
16.692 5.354e-11 0.804858 1.24245 0 0
16.812 5.354e-11 0.806251 1.24031 0 0
16.932 5.354e-11 0.807624 1.2382 0 0
17.052 5.354e-11 0.808978 1.23613 0 0
17.172 5.354e-11 0.810313 1.23409 0 0
17.292 5.354e-11 0.81163 1.23209 0 0
17.412 5.354e-11 0.812928 1.23012 0 0
17.532 5.354e-11 0.814208 1.22819 0 0
17.652 5.354e-11 0.815471 1.22628 0 0
17.772 5.354e-11 0.816717 1.22441 0 0
17.892 5.354e-11 0.817946 1.22257 0 0
18.012 5.354e-11 0.819159 1.22076 0 0
18.132 5.354e-11 0.820356 1.21898 0 0
18.252 5.354e-11 0.821537 1.21723 0 0
18.372 5.354e-11 0.822703 1.21551 0 0
18.492 5.354e-11 0.823853 1.21381 0 0
18.612 5.354e-11 0.824989 1.21214 0 0
18.732 5.354e-11 0.82611 1.21049 0 0
18.852 5.354e-11 0.827217 1.20887 0 0
18.972 5.354e-11 0.82831 1.20728 0 0
19.092 5.354e-11 0.829389 1.20571 0 0
19.212 5.354e-11 0.830455 1.20416 0 0
19.332 5.354e-11 0.831507 1.20264 0 0
19.452 5.354e-11 0.832547 1.20113 0 0
19.572 5.354e-11 0.833573 1.19965 0 0
19.692 5.354e-11 0.834588 1.1982 0 0
19.812 5.354e-11 0.835589 1.19676 0 0
19.932 5.354e-11 0.836579 1.19534 0 0
20.052 5.354e-11 0.837557 1.19395 0 0
20.172 5.354e-11 0.838524 1.19257 0 0
20.292 5.354e-11 0.839478 1.19122 0 0
20.412 5.354e-11 0.840422 1.18988 0 0
20.532 5.354e-11 0.841355 1.18856 0 0
20.652 5.354e-11 0.842277 1.18726 0 0
20.772 5.354e-11 0.843188 1.18598 0 0
20.892 5.354e-11 0.844089 1.18471 0 0
21.012 5.354e-11 0.844979 1.18346 0 0
21.132 5.354e-11 0.845859 1.18223 0 0
21.252 5.354e-11 0.84673 1.18101 0 0
21.372 5.354e-11 0.84759 1.17982 0 0
21.492 5.354e-11 0.848441 1.17863 0 0
21.612 5.354e-11 0.849283 1.17746 0 0
21.732 5.354e-11 0.850115 1.17631 0 0
21.852 5.354e-11 0.850938 1.17517 0 0
21.972 5.354e-11 0.851752 1.17405 0 0
22.092 5.354e-11 0.852557 1.17294 0 0
22.212 5.354e-11 0.853354 1.17185 0 0
22.332 5.354e-11 0.854142 1.17077 0 0
22.452 5.354e-11 0.854922 1.1697 0 0
22.572 5.354e-11 0.855693 1.16864 0 0
22.692 5.354e-11 0.856456 1.1676 0 0
22.812 5.354e-11 0.857211 1.16657 0 0
22.932 5.354e-11 0.857958 1.16556 0 0
23.052 5.354e-11 0.858698 1.16455 0 0
23.172 5.354e-11 0.859429 1.16356 0 0
23.292 5.354e-11 0.860154 1.16258 0 0
23.412 5.354e-11 0.86087 1.16162 0 0
23.532 5.354e-11 0.86158 1.16066 0 0
23.652 5.354e-11 0.862282 1.15971 0 0
23.772 5.354e-11 0.862977 1.15878 0 0
23.892 5.354e-11 0.863666 1.15786 0 0
24.012 5.354e-11 0.864347 1.15694 0 0
24.132 5.354e-11 0.865021 1.15604 0 0
24.252 5.354e-11 0.865689 1.15515 0 0
24.372 5.354e-11 0.866351 1.15427 0 0
24.492 5.354e-11 0.867005 1.1534 0 0
24.612 5.354e-11 0.867654 1.15253 0 0
24.732 5.354e-11 0.868296 1.15168 0 0
24.852 5.354e-11 0.868932 1.15084 0 0
24.972 5.354e-11 0.869562 1.15 0 0
25.092 5.354e-11 0.870186 1.14918 0 0
25.212 5.354e-11 0.870803 1.14836 0 0
25.332 5.354e-11 0.871416 1.14756 0 0
25.452 5.354e-11 0.872022 1.14676 0 0
25.572 5.354e-11 0.872622 1.14597 0 0
25.692 5.354e-11 0.873217 1.14519 0 0
25.812 5.354e-11 0.873807 1.14442 0 0
25.932 5.354e-11 0.874391 1.14365 0 0
26.052 5.354e-11 0.874969 1.1429 0 0
26.172 5.354e-11 0.875542 1.14215 0 0
26.292 5.354e-11 0.876111 1.14141 0 0
26.412 5.354e-11 0.876673 1.14068 0 0
26.532 5.354e-11 0.877231 1.13995 0 0
26.652 5.354e-11 0.877784 1.13923 0 0
26.772 5.354e-11 0.878332 1.13852 0 0
26.892 5.354e-11 0.878875 1.13782 0 0
27.012 5.354e-11 0.879413 1.13712 0 0
27.132 5.354e-11 0.879946 1.13643 0 0
27.252 5.354e-11 0.880475 1.13575 0 0
27.372 5.354e-11 0.880999 1.13508 0 0
27.492 5.354e-11 0.881518 1.13441 0 0
27.612 5.354e-11 0.882033 1.13374 0 0
27.732 5.354e-11 0.882544 1.13309 0 0
27.852 5.354e-11 0.88305 1.13244 0 0
27.972 5.354e-11 0.883551 1.1318 0 0
28.092 5.354e-11 0.884049 1.13116 0 0
28.212 5.354e-11 0.884542 1.13053 0 0
28.332 5.354e-11 0.885031 1.1299 0 0
28.452 5.354e-11 0.885516 1.12929 0 0
28.572 5.354e-11 0.885997 1.12867 0 0
28.692 5.354e-11 0.886473 1.12807 0 0
28.812 5.354e-11 0.886946 1.12746 0 0
28.932 5.354e-11 0.887415 1.12687 0 0
29.052 5.354e-11 0.88788 1.12628 0 0
29.172 5.354e-11 0.888341 1.12569 0 0
29.292 5.354e-11 0.888799 1.12511 0 0
29.412 5.354e-11 0.889253 1.12454 0 0
29.532 5.354e-11 0.889703 1.12397 0 0
29.652 5.354e-11 0.890149 1.12341 0 0
29.772 5.354e-11 0.890592 1.12285 0 0
29.892 5.354e-11 0.891031 1.1223 0 0
30.012 5.354e-11 0.891467 1.12175 0 0
30.132 5.354e-11 0.891899 1.1212 0 0
30.252 5.354e-11 0.892328 1.12066 0 0
30.372 5.354e-11 0.892753 1.12013 0 0
30.492 5.354e-11 0.893175 1.1196 0 0
30.612 5.354e-11 0.893594 1.11908 0 0
30.732 5.354e-11 0.894009 1.11856 0 0
30.852 5.354e-11 0.894422 1.11804 0 0
30.972 5.354e-11 0.894831 1.11753 0 0
31.092 5.354e-11 0.895237 1.11702 0 0
31.212 5.354e-11 0.895639 1.11652 0 0
31.332 5.354e-11 0.896039 1.11602 0 0
31.452 5.354e-11 0.896436 1.11553 0 0
31.572 5.354e-11 0.896829 1.11504 0 0
31.692 5.354e-11 0.89722 1.11455 0 0
31.812 5.354e-11 0.897608 1.11407 0 0
31.932 5.354e-11 0.897993 1.1136 0 0
32.052 5.354e-11 0.898374 1.11312 0 0
32.172 5.354e-11 0.898754 1.11265 0 0
32.292 5.354e-11 0.89913 1.11219 0 0
32.412 5.354e-11 0.899503 1.11172 0 0
32.532 5.354e-11 0.899874 1.11127 0 0
32.652 5.354e-11 0.900242 1.11081 0 0
32.772 5.354e-11 0.900607 1.11036 0 0
32.892 5.354e-11 0.90097 1.10992 0 0
33.012 5.354e-11 0.90133 1.10947 0 0
33.132 5.354e-11 0.901687 1.10903 0 0
33.252 5.354e-11 0.902042 1.1086 0 0
33.372 5.354e-11 0.902394 1.10816 0 0
33.492 5.354e-11 0.902744 1.10773 0 0
33.612 5.354e-11 0.903091 1.10731 0 0
33.732 5.354e-11 0.903436 1.10689 0 0
33.852 5.354e-11 0.903778 1.10647 0 0
33.972 5.354e-11 0.904118 1.10605 0 0
34.092 5.354e-11 0.904456 1.10564 0 0
34.212 5.354e-11 0.904791 1.10523 0 0
34.332 5.354e-11 0.905123 1.10482 0 0
34.452 5.354e-11 0.905454 1.10442 0 0
34.572 5.354e-11 0.905782 1.10402 0 0
34.692 5.354e-11 0.906108 1.10362 0 0
34.812 5.354e-11 0.906432 1.10323 0 0
34.932 5.354e-11 0.906753 1.10284 0 0
35.052 5.354e-11 0.907072 1.10245 0 0
35.172 5.354e-11 0.907389 1.10206 0 0
35.292 5.354e-11 0.907704 1.10168 0 0
35.412 5.354e-11 0.908017 1.1013 0 0
35.532 5.354e-11 0.908328 1.10092 0 0
35.652 5.354e-11 0.908636 1.10055 0 0
35.772 5.354e-11 0.908943 1.10018 0 0
35.892 5.354e-11 0.909247 1.09981 0 0
36.012 5.354e-11 0.90955 1.09945 0 0
36.132 5.354e-11 0.90985 1.09908 0 0
36.252 5.354e-11 0.910148 1.09872 0 0
36.372 5.354e-11 0.910445 1.09836 0 0
36.492 5.354e-11 0.910739 1.09801 0 0
36.612 5.354e-11 0.911032 1.09766 0 0
36.732 5.354e-11 0.911322 1.09731 0 0
36.852 5.354e-11 0.911611 1.09696 0 0
36.972 5.354e-11 0.911898 1.09661 0 0
37.092 5.354e-11 0.912183 1.09627 0 0
37.212 5.354e-11 0.912466 1.09593 0 0
37.332 5.354e-11 0.912748 1.09559 0 0
37.452 5.354e-11 0.913027 1.09526 0 0
37.572 5.354e-11 0.913305 1.09492 0 0
37.692 5.354e-11 0.913581 1.09459 0 0
37.812 5.354e-11 0.913855 1.09427 0 0
37.932 5.354e-11 0.914128 1.09394 0 0
38.052 5.354e-11 0.914399 1.09361 0 0
38.172 5.354e-11 0.914668 1.09329 0 0
38.292 5.354e-11 0.914935 1.09297 0 0
38.412 5.354e-11 0.915201 1.09266 0 0
38.532 5.354e-11 0.915465 1.09234 0 0
38.652 5.354e-11 0.915727 1.09203 0 0
38.772 5.354e-11 0.915988 1.09172 0 0
38.892 5.354e-11 0.916247 1.09141 0 0
39.012 5.354e-11 0.916505 1.0911 0 0
39.132 5.354e-11 0.916761 1.0908 0 0
39.252 5.354e-11 0.917016 1.09049 0 0
39.372 5.354e-11 0.917269 1.09019 0 0
39.492 5.354e-11 0.91752 1.08989 0 0
39.612 5.354e-11 0.91777 1.0896 0 0
39.732 5.354e-11 0.918018 1.0893 0 0
39.852 5.354e-11 0.918265 1.08901 0 0
39.972 5.354e-11 0.91851 1.08872 0 0
40.092 5.354e-11 0.918754 1.08843 0 0
40.212 5.354e-11 0.918997 1.08814 0 0
40.332 5.354e-11 0.919238 1.08786 0 0
40.452 5.354e-11 0.919477 1.08757 0 0
40.572 5.354e-11 0.919716 1.08729 0 0
40.692 5.354e-11 0.919952 1.08701 0 0
40.812 5.354e-11 0.920188 1.08673 0 0
40.932 5.354e-11 0.920422 1.08646 0 0
41.052 5.354e-11 0.920654 1.08618 0 0
41.172 5.354e-11 0.920885 1.08591 0 0
41.292 5.354e-11 0.921115 1.08564 0 0
41.412 5.354e-11 0.921344 1.08537 0 0
41.532 5.354e-11 0.921571 1.0851 0 0
41.652 5.354e-11 0.921797 1.08484 0 0
41.772 5.354e-11 0.922022 1.08457 0 0
41.892 5.354e-11 0.922245 1.08431 0 0
42.012 5.354e-11 0.922467 1.08405 0 0
42.132 5.354e-11 0.922688 1.08379 0 0
42.252 5.354e-11 0.922908 1.08353 0 0
42.372 5.354e-11 0.923126 1.08328 0 0
42.492 5.354e-11 0.923343 1.08302 0 0
42.612 5.354e-11 0.923559 1.08277 0 0
42.732 5.354e-11 0.923774 1.08252 0 0
42.852 5.354e-11 0.923987 1.08227 0 0
42.972 5.354e-11 0.924199 1.08202 0 0
43.092 5.354e-11 0.924411 1.08177 0 0
43.212 5.354e-11 0.92462 1.08152 0 0
43.332 5.354e-11 0.924829 1.08128 0 0
43.452 5.354e-11 0.925037 1.08104 0 0
43.572 5.354e-11 0.925243 1.0808 0 0
43.692 5.354e-11 0.925449 1.08056 0 0
43.812 5.354e-11 0.925653 1.08032 0 0
43.932 5.354e-11 0.925856 1.08008 0 0
44.052 5.354e-11 0.926058 1.07985 0 0
44.172 5.354e-11 0.926259 1.07961 0 0
44.292 5.354e-11 0.926458 1.07938 0 0
44.412 5.354e-11 0.926657 1.07915 0 0
44.532 5.354e-11 0.926855 1.07892 0 0
44.652 5.354e-11 0.927051 1.07869 0 0
44.772 5.354e-11 0.927247 1.07846 0 0
44.892 5.354e-11 0.927441 1.07824 0 0
45.012 5.354e-11 0.927635 1.07801 0 0
45.132 5.354e-11 0.927827 1.07779 0 0
45.252 5.354e-11 0.928019 1.07756 0 0
45.372 5.354e-11 0.928209 1.07734 0 0
45.492 5.354e-11 0.928398 1.07712 0 0
45.612 5.354e-11 0.928587 1.07691 0 0
45.732 5.354e-11 0.928774 1.07669 0 0
45.852 5.354e-11 0.928961 1.07647 0 0
45.972 5.354e-11 0.929146 1.07626 0 0
46.092 5.354e-11 0.92933 1.07604 0 0
46.212 5.354e-11 0.929514 1.07583 0 0
46.332 5.354e-11 0.929696 1.07562 0 0
46.452 5.354e-11 0.929878 1.07541 0 0
46.572 5.354e-11 0.930059 1.0752 0 0
46.692 5.354e-11 0.930239 1.07499 0 0
46.812 5.354e-11 0.930417 1.07479 0 0
46.932 5.354e-11 0.930595 1.07458 0 0
47.052 5.354e-11 0.930772 1.07438 0 0
47.172 5.354e-11 0.930948 1.07417 0 0
47.292 5.354e-11 0.931124 1.07397 0 0
47.412 5.354e-11 0.931298 1.07377 0 0
47.532 5.354e-11 0.931471 1.07357 0 0
47.652 5.354e-11 0.931644 1.07337 0 0
47.772 5.354e-11 0.931816 1.07317 0 0
47.892 5.354e-11 0.931987 1.07298 0 0
48.012 5.354e-11 0.932156 1.07278 0 0
48.132 5.354e-11 0.932326 1.07259 0 0
48.252 5.354e-11 0.932494 1.07239 0 0
48.372 5.354e-11 0.932661 1.0722 0 0
48.492 5.354e-11 0.932828 1.07201 0 0
48.612 5.354e-11 0.932994 1.07182 0 0
48.732 5.354e-11 0.933159 1.07163 0 0
48.852 5.354e-11 0.933323 1.07144 0 0
48.972 5.354e-11 0.933486 1.07125 0 0
49.092 5.354e-11 0.933649 1.07107 0 0
49.212 5.354e-11 0.933811 1.07088 0 0
49.332 5.354e-11 0.933972 1.0707 0 0
49.452 5.354e-11 0.934132 1.07051 0 0
49.572 5.354e-11 0.934291 1.07033 0 0
49.692 5.354e-11 0.93445 1.07015 0 0
49.812 5.354e-11 0.934608 1.06997 0 0
49.932 5.354e-11 0.934765 1.06979 0 0
50.052 5.354e-11 0.934922 1.06961 0 0
50.172 5.354e-11 0.935077 1.06943 0 0
50.292 5.354e-11 0.935232 1.06925 0 0
50.412 5.354e-11 0.935386 1.06908 0 0
50.532 5.354e-11 0.93554 1.0689 0 0
50.652 5.354e-11 0.935693 1.06873 0 0
50.772 5.354e-11 0.935845 1.06855 0 0
50.892 5.354e-11 0.935996 1.06838 0 0
51.012 5.354e-11 0.936146 1.06821 0 0
51.132 5.354e-11 0.936296 1.06804 0 0
51.252 5.354e-11 0.936445 1.06787 0 0
51.372 5.354e-11 0.936594 1.0677 0 0
51.492 5.354e-11 0.936742 1.06753 0 0
51.612 5.354e-11 0.936889 1.06736 0 0
51.732 5.354e-11 0.937035 1.0672 0 0
51.852 5.354e-11 0.937181 1.06703 0 0
51.972 5.354e-11 0.937326 1.06686 0 0
52.092 5.354e-11 0.93747 1.0667 0 0
52.212 5.354e-11 0.937614 1.06654 0 0
52.332 5.354e-11 0.937757 1.06637 0 0
52.452 5.354e-11 0.937899 1.06621 0 0
52.572 5.354e-11 0.938041 1.06605 0 0
52.692 5.354e-11 0.938182 1.06589 0 0
52.812 5.354e-11 0.938323 1.06573 0 0
52.932 5.354e-11 0.938463 1.06557 0 0
53.052 5.354e-11 0.938602 1.06541 0 0
53.172 5.354e-11 0.93874 1.06526 0 0
53.292 5.354e-11 0.938878 1.0651 0 0
53.412 5.354e-11 0.939016 1.06495 0 0
53.532 5.354e-11 0.939152 1.06479 0 0
53.652 5.354e-11 0.939288 1.06464 0 0
53.772 5.354e-11 0.939424 1.06448 0 0
53.892 5.354e-11 0.939559 1.06433 0 0
54.012 5.354e-11 0.939693 1.06418 0 0
54.132 5.354e-11 0.939827 1.06403 0 0
54.252 5.354e-11 0.93996 1.06388 0 0
54.372 5.354e-11 0.940092 1.06373 0 0
54.492 5.354e-11 0.940224 1.06358 0 0
54.612 5.354e-11 0.940356 1.06343 0 0
54.732 5.354e-11 0.940486 1.06328 0 0
54.852 5.354e-11 0.940617 1.06313 0 0
54.972 5.354e-11 0.940746 1.06299 0 0
55.092 5.354e-11 0.940875 1.06284 0 0
55.212 5.354e-11 0.941004 1.0627 0 0
55.332 5.354e-11 0.941132 1.06255 0 0
55.452 5.354e-11 0.941259 1.06241 0 0
55.572 5.354e-11 0.941386 1.06226 0 0
55.692 5.354e-11 0.941512 1.06212 0 0
55.812 5.354e-11 0.941638 1.06198 0 0
55.932 5.354e-11 0.941763 1.06184 0 0
56.052 5.354e-11 0.941888 1.0617 0 0
56.172 5.354e-11 0.942012 1.06156 0 0
56.292 5.354e-11 0.942136 1.06142 0 0
56.412 5.354e-11 0.942259 1.06128 0 0
56.532 5.354e-11 0.942381 1.06114 0 0
56.652 5.354e-11 0.942503 1.061 0 0
56.772 5.354e-11 0.942625 1.06087 0 0
56.892 5.354e-11 0.942746 1.06073 0 0
57.012 5.354e-11 0.942866 1.0606 0 0
57.132 5.354e-11 0.942986 1.06046 0 0
57.252 5.354e-11 0.943106 1.06033 0 0
57.372 5.354e-11 0.943225 1.06019 0 0
57.492 5.354e-11 0.943343 1.06006 0 0
57.612 5.354e-11 0.943461 1.05993 0 0
57.732 5.354e-11 0.943579 1.05979 0 0
57.852 5.354e-11 0.943696 1.05966 0 0
57.972 5.354e-11 0.943812 1.05953 0 0
58.092 5.354e-11 0.943929 1.0594 0 0
58.212 5.354e-11 0.944044 1.05927 0 0
58.332 5.354e-11 0.944159 1.05914 0 0
58.452 5.354e-11 0.944274 1.05901 0 0
58.572 5.354e-11 0.944388 1.05889 0 0
58.692 5.354e-11 0.944502 1.05876 0 0
58.812 5.354e-11 0.944615 1.05863 0 0
58.932 5.354e-11 0.944728 1.05851 0 0
59.052 5.354e-11 0.94484 1.05838 0 0
59.172 5.354e-11 0.944952 1.05825 0 0
59.292 5.354e-11 0.945063 1.05813 0 0
59.412 5.354e-11 0.945174 1.05801 0 0
59.532 5.354e-11 0.945285 1.05788 0 0
59.652 5.354e-11 0.945395 1.05776 0 0
59.772 5.354e-11 0.945505 1.05764 0 0
59.892 5.354e-11 0.945614 1.05751 0 0
60.012 5.354e-11 0.945722 1.05739 0 0
60.132 5.354e-11 0.945831 1.05727 0 0
60.252 5.354e-11 0.945939 1.05715 0 0
60.372 5.354e-11 0.946046 1.05703 0 0
60.492 5.354e-11 0.946153 1.05691 0 0
60.612 5.354e-11 0.94626 1.05679 0 0
60.732 5.354e-11 0.946366 1.05667 0 0
60.852 5.354e-11 0.946472 1.05656 0 0
60.972 5.354e-11 0.946577 1.05644 0 0
61.092 5.354e-11 0.946682 1.05632 0 0
61.212 5.354e-11 0.946787 1.0562 0 0
61.332 5.354e-11 0.946891 1.05609 0 0
61.452 5.354e-11 0.946994 1.05597 0 0
61.572 5.354e-11 0.947098 1.05586 0 0
61.692 5.354e-11 0.947201 1.05574 0 0
61.812 5.354e-11 0.947303 1.05563 0 0
61.932 5.354e-11 0.947405 1.05551 0 0
62.052 5.354e-11 0.947507 1.0554 0 0
62.172 5.354e-11 0.947608 1.05529 0 0
62.292 5.354e-11 0.947709 1.05518 0 0
62.412 5.354e-11 0.94781 1.05506 0 0
62.532 5.354e-11 0.94791 1.05495 0 0
62.652 5.354e-11 0.94801 1.05484 0 0
62.772 5.354e-11 0.948109 1.05473 0 0
62.892 5.354e-11 0.948208 1.05462 0 0
63.012 5.354e-11 0.948307 1.05451 0 0
63.132 5.354e-11 0.948405 1.0544 0 0
63.252 5.354e-11 0.948503 1.05429 0 0
63.372 5.354e-11 0.9486 1.05418 0 0
63.492 5.354e-11 0.948697 1.05408 0 0
63.612 5.354e-11 0.948794 1.05397 0 0
63.732 5.354e-11 0.948891 1.05386 0 0
63.852 5.354e-11 0.948987 1.05376 0 0
63.972 5.354e-11 0.949082 1.05365 0 0
64.092 5.354e-11 0.949178 1.05354 0 0
64.212 5.354e-11 0.949273 1.05344 0 0
64.332 5.354e-11 0.949367 1.05333 0 0
64.452 5.354e-11 0.949462 1.05323 0 0
64.572 5.354e-11 0.949555 1.05312 0 0
64.692 5.354e-11 0.949649 1.05302 0 0
64.812 5.354e-11 0.949742 1.05292 0 0
64.932 5.354e-11 0.949835 1.05281 0 0
65.052 5.354e-11 0.949928 1.05271 0 0
65.172 5.354e-11 0.95002 1.05261 0 0
65.292 5.354e-11 0.950112 1.05251 0 0
65.412 5.354e-11 0.950203 1.05241 0 0
65.532 5.354e-11 0.950294 1.05231 0 0
65.652 5.354e-11 0.950385 1.0522 0 0
65.772 5.354e-11 0.950476 1.0521 0 0
65.892 5.354e-11 0.950566 1.052 0 0
66.012 5.354e-11 0.950656 1.05191 0 0
66.132 5.354e-11 0.950745 1.05181 0 0
66.252 5.354e-11 0.950835 1.05171 0 0
66.372 5.354e-11 0.950924 1.05161 0 0
66.492 5.354e-11 0.951012 1.05151 0 0
66.612 5.354e-11 0.9511 1.05141 0 0
66.732 5.354e-11 0.951188 1.05132 0 0
66.852 5.354e-11 0.951276 1.05122 0 0
66.972 5.354e-11 0.951363 1.05112 0 0
67.092 5.354e-11 0.95145 1.05103 0 0
67.212 5.354e-11 0.951537 1.05093 0 0
67.332 5.354e-11 0.951623 1.05084 0 0
67.452 5.354e-11 0.951709 1.05074 0 0
67.572 5.354e-11 0.951795 1.05065 0 0
67.692 5.354e-11 0.951881 1.05055 0 0
67.812 5.354e-11 0.951966 1.05046 0 0
67.932 5.354e-11 0.952051 1.05036 0 0
68.052 5.354e-11 0.952135 1.05027 0 0
68.172 5.354e-11 0.952219 1.05018 0 0
68.292 5.354e-11 0.952303 1.05009 0 0
68.412 5.354e-11 0.952387 1.04999 0 0
68.532 5.354e-11 0.95247 1.0499 0 0
68.652 5.354e-11 0.952553 1.04981 0 0
68.772 5.354e-11 0.952636 1.04972 0 0
68.892 5.354e-11 0.952719 1.04963 0 0
69.012 5.354e-11 0.952801 1.04954 0 0
69.132 5.354e-11 0.952883 1.04945 0 0
69.252 5.354e-11 0.952965 1.04936 0 0
69.372 5.354e-11 0.953046 1.04927 0 0
69.492 5.354e-11 0.953127 1.04918 0 0
69.612 5.354e-11 0.953208 1.04909 0 0
69.732 5.354e-11 0.953288 1.049 0 0
69.852 5.354e-11 0.953369 1.04891 0 0
69.972 5.354e-11 0.953448 1.04882 0 0
70.092 5.354e-11 0.953528 1.04874 0 0
70.212 5.354e-11 0.953608 1.04865 0 0
70.332 5.354e-11 0.953687 1.04856 0 0
70.452 5.354e-11 0.953766 1.04848 0 0
70.572 5.354e-11 0.953844 1.04839 0 0
70.692 5.354e-11 0.953923 1.0483 0 0
70.812 5.354e-11 0.954001 1.04822 0 0
70.932 5.354e-11 0.954079 1.04813 0 0
71.052 5.354e-11 0.954156 1.04805 0 0
71.172 5.354e-11 0.954233 1.04796 0 0
71.292 5.354e-11 0.95431 1.04788 0 0
71.412 5.354e-11 0.954387 1.04779 0 0
71.532 5.354e-11 0.954464 1.04771 0 0
71.652 5.354e-11 0.95454 1.04763 0 0
71.772 5.354e-11 0.954616 1.04754 0 0
71.892 5.354e-11 0.954692 1.04746 0 0
72.012 5.354e-11 0.954767 1.04738 0 0
72.132 5.354e-11 0.954842 1.04729 0 0
72.252 5.354e-11 0.954917 1.04721 0 0
72.372 5.354e-11 0.954992 1.04713 0 0
72.492 5.354e-11 0.955067 1.04705 0 0
72.612 5.354e-11 0.955141 1.04697 0 0
72.732 5.354e-11 0.955215 1.04688 0 0
72.852 5.354e-11 0.955289 1.0468 0 0
72.972 5.354e-11 0.955362 1.04672 0 0
73.092 5.354e-11 0.955436 1.04664 0 0
73.212 5.354e-11 0.955509 1.04656 0 0
73.332 5.354e-11 0.955581 1.04648 0 0
73.452 5.354e-11 0.955654 1.0464 0 0
73.572 5.354e-11 0.955726 1.04632 0 0
73.692 5.354e-11 0.955798 1.04625 0 0
73.812 5.354e-11 0.95587 1.04617 0 0
73.932 5.354e-11 0.955942 1.04609 0 0
74.052 5.354e-11 0.956013 1.04601 0 0
74.172 5.354e-11 0.956084 1.04593 0 0
74.292 5.354e-11 0.956155 1.04586 0 0
74.412 5.354e-11 0.956226 1.04578 0 0
74.532 5.354e-11 0.956297 1.0457 0 0
74.652 5.354e-11 0.956367 1.04562 0 0
74.772 5.354e-11 0.956437 1.04555 0 0
74.892 5.354e-11 0.956507 1.04547 0 0
75.012 5.354e-11 0.956576 1.04539 0 0
75.132 5.354e-11 0.956646 1.04532 0 0
75.252 5.354e-11 0.956715 1.04524 0 0
75.372 5.354e-11 0.956784 1.04517 0 0
75.492 5.354e-11 0.956852 1.04509 0 0
75.612 5.354e-11 0.956921 1.04502 0 0
75.732 5.354e-11 0.956989 1.04494 0 0
75.852 5.354e-11 0.957057 1.04487 0 0
75.972 5.354e-11 0.957125 1.0448 0 0
76.092 5.354e-11 0.957193 1.04472 0 0
76.212 5.354e-11 0.95726 1.04465 0 0
76.332 5.354e-11 0.957327 1.04457 0 0
76.452 5.354e-11 0.957394 1.0445 0 0
76.572 5.354e-11 0.957461 1.04443 0 0
76.692 5.354e-11 0.957527 1.04436 0 0
76.812 5.354e-11 0.957594 1.04428 0 0
76.932 5.354e-11 0.95766 1.04421 0 0
77.052 5.354e-11 0.957726 1.04414 0 0
77.172 5.354e-11 0.957792 1.04407 0 0
77.292 5.354e-11 0.957857 1.044 0 0
77.412 5.354e-11 0.957923 1.04393 0 0
77.532 5.354e-11 0.957988 1.04385 0 0
77.652 5.354e-11 0.958053 1.04378 0 0
77.772 5.354e-11 0.958117 1.04371 0 0
77.892 5.354e-11 0.958182 1.04364 0 0
78.012 5.354e-11 0.958246 1.04357 0 0
78.132 5.354e-11 0.95831 1.0435 0 0
78.252 5.354e-11 0.958374 1.04343 0 0
78.372 5.354e-11 0.958438 1.04336 0 0
78.492 5.354e-11 0.958501 1.0433 0 0
78.612 5.354e-11 0.958565 1.04323 0 0
78.732 5.354e-11 0.958628 1.04316 0 0
78.852 5.354e-11 0.958691 1.04309 0 0
78.972 5.354e-11 0.958754 1.04302 0 0
79.092 5.354e-11 0.958816 1.04295 0 0
79.212 5.354e-11 0.958879 1.04288 0 0
79.332 5.354e-11 0.958941 1.04282 0 0
79.452 5.354e-11 0.959003 1.04275 0 0
79.572 5.354e-11 0.959065 1.04268 0 0
79.692 5.354e-11 0.959126 1.04262 0 0
79.812 5.354e-11 0.959188 1.04255 0 0
79.932 5.354e-11 0.959249 1.04248 0 0
80.052 5.354e-11 0.95931 1.04242 0 0
80.172 5.354e-11 0.959371 1.04235 0 0
80.292 5.354e-11 0.959432 1.04228 0 0
80.412 5.354e-11 0.959492 1.04222 0 0
80.532 5.354e-11 0.959553 1.04215 0 0
80.652 5.354e-11 0.959613 1.04209 0 0
80.772 5.354e-11 0.959673 1.04202 0 0
80.892 5.354e-11 0.959733 1.04196 0 0
81.012 5.354e-11 0.959792 1.04189 0 0
81.132 5.354e-11 0.959852 1.04183 0 0
81.252 5.354e-11 0.959911 1.04176 0 0
81.372 5.354e-11 0.95997 1.0417 0 0
81.492 5.354e-11 0.960029 1.04164 0 0
81.612 5.354e-11 0.960088 1.04157 0 0
81.732 5.354e-11 0.960147 1.04151 0 0
81.852 5.354e-11 0.960205 1.04144 0 0
81.972 5.354e-11 0.960263 1.04138 0 0
82.092 5.354e-11 0.960321 1.04132 0 0
82.212 5.354e-11 0.960379 1.04126 0 0
82.332 5.354e-11 0.960437 1.04119 0 0
82.452 5.354e-11 0.960495 1.04113 0 0
82.572 5.354e-11 0.960552 1.04107 0 0
82.692 5.354e-11 0.960609 1.04101 0 0
82.812 5.354e-11 0.960666 1.04094 0 0
82.932 5.354e-11 0.960723 1.04088 0 0
83.052 5.354e-11 0.96078 1.04082 0 0
83.172 5.354e-11 0.960837 1.04076 0 0
83.292 5.354e-11 0.960893 1.0407 0 0
83.412 5.354e-11 0.960949 1.04064 0 0
83.532 5.354e-11 0.961005 1.04058 0 0
83.652 5.354e-11 0.961061 1.04052 0 0
83.772 5.354e-11 0.961117 1.04046 0 0
83.892 5.354e-11 0.961173 1.0404 0 0
84.012 5.354e-11 0.961228 1.04034 0 0
84.132 5.354e-11 0.961283 1.04028 0 0
84.252 5.354e-11 0.961339 1.04022 0 0
84.372 5.354e-11 0.961394 1.04016 0 0
84.492 5.354e-11 0.961448 1.0401 0 0
84.612 5.354e-11 0.961503 1.04004 0 0
84.732 5.354e-11 0.961558 1.03998 0 0
84.852 5.354e-11 0.961612 1.03992 0 0
84.972 5.354e-11 0.961666 1.03986 0 0
85.092 5.354e-11 0.96172 1.0398 0 0
85.212 5.354e-11 0.961774 1.03975 0 0
85.332 5.354e-11 0.961828 1.03969 0 0
85.452 5.354e-11 0.961881 1.03963 0 0
85.572 5.354e-11 0.961935 1.03957 0 0
85.692 5.354e-11 0.961988 1.03951 0 0
85.812 5.354e-11 0.962041 1.03946 0 0
85.932 5.354e-11 0.962094 1.0394 0 0
86.052 5.354e-11 0.962147 1.03934 0 0
86.172 5.354e-11 0.9622 1.03928 0 0
86.292 5.354e-11 0.962253 1.03923 0 0
86.412 5.354e-11 0.962305 1.03917 0 0
86.532 5.354e-11 0.962357 1.03912 0 0
86.652 5.354e-11 0.962409 1.03906 0 0
86.772 5.354e-11 0.962461 1.039 0 0
86.892 5.354e-11 0.962513 1.03895 0 0
87.012 5.354e-11 0.962565 1.03889 0 0
87.132 5.354e-11 0.962616 1.03884 0 0
87.252 5.354e-11 0.962668 1.03878 0 0
87.372 5.354e-11 0.962719 1.03872 0 0
87.492 5.354e-11 0.96277 1.03867 0 0
87.612 5.354e-11 0.962821 1.03861 0 0
87.732 5.354e-11 0.962872 1.03856 0 0
87.852 5.354e-11 0.962923 1.0385 0 0
87.972 5.354e-11 0.962973 1.03845 0 0
88.092 5.354e-11 0.963024 1.0384 0 0
88.212 5.354e-11 0.963074 1.03834 0 0
88.332 5.354e-11 0.963124 1.03829 0 0
88.452 5.354e-11 0.963174 1.03823 0 0
88.572 5.354e-11 0.963224 1.03818 0 0
88.692 5.354e-11 0.963274 1.03813 0 0
88.812 5.354e-11 0.963324 1.03807 0 0
88.932 5.354e-11 0.963373 1.03802 0 0
89.052 5.354e-11 0.963422 1.03797 0 0
89.172 5.354e-11 0.963472 1.03791 0 0
89.292 5.354e-11 0.963521 1.03786 0 0
89.412 5.354e-11 0.96357 1.03781 0 0
89.532 5.354e-11 0.963619 1.03776 0 0
89.652 5.354e-11 0.963667 1.0377 0 0
89.772 5.354e-11 0.963716 1.03765 0 0
89.892 5.354e-11 0.963764 1.0376 0 0
90.012 5.354e-11 0.963813 1.03755 0 0
90.132 5.354e-11 0.963861 1.03749 0 0
90.252 5.354e-11 0.963909 1.03744 0 0
90.372 5.354e-11 0.963957 1.03739 0 0
90.492 5.354e-11 0.964005 1.03734 0 0
90.612 5.354e-11 0.964052 1.03729 0 0
90.732 5.354e-11 0.9641 1.03724 0 0
90.852 5.354e-11 0.964147 1.03719 0 0
90.972 5.354e-11 0.964194 1.03714 0 0
91.092 5.354e-11 0.964242 1.03708 0 0
91.212 5.354e-11 0.964289 1.03703 0 0
91.332 5.354e-11 0.964336 1.03698 0 0
91.452 5.354e-11 0.964382 1.03693 0 0
91.572 5.354e-11 0.964429 1.03688 0 0
91.692 5.354e-11 0.964476 1.03683 0 0
91.812 5.354e-11 0.964522 1.03678 0 0
91.932 5.354e-11 0.964568 1.03673 0 0
92.052 5.354e-11 0.964615 1.03668 0 0
92.172 5.354e-11 0.964661 1.03663 0 0
92.292 5.354e-11 0.964707 1.03658 0 0
92.412 5.354e-11 0.964752 1.03654 0 0
92.532 5.354e-11 0.964798 1.03649 0 0
92.652 5.354e-11 0.964844 1.03644 0 0
92.772 5.354e-11 0.964889 1.03639 0 0
92.892 5.354e-11 0.964935 1.03634 0 0
93.012 5.354e-11 0.96498 1.03629 0 0
93.132 5.354e-11 0.965025 1.03624 0 0
93.252 5.354e-11 0.96507 1.03619 0 0
93.372 5.354e-11 0.965115 1.03615 0 0
93.492 5.354e-11 0.96516 1.0361 0 0
93.612 5.354e-11 0.965204 1.03605 0 0
93.732 5.354e-11 0.965249 1.036 0 0
93.852 5.354e-11 0.965293 1.03595 0 0
93.972 5.354e-11 0.965338 1.03591 0 0
94.092 5.354e-11 0.965382 1.03586 0 0
94.212 5.354e-11 0.965426 1.03581 0 0
94.332 5.354e-11 0.96547 1.03577 0 0
94.452 5.354e-11 0.965514 1.03572 0 0
94.572 5.354e-11 0.965557 1.03567 0 0
94.692 5.354e-11 0.965601 1.03562 0 0
94.812 5.354e-11 0.965645 1.03558 0 0
94.932 5.354e-11 0.965688 1.03553 0 0
95.052 5.354e-11 0.965731 1.03548 0 0
95.172 5.354e-11 0.965775 1.03544 0 0
95.292 5.354e-11 0.965818 1.03539 0 0
95.412 5.354e-11 0.965861 1.03535 0 0
95.532 5.354e-11 0.965904 1.0353 0 0
95.652 5.354e-11 0.965946 1.03525 0 0
95.772 5.354e-11 0.965989 1.03521 0 0
95.892 5.354e-11 0.966032 1.03516 0 0
96.012 5.354e-11 0.966074 1.03512 0 0
96.132 5.354e-11 0.966116 1.03507 0 0
96.252 5.354e-11 0.966159 1.03503 0 0
96.372 5.354e-11 0.966201 1.03498 0 0
96.492 5.354e-11 0.966243 1.03494 0 0
96.612 5.354e-11 0.966285 1.03489 0 0
96.732 5.354e-11 0.966327 1.03485 0 0
96.852 5.354e-11 0.966368 1.0348 0 0
96.972 5.354e-11 0.96641 1.03476 0 0
97.092 5.354e-11 0.966451 1.03471 0 0
97.212 5.354e-11 0.966493 1.03467 0 0
97.332 5.354e-11 0.966534 1.03462 0 0
97.452 5.354e-11 0.966575 1.03458 0 0
97.572 5.354e-11 0.966616 1.03454 0 0
97.692 5.354e-11 0.966657 1.03449 0 0
97.812 5.354e-11 0.966698 1.03445 0 0
97.932 5.354e-11 0.966739 1.03441 0 0
98.052 5.354e-11 0.96678 1.03436 0 0
98.172 5.354e-11 0.96682 1.03432 0 0
98.292 5.354e-11 0.966861 1.03427 0 0
98.412 5.354e-11 0.966901 1.03423 0 0
98.532 5.354e-11 0.966942 1.03419 0 0
98.652 5.354e-11 0.966982 1.03415 0 0
98.772 5.354e-11 0.967022 1.0341 0 0
98.892 5.354e-11 0.967062 1.03406 0 0
99.012 5.354e-11 0.967102 1.03402 0 0
99.132 5.354e-11 0.967142 1.03397 0 0
99.252 5.354e-11 0.967181 1.03393 0 0
99.372 5.354e-11 0.967221 1.03389 0 0
99.492 5.354e-11 0.967261 1.03385 0 0
99.612 5.354e-11 0.9673 1.03381 0 0
99.732 5.354e-11 0.967339 1.03376 0 0
99.852 5.354e-11 0.967379 1.03372 0 0
99.972 5.354e-11 0.967418 1.03368 0 0
100.092 5.354e-11 0.967457 1.03364 0 0
100.212 5.354e-11 0.967496 1.0336 0 0
100.332 5.354e-11 0.967535 1.03355 0 0
100.452 5.354e-11 0.967574 1.03351 0 0
100.572 5.354e-11 0.967612 1.03347 0 0
100.692 5.354e-11 0.967651 1.03343 0 0
100.812 5.354e-11 0.967689 1.03339 0 0
100.932 5.354e-11 0.967728 1.03335 0 0
101.052 5.354e-11 0.967766 1.03331 0 0
101.172 5.354e-11 0.967804 1.03327 0 0
101.292 5.354e-11 0.967842 1.03323 0 0
101.412 5.354e-11 0.967881 1.03319 0 0
101.532 5.354e-11 0.967918 1.03314 0 0
101.652 5.354e-11 0.967956 1.0331 0 0
101.772 5.354e-11 0.967994 1.03306 0 0
101.892 5.354e-11 0.968032 1.03302 0 0
102.012 5.354e-11 0.968069 1.03298 0 0
102.132 5.354e-11 0.968107 1.03294 0 0
102.252 5.354e-11 0.968144 1.0329 0 0
102.372 5.354e-11 0.968182 1.03286 0 0
102.492 5.354e-11 0.968219 1.03282 0 0
102.612 5.354e-11 0.968256 1.03278 0 0
102.732 5.354e-11 0.968293 1.03275 0 0
102.852 5.354e-11 0.96833 1.03271 0 0
102.972 5.354e-11 0.968367 1.03267 0 0
103.092 5.354e-11 0.968404 1.03263 0 0
103.212 5.354e-11 0.968441 1.03259 0 0
103.332 5.354e-11 0.968477 1.03255 0 0
103.452 5.354e-11 0.968514 1.03251 0 0
103.572 5.354e-11 0.96855 1.03247 0 0
103.692 5.354e-11 0.968587 1.03243 0 0
103.812 5.354e-11 0.968623 1.03239 0 0
103.932 5.354e-11 0.968659 1.03235 0 0
104.052 5.354e-11 0.968695 1.03232 0 0
104.172 5.354e-11 0.968731 1.03228 0 0
104.292 5.354e-11 0.968767 1.03224 0 0
104.412 5.354e-11 0.968803 1.0322 0 0
104.532 5.354e-11 0.968839 1.03216 0 0
104.652 5.354e-11 0.968875 1.03212 0 0
104.772 5.354e-11 0.968911 1.03209 0 0
104.892 5.354e-11 0.968946 1.03205 0 0
105.012 5.354e-11 0.968982 1.03201 0 0
105.132 5.354e-11 0.969017 1.03197 0 0
105.252 5.354e-11 0.969052 1.03194 0 0
105.372 5.354e-11 0.969088 1.0319 0 0
105.492 5.354e-11 0.969123 1.03186 0 0
105.612 5.354e-11 0.969158 1.03182 0 0
105.732 5.354e-11 0.969193 1.03179 0 0
105.852 5.354e-11 0.969228 1.03175 0 0
105.972 5.354e-11 0.969263 1.03171 0 0
106.092 5.354e-11 0.969297 1.03168 0 0
106.212 5.354e-11 0.969332 1.03164 0 0
106.332 5.354e-11 0.969367 1.0316 0 0
106.452 5.354e-11 0.969401 1.03156 0 0
106.572 5.354e-11 0.969436 1.03153 0 0
106.692 5.354e-11 0.96947 1.03149 0 0
106.812 5.354e-11 0.969504 1.03145 0 0
106.932 5.354e-11 0.969539 1.03142 0 0
107.052 5.354e-11 0.969573 1.03138 0 0
107.172 5.354e-11 0.969607 1.03135 0 0
107.292 5.354e-11 0.969641 1.03131 0 0
107.412 5.354e-11 0.969675 1.03127 0 0
107.532 5.354e-11 0.969709 1.03124 0 0
107.652 5.354e-11 0.969742 1.0312 0 0
107.772 5.354e-11 0.969776 1.03117 0 0
107.892 5.354e-11 0.96981 1.03113 0 0
108.012 5.354e-11 0.969843 1.03109 0 0
108.132 5.354e-11 0.969877 1.03106 0 0
108.252 5.354e-11 0.96991 1.03102 0 0
108.372 5.354e-11 0.969943 1.03099 0 0
108.492 5.354e-11 0.969977 1.03095 0 0
108.612 5.354e-11 0.97001 1.03092 0 0
108.732 5.354e-11 0.970043 1.03088 0 0
108.852 5.354e-11 0.970076 1.03085 0 0
108.972 5.354e-11 0.970109 1.03081 0 0
109.092 5.354e-11 0.970142 1.03078 0 0
109.212 5.354e-11 0.970175 1.03074 0 0
109.332 5.354e-11 0.970207 1.03071 0 0
109.452 5.354e-11 0.97024 1.03067 0 0
109.572 5.354e-11 0.970272 1.03064 0 0
109.692 5.354e-11 0.970305 1.0306 0 0
109.812 5.354e-11 0.970337 1.03057 0 0
109.932 5.354e-11 0.97037 1.03053 0 0
110.052 5.354e-11 0.970402 1.0305 0 0
110.172 5.354e-11 0.970434 1.03047 0 0
110.292 5.354e-11 0.970467 1.03043 0 0
110.412 5.354e-11 0.970499 1.0304 0 0
110.532 5.354e-11 0.970531 1.03036 0 0
110.652 5.354e-11 0.970563 1.03033 0 0
110.772 5.354e-11 0.970595 1.0303 0 0
110.892 5.354e-11 0.970626 1.03026 0 0
111.012 5.354e-11 0.970658 1.03023 0 0
111.132 5.354e-11 0.97069 1.0302 0 0
111.252 5.354e-11 0.970721 1.03016 0 0
111.372 5.354e-11 0.970753 1.03013 0 0
111.492 5.354e-11 0.970784 1.03009 0 0
111.612 5.354e-11 0.970816 1.03006 0 0
111.732 5.354e-11 0.970847 1.03003 0 0
111.852 5.354e-11 0.970878 1.03 0 0
111.972 5.354e-11 0.97091 1.02996 0 0
112.092 5.354e-11 0.970941 1.02993 0 0
112.212 5.354e-11 0.970972 1.0299 0 0
112.332 5.354e-11 0.971003 1.02986 0 0
112.452 5.354e-11 0.971034 1.02983 0 0
112.572 5.354e-11 0.971065 1.0298 0 0
112.692 5.354e-11 0.971096 1.02976 0 0
112.812 5.354e-11 0.971126 1.02973 0 0
112.932 5.354e-11 0.971157 1.0297 0 0
113.052 5.354e-11 0.971188 1.02967 0 0
113.172 5.354e-11 0.971218 1.02963 0 0
113.292 5.354e-11 0.971249 1.0296 0 0
113.412 5.354e-11 0.971279 1.02957 0 0
113.532 5.354e-11 0.971309 1.02954 0 0
113.652 5.354e-11 0.97134 1.02951 0 0
113.772 5.354e-11 0.97137 1.02947 0 0
113.892 5.354e-11 0.9714 1.02944 0 0
114.012 5.354e-11 0.97143 1.02941 0 0
114.132 5.354e-11 0.97146 1.02938 0 0
114.252 5.354e-11 0.97149 1.02935 0 0
114.372 5.354e-11 0.97152 1.02931 0 0
114.492 5.354e-11 0.97155 1.02928 0 0
114.612 5.354e-11 0.97158 1.02925 0 0
114.732 5.354e-11 0.971609 1.02922 0 0
114.852 5.354e-11 0.971639 1.02919 0 0
114.972 5.354e-11 0.971669 1.02916 0 0
115.092 5.354e-11 0.971698 1.02913 0 0
115.212 5.354e-11 0.971728 1.02909 0 0
115.332 5.354e-11 0.971757 1.02906 0 0
115.452 5.354e-11 0.971787 1.02903 0 0
115.572 5.354e-11 0.971816 1.029 0 0
115.692 5.354e-11 0.971845 1.02897 0 0
115.812 5.354e-11 0.971874 1.02894 0 0
115.932 5.354e-11 0.971903 1.02891 0 0
116.052 5.354e-11 0.971932 1.02888 0 0
116.172 5.354e-11 0.971961 1.02885 0 0
116.292 5.354e-11 0.97199 1.02882 0 0
116.412 5.354e-11 0.972019 1.02879 0 0
116.532 5.354e-11 0.972048 1.02876 0 0
116.652 5.354e-11 0.972077 1.02873 0 0
116.772 5.354e-11 0.972105 1.02869 0 0
116.892 5.354e-11 0.972134 1.02866 0 0
117.012 5.354e-11 0.972163 1.02863 0 0
117.132 5.354e-11 0.972191 1.0286 0 0
117.252 5.354e-11 0.97222 1.02857 0 0
117.372 5.354e-11 0.972248 1.02854 0 0
117.492 5.354e-11 0.972276 1.02851 0 0
117.612 5.354e-11 0.972305 1.02848 0 0
117.732 5.354e-11 0.972333 1.02845 0 0
117.852 5.354e-11 0.972361 1.02842 0 0
117.972 5.354e-11 0.972389 1.02839 0 0
118.092 5.354e-11 0.972417 1.02837 0 0
118.212 5.354e-11 0.972445 1.02834 0 0
118.332 5.354e-11 0.972473 1.02831 0 0
118.452 5.354e-11 0.972501 1.02828 0 0
118.572 5.354e-11 0.972529 1.02825 0 0
118.692 5.354e-11 0.972557 1.02822 0 0
118.812 5.354e-11 0.972584 1.02819 0 0
118.932 5.354e-11 0.972612 1.02816 0 0
119.052 5.354e-11 0.97264 1.02813 0 0
119.172 5.354e-11 0.972667 1.0281 0 0
119.292 5.354e-11 0.972695 1.02807 0 0
119.412 5.354e-11 0.972722 1.02804 0 0
119.532 5.354e-11 0.97275 1.02801 0 0
119.652 5.354e-11 0.972777 1.02798 0 0
119.772 5.354e-11 0.972804 1.02796 0 0
119.892 5.354e-11 0.972831 1.02793 0 0

