0.06 0.451052
0.006 0.037481 0.087189 1 0.00546417 0.007392
0.066 0.0374456 0.087251 1.00064 0.00545766 0.0073876
0.126 0.0373499 0.0874174 1.00233 0.00544024 0.0073758
0.186 0.0371948 0.0876881 1.00508 0.00541208 0.00735668
0.246 0.0369812 0.0880632 1.00888 0.00537338 0.00733034
0.306 0.03671 0.0885431 1.01373 0.00532444 0.00729688
0.366 0.0363826 0.0891281 1.01963 0.00526561 0.00725645
0.426 0.0360004 0.0898188 1.02656 0.00519731 0.00720924
0.486 0.0355654 0.0906157 1.03453 0.00512002 0.00715543
0.546 0.0350795 0.0915195 1.04353 0.00503428 0.00709527
0.606 0.034545 0.0925307 1.05353 0.00494067 0.00702899
0.666 0.0339644 0.0936504 1.06454 0.0048398 0.00695687
0.726 0.0333403 0.0948791 1.07655 0.00473233 0.00687919
0.786 0.0326756 0.096218 1.08953 0.00461891 0.00679625
0.846 0.0319733 0.0976677 1.10346 0.00450023 0.00670838
0.906 0.0312363 0.0992295 1.11834 0.00437698 0.00661587
0.966 0.0304681 0.100904 1.13415 0.00424984 0.00651908
1.026 0.0296718 0.102693 1.15085 0.00411948 0.00641832
1.086 0.0288507 0.104597 1.16843 0.00398657 0.00631393
1.146 0.0280084 0.106616 1.18685 0.00385175 0.00620625
1.206 0.027148 0.108753 1.2061 0.00371564 0.0060956
1.266 0.0262732 0.111009 1.22613 0.00357881 0.00598232
1.326 0.0253871 0.113383 1.24692 0.00344183 0.00586671
1.386 0.0244931 0.115878 1.26843 0.00330521 0.0057491
1.446 0.0235943 0.118494 1.29063 0.00316944 0.00562978
1.506 0.022694 0.121232 1.31346 0.00303495 0.00550904
1.566 0.0217951 0.124094 1.3369 0.00290216 0.00538717
1.626 0.0209004 0.127079 1.3609 0.00277142 0.00526443
1.686 0.0200127 0.130189 1.38542 0.00264307 0.00514108
1.746 0.0191346 0.133425 1.4104 0.0025174 0.00501737
1.806 0.0182685 0.136787 1.4358 0.00239464 0.00489351
1.866 0.0174165 0.140275 1.46157 0.00227504 0.00476973
1.926 0.0165807 0.143889 1.48765 0.00215875 0.00464624
1.986 0.015763 0.147631 1.514 0.00204595 0.00452321
2.046 0.0149649 0.1515 1.54056 0.00193674 0.00440084
2.106 0.014188 0.155495 1.56728 0.00183122 0.00427927
2.166 0.0134335 0.159617 1.59409 0.00172946 0.00415867
2.226 0.0127024 0.163865 1.62094 0.00163149 0.00403917
2.286 0.0119957 0.168239 1.64778 0.00153735 0.00392091
2.346 0.011314 0.172737 1.67454 0.00144704 0.00380399
2.406 0.0106579 0.177358 1.70117 0.00136053 0.00368853
2.466 0.0100278 0.182102 1.7276 0.00127779 0.00357462
2.526 0.00942376 0.186966 1.75377 0.00119879 0.00346235
2.586 0.00884595 0.191949 1.77964 0.00112345 0.00335179
2.646 0.00829429 0.197048 1.80512 0.00105172 0.00324302
2.706 0.00776857 0.202261 1.83018 0.00098351 0.0031361
2.766 0.00726848 0.207586 1.85474 0.000918737 0.00303107
2.826 0.00679363 0.213019 1.87875 0.000857307 0.00292798
2.886 0.0063435 0.218559 1.90216 0.000799122 0.00282687
2.946 0.00591753 0.2242 1.9249 0.000744078 0.00272778
3.006 0.00551506 0.229939 1.94693 0.000692069 0.00263072
3.066 0.00513539 0.235774 1.96819 0.000642987 0.00253572
3.126 0.00477778 0.241698 1.98864 0.000596721 0.00244279
3.186 0.00444142 0.247709 2.00823 0.000553159 0.00235193
3.246 0.00412551 0.253801 2.02691 0.000512191 0.00226316
3.306 0.00382921 0.259969 2.04464 0.000473705 0.00217648
3.366 0.00355165 0.266209 2.06139 0.000437591 0.00209187
3.426 0.00329198 0.272516 2.07712 0.000403739 0.00200933
3.486 0.00304935 0.278883 2.09181 0.000372044 0.00192884
3.546 0.00282289 0.285307 2.10542 0.0003424 0.0018504
3.606 0.00261176 0.29178 2.11794 0.000314704 0.00177399
3.666 0.00241514 0.298297 2.12934 0.000288856 0.00169958
3.726 0.00223221 0.304854 2.13963 0.00026476 0.00162715
3.786 0.00206218 0.311443 2.14878 0.000242321 0.00155667
3.846 0.00190428 0.318059 2.15678 0.000221449 0.00148812
3.906 0.00175779 0.324696 2.16365 0.000202055 0.00142146
3.966 0.00162198 0.331348 2.16939 0.000184056 0.00135667
4.026 0.00149617 0.33801 2.17399 0.00016737 0.00129372
4.086 0.00137972 0.344676 2.17748 0.000151921 0.00123256
4.146 0.00127199 0.35134 2.17986 0.000137633 0.00117317
4.206 0.00117241 0.357997 2.18116 0.000124436 0.00111551
4.266 0.0010804 0.364641 2.1814 0.000112262 0.00105954
4.326 0.000995449 0.371267 2.18059 0.000101047 0.00100522
4.386 0.000917044 0.377869 2.17877 9.07307e-05 0.000952527
4.446 0.000844718 0.384444 2.17597 8.12542e-05 0.000901411
4.506 0.000778029 0.390985 2.17221 7.2563e-05 0.000851839
4.566 0.00071656 0.397488 2.16754 6.46049e-05 0.000803771
4.626 0.000659925 0.403949 2.16198 5.73308e-05 0.000757171
4.686 0.000607759 0.410363 2.15557 5.06944e-05 0.000712
4.746 0.000559723 0.416726 2.14834 4.4652e-05 0.000668221
4.806 0.000515502 0.423035 2.14034 3.91623e-05 0.000625798
4.866 0.000474801 0.429285 2.13161 3.41864e-05 0.000584692
4.926 0.000437347 0.435474 2.12218 2.96881e-05 0.000544868
4.986 0.000402887 0.441597 2.11208 2.56329e-05 0.00050629
5.046 0.000371184 0.447652 2.10137 2.19888e-05 0.000468922
5.106 0.000342022 0.453637 2.09007 1.87256e-05 0.000432731
5.166 0.000315198 0.459547 2.07822 1.5815e-05 0.000397681
5.226 0.000290526 0.465381 2.06587 1.32307e-05 0.00036374
5.286 0.000267834 0.471137 2.05304 1.09478e-05 0.000330875
5.346 0.000246962 0.476813 2.03978 8.9433e-06 0.000299053
5.406 0.000227765 0.482406 2.02612 7.19551e-06 0.000268245
5.466 0.000210107 0.487915 2.01209 5.6843e-06 0.000238418
5.526 0.000193863 0.493339 1.99772 4.39082e-06 0.000209543
5.586 0.000178919 0.498676 1.98305 3.29754e-06 0.000181591
5.646 0.000165169 0.503925 1.9681 2.38809e-06 0.000154535
5.706 0.000152517 0.509085 1.95292 1.64725e-06 0.000128345
5.766 0.000140873 0.514155 1.93751 1.06083e-06 0.000102996
5.826 0.000130154 0.519135 1.92192 6.15632e-07 7.84622e-05
5.886 0.000120286 0.524023 1.90616 2.99399e-07 5.47173e-05
5.946 0.0001112 0.528821 1.89026 1.00725e-07 3.17373e-05
6.006 0.000102832 0.533526 1.87425 9.02203e-09 9.49843e-06
6.066 9.51232e-05 0.53814 1.85825 0 0
6.126 8.80197e-05 0.542664 1.84276 0 0
6.186 8.14714e-05 0.5471 1.82782 0 0
6.246 7.54326e-05 0.55145 1.8134 0 0
6.306 6.98616e-05 0.555718 1.79947 0 0
6.366 6.47202e-05 0.559906 1.78601 0 0
6.426 5.99737e-05 0.564015 1.773 0 0
6.486 5.55902e-05 0.568048 1.76041 0 0
6.546 5.15405e-05 0.572007 1.74823 0 0
6.606 4.77981e-05 0.575895 1.73643 0 0
6.666 4.43385e-05 0.579712 1.72499 0 0
6.726 4.11394e-05 0.583461 1.71391 0 0
6.786 3.81801e-05 0.587144 1.70316 0 0
6.846 3.5442e-05 0.590762 1.69273 0 0
6.906 3.29078e-05 0.594318 1.6826 0 0
6.966 3.05616e-05 0.597812 1.67277 0 0
7.026 2.83888e-05 0.601247 1.66321 0 0
7.086 2.63762e-05 0.604623 1.65392 0 0
7.146 2.45114e-05 0.607943 1.64489 0 0
7.206 2.2783e-05 0.611207 1.63611 0 0
7.266 2.11808e-05 0.614418 1.62756 0 0
7.326 1.96951e-05 0.617576 1.61923 0 0
7.386 1.83171e-05 0.620682 1.61113 0 0
7.446 1.70388e-05 0.623739 1.60323 0 0
7.506 1.58526e-05 0.626747 1.59554 0 0
7.566 1.47516e-05 0.629707 1.58804 0 0
7.626 1.37296e-05 0.63262 1.58073 0 0
7.686 1.27805e-05 0.635488 1.57359 0 0
7.746 1.18991e-05 0.638311 1.56663 0 0
7.806 1.10804e-05 0.641091 1.55984 0 0
7.866 1.03196e-05 0.643829 1.55321 0 0
7.926 9.61266e-06 0.646525 1.54673 0 0
7.986 8.95554e-06 0.649181 1.5404 0 0
8.046 8.34463e-06 0.651797 1.53422 0 0
8.106 7.77658e-06 0.654374 1.52818 0 0
8.166 7.24827e-06 0.656914 1.52227 0 0
8.226 6.75685e-06 0.659416 1.51649 0 0
8.286 6.29964e-06 0.661883 1.51084 0 0
8.346 5.8742e-06 0.664313 1.50531 0 0
8.406 5.47825e-06 0.666709 1.4999 0 0
8.466 5.10968e-06 0.669072 1.49461 0 0
8.526 4.76654e-06 0.6714 1.48942 0 0
8.586 4.44702e-06 0.673697 1.48435 0 0
8.646 4.14946e-06 0.675961 1.47938 0 0
8.706 3.87229e-06 0.678194 1.4745 0 0
8.766 3.61408e-06 0.680397 1.46973 0 0
8.826 3.37349e-06 0.68257 1.46505 0 0
8.886 3.14929e-06 0.684713 1.46047 0 0
8.946 2.94034e-06 0.686828 1.45597 0 0
9.006 2.74555e-06 0.688914 1.45156 0 0
9.066 2.56396e-06 0.690973 1.44723 0 0
9.126 2.39463e-06 0.693005 1.44299 0 0
9.186 2.23673e-06 0.69501 1.43883 0 0
9.246 2.08945e-06 0.696989 1.43474 0 0
9.306 1.95206e-06 0.698943 1.43073 0 0
9.366 1.82389e-06 0.700871 1.4268 0 0
9.426 1.70429e-06 0.702775 1.42293 0 0
9.486 1.59268e-06 0.704655 1.41913 0 0
9.546 1.48851e-06 0.706512 1.4154 0 0
9.606 1.39127e-06 0.708345 1.41174 0 0
9.666 1.30049e-06 0.710155 1.40814 0 0
9.726 1.21573e-06 0.711943 1.40461 0 0
9.786 1.13657e-06 0.713709 1.40113 0 0
9.846 1.06264e-06 0.715454 1.39771 0 0
9.906 9.93588e-07 0.717177 1.39436 0 0
9.966 9.29074e-07 0.71888 1.39105 0 0
10.026 8.68795e-07 0.720562 1.3878 0 0
10.086 8.12466e-07 0.722225 1.38461 0 0
10.146 7.59819e-07 0.723867 1.38147 0 0
10.206 7.10607e-07 0.725491 1.37838 0 0
10.266 6.64599e-07 0.727095 1.37534 0 0
10.326 6.2158e-07 0.728681 1.37234 0 0
10.386 5.81348e-07 0.730248 1.3694 0 0
10.446 5.43718e-07 0.731798 1.3665 0 0
10.506 5.08514e-07 0.733329 1.36364 0 0
10.566 4.75575e-07 0.734844 1.36083 0 0
10.626 4.44748e-07 0.736341 1.35807 0 0
10.686 4.15893e-07 0.737821 1.35534 0 0
10.746 3.88877e-07 0.739285 1.35266 0 0
10.806 3.63578e-07 0.740733 1.35001 0 0
10.866 3.39881e-07 0.742165 1.34741 0 0
10.926 3.17678e-07 0.74358 1.34484 0 0
10.986 2.9687e-07 0.744981 1.34232 0 0
11.046 2.77362e-07 0.746366 1.33983 0 0
11.106 2.59069e-07 0.747736 1.33737 0 0
11.166 2.41907e-07 0.749092 1.33495 0 0
11.226 2.25801e-07 0.750433 1.33256 0 0
11.286 2.1068e-07 0.75176 1.33021 0 0
11.346 1.96476e-07 0.753072 1.32789 0 0
11.406 1.83128e-07 0.754371 1.32561 0 0
11.466 1.70576e-07 0.755657 1.32335 0 0
11.526 1.58767e-07 0.756929 1.32113 0 0
11.586 1.47648e-07 0.758187 1.31894 0 0
11.646 1.37173e-07 0.759433 1.31677 0 0
11.706 1.27294e-07 0.760666 1.31464 0 0
11.766 1.17972e-07 0.761887 1.31253 0 0
11.826 1.09164e-07 0.763095 1.31045 0 0
11.886 1.00835e-07 0.764291 1.3084 0 0
11.946 9.29497e-08 0.765475 1.30638 0 0
12.006 8.54739e-08 0.766647 1.30438 0 0
12.066 7.83769e-08 0.767807 1.30241 0 0
12.126 7.16294e-08 0.768956 1.30046 0 0
12.186 6.52036e-08 0.770094 1.29854 0 0
12.246 5.90732e-08 0.77122 1.29665 0 0
12.306 5.32133e-08 0.772335 1.29477 0 0
12.366 4.76003e-08 0.77344 1.29293 0 0
12.426 4.22119e-08 0.774534 1.2911 0 0
12.486 3.70267e-08 0.775617 1.2893 0 0
12.546 3.20243e-08 0.776691 1.28751 0 0
12.606 2.71853e-08 0.777753 1.28575 0 0
12.666 2.24911e-08 0.778806 1.28402 0 0
12.726 1.79239e-08 0.779849 1.2823 0 0
12.786 1.34664e-08 0.780882 1.2806 0 0
12.846 9.10203e-09 0.781906 1.27893 0 0
12.906 4.81472e-09 0.78292 1.27727 0 0
12.966 5.88867e-10 0.783924 1.27563 0 0
13.026 3.7481e-10 0.784919 1.27402 0 0
13.086 3.7481e-10 0.785906 1.27242 0 0
13.146 3.7481e-10 0.786883 1.27084 0 0
13.206 3.7481e-10 0.787851 1.26928 0 0
13.266 3.7481e-10 0.78881 1.26773 0 0
13.326 3.7481e-10 0.789761 1.26621 0 0
13.386 3.7481e-10 0.790704 1.2647 0 0
13.446 3.7481e-10 0.791638 1.2632 0 0
13.506 3.7481e-10 0.792563 1.26173 0 0
13.566 3.7481e-10 0.793481 1.26027 0 0
13.626 3.7481e-10 0.79439 1.25883 0 0
13.686 3.7481e-10 0.795292 1.2574 0 0
13.746 3.7481e-10 0.796185 1.25599 0 0
13.806 3.7481e-10 0.797071 1.25459 0 0
13.866 3.7481e-10 0.797949 1.25321 0 0
13.926 3.7481e-10 0.798819 1.25185 0 0
13.986 3.7481e-10 0.799683 1.2505 0 0
14.046 3.7481e-10 0.800538 1.24916 0 0
14.106 3.7481e-10 0.801387 1.24784 0 0
14.166 3.7481e-10 0.802228 1.24653 0 0
14.226 3.7481e-10 0.803062 1.24523 0 0
14.286 3.7481e-10 0.803889 1.24395 0 0
14.346 3.7481e-10 0.804709 1.24268 0 0
14.406 3.7481e-10 0.805523 1.24143 0 0
14.466 3.7481e-10 0.806329 1.24019 0 0
14.526 3.7481e-10 0.807129 1.23896 0 0
14.586 3.7481e-10 0.807923 1.23774 0 0
14.646 3.7481e-10 0.80871 1.23654 0 0
14.706 3.7481e-10 0.80949 1.23535 0 0
14.766 3.7481e-10 0.810264 1.23417 0 0
14.826 3.7481e-10 0.811032 1.233 0 0
14.886 3.7481e-10 0.811794 1.23184 0 0
14.946 3.7481e-10 0.812549 1.23069 0 0
15.006 3.7481e-10 0.813299 1.22956 0 0
15.066 3.7481e-10 0.814042 1.22844 0 0
15.126 3.7481e-10 0.81478 1.22733 0 0
15.186 3.7481e-10 0.815512 1.22622 0 0
15.246 3.7481e-10 0.816238 1.22513 0 0
15.306 3.7481e-10 0.816958 1.22405 0 0
15.366 3.7481e-10 0.817673 1.22298 0 0
15.426 3.7481e-10 0.818382 1.22192 0 0
15.486 3.7481e-10 0.819086 1.22087 0 0
15.546 3.7481e-10 0.819784 1.21983 0 0
15.606 3.7481e-10 0.820477 1.2188 0 0
15.666 3.7481e-10 0.821164 1.21778 0 0
15.726 3.7481e-10 0.821847 1.21677 0 0
15.786 3.7481e-10 0.822524 1.21577 0 0
15.846 3.7481e-10 0.823196 1.21478 0 0
15.906 3.7481e-10 0.823863 1.21379 0 0
15.966 3.7481e-10 0.824525 1.21282 0 0
16.026 3.7481e-10 0.825182 1.21185 0 0
16.086 3.7481e-10 0.825834 1.2109 0 0
16.146 3.7481e-10 0.826481 1.20995 0 0
16.206 3.7481e-10 0.827123 1.20901 0 0
16.266 3.7481e-10 0.827761 1.20808 0 0
16.326 3.7481e-10 0.828394 1.20716 0 0
16.386 3.7481e-10 0.829022 1.20624 0 0
16.446 3.7481e-10 0.829646 1.20533 0 0
16.506 3.7481e-10 0.830265 1.20443 0 0
16.566 3.7481e-10 0.83088 1.20354 0 0
16.626 3.7481e-10 0.83149 1.20266 0 0
16.686 3.7481e-10 0.832096 1.20178 0 0
16.746 3.7481e-10 0.832698 1.20092 0 0
16.806 3.7481e-10 0.833295 1.20005 0 0
16.866 3.7481e-10 0.833888 1.1992 0 0
16.926 3.7481e-10 0.834477 1.19836 0 0
16.986 3.7481e-10 0.835062 1.19752 0 0
17.046 3.7481e-10 0.835642 1.19668 0 0
17.106 3.7481e-10 0.836219 1.19586 0 0
17.166 3.7481e-10 0.836791 1.19504 0 0
17.226 3.7481e-10 0.83736 1.19423 0 0
17.286 3.7481e-10 0.837924 1.19343 0 0
17.346 3.7481e-10 0.838485 1.19263 0 0
17.406 3.7481e-10 0.839042 1.19184 0 0
17.466 3.7481e-10 0.839595 1.19105 0 0
17.526 3.7481e-10 0.840144 1.19027 0 0
17.586 3.7481e-10 0.840689 1.1895 0 0
17.646 3.7481e-10 0.841231 1.18873 0 0
17.706 3.7481e-10 0.841769 1.18797 0 0
17.766 3.7481e-10 0.842303 1.18722 0 0
17.826 3.7481e-10 0.842834 1.18647 0 0
17.886 3.7481e-10 0.843361 1.18573 0 0
17.946 3.7481e-10 0.843885 1.185 0 0
18.006 3.7481e-10 0.844405 1.18427 0 0
18.066 3.7481e-10 0.844922 1.18354 0 0
18.126 3.7481e-10 0.845435 1.18282 0 0
18.186 3.7481e-10 0.845945 1.18211 0 0
18.246 3.7481e-10 0.846452 1.1814 0 0
18.306 3.7481e-10 0.846955 1.1807 0 0
18.366 3.7481e-10 0.847455 1.18 0 0
18.426 3.7481e-10 0.847952 1.17931 0 0
18.486 3.7481e-10 0.848445 1.17863 0 0
18.546 3.7481e-10 0.848936 1.17795 0 0
18.606 3.7481e-10 0.849423 1.17727 0 0
18.666 3.7481e-10 0.849907 1.1766 0 0
18.726 3.7481e-10 0.850388 1.17593 0 0
18.786 3.7481e-10 0.850866 1.17527 0 0
18.846 3.7481e-10 0.85134 1.17462 0 0
18.906 3.7481e-10 0.851812 1.17397 0 0
18.966 3.7481e-10 0.852281 1.17332 0 0
19.026 3.7481e-10 0.852747 1.17268 0 0
19.086 3.7481e-10 0.85321 1.17204 0 0
19.146 3.7481e-10 0.85367 1.17141 0 0
19.206 3.7481e-10 0.854127 1.17079 0 0
19.266 3.7481e-10 0.854581 1.17016 0 0
19.326 3.7481e-10 0.855033 1.16955 0 0
19.386 3.7481e-10 0.855481 1.16893 0 0
19.446 3.7481e-10 0.855927 1.16832 0 0
19.506 3.7481e-10 0.85637 1.16772 0 0
19.566 3.7481e-10 0.856811 1.16712 0 0
19.626 3.7481e-10 0.857249 1.16652 0 0
19.686 3.7481e-10 0.857684 1.16593 0 0
19.746 3.7481e-10 0.858116 1.16534 0 0
19.806 3.7481e-10 0.858546 1.16476 0 0
19.866 3.7481e-10 0.858973 1.16418 0 0
19.926 3.7481e-10 0.859398 1.16361 0 0
19.986 3.7481e-10 0.85982 1.16303 0 0
20.046 3.7481e-10 0.860239 1.16247 0 0
20.106 3.7481e-10 0.860656 1.1619 0 0
20.166 3.7481e-10 0.861071 1.16134 0 0
20.226 3.7481e-10 0.861483 1.16079 0 0
20.286 3.7481e-10 0.861893 1.16024 0 0
20.346 3.7481e-10 0.8623 1.15969 0 0
20.406 3.7481e-10 0.862705 1.15914 0 0
20.466 3.7481e-10 0.863108 1.1586 0 0
20.526 3.7481e-10 0.863508 1.15807 0 0
20.586 3.7481e-10 0.863906 1.15753 0 0
20.646 3.7481e-10 0.864301 1.157 0 0
20.706 3.7481e-10 0.864694 1.15648 0 0
20.766 3.7481e-10 0.865085 1.15596 0 0
20.826 3.7481e-10 0.865474 1.15544 0 0
20.886 3.7481e-10 0.86586 1.15492 0 0
20.946 3.7481e-10 0.866245 1.15441 0 0
21.006 3.7481e-10 0.866627 1.1539 0 0
21.066 3.7481e-10 0.867007 1.15339 0 0
21.126 3.7481e-10 0.867384 1.15289 0 0
21.186 3.7481e-10 0.86776 1.15239 0 0
21.246 3.7481e-10 0.868133 1.1519 0 0
21.306 3.7481e-10 0.868505 1.1514 0 0
21.366 3.7481e-10 0.868874 1.15092 0 0
21.426 3.7481e-10 0.869241 1.15043 0 0
21.486 3.7481e-10 0.869606 1.14995 0 0
21.546 3.7481e-10 0.869969 1.14947 0 0
21.606 3.7481e-10 0.87033 1.14899 0 0
21.666 3.7481e-10 0.87069 1.14852 0 0
21.726 3.7481e-10 0.871047 1.14804 0 0
21.786 3.7481e-10 0.871402 1.14758 0 0
21.846 3.7481e-10 0.871755 1.14711 0 0
21.906 3.7481e-10 0.872106 1.14665 0 0
21.966 3.7481e-10 0.872456 1.14619 0 0
22.026 3.7481e-10 0.872803 1.14573 0 0
22.086 3.7481e-10 0.873149 1.14528 0 0
22.146 3.7481e-10 0.873492 1.14483 0 0
22.206 3.7481e-10 0.873834 1.14438 0 0
22.266 3.7481e-10 0.874174 1.14394 0 0
22.326 3.7481e-10 0.874512 1.14349 0 0
22.386 3.7481e-10 0.874849 1.14305 0 0
22.446 3.7481e-10 0.875183 1.14262 0 0
22.506 3.7481e-10 0.875516 1.14218 0 0
22.566 3.7481e-10 0.875847 1.14175 0 0
22.626 3.7481e-10 0.876176 1.14132 0 0
22.686 3.7481e-10 0.876504 1.1409 0 0
22.746 3.7481e-10 0.876829 1.14047 0 0
22.806 3.7481e-10 0.877153 1.14005 0 0
22.866 3.7481e-10 0.877476 1.13963 0 0
22.926 3.7481e-10 0.877796 1.13922 0 0
22.986 3.7481e-10 0.878115 1.1388 0 0
23.046 3.7481e-10 0.878433 1.13839 0 0
23.106 3.7481e-10 0.878748 1.13798 0 0
23.166 3.7481e-10 0.879062 1.13758 0 0
23.226 3.7481e-10 0.879375 1.13717 0 0
23.286 3.7481e-10 0.879686 1.13677 0 0
23.346 3.7481e-10 0.879995 1.13637 0 0
23.406 3.7481e-10 0.880302 1.13597 0 0
23.466 3.7481e-10 0.880609 1.13558 0 0
23.526 3.7481e-10 0.880913 1.13519 0 0
23.586 3.7481e-10 0.881216 1.1348 0 0
23.646 3.7481e-10 0.881517 1.13441 0 0
23.706 3.7481e-10 0.881817 1.13402 0 0
23.766 3.7481e-10 0.882116 1.13364 0 0
23.826 3.7481e-10 0.882412 1.13326 0 0
23.886 3.7481e-10 0.882708 1.13288 0 0
23.946 3.7481e-10 0.883002 1.1325 0 0
24.006 3.7481e-10 0.883294 1.13213 0 0
24.066 3.7481e-10 0.883585 1.13175 0 0
24.126 3.7481e-10 0.883875 1.13138 0 0
24.186 3.7481e-10 0.884163 1.13101 0 0
24.246 3.7481e-10 0.884449 1.13065 0 0
24.306 3.7481e-10 0.884735 1.13028 0 0
24.366 3.7481e-10 0.885018 1.12992 0 0
24.426 3.7481e-10 0.885301 1.12956 0 0
24.486 3.7481e-10 0.885582 1.1292 0 0
24.546 3.7481e-10 0.885862 1.12884 0 0
24.606 3.7481e-10 0.88614 1.12849 0 0
24.666 3.7481e-10 0.886417 1.12814 0 0
24.726 3.7481e-10 0.886693 1.12779 0 0
24.786 3.7481e-10 0.886967 1.12744 0 0
24.846 3.7481e-10 0.88724 1.12709 0 0
24.906 3.7481e-10 0.887511 1.12675 0 0
24.966 3.7481e-10 0.887782 1.1264 0 0
25.026 3.7481e-10 0.888051 1.12606 0 0
25.086 3.7481e-10 0.888319 1.12572 0 0
25.146 3.7481e-10 0.888585 1.12538 0 0
25.206 3.7481e-10 0.88885 1.12505 0 0
25.266 3.7481e-10 0.889114 1.12471 0 0
25.326 3.7481e-10 0.889377 1.12438 0 0
25.386 3.7481e-10 0.889638 1.12405 0 0
25.446 3.7481e-10 0.889899 1.12372 0 0
25.506 3.7481e-10 0.890158 1.1234 0 0
25.566 3.7481e-10 0.890415 1.12307 0 0
25.626 3.7481e-10 0.890672 1.12275 0 0
25.686 3.7481e-10 0.890927 1.12243 0 0
25.746 3.7481e-10 0.891182 1.12211 0 0
25.806 3.7481e-10 0.891435 1.12179 0 0
25.866 3.7481e-10 0.891686 1.12147 0 0
25.926 3.7481e-10 0.891937 1.12116 0 0
25.986 3.7481e-10 0.892187 1.12084 0 0
26.046 3.7481e-10 0.892435 1.12053 0 0
26.106 3.7481e-10 0.892682 1.12022 0 0
26.166 3.7481e-10 0.892928 1.11991 0 0
26.226 3.7481e-10 0.893173 1.1196 0 0
26.286 3.7481e-10 0.893417 1.1193 0 0
26.346 3.7481e-10 0.89366 1.11899 0 0
26.406 3.7481e-10 0.893901 1.11869 0 0
26.466 3.7481e-10 0.894142 1.11839 0 0
26.526 3.7481e-10 0.894381 1.11809 0 0
26.586 3.7481e-10 0.89462 1.11779 0 0
26.646 3.7481e-10 0.894857 1.1175 0 0
26.706 3.7481e-10 0.895093 1.1172 0 0
26.766 3.7481e-10 0.895328 1.11691 0 0
26.826 3.7481e-10 0.895562 1.11662 0 0
26.886 3.7481e-10 0.895796 1.11633 0 0
26.946 3.7481e-10 0.896028 1.11604 0 0
27.006 3.7481e-10 0.896259 1.11575 0 0
27.066 3.7481e-10 0.896489 1.11546 0 0
27.126 3.7481e-10 0.896718 1.11518 0 0
27.186 3.7481e-10 0.896945 1.11489 0 0
27.246 3.7481e-10 0.897172 1.11461 0 0
27.306 3.7481e-10 0.897398 1.11433 0 0
27.366 3.7481e-10 0.897623 1.11405 0 0
27.426 3.7481e-10 0.897847 1.11378 0 0
27.486 3.7481e-10 0.89807 1.1135 0 0
27.546 3.7481e-10 0.898292 1.11322 0 0
27.606 3.7481e-10 0.898513 1.11295 0 0
27.666 3.7481e-10 0.898733 1.11268 0 0
27.726 3.7481e-10 0.898953 1.11241 0 0
27.786 3.7481e-10 0.899171 1.11214 0 0
27.846 3.7481e-10 0.899388 1.11187 0 0
27.906 3.7481e-10 0.899604 1.1116 0 0
27.966 3.7481e-10 0.89982 1.11133 0 0
28.026 3.7481e-10 0.900034 1.11107 0 0
28.086 3.7481e-10 0.900248 1.11081 0 0
28.146 3.7481e-10 0.90046 1.11054 0 0
28.206 3.7481e-10 0.900672 1.11028 0 0
28.266 3.7481e-10 0.900883 1.11002 0 0
28.326 3.7481e-10 0.901093 1.10976 0 0
28.386 3.7481e-10 0.901302 1.10951 0 0
28.446 3.7481e-10 0.90151 1.10925 0 0
28.506 3.7481e-10 0.901718 1.10899 0 0
28.566 3.7481e-10 0.901924 1.10874 0 0
28.626 3.7481e-10 0.90213 1.10849 0 0
28.686 3.7481e-10 0.902334 1.10824 0 0
28.746 3.7481e-10 0.902538 1.10799 0 0
28.806 3.7481e-10 0.902741 1.10774 0 0
28.866 3.7481e-10 0.902943 1.10749 0 0
28.926 3.7481e-10 0.903145 1.10724 0 0
28.986 3.7481e-10 0.903345 1.107 0 0
29.046 3.7481e-10 0.903545 1.10675 0 0
29.106 3.7481e-10 0.903744 1.10651 0 0
29.166 3.7481e-10 0.903942 1.10627 0 0
29.226 3.7481e-10 0.904139 1.10602 0 0
29.286 3.7481e-10 0.904335 1.10578 0 0
29.346 3.7481e-10 0.904531 1.10555 0 0
29.406 3.7481e-10 0.904726 1.10531 0 0
29.466 3.7481e-10 0.90492 1.10507 0 0
29.526 3.7481e-10 0.905113 1.10483 0 0
29.586 3.7481e-10 0.905305 1.1046 0 0
29.646 3.7481e-10 0.905497 1.10437 0 0
29.706 3.7481e-10 0.905688 1.10413 0 0
29.766 3.7481e-10 0.905878 1.1039 0 0
29.826 3.7481e-10 0.906067 1.10367 0 0
29.886 3.7481e-10 0.906256 1.10344 0 0
29.946 3.7481e-10 0.906444 1.10321 0 0
30.006 3.7481e-10 0.906631 1.10298 0 0
30.066 3.7481e-10 0.906817 1.10276 0 0
30.126 3.7481e-10 0.907003 1.10253 0 0
30.186 3.7481e-10 0.907187 1.10231 0 0
30.246 3.7481e-10 0.907372 1.10208 0 0
30.306 3.7481e-10 0.907555 1.10186 0 0
30.366 3.7481e-10 0.907738 1.10164 0 0
30.426 3.7481e-10 0.90792 1.10142 0 0
30.486 3.7481e-10 0.908101 1.1012 0 0
30.546 3.7481e-10 0.908281 1.10098 0 0
30.606 3.7481e-10 0.908461 1.10076 0 0
30.666 3.7481e-10 0.90864 1.10055 0 0
30.726 3.7481e-10 0.908819 1.10033 0 0
30.786 3.7481e-10 0.908996 1.10011 0 0
30.846 3.7481e-10 0.909173 1.0999 0 0
30.906 3.7481e-10 0.90935 1.09969 0 0
30.966 3.7481e-10 0.909525 1.09947 0 0
31.026 3.7481e-10 0.9097 1.09926 0 0
31.086 3.7481e-10 0.909875 1.09905 0 0
31.146 3.7481e-10 0.910048 1.09884 0 0
31.206 3.7481e-10 0.910221 1.09863 0 0
31.266 3.7481e-10 0.910393 1.09843 0 0
31.326 3.7481e-10 0.910565 1.09822 0 0
31.386 3.7481e-10 0.910736 1.09801 0 0
31.446 3.7481e-10 0.910906 1.09781 0 0
31.506 3.7481e-10 0.911076 1.0976 0 0
31.566 3.7481e-10 0.911245 1.0974 0 0
31.626 3.7481e-10 0.911413 1.0972 0 0
31.686 3.7481e-10 0.911581 1.097 0 0
31.746 3.7481e-10 0.911748 1.09679 0 0
31.806 3.7481e-10 0.911915 1.09659 0 0
31.866 3.7481e-10 0.912081 1.09639 0 0
31.926 3.7481e-10 0.912246 1.0962 0 0
31.986 3.7481e-10 0.91241 1.096 0 0
32.046 3.7481e-10 0.912574 1.0958 0 0
32.106 3.7481e-10 0.912738 1.0956 0 0
32.166 3.7481e-10 0.912901 1.09541 0 0
32.226 3.7481e-10 0.913063 1.09522 0 0
32.286 3.7481e-10 0.913224 1.09502 0 0
32.346 3.7481e-10 0.913385 1.09483 0 0
32.406 3.7481e-10 0.913546 1.09464 0 0
32.466 3.7481e-10 0.913705 1.09444 0 0
32.526 3.7481e-10 0.913865 1.09425 0 0
32.586 3.7481e-10 0.914023 1.09406 0 0
32.646 3.7481e-10 0.914181 1.09388 0 0
32.706 3.7481e-10 0.914339 1.09369 0 0
32.766 3.7481e-10 0.914495 1.0935 0 0
32.826 3.7481e-10 0.914652 1.09331 0 0
32.886 3.7481e-10 0.914808 1.09313 0 0
32.946 3.7481e-10 0.914963 1.09294 0 0
33.006 3.7481e-10 0.915117 1.09276 0 0
33.066 3.7481e-10 0.915271 1.09257 0 0
33.126 3.7481e-10 0.915425 1.09239 0 0
33.186 3.7481e-10 0.915578 1.09221 0 0
33.246 3.7481e-10 0.91573 1.09202 0 0
33.306 3.7481e-10 0.915882 1.09184 0 0
33.366 3.7481e-10 0.916033 1.09166 0 0
33.426 3.7481e-10 0.916184 1.09148 0 0
33.486 3.7481e-10 0.916334 1.09131 0 0
33.546 3.7481e-10 0.916484 1.09113 0 0
33.606 3.7481e-10 0.916633 1.09095 0 0
33.666 3.7481e-10 0.916781 1.09077 0 0
33.726 3.7481e-10 0.916929 1.0906 0 0
33.786 3.7481e-10 0.917077 1.09042 0 0
33.846 3.7481e-10 0.917224 1.09025 0 0
33.906 3.7481e-10 0.91737 1.09007 0 0
33.966 3.7481e-10 0.917516 1.0899 0 0
34.026 3.7481e-10 0.917662 1.08973 0 0
34.086 3.7481e-10 0.917807 1.08955 0 0
34.146 3.7481e-10 0.917951 1.08938 0 0
34.206 3.7481e-10 0.918095 1.08921 0 0
34.266 3.7481e-10 0.918238 1.08904 0 0
34.326 3.7481e-10 0.918381 1.08887 0 0
34.386 3.7481e-10 0.918524 1.0887 0 0
34.446 3.7481e-10 0.918666 1.08854 0 0
34.506 3.7481e-10 0.918807 1.08837 0 0
34.566 3.7481e-10 0.918948 1.0882 0 0
34.626 3.7481e-10 0.919089 1.08803 0 0
34.686 3.7481e-10 0.919228 1.08787 0 0
34.746 3.7481e-10 0.919368 1.0877 0 0
34.806 3.7481e-10 0.919507 1.08754 0 0
34.866 3.7481e-10 0.919645 1.08738 0 0
34.926 3.7481e-10 0.919784 1.08721 0 0
34.986 3.7481e-10 0.919921 1.08705 0 0
35.046 3.7481e-10 0.920058 1.08689 0 0
35.106 3.7481e-10 0.920195 1.08673 0 0
35.166 3.7481e-10 0.920331 1.08657 0 0
35.226 3.7481e-10 0.920467 1.08641 0 0
35.286 3.7481e-10 0.920602 1.08625 0 0
35.346 3.7481e-10 0.920737 1.08609 0 0
35.406 3.7481e-10 0.920871 1.08593 0 0
35.466 3.7481e-10 0.921005 1.08577 0 0
35.526 3.7481e-10 0.921138 1.08561 0 0
35.586 3.7481e-10 0.921271 1.08546 0 0
35.646 3.7481e-10 0.921404 1.0853 0 0
35.706 3.7481e-10 0.921536 1.08514 0 0
35.766 3.7481e-10 0.921667 1.08499 0 0
35.826 3.7481e-10 0.921799 1.08484 0 0
35.886 3.7481e-10 0.921929 1.08468 0 0
35.946 3.7481e-10 0.92206 1.08453 0 0
36.006 3.7481e-10 0.92219 1.08438 0 0
36.066 3.7481e-10 0.922319 1.08422 0 0
36.126 3.7481e-10 0.922448 1.08407 0 0
36.186 3.7481e-10 0.922577 1.08392 0 0
36.246 3.7481e-10 0.922705 1.08377 0 0
36.306 3.7481e-10 0.922833 1.08362 0 0
36.366 3.7481e-10 0.92296 1.08347 0 0
36.426 3.7481e-10 0.923087 1.08332 0 0
36.486 3.7481e-10 0.923213 1.08317 0 0
36.546 3.7481e-10 0.923339 1.08303 0 0
36.606 3.7481e-10 0.923465 1.08288 0 0
36.666 3.7481e-10 0.92359 1.08273 0 0
36.726 3.7481e-10 0.923715 1.08258 0 0
36.786 3.7481e-10 0.923839 1.08244 0 0
36.846 3.7481e-10 0.923964 1.08229 0 0
36.906 3.7481e-10 0.924087 1.08215 0 0
36.966 3.7481e-10 0.92421 1.082 0 0
37.026 3.7481e-10 0.924333 1.08186 0 0
37.086 3.7481e-10 0.924456 1.08172 0 0
37.146 3.7481e-10 0.924578 1.08157 0 0
37.206 3.7481e-10 0.924699 1.08143 0 0
37.266 3.7481e-10 0.92482 1.08129 0 0
37.326 3.7481e-10 0.924941 1.08115 0 0
37.386 3.7481e-10 0.925062 1.08101 0 0
37.446 3.7481e-10 0.925182 1.08087 0 0
37.506 3.7481e-10 0.925302 1.08073 0 0
37.566 3.7481e-10 0.925421 1.08059 0 0
37.626 3.7481e-10 0.92554 1.08045 0 0
37.686 3.7481e-10 0.925658 1.08031 0 0
37.746 3.7481e-10 0.925776 1.08017 0 0
37.806 3.7481e-10 0.925894 1.08004 0 0
37.866 3.7481e-10 0.926012 1.0799 0 0
37.926 3.7481e-10 0.926129 1.07976 0 0
37.986 3.7481e-10 0.926245 1.07963 0 0
38.046 3.7481e-10 0.926362 1.07949 0 0
38.106 3.7481e-10 0.926478 1.07936 0 0
38.166 3.7481e-10 0.926593 1.07922 0 0
38.226 3.7481e-10 0.926709 1.07909 0 0
38.286 3.7481e-10 0.926823 1.07895 0 0
38.346 3.7481e-10 0.926938 1.07882 0 0
38.406 3.7481e-10 0.927052 1.07869 0 0
38.466 3.7481e-10 0.927166 1.07856 0 0
38.526 3.7481e-10 0.927279 1.07842 0 0
38.586 3.7481e-10 0.927392 1.07829 0 0
38.646 3.7481e-10 0.927505 1.07816 0 0
38.706 3.7481e-10 0.927617 1.07803 0 0
38.766 3.7481e-10 0.927729 1.0779 0 0
38.826 3.7481e-10 0.927841 1.07777 0 0
38.886 3.7481e-10 0.927952 1.07764 0 0
38.946 3.7481e-10 0.928063 1.07751 0 0
39.006 3.7481e-10 0.928174 1.07738 0 0
39.066 3.7481e-10 0.928284 1.07726 0 0
39.126 3.7481e-10 0.928394 1.07713 0 0
39.186 3.7481e-10 0.928504 1.077 0 0
39.246 3.7481e-10 0.928613 1.07687 0 0
39.306 3.7481e-10 0.928722 1.07675 0 0
39.366 3.7481e-10 0.928831 1.07662 0 0
39.426 3.7481e-10 0.928939 1.0765 0 0
39.486 3.7481e-10 0.929047 1.07637 0 0
39.546 3.7481e-10 0.929155 1.07625 0 0
39.606 3.7481e-10 0.929262 1.07612 0 0
39.666 3.7481e-10 0.929369 1.076 0 0
39.726 3.7481e-10 0.929476 1.07588 0 0
39.786 3.7481e-10 0.929582 1.07575 0 0
39.846 3.7481e-10 0.929688 1.07563 0 0
39.906 3.7481e-10 0.929794 1.07551 0 0
39.966 3.7481e-10 0.929899 1.07539 0 0
40.026 3.7481e-10 0.930004 1.07526 0 0
40.086 3.7481e-10 0.930109 1.07514 0 0
40.146 3.7481e-10 0.930214 1.07502 0 0
40.206 3.7481e-10 0.930318 1.0749 0 0
40.266 3.7481e-10 0.930422 1.07478 0 0
40.326 3.7481e-10 0.930525 1.07466 0 0
40.386 3.7481e-10 0.930628 1.07454 0 0
40.446 3.7481e-10 0.930731 1.07442 0 0
40.506 3.7481e-10 0.930834 1.07431 0 0
40.566 3.7481e-10 0.930936 1.07419 0 0
40.626 3.7481e-10 0.931038 1.07407 0 0
40.686 3.7481e-10 0.93114 1.07395 0 0
40.746 3.7481e-10 0.931241 1.07384 0 0
40.806 3.7481e-10 0.931342 1.07372 0 0
40.866 3.7481e-10 0.931443 1.0736 0 0
40.926 3.7481e-10 0.931544 1.07349 0 0
40.986 3.7481e-10 0.931644 1.07337 0 0
41.046 3.7481e-10 0.931744 1.07326 0 0
41.106 3.7481e-10 0.931844 1.07314 0 0
41.166 3.7481e-10 0.931943 1.07303 0 0
41.226 3.7481e-10 0.932042 1.07291 0 0
41.286 3.7481e-10 0.932141 1.0728 0 0
41.346 3.7481e-10 0.932239 1.07269 0 0
41.406 3.7481e-10 0.932337 1.07257 0 0
41.466 3.7481e-10 0.932435 1.07246 0 0
41.526 3.7481e-10 0.932533 1.07235 0 0
41.586 3.7481e-10 0.93263 1.07224 0 0
41.646 3.7481e-10 0.932727 1.07212 0 0
41.706 3.7481e-10 0.932824 1.07201 0 0
41.766 3.7481e-10 0.932921 1.0719 0 0
41.826 3.7481e-10 0.933017 1.07179 0 0
41.886 3.7481e-10 0.933113 1.07168 0 0
41.946 3.7481e-10 0.933208 1.07157 0 0
42.006 3.7481e-10 0.933304 1.07146 0 0
42.066 3.7481e-10 0.933399 1.07135 0 0
42.126 3.7481e-10 0.933494 1.07124 0 0
42.186 3.7481e-10 0.933588 1.07114 0 0
42.246 3.7481e-10 0.933683 1.07103 0 0
42.306 3.7481e-10 0.933777 1.07092 0 0
42.366 3.7481e-10 0.933871 1.07081 0 0
42.426 3.7481e-10 0.933964 1.07071 0 0
42.486 3.7481e-10 0.934057 1.0706 0 0
42.546 3.7481e-10 0.93415 1.07049 0 0
42.606 3.7481e-10 0.934243 1.07039 0 0
42.666 3.7481e-10 0.934336 1.07028 0 0
42.726 3.7481e-10 0.934428 1.07017 0 0
42.786 3.7481e-10 0.93452 1.07007 0 0
42.846 3.7481e-10 0.934611 1.06996 0 0
42.906 3.7481e-10 0.934703 1.06986 0 0
42.966 3.7481e-10 0.934794 1.06975 0 0
43.026 3.7481e-10 0.934885 1.06965 0 0
43.086 3.7481e-10 0.934976 1.06955 0 0
43.146 3.7481e-10 0.935066 1.06944 0 0
43.206 3.7481e-10 0.935156 1.06934 0 0
43.266 3.7481e-10 0.935246 1.06924 0 0
43.326 3.7481e-10 0.935336 1.06913 0 0
43.386 3.7481e-10 0.935425 1.06903 0 0
43.446 3.7481e-10 0.935514 1.06893 0 0
43.506 3.7481e-10 0.935603 1.06883 0 0
43.566 3.7481e-10 0.935692 1.06873 0 0
43.626 3.7481e-10 0.93578 1.06863 0 0
43.686 3.7481e-10 0.935869 1.06853 0 0
43.746 3.7481e-10 0.935957 1.06843 0 0
43.806 3.7481e-10 0.936044 1.06833 0 0
43.866 3.7481e-10 0.936132 1.06823 0 0
43.926 3.7481e-10 0.936219 1.06813 0 0
43.986 3.7481e-10 0.936306 1.06803 0 0
44.046 3.7481e-10 0.936393 1.06793 0 0
44.106 3.7481e-10 0.936479 1.06783 0 0
44.166 3.7481e-10 0.936566 1.06773 0 0
44.226 3.7481e-10 0.936652 1.06763 0 0
44.286 3.7481e-10 0.936738 1.06753 0 0
44.346 3.7481e-10 0.936823 1.06744 0 0
44.406 3.7481e-10 0.936909 1.06734 0 0
44.466 3.7481e-10 0.936994 1.06724 0 0
44.526 3.7481e-10 0.937079 1.06715 0 0
44.586 3.7481e-10 0.937163 1.06705 0 0
44.646 3.7481e-10 0.937248 1.06695 0 0
44.706 3.7481e-10 0.937332 1.06686 0 0
44.766 3.7481e-10 0.937416 1.06676 0 0
44.826 3.7481e-10 0.9375 1.06667 0 0
44.886 3.7481e-10 0.937583 1.06657 0 0
44.946 3.7481e-10 0.937667 1.06648 0 0
45.006 3.7481e-10 0.93775 1.06638 0 0
45.066 3.7481e-10 0.937833 1.06629 0 0
45.126 3.7481e-10 0.937915 1.06619 0 0
45.186 3.7481e-10 0.937998 1.0661 0 0
45.246 3.7481e-10 0.93808 1.06601 0 0
45.306 3.7481e-10 0.938162 1.06591 0 0
45.366 3.7481e-10 0.938244 1.06582 0 0
45.426 3.7481e-10 0.938325 1.06573 0 0
45.486 3.7481e-10 0.938407 1.06564 0 0
45.546 3.7481e-10 0.938488 1.06554 0 0
45.606 3.7481e-10 0.938569 1.06545 0 0
45.666 3.7481e-10 0.938649 1.06536 0 0
45.726 3.7481e-10 0.93873 1.06527 0 0
45.786 3.7481e-10 0.93881 1.06518 0 0
45.846 3.7481e-10 0.93889 1.06509 0 0
45.906 3.7481e-10 0.93897 1.065 0 0
45.966 3.7481e-10 0.93905 1.06491 0 0
46.026 3.7481e-10 0.939129 1.06482 0 0
46.086 3.7481e-10 0.939208 1.06473 0 0
46.146 3.7481e-10 0.939287 1.06464 0 0
46.206 3.7481e-10 0.939366 1.06455 0 0
46.266 3.7481e-10 0.939445 1.06446 0 0
46.326 3.7481e-10 0.939523 1.06437 0 0
46.386 3.7481e-10 0.939602 1.06428 0 0
46.446 3.7481e-10 0.93968 1.06419 0 0
46.506 3.7481e-10 0.939757 1.0641 0 0
46.566 3.7481e-10 0.939835 1.06402 0 0
46.626 3.7481e-10 0.939912 1.06393 0 0
46.686 3.7481e-10 0.93999 1.06384 0 0
46.746 3.7481e-10 0.940067 1.06375 0 0
46.806 3.7481e-10 0.940144 1.06367 0 0
46.866 3.7481e-10 0.94022 1.06358 0 0
46.926 3.7481e-10 0.940297 1.06349 0 0
46.986 3.7481e-10 0.940373 1.06341 0 0
47.046 3.7481e-10 0.940449 1.06332 0 0
47.106 3.7481e-10 0.940525 1.06324 0 0
47.166 3.7481e-10 0.9406 1.06315 0 0
47.226 3.7481e-10 0.940676 1.06307 0 0
47.286 3.7481e-10 0.940751 1.06298 0 0
47.346 3.7481e-10 0.940826 1.0629 0 0
47.406 3.7481e-10 0.940901 1.06281 0 0
47.466 3.7481e-10 0.940976 1.06273 0 0
47.526 3.7481e-10 0.94105 1.06264 0 0
47.586 3.7481e-10 0.941125 1.06256 0 0
47.646 3.7481e-10 0.941199 1.06247 0 0
47.706 3.7481e-10 0.941273 1.06239 0 0
47.766 3.7481e-10 0.941347 1.06231 0 0
47.826 3.7481e-10 0.94142 1.06222 0 0
47.886 3.7481e-10 0.941494 1.06214 0 0
47.946 3.7481e-10 0.941567 1.06206 0 0
48.006 3.7481e-10 0.94164 1.06198 0 0
48.066 3.7481e-10 0.941713 1.0619 0 0
48.126 3.7481e-10 0.941785 1.06181 0 0
48.186 3.7481e-10 0.941858 1.06173 0 0
48.246 3.7481e-10 0.94193 1.06165 0 0
48.306 3.7481e-10 0.942002 1.06157 0 0
48.366 3.7481e-10 0.942074 1.06149 0 0
48.426 3.7481e-10 0.942146 1.06141 0 0
48.486 3.7481e-10 0.942218 1.06133 0 0
48.546 3.7481e-10 0.942289 1.06125 0 0
48.606 3.7481e-10 0.94236 1.06117 0 0
48.666 3.7481e-10 0.942431 1.06109 0 0
48.726 3.7481e-10 0.942502 1.06101 0 0
48.786 3.7481e-10 0.942573 1.06093 0 0
48.846 3.7481e-10 0.942643 1.06085 0 0
48.906 3.7481e-10 0.942714 1.06077 0 0
48.966 3.7481e-10 0.942784 1.06069 0 0
49.026 3.7481e-10 0.942854 1.06061 0 0
49.086 3.7481e-10 0.942924 1.06053 0 0
49.146 3.7481e-10 0.942994 1.06045 0 0
49.206 3.7481e-10 0.943063 1.06037 0 0
49.266 3.7481e-10 0.943132 1.0603 0 0
49.326 3.7481e-10 0.943202 1.06022 0 0
49.386 3.7481e-10 0.943271 1.06014 0 0
49.446 3.7481e-10 0.943339 1.06006 0 0
49.506 3.7481e-10 0.943408 1.05999 0 0
49.566 3.7481e-10 0.943477 1.05991 0 0
49.626 3.7481e-10 0.943545 1.05983 0 0
49.686 3.7481e-10 0.943613 1.05976 0 0
49.746 3.7481e-10 0.943681 1.05968 0 0
49.806 3.7481e-10 0.943749 1.0596 0 0
49.866 3.7481e-10 0.943817 1.05953 0 0
49.926 3.7481e-10 0.943884 1.05945 0 0
49.986 3.7481e-10 0.943951 1.05938 0 0
50.046 3.7481e-10 0.944019 1.0593 0 0
50.106 3.7481e-10 0.944086 1.05923 0 0
50.166 3.7481e-10 0.944153 1.05915 0 0
50.226 3.7481e-10 0.944219 1.05908 0 0
50.286 3.7481e-10 0.944286 1.059 0 0
50.346 3.7481e-10 0.944352 1.05893 0 0
50.406 3.7481e-10 0.944419 1.05885 0 0
50.466 3.7481e-10 0.944485 1.05878 0 0
50.526 3.7481e-10 0.944551 1.0587 0 0
50.586 3.7481e-10 0.944616 1.05863 0 0
50.646 3.7481e-10 0.944682 1.05856 0 0
50.706 3.7481e-10 0.944747 1.05848 0 0
50.766 3.7481e-10 0.944813 1.05841 0 0
50.826 3.7481e-10 0.944878 1.05834 0 0
50.886 3.7481e-10 0.944943 1.05827 0 0
50.946 3.7481e-10 0.945008 1.05819 0 0
51.006 3.7481e-10 0.945072 1.05812 0 0
51.066 3.7481e-10 0.945137 1.05805 0 0
51.126 3.7481e-10 0.945201 1.05798 0 0
51.186 3.7481e-10 0.945265 1.0579 0 0
51.246 3.7481e-10 0.94533 1.05783 0 0
51.306 3.7481e-10 0.945394 1.05776 0 0
51.366 3.7481e-10 0.945457 1.05769 0 0
51.426 3.7481e-10 0.945521 1.05762 0 0
51.486 3.7481e-10 0.945584 1.05755 0 0
51.546 3.7481e-10 0.945648 1.05748 0 0
51.606 3.7481e-10 0.945711 1.05741 0 0
51.666 3.7481e-10 0.945774 1.05734 0 0
51.726 3.7481e-10 0.945837 1.05726 0 0
51.786 3.7481e-10 0.9459 1.05719 0 0
51.846 3.7481e-10 0.945962 1.05712 0 0
51.906 3.7481e-10 0.946025 1.05705 0 0
51.966 3.7481e-10 0.946087 1.05699 0 0
52.026 3.7481e-10 0.946149 1.05692 0 0
52.086 3.7481e-10 0.946211 1.05685 0 0
52.146 3.7481e-10 0.946273 1.05678 0 0
52.206 3.7481e-10 0.946335 1.05671 0 0
52.266 3.7481e-10 0.946397 1.05664 0 0
52.326 3.7481e-10 0.946458 1.05657 0 0
52.386 3.7481e-10 0.946519 1.0565 0 0
52.446 3.7481e-10 0.94658 1.05643 0 0
52.506 3.7481e-10 0.946642 1.05637 0 0
52.566 3.7481e-10 0.946702 1.0563 0 0
52.626 3.7481e-10 0.946763 1.05623 0 0
52.686 3.7481e-10 0.946824 1.05616 0 0
52.746 3.7481e-10 0.946884 1.0561 0 0
52.806 3.7481e-10 0.946945 1.05603 0 0
52.866 3.7481e-10 0.947005 1.05596 0 0
52.926 3.7481e-10 0.947065 1.05589 0 0
52.986 3.7481e-10 0.947125 1.05583 0 0
53.046 3.7481e-10 0.947185 1.05576 0 0
53.106 3.7481e-10 0.947244 1.05569 0 0
53.166 3.7481e-10 0.947304 1.05563 0 0
53.226 3.7481e-10 0.947363 1.05556 0 0
53.286 3.7481e-10 0.947423 1.0555 0 0
53.346 3.7481e-10 0.947482 1.05543 0 0
53.406 3.7481e-10 0.947541 1.05536 0 0
53.466 3.7481e-10 0.9476 1.0553 0 0
53.526 3.7481e-10 0.947658 1.05523 0 0
53.586 3.7481e-10 0.947717 1.05517 0 0
53.646 3.7481e-10 0.947775 1.0551 0 0
53.706 3.7481e-10 0.947834 1.05504 0 0
53.766 3.7481e-10 0.947892 1.05497 0 0
53.826 3.7481e-10 0.94795 1.05491 0 0
53.886 3.7481e-10 0.948008 1.05484 0 0
53.946 3.7481e-10 0.948066 1.05478 0 0
54.006 3.7481e-10 0.948124 1.05471 0 0
54.066 3.7481e-10 0.948181 1.05465 0 0
54.126 3.7481e-10 0.948239 1.05459 0 0
54.186 3.7481e-10 0.948296 1.05452 0 0
54.246 3.7481e-10 0.948353 1.05446 0 0
54.306 3.7481e-10 0.94841 1.0544 0 0
54.366 3.7481e-10 0.948467 1.05433 0 0
54.426 3.7481e-10 0.948524 1.05427 0 0
54.486 3.7481e-10 0.948581 1.05421 0 0
54.546 3.7481e-10 0.948637 1.05414 0 0
54.606 3.7481e-10 0.948694 1.05408 0 0
54.666 3.7481e-10 0.94875 1.05402 0 0
54.726 3.7481e-10 0.948806 1.05396 0 0
54.786 3.7481e-10 0.948862 1.05389 0 0
54.846 3.7481e-10 0.948918 1.05383 0 0
54.906 3.7481e-10 0.948974 1.05377 0 0
54.966 3.7481e-10 0.94903 1.05371 0 0
55.026 3.7481e-10 0.949085 1.05365 0 0
55.086 3.7481e-10 0.949141 1.05358 0 0
55.146 3.7481e-10 0.949196 1.05352 0 0
55.206 3.7481e-10 0.949251 1.05346 0 0
55.266 3.7481e-10 0.949306 1.0534 0 0
55.326 3.7481e-10 0.949361 1.05334 0 0
55.386 3.7481e-10 0.949416 1.05328 0 0
55.446 3.7481e-10 0.949471 1.05322 0 0
55.506 3.7481e-10 0.949525 1.05316 0 0
55.566 3.7481e-10 0.94958 1.0531 0 0
55.626 3.7481e-10 0.949634 1.05304 0 0
55.686 3.7481e-10 0.949689 1.05298 0 0
55.746 3.7481e-10 0.949743 1.05292 0 0
55.806 3.7481e-10 0.949797 1.05286 0 0
55.866 3.7481e-10 0.949851 1.0528 0 0
55.926 3.7481e-10 0.949905 1.05274 0 0
55.986 3.7481e-10 0.949958 1.05268 0 0
56.046 3.7481e-10 0.950012 1.05262 0 0
56.106 3.7481e-10 0.950065 1.05256 0 0
56.166 3.7481e-10 0.950119 1.0525 0 0
56.226 3.7481e-10 0.950172 1.05244 0 0
56.286 3.7481e-10 0.950225 1.05238 0 0
56.346 3.7481e-10 0.950278 1.05232 0 0
56.406 3.7481e-10 0.950331 1.05227 0 0
56.466 3.7481e-10 0.950384 1.05221 0 0
56.526 3.7481e-10 0.950436 1.05215 0 0
56.586 3.7481e-10 0.950489 1.05209 0 0
56.646 3.7481e-10 0.950541 1.05203 0 0
56.706 3.7481e-10 0.950594 1.05197 0 0
56.766 3.7481e-10 0.950646 1.05192 0 0
56.826 3.7481e-10 0.950698 1.05186 0 0
56.886 3.7481e-10 0.95075 1.0518 0 0
56.946 3.7481e-10 0.950802 1.05174 0 0
57.006 3.7481e-10 0.950854 1.05169 0 0
57.066 3.7481e-10 0.950905 1.05163 0 0
57.126 3.7481e-10 0.950957 1.05157 0 0
57.186 3.7481e-10 0.951008 1.05152 0 0
57.246 3.7481e-10 0.95106 1.05146 0 0
57.306 3.7481e-10 0.951111 1.0514 0 0
57.366 3.7481e-10 0.951162 1.05135 0 0
57.426 3.7481e-10 0.951213 1.05129 0 0
57.486 3.7481e-10 0.951264 1.05123 0 0
57.546 3.7481e-10 0.951315 1.05118 0 0
57.606 3.7481e-10 0.951365 1.05112 0 0
57.666 3.7481e-10 0.951416 1.05106 0 0
57.726 3.7481e-10 0.951467 1.05101 0 0
57.786 3.7481e-10 0.951517 1.05095 0 0
57.846 3.7481e-10 0.951567 1.0509 0 0
57.906 3.7481e-10 0.951617 1.05084 0 0
57.966 3.7481e-10 0.951668 1.05079 0 0
58.026 3.7481e-10 0.951717 1.05073 0 0
58.086 3.7481e-10 0.951767 1.05068 0 0
58.146 3.7481e-10 0.951817 1.05062 0 0
58.206 3.7481e-10 0.951867 1.05057 0 0
58.266 3.7481e-10 0.951916 1.05051 0 0
58.326 3.7481e-10 0.951966 1.05046 0 0
58.386 3.7481e-10 0.952015 1.0504 0 0
58.446 3.7481e-10 0.952064 1.05035 0 0
58.506 3.7481e-10 0.952114 1.05029 0 0
58.566 3.7481e-10 0.952163 1.05024 0 0
58.626 3.7481e-10 0.952212 1.05019 0 0
58.686 3.7481e-10 0.95226 1.05013 0 0
58.746 3.7481e-10 0.952309 1.05008 0 0
58.806 3.7481e-10 0.952358 1.05003 0 0
58.866 3.7481e-10 0.952406 1.04997 0 0
58.926 3.7481e-10 0.952455 1.04992 0 0
58.986 3.7481e-10 0.952503 1.04987 0 0
59.046 3.7481e-10 0.952552 1.04981 0 0
59.106 3.7481e-10 0.9526 1.04976 0 0
59.166 3.7481e-10 0.952648 1.04971 0 0
59.226 3.7481e-10 0.952696 1.04965 0 0
59.286 3.7481e-10 0.952744 1.0496 0 0
59.346 3.7481e-10 0.952791 1.04955 0 0
59.406 3.7481e-10 0.952839 1.0495 0 0
59.466 3.7481e-10 0.952887 1.04944 0 0
59.526 3.7481e-10 0.952934 1.04939 0 0
59.586 3.7481e-10 0.952982 1.04934 0 0
59.646 3.7481e-10 0.953029 1.04929 0 0
59.706 3.7481e-10 0.953076 1.04923 0 0
59.766 3.7481e-10 0.953123 1.04918 0 0
59.826 3.7481e-10 0.95317 1.04913 0 0
59.886 3.7481e-10 0.953217 1.04908 0 0
59.946 3.7481e-10 0.953264 1.04903 0 0

