0.06 0.592153
0.006 0.037481 0.199622 1 0.001404 0.003747
0.066 0.0374609 0.199681 1.00033 0.00140304 0.00374571
0.126 0.0374065 0.199839 1.0012 0.00140044 0.00374225
0.186 0.0373183 0.200096 1.00261 0.00139624 0.00373663
0.246 0.0371966 0.200451 1.00457 0.00139046 0.00372888
0.306 0.0370415 0.200906 1.00706 0.0013831 0.00371901
0.366 0.0368537 0.201458 1.01009 0.00137422 0.00370704
0.426 0.0366335 0.202109 1.01364 0.00136384 0.00369301
0.486 0.0363815 0.202857 1.01773 0.001352 0.00367696
0.546 0.0360985 0.203704 1.02233 0.00133877 0.00365892
0.606 0.0357852 0.204647 1.02745 0.00132419 0.00363894
0.666 0.0354423 0.205687 1.03308 0.00130832 0.00361707
0.726 0.0350709 0.206824 1.03921 0.00129122 0.00359336
0.786 0.0346719 0.208056 1.04583 0.00127297 0.00356786
0.846 0.0342463 0.209384 1.05293 0.00125362 0.00354065
0.906 0.0337952 0.210807 1.0605 0.00123326 0.00351179
0.966 0.0333199 0.212324 1.06853 0.00121196 0.00348133
1.026 0.0328215 0.213934 1.07701 0.0011898 0.00344935
1.086 0.0323012 0.215637 1.08592 0.00116685 0.00341592
1.146 0.0317605 0.217432 1.09525 0.00114319 0.0033811
1.206 0.0312006 0.219318 1.10499 0.00111889 0.00334499
1.266 0.030623 0.221295 1.11512 0.00109404 0.00330763
1.326 0.030029 0.223361 1.12563 0.00106872 0.00326913
1.386 0.0294202 0.225515 1.1365 0.00104299 0.00322953
1.446 0.0287978 0.227757 1.1477 0.00101693 0.00318893
1.506 0.0281635 0.230085 1.15923 0.000990614 0.0031474
1.566 0.0275187 0.232498 1.17106 0.000964107 0.00310501
1.626 0.0268647 0.234995 1.18318 0.000937478 0.00306183
1.686 0.0262032 0.237576 1.19556 0.000910789 0.00301793
1.746 0.0255355 0.240238 1.20819 0.000884101 0.00297338
1.806 0.0248631 0.24298 1.22104 0.000857472 0.00292826
1.866 0.0241873 0.245801 1.2341 0.000830955 0.00288263
1.926 0.0235095 0.2487 1.24734 0.000804601 0.00283655
1.986 0.0228311 0.251676 1.26074 0.000778457 0.00279008
2.046 0.0221534 0.254727 1.27428 0.000752568 0.0027433
2.106 0.0214776 0.257851 1.28795 0.000726973 0.00269624
2.166 0.020805 0.261047 1.30171 0.000701709 0.00264898
2.226 0.0201366 0.264314 1.31556 0.000676811 0.00260156
2.286 0.0194736 0.267651 1.32947 0.000652308 0.00255403
2.346 0.018817 0.271055 1.34342 0.000628228 0.00250645
2.406 0.0181679 0.274525 1.35739 0.000604595 0.00245885
2.466 0.0175271 0.27806 1.37136 0.00058143 0.00241129
2.526 0.0168955 0.281658 1.38532 0.000558752 0.00236379
2.586 0.0162739 0.285318 1.39924 0.000536577 0.00231641
2.646 0.0156631 0.289038 1.41312 0.000514918 0.00226918
2.706 0.0150637 0.292817 1.42693 0.000493786 0.00222213
2.766 0.0144764 0.296652 1.44066 0.000473189 0.00217529
2.826 0.0139015 0.300542 1.45428 0.000453135 0.0021287
2.886 0.0133398 0.304487 1.4678 0.000433628 0.00208237
2.946 0.0127915 0.308483 1.48118 0.000414672 0.00203635
3.006 0.012257 0.31253 1.49442 0.000396267 0.00199065
3.066 0.0117367 0.316626 1.50751 0.000378414 0.00194529
3.126 0.0112307 0.320768 1.52043 0.00036111 0.00190029
3.186 0.0107393 0.324957 1.53316 0.000344354 0.00185568
3.246 0.0102625 0.329189 1.5457 0.000328141 0.00181147
3.306 0.00980053 0.333463 1.55803 0.000312466 0.00176767
3.366 0.00935336 0.337778 1.57014 0.000297324 0.00172431
3.426 0.00892098 0.342131 1.58203 0.000282707 0.00168139
3.486 0.00850337 0.346521 1.59367 0.000268609 0.00163893
3.546 0.00810042 0.350947 1.60506 0.000255021 0.00159694
3.606 0.00771201 0.355406 1.61619 0.000241935 0.00155542
3.666 0.00733799 0.359896 1.62704 0.00022934 0.0015144
3.726 0.00697817 0.364417 1.63761 0.000217229 0.00147387
3.786 0.00663233 0.368965 1.64789 0.000205591 0.00143384
3.846 0.00630025 0.373539 1.65786 0.000194415 0.00139433
3.906 0.00598165 0.378138 1.66752 0.000183691 0.00135533
3.966 0.00567625 0.382759 1.67686 0.000173409 0.00131685
4.026 0.00538376 0.3874 1.68587 0.000163557 0.00127889
4.086 0.00510387 0.39206 1.69455 0.000154124 0.00124147
4.146 0.00483625 0.396737 1.70287 0.000145099 0.00120457
4.206 0.00458056 0.401428 1.71084 0.000136472 0.00116821
4.266 0.00433646 0.406131 1.71845 0.000128231 0.00113239
4.326 0.0041036 0.410846 1.72569 0.000120364 0.00109711
4.386 0.00388163 0.415569 1.73255 0.000112861 0.00106236
4.446 0.00367017 0.420298 1.73902 0.00010571 0.00102815
4.506 0.00346889 0.425032 1.74511 9.89007e-05 0.000994488
4.566 0.0032774 0.429769 1.75081 9.24218e-05 0.000961362
4.626 0.00309537 0.434506 1.7561 8.62624e-05 0.000928776
4.686 0.00292242 0.439242 1.761 8.0412e-05 0.000896727
4.746 0.00275821 0.443975 1.76548 7.48598e-05 0.000865216
4.806 0.00260239 0.448702 1.76955 6.95955e-05 0.000834239
4.866 0.00245461 0.453421 1.77321 6.46088e-05 0.000803796
4.926 0.00231454 0.458131 1.77645 5.98897e-05 0.000773884
4.986 0.00218185 0.46283 1.77928 5.54281e-05 0.000744501
5.046 0.00205621 0.467516 1.78169 5.12144e-05 0.000715643
5.106 0.00193732 0.472186 1.78367 4.72391e-05 0.000687307
5.166 0.00182486 0.476839 1.78525 4.34928e-05 0.000659491
5.226 0.00171853 0.481473 1.7864 3.99664e-05 0.00063219
5.286 0.00161805 0.486086 1.78714 3.66511e-05 0.000605401
5.346 0.00152313 0.490676 1.78746 3.3538e-05 0.00057912
5.406 0.00143351 0.495242 1.78738 3.06188e-05 0.000553343
5.466 0.00134893 0.499781 1.78688 2.78852e-05 0.000528064
5.526 0.00126912 0.504293 1.78599 2.53291e-05 0.00050328
5.586 0.00119386 0.508775 1.7847 2.29428e-05 0.000478986
5.646 0.0011229 0.513226 1.78301 2.07186e-05 0.000455177
5.706 0.00105602 0.517644 1.78094 1.86492e-05 0.000431848
5.766 0.00099301 0.522027 1.77849 1.67275e-05 0.000408993
5.826 0.000933661 0.526375 1.77567 1.49465e-05 0.000386607
5.886 0.000877777 0.530686 1.77248 1.32996e-05 0.000364686
5.946 0.00082517 0.534958 1.76894 1.17801e-05 0.000343222
6.006 0.000775661 0.53919 1.76504 1.0382e-05 0.000322211
6.066 0.000729077 0.543381 1.76081 9.09912e-06 0.000301648
6.126 0.000685258 0.54753 1.75624 7.92562e-06 0.000281525
6.186 0.000644046 0.551634 1.75135 6.85587e-06 0.000261837
6.246 0.000605296 0.555695 1.74614 5.88444e-06 0.000242579
6.306 0.000568865 0.559709 1.74064 5.00612e-06 0.000223744
6.366 0.000534622 0.563677 1.73484 4.21586e-06 0.000205325
6.426 0.000502441 0.567597 1.72875 3.50882e-06 0.000187319
6.486 0.0004722 0.571469 1.7224 2.88037e-06 0.000169717
6.546 0.000443788 0.575291 1.71578 2.32604e-06 0.000152513
6.606 0.000417096 0.579064 1.70891 1.84153e-06 0.000135703
6.666 0.000392023 0.582785 1.7018 1.42275e-06 0.000119279
6.726 0.000368474 0.586455 1.69447 1.06575e-06 0.000103235
6.786 0.000346357 0.590073 1.68691 7.6678e-07 8.7566e-05
6.846 0.000325586 0.593639 1.67914 5.22218e-07 7.22646e-05
6.906 0.000306081 0.597151 1.67117 3.28618e-07 5.73252e-05
6.966 0.000287767 0.60061 1.66302 1.82684e-07 4.27416e-05
7.026 0.000270569 0.604015 1.65469 8.12687e-08 2.85077e-05
7.086 0.000254422 0.607366 1.64619 2.13671e-08 1.46175e-05
7.146 0.000239261 0.610662 1.63753 1.21531e-10 1.10241e-06
7.206 0.000225025 0.613904 1.62889 0 0
7.266 0.000211658 0.617092 1.62048 0 0
7.326 0.000199104 0.620228 1.61229 0 0
7.386 0.000187314 0.623313 1.60431 0 0
7.446 0.000176238 0.626349 1.59654 0 0
7.506 0.000165833 0.629335 1.58896 0 0
7.566 0.000156057 0.632275 1.58158 0 0
7.626 0.000146871 0.635168 1.57437 0 0
7.686 0.000138238 0.638016 1.56735 0 0
7.746 0.000130125 0.64082 1.56049 0 0
7.806 0.000122499 0.643581 1.5538 0 0
7.866 0.00011533 0.646299 1.54726 0 0
7.926 0.00010859 0.648977 1.54088 0 0
7.986 0.000102252 0.651614 1.53464 0 0
8.046 9.62929e-05 0.654212 1.52855 0 0
8.106 9.06886e-05 0.656772 1.52259 0 0
8.166 8.54176e-05 0.659294 1.51677 0 0
8.226 8.04595e-05 0.661779 1.51108 0 0
8.286 7.57954e-05 0.664228 1.5055 0 0
8.346 7.14074e-05 0.666642 1.50005 0 0
8.406 6.72787e-05 0.669021 1.49472 0 0
8.466 6.33937e-05 0.671367 1.4895 0 0
8.526 5.97376e-05 0.673679 1.48438 0 0
8.586 5.62967e-05 0.67596 1.47938 0 0
8.646 5.3058e-05 0.678209 1.47447 0 0
8.706 5.00093e-05 0.680426 1.46967 0 0
8.766 4.71392e-05 0.682614 1.46496 0 0
8.826 4.44371e-05 0.684771 1.46034 0 0
8.886 4.18929e-05 0.6869 1.45582 0 0
8.946 3.94971e-05 0.689 1.45138 0 0
9.006 3.72409e-05 0.691072 1.44703 0 0
9.066 3.51161e-05 0.693116 1.44276 0 0
9.126 3.31147e-05 0.695134 1.43857 0 0
9.186 3.12295e-05 0.697125 1.43446 0 0
9.246 2.94535e-05 0.699091 1.43043 0 0
9.306 2.77804e-05 0.701031 1.42647 0 0
9.366 2.6204e-05 0.702946 1.42258 0 0
9.426 2.47187e-05 0.704837 1.41877 0 0
9.486 2.3319e-05 0.706704 1.41502 0 0
9.546 2.19999e-05 0.708547 1.41134 0 0
9.606 2.07568e-05 0.710368 1.40772 0 0
9.666 1.9585e-05 0.712165 1.40417 0 0
9.726 1.84805e-05 0.713941 1.40068 0 0
9.786 1.74394e-05 0.715695 1.39724 0 0
9.846 1.64578e-05 0.717428 1.39387 0 0
9.906 1.55324e-05 0.719139 1.39055 0 0
9.966 1.46599e-05 0.72083 1.38729 0 0
10.026 1.38371e-05 0.722501 1.38408 0 0
10.086 1.30613e-05 0.724151 1.38093 0 0
10.146 1.23296e-05 0.725783 1.37782 0 0
10.206 1.16395e-05 0.727395 1.37477 0 0
10.266 1.09887e-05 0.728988 1.37176 0 0
10.326 1.03748e-05 0.730563 1.36881 0 0
10.386 9.79563e-06 0.732119 1.3659 0 0
10.446 9.2493e-06 0.733658 1.36303 0 0
10.506 8.73388e-06 0.735179 1.36021 0 0
10.566 8.24758e-06 0.736683 1.35744 0 0
10.626 7.78873e-06 0.73817 1.3547 0 0
10.686 7.35576e-06 0.73964 1.35201 0 0
10.746 6.94717e-06 0.741094 1.34936 0 0
10.806 6.56158e-06 0.742531 1.34674 0 0
10.866 6.19767e-06 0.743953 1.34417 0 0
10.926 5.85419e-06 0.745359 1.34164 0 0
10.986 5.52998e-06 0.74675 1.33914 0 0
11.046 5.22395e-06 0.748125 1.33667 0 0
11.106 4.93504e-06 0.749486 1.33425 0 0
11.166 4.6623e-06 0.750832 1.33186 0 0
11.226 4.40479e-06 0.752164 1.3295 0 0
11.286 4.16166e-06 0.753481 1.32717 0 0
11.346 3.93208e-06 0.754785 1.32488 0 0
11.406 3.7153e-06 0.756075 1.32262 0 0
11.466 3.51057e-06 0.757351 1.32039 0 0
11.526 3.31723e-06 0.758615 1.31819 0 0
11.586 3.13462e-06 0.759865 1.31602 0 0
11.646 2.96214e-06 0.761102 1.31388 0 0
11.706 2.79921e-06 0.762326 1.31177 0 0
11.766 2.64531e-06 0.763538 1.30969 0 0
11.826 2.49991e-06 0.764738 1.30764 0 0
11.886 2.36254e-06 0.765926 1.30561 0 0
11.946 2.23275e-06 0.767101 1.30361 0 0
12.006 2.11011e-06 0.768265 1.30163 0 0
12.066 1.99421e-06 0.769417 1.29968 0 0
12.126 1.88469e-06 0.770558 1.29776 0 0
12.186 1.78117e-06 0.771688 1.29586 0 0
12.246 1.68333e-06 0.772807 1.29398 0 0
12.306 1.59084e-06 0.773914 1.29213 0 0
12.366 1.50341e-06 0.775011 1.2903 0 0
12.426 1.42074e-06 0.776098 1.2885 0 0
12.486 1.34258e-06 0.777174 1.28671 0 0
12.546 1.26867e-06 0.778239 1.28495 0 0
12.606 1.19877e-06 0.779295 1.28321 0 0
12.666 1.13265e-06 0.78034 1.28149 0 0
12.726 1.07011e-06 0.781376 1.27979 0 0
12.786 1.01093e-06 0.782402 1.27812 0 0
12.846 9.54947e-07 0.783418 1.27646 0 0
12.906 9.01963e-07 0.784425 1.27482 0 0
12.966 8.51814e-07 0.785423 1.2732 0 0
13.026 8.0434e-07 0.786411 1.2716 0 0
13.086 7.5939e-07 0.78739 1.27002 0 0
13.146 7.16822e-07 0.788361 1.26845 0 0
13.206 6.76501e-07 0.789322 1.26691 0 0
13.266 6.383e-07 0.790275 1.26538 0 0
13.326 6.02097e-07 0.79122 1.26387 0 0
13.386 5.6778e-07 0.792155 1.26238 0 0
13.446 5.3524e-07 0.793083 1.2609 0 0
13.506 5.04376e-07 0.794002 1.25944 0 0
13.566 4.75091e-07 0.794913 1.258 0 0
13.626 4.47293e-07 0.795816 1.25657 0 0
13.686 4.20897e-07 0.796711 1.25516 0 0
13.746 3.95821e-07 0.797599 1.25376 0 0
13.806 3.71986e-07 0.798478 1.25238 0 0
13.866 3.4932e-07 0.79935 1.25102 0 0
13.926 3.27752e-07 0.800215 1.24966 0 0
13.986 3.07217e-07 0.801072 1.24833 0 0
14.046 2.87652e-07 0.801922 1.247 0 0
14.106 2.68998e-07 0.802764 1.2457 0 0
14.166 2.51197e-07 0.8036 1.2444 0 0
14.226 2.34195e-07 0.804428 1.24312 0 0
14.286 2.17943e-07 0.805249 1.24185 0 0
14.346 2.0239e-07 0.806064 1.2406 0 0
14.406 1.87491e-07 0.806872 1.23935 0 0
14.466 1.73201e-07 0.807673 1.23813 0 0
14.526 1.59478e-07 0.808467 1.23691 0 0
14.586 1.46281e-07 0.809255 1.2357 0 0
14.646 1.33573e-07 0.810036 1.23451 0 0
14.706 1.21315e-07 0.810811 1.23333 0 0
14.766 1.09473e-07 0.81158 1.23216 0 0
14.826 9.8013e-08 0.812343 1.23101 0 0
14.886 8.69014e-08 0.813099 1.22986 0 0
14.946 7.61072e-08 0.813849 1.22873 0 0
15.006 6.55999e-08 0.814594 1.22761 0 0
15.066 5.53502e-08 0.815332 1.22649 0 0
15.126 4.53296e-08 0.816064 1.22539 0 0
15.186 3.55108e-08 0.816791 1.2243 0 0
15.246 2.58667e-08 0.817512 1.22322 0 0
15.306 1.63715e-08 0.818228 1.22215 0 0
15.366 6.99962e-09 0.818937 1.22109 0 0
15.426 3.7481e-10 0.819642 1.22005 0 0
15.486 3.7481e-10 0.82034 1.21901 0 0
15.546 3.7481e-10 0.821034 1.21798 0 0
15.606 3.7481e-10 0.821722 1.21696 0 0
15.666 3.7481e-10 0.822405 1.21595 0 0
15.726 3.7481e-10 0.823082 1.21495 0 0
15.786 3.7481e-10 0.823755 1.21395 0 0
15.846 3.7481e-10 0.824422 1.21297 0 0
15.906 3.7481e-10 0.825084 1.212 0 0
15.966 3.7481e-10 0.825742 1.21103 0 0
16.026 3.7481e-10 0.826394 1.21008 0 0
16.086 3.7481e-10 0.827042 1.20913 0 0
16.146 3.7481e-10 0.827684 1.20819 0 0
16.206 3.7481e-10 0.828322 1.20726 0 0
16.266 3.7481e-10 0.828956 1.20634 0 0
16.326 3.7481e-10 0.829584 1.20542 0 0
16.386 3.7481e-10 0.830208 1.20452 0 0
16.446 3.7481e-10 0.830828 1.20362 0 0
16.506 3.7481e-10 0.831443 1.20273 0 0
16.566 3.7481e-10 0.832053 1.20185 0 0
16.626 3.7481e-10 0.832659 1.20097 0 0
16.686 3.7481e-10 0.833261 1.2001 0 0
16.746 3.7481e-10 0.833858 1.19924 0 0
16.806 3.7481e-10 0.834451 1.19839 0 0
16.866 3.7481e-10 0.83504 1.19755 0 0
16.926 3.7481e-10 0.835625 1.19671 0 0
16.986 3.7481e-10 0.836206 1.19588 0 0
17.046 3.7481e-10 0.836782 1.19505 0 0
17.106 3.7481e-10 0.837355 1.19424 0 0
17.166 3.7481e-10 0.837923 1.19343 0 0
17.226 3.7481e-10 0.838488 1.19262 0 0
17.286 3.7481e-10 0.839048 1.19183 0 0
17.346 3.7481e-10 0.839605 1.19104 0 0
17.406 3.7481e-10 0.840158 1.19025 0 0
17.466 3.7481e-10 0.840707 1.18947 0 0
17.526 3.7481e-10 0.841252 1.1887 0 0
17.586 3.7481e-10 0.841794 1.18794 0 0
17.646 3.7481e-10 0.842332 1.18718 0 0
17.706 3.7481e-10 0.842866 1.18643 0 0
17.766 3.7481e-10 0.843397 1.18568 0 0
17.826 3.7481e-10 0.843924 1.18494 0 0
17.886 3.7481e-10 0.844448 1.18421 0 0
17.946 3.7481e-10 0.844968 1.18348 0 0
18.006 3.7481e-10 0.845484 1.18275 0 0
18.066 3.7481e-10 0.845998 1.18204 0 0
18.126 3.7481e-10 0.846507 1.18132 0 0
18.186 3.7481e-10 0.847014 1.18062 0 0
18.246 3.7481e-10 0.847517 1.17992 0 0
18.306 3.7481e-10 0.848017 1.17922 0 0
18.366 3.7481e-10 0.848513 1.17853 0 0
18.426 3.7481e-10 0.849006 1.17785 0 0
18.486 3.7481e-10 0.849496 1.17717 0 0
18.546 3.7481e-10 0.849983 1.17649 0 0
18.606 3.7481e-10 0.850467 1.17582 0 0
18.666 3.7481e-10 0.850948 1.17516 0 0
18.726 3.7481e-10 0.851425 1.1745 0 0
18.786 3.7481e-10 0.8519 1.17385 0 0
18.846 3.7481e-10 0.852371 1.1732 0 0
18.906 3.7481e-10 0.85284 1.17255 0 0
18.966 3.7481e-10 0.853305 1.17191 0 0
19.026 3.7481e-10 0.853768 1.17128 0 0
19.086 3.7481e-10 0.854228 1.17065 0 0
19.146 3.7481e-10 0.854685 1.17002 0 0
19.206 3.7481e-10 0.855139 1.1694 0 0
19.266 3.7481e-10 0.85559 1.16878 0 0
19.326 3.7481e-10 0.856038 1.16817 0 0
19.386 3.7481e-10 0.856484 1.16756 0 0
19.446 3.7481e-10 0.856926 1.16696 0 0
19.506 3.7481e-10 0.857367 1.16636 0 0
19.566 3.7481e-10 0.857804 1.16577 0 0
19.626 3.7481e-10 0.858239 1.16518 0 0
19.686 3.7481e-10 0.858671 1.16459 0 0
19.746 3.7481e-10 0.8591 1.16401 0 0
19.806 3.7481e-10 0.859527 1.16343 0 0
19.866 3.7481e-10 0.859951 1.16286 0 0
19.926 3.7481e-10 0.860373 1.16229 0 0
19.986 3.7481e-10 0.860792 1.16172 0 0
20.046 3.7481e-10 0.861209 1.16116 0 0
20.106 3.7481e-10 0.861623 1.1606 0 0
20.166 3.7481e-10 0.862035 1.16005 0 0
20.226 3.7481e-10 0.862444 1.1595 0 0
20.286 3.7481e-10 0.862851 1.15895 0 0
20.346 3.7481e-10 0.863255 1.15841 0 0
20.406 3.7481e-10 0.863657 1.15787 0 0
20.466 3.7481e-10 0.864057 1.15733 0 0
20.526 3.7481e-10 0.864454 1.1568 0 0
20.586 3.7481e-10 0.864849 1.15627 0 0
20.646 3.7481e-10 0.865242 1.15575 0 0
20.706 3.7481e-10 0.865633 1.15522 0 0
20.766 3.7481e-10 0.866021 1.15471 0 0
20.826 3.7481e-10 0.866407 1.15419 0 0
20.886 3.7481e-10 0.866791 1.15368 0 0
20.946 3.7481e-10 0.867172 1.15317 0 0
21.006 3.7481e-10 0.867552 1.15267 0 0
21.066 3.7481e-10 0.867929 1.15217 0 0
21.126 3.7481e-10 0.868304 1.15167 0 0
21.186 3.7481e-10 0.868677 1.15118 0 0
21.246 3.7481e-10 0.869048 1.15068 0 0
21.306 3.7481e-10 0.869417 1.1502 0 0
21.366 3.7481e-10 0.869783 1.14971 0 0
21.426 3.7481e-10 0.870148 1.14923 0 0
21.486 3.7481e-10 0.870511 1.14875 0 0
21.546 3.7481e-10 0.870871 1.14828 0 0
21.606 3.7481e-10 0.87123 1.1478 0 0
21.666 3.7481e-10 0.871586 1.14733 0 0
21.726 3.7481e-10 0.871941 1.14687 0 0
21.786 3.7481e-10 0.872294 1.1464 0 0
21.846 3.7481e-10 0.872644 1.14594 0 0
21.906 3.7481e-10 0.872993 1.14548 0 0
21.966 3.7481e-10 0.87334 1.14503 0 0
22.026 3.7481e-10 0.873685 1.14458 0 0
22.086 3.7481e-10 0.874028 1.14413 0 0
22.146 3.7481e-10 0.87437 1.14368 0 0
22.206 3.7481e-10 0.874709 1.14324 0 0
22.266 3.7481e-10 0.875047 1.1428 0 0
22.326 3.7481e-10 0.875383 1.14236 0 0
22.386 3.7481e-10 0.875717 1.14192 0 0
22.446 3.7481e-10 0.876049 1.14149 0 0
22.506 3.7481e-10 0.876379 1.14106 0 0
22.566 3.7481e-10 0.876708 1.14063 0 0
22.626 3.7481e-10 0.877035 1.14021 0 0
22.686 3.7481e-10 0.87736 1.13978 0 0
22.746 3.7481e-10 0.877684 1.13936 0 0
22.806 3.7481e-10 0.878005 1.13895 0 0
22.866 3.7481e-10 0.878326 1.13853 0 0
22.926 3.7481e-10 0.878644 1.13812 0 0
22.986 3.7481e-10 0.878961 1.13771 0 0
23.046 3.7481e-10 0.879276 1.1373 0 0
23.106 3.7481e-10 0.879589 1.13689 0 0
23.166 3.7481e-10 0.879901 1.13649 0 0
23.226 3.7481e-10 0.880211 1.13609 0 0
23.286 3.7481e-10 0.88052 1.13569 0 0
23.346 3.7481e-10 0.880827 1.1353 0 0
23.406 3.7481e-10 0.881133 1.1349 0 0
23.466 3.7481e-10 0.881437 1.13451 0 0
23.526 3.7481e-10 0.881739 1.13412 0 0
23.586 3.7481e-10 0.88204 1.13374 0 0
23.646 3.7481e-10 0.882339 1.13335 0 0
23.706 3.7481e-10 0.882637 1.13297 0 0
23.766 3.7481e-10 0.882933 1.13259 0 0
23.826 3.7481e-10 0.883228 1.13221 0 0
23.886 3.7481e-10 0.883521 1.13183 0 0
23.946 3.7481e-10 0.883813 1.13146 0 0
24.006 3.7481e-10 0.884104 1.13109 0 0
24.066 3.7481e-10 0.884393 1.13072 0 0
24.126 3.7481e-10 0.88468 1.13035 0 0
24.186 3.7481e-10 0.884966 1.12999 0 0
24.246 3.7481e-10 0.885251 1.12962 0 0
24.306 3.7481e-10 0.885534 1.12926 0 0
24.366 3.7481e-10 0.885816 1.1289 0 0
24.426 3.7481e-10 0.886096 1.12855 0 0
24.486 3.7481e-10 0.886376 1.12819 0 0
24.546 3.7481e-10 0.886653 1.12784 0 0
24.606 3.7481e-10 0.88693 1.12749 0 0
24.666 3.7481e-10 0.887205 1.12714 0 0
24.726 3.7481e-10 0.887478 1.12679 0 0
24.786 3.7481e-10 0.887751 1.12644 0 0
24.846 3.7481e-10 0.888022 1.1261 0 0
24.906 3.7481e-10 0.888292 1.12576 0 0
24.966 3.7481e-10 0.88856 1.12542 0 0
25.026 3.7481e-10 0.888827 1.12508 0 0
25.086 3.7481e-10 0.889093 1.12474 0 0
25.146 3.7481e-10 0.889358 1.12441 0 0
25.206 3.7481e-10 0.889621 1.12407 0 0
25.266 3.7481e-10 0.889883 1.12374 0 0
25.326 3.7481e-10 0.890144 1.12341 0 0
25.386 3.7481e-10 0.890404 1.12309 0 0
25.446 3.7481e-10 0.890662 1.12276 0 0
25.506 3.7481e-10 0.890919 1.12244 0 0
25.566 3.7481e-10 0.891175 1.12211 0 0
25.626 3.7481e-10 0.89143 1.12179 0 0
25.686 3.7481e-10 0.891684 1.12147 0 0
25.746 3.7481e-10 0.891936 1.12116 0 0
25.806 3.7481e-10 0.892188 1.12084 0 0
25.866 3.7481e-10 0.892438 1.12053 0 0
25.926 3.7481e-10 0.892687 1.12021 0 0
25.986 3.7481e-10 0.892934 1.1199 0 0
26.046 3.7481e-10 0.893181 1.11959 0 0
26.106 3.7481e-10 0.893426 1.11929 0 0
26.166 3.7481e-10 0.893671 1.11898 0 0
26.226 3.7481e-10 0.893914 1.11868 0 0
26.286 3.7481e-10 0.894156 1.11837 0 0
26.346 3.7481e-10 0.894397 1.11807 0 0
26.406 3.7481e-10 0.894637 1.11777 0 0
26.466 3.7481e-10 0.894876 1.11747 0 0
26.526 3.7481e-10 0.895114 1.11718 0 0
26.586 3.7481e-10 0.895351 1.11688 0 0
26.646 3.7481e-10 0.895586 1.11659 0 0
26.706 3.7481e-10 0.895821 1.11629 0 0
26.766 3.7481e-10 0.896054 1.116 0 0
26.826 3.7481e-10 0.896287 1.11571 0 0
26.886 3.7481e-10 0.896518 1.11543 0 0
26.946 3.7481e-10 0.896749 1.11514 0 0
27.006 3.7481e-10 0.896978 1.11485 0 0
27.066 3.7481e-10 0.897207 1.11457 0 0
27.126 3.7481e-10 0.897434 1.11429 0 0
27.186 3.7481e-10 0.89766 1.11401 0 0
27.246 3.7481e-10 0.897886 1.11373 0 0
27.306 3.7481e-10 0.89811 1.11345 0 0
27.366 3.7481e-10 0.898333 1.11317 0 0
27.426 3.7481e-10 0.898556 1.1129 0 0
27.486 3.7481e-10 0.898777 1.11262 0 0
27.546 3.7481e-10 0.898998 1.11235 0 0
27.606 3.7481e-10 0.899217 1.11208 0 0
27.666 3.7481e-10 0.899436 1.11181 0 0
27.726 3.7481e-10 0.899653 1.11154 0 0
27.786 3.7481e-10 0.89987 1.11127 0 0
27.846 3.7481e-10 0.900086 1.11101 0 0
27.906 3.7481e-10 0.900301 1.11074 0 0
27.966 3.7481e-10 0.900515 1.11048 0 0
28.026 3.7481e-10 0.900728 1.11021 0 0
28.086 3.7481e-10 0.90094 1.10995 0 0
28.146 3.7481e-10 0.901151 1.10969 0 0
28.206 3.7481e-10 0.901361 1.10943 0 0
28.266 3.7481e-10 0.90157 1.10918 0 0
28.326 3.7481e-10 0.901779 1.10892 0 0
28.386 3.7481e-10 0.901987 1.10866 0 0
28.446 3.7481e-10 0.902193 1.10841 0 0
28.506 3.7481e-10 0.902399 1.10816 0 0
28.566 3.7481e-10 0.902604 1.10791 0 0
28.626 3.7481e-10 0.902808 1.10765 0 0
28.686 3.7481e-10 0.903012 1.10741 0 0
28.746 3.7481e-10 0.903214 1.10716 0 0
28.806 3.7481e-10 0.903416 1.10691 0 0
28.866 3.7481e-10 0.903616 1.10666 0 0
28.926 3.7481e-10 0.903816 1.10642 0 0
28.986 3.7481e-10 0.904015 1.10618 0 0
29.046 3.7481e-10 0.904214 1.10593 0 0
29.106 3.7481e-10 0.904411 1.10569 0 0
29.166 3.7481e-10 0.904608 1.10545 0 0
29.226 3.7481e-10 0.904804 1.10521 0 0
29.286 3.7481e-10 0.904999 1.10497 0 0
29.346 3.7481e-10 0.905193 1.10474 0 0
29.406 3.7481e-10 0.905386 1.1045 0 0
29.466 3.7481e-10 0.905579 1.10427 0 0
29.526 3.7481e-10 0.905771 1.10403 0 0
29.586 3.7481e-10 0.905962 1.1038 0 0
29.646 3.7481e-10 0.906152 1.10357 0 0
29.706 3.7481e-10 0.906342 1.10334 0 0
29.766 3.7481e-10 0.906531 1.10311 0 0
29.826 3.7481e-10 0.906719 1.10288 0 0
29.886 3.7481e-10 0.906906 1.10265 0 0
29.946 3.7481e-10 0.907092 1.10242 0 0
30.006 3.7481e-10 0.907278 1.1022 0 0
30.066 3.7481e-10 0.907463 1.10197 0 0
30.126 3.7481e-10 0.907648 1.10175 0 0
30.186 3.7481e-10 0.907831 1.10153 0 0
30.246 3.7481e-10 0.908014 1.1013 0 0
30.306 3.7481e-10 0.908196 1.10108 0 0
30.366 3.7481e-10 0.908378 1.10086 0 0
30.426 3.7481e-10 0.908558 1.10064 0 0
30.486 3.7481e-10 0.908738 1.10043 0 0
30.546 3.7481e-10 0.908917 1.10021 0 0
30.606 3.7481e-10 0.909096 1.09999 0 0
30.666 3.7481e-10 0.909274 1.09978 0 0
30.726 3.7481e-10 0.909451 1.09956 0 0
30.786 3.7481e-10 0.909627 1.09935 0 0
30.846 3.7481e-10 0.909803 1.09914 0 0
30.906 3.7481e-10 0.909978 1.09893 0 0
30.966 3.7481e-10 0.910153 1.09872 0 0
31.026 3.7481e-10 0.910327 1.09851 0 0
31.086 3.7481e-10 0.9105 1.0983 0 0
31.146 3.7481e-10 0.910672 1.09809 0 0
31.206 3.7481e-10 0.910844 1.09788 0 0
31.266 3.7481e-10 0.911015 1.09768 0 0
31.326 3.7481e-10 0.911185 1.09747 0 0
31.386 3.7481e-10 0.911355 1.09727 0 0
31.446 3.7481e-10 0.911524 1.09706 0 0
31.506 3.7481e-10 0.911693 1.09686 0 0
31.566 3.7481e-10 0.911861 1.09666 0 0
31.626 3.7481e-10 0.912028 1.09646 0 0
31.686 3.7481e-10 0.912194 1.09626 0 0
31.746 3.7481e-10 0.91236 1.09606 0 0
31.806 3.7481e-10 0.912526 1.09586 0 0
31.866 3.7481e-10 0.91269 1.09566 0 0
31.926 3.7481e-10 0.912854 1.09546 0 0
31.986 3.7481e-10 0.913018 1.09527 0 0
32.046 3.7481e-10 0.913181 1.09507 0 0
32.106 3.7481e-10 0.913343 1.09488 0 0
32.166 3.7481e-10 0.913505 1.09469 0 0
32.226 3.7481e-10 0.913666 1.09449 0 0
32.286 3.7481e-10 0.913826 1.0943 0 0
32.346 3.7481e-10 0.913986 1.09411 0 0
32.406 3.7481e-10 0.914145 1.09392 0 0
32.466 3.7481e-10 0.914304 1.09373 0 0
32.526 3.7481e-10 0.914462 1.09354 0 0
32.586 3.7481e-10 0.91462 1.09335 0 0
32.646 3.7481e-10 0.914776 1.09316 0 0
32.706 3.7481e-10 0.914933 1.09298 0 0
32.766 3.7481e-10 0.915089 1.09279 0 0
32.826 3.7481e-10 0.915244 1.09261 0 0
32.886 3.7481e-10 0.915398 1.09242 0 0
32.946 3.7481e-10 0.915552 1.09224 0 0
33.006 3.7481e-10 0.915706 1.09205 0 0
33.066 3.7481e-10 0.915859 1.09187 0 0
33.126 3.7481e-10 0.916011 1.09169 0 0
33.186 3.7481e-10 0.916163 1.09151 0 0
33.246 3.7481e-10 0.916314 1.09133 0 0
33.306 3.7481e-10 0.916465 1.09115 0 0
33.366 3.7481e-10 0.916615 1.09097 0 0
33.426 3.7481e-10 0.916765 1.09079 0 0
33.486 3.7481e-10 0.916914 1.09061 0 0
33.546 3.7481e-10 0.917063 1.09044 0 0
33.606 3.7481e-10 0.917211 1.09026 0 0
33.666 3.7481e-10 0.917359 1.09009 0 0
33.726 3.7481e-10 0.917506 1.08991 0 0
33.786 3.7481e-10 0.917652 1.08974 0 0
33.846 3.7481e-10 0.917798 1.08956 0 0
33.906 3.7481e-10 0.917943 1.08939 0 0
33.966 3.7481e-10 0.918088 1.08922 0 0
34.026 3.7481e-10 0.918233 1.08905 0 0
34.086 3.7481e-10 0.918377 1.08888 0 0
34.146 3.7481e-10 0.91852 1.08871 0 0
34.206 3.7481e-10 0.918663 1.08854 0 0
34.266 3.7481e-10 0.918806 1.08837 0 0
34.326 3.7481e-10 0.918947 1.0882 0 0
34.386 3.7481e-10 0.919089 1.08803 0 0
34.446 3.7481e-10 0.91923 1.08787 0 0
34.506 3.7481e-10 0.91937 1.0877 0 0
34.566 3.7481e-10 0.91951 1.08754 0 0
34.626 3.7481e-10 0.91965 1.08737 0 0
34.686 3.7481e-10 0.919789 1.08721 0 0
34.746 3.7481e-10 0.919927 1.08704 0 0
34.806 3.7481e-10 0.920065 1.08688 0 0
34.866 3.7481e-10 0.920203 1.08672 0 0
34.926 3.7481e-10 0.92034 1.08656 0 0
34.986 3.7481e-10 0.920477 1.08639 0 0
35.046 3.7481e-10 0.920613 1.08623 0 0
35.106 3.7481e-10 0.920748 1.08607 0 0
35.166 3.7481e-10 0.920884 1.08591 0 0
35.226 3.7481e-10 0.921018 1.08575 0 0
35.286 3.7481e-10 0.921153 1.0856 0 0
35.346 3.7481e-10 0.921286 1.08544 0 0
35.406 3.7481e-10 0.92142 1.08528 0 0
35.466 3.7481e-10 0.921553 1.08513 0 0
35.526 3.7481e-10 0.921685 1.08497 0 0
35.586 3.7481e-10 0.921817 1.08481 0 0
35.646 3.7481e-10 0.921949 1.08466 0 0
35.706 3.7481e-10 0.92208 1.0845 0 0
35.766 3.7481e-10 0.922211 1.08435 0 0
35.826 3.7481e-10 0.922341 1.0842 0 0
35.886 3.7481e-10 0.922471 1.08405 0 0
35.946 3.7481e-10 0.9226 1.08389 0 0
36.006 3.7481e-10 0.922729 1.08374 0 0
36.066 3.7481e-10 0.922858 1.08359 0 0
36.126 3.7481e-10 0.922986 1.08344 0 0
36.186 3.7481e-10 0.923114 1.08329 0 0
36.246 3.7481e-10 0.923241 1.08314 0 0
36.306 3.7481e-10 0.923368 1.08299 0 0
36.366 3.7481e-10 0.923494 1.08284 0 0
36.426 3.7481e-10 0.92362 1.0827 0 0
36.486 3.7481e-10 0.923746 1.08255 0 0
36.546 3.7481e-10 0.923871 1.0824 0 0
36.606 3.7481e-10 0.923996 1.08226 0 0
36.666 3.7481e-10 0.92412 1.08211 0 0
36.726 3.7481e-10 0.924244 1.08197 0 0
36.786 3.7481e-10 0.924368 1.08182 0 0
36.846 3.7481e-10 0.924491 1.08168 0 0
36.906 3.7481e-10 0.924614 1.08153 0 0
36.966 3.7481e-10 0.924736 1.08139 0 0
37.026 3.7481e-10 0.924858 1.08125 0 0
37.086 3.7481e-10 0.92498 1.0811 0 0
37.146 3.7481e-10 0.925101 1.08096 0 0
37.206 3.7481e-10 0.925222 1.08082 0 0
37.266 3.7481e-10 0.925342 1.08068 0 0
37.326 3.7481e-10 0.925462 1.08054 0 0
37.386 3.7481e-10 0.925582 1.0804 0 0
37.446 3.7481e-10 0.925701 1.08026 0 0
37.506 3.7481e-10 0.92582 1.08012 0 0
37.566 3.7481e-10 0.925938 1.07999 0 0
37.626 3.7481e-10 0.926056 1.07985 0 0
37.686 3.7481e-10 0.926174 1.07971 0 0
37.746 3.7481e-10 0.926291 1.07957 0 0
37.806 3.7481e-10 0.926408 1.07944 0 0
37.866 3.7481e-10 0.926525 1.0793 0 0
37.926 3.7481e-10 0.926641 1.07917 0 0
37.986 3.7481e-10 0.926757 1.07903 0 0
38.046 3.7481e-10 0.926873 1.0789 0 0
38.106 3.7481e-10 0.926988 1.07876 0 0
38.166 3.7481e-10 0.927102 1.07863 0 0
38.226 3.7481e-10 0.927217 1.0785 0 0
38.286 3.7481e-10 0.927331 1.07836 0 0
38.346 3.7481e-10 0.927445 1.07823 0 0
38.406 3.7481e-10 0.927558 1.0781 0 0
38.466 3.7481e-10 0.927671 1.07797 0 0
38.526 3.7481e-10 0.927784 1.07784 0 0
38.586 3.7481e-10 0.927896 1.07771 0 0
38.646 3.7481e-10 0.928008 1.07758 0 0
38.706 3.7481e-10 0.928119 1.07745 0 0
38.766 3.7481e-10 0.928231 1.07732 0 0
38.826 3.7481e-10 0.928342 1.07719 0 0
38.886 3.7481e-10 0.928452 1.07706 0 0
38.946 3.7481e-10 0.928562 1.07693 0 0
39.006 3.7481e-10 0.928672 1.07681 0 0
39.066 3.7481e-10 0.928782 1.07668 0 0
39.126 3.7481e-10 0.928891 1.07655 0 0
39.186 3.7481e-10 0.929 1.07643 0 0
39.246 3.7481e-10 0.929108 1.0763 0 0
39.306 3.7481e-10 0.929217 1.07618 0 0
39.366 3.7481e-10 0.929325 1.07605 0 0
39.426 3.7481e-10 0.929432 1.07593 0 0
39.486 3.7481e-10 0.929539 1.0758 0 0
39.546 3.7481e-10 0.929646 1.07568 0 0
39.606 3.7481e-10 0.929753 1.07555 0 0
39.666 3.7481e-10 0.929859 1.07543 0 0
39.726 3.7481e-10 0.929965 1.07531 0 0
39.786 3.7481e-10 0.930071 1.07519 0 0
39.846 3.7481e-10 0.930176 1.07507 0 0
39.906 3.7481e-10 0.930281 1.07494 0 0
39.966 3.7481e-10 0.930386 1.07482 0 0
40.026 3.7481e-10 0.93049 1.0747 0 0
40.086 3.7481e-10 0.930594 1.07458 0 0
40.146 3.7481e-10 0.930698 1.07446 0 0
40.206 3.7481e-10 0.930801 1.07434 0 0
40.266 3.7481e-10 0.930904 1.07422 0 0
40.326 3.7481e-10 0.931007 1.07411 0 0
40.386 3.7481e-10 0.93111 1.07399 0 0
40.446 3.7481e-10 0.931212 1.07387 0 0
40.506 3.7481e-10 0.931314 1.07375 0 0
40.566 3.7481e-10 0.931415 1.07363 0 0
40.626 3.7481e-10 0.931517 1.07352 0 0
40.686 3.7481e-10 0.931618 1.0734 0 0
40.746 3.7481e-10 0.931718 1.07329 0 0
40.806 3.7481e-10 0.931819 1.07317 0 0
40.866 3.7481e-10 0.931919 1.07305 0 0
40.926 3.7481e-10 0.932019 1.07294 0 0
40.986 3.7481e-10 0.932118 1.07283 0 0
41.046 3.7481e-10 0.932217 1.07271 0 0
41.106 3.7481e-10 0.932316 1.0726 0 0
41.166 3.7481e-10 0.932415 1.07248 0 0
41.226 3.7481e-10 0.932513 1.07237 0 0
41.286 3.7481e-10 0.932611 1.07226 0 0
41.346 3.7481e-10 0.932709 1.07215 0 0
41.406 3.7481e-10 0.932807 1.07203 0 0
41.466 3.7481e-10 0.932904 1.07192 0 0
41.526 3.7481e-10 0.933001 1.07181 0 0
41.586 3.7481e-10 0.933097 1.0717 0 0
41.646 3.7481e-10 0.933194 1.07159 0 0
41.706 3.7481e-10 0.93329 1.07148 0 0
41.766 3.7481e-10 0.933386 1.07137 0 0
41.826 3.7481e-10 0.933481 1.07126 0 0
41.886 3.7481e-10 0.933577 1.07115 0 0
41.946 3.7481e-10 0.933672 1.07104 0 0
42.006 3.7481e-10 0.933766 1.07093 0 0
42.066 3.7481e-10 0.933861 1.07082 0 0
42.126 3.7481e-10 0.933955 1.07072 0 0
42.186 3.7481e-10 0.934049 1.07061 0 0
42.246 3.7481e-10 0.934143 1.0705 0 0
42.306 3.7481e-10 0.934236 1.07039 0 0
42.366 3.7481e-10 0.934329 1.07029 0 0
42.426 3.7481e-10 0.934422 1.07018 0 0
42.486 3.7481e-10 0.934515 1.07007 0 0
42.546 3.7481e-10 0.934607 1.06997 0 0
42.606 3.7481e-10 0.934699 1.06986 0 0
42.666 3.7481e-10 0.934791 1.06976 0 0
42.726 3.7481e-10 0.934883 1.06965 0 0
42.786 3.7481e-10 0.934974 1.06955 0 0
42.846 3.7481e-10 0.935065 1.06944 0 0
42.906 3.7481e-10 0.935156 1.06934 0 0
42.966 3.7481e-10 0.935246 1.06924 0 0
43.026 3.7481e-10 0.935337 1.06913 0 0
43.086 3.7481e-10 0.935427 1.06903 0 0
43.146 3.7481e-10 0.935516 1.06893 0 0
43.206 3.7481e-10 0.935606 1.06883 0 0
43.266 3.7481e-10 0.935695 1.06872 0 0
43.326 3.7481e-10 0.935784 1.06862 0 0
43.386 3.7481e-10 0.935873 1.06852 0 0
43.446 3.7481e-10 0.935962 1.06842 0 0
43.506 3.7481e-10 0.93605 1.06832 0 0
43.566 3.7481e-10 0.936138 1.06822 0 0
43.626 3.7481e-10 0.936226 1.06812 0 0
43.686 3.7481e-10 0.936313 1.06802 0 0
43.746 3.7481e-10 0.936401 1.06792 0 0
43.806 3.7481e-10 0.936488 1.06782 0 0
43.866 3.7481e-10 0.936575 1.06772 0 0
43.926 3.7481e-10 0.936661 1.06762 0 0
43.986 3.7481e-10 0.936748 1.06752 0 0
44.046 3.7481e-10 0.936834 1.06742 0 0
44.106 3.7481e-10 0.93692 1.06733 0 0
44.166 3.7481e-10 0.937006 1.06723 0 0
44.226 3.7481e-10 0.937091 1.06713 0 0
44.286 3.7481e-10 0.937176 1.06704 0 0
44.346 3.7481e-10 0.937261 1.06694 0 0
44.406 3.7481e-10 0.937346 1.06684 0 0
44.466 3.7481e-10 0.937431 1.06675 0 0
44.526 3.7481e-10 0.937515 1.06665 0 0
44.586 3.7481e-10 0.937599 1.06655 0 0
44.646 3.7481e-10 0.937683 1.06646 0 0
44.706 3.7481e-10 0.937767 1.06636 0 0
44.766 3.7481e-10 0.93785 1.06627 0 0
44.826 3.7481e-10 0.937933 1.06617 0 0
44.886 3.7481e-10 0.938016 1.06608 0 0
44.946 3.7481e-10 0.938099 1.06599 0 0
45.006 3.7481e-10 0.938181 1.06589 0 0
45.066 3.7481e-10 0.938264 1.0658 0 0
45.126 3.7481e-10 0.938346 1.06571 0 0
45.186 3.7481e-10 0.938428 1.06561 0 0
45.246 3.7481e-10 0.938509 1.06552 0 0
45.306 3.7481e-10 0.938591 1.06543 0 0
45.366 3.7481e-10 0.938672 1.06533 0 0
45.426 3.7481e-10 0.938753 1.06524 0 0
45.486 3.7481e-10 0.938834 1.06515 0 0
45.546 3.7481e-10 0.938914 1.06506 0 0
45.606 3.7481e-10 0.938995 1.06497 0 0
45.666 3.7481e-10 0.939075 1.06488 0 0
45.726 3.7481e-10 0.939155 1.06479 0 0
45.786 3.7481e-10 0.939235 1.0647 0 0
45.846 3.7481e-10 0.939314 1.06461 0 0
45.906 3.7481e-10 0.939393 1.06452 0 0
45.966 3.7481e-10 0.939472 1.06443 0 0
46.026 3.7481e-10 0.939551 1.06434 0 0
46.086 3.7481e-10 0.93963 1.06425 0 0
46.146 3.7481e-10 0.939709 1.06416 0 0
46.206 3.7481e-10 0.939787 1.06407 0 0
46.266 3.7481e-10 0.939865 1.06398 0 0
46.326 3.7481e-10 0.939943 1.06389 0 0
46.386 3.7481e-10 0.940021 1.06381 0 0
46.446 3.7481e-10 0.940098 1.06372 0 0
46.506 3.7481e-10 0.940175 1.06363 0 0
46.566 3.7481e-10 0.940252 1.06354 0 0
46.626 3.7481e-10 0.940329 1.06346 0 0
46.686 3.7481e-10 0.940406 1.06337 0 0
46.746 3.7481e-10 0.940482 1.06328 0 0
46.806 3.7481e-10 0.940559 1.0632 0 0
46.866 3.7481e-10 0.940635 1.06311 0 0
46.926 3.7481e-10 0.940711 1.06303 0 0
46.986 3.7481e-10 0.940786 1.06294 0 0
47.046 3.7481e-10 0.940862 1.06286 0 0
47.106 3.7481e-10 0.940937 1.06277 0 0
47.166 3.7481e-10 0.941012 1.06269 0 0
47.226 3.7481e-10 0.941087 1.0626 0 0
47.286 3.7481e-10 0.941162 1.06252 0 0
47.346 3.7481e-10 0.941237 1.06243 0 0
47.406 3.7481e-10 0.941311 1.06235 0 0
47.466 3.7481e-10 0.941385 1.06226 0 0
47.526 3.7481e-10 0.941459 1.06218 0 0
47.586 3.7481e-10 0.941533 1.0621 0 0
47.646 3.7481e-10 0.941607 1.06201 0 0
47.706 3.7481e-10 0.94168 1.06193 0 0
47.766 3.7481e-10 0.941753 1.06185 0 0
47.826 3.7481e-10 0.941826 1.06177 0 0
47.886 3.7481e-10 0.941899 1.06168 0 0
47.946 3.7481e-10 0.941972 1.0616 0 0
48.006 3.7481e-10 0.942045 1.06152 0 0
48.066 3.7481e-10 0.942117 1.06144 0 0
48.126 3.7481e-10 0.942189 1.06136 0 0
48.186 3.7481e-10 0.942261 1.06128 0 0
48.246 3.7481e-10 0.942333 1.0612 0 0
48.306 3.7481e-10 0.942404 1.06112 0 0
48.366 3.7481e-10 0.942476 1.06104 0 0
48.426 3.7481e-10 0.942547 1.06095 0 0
48.486 3.7481e-10 0.942618 1.06087 0 0
48.546 3.7481e-10 0.942689 1.06079 0 0
48.606 3.7481e-10 0.94276 1.06072 0 0
48.666 3.7481e-10 0.942831 1.06064 0 0
48.726 3.7481e-10 0.942901 1.06056 0 0
48.786 3.7481e-10 0.942971 1.06048 0 0
48.846 3.7481e-10 0.943041 1.0604 0 0
48.906 3.7481e-10 0.943111 1.06032 0 0
48.966 3.7481e-10 0.943181 1.06024 0 0
49.026 3.7481e-10 0.94325 1.06016 0 0
49.086 3.7481e-10 0.94332 1.06009 0 0
49.146 3.7481e-10 0.943389 1.06001 0 0
49.206 3.7481e-10 0.943458 1.05993 0 0
49.266 3.7481e-10 0.943527 1.05985 0 0
49.326 3.7481e-10 0.943595 1.05978 0 0
49.386 3.7481e-10 0.943664 1.0597 0 0
49.446 3.7481e-10 0.943732 1.05962 0 0
49.506 3.7481e-10 0.943801 1.05955 0 0
49.566 3.7481e-10 0.943869 1.05947 0 0
49.626 3.7481e-10 0.943936 1.05939 0 0
49.686 3.7481e-10 0.944004 1.05932 0 0
49.746 3.7481e-10 0.944072 1.05924 0 0
49.806 3.7481e-10 0.944139 1.05917 0 0
49.866 3.7481e-10 0.944206 1.05909 0 0
49.926 3.7481e-10 0.944273 1.05902 0 0
49.986 3.7481e-10 0.94434 1.05894 0 0
50.046 3.7481e-10 0.944407 1.05887 0 0
50.106 3.7481e-10 0.944474 1.05879 0 0
50.166 3.7481e-10 0.94454 1.05872 0 0
50.226 3.7481e-10 0.944606 1.05864 0 0
50.286 3.7481e-10 0.944672 1.05857 0 0
50.346 3.7481e-10 0.944738 1.05849 0 0
50.406 3.7481e-10 0.944804 1.05842 0 0
50.466 3.7481e-10 0.94487 1.05835 0 0
50.526 3.7481e-10 0.944935 1.05827 0 0
50.586 3.7481e-10 0.945 1.0582 0 0
50.646 3.7481e-10 0.945066 1.05813 0 0
50.706 3.7481e-10 0.945131 1.05805 0 0
50.766 3.7481e-10 0.945195 1.05798 0 0
50.826 3.7481e-10 0.94526 1.05791 0 0
50.886 3.7481e-10 0.945325 1.05784 0 0
50.946 3.7481e-10 0.945389 1.05777 0 0
51.006 3.7481e-10 0.945453 1.05769 0 0
51.066 3.7481e-10 0.945517 1.05762 0 0
51.126 3.7481e-10 0.945581 1.05755 0 0
51.186 3.7481e-10 0.945645 1.05748 0 0
51.246 3.7481e-10 0.945709 1.05741 0 0
51.306 3.7481e-10 0.945772 1.05734 0 0
51.366 3.7481e-10 0.945836 1.05727 0 0
51.426 3.7481e-10 0.945899 1.0572 0 0
51.486 3.7481e-10 0.945962 1.05713 0 0
51.546 3.7481e-10 0.946025 1.05705 0 0
51.606 3.7481e-10 0.946087 1.05698 0 0
51.666 3.7481e-10 0.94615 1.05691 0 0
51.726 3.7481e-10 0.946213 1.05684 0 0
51.786 3.7481e-10 0.946275 1.05678 0 0
51.846 3.7481e-10 0.946337 1.05671 0 0
51.906 3.7481e-10 0.946399 1.05664 0 0
51.966 3.7481e-10 0.946461 1.05657 0 0
52.026 3.7481e-10 0.946523 1.0565 0 0
52.086 3.7481e-10 0.946584 1.05643 0 0
52.146 3.7481e-10 0.946646 1.05636 0 0
52.206 3.7481e-10 0.946707 1.05629 0 0
52.266 3.7481e-10 0.946768 1.05622 0 0
52.326 3.7481e-10 0.946829 1.05616 0 0
52.386 3.7481e-10 0.94689 1.05609 0 0
52.446 3.7481e-10 0.946951 1.05602 0 0
52.506 3.7481e-10 0.947012 1.05595 0 0
52.566 3.7481e-10 0.947072 1.05589 0 0
52.626 3.7481e-10 0.947132 1.05582 0 0
52.686 3.7481e-10 0.947193 1.05575 0 0
52.746 3.7481e-10 0.947253 1.05568 0 0
52.806 3.7481e-10 0.947313 1.05562 0 0
52.866 3.7481e-10 0.947372 1.05555 0 0
52.926 3.7481e-10 0.947432 1.05548 0 0
52.986 3.7481e-10 0.947492 1.05542 0 0
53.046 3.7481e-10 0.947551 1.05535 0 0
53.106 3.7481e-10 0.94761 1.05529 0 0
53.166 3.7481e-10 0.947669 1.05522 0 0
53.226 3.7481e-10 0.947728 1.05515 0 0
53.286 3.7481e-10 0.947787 1.05509 0 0
53.346 3.7481e-10 0.947846 1.05502 0 0
53.406 3.7481e-10 0.947905 1.05496 0 0
53.466 3.7481e-10 0.947963 1.05489 0 0
53.526 3.7481e-10 0.948021 1.05483 0 0
53.586 3.7481e-10 0.94808 1.05476 0 0
53.646 3.7481e-10 0.948138 1.0547 0 0
53.706 3.7481e-10 0.948196 1.05463 0 0
53.766 3.7481e-10 0.948253 1.05457 0 0
53.826 3.7481e-10 0.948311 1.05451 0 0
53.886 3.7481e-10 0.948369 1.05444 0 0
53.946 3.7481e-10 0.948426 1.05438 0 0
54.006 3.7481e-10 0.948483 1.05431 0 0
54.066 3.7481e-10 0.948541 1.05425 0 0
54.126 3.7481e-10 0.948598 1.05419 0 0
54.186 3.7481e-10 0.948654 1.05412 0 0
54.246 3.7481e-10 0.948711 1.05406 0 0
54.306 3.7481e-10 0.948768 1.054 0 0
54.366 3.7481e-10 0.948824 1.05394 0 0
54.426 3.7481e-10 0.948881 1.05387 0 0
54.486 3.7481e-10 0.948937 1.05381 0 0
54.546 3.7481e-10 0.948993 1.05375 0 0
54.606 3.7481e-10 0.949049 1.05369 0 0
54.666 3.7481e-10 0.949105 1.05362 0 0
54.726 3.7481e-10 0.949161 1.05356 0 0
54.786 3.7481e-10 0.949217 1.0535 0 0
54.846 3.7481e-10 0.949272 1.05344 0 0
54.906 3.7481e-10 0.949328 1.05338 0 0
54.966 3.7481e-10 0.949383 1.05332 0 0
55.026 3.7481e-10 0.949438 1.05325 0 0
55.086 3.7481e-10 0.949493 1.05319 0 0
55.146 3.7481e-10 0.949548 1.05313 0 0
55.206 3.7481e-10 0.949603 1.05307 0 0
55.266 3.7481e-10 0.949658 1.05301 0 0
55.326 3.7481e-10 0.949712 1.05295 0 0
55.386 3.7481e-10 0.949767 1.05289 0 0
55.446 3.7481e-10 0.949821 1.05283 0 0
55.506 3.7481e-10 0.949876 1.05277 0 0
55.566 3.7481e-10 0.94993 1.05271 0 0
55.626 3.7481e-10 0.949984 1.05265 0 0
55.686 3.7481e-10 0.950038 1.05259 0 0
55.746 3.7481e-10 0.950091 1.05253 0 0
55.806 3.7481e-10 0.950145 1.05247 0 0
55.866 3.7481e-10 0.950199 1.05241 0 0
55.926 3.7481e-10 0.950252 1.05235 0 0
55.986 3.7481e-10 0.950305 1.05229 0 0
56.046 3.7481e-10 0.950358 1.05223 0 0
56.106 3.7481e-10 0.950412 1.05218 0 0
56.166 3.7481e-10 0.950465 1.05212 0 0
56.226 3.7481e-10 0.950517 1.05206 0 0
56.286 3.7481e-10 0.95057 1.052 0 0
56.346 3.7481e-10 0.950623 1.05194 0 0
56.406 3.7481e-10 0.950675 1.05188 0 0
56.466 3.7481e-10 0.950728 1.05183 0 0
56.526 3.7481e-10 0.95078 1.05177 0 0
56.586 3.7481e-10 0.950832 1.05171 0 0
56.646 3.7481e-10 0.950884 1.05165 0 0
56.706 3.7481e-10 0.950936 1.0516 0 0
56.766 3.7481e-10 0.950988 1.05154 0 0
56.826 3.7481e-10 0.95104 1.05148 0 0
56.886 3.7481e-10 0.951092 1.05142 0 0
56.946 3.7481e-10 0.951143 1.05137 0 0
57.006 3.7481e-10 0.951194 1.05131 0 0
57.066 3.7481e-10 0.951246 1.05125 0 0
57.126 3.7481e-10 0.951297 1.0512 0 0
57.186 3.7481e-10 0.951348 1.05114 0 0
57.246 3.7481e-10 0.951399 1.05108 0 0
57.306 3.7481e-10 0.95145 1.05103 0 0
57.366 3.7481e-10 0.951501 1.05097 0 0
57.426 3.7481e-10 0.951551 1.05092 0 0
57.486 3.7481e-10 0.951602 1.05086 0 0
57.546 3.7481e-10 0.951652 1.0508 0 0
57.606 3.7481e-10 0.951703 1.05075 0 0
57.666 3.7481e-10 0.951753 1.05069 0 0
57.726 3.7481e-10 0.951803 1.05064 0 0
57.786 3.7481e-10 0.951853 1.05058 0 0
57.846 3.7481e-10 0.951903 1.05053 0 0
57.906 3.7481e-10 0.951953 1.05047 0 0
57.966 3.7481e-10 0.952003 1.05042 0 0
58.026 3.7481e-10 0.952052 1.05036 0 0
58.086 3.7481e-10 0.952102 1.05031 0 0
58.146 3.7481e-10 0.952151 1.05025 0 0
58.206 3.7481e-10 0.952201 1.0502 0 0
58.266 3.7481e-10 0.95225 1.05014 0 0
58.326 3.7481e-10 0.952299 1.05009 0 0
58.386 3.7481e-10 0.952348 1.05004 0 0
58.446 3.7481e-10 0.952397 1.04998 0 0
58.506 3.7481e-10 0.952446 1.04993 0 0
58.566 3.7481e-10 0.952494 1.04987 0 0
58.626 3.7481e-10 0.952543 1.04982 0 0
58.686 3.7481e-10 0.952592 1.04977 0 0
58.746 3.7481e-10 0.95264 1.04971 0 0
58.806 3.7481e-10 0.952688 1.04966 0 0
58.866 3.7481e-10 0.952737 1.04961 0 0
58.926 3.7481e-10 0.952785 1.04956 0 0
58.986 3.7481e-10 0.952833 1.0495 0 0
59.046 3.7481e-10 0.952881 1.04945 0 0
59.106 3.7481e-10 0.952928 1.0494 0 0
59.166 3.7481e-10 0.952976 1.04934 0 0
59.226 3.7481e-10 0.953024 1.04929 0 0
59.286 3.7481e-10 0.953071 1.04924 0 0
59.346 3.7481e-10 0.953119 1.04919 0 0
59.406 3.7481e-10 0.953166 1.04913 0 0
59.466 3.7481e-10 0.953213 1.04908 0 0
59.526 3.7481e-10 0.953261 1.04903 0 0
59.586 3.7481e-10 0.953308 1.04898 0 0
59.646 3.7481e-10 0.953355 1.04893 0 0
59.706 3.7481e-10 0.953402 1.04888 0 0
59.766 3.7481e-10 0.953448 1.04882 0 0
59.826 3.7481e-10 0.953495 1.04877 0 0
59.886 3.7481e-10 0.953542 1.04872 0 0
59.946 3.7481e-10 0.953588 1.04867 0 0

