0.06 0.856308
0.006 0.257013 0.00820364 1 0.00420034 0.006481
0.066 0.24239 0.0119829 1.19964 0.00202457 0.00449953
0.126 0.213713 0.0240642 1.55137 0.000290174 0.00170345
0.186 0.185136 0.0458529 1.79649 0 0
0.246 0.161503 0.0751653 1.89474 0 0
0.306 0.142662 0.10861 1.91109 0 0
0.366 0.127496 0.14359 1.89298 0 0
0.426 0.115039 0.178526 1.8626 0 0
0.486 0.1046 0.212544 1.82915 0 0
0.546 0.0956982 0.245196 1.79625 0 0
0.606 0.0879974 0.276275 1.76517 0 0
0.666 0.0812548 0.305712 1.73625 0 0
0.726 0.0752924 0.333514 1.70945 0 0
0.786 0.0699759 0.359731 1.68458 0 0
0.846 0.0652022 0.384435 1.66146 0 0
0.906 0.0608904 0.407708 1.63986 0 0
0.966 0.0569759 0.429637 1.61962 0 0
1.026 0.0534063 0.450306 1.60058 0 0
1.086 0.0501388 0.469798 1.5826 0 0
1.146 0.0471376 0.488192 1.56557 0 0
1.206 0.0443728 0.505563 1.5494 0 0
1.266 0.0418189 0.521981 1.53401 0 0
1.326 0.0394541 0.537509 1.51933 0 0
1.386 0.0372597 0.552208 1.50531 0 0
1.446 0.0352194 0.566135 1.49189 0 0
1.506 0.033319 0.57934 1.47903 0 0
1.566 0.0315459 0.591872 1.4667 0 0
1.626 0.0298891 0.603775 1.45485 0 0
1.686 0.0283389 0.615089 1.44347 0 0
1.746 0.0268864 0.625853 1.43252 0 0
1.806 0.025524 0.636101 1.42199 0 0
1.866 0.0242445 0.645866 1.41184 0 0
1.926 0.0230417 0.655177 1.40206 0 0
1.986 0.0219098 0.664063 1.39264 0 0
2.046 0.0208437 0.672549 1.38354 0 0
2.106 0.0198386 0.680659 1.37477 0 0
2.166 0.0188904 0.688416 1.36631 0 0
2.226 0.0179951 0.69584 1.35813 0 0
2.286 0.017149 0.702949 1.35024 0 0
2.346 0.016349 0.709763 1.34261 0 0
2.406 0.0155921 0.716297 1.33523 0 0
2.466 0.0148754 0.722567 1.3281 0 0
2.526 0.0141964 0.728588 1.32121 0 0
2.586 0.0135527 0.734372 1.31454 0 0
2.646 0.0129423 0.739933 1.30808 0 0
2.706 0.0123629 0.745282 1.30184 0 0
2.766 0.0118129 0.750431 1.29579 0 0
2.826 0.0112905 0.755389 1.28993 0 0
2.886 0.010794 0.760167 1.28426 0 0
2.946 0.0103219 0.764773 1.27876 0 0
3.006 0.00987287 0.769215 1.27344 0 0
3.066 0.0094456 0.773503 1.26828 0 0
3.126 0.00903886 0.777642 1.26327 0 0
3.186 0.00865153 0.781642 1.25842 0 0
3.246 0.00828253 0.785507 1.25371 0 0
3.306 0.00793087 0.789244 1.24914 0 0
3.366 0.00759563 0.79286 1.2447 0 0
3.426 0.00727593 0.796359 1.2404 0 0
3.486 0.00697095 0.799747 1.23622 0 0
3.546 0.00667993 0.803029 1.23216 0 0
3.606 0.00640213 0.806209 1.22822 0 0
3.666 0.00613689 0.809293 1.22439 0 0
3.726 0.00588357 0.812283 1.22067 0 0
3.786 0.00564155 0.815185 1.21705 0 0
3.846 0.00541028 0.818001 1.21353 0 0
3.906 0.00518923 0.820736 1.21011 0 0
3.966 0.00497788 0.823392 1.20679 0 0
4.026 0.00477576 0.825973 1.20355 0 0
4.086 0.00458243 0.828482 1.2004 0 0
4.146 0.00439745 0.830922 1.19733 0 0
4.206 0.00422043 0.833295 1.19435 0 0
4.266 0.00405099 0.835604 1.19144 0 0
4.326 0.00388876 0.837852 1.18861 0 0
4.386 0.00373342 0.840041 1.18585 0 0
4.446 0.00358463 0.842172 1.18317 0 0
4.506 0.00344209 0.844249 1.18055 0 0
4.566 0.00330551 0.846273 1.178 0 0
4.626 0.00317462 0.848246 1.17551 0 0
4.686 0.00304916 0.850171 1.17308 0 0
4.746 0.00292888 0.852047 1.17071 0 0
4.806 0.00281354 0.853879 1.1684 0 0
4.866 0.00270293 0.855666 1.16615 0 0
4.926 0.00259682 0.857411 1.16395 0 0
4.986 0.00249503 0.859115 1.16181 0 0
5.046 0.00239735 0.860779 1.15971 0 0
5.106 0.00230361 0.862405 1.15766 0 0
5.166 0.00221363 0.863994 1.15566 0 0
5.226 0.00212725 0.865547 1.15371 0 0
5.286 0.00204431 0.867065 1.1518 0 0
5.346 0.00196466 0.86855 1.14994 0 0
5.406 0.00188816 0.870003 1.14812 0 0
5.466 0.00181467 0.871424 1.14633 0 0
5.526 0.00174406 0.872815 1.14459 0 0
5.586 0.00167621 0.874176 1.14289 0 0
5.646 0.001611 0.875509 1.14122 0 0
5.706 0.00154832 0.876814 1.13959 0 0
5.766 0.00148807 0.878092 1.13799 0 0
5.826 0.00143013 0.879345 1.13643 0 0
5.886 0.00137441 0.880571 1.1349 0 0
5.946 0.00132082 0.881774 1.13341 0 0
6.006 0.00126927 0.882953 1.13194 0 0
6.066 0.00121967 0.884108 1.1305 0 0
6.126 0.00117195 0.885241 1.1291 0 0
6.186 0.00112601 0.886353 1.12772 0 0
6.246 0.0010818 0.887443 1.12637 0 0
6.306 0.00103923 0.888512 1.12505 0 0
6.366 0.000998249 0.889562 1.12375 0 0
6.426 0.000958778 0.890592 1.12248 0 0
6.486 0.000920758 0.891603 1.12123 0 0
6.546 0.000884131 0.892596 1.12001 0 0
6.606 0.000848838 0.89357 1.11881 0 0
6.666 0.000814826 0.894528 1.11764 0 0
6.726 0.00078204 0.895468 1.11648 0 0
6.786 0.000750432 0.896392 1.11535 0 0
6.846 0.000719953 0.8973 1.11424 0 0
6.906 0.000690556 0.898191 1.11315 0 0
6.966 0.000662197 0.899068 1.11208 0 0
7.026 0.000634834 0.89993 1.11103 0 0
7.086 0.000608426 0.900777 1.11 0 0
7.146 0.000582934 0.90161 1.10898 0 0
7.206 0.000558319 0.902429 1.10799 0 0
7.266 0.000534547 0.903235 1.10701 0 0
7.326 0.000511582 0.904027 1.10605 0 0
7.386 0.000489391 0.904807 1.1051 0 0
7.446 0.000467942 0.905574 1.10417 0 0
7.506 0.000447205 0.906329 1.10326 0 0
7.566 0.00042715 0.907072 1.10237 0 0
7.626 0.000407749 0.907803 1.10148 0 0
7.686 0.000388974 0.908523 1.10062 0 0
7.746 0.000370799 0.909232 1.09977 0 0
7.806 0.000353199 0.90993 1.09893 0 0
7.866 0.00033615 0.910617 1.0981 0 0
7.926 0.000319629 0.911294 1.09729 0 0
7.986 0.000303613 0.911961 1.09649 0 0
8.046 0.000288079 0.912617 1.09571 0 0
8.106 0.000273009 0.913264 1.09494 0 0
8.166 0.00025838 0.913902 1.09418 0 0
8.226 0.000244175 0.91453 1.09343 0 0
8.286 0.000230374 0.915149 1.09269 0 0
8.346 0.000216959 0.91576 1.09196 0 0
8.406 0.000203913 0.916361 1.09125 0 0
8.466 0.000191219 0.916954 1.09055 0 0
8.526 0.000178862 0.917539 1.08985 0 0
8.586 0.000166824 0.918115 1.08917 0 0
8.646 0.000155092 0.918684 1.0885 0 0
8.706 0.000143651 0.919245 1.08784 0 0
8.766 0.000132486 0.919798 1.08718 0 0
8.826 0.000121583 0.920343 1.08654 0 0
8.886 0.000110931 0.920881 1.08591 0 0
8.946 0.000100515 0.921412 1.08528 0 0
9.006 9.03229e-05 0.921936 1.08467 0 0
9.066 8.03434e-05 0.922453 1.08406 0 0
9.126 7.05645e-05 0.922963 1.08346 0 0
9.186 6.09748e-05 0.923467 1.08287 0 0
9.246 5.15633e-05 0.923963 1.08229 0 0
9.306 4.23194e-05 0.924454 1.08172 0 0
9.366 3.32325e-05 0.924938 1.08115 0 0
9.426 2.42926e-05 0.925416 1.08059 0 0
9.486 1.54898e-05 0.925888 1.08004 0 0
9.546 6.81457e-06 0.926354 1.0795 0 0
9.606 2.57013e-09 0.926815 1.07896 0 0
9.666 2.57013e-09 0.927269 1.07844 0 0
9.726 2.57013e-09 0.927718 1.07791 0 0
9.786 2.57013e-09 0.928161 1.0774 0 0
9.846 2.57013e-09 0.928599 1.07689 0 0
9.906 2.57013e-09 0.929031 1.07639 0 0
9.966 2.57013e-09 0.929458 1.0759 0 0
10.026 2.57013e-09 0.92988 1.07541 0 0
10.086 2.57013e-09 0.930298 1.07492 0 0
10.146 2.57013e-09 0.93071 1.07445 0 0
10.206 2.57013e-09 0.931117 1.07398 0 0
10.266 2.57013e-09 0.93152 1.07351 0 0
10.326 2.57013e-09 0.931918 1.07306 0 0
10.386 2.57013e-09 0.932311 1.0726 0 0
10.446 2.57013e-09 0.9327 1.07216 0 0
10.506 2.57013e-09 0.933084 1.07171 0 0
10.566 2.57013e-09 0.933464 1.07128 0 0
10.626 2.57013e-09 0.93384 1.07085 0 0
10.686 2.57013e-09 0.934211 1.07042 0 0
10.746 2.57013e-09 0.934579 1.07 0 0
10.806 2.57013e-09 0.934942 1.06959 0 0
10.866 2.57013e-09 0.935301 1.06917 0 0
10.926 2.57013e-09 0.935656 1.06877 0 0
10.986 2.57013e-09 0.936008 1.06837 0 0
11.046 2.57013e-09 0.936355 1.06797 0 0
11.106 2.57013e-09 0.936699 1.06758 0 0
11.166 2.57013e-09 0.937039 1.06719 0 0
11.226 2.57013e-09 0.937376 1.06681 0 0
11.286 2.57013e-09 0.937709 1.06643 0 0
11.346 2.57013e-09 0.938038 1.06605 0 0
11.406 2.57013e-09 0.938364 1.06568 0 0
11.466 2.57013e-09 0.938687 1.06532 0 0
11.526 2.57013e-09 0.939006 1.06496 0 0
11.586 2.57013e-09 0.939322 1.0646 0 0
11.646 2.57013e-09 0.939634 1.06424 0 0
11.706 2.57013e-09 0.939944 1.06389 0 0
11.766 2.57013e-09 0.94025 1.06355 0 0
11.826 2.57013e-09 0.940553 1.0632 0 0
11.886 2.57013e-09 0.940853 1.06287 0 0
11.946 2.57013e-09 0.94115 1.06253 0 0
12.006 2.57013e-09 0.941444 1.0622 0 0
12.066 2.57013e-09 0.941736 1.06187 0 0
12.126 2.57013e-09 0.942024 1.06154 0 0
12.186 2.57013e-09 0.942309 1.06122 0 0
12.246 2.57013e-09 0.942592 1.0609 0 0
12.306 2.57013e-09 0.942872 1.06059 0 0
12.366 2.57013e-09 0.943149 1.06028 0 0
12.426 2.57013e-09 0.943424 1.05997 0 0
12.486 2.57013e-09 0.943695 1.05966 0 0
12.546 2.57013e-09 0.943965 1.05936 0 0
12.606 2.57013e-09 0.944231 1.05906 0 0
12.666 2.57013e-09 0.944496 1.05877 0 0
12.726 2.57013e-09 0.944757 1.05847 0 0
12.786 2.57013e-09 0.945017 1.05818 0 0
12.846 2.57013e-09 0.945273 1.0579 0 0
12.906 2.57013e-09 0.945528 1.05761 0 0
12.966 2.57013e-09 0.94578 1.05733 0 0
13.026 2.57013e-09 0.94603 1.05705 0 0
13.086 2.57013e-09 0.946277 1.05677 0 0
13.146 2.57013e-09 0.946522 1.0565 0 0
13.206 2.57013e-09 0.946765 1.05623 0 0
13.266 2.57013e-09 0.947006 1.05596 0 0
13.326 2.57013e-09 0.947245 1.05569 0 0
13.386 2.57013e-09 0.947481 1.05543 0 0
13.446 2.57013e-09 0.947715 1.05517 0 0
13.506 2.57013e-09 0.947948 1.05491 0 0
13.566 2.57013e-09 0.948178 1.05465 0 0
13.626 2.57013e-09 0.948406 1.0544 0 0
13.686 2.57013e-09 0.948632 1.05415 0 0
13.746 2.57013e-09 0.948856 1.0539 0 0
13.806 2.57013e-09 0.949079 1.05365 0 0
13.866 2.57013e-09 0.949299 1.05341 0 0
13.926 2.57013e-09 0.949518 1.05317 0 0
13.986 2.57013e-09 0.949734 1.05293 0 0
14.046 2.57013e-09 0.949949 1.05269 0 0
14.106 2.57013e-09 0.950162 1.05245 0 0
14.166 2.57013e-09 0.950373 1.05222 0 0
14.226 2.57013e-09 0.950582 1.05199 0 0
14.286 2.57013e-09 0.95079 1.05176 0 0
14.346 2.57013e-09 0.950995 1.05153 0 0
14.406 2.57013e-09 0.9512 1.0513 0 0
14.466 2.57013e-09 0.951402 1.05108 0 0
14.526 2.57013e-09 0.951603 1.05086 0 0
14.586 2.57013e-09 0.951802 1.05064 0 0
14.646 2.57013e-09 0.951999 1.05042 0 0
14.706 2.57013e-09 0.952195 1.0502 0 0
14.766 2.57013e-09 0.952389 1.04999 0 0
14.826 2.57013e-09 0.952582 1.04978 0 0
14.886 2.57013e-09 0.952773 1.04957 0 0
14.946 2.57013e-09 0.952963 1.04936 0 0
15.006 2.57013e-09 0.953151 1.04915 0 0
15.066 2.57013e-09 0.953337 1.04895 0 0
15.126 2.57013e-09 0.953522 1.04874 0 0
15.186 2.57013e-09 0.953706 1.04854 0 0
15.246 2.57013e-09 0.953888 1.04834 0 0
15.306 2.57013e-09 0.954069 1.04814 0 0
15.366 2.57013e-09 0.954248 1.04795 0 0
15.426 2.57013e-09 0.954426 1.04775 0 0
15.486 2.57013e-09 0.954603 1.04756 0 0
15.546 2.57013e-09 0.954778 1.04736 0 0
15.606 2.57013e-09 0.954952 1.04717 0 0
15.666 2.57013e-09 0.955125 1.04698 0 0
15.726 2.57013e-09 0.955296 1.0468 0 0
15.786 2.57013e-09 0.955466 1.04661 0 0
15.846 2.57013e-09 0.955634 1.04643 0 0
15.906 2.57013e-09 0.955802 1.04624 0 0
15.966 2.57013e-09 0.955968 1.04606 0 0
16.026 2.57013e-09 0.956133 1.04588 0 0
16.086 2.57013e-09 0.956296 1.0457 0 0
16.146 2.57013e-09 0.956459 1.04552 0 0
16.206 2.57013e-09 0.95662 1.04535 0 0
16.266 2.57013e-09 0.95678 1.04517 0 0
16.326 2.57013e-09 0.956939 1.045 0 0
16.386 2.57013e-09 0.957096 1.04483 0 0
16.446 2.57013e-09 0.957253 1.04466 0 0
16.506 2.57013e-09 0.957408 1.04449 0 0
16.566 2.57013e-09 0.957563 1.04432 0 0
16.626 2.57013e-09 0.957716 1.04415 0 0
16.686 2.57013e-09 0.957868 1.04399 0 0
16.746 2.57013e-09 0.958019 1.04382 0 0
16.806 2.57013e-09 0.958169 1.04366 0 0
16.866 2.57013e-09 0.958317 1.0435 0 0
16.926 2.57013e-09 0.958465 1.04333 0 0
16.986 2.57013e-09 0.958612 1.04318 0 0
17.046 2.57013e-09 0.958758 1.04302 0 0
17.106 2.57013e-09 0.958902 1.04286 0 0
17.166 2.57013e-09 0.959046 1.0427 0 0
17.226 2.57013e-09 0.959189 1.04255 0 0
17.286 2.57013e-09 0.95933 1.04239 0 0
17.346 2.57013e-09 0.959471 1.04224 0 0
17.406 2.57013e-09 0.959611 1.04209 0 0
17.466 2.57013e-09 0.959749 1.04194 0 0
17.526 2.57013e-09 0.959887 1.04179 0 0
17.586 2.57013e-09 0.960024 1.04164 0 0
17.646 2.57013e-09 0.96016 1.04149 0 0
17.706 2.57013e-09 0.960295 1.04135 0 0
17.766 2.57013e-09 0.960429 1.0412 0 0
17.826 2.57013e-09 0.960562 1.04106 0 0
17.886 2.57013e-09 0.960694 1.04091 0 0
17.946 2.57013e-09 0.960826 1.04077 0 0
18.006 2.57013e-09 0.960956 1.04063 0 0
18.066 2.57013e-09 0.961086 1.04049 0 0
18.126 2.57013e-09 0.961215 1.04035 0 0
18.186 2.57013e-09 0.961343 1.04021 0 0
18.246 2.57013e-09 0.96147 1.04007 0 0
18.306 2.57013e-09 0.961596 1.03994 0 0
18.366 2.57013e-09 0.961722 1.0398 0 0
18.426 2.57013e-09 0.961846 1.03967 0 0
18.486 2.57013e-09 0.96197 1.03953 0 0
18.546 2.57013e-09 0.962093 1.0394 0 0
18.606 2.57013e-09 0.962215 1.03927 0 0
18.666 2.57013e-09 0.962337 1.03914 0 0
18.726 2.57013e-09 0.962458 1.03901 0 0
18.786 2.57013e-09 0.962578 1.03888 0 0
18.846 2.57013e-09 0.962697 1.03875 0 0
18.906 2.57013e-09 0.962815 1.03862 0 0
18.966 2.57013e-09 0.962933 1.03849 0 0
19.026 2.57013e-09 0.96305 1.03837 0 0
19.086 2.57013e-09 0.963166 1.03824 0 0
19.146 2.57013e-09 0.963281 1.03812 0 0
19.206 2.57013e-09 0.963396 1.03799 0 0
19.266 2.57013e-09 0.96351 1.03787 0 0
19.326 2.57013e-09 0.963623 1.03775 0 0
19.386 2.57013e-09 0.963736 1.03763 0 0
19.446 2.57013e-09 0.963848 1.03751 0 0
19.506 2.57013e-09 0.963959 1.03739 0 0
19.566 2.57013e-09 0.964069 1.03727 0 0
19.626 2.57013e-09 0.964179 1.03715 0 0
19.686 2.57013e-09 0.964288 1.03703 0 0
19.746 2.57013e-09 0.964397 1.03692 0 0
19.806 2.57013e-09 0.964505 1.0368 0 0
19.866 2.57013e-09 0.964612 1.03669 0 0
19.926 2.57013e-09 0.964719 1.03657 0 0
19.986 2.57013e-09 0.964824 1.03646 0 0
20.046 2.57013e-09 0.96493 1.03634 0 0
20.106 2.57013e-09 0.965034 1.03623 0 0
20.166 2.57013e-09 0.965138 1.03612 0 0
20.226 2.57013e-09 0.965242 1.03601 0 0
20.286 2.57013e-09 0.965345 1.0359 0 0
20.346 2.57013e-09 0.965447 1.03579 0 0
20.406 2.57013e-09 0.965548 1.03568 0 0
20.466 2.57013e-09 0.965649 1.03557 0 0
20.526 2.57013e-09 0.96575 1.03546 0 0
20.586 2.57013e-09 0.96585 1.03536 0 0
20.646 2.57013e-09 0.965949 1.03525 0 0
20.706 2.57013e-09 0.966048 1.03515 0 0
20.766 2.57013e-09 0.966146 1.03504 0 0
20.826 2.57013e-09 0.966243 1.03494 0 0
20.886 2.57013e-09 0.96634 1.03483 0 0
20.946 2.57013e-09 0.966437 1.03473 0 0
21.006 2.57013e-09 0.966532 1.03463 0 0
21.066 2.57013e-09 0.966628 1.03452 0 0
21.126 2.57013e-09 0.966723 1.03442 0 0
21.186 2.57013e-09 0.966817 1.03432 0 0
21.246 2.57013e-09 0.966911 1.03422 0 0
21.306 2.57013e-09 0.967004 1.03412 0 0
21.366 2.57013e-09 0.967096 1.03402 0 0
21.426 2.57013e-09 0.967189 1.03392 0 0
21.486 2.57013e-09 0.96728 1.03383 0 0
21.546 2.57013e-09 0.967371 1.03373 0 0
21.606 2.57013e-09 0.967462 1.03363 0 0
21.666 2.57013e-09 0.967552 1.03354 0 0
21.726 2.57013e-09 0.967642 1.03344 0 0
21.786 2.57013e-09 0.967731 1.03335 0 0
21.846 2.57013e-09 0.967819 1.03325 0 0
21.906 2.57013e-09 0.967907 1.03316 0 0
21.966 2.57013e-09 0.967995 1.03306 0 0
22.026 2.57013e-09 0.968082 1.03297 0 0
22.086 2.57013e-09 0.968169 1.03288 0 0
22.146 2.57013e-09 0.968255 1.03279 0 0
22.206 2.57013e-09 0.968341 1.03269 0 0
22.266 2.57013e-09 0.968426 1.0326 0 0
22.326 2.57013e-09 0.968511 1.03251 0 0
22.386 2.57013e-09 0.968596 1.03242 0 0
22.446 2.57013e-09 0.96868 1.03233 0 0
22.506 2.57013e-09 0.968763 1.03224 0 0
22.566 2.57013e-09 0.968846 1.03216 0 0
22.626 2.57013e-09 0.968929 1.03207 0 0
22.686 2.57013e-09 0.969011 1.03198 0 0
22.746 2.57013e-09 0.969093 1.03189 0 0
22.806 2.57013e-09 0.969174 1.03181 0 0
22.866 2.57013e-09 0.969255 1.03172 0 0
22.926 2.57013e-09 0.969335 1.03163 0 0
22.986 2.57013e-09 0.969415 1.03155 0 0
23.046 2.57013e-09 0.969495 1.03146 0 0
23.106 2.57013e-09 0.969574 1.03138 0 0
23.166 2.57013e-09 0.969653 1.0313 0 0
23.226 2.57013e-09 0.969731 1.03121 0 0
23.286 2.57013e-09 0.969809 1.03113 0 0
23.346 2.57013e-09 0.969887 1.03105 0 0
23.406 2.57013e-09 0.969964 1.03097 0 0
23.466 2.57013e-09 0.970041 1.03088 0 0
23.526 2.57013e-09 0.970117 1.0308 0 0
23.586 2.57013e-09 0.970193 1.03072 0 0
23.646 2.57013e-09 0.970269 1.03064 0 0
23.706 2.57013e-09 0.970344 1.03056 0 0
23.766 2.57013e-09 0.970419 1.03048 0 0
23.826 2.57013e-09 0.970494 1.0304 0 0
23.886 2.57013e-09 0.970568 1.03032 0 0
23.946 2.57013e-09 0.970641 1.03025 0 0
24.006 2.57013e-09 0.970715 1.03017 0 0
24.066 2.57013e-09 0.970788 1.03009 0 0
24.126 2.57013e-09 0.970861 1.03001 0 0
24.186 2.57013e-09 0.970933 1.02994 0 0
24.246 2.57013e-09 0.971005 1.02986 0 0
24.306 2.57013e-09 0.971076 1.02979 0 0
24.366 2.57013e-09 0.971148 1.02971 0 0
24.426 2.57013e-09 0.971218 1.02963 0 0
24.486 2.57013e-09 0.971289 1.02956 0 0
24.546 2.57013e-09 0.971359 1.02949 0 0
24.606 2.57013e-09 0.971429 1.02941 0 0
24.666 2.57013e-09 0.971498 1.02934 0 0
24.726 2.57013e-09 0.971568 1.02926 0 0
24.786 2.57013e-09 0.971636 1.02919 0 0
24.846 2.57013e-09 0.971705 1.02912 0 0
24.906 2.57013e-09 0.971773 1.02905 0 0
24.966 2.57013e-09 0.971841 1.02897 0 0
25.026 2.57013e-09 0.971908 1.0289 0 0
25.086 2.57013e-09 0.971976 1.02883 0 0
25.146 2.57013e-09 0.972043 1.02876 0 0
25.206 2.57013e-09 0.972109 1.02869 0 0
25.266 2.57013e-09 0.972175 1.02862 0 0
25.326 2.57013e-09 0.972241 1.02855 0 0
25.386 2.57013e-09 0.972307 1.02848 0 0
25.446 2.57013e-09 0.972372 1.02841 0 0
25.506 2.57013e-09 0.972437 1.02834 0 0
25.566 2.57013e-09 0.972502 1.02828 0 0
25.626 2.57013e-09 0.972566 1.02821 0 0
25.686 2.57013e-09 0.97263 1.02814 0 0
25.746 2.57013e-09 0.972694 1.02807 0 0
25.806 2.57013e-09 0.972758 1.02801 0 0
25.866 2.57013e-09 0.972821 1.02794 0 0
25.926 2.57013e-09 0.972884 1.02787 0 0
25.986 2.57013e-09 0.972946 1.02781 0 0
26.046 2.57013e-09 0.973009 1.02774 0 0
26.106 2.57013e-09 0.973071 1.02767 0 0
26.166 2.57013e-09 0.973132 1.02761 0 0
26.226 2.57013e-09 0.973194 1.02754 0 0
26.286 2.57013e-09 0.973255 1.02748 0 0
26.346 2.57013e-09 0.973316 1.02742 0 0
26.406 2.57013e-09 0.973377 1.02735 0 0
26.466 2.57013e-09 0.973437 1.02729 0 0
26.526 2.57013e-09 0.973497 1.02722 0 0
26.586 2.57013e-09 0.973557 1.02716 0 0
26.646 2.57013e-09 0.973616 1.0271 0 0
26.706 2.57013e-09 0.973676 1.02704 0 0
26.766 2.57013e-09 0.973735 1.02697 0 0
26.826 2.57013e-09 0.973793 1.02691 0 0
26.886 2.57013e-09 0.973852 1.02685 0 0
26.946 2.57013e-09 0.97391 1.02679 0 0
27.006 2.57013e-09 0.973968 1.02673 0 0
27.066 2.57013e-09 0.974026 1.02667 0 0
27.126 2.57013e-09 0.974083 1.02661 0 0
27.186 2.57013e-09 0.97414 1.02655 0 0
27.246 2.57013e-09 0.974197 1.02649 0 0
27.306 2.57013e-09 0.974254 1.02643 0 0
27.366 2.57013e-09 0.974311 1.02637 0 0
27.426 2.57013e-09 0.974367 1.02631 0 0
27.486 2.57013e-09 0.974423 1.02625 0 0
27.546 2.57013e-09 0.974478 1.02619 0 0
27.606 2.57013e-09 0.974534 1.02613 0 0
27.666 2.57013e-09 0.974589 1.02607 0 0
27.726 2.57013e-09 0.974644 1.02602 0 0
27.786 2.57013e-09 0.974699 1.02596 0 0
27.846 2.57013e-09 0.974753 1.0259 0 0
27.906 2.57013e-09 0.974808 1.02584 0 0
27.966 2.57013e-09 0.974862 1.02579 0 0
28.026 2.57013e-09 0.974915 1.02573 0 0
28.086 2.57013e-09 0.974969 1.02567 0 0
28.146 2.57013e-09 0.975022 1.02562 0 0
28.206 2.57013e-09 0.975076 1.02556 0 0
28.266 2.57013e-09 0.975128 1.02551 0 0
28.326 2.57013e-09 0.975181 1.02545 0 0
28.386 2.57013e-09 0.975234 1.0254 0 0
28.446 2.57013e-09 0.975286 1.02534 0 0
28.506 2.57013e-09 0.975338 1.02529 0 0
28.566 2.57013e-09 0.97539 1.02523 0 0
28.626 2.57013e-09 0.975441 1.02518 0 0
28.686 2.57013e-09 0.975493 1.02512 0 0
28.746 2.57013e-09 0.975544 1.02507 0 0
28.806 2.57013e-09 0.975595 1.02502 0 0
28.866 2.57013e-09 0.975645 1.02496 0 0
28.926 2.57013e-09 0.975696 1.02491 0 0
28.986 2.57013e-09 0.975746 1.02486 0 0
29.046 2.57013e-09 0.975796 1.0248 0 0
29.106 2.57013e-09 0.975846 1.02475 0 0
29.166 2.57013e-09 0.975896 1.0247 0 0
29.226 2.57013e-09 0.975945 1.02465 0 0
29.286 2.57013e-09 0.975995 1.0246 0 0
29.346 2.57013e-09 0.976044 1.02454 0 0
29.406 2.57013e-09 0.976093 1.02449 0 0
29.466 2.57013e-09 0.976141 1.02444 0 0
29.526 2.57013e-09 0.97619 1.02439 0 0
29.586 2.57013e-09 0.976238 1.02434 0 0
29.646 2.57013e-09 0.976286 1.02429 0 0
29.706 2.57013e-09 0.976334 1.02424 0 0
29.766 2.57013e-09 0.976382 1.02419 0 0
29.826 2.57013e-09 0.976429 1.02414 0 0
29.886 2.57013e-09 0.976477 1.02409 0 0
29.946 2.57013e-09 0.976524 1.02404 0 0
30.006 2.57013e-09 0.976571 1.02399 0 0
30.066 2.57013e-09 0.976617 1.02394 0 0
30.126 2.57013e-09 0.976664 1.02389 0 0
30.186 2.57013e-09 0.97671 1.02384 0 0
30.246 2.57013e-09 0.976757 1.0238 0 0
30.306 2.57013e-09 0.976803 1.02375 0 0
30.366 2.57013e-09 0.976848 1.0237 0 0
30.426 2.57013e-09 0.976894 1.02365 0 0
30.486 2.57013e-09 0.97694 1.0236 0 0
30.546 2.57013e-09 0.976985 1.02356 0 0
30.606 2.57013e-09 0.97703 1.02351 0 0
30.666 2.57013e-09 0.977075 1.02346 0 0
30.726 2.57013e-09 0.97712 1.02342 0 0
30.786 2.57013e-09 0.977164 1.02337 0 0
30.846 2.57013e-09 0.977209 1.02332 0 0
30.906 2.57013e-09 0.977253 1.02328 0 0
30.966 2.57013e-09 0.977297 1.02323 0 0
31.026 2.57013e-09 0.977341 1.02318 0 0
31.086 2.57013e-09 0.977385 1.02314 0 0
31.146 2.57013e-09 0.977428 1.02309 0 0
31.206 2.57013e-09 0.977472 1.02305 0 0
31.266 2.57013e-09 0.977515 1.023 0 0
31.326 2.57013e-09 0.977558 1.02296 0 0
31.386 2.57013e-09 0.977601 1.02291 0 0
31.446 2.57013e-09 0.977644 1.02287 0 0
31.506 2.57013e-09 0.977686 1.02282 0 0
31.566 2.57013e-09 0.977729 1.02278 0 0
31.626 2.57013e-09 0.977771 1.02273 0 0
31.686 2.57013e-09 0.977813 1.02269 0 0
31.746 2.57013e-09 0.977855 1.02265 0 0
31.806 2.57013e-09 0.977897 1.0226 0 0
31.866 2.57013e-09 0.977938 1.02256 0 0
31.926 2.57013e-09 0.97798 1.02252 0 0
31.986 2.57013e-09 0.978021 1.02247 0 0
32.046 2.57013e-09 0.978062 1.02243 0 0
32.106 2.57013e-09 0.978103 1.02239 0 0
32.166 2.57013e-09 0.978144 1.02234 0 0
32.226 2.57013e-09 0.978185 1.0223 0 0
32.286 2.57013e-09 0.978225 1.02226 0 0
32.346 2.57013e-09 0.978266 1.02222 0 0
32.406 2.57013e-09 0.978306 1.02218 0 0
32.466 2.57013e-09 0.978346 1.02213 0 0
32.526 2.57013e-09 0.978386 1.02209 0 0
32.586 2.57013e-09 0.978426 1.02205 0 0
32.646 2.57013e-09 0.978465 1.02201 0 0
32.706 2.57013e-09 0.978505 1.02197 0 0
32.766 2.57013e-09 0.978544 1.02193 0 0
32.826 2.57013e-09 0.978583 1.02189 0 0
32.886 2.57013e-09 0.978623 1.02184 0 0
32.946 2.57013e-09 0.978661 1.0218 0 0
33.006 2.57013e-09 0.9787 1.02176 0 0
33.066 2.57013e-09 0.978739 1.02172 0 0
33.126 2.57013e-09 0.978777 1.02168 0 0
33.186 2.57013e-09 0.978816 1.02164 0 0
33.246 2.57013e-09 0.978854 1.0216 0 0
33.306 2.57013e-09 0.978892 1.02156 0 0
33.366 2.57013e-09 0.97893 1.02152 0 0
33.426 2.57013e-09 0.978968 1.02148 0 0
33.486 2.57013e-09 0.979006 1.02144 0 0
33.546 2.57013e-09 0.979043 1.02141 0 0
33.606 2.57013e-09 0.979081 1.02137 0 0
33.666 2.57013e-09 0.979118 1.02133 0 0
33.726 2.57013e-09 0.979155 1.02129 0 0
33.786 2.57013e-09 0.979192 1.02125 0 0
33.846 2.57013e-09 0.979229 1.02121 0 0
33.906 2.57013e-09 0.979266 1.02117 0 0
33.966 2.57013e-09 0.979302 1.02114 0 0
34.026 2.57013e-09 0.979339 1.0211 0 0
34.086 2.57013e-09 0.979375 1.02106 0 0
34.146 2.57013e-09 0.979411 1.02102 0 0
34.206 2.57013e-09 0.979448 1.02098 0 0
34.266 2.57013e-09 0.979483 1.02095 0 0
34.326 2.57013e-09 0.979519 1.02091 0 0
34.386 2.57013e-09 0.979555 1.02087 0 0
34.446 2.57013e-09 0.979591 1.02083 0 0
34.506 2.57013e-09 0.979626 1.0208 0 0
34.566 2.57013e-09 0.979662 1.02076 0 0
34.626 2.57013e-09 0.979697 1.02072 0 0
34.686 2.57013e-09 0.979732 1.02069 0 0
34.746 2.57013e-09 0.979767 1.02065 0 0
34.806 2.57013e-09 0.979802 1.02061 0 0
34.866 2.57013e-09 0.979837 1.02058 0 0
34.926 2.57013e-09 0.979871 1.02054 0 0
34.986 2.57013e-09 0.979906 1.02051 0 0
35.046 2.57013e-09 0.97994 1.02047 0 0
35.106 2.57013e-09 0.979974 1.02043 0 0
35.166 2.57013e-09 0.980009 1.0204 0 0
35.226 2.57013e-09 0.980043 1.02036 0 0
35.286 2.57013e-09 0.980077 1.02033 0 0
35.346 2.57013e-09 0.98011 1.02029 0 0
35.406 2.57013e-09 0.980144 1.02026 0 0
35.466 2.57013e-09 0.980178 1.02022 0 0
35.526 2.57013e-09 0.980211 1.02019 0 0
35.586 2.57013e-09 0.980245 1.02015 0 0
35.646 2.57013e-09 0.980278 1.02012 0 0
35.706 2.57013e-09 0.980311 1.02008 0 0
35.766 2.57013e-09 0.980344 1.02005 0 0
35.826 2.57013e-09 0.980377 1.02002 0 0
35.886 2.57013e-09 0.98041 1.01998 0 0
35.946 2.57013e-09 0.980442 1.01995 0 0
36.006 2.57013e-09 0.980475 1.01991 0 0
36.066 2.57013e-09 0.980507 1.01988 0 0
36.126 2.57013e-09 0.98054 1.01985 0 0
36.186 2.57013e-09 0.980572 1.01981 0 0
36.246 2.57013e-09 0.980604 1.01978 0 0
36.306 2.57013e-09 0.980636 1.01975 0 0
36.366 2.57013e-09 0.980668 1.01971 0 0
36.426 2.57013e-09 0.9807 1.01968 0 0
36.486 2.57013e-09 0.980732 1.01965 0 0
36.546 2.57013e-09 0.980763 1.01961 0 0
36.606 2.57013e-09 0.980795 1.01958 0 0
36.666 2.57013e-09 0.980826 1.01955 0 0
36.726 2.57013e-09 0.980858 1.01952 0 0
36.786 2.57013e-09 0.980889 1.01948 0 0
36.846 2.57013e-09 0.98092 1.01945 0 0
36.906 2.57013e-09 0.980951 1.01942 0 0
36.966 2.57013e-09 0.980982 1.01939 0 0
37.026 2.57013e-09 0.981013 1.01935 0 0
37.086 2.57013e-09 0.981044 1.01932 0 0
37.146 2.57013e-09 0.981074 1.01929 0 0
37.206 2.57013e-09 0.981105 1.01926 0 0
37.266 2.57013e-09 0.981135 1.01923 0 0
37.326 2.57013e-09 0.981165 1.0192 0 0
37.386 2.57013e-09 0.981196 1.01916 0 0
37.446 2.57013e-09 0.981226 1.01913 0 0
37.506 2.57013e-09 0.981256 1.0191 0 0
37.566 2.57013e-09 0.981286 1.01907 0 0
37.626 2.57013e-09 0.981316 1.01904 0 0
37.686 2.57013e-09 0.981345 1.01901 0 0
37.746 2.57013e-09 0.981375 1.01898 0 0
37.806 2.57013e-09 0.981405 1.01895 0 0
37.866 2.57013e-09 0.981434 1.01892 0 0
37.926 2.57013e-09 0.981463 1.01889 0 0
37.986 2.57013e-09 0.981493 1.01886 0 0
38.046 2.57013e-09 0.981522 1.01883 0 0
38.106 2.57013e-09 0.981551 1.0188 0 0
38.166 2.57013e-09 0.98158 1.01877 0 0
38.226 2.57013e-09 0.981609 1.01874 0 0
38.286 2.57013e-09 0.981638 1.01871 0 0
38.346 2.57013e-09 0.981666 1.01868 0 0
38.406 2.57013e-09 0.981695 1.01865 0 0
38.466 2.57013e-09 0.981724 1.01862 0 0
38.526 2.57013e-09 0.981752 1.01859 0 0
38.586 2.57013e-09 0.98178 1.01856 0 0
38.646 2.57013e-09 0.981809 1.01853 0 0
38.706 2.57013e-09 0.981837 1.0185 0 0
38.766 2.57013e-09 0.981865 1.01847 0 0
38.826 2.57013e-09 0.981893 1.01844 0 0
38.886 2.57013e-09 0.981921 1.01841 0 0
38.946 2.57013e-09 0.981949 1.01838 0 0
39.006 2.57013e-09 0.981977 1.01835 0 0
39.066 2.57013e-09 0.982004 1.01833 0 0
39.126 2.57013e-09 0.982032 1.0183 0 0
39.186 2.57013e-09 0.982059 1.01827 0 0
39.246 2.57013e-09 0.982087 1.01824 0 0
39.306 2.57013e-09 0.982114 1.01821 0 0
39.366 2.57013e-09 0.982141 1.01818 0 0
39.426 2.57013e-09 0.982169 1.01816 0 0
39.486 2.57013e-09 0.982196 1.01813 0 0
39.546 2.57013e-09 0.982223 1.0181 0 0
39.606 2.57013e-09 0.98225 1.01807 0 0
39.666 2.57013e-09 0.982277 1.01804 0 0
39.726 2.57013e-09 0.982303 1.01802 0 0
39.786 2.57013e-09 0.98233 1.01799 0 0
39.846 2.57013e-09 0.982357 1.01796 0 0
39.906 2.57013e-09 0.982383 1.01793 0 0
39.966 2.57013e-09 0.98241 1.01791 0 0
40.026 2.57013e-09 0.982436 1.01788 0 0
40.086 2.57013e-09 0.982462 1.01785 0 0
40.146 2.57013e-09 0.982488 1.01782 0 0
40.206 2.57013e-09 0.982515 1.0178 0 0
40.266 2.57013e-09 0.982541 1.01777 0 0
40.326 2.57013e-09 0.982567 1.01774 0 0
40.386 2.57013e-09 0.982593 1.01772 0 0
40.446 2.57013e-09 0.982618 1.01769 0 0
40.506 2.57013e-09 0.982644 1.01766 0 0
40.566 2.57013e-09 0.98267 1.01764 0 0
40.626 2.57013e-09 0.982695 1.01761 0 0
40.686 2.57013e-09 0.982721 1.01758 0 0
40.746 2.57013e-09 0.982746 1.01756 0 0
40.806 2.57013e-09 0.982772 1.01753 0 0
40.866 2.57013e-09 0.982797 1.0175 0 0
40.926 2.57013e-09 0.982822 1.01748 0 0
40.986 2.57013e-09 0.982847 1.01745 0 0
41.046 2.57013e-09 0.982872 1.01743 0 0
41.106 2.57013e-09 0.982897 1.0174 0 0
41.166 2.57013e-09 0.982922 1.01737 0 0
41.226 2.57013e-09 0.982947 1.01735 0 0
41.286 2.57013e-09 0.982972 1.01732 0 0
41.346 2.57013e-09 0.982997 1.0173 0 0
41.406 2.57013e-09 0.983021 1.01727 0 0
41.466 2.57013e-09 0.983046 1.01725 0 0
41.526 2.57013e-09 0.98307 1.01722 0 0
41.586 2.57013e-09 0.983095 1.0172 0 0
41.646 2.57013e-09 0.983119 1.01717 0 0
41.706 2.57013e-09 0.983143 1.01715 0 0
41.766 2.57013e-09 0.983168 1.01712 0 0
41.826 2.57013e-09 0.983192 1.0171 0 0
41.886 2.57013e-09 0.983216 1.01707 0 0
41.946 2.57013e-09 0.98324 1.01705 0 0
42.006 2.57013e-09 0.983264 1.01702 0 0
42.066 2.57013e-09 0.983288 1.017 0 0
42.126 2.57013e-09 0.983312 1.01697 0 0
42.186 2.57013e-09 0.983335 1.01695 0 0
42.246 2.57013e-09 0.983359 1.01692 0 0
42.306 2.57013e-09 0.983383 1.0169 0 0
42.366 2.57013e-09 0.983406 1.01687 0 0
42.426 2.57013e-09 0.98343 1.01685 0 0
42.486 2.57013e-09 0.983453 1.01683 0 0
42.546 2.57013e-09 0.983476 1.0168 0 0
42.606 2.57013e-09 0.9835 1.01678 0 0
42.666 2.57013e-09 0.983523 1.01675 0 0
42.726 2.57013e-09 0.983546 1.01673 0 0
42.786 2.57013e-09 0.983569 1.01671 0 0
42.846 2.57013e-09 0.983592 1.01668 0 0
42.906 2.57013e-09 0.983615 1.01666 0 0
42.966 2.57013e-09 0.983638 1.01663 0 0
43.026 2.57013e-09 0.983661 1.01661 0 0
43.086 2.57013e-09 0.983683 1.01659 0 0
43.146 2.57013e-09 0.983706 1.01656 0 0
43.206 2.57013e-09 0.983729 1.01654 0 0
43.266 2.57013e-09 0.983751 1.01652 0 0
43.326 2.57013e-09 0.983774 1.01649 0 0
43.386 2.57013e-09 0.983796 1.01647 0 0
43.446 2.57013e-09 0.983819 1.01645 0 0
43.506 2.57013e-09 0.983841 1.01642 0 0
43.566 2.57013e-09 0.983863 1.0164 0 0
43.626 2.57013e-09 0.983885 1.01638 0 0
43.686 2.57013e-09 0.983907 1.01636 0 0
43.746 2.57013e-09 0.98393 1.01633 0 0
43.806 2.57013e-09 0.983952 1.01631 0 0
43.866 2.57013e-09 0.983973 1.01629 0 0
43.926 2.57013e-09 0.983995 1.01626 0 0
43.986 2.57013e-09 0.984017 1.01624 0 0
44.046 2.57013e-09 0.984039 1.01622 0 0
44.106 2.57013e-09 0.984061 1.0162 0 0
44.166 2.57013e-09 0.984082 1.01618 0 0
44.226 2.57013e-09 0.984104 1.01615 0 0
44.286 2.57013e-09 0.984125 1.01613 0 0
44.346 2.57013e-09 0.984147 1.01611 0 0
44.406 2.57013e-09 0.984168 1.01609 0 0
44.466 2.57013e-09 0.98419 1.01606 0 0
44.526 2.57013e-09 0.984211 1.01604 0 0
44.586 2.57013e-09 0.984232 1.01602 0 0
44.646 2.57013e-09 0.984253 1.016 0 0
44.706 2.57013e-09 0.984275 1.01598 0 0
44.766 2.57013e-09 0.984296 1.01595 0 0
44.826 2.57013e-09 0.984317 1.01593 0 0
44.886 2.57013e-09 0.984338 1.01591 0 0
44.946 2.57013e-09 0.984359 1.01589 0 0
45.006 2.57013e-09 0.984379 1.01587 0 0
45.066 2.57013e-09 0.9844 1.01585 0 0
45.126 2.57013e-09 0.984421 1.01583 0 0
45.186 2.57013e-09 0.984442 1.0158 0 0
45.246 2.57013e-09 0.984462 1.01578 0 0
45.306 2.57013e-09 0.984483 1.01576 0 0
45.366 2.57013e-09 0.984503 1.01574 0 0
45.426 2.57013e-09 0.984524 1.01572 0 0
45.486 2.57013e-09 0.984544 1.0157 0 0
45.546 2.57013e-09 0.984565 1.01568 0 0
45.606 2.57013e-09 0.984585 1.01566 0 0
45.666 2.57013e-09 0.984605 1.01564 0 0
45.726 2.57013e-09 0.984625 1.01561 0 0
45.786 2.57013e-09 0.984646 1.01559 0 0
45.846 2.57013e-09 0.984666 1.01557 0 0
45.906 2.57013e-09 0.984686 1.01555 0 0
45.966 2.57013e-09 0.984706 1.01553 0 0
46.026 2.57013e-09 0.984726 1.01551 0 0
46.086 2.57013e-09 0.984746 1.01549 0 0
46.146 2.57013e-09 0.984765 1.01547 0 0
46.206 2.57013e-09 0.984785 1.01545 0 0
46.266 2.57013e-09 0.984805 1.01543 0 0
46.326 2.57013e-09 0.984825 1.01541 0 0
46.386 2.57013e-09 0.984844 1.01539 0 0
46.446 2.57013e-09 0.984864 1.01537 0 0
46.506 2.57013e-09 0.984883 1.01535 0 0
46.566 2.57013e-09 0.984903 1.01533 0 0
46.626 2.57013e-09 0.984922 1.01531 0 0
46.686 2.57013e-09 0.984942 1.01529 0 0
46.746 2.57013e-09 0.984961 1.01527 0 0
46.806 2.57013e-09 0.98498 1.01525 0 0
46.866 2.57013e-09 0.984999 1.01523 0 0
46.926 2.57013e-09 0.985019 1.01521 0 0
46.986 2.57013e-09 0.985038 1.01519 0 0
47.046 2.57013e-09 0.985057 1.01517 0 0
47.106 2.57013e-09 0.985076 1.01515 0 0
47.166 2.57013e-09 0.985095 1.01513 0 0
47.226 2.57013e-09 0.985114 1.01511 0 0
47.286 2.57013e-09 0.985133 1.01509 0 0
47.346 2.57013e-09 0.985151 1.01507 0 0
47.406 2.57013e-09 0.98517 1.01505 0 0
47.466 2.57013e-09 0.985189 1.01503 0 0
47.526 2.57013e-09 0.985208 1.01501 0 0
47.586 2.57013e-09 0.985226 1.015 0 0
47.646 2.57013e-09 0.985245 1.01498 0 0
47.706 2.57013e-09 0.985264 1.01496 0 0
47.766 2.57013e-09 0.985282 1.01494 0 0
47.826 2.57013e-09 0.9853 1.01492 0 0
47.886 2.57013e-09 0.985319 1.0149 0 0
47.946 2.57013e-09 0.985337 1.01488 0 0
48.006 2.57013e-09 0.985356 1.01486 0 0
48.066 2.57013e-09 0.985374 1.01484 0 0
48.126 2.57013e-09 0.985392 1.01482 0 0
48.186 2.57013e-09 0.98541 1.01481 0 0
48.246 2.57013e-09 0.985428 1.01479 0 0
48.306 2.57013e-09 0.985447 1.01477 0 0
48.366 2.57013e-09 0.985465 1.01475 0 0
48.426 2.57013e-09 0.985483 1.01473 0 0
48.486 2.57013e-09 0.985501 1.01471 0 0
48.546 2.57013e-09 0.985519 1.01469 0 0
48.606 2.57013e-09 0.985536 1.01468 0 0
48.666 2.57013e-09 0.985554 1.01466 0 0
48.726 2.57013e-09 0.985572 1.01464 0 0
48.786 2.57013e-09 0.98559 1.01462 0 0
48.846 2.57013e-09 0.985607 1.0146 0 0
48.906 2.57013e-09 0.985625 1.01458 0 0
48.966 2.57013e-09 0.985643 1.01457 0 0
49.026 2.57013e-09 0.98566 1.01455 0 0
49.086 2.57013e-09 0.985678 1.01453 0 0
49.146 2.57013e-09 0.985695 1.01451 0 0
49.206 2.57013e-09 0.985713 1.01449 0 0
49.266 2.57013e-09 0.98573 1.01448 0 0
49.326 2.57013e-09 0.985748 1.01446 0 0
49.386 2.57013e-09 0.985765 1.01444 0 0
49.446 2.57013e-09 0.985782 1.01442 0 0
49.506 2.57013e-09 0.985799 1.01441 0 0
49.566 2.57013e-09 0.985817 1.01439 0 0
49.626 2.57013e-09 0.985834 1.01437 0 0
49.686 2.57013e-09 0.985851 1.01435 0 0
49.746 2.57013e-09 0.985868 1.01433 0 0
49.806 2.57013e-09 0.985885 1.01432 0 0
49.866 2.57013e-09 0.985902 1.0143 0 0
49.926 2.57013e-09 0.985919 1.01428 0 0
49.986 2.57013e-09 0.985936 1.01426 0 0
50.046 2.57013e-09 0.985953 1.01425 0 0
50.106 2.57013e-09 0.985969 1.01423 0 0
50.166 2.57013e-09 0.985986 1.01421 0 0
50.226 2.57013e-09 0.986003 1.0142 0 0
50.286 2.57013e-09 0.98602 1.01418 0 0
50.346 2.57013e-09 0.986036 1.01416 0 0
50.406 2.57013e-09 0.986053 1.01414 0 0
50.466 2.57013e-09 0.986069 1.01413 0 0
50.526 2.57013e-09 0.986086 1.01411 0 0
50.586 2.57013e-09 0.986103 1.01409 0 0
50.646 2.57013e-09 0.986119 1.01408 0 0
50.706 2.57013e-09 0.986135 1.01406 0 0
50.766 2.57013e-09 0.986152 1.01404 0 0
50.826 2.57013e-09 0.986168 1.01403 0 0
50.886 2.57013e-09 0.986184 1.01401 0 0
50.946 2.57013e-09 0.986201 1.01399 0 0
51.006 2.57013e-09 0.986217 1.01398 0 0
51.066 2.57013e-09 0.986233 1.01396 0 0
51.126 2.57013e-09 0.986249 1.01394 0 0
51.186 2.57013e-09 0.986265 1.01393 0 0
51.246 2.57013e-09 0.986281 1.01391 0 0
51.306 2.57013e-09 0.986298 1.01389 0 0
51.366 2.57013e-09 0.986314 1.01388 0 0
51.426 2.57013e-09 0.98633 1.01386 0 0
51.486 2.57013e-09 0.986345 1.01384 0 0
51.546 2.57013e-09 0.986361 1.01383 0 0
51.606 2.57013e-09 0.986377 1.01381 0 0
51.666 2.57013e-09 0.986393 1.01379 0 0
51.726 2.57013e-09 0.986409 1.01378 0 0
51.786 2.57013e-09 0.986425 1.01376 0 0
51.846 2.57013e-09 0.98644 1.01375 0 0
51.906 2.57013e-09 0.986456 1.01373 0 0
51.966 2.57013e-09 0.986472 1.01371 0 0
52.026 2.57013e-09 0.986487 1.0137 0 0
52.086 2.57013e-09 0.986503 1.01368 0 0
52.146 2.57013e-09 0.986518 1.01367 0 0
52.206 2.57013e-09 0.986534 1.01365 0 0
52.266 2.57013e-09 0.986549 1.01363 0 0
52.326 2.57013e-09 0.986565 1.01362 0 0
52.386 2.57013e-09 0.98658 1.0136 0 0
52.446 2.57013e-09 0.986595 1.01359 0 0
52.506 2.57013e-09 0.986611 1.01357 0 0
52.566 2.57013e-09 0.986626 1.01356 0 0
52.626 2.57013e-09 0.986641 1.01354 0 0
52.686 2.57013e-09 0.986656 1.01352 0 0
52.746 2.57013e-09 0.986672 1.01351 0 0
52.806 2.57013e-09 0.986687 1.01349 0 0
52.866 2.57013e-09 0.986702 1.01348 0 0
52.926 2.57013e-09 0.986717 1.01346 0 0
52.986 2.57013e-09 0.986732 1.01345 0 0
53.046 2.57013e-09 0.986747 1.01343 0 0
53.106 2.57013e-09 0.986762 1.01342 0 0
53.166 2.57013e-09 0.986777 1.0134 0 0
53.226 2.57013e-09 0.986792 1.01338 0 0
53.286 2.57013e-09 0.986807 1.01337 0 0
53.346 2.57013e-09 0.986822 1.01335 0 0
53.406 2.57013e-09 0.986836 1.01334 0 0
53.466 2.57013e-09 0.986851 1.01332 0 0
53.526 2.57013e-09 0.986866 1.01331 0 0
53.586 2.57013e-09 0.986881 1.01329 0 0
53.646 2.57013e-09 0.986895 1.01328 0 0
53.706 2.57013e-09 0.98691 1.01326 0 0
53.766 2.57013e-09 0.986924 1.01325 0 0
53.826 2.57013e-09 0.986939 1.01323 0 0
53.886 2.57013e-09 0.986954 1.01322 0 0
53.946 2.57013e-09 0.986968 1.0132 0 0
54.006 2.57013e-09 0.986983 1.01319 0 0
54.066 2.57013e-09 0.986997 1.01317 0 0
54.126 2.57013e-09 0.987011 1.01316 0 0
54.186 2.57013e-09 0.987026 1.01314 0 0
54.246 2.57013e-09 0.98704 1.01313 0 0
54.306 2.57013e-09 0.987054 1.01312 0 0
54.366 2.57013e-09 0.987069 1.0131 0 0
54.426 2.57013e-09 0.987083 1.01309 0 0
54.486 2.57013e-09 0.987097 1.01307 0 0
54.546 2.57013e-09 0.987111 1.01306 0 0
54.606 2.57013e-09 0.987126 1.01304 0 0
54.666 2.57013e-09 0.98714 1.01303 0 0
54.726 2.57013e-09 0.987154 1.01301 0 0
54.786 2.57013e-09 0.987168 1.013 0 0
54.846 2.57013e-09 0.987182 1.01298 0 0
54.906 2.57013e-09 0.987196 1.01297 0 0
54.966 2.57013e-09 0.98721 1.01296 0 0
55.026 2.57013e-09 0.987224 1.01294 0 0
55.086 2.57013e-09 0.987238 1.01293 0 0
55.146 2.57013e-09 0.987252 1.01291 0 0
55.206 2.57013e-09 0.987266 1.0129 0 0
55.266 2.57013e-09 0.987279 1.01288 0 0
55.326 2.57013e-09 0.987293 1.01287 0 0
55.386 2.57013e-09 0.987307 1.01286 0 0
55.446 2.57013e-09 0.987321 1.01284 0 0
55.506 2.57013e-09 0.987334 1.01283 0 0
55.566 2.57013e-09 0.987348 1.01281 0 0
55.626 2.57013e-09 0.987362 1.0128 0 0
55.686 2.57013e-09 0.987375 1.01279 0 0
55.746 2.57013e-09 0.987389 1.01277 0 0
55.806 2.57013e-09 0.987402 1.01276 0 0
55.866 2.57013e-09 0.987416 1.01274 0 0
55.926 2.57013e-09 0.987429 1.01273 0 0
55.986 2.57013e-09 0.987443 1.01272 0 0
56.046 2.57013e-09 0.987456 1.0127 0 0
56.106 2.57013e-09 0.98747 1.01269 0 0
56.166 2.57013e-09 0.987483 1.01268 0 0
56.226 2.57013e-09 0.987497 1.01266 0 0
56.286 2.57013e-09 0.98751 1.01265 0 0
56.346 2.57013e-09 0.987523 1.01263 0 0
56.406 2.57013e-09 0.987536 1.01262 0 0
56.466 2.57013e-09 0.98755 1.01261 0 0
56.526 2.57013e-09 0.987563 1.01259 0 0
56.586 2.57013e-09 0.987576 1.01258 0 0
56.646 2.57013e-09 0.987589 1.01257 0 0
56.706 2.57013e-09 0.987602 1.01255 0 0
56.766 2.57013e-09 0.987615 1.01254 0 0
56.826 2.57013e-09 0.987629 1.01253 0 0
56.886 2.57013e-09 0.987642 1.01251 0 0
56.946 2.57013e-09 0.987655 1.0125 0 0
57.006 2.57013e-09 0.987668 1.01249 0 0
57.066 2.57013e-09 0.987681 1.01247 0 0
57.126 2.57013e-09 0.987694 1.01246 0 0
57.186 2.57013e-09 0.987706 1.01245 0 0
57.246 2.57013e-09 0.987719 1.01243 0 0
57.306 2.57013e-09 0.987732 1.01242 0 0
57.366 2.57013e-09 0.987745 1.01241 0 0
57.426 2.57013e-09 0.987758 1.01239 0 0
57.486 2.57013e-09 0.987771 1.01238 0 0
57.546 2.57013e-09 0.987783 1.01237 0 0
57.606 2.57013e-09 0.987796 1.01235 0 0
57.666 2.57013e-09 0.987809 1.01234 0 0
57.726 2.57013e-09 0.987821 1.01233 0 0
57.786 2.57013e-09 0.987834 1.01232 0 0
57.846 2.57013e-09 0.987847 1.0123 0 0
57.906 2.57013e-09 0.987859 1.01229 0 0
57.966 2.57013e-09 0.987872 1.01228 0 0
58.026 2.57013e-09 0.987884 1.01226 0 0
58.086 2.57013e-09 0.987897 1.01225 0 0
58.146 2.57013e-09 0.987909 1.01224 0 0
58.206 2.57013e-09 0.987922 1.01223 0 0
58.266 2.57013e-09 0.987934 1.01221 0 0
58.326 2.57013e-09 0.987947 1.0122 0 0
58.386 2.57013e-09 0.987959 1.01219 0 0
58.446 2.57013e-09 0.987971 1.01217 0 0
58.506 2.57013e-09 0.987984 1.01216 0 0
58.566 2.57013e-09 0.987996 1.01215 0 0
58.626 2.57013e-09 0.988008 1.01214 0 0
58.686 2.57013e-09 0.988021 1.01212 0 0
58.746 2.57013e-09 0.988033 1.01211 0 0
58.806 2.57013e-09 0.988045 1.0121 0 0
58.866 2.57013e-09 0.988057 1.01209 0 0
58.926 2.57013e-09 0.988069 1.01207 0 0
58.986 2.57013e-09 0.988082 1.01206 0 0
59.046 2.57013e-09 0.988094 1.01205 0 0
59.106 2.57013e-09 0.988106 1.01204 0 0
59.166 2.57013e-09 0.988118 1.01203 0 0
59.226 2.57013e-09 0.98813 1.01201 0 0
59.286 2.57013e-09 0.988142 1.012 0 0
59.346 2.57013e-09 0.988154 1.01199 0 0
59.406 2.57013e-09 0.988166 1.01198 0 0
59.466 2.57013e-09 0.988178 1.01196 0 0
59.526 2.57013e-09 0.98819 1.01195 0 0
59.586 2.57013e-09 0.988202 1.01194 0 0
59.646 2.57013e-09 0.988213 1.01193 0 0
59.706 2.57013e-09 0.988225 1.01191 0 0
59.766 2.57013e-09 0.988237 1.0119 0 0
59.826 2.57013e-09 0.988249 1.01189 0 0
59.886 2.57013e-09 0.988261 1.01188 0 0
59.946 2.57013e-09 0.988272 1.01187 0 0

