0.06 0.802003
0.006 0.085671 0.29129 1 8.29921e-05 0.000911
0.066 0.0855976 0.291558 1.00089 8.24961e-05 0.000908274
0.126 0.0853994 0.29228 1.00326 8.11755e-05 0.000900974
0.186 0.0850784 0.293452 1.00709 7.90646e-05 0.000889183
0.246 0.0846363 0.295071 1.01237 7.62128e-05 0.000872999
0.306 0.0840752 0.297136 1.01907 7.26859e-05 0.00085256
0.366 0.0833981 0.299642 1.02716 6.85643e-05 0.000828036
0.426 0.0826082 0.302585 1.03661 6.39403e-05 0.000799626
0.486 0.0817097 0.305959 1.04736 5.89149e-05 0.00076756
0.546 0.080707 0.309757 1.05936 5.35955e-05 0.00073209
0.606 0.079605 0.313972 1.07254 4.80923e-05 0.000693486
0.666 0.0784091 0.318593 1.08682 4.25154e-05 0.000652038
0.726 0.0771252 0.323612 1.10212 3.69718e-05 0.000608045
0.786 0.0757595 0.329014 1.11834 3.15634e-05 0.000561813
0.846 0.0743184 0.334787 1.13537 2.63839e-05 0.000513653
0.906 0.0728088 0.340915 1.1531 2.15179e-05 0.000463874
0.966 0.0712375 0.347381 1.17139 1.70389e-05 0.000412782
1.026 0.0696117 0.354167 1.1901 1.30086e-05 0.000360675
1.086 0.0679387 0.361253 1.20911 9.47651e-06 0.000307839
1.146 0.0662257 0.368617 1.22824 6.47957e-06 0.00025455
1.206 0.0644798 0.376238 1.24736 4.04272e-06 0.000201065
1.266 0.0627082 0.38409 1.26631 2.17936e-06 0.000147627
1.326 0.0609179 0.392149 1.28492 8.92213e-07 9.4457e-05
1.386 0.0591157 0.400389 1.30306 1.7439e-07 4.17601e-05
1.446 0.057308 0.408785 1.32057 0 0
1.506 0.0555011 0.41731 1.33746 0 0
1.566 0.0537006 0.42594 1.35367 0 0
1.626 0.051912 0.434653 1.36911 0 0
1.686 0.0501401 0.443424 1.3837 0 0
1.746 0.0483896 0.452233 1.39735 0 0
1.806 0.0466645 0.461057 1.41001 0 0
1.866 0.0449685 0.469876 1.42165 0 0
1.926 0.0433047 0.47867 1.43222 0 0
1.986 0.0416761 0.487421 1.44171 0 0
2.046 0.0400851 0.496113 1.45012 0 0
2.106 0.0385336 0.504729 1.45745 0 0
2.166 0.0370233 0.513256 1.46373 0 0
2.226 0.0355554 0.52168 1.46897 0 0
2.286 0.0341309 0.529991 1.47323 0 0
2.346 0.0327505 0.538179 1.47653 0 0
2.406 0.0314145 0.546235 1.47893 0 0
2.466 0.0301231 0.554152 1.48047 0 0
2.526 0.0288761 0.561923 1.48122 0 0
2.586 0.0276732 0.569545 1.48122 0 0
2.646 0.026514 0.577013 1.48054 0 0
2.706 0.0253978 0.584324 1.47923 0 0
2.766 0.024324 0.591477 1.47734 0 0
2.826 0.0232915 0.59847 1.47493 0 0
2.886 0.0222995 0.605303 1.47206 0 0
2.946 0.021347 0.611975 1.46876 0 0
3.006 0.0204329 0.618489 1.4651 0 0
3.066 0.019556 0.624845 1.46111 0 0
3.126 0.0187152 0.631045 1.45683 0 0
3.186 0.0179094 0.63709 1.45231 0 0
3.246 0.0171373 0.642984 1.44758 0 0
3.306 0.0163979 0.648729 1.44267 0 0
3.366 0.0156898 0.654328 1.43761 0 0
3.426 0.0150119 0.659784 1.43243 0 0
3.486 0.0143632 0.6651 1.42716 0 0
3.546 0.0137424 0.67028 1.42182 0 0
3.606 0.0131485 0.675326 1.41643 0 0
3.666 0.0125803 0.680242 1.41101 0 0
3.726 0.0120368 0.685032 1.40557 0 0
3.786 0.0115171 0.689699 1.40013 0 0
3.846 0.0110201 0.694247 1.3947 0 0
3.906 0.0105448 0.698678 1.3893 0 0
3.966 0.0100903 0.702997 1.38393 0 0
4.026 0.00965577 0.707206 1.3786 0 0
4.086 0.0092403 0.711309 1.37332 0 0
4.146 0.00884307 0.715309 1.3681 0 0
4.206 0.00846328 0.71921 1.36294 0 0
4.266 0.00810017 0.723013 1.35785 0 0
4.326 0.00775301 0.726723 1.35282 0 0
4.386 0.00742108 0.730341 1.34788 0 0
4.446 0.00710372 0.733872 1.34301 0 0
4.506 0.00680027 0.737317 1.33822 0 0
4.566 0.00651012 0.74068 1.33351 0 0
4.626 0.00623267 0.743962 1.32888 0 0
4.686 0.00596736 0.747167 1.32433 0 0
4.746 0.00571364 0.750297 1.31987 0 0
4.806 0.005471 0.753354 1.31549 0 0
4.866 0.00523894 0.75634 1.3112 0 0
4.926 0.00501699 0.759258 1.30699 0 0
4.986 0.00480469 0.76211 1.30286 0 0
5.046 0.00460162 0.764897 1.29881 0 0
5.106 0.00440736 0.767622 1.29485 0 0
5.166 0.00422152 0.770287 1.29096 0 0
5.226 0.00404372 0.772894 1.28715 0 0
5.286 0.0038736 0.775443 1.28343 0 0
5.346 0.00371082 0.777938 1.27977 0 0
5.406 0.00355506 0.780379 1.2762 0 0
5.466 0.00340599 0.782769 1.2727 0 0
5.526 0.00326334 0.785108 1.26927 0 0
5.586 0.00312679 0.787399 1.26591 0 0
5.646 0.0029961 0.789642 1.26262 0 0
5.706 0.002871 0.79184 1.2594 0 0
5.766 0.00275123 0.793993 1.25625 0 0
5.826 0.00263657 0.796102 1.25316 0 0
5.886 0.0025268 0.79817 1.25014 0 0
5.946 0.00242168 0.800196 1.24717 0 0
6.006 0.00232103 0.802183 1.24427 0 0
6.066 0.00222464 0.804132 1.24143 0 0
6.126 0.00213232 0.806043 1.23865 0 0
6.186 0.0020439 0.807917 1.23593 0 0
6.246 0.00195921 0.809756 1.23326 0 0
6.306 0.00187809 0.81156 1.23064 0 0
6.366 0.00180037 0.813331 1.22808 0 0
6.426 0.00172591 0.81507 1.22557 0 0
6.486 0.00165457 0.816776 1.22311 0 0
6.546 0.00158621 0.818452 1.22069 0 0
6.606 0.00152071 0.820097 1.21833 0 0
6.666 0.00145793 0.821713 1.21601 0 0
6.726 0.00139777 0.823301 1.21374 0 0
6.786 0.0013401 0.82486 1.21151 0 0
6.846 0.00128482 0.826393 1.20932 0 0
6.906 0.00123183 0.827899 1.20718 0 0
6.966 0.00118103 0.829379 1.20508 0 0
7.026 0.00113232 0.830835 1.20302 0 0
7.086 0.00108562 0.832265 1.20099 0 0
7.146 0.00104084 0.833672 1.19901 0 0
7.206 0.000997889 0.835056 1.19706 0 0
7.266 0.000956697 0.836417 1.19515 0 0
7.326 0.000917188 0.837755 1.19327 0 0
7.386 0.000879287 0.839072 1.19143 0 0
7.446 0.000842928 0.840368 1.18962 0 0
7.506 0.000808045 0.841644 1.18784 0 0
7.566 0.000774573 0.842899 1.1861 0 0
7.626 0.000742453 0.844134 1.18438 0 0
7.686 0.000711627 0.84535 1.1827 0 0
7.746 0.000682041 0.846548 1.18104 0 0
7.806 0.00065364 0.847727 1.17942 0 0
7.866 0.000626376 0.848888 1.17782 0 0
7.926 0.000600198 0.850031 1.17625 0 0
7.986 0.000575062 0.851158 1.17471 0 0
8.046 0.000550922 0.852267 1.17319 0 0
8.106 0.000527736 0.853361 1.1717 0 0
8.166 0.000505464 0.854438 1.17023 0 0
8.226 0.000484067 0.8555 1.16879 0 0
8.286 0.000463506 0.856546 1.16737 0 0
8.346 0.000443748 0.857577 1.16598 0 0
8.406 0.000424756 0.858593 1.1646 0 0
8.466 0.000406499 0.859596 1.16325 0 0
8.526 0.000388945 0.860584 1.16192 0 0
8.586 0.000372064 0.861558 1.16062 0 0
8.646 0.000355827 0.862518 1.15933 0 0
8.706 0.000340206 0.863466 1.15806 0 0
8.766 0.000325175 0.8644 1.15682 0 0
8.826 0.000310708 0.865322 1.15559 0 0
8.886 0.000296781 0.866232 1.15438 0 0
8.946 0.00028337 0.867129 1.15319 0 0
9.006 0.000270453 0.868014 1.15202 0 0
9.066 0.000258009 0.868888 1.15086 0 0
9.126 0.000246016 0.86975 1.14972 0 0
9.186 0.000234455 0.870601 1.1486 0 0
9.246 0.000223306 0.87144 1.1475 0 0
9.306 0.000212552 0.872269 1.14641 0 0
9.366 0.000202174 0.873088 1.14534 0 0
9.426 0.000192156 0.873896 1.14428 0 0
9.486 0.000182481 0.874693 1.14324 0 0
9.546 0.000173134 0.875481 1.14221 0 0
9.606 0.0001641 0.876259 1.1412 0 0
9.666 0.000155363 0.877027 1.1402 0 0
9.726 0.000146911 0.877786 1.13922 0 0
9.786 0.00013873 0.878535 1.13825 0 0
9.846 0.000130806 0.879275 1.13729 0 0
9.906 0.000123128 0.880007 1.13635 0 0
9.966 0.000115684 0.880729 1.13541 0 0
10.026 0.000108461 0.881443 1.1345 0 0
10.086 0.000101449 0.882148 1.13359 0 0
10.146 9.46362e-05 0.882845 1.13269 0 0
10.206 8.80133e-05 0.883534 1.13181 0 0
10.266 8.15699e-05 0.884215 1.13094 0 0
10.326 7.52962e-05 0.884888 1.13008 0 0
10.386 6.91828e-05 0.885553 1.12923 0 0
10.446 6.32206e-05 0.886211 1.1284 0 0
10.506 5.74009e-05 0.88686 1.12757 0 0
10.566 5.17151e-05 0.887503 1.12675 0 0
10.626 4.61549e-05 0.888138 1.12595 0 0
10.686 4.07124e-05 0.888767 1.12515 0 0
10.746 3.53798e-05 0.889388 1.12437 0 0
10.806 3.01494e-05 0.890002 1.12359 0 0
10.866 2.5014e-05 0.890609 1.12283 0 0
10.926 1.99663e-05 0.89121 1.12207 0 0
10.986 1.49994e-05 0.891805 1.12132 0 0
11.046 1.01066e-05 0.892392 1.12058 0 0
11.106 5.28105e-06 0.892974 1.11985 0 0
11.166 5.16397e-07 0.893549 1.11913 0 0
11.226 8.5671e-10 0.894118 1.11842 0 0
11.286 8.5671e-10 0.894681 1.11772 0 0
11.346 8.5671e-10 0.895238 1.11702 0 0
11.406 8.5671e-10 0.895789 1.11633 0 0
11.466 8.5671e-10 0.896334 1.11566 0 0
11.526 8.5671e-10 0.896874 1.11498 0 0
11.586 8.5671e-10 0.897408 1.11432 0 0
11.646 8.5671e-10 0.897936 1.11366 0 0
11.706 8.5671e-10 0.89846 1.11302 0 0
11.766 8.5671e-10 0.898977 1.11238 0 0
11.826 8.5671e-10 0.89949 1.11174 0 0
11.886 8.5671e-10 0.899997 1.11111 0 0
11.946 8.5671e-10 0.9005 1.11049 0 0
12.006 8.5671e-10 0.900997 1.10988 0 0
12.066 8.5671e-10 0.901489 1.10928 0 0
12.126 8.5671e-10 0.901977 1.10868 0 0
12.186 8.5671e-10 0.902459 1.10808 0 0
12.246 8.5671e-10 0.902937 1.1075 0 0
12.306 8.5671e-10 0.90341 1.10692 0 0
12.366 8.5671e-10 0.903879 1.10634 0 0
12.426 8.5671e-10 0.904343 1.10577 0 0
12.486 8.5671e-10 0.904803 1.10521 0 0
12.546 8.5671e-10 0.905258 1.10466 0 0
12.606 8.5671e-10 0.905709 1.10411 0 0
12.666 8.5671e-10 0.906156 1.10356 0 0
12.726 8.5671e-10 0.906598 1.10302 0 0
12.786 8.5671e-10 0.907036 1.10249 0 0
12.846 8.5671e-10 0.907471 1.10196 0 0
12.906 8.5671e-10 0.907901 1.10144 0 0
12.966 8.5671e-10 0.908327 1.10093 0 0
13.026 8.5671e-10 0.908749 1.10041 0 0
13.086 8.5671e-10 0.909168 1.09991 0 0
13.146 8.5671e-10 0.909582 1.09941 0 0
13.206 8.5671e-10 0.909993 1.09891 0 0
13.266 8.5671e-10 0.9104 1.09842 0 0
13.326 8.5671e-10 0.910804 1.09793 0 0
13.386 8.5671e-10 0.911203 1.09745 0 0
13.446 8.5671e-10 0.9116 1.09697 0 0
13.506 8.5671e-10 0.911992 1.0965 0 0
13.566 8.5671e-10 0.912382 1.09603 0 0
13.626 8.5671e-10 0.912767 1.09557 0 0
13.686 8.5671e-10 0.91315 1.09511 0 0
13.746 8.5671e-10 0.913529 1.09466 0 0
13.806 8.5671e-10 0.913905 1.09421 0 0
13.866 8.5671e-10 0.914277 1.09376 0 0
13.926 8.5671e-10 0.914647 1.09332 0 0
13.986 8.5671e-10 0.915013 1.09288 0 0
14.046 8.5671e-10 0.915376 1.09245 0 0
14.106 8.5671e-10 0.915736 1.09202 0 0
14.166 8.5671e-10 0.916093 1.09159 0 0
14.226 8.5671e-10 0.916446 1.09117 0 0
14.286 8.5671e-10 0.916797 1.09075 0 0
14.346 8.5671e-10 0.917145 1.09034 0 0
14.406 8.5671e-10 0.91749 1.08993 0 0
14.466 8.5671e-10 0.917833 1.08952 0 0
14.526 8.5671e-10 0.918172 1.08912 0 0
14.586 8.5671e-10 0.918509 1.08872 0 0
14.646 8.5671e-10 0.918843 1.08833 0 0
14.706 8.5671e-10 0.919174 1.08793 0 0
14.766 8.5671e-10 0.919502 1.08755 0 0
14.826 8.5671e-10 0.919828 1.08716 0 0
14.886 8.5671e-10 0.920151 1.08678 0 0
14.946 8.5671e-10 0.920472 1.0864 0 0
15.006 8.5671e-10 0.92079 1.08602 0 0
15.066 8.5671e-10 0.921105 1.08565 0 0
15.126 8.5671e-10 0.921418 1.08528 0 0
15.186 8.5671e-10 0.921728 1.08492 0 0
15.246 8.5671e-10 0.922036 1.08456 0 0
15.306 8.5671e-10 0.922342 1.0842 0 0
15.366 8.5671e-10 0.922645 1.08384 0 0
15.426 8.5671e-10 0.922946 1.08349 0 0
15.486 8.5671e-10 0.923245 1.08314 0 0
15.546 8.5671e-10 0.923541 1.08279 0 0
15.606 8.5671e-10 0.923835 1.08244 0 0
15.666 8.5671e-10 0.924127 1.0821 0 0
15.726 8.5671e-10 0.924416 1.08176 0 0
15.786 8.5671e-10 0.924703 1.08143 0 0
15.846 8.5671e-10 0.924988 1.08109 0 0
15.906 8.5671e-10 0.925271 1.08076 0 0
15.966 8.5671e-10 0.925552 1.08044 0 0
16.026 8.5671e-10 0.925831 1.08011 0 0
16.086 8.5671e-10 0.926108 1.07979 0 0
16.146 8.5671e-10 0.926382 1.07947 0 0
16.206 8.5671e-10 0.926655 1.07915 0 0
16.266 8.5671e-10 0.926925 1.07884 0 0
16.326 8.5671e-10 0.927194 1.07852 0 0
16.386 8.5671e-10 0.92746 1.07821 0 0
16.446 8.5671e-10 0.927725 1.07791 0 0
16.506 8.5671e-10 0.927988 1.0776 0 0
16.566 8.5671e-10 0.928249 1.0773 0 0
16.626 8.5671e-10 0.928508 1.077 0 0
16.686 8.5671e-10 0.928765 1.0767 0 0
16.746 8.5671e-10 0.92902 1.0764 0 0
16.806 8.5671e-10 0.929273 1.07611 0 0
16.866 8.5671e-10 0.929525 1.07582 0 0
16.926 8.5671e-10 0.929775 1.07553 0 0
16.986 8.5671e-10 0.930023 1.07524 0 0
17.046 8.5671e-10 0.930269 1.07496 0 0
17.106 8.5671e-10 0.930514 1.07468 0 0
17.166 8.5671e-10 0.930757 1.07439 0 0
17.226 8.5671e-10 0.930998 1.07412 0 0
17.286 8.5671e-10 0.931237 1.07384 0 0
17.346 8.5671e-10 0.931475 1.07357 0 0
17.406 8.5671e-10 0.931711 1.07329 0 0
17.466 8.5671e-10 0.931946 1.07302 0 0
17.526 8.5671e-10 0.932179 1.07276 0 0
17.586 8.5671e-10 0.93241 1.07249 0 0
17.646 8.5671e-10 0.93264 1.07222 0 0
17.706 8.5671e-10 0.932868 1.07196 0 0
17.766 8.5671e-10 0.933095 1.0717 0 0
17.826 8.5671e-10 0.93332 1.07144 0 0
17.886 8.5671e-10 0.933544 1.07119 0 0
17.946 8.5671e-10 0.933766 1.07093 0 0
18.006 8.5671e-10 0.933987 1.07068 0 0
18.066 8.5671e-10 0.934206 1.07043 0 0
18.126 8.5671e-10 0.934424 1.07018 0 0
18.186 8.5671e-10 0.93464 1.06993 0 0
18.246 8.5671e-10 0.934855 1.06968 0 0
18.306 8.5671e-10 0.935069 1.06944 0 0
18.366 8.5671e-10 0.935281 1.0692 0 0
18.426 8.5671e-10 0.935492 1.06896 0 0
18.486 8.5671e-10 0.935701 1.06872 0 0
18.546 8.5671e-10 0.935909 1.06848 0 0
18.606 8.5671e-10 0.936116 1.06824 0 0
18.666 8.5671e-10 0.936321 1.06801 0 0
18.726 8.5671e-10 0.936525 1.06778 0 0
18.786 8.5671e-10 0.936728 1.06755 0 0
18.846 8.5671e-10 0.936929 1.06732 0 0
18.906 8.5671e-10 0.937129 1.06709 0 0
18.966 8.5671e-10 0.937328 1.06686 0 0
19.026 8.5671e-10 0.937526 1.06664 0 0
19.086 8.5671e-10 0.937722 1.06641 0 0
19.146 8.5671e-10 0.937917 1.06619 0 0
19.206 8.5671e-10 0.938111 1.06597 0 0
19.266 8.5671e-10 0.938304 1.06575 0 0
19.326 8.5671e-10 0.938496 1.06554 0 0
19.386 8.5671e-10 0.938686 1.06532 0 0
19.446 8.5671e-10 0.938875 1.0651 0 0
19.506 8.5671e-10 0.939063 1.06489 0 0
19.566 8.5671e-10 0.93925 1.06468 0 0
19.626 8.5671e-10 0.939436 1.06447 0 0
19.686 8.5671e-10 0.93962 1.06426 0 0
19.746 8.5671e-10 0.939804 1.06405 0 0
19.806 8.5671e-10 0.939986 1.06385 0 0
19.866 8.5671e-10 0.940168 1.06364 0 0
19.926 8.5671e-10 0.940348 1.06344 0 0
19.986 8.5671e-10 0.940527 1.06323 0 0
20.046 8.5671e-10 0.940705 1.06303 0 0
20.106 8.5671e-10 0.940882 1.06283 0 0
20.166 8.5671e-10 0.941058 1.06263 0 0
20.226 8.5671e-10 0.941232 1.06244 0 0
20.286 8.5671e-10 0.941406 1.06224 0 0
20.346 8.5671e-10 0.941579 1.06205 0 0
20.406 8.5671e-10 0.941751 1.06185 0 0
20.466 8.5671e-10 0.941922 1.06166 0 0
20.526 8.5671e-10 0.942091 1.06147 0 0
20.586 8.5671e-10 0.94226 1.06128 0 0
20.646 8.5671e-10 0.942428 1.06109 0 0
20.706 8.5671e-10 0.942595 1.0609 0 0
20.766 8.5671e-10 0.942761 1.06071 0 0
20.826 8.5671e-10 0.942926 1.06053 0 0
20.886 8.5671e-10 0.94309 1.06034 0 0
20.946 8.5671e-10 0.943253 1.06016 0 0
21.006 8.5671e-10 0.943415 1.05998 0 0
21.066 8.5671e-10 0.943576 1.0598 0 0
21.126 8.5671e-10 0.943736 1.05962 0 0
21.186 8.5671e-10 0.943895 1.05944 0 0
21.246 8.5671e-10 0.944054 1.05926 0 0
21.306 8.5671e-10 0.944211 1.05908 0 0
21.366 8.5671e-10 0.944368 1.05891 0 0
21.426 8.5671e-10 0.944524 1.05873 0 0
21.486 8.5671e-10 0.944679 1.05856 0 0
21.546 8.5671e-10 0.944833 1.05839 0 0
21.606 8.5671e-10 0.944986 1.05822 0 0
21.666 8.5671e-10 0.945138 1.05805 0 0
21.726 8.5671e-10 0.94529 1.05788 0 0
21.786 8.5671e-10 0.945441 1.05771 0 0
21.846 8.5671e-10 0.94559 1.05754 0 0
21.906 8.5671e-10 0.945739 1.05737 0 0
21.966 8.5671e-10 0.945888 1.05721 0 0
22.026 8.5671e-10 0.946035 1.05704 0 0
22.086 8.5671e-10 0.946182 1.05688 0 0
22.146 8.5671e-10 0.946327 1.05672 0 0
22.206 8.5671e-10 0.946472 1.05655 0 0
22.266 8.5671e-10 0.946617 1.05639 0 0
22.326 8.5671e-10 0.94676 1.05623 0 0
22.386 8.5671e-10 0.946903 1.05607 0 0
22.446 8.5671e-10 0.947045 1.05592 0 0
22.506 8.5671e-10 0.947186 1.05576 0 0
22.566 8.5671e-10 0.947326 1.0556 0 0
22.626 8.5671e-10 0.947466 1.05545 0 0
22.686 8.5671e-10 0.947605 1.05529 0 0
22.746 8.5671e-10 0.947743 1.05514 0 0
22.806 8.5671e-10 0.947881 1.05499 0 0
22.866 8.5671e-10 0.948017 1.05483 0 0
22.926 8.5671e-10 0.948154 1.05468 0 0
22.986 8.5671e-10 0.948289 1.05453 0 0
23.046 8.5671e-10 0.948423 1.05438 0 0
23.106 8.5671e-10 0.948557 1.05423 0 0
23.166 8.5671e-10 0.948691 1.05408 0 0
23.226 8.5671e-10 0.948823 1.05394 0 0
23.286 8.5671e-10 0.948955 1.05379 0 0
23.346 8.5671e-10 0.949086 1.05365 0 0
23.406 8.5671e-10 0.949217 1.0535 0 0
23.466 8.5671e-10 0.949347 1.05336 0 0
23.526 8.5671e-10 0.949476 1.05321 0 0
23.586 8.5671e-10 0.949604 1.05307 0 0
23.646 8.5671e-10 0.949732 1.05293 0 0
23.706 8.5671e-10 0.949859 1.05279 0 0
23.766 8.5671e-10 0.949986 1.05265 0 0
23.826 8.5671e-10 0.950112 1.05251 0 0
23.886 8.5671e-10 0.950237 1.05237 0 0
23.946 8.5671e-10 0.950362 1.05223 0 0
24.006 8.5671e-10 0.950486 1.05209 0 0
24.066 8.5671e-10 0.950609 1.05196 0 0
24.126 8.5671e-10 0.950732 1.05182 0 0
24.186 8.5671e-10 0.950855 1.05169 0 0
24.246 8.5671e-10 0.950976 1.05155 0 0
24.306 8.5671e-10 0.951097 1.05142 0 0
24.366 8.5671e-10 0.951218 1.05128 0 0
24.426 8.5671e-10 0.951337 1.05115 0 0
24.486 8.5671e-10 0.951457 1.05102 0 0
24.546 8.5671e-10 0.951575 1.05089 0 0
24.606 8.5671e-10 0.951693 1.05076 0 0
24.666 8.5671e-10 0.951811 1.05063 0 0
24.726 8.5671e-10 0.951928 1.0505 0 0
24.786 8.5671e-10 0.952044 1.05037 0 0
24.846 8.5671e-10 0.95216 1.05024 0 0
24.906 8.5671e-10 0.952275 1.05012 0 0
24.966 8.5671e-10 0.95239 1.04999 0 0
25.026 8.5671e-10 0.952504 1.04986 0 0
25.086 8.5671e-10 0.952618 1.04974 0 0
25.146 8.5671e-10 0.952731 1.04961 0 0
25.206 8.5671e-10 0.952843 1.04949 0 0
25.266 8.5671e-10 0.952955 1.04937 0 0
25.326 8.5671e-10 0.953067 1.04924 0 0
25.386 8.5671e-10 0.953178 1.04912 0 0
25.446 8.5671e-10 0.953288 1.049 0 0
25.506 8.5671e-10 0.953398 1.04888 0 0
25.566 8.5671e-10 0.953507 1.04876 0 0
25.626 8.5671e-10 0.953616 1.04864 0 0
25.686 8.5671e-10 0.953725 1.04852 0 0
25.746 8.5671e-10 0.953832 1.0484 0 0
25.806 8.5671e-10 0.95394 1.04828 0 0
25.866 8.5671e-10 0.954047 1.04817 0 0
25.926 8.5671e-10 0.954153 1.04805 0 0
25.986 8.5671e-10 0.954259 1.04793 0 0
26.046 8.5671e-10 0.954364 1.04782 0 0
26.106 8.5671e-10 0.954469 1.0477 0 0
26.166 8.5671e-10 0.954573 1.04759 0 0
26.226 8.5671e-10 0.954677 1.04747 0 0
26.286 8.5671e-10 0.954781 1.04736 0 0
26.346 8.5671e-10 0.954884 1.04725 0 0
26.406 8.5671e-10 0.954986 1.04714 0 0
26.466 8.5671e-10 0.955088 1.04702 0 0
26.526 8.5671e-10 0.95519 1.04691 0 0
26.586 8.5671e-10 0.955291 1.0468 0 0
26.646 8.5671e-10 0.955392 1.04669 0 0
26.706 8.5671e-10 0.955492 1.04658 0 0
26.766 8.5671e-10 0.955592 1.04647 0 0
26.826 8.5671e-10 0.955691 1.04636 0 0
26.886 8.5671e-10 0.95579 1.04626 0 0
26.946 8.5671e-10 0.955888 1.04615 0 0
27.006 8.5671e-10 0.955986 1.04604 0 0
27.066 8.5671e-10 0.956084 1.04593 0 0
27.126 8.5671e-10 0.956181 1.04583 0 0
27.186 8.5671e-10 0.956278 1.04572 0 0
27.246 8.5671e-10 0.956374 1.04562 0 0
27.306 8.5671e-10 0.95647 1.04551 0 0
27.366 8.5671e-10 0.956565 1.04541 0 0
27.426 8.5671e-10 0.95666 1.0453 0 0
27.486 8.5671e-10 0.956755 1.0452 0 0
27.546 8.5671e-10 0.956849 1.0451 0 0
27.606 8.5671e-10 0.956943 1.04499 0 0
27.666 8.5671e-10 0.957036 1.04489 0 0
27.726 8.5671e-10 0.957129 1.04479 0 0
27.786 8.5671e-10 0.957222 1.04469 0 0
27.846 8.5671e-10 0.957314 1.04459 0 0
27.906 8.5671e-10 0.957406 1.04449 0 0
27.966 8.5671e-10 0.957497 1.04439 0 0
28.026 8.5671e-10 0.957588 1.04429 0 0
28.086 8.5671e-10 0.957679 1.04419 0 0
28.146 8.5671e-10 0.957769 1.04409 0 0
28.206 8.5671e-10 0.957859 1.044 0 0
28.266 8.5671e-10 0.957948 1.0439 0 0
28.326 8.5671e-10 0.958037 1.0438 0 0
28.386 8.5671e-10 0.958126 1.0437 0 0
28.446 8.5671e-10 0.958214 1.04361 0 0
28.506 8.5671e-10 0.958302 1.04351 0 0
28.566 8.5671e-10 0.95839 1.04342 0 0
28.626 8.5671e-10 0.958477 1.04332 0 0
28.686 8.5671e-10 0.958564 1.04323 0 0
28.746 8.5671e-10 0.958651 1.04313 0 0
28.806 8.5671e-10 0.958737 1.04304 0 0
28.866 8.5671e-10 0.958822 1.04295 0 0
28.926 8.5671e-10 0.958908 1.04285 0 0
28.986 8.5671e-10 0.958993 1.04276 0 0
29.046 8.5671e-10 0.959078 1.04267 0 0
29.106 8.5671e-10 0.959162 1.04258 0 0
29.166 8.5671e-10 0.959246 1.04249 0 0
29.226 8.5671e-10 0.95933 1.04239 0 0
29.286 8.5671e-10 0.959413 1.0423 0 0
29.346 8.5671e-10 0.959496 1.04221 0 0
29.406 8.5671e-10 0.959579 1.04212 0 0
29.466 8.5671e-10 0.959661 1.04203 0 0
29.526 8.5671e-10 0.959743 1.04195 0 0
29.586 8.5671e-10 0.959824 1.04186 0 0
29.646 8.5671e-10 0.959906 1.04177 0 0
29.706 8.5671e-10 0.959987 1.04168 0 0
29.766 8.5671e-10 0.960067 1.04159 0 0
29.826 8.5671e-10 0.960148 1.04151 0 0
29.886 8.5671e-10 0.960228 1.04142 0 0
29.946 8.5671e-10 0.960307 1.04133 0 0
30.006 8.5671e-10 0.960387 1.04125 0 0
30.066 8.5671e-10 0.960466 1.04116 0 0
30.126 8.5671e-10 0.960545 1.04108 0 0
30.186 8.5671e-10 0.960623 1.04099 0 0
30.246 8.5671e-10 0.960701 1.04091 0 0
30.306 8.5671e-10 0.960779 1.04082 0 0
30.366 8.5671e-10 0.960856 1.04074 0 0
30.426 8.5671e-10 0.960934 1.04065 0 0
30.486 8.5671e-10 0.961011 1.04057 0 0
30.546 8.5671e-10 0.961087 1.04049 0 0
30.606 8.5671e-10 0.961163 1.04041 0 0
30.666 8.5671e-10 0.961239 1.04032 0 0
30.726 8.5671e-10 0.961315 1.04024 0 0
30.786 8.5671e-10 0.96139 1.04016 0 0
30.846 8.5671e-10 0.961466 1.04008 0 0
30.906 8.5671e-10 0.96154 1.04 0 0
30.966 8.5671e-10 0.961615 1.03992 0 0
31.026 8.5671e-10 0.961689 1.03984 0 0
31.086 8.5671e-10 0.961763 1.03976 0 0
31.146 8.5671e-10 0.961837 1.03968 0 0
31.206 8.5671e-10 0.96191 1.0396 0 0
31.266 8.5671e-10 0.961983 1.03952 0 0
31.326 8.5671e-10 0.962056 1.03944 0 0
31.386 8.5671e-10 0.962129 1.03936 0 0
31.446 8.5671e-10 0.962201 1.03928 0 0
31.506 8.5671e-10 0.962273 1.03921 0 0
31.566 8.5671e-10 0.962345 1.03913 0 0
31.626 8.5671e-10 0.962416 1.03905 0 0
31.686 8.5671e-10 0.962487 1.03897 0 0
31.746 8.5671e-10 0.962558 1.0389 0 0
31.806 8.5671e-10 0.962629 1.03882 0 0
31.866 8.5671e-10 0.962699 1.03875 0 0
31.926 8.5671e-10 0.962769 1.03867 0 0
31.986 8.5671e-10 0.962839 1.0386 0 0
32.046 8.5671e-10 0.962909 1.03852 0 0
32.106 8.5671e-10 0.962978 1.03845 0 0
32.166 8.5671e-10 0.963047 1.03837 0 0
32.226 8.5671e-10 0.963116 1.0383 0 0
32.286 8.5671e-10 0.963184 1.03822 0 0
32.346 8.5671e-10 0.963253 1.03815 0 0
32.406 8.5671e-10 0.963321 1.03808 0 0
32.466 8.5671e-10 0.963388 1.038 0 0
32.526 8.5671e-10 0.963456 1.03793 0 0
32.586 8.5671e-10 0.963523 1.03786 0 0
32.646 8.5671e-10 0.96359 1.03779 0 0
32.706 8.5671e-10 0.963657 1.03771 0 0
32.766 8.5671e-10 0.963724 1.03764 0 0
32.826 8.5671e-10 0.96379 1.03757 0 0
32.886 8.5671e-10 0.963856 1.0375 0 0
32.946 8.5671e-10 0.963922 1.03743 0 0
33.006 8.5671e-10 0.963987 1.03736 0 0
33.066 8.5671e-10 0.964053 1.03729 0 0
33.126 8.5671e-10 0.964118 1.03722 0 0
33.186 8.5671e-10 0.964183 1.03715 0 0
33.246 8.5671e-10 0.964247 1.03708 0 0
33.306 8.5671e-10 0.964312 1.03701 0 0
33.366 8.5671e-10 0.964376 1.03694 0 0
33.426 8.5671e-10 0.96444 1.03687 0 0
33.486 8.5671e-10 0.964504 1.0368 0 0
33.546 8.5671e-10 0.964567 1.03673 0 0
33.606 8.5671e-10 0.96463 1.03667 0 0
33.666 8.5671e-10 0.964693 1.0366 0 0
33.726 8.5671e-10 0.964756 1.03653 0 0
33.786 8.5671e-10 0.964819 1.03646 0 0
33.846 8.5671e-10 0.964881 1.0364 0 0
33.906 8.5671e-10 0.964943 1.03633 0 0
33.966 8.5671e-10 0.965005 1.03626 0 0
34.026 8.5671e-10 0.965067 1.0362 0 0
34.086 8.5671e-10 0.965128 1.03613 0 0
34.146 8.5671e-10 0.96519 1.03607 0 0
34.206 8.5671e-10 0.965251 1.036 0 0
34.266 8.5671e-10 0.965312 1.03593 0 0
34.326 8.5671e-10 0.965372 1.03587 0 0
34.386 8.5671e-10 0.965433 1.03581 0 0
34.446 8.5671e-10 0.965493 1.03574 0 0
34.506 8.5671e-10 0.965553 1.03568 0 0
34.566 8.5671e-10 0.965613 1.03561 0 0
34.626 8.5671e-10 0.965672 1.03555 0 0
34.686 8.5671e-10 0.965732 1.03548 0 0
34.746 8.5671e-10 0.965791 1.03542 0 0
34.806 8.5671e-10 0.96585 1.03536 0 0
34.866 8.5671e-10 0.965909 1.03529 0 0
34.926 8.5671e-10 0.965967 1.03523 0 0
34.986 8.5671e-10 0.966025 1.03517 0 0
35.046 8.5671e-10 0.966084 1.03511 0 0
35.106 8.5671e-10 0.966142 1.03504 0 0
35.166 8.5671e-10 0.966199 1.03498 0 0
35.226 8.5671e-10 0.966257 1.03492 0 0
35.286 8.5671e-10 0.966314 1.03486 0 0
35.346 8.5671e-10 0.966372 1.0348 0 0
35.406 8.5671e-10 0.966429 1.03474 0 0
35.466 8.5671e-10 0.966485 1.03468 0 0
35.526 8.5671e-10 0.966542 1.03462 0 0
35.586 8.5671e-10 0.966598 1.03456 0 0
35.646 8.5671e-10 0.966655 1.0345 0 0
35.706 8.5671e-10 0.966711 1.03444 0 0
35.766 8.5671e-10 0.966766 1.03438 0 0
35.826 8.5671e-10 0.966822 1.03432 0 0
35.886 8.5671e-10 0.966878 1.03426 0 0
35.946 8.5671e-10 0.966933 1.0342 0 0
36.006 8.5671e-10 0.966988 1.03414 0 0
36.066 8.5671e-10 0.967043 1.03408 0 0
36.126 8.5671e-10 0.967098 1.03402 0 0
36.186 8.5671e-10 0.967152 1.03396 0 0
36.246 8.5671e-10 0.967207 1.03391 0 0
36.306 8.5671e-10 0.967261 1.03385 0 0
36.366 8.5671e-10 0.967315 1.03379 0 0
36.426 8.5671e-10 0.967369 1.03373 0 0
36.486 8.5671e-10 0.967422 1.03367 0 0
36.546 8.5671e-10 0.967476 1.03362 0 0
36.606 8.5671e-10 0.967529 1.03356 0 0
36.666 8.5671e-10 0.967582 1.0335 0 0
36.726 8.5671e-10 0.967635 1.03345 0 0
36.786 8.5671e-10 0.967688 1.03339 0 0
36.846 8.5671e-10 0.967741 1.03333 0 0
36.906 8.5671e-10 0.967793 1.03328 0 0
36.966 8.5671e-10 0.967845 1.03322 0 0
37.026 8.5671e-10 0.967897 1.03317 0 0
37.086 8.5671e-10 0.967949 1.03311 0 0
37.146 8.5671e-10 0.968001 1.03306 0 0
37.206 8.5671e-10 0.968053 1.033 0 0
37.266 8.5671e-10 0.968104 1.03295 0 0
37.326 8.5671e-10 0.968155 1.03289 0 0
37.386 8.5671e-10 0.968206 1.03284 0 0
37.446 8.5671e-10 0.968257 1.03278 0 0
37.506 8.5671e-10 0.968308 1.03273 0 0
37.566 8.5671e-10 0.968359 1.03268 0 0
37.626 8.5671e-10 0.968409 1.03262 0 0
37.686 8.5671e-10 0.96846 1.03257 0 0
37.746 8.5671e-10 0.96851 1.03251 0 0
37.806 8.5671e-10 0.96856 1.03246 0 0
37.866 8.5671e-10 0.96861 1.03241 0 0
37.926 8.5671e-10 0.968659 1.03235 0 0
37.986 8.5671e-10 0.968709 1.0323 0 0
38.046 8.5671e-10 0.968758 1.03225 0 0
38.106 8.5671e-10 0.968807 1.0322 0 0
38.166 8.5671e-10 0.968856 1.03214 0 0
38.226 8.5671e-10 0.968905 1.03209 0 0
38.286 8.5671e-10 0.968954 1.03204 0 0
38.346 8.5671e-10 0.969002 1.03199 0 0
38.406 8.5671e-10 0.969051 1.03194 0 0
38.466 8.5671e-10 0.969099 1.03189 0 0
38.526 8.5671e-10 0.969147 1.03183 0 0
38.586 8.5671e-10 0.969195 1.03178 0 0
38.646 8.5671e-10 0.969243 1.03173 0 0
38.706 8.5671e-10 0.969291 1.03168 0 0
38.766 8.5671e-10 0.969338 1.03163 0 0
38.826 8.5671e-10 0.969386 1.03158 0 0
38.886 8.5671e-10 0.969433 1.03153 0 0
38.946 8.5671e-10 0.96948 1.03148 0 0
39.006 8.5671e-10 0.969527 1.03143 0 0
39.066 8.5671e-10 0.969574 1.03138 0 0
39.126 8.5671e-10 0.96962 1.03133 0 0
39.186 8.5671e-10 0.969667 1.03128 0 0
39.246 8.5671e-10 0.969713 1.03123 0 0
39.306 8.5671e-10 0.96976 1.03118 0 0
39.366 8.5671e-10 0.969806 1.03113 0 0
39.426 8.5671e-10 0.969852 1.03109 0 0
39.486 8.5671e-10 0.969897 1.03104 0 0
39.546 8.5671e-10 0.969943 1.03099 0 0
39.606 8.5671e-10 0.969989 1.03094 0 0
39.666 8.5671e-10 0.970034 1.03089 0 0
39.726 8.5671e-10 0.970079 1.03084 0 0
39.786 8.5671e-10 0.970124 1.0308 0 0
39.846 8.5671e-10 0.970169 1.03075 0 0
39.906 8.5671e-10 0.970214 1.0307 0 0
39.966 8.5671e-10 0.970259 1.03065 0 0
40.026 8.5671e-10 0.970303 1.03061 0 0
40.086 8.5671e-10 0.970348 1.03056 0 0
40.146 8.5671e-10 0.970392 1.03051 0 0
40.206 8.5671e-10 0.970436 1.03046 0 0
40.266 8.5671e-10 0.97048 1.03042 0 0
40.326 8.5671e-10 0.970524 1.03037 0 0
40.386 8.5671e-10 0.970568 1.03032 0 0
40.446 8.5671e-10 0.970612 1.03028 0 0
40.506 8.5671e-10 0.970655 1.03023 0 0
40.566 8.5671e-10 0.970699 1.03019 0 0
40.626 8.5671e-10 0.970742 1.03014 0 0
40.686 8.5671e-10 0.970785 1.03009 0 0
40.746 8.5671e-10 0.970828 1.03005 0 0
40.806 8.5671e-10 0.970871 1.03 0 0
40.866 8.5671e-10 0.970914 1.02996 0 0
40.926 8.5671e-10 0.970957 1.02991 0 0
40.986 8.5671e-10 0.970999 1.02987 0 0
41.046 8.5671e-10 0.971041 1.02982 0 0
41.106 8.5671e-10 0.971084 1.02978 0 0
41.166 8.5671e-10 0.971126 1.02973 0 0
41.226 8.5671e-10 0.971168 1.02969 0 0
41.286 8.5671e-10 0.97121 1.02964 0 0
41.346 8.5671e-10 0.971252 1.0296 0 0
41.406 8.5671e-10 0.971293 1.02956 0 0
41.466 8.5671e-10 0.971335 1.02951 0 0
41.526 8.5671e-10 0.971376 1.02947 0 0
41.586 8.5671e-10 0.971417 1.02942 0 0
41.646 8.5671e-10 0.971459 1.02938 0 0
41.706 8.5671e-10 0.9715 1.02934 0 0
41.766 8.5671e-10 0.971541 1.02929 0 0
41.826 8.5671e-10 0.971581 1.02925 0 0
41.886 8.5671e-10 0.971622 1.02921 0 0
41.946 8.5671e-10 0.971663 1.02916 0 0
42.006 8.5671e-10 0.971703 1.02912 0 0
42.066 8.5671e-10 0.971744 1.02908 0 0
42.126 8.5671e-10 0.971784 1.02904 0 0
42.186 8.5671e-10 0.971824 1.02899 0 0
42.246 8.5671e-10 0.971864 1.02895 0 0
42.306 8.5671e-10 0.971904 1.02891 0 0
42.366 8.5671e-10 0.971944 1.02887 0 0
42.426 8.5671e-10 0.971983 1.02882 0 0
42.486 8.5671e-10 0.972023 1.02878 0 0
42.546 8.5671e-10 0.972062 1.02874 0 0
42.606 8.5671e-10 0.972102 1.0287 0 0
42.666 8.5671e-10 0.972141 1.02866 0 0
42.726 8.5671e-10 0.97218 1.02862 0 0
42.786 8.5671e-10 0.972219 1.02857 0 0
42.846 8.5671e-10 0.972258 1.02853 0 0
42.906 8.5671e-10 0.972297 1.02849 0 0
42.966 8.5671e-10 0.972336 1.02845 0 0
43.026 8.5671e-10 0.972374 1.02841 0 0
43.086 8.5671e-10 0.972413 1.02837 0 0
43.146 8.5671e-10 0.972451 1.02833 0 0
43.206 8.5671e-10 0.972489 1.02829 0 0
43.266 8.5671e-10 0.972527 1.02825 0 0
43.326 8.5671e-10 0.972565 1.02821 0 0
43.386 8.5671e-10 0.972603 1.02817 0 0
43.446 8.5671e-10 0.972641 1.02813 0 0
43.506 8.5671e-10 0.972679 1.02809 0 0
43.566 8.5671e-10 0.972717 1.02805 0 0
43.626 8.5671e-10 0.972754 1.02801 0 0
43.686 8.5671e-10 0.972791 1.02797 0 0
43.746 8.5671e-10 0.972829 1.02793 0 0
43.806 8.5671e-10 0.972866 1.02789 0 0
43.866 8.5671e-10 0.972903 1.02785 0 0
43.926 8.5671e-10 0.97294 1.02781 0 0
43.986 8.5671e-10 0.972977 1.02777 0 0
44.046 8.5671e-10 0.973014 1.02773 0 0
44.106 8.5671e-10 0.973051 1.0277 0 0
44.166 8.5671e-10 0.973087 1.02766 0 0
44.226 8.5671e-10 0.973124 1.02762 0 0
44.286 8.5671e-10 0.97316 1.02758 0 0
44.346 8.5671e-10 0.973196 1.02754 0 0
44.406 8.5671e-10 0.973233 1.0275 0 0
44.466 8.5671e-10 0.973269 1.02747 0 0
44.526 8.5671e-10 0.973305 1.02743 0 0
44.586 8.5671e-10 0.973341 1.02739 0 0
44.646 8.5671e-10 0.973377 1.02735 0 0
44.706 8.5671e-10 0.973412 1.02731 0 0
44.766 8.5671e-10 0.973448 1.02728 0 0
44.826 8.5671e-10 0.973483 1.02724 0 0
44.886 8.5671e-10 0.973519 1.0272 0 0
44.946 8.5671e-10 0.973554 1.02716 0 0
45.006 8.5671e-10 0.973589 1.02713 0 0
45.066 8.5671e-10 0.973625 1.02709 0 0
45.126 8.5671e-10 0.97366 1.02705 0 0
45.186 8.5671e-10 0.973695 1.02702 0 0
45.246 8.5671e-10 0.97373 1.02698 0 0
45.306 8.5671e-10 0.973764 1.02694 0 0
45.366 8.5671e-10 0.973799 1.02691 0 0
45.426 8.5671e-10 0.973834 1.02687 0 0
45.486 8.5671e-10 0.973868 1.02683 0 0
45.546 8.5671e-10 0.973903 1.0268 0 0
45.606 8.5671e-10 0.973937 1.02676 0 0
45.666 8.5671e-10 0.973971 1.02672 0 0
45.726 8.5671e-10 0.974005 1.02669 0 0
45.786 8.5671e-10 0.974039 1.02665 0 0
45.846 8.5671e-10 0.974073 1.02662 0 0
45.906 8.5671e-10 0.974107 1.02658 0 0
45.966 8.5671e-10 0.974141 1.02655 0 0
46.026 8.5671e-10 0.974175 1.02651 0 0
46.086 8.5671e-10 0.974208 1.02647 0 0
46.146 8.5671e-10 0.974242 1.02644 0 0
46.206 8.5671e-10 0.974275 1.0264 0 0
46.266 8.5671e-10 0.974309 1.02637 0 0
46.326 8.5671e-10 0.974342 1.02633 0 0
46.386 8.5671e-10 0.974375 1.0263 0 0
46.446 8.5671e-10 0.974408 1.02626 0 0
46.506 8.5671e-10 0.974441 1.02623 0 0
46.566 8.5671e-10 0.974474 1.02619 0 0
46.626 8.5671e-10 0.974507 1.02616 0 0
46.686 8.5671e-10 0.97454 1.02613 0 0
46.746 8.5671e-10 0.974573 1.02609 0 0
46.806 8.5671e-10 0.974605 1.02606 0 0
46.866 8.5671e-10 0.974638 1.02602 0 0
46.926 8.5671e-10 0.97467 1.02599 0 0
46.986 8.5671e-10 0.974702 1.02595 0 0
47.046 8.5671e-10 0.974735 1.02592 0 0
47.106 8.5671e-10 0.974767 1.02589 0 0
47.166 8.5671e-10 0.974799 1.02585 0 0
47.226 8.5671e-10 0.974831 1.02582 0 0
47.286 8.5671e-10 0.974863 1.02579 0 0
47.346 8.5671e-10 0.974895 1.02575 0 0
47.406 8.5671e-10 0.974927 1.02572 0 0
47.466 8.5671e-10 0.974958 1.02568 0 0
47.526 8.5671e-10 0.97499 1.02565 0 0
47.586 8.5671e-10 0.975021 1.02562 0 0
47.646 8.5671e-10 0.975053 1.02559 0 0
47.706 8.5671e-10 0.975084 1.02555 0 0
47.766 8.5671e-10 0.975116 1.02552 0 0
47.826 8.5671e-10 0.975147 1.02549 0 0
47.886 8.5671e-10 0.975178 1.02545 0 0
47.946 8.5671e-10 0.975209 1.02542 0 0
48.006 8.5671e-10 0.97524 1.02539 0 0
48.066 8.5671e-10 0.975271 1.02536 0 0
48.126 8.5671e-10 0.975302 1.02532 0 0
48.186 8.5671e-10 0.975332 1.02529 0 0
48.246 8.5671e-10 0.975363 1.02526 0 0
48.306 8.5671e-10 0.975394 1.02523 0 0
48.366 8.5671e-10 0.975424 1.02519 0 0
48.426 8.5671e-10 0.975455 1.02516 0 0
48.486 8.5671e-10 0.975485 1.02513 0 0
48.546 8.5671e-10 0.975515 1.0251 0 0
48.606 8.5671e-10 0.975546 1.02507 0 0
48.666 8.5671e-10 0.975576 1.02504 0 0
48.726 8.5671e-10 0.975606 1.025 0 0
48.786 8.5671e-10 0.975636 1.02497 0 0
48.846 8.5671e-10 0.975666 1.02494 0 0
48.906 8.5671e-10 0.975696 1.02491 0 0
48.966 8.5671e-10 0.975725 1.02488 0 0
49.026 8.5671e-10 0.975755 1.02485 0 0
49.086 8.5671e-10 0.975785 1.02482 0 0
49.146 8.5671e-10 0.975814 1.02479 0 0
49.206 8.5671e-10 0.975844 1.02475 0 0
49.266 8.5671e-10 0.975873 1.02472 0 0
49.326 8.5671e-10 0.975903 1.02469 0 0
49.386 8.5671e-10 0.975932 1.02466 0 0
49.446 8.5671e-10 0.975961 1.02463 0 0
49.506 8.5671e-10 0.97599 1.0246 0 0
49.566 8.5671e-10 0.976019 1.02457 0 0
49.626 8.5671e-10 0.976048 1.02454 0 0
49.686 8.5671e-10 0.976077 1.02451 0 0
49.746 8.5671e-10 0.976106 1.02448 0 0
49.806 8.5671e-10 0.976135 1.02445 0 0
49.866 8.5671e-10 0.976163 1.02442 0 0
49.926 8.5671e-10 0.976192 1.02439 0 0
49.986 8.5671e-10 0.976221 1.02436 0 0
50.046 8.5671e-10 0.976249 1.02433 0 0
50.106 8.5671e-10 0.976278 1.0243 0 0
50.166 8.5671e-10 0.976306 1.02427 0 0
50.226 8.5671e-10 0.976334 1.02424 0 0
50.286 8.5671e-10 0.976363 1.02421 0 0
50.346 8.5671e-10 0.976391 1.02418 0 0
50.406 8.5671e-10 0.976419 1.02415 0 0
50.466 8.5671e-10 0.976447 1.02412 0 0
50.526 8.5671e-10 0.976475 1.02409 0 0
50.586 8.5671e-10 0.976503 1.02406 0 0
50.646 8.5671e-10 0.976531 1.02403 0 0
50.706 8.5671e-10 0.976558 1.024 0 0
50.766 8.5671e-10 0.976586 1.02398 0 0
50.826 8.5671e-10 0.976614 1.02395 0 0
50.886 8.5671e-10 0.976641 1.02392 0 0
50.946 8.5671e-10 0.976669 1.02389 0 0
51.006 8.5671e-10 0.976696 1.02386 0 0
51.066 8.5671e-10 0.976724 1.02383 0 0
51.126 8.5671e-10 0.976751 1.0238 0 0
51.186 8.5671e-10 0.976778 1.02377 0 0
51.246 8.5671e-10 0.976805 1.02375 0 0
51.306 8.5671e-10 0.976832 1.02372 0 0
51.366 8.5671e-10 0.97686 1.02369 0 0
51.426 8.5671e-10 0.976887 1.02366 0 0
51.486 8.5671e-10 0.976913 1.02363 0 0
51.546 8.5671e-10 0.97694 1.0236 0 0
51.606 8.5671e-10 0.976967 1.02358 0 0
51.666 8.5671e-10 0.976994 1.02355 0 0
51.726 8.5671e-10 0.977021 1.02352 0 0
51.786 8.5671e-10 0.977047 1.02349 0 0
51.846 8.5671e-10 0.977074 1.02346 0 0
51.906 8.5671e-10 0.9771 1.02344 0 0
51.966 8.5671e-10 0.977127 1.02341 0 0
52.026 8.5671e-10 0.977153 1.02338 0 0
52.086 8.5671e-10 0.977179 1.02335 0 0
52.146 8.5671e-10 0.977206 1.02333 0 0
52.206 8.5671e-10 0.977232 1.0233 0 0
52.266 8.5671e-10 0.977258 1.02327 0 0
52.326 8.5671e-10 0.977284 1.02324 0 0
52.386 8.5671e-10 0.97731 1.02322 0 0
52.446 8.5671e-10 0.977336 1.02319 0 0
52.506 8.5671e-10 0.977362 1.02316 0 0
52.566 8.5671e-10 0.977388 1.02314 0 0
52.626 8.5671e-10 0.977414 1.02311 0 0
52.686 8.5671e-10 0.977439 1.02308 0 0
52.746 8.5671e-10 0.977465 1.02305 0 0
52.806 8.5671e-10 0.977491 1.02303 0 0
52.866 8.5671e-10 0.977516 1.023 0 0
52.926 8.5671e-10 0.977542 1.02297 0 0
52.986 8.5671e-10 0.977567 1.02295 0 0
53.046 8.5671e-10 0.977592 1.02292 0 0
53.106 8.5671e-10 0.977618 1.02289 0 0
53.166 8.5671e-10 0.977643 1.02287 0 0
53.226 8.5671e-10 0.977668 1.02284 0 0
53.286 8.5671e-10 0.977693 1.02282 0 0
53.346 8.5671e-10 0.977718 1.02279 0 0
53.406 8.5671e-10 0.977743 1.02276 0 0
53.466 8.5671e-10 0.977768 1.02274 0 0
53.526 8.5671e-10 0.977793 1.02271 0 0
53.586 8.5671e-10 0.977818 1.02268 0 0
53.646 8.5671e-10 0.977843 1.02266 0 0
53.706 8.5671e-10 0.977868 1.02263 0 0
53.766 8.5671e-10 0.977892 1.02261 0 0
53.826 8.5671e-10 0.977917 1.02258 0 0
53.886 8.5671e-10 0.977942 1.02256 0 0
53.946 8.5671e-10 0.977966 1.02253 0 0
54.006 8.5671e-10 0.977991 1.0225 0 0
54.066 8.5671e-10 0.978015 1.02248 0 0
54.126 8.5671e-10 0.97804 1.02245 0 0
54.186 8.5671e-10 0.978064 1.02243 0 0
54.246 8.5671e-10 0.978088 1.0224 0 0
54.306 8.5671e-10 0.978112 1.02238 0 0
54.366 8.5671e-10 0.978136 1.02235 0 0
54.426 8.5671e-10 0.978161 1.02233 0 0
54.486 8.5671e-10 0.978185 1.0223 0 0
54.546 8.5671e-10 0.978209 1.02228 0 0
54.606 8.5671e-10 0.978233 1.02225 0 0
54.666 8.5671e-10 0.978256 1.02223 0 0
54.726 8.5671e-10 0.97828 1.0222 0 0
54.786 8.5671e-10 0.978304 1.02218 0 0
54.846 8.5671e-10 0.978328 1.02215 0 0
54.906 8.5671e-10 0.978352 1.02213 0 0
54.966 8.5671e-10 0.978375 1.0221 0 0
55.026 8.5671e-10 0.978399 1.02208 0 0
55.086 8.5671e-10 0.978422 1.02205 0 0
55.146 8.5671e-10 0.978446 1.02203 0 0
55.206 8.5671e-10 0.978469 1.022 0 0
55.266 8.5671e-10 0.978493 1.02198 0 0
55.326 8.5671e-10 0.978516 1.02196 0 0
55.386 8.5671e-10 0.978539 1.02193 0 0
55.446 8.5671e-10 0.978562 1.02191 0 0
55.506 8.5671e-10 0.978586 1.02188 0 0
55.566 8.5671e-10 0.978609 1.02186 0 0
55.626 8.5671e-10 0.978632 1.02183 0 0
55.686 8.5671e-10 0.978655 1.02181 0 0
55.746 8.5671e-10 0.978678 1.02179 0 0
55.806 8.5671e-10 0.978701 1.02176 0 0
55.866 8.5671e-10 0.978724 1.02174 0 0
55.926 8.5671e-10 0.978746 1.02172 0 0
55.986 8.5671e-10 0.978769 1.02169 0 0
56.046 8.5671e-10 0.978792 1.02167 0 0
56.106 8.5671e-10 0.978815 1.02164 0 0
56.166 8.5671e-10 0.978837 1.02162 0 0
56.226 8.5671e-10 0.97886 1.0216 0 0
56.286 8.5671e-10 0.978882 1.02157 0 0
56.346 8.5671e-10 0.978905 1.02155 0 0
56.406 8.5671e-10 0.978927 1.02153 0 0
56.466 8.5671e-10 0.97895 1.0215 0 0
56.526 8.5671e-10 0.978972 1.02148 0 0
56.586 8.5671e-10 0.978994 1.02146 0 0
56.646 8.5671e-10 0.979016 1.02143 0 0
56.706 8.5671e-10 0.979039 1.02141 0 0
56.766 8.5671e-10 0.979061 1.02139 0 0
56.826 8.5671e-10 0.979083 1.02136 0 0
56.886 8.5671e-10 0.979105 1.02134 0 0
56.946 8.5671e-10 0.979127 1.02132 0 0
57.006 8.5671e-10 0.979149 1.0213 0 0
57.066 8.5671e-10 0.979171 1.02127 0 0
57.126 8.5671e-10 0.979193 1.02125 0 0
57.186 8.5671e-10 0.979215 1.02123 0 0
57.246 8.5671e-10 0.979236 1.0212 0 0
57.306 8.5671e-10 0.979258 1.02118 0 0
57.366 8.5671e-10 0.97928 1.02116 0 0
57.426 8.5671e-10 0.979301 1.02114 0 0
57.486 8.5671e-10 0.979323 1.02111 0 0
57.546 8.5671e-10 0.979345 1.02109 0 0
57.606 8.5671e-10 0.979366 1.02107 0 0
57.666 8.5671e-10 0.979388 1.02105 0 0
57.726 8.5671e-10 0.979409 1.02102 0 0
57.786 8.5671e-10 0.97943 1.021 0 0
57.846 8.5671e-10 0.979452 1.02098 0 0
57.906 8.5671e-10 0.979473 1.02096 0 0
57.966 8.5671e-10 0.979494 1.02093 0 0
58.026 8.5671e-10 0.979516 1.02091 0 0
58.086 8.5671e-10 0.979537 1.02089 0 0
58.146 8.5671e-10 0.979558 1.02087 0 0
58.206 8.5671e-10 0.979579 1.02085 0 0
58.266 8.5671e-10 0.9796 1.02082 0 0
58.326 8.5671e-10 0.979621 1.0208 0 0
58.386 8.5671e-10 0.979642 1.02078 0 0
58.446 8.5671e-10 0.979663 1.02076 0 0
58.506 8.5671e-10 0.979684 1.02074 0 0
58.566 8.5671e-10 0.979704 1.02072 0 0
58.626 8.5671e-10 0.979725 1.02069 0 0
58.686 8.5671e-10 0.979746 1.02067 0 0
58.746 8.5671e-10 0.979767 1.02065 0 0
58.806 8.5671e-10 0.979787 1.02063 0 0
58.866 8.5671e-10 0.979808 1.02061 0 0
58.926 8.5671e-10 0.979828 1.02059 0 0
58.986 8.5671e-10 0.979849 1.02057 0 0
59.046 8.5671e-10 0.979869 1.02054 0 0
59.106 8.5671e-10 0.97989 1.02052 0 0
59.166 8.5671e-10 0.97991 1.0205 0 0
59.226 8.5671e-10 0.979931 1.02048 0 0
59.286 8.5671e-10 0.979951 1.02046 0 0
59.346 8.5671e-10 0.979971 1.02044 0 0
59.406 8.5671e-10 0.979991 1.02042 0 0
59.466 8.5671e-10 0.980012 1.0204 0 0
59.526 8.5671e-10 0.980032 1.02038 0 0
59.586 8.5671e-10 0.980052 1.02035 0 0
59.646 8.5671e-10 0.980072 1.02033 0 0
59.706 8.5671e-10 0.980092 1.02031 0 0
59.766 8.5671e-10 0.980112 1.02029 0 0
59.826 8.5671e-10 0.980132 1.02027 0 0
59.886 8.5671e-10 0.980152 1.02025 0 0
59.946 8.5671e-10 0.980172 1.02023 0 0

