0.06 0.85602
0.006 0.267722 0.00596085 1 4.1209e-06 0.000203
0.066 0.247594 0.0102215 1.28353 0 0
0.126 0.21258 0.0243511 1.69025 0 0
0.186 0.181837 0.0489672 1.88421 0 0
0.246 0.158247 0.0802402 1.92289 0 0
0.306 0.140072 0.114387 1.90355 0 0
0.366 0.125635 0.149124 1.86801 0 0
0.426 0.113815 0.183255 1.8304 0 0
0.486 0.103897 0.216192 1.79504 0 0
0.546 0.0954113 0.247663 1.76291 0 0
0.606 0.0880369 0.277569 1.73393 0 0
0.666 0.0815491 0.305898 1.7077 0 0
0.726 0.0757842 0.332687 1.68379 0 0
0.786 0.0706196 0.357997 1.66184 0 0
0.846 0.0659615 0.381903 1.6415 0 0
0.906 0.0617362 0.404482 1.62254 0 0
0.966 0.057885 0.425813 1.60474 0 0
1.026 0.05436 0.445973 1.58793 0 0
1.086 0.0511221 0.465036 1.572 0 0
1.146 0.0481385 0.483072 1.55683 0 0
1.206 0.0453815 0.500147 1.54234 0 0
1.266 0.0428277 0.516323 1.52846 0 0
1.326 0.0404569 0.531657 1.51514 0 0
1.386 0.0382516 0.546205 1.50234 0 0
1.446 0.0361964 0.560015 1.49001 0 0
1.506 0.0342781 0.573135 1.47813 0 0
1.566 0.0324849 0.585609 1.46667 0 0
1.626 0.0308062 0.597476 1.4556 0 0
1.686 0.0292327 0.608775 1.44491 0 0
1.746 0.0277561 0.61954 1.43457 0 0
1.806 0.0263689 0.629803 1.42457 0 0
1.866 0.0250644 0.639596 1.4149 0 0
1.926 0.0238364 0.648945 1.40554 0 0
1.986 0.0226794 0.657877 1.39649 0 0
2.046 0.0215883 0.666416 1.38772 0 0
2.106 0.0205587 0.674586 1.37923 0 0
2.166 0.0195862 0.682406 1.371 0 0
2.226 0.0186671 0.689898 1.36303 0 0
2.286 0.0177978 0.697078 1.35531 0 0
2.346 0.016975 0.703965 1.34784 0 0
2.406 0.0161959 0.710574 1.34059 0 0
2.466 0.0154577 0.71692 1.33356 0 0
2.526 0.0147578 0.723018 1.32675 0 0
2.586 0.0140938 0.72888 1.32015 0 0
2.646 0.0134637 0.734519 1.31375 0 0
2.706 0.0128654 0.739945 1.30754 0 0
2.766 0.012297 0.745171 1.30152 0 0
2.826 0.0117567 0.750206 1.29568 0 0
2.886 0.011243 0.755059 1.29001 0 0
2.946 0.0107544 0.75974 1.28451 0 0
3.006 0.0102894 0.764257 1.27917 0 0
3.066 0.00984668 0.768617 1.27399 0 0
3.126 0.00942507 0.772829 1.26896 0 0
3.186 0.0090234 0.776899 1.26408 0 0
3.246 0.00864059 0.780834 1.25933 0 0
3.306 0.00827564 0.784639 1.25473 0 0
3.366 0.00792759 0.788322 1.25025 0 0
3.426 0.00759555 0.791887 1.2459 0 0
3.486 0.0072787 0.795339 1.24168 0 0
3.546 0.00697625 0.798684 1.23757 0 0
3.606 0.00668746 0.801927 1.23358 0 0
3.666 0.00641163 0.80507 1.22969 0 0
3.726 0.00614812 0.80812 1.22592 0 0
3.786 0.00589631 0.81108 1.22224 0 0
3.846 0.00565562 0.813953 1.21867 0 0
3.906 0.00542549 0.816743 1.21519 0 0
3.966 0.00520542 0.819453 1.21181 0 0
4.026 0.00499491 0.822087 1.20851 0 0
4.086 0.0047935 0.824648 1.2053 0 0
4.146 0.00460076 0.827139 1.20218 0 0
4.206 0.00441627 0.829562 1.19914 0 0
4.266 0.00423964 0.831919 1.19617 0 0
4.326 0.0040705 0.834215 1.19329 0 0
4.386 0.00390851 0.83645 1.19047 0 0
4.446 0.00375332 0.838627 1.18773 0 0
4.506 0.00360463 0.840748 1.18506 0 0
4.566 0.00346213 0.842815 1.18245 0 0
4.626 0.00332555 0.844831 1.1799 0 0
4.686 0.00319461 0.846797 1.17742 0 0
4.746 0.00306906 0.848714 1.175 0 0
4.806 0.00294865 0.850585 1.17264 0 0
4.866 0.00283316 0.852411 1.17034 0 0
4.926 0.00272236 0.854194 1.16809 0 0
4.986 0.00261605 0.855935 1.16589 0 0
5.046 0.00251403 0.857636 1.16374 0 0
5.106 0.0024161 0.859298 1.16165 0 0
5.166 0.0023221 0.860922 1.1596 0 0
5.226 0.00223185 0.862509 1.1576 0 0
5.286 0.00214519 0.864061 1.15564 0 0
5.346 0.00206195 0.865579 1.15373 0 0
5.406 0.001982 0.867064 1.15186 0 0
5.466 0.00190519 0.868516 1.15004 0 0
5.526 0.00183139 0.869938 1.14825 0 0
5.586 0.00176046 0.87133 1.14651 0 0
5.646 0.0016923 0.872692 1.1448 0 0
5.706 0.00162677 0.874026 1.14312 0 0
5.766 0.00156377 0.875333 1.14149 0 0
5.826 0.0015032 0.876613 1.13988 0 0
5.886 0.00144494 0.877868 1.13832 0 0
5.946 0.00138891 0.879097 1.13678 0 0
6.006 0.00133501 0.880302 1.13528 0 0
6.066 0.00128315 0.881483 1.1338 0 0
6.126 0.00123324 0.882642 1.13236 0 0
6.186 0.00118521 0.883778 1.13095 0 0
6.246 0.00113898 0.884893 1.12956 0 0
6.306 0.00109448 0.885986 1.12821 0 0
6.366 0.00105162 0.88706 1.12687 0 0
6.426 0.00101035 0.888113 1.12557 0 0
6.486 0.000970601 0.889147 1.12429 0 0
6.546 0.000932309 0.890162 1.12304 0 0
6.606 0.000895414 0.891158 1.12181 0 0
6.666 0.000859859 0.892137 1.1206 0 0
6.726 0.000825591 0.893099 1.11941 0 0
6.786 0.000792555 0.894043 1.11825 0 0
6.846 0.000760703 0.894971 1.11711 0 0
6.906 0.000729985 0.895884 1.11599 0 0
6.966 0.000700356 0.89678 1.11489 0 0
7.026 0.000671771 0.897661 1.11381 0 0
7.086 0.000644187 0.898527 1.11275 0 0
7.146 0.000617565 0.899379 1.11171 0 0
7.206 0.000591864 0.900217 1.11069 0 0
7.266 0.000567047 0.901041 1.10969 0 0
7.326 0.000543078 0.901851 1.1087 0 0
7.386 0.000519922 0.902649 1.10773 0 0
7.446 0.000497546 0.903433 1.10678 0 0
7.506 0.000475918 0.904205 1.10584 0 0
7.566 0.000455007 0.904965 1.10492 0 0
7.626 0.000434784 0.905713 1.10402 0 0
7.686 0.00041522 0.906449 1.10313 0 0
7.746 0.000396288 0.907174 1.10225 0 0
7.806 0.000377962 0.907887 1.10139 0 0
7.866 0.000360216 0.90859 1.10055 0 0
7.926 0.000343026 0.909282 1.09971 0 0
7.986 0.000326369 0.909964 1.09889 0 0
8.046 0.000310222 0.910636 1.09809 0 0
8.106 0.000294563 0.911297 1.09729 0 0
8.166 0.000279371 0.911949 1.09651 0 0
8.226 0.000264627 0.912592 1.09574 0 0
8.286 0.000250311 0.913225 1.09499 0 0
8.346 0.000236403 0.913849 1.09424 0 0
8.406 0.000222887 0.914464 1.09351 0 0
8.466 0.000209744 0.915071 1.09279 0 0
8.526 0.000196958 0.915669 1.09208 0 0
8.586 0.000184512 0.916258 1.09138 0 0
8.646 0.000172391 0.91684 1.09068 0 0
8.706 0.000160579 0.917413 1.09 0 0
8.766 0.000149062 0.917979 1.08934 0 0
8.826 0.000137826 0.918536 1.08867 0 0
8.886 0.000126857 0.919087 1.08802 0 0
8.946 0.000116141 0.91963 1.08738 0 0
9.006 0.000105666 0.920166 1.08675 0 0
9.066 9.54195e-05 0.920694 1.08613 0 0
9.126 8.53889e-05 0.921216 1.08551 0 0
9.186 7.55627e-05 0.921731 1.08491 0 0
9.246 6.59295e-05 0.922239 1.08431 0 0
9.306 5.64783e-05 0.922741 1.08372 0 0
9.366 4.71982e-05 0.923236 1.08314 0 0
9.426 3.80789e-05 0.923725 1.08257 0 0
9.486 2.91101e-05 0.924207 1.08201 0 0
9.546 2.0282e-05 0.924684 1.08145 0 0
9.606 1.15849e-05 0.925155 1.0809 0 0
9.666 3.00947e-06 0.92562 1.08036 0 0
9.726 2.67722e-09 0.926079 1.07982 0 0
9.786 2.67722e-09 0.926532 1.07929 0 0
9.846 2.67722e-09 0.926979 1.07877 0 0
9.906 2.67722e-09 0.927422 1.07826 0 0
9.966 2.67722e-09 0.927859 1.07775 0 0
10.026 2.67722e-09 0.92829 1.07725 0 0
10.086 2.67722e-09 0.928717 1.07675 0 0
10.146 2.67722e-09 0.929139 1.07627 0 0
10.206 2.67722e-09 0.929555 1.07578 0 0
10.266 2.67722e-09 0.929967 1.07531 0 0
10.326 2.67722e-09 0.930374 1.07484 0 0
10.386 2.67722e-09 0.930776 1.07437 0 0
10.446 2.67722e-09 0.931174 1.07391 0 0
10.506 2.67722e-09 0.931567 1.07346 0 0
10.566 2.67722e-09 0.931955 1.07301 0 0
10.626 2.67722e-09 0.93234 1.07257 0 0
10.686 2.67722e-09 0.932719 1.07213 0 0
10.746 2.67722e-09 0.933095 1.0717 0 0
10.806 2.67722e-09 0.933467 1.07128 0 0
10.866 2.67722e-09 0.933834 1.07085 0 0
10.926 2.67722e-09 0.934197 1.07044 0 0
10.986 2.67722e-09 0.934557 1.07003 0 0
11.046 2.67722e-09 0.934912 1.06962 0 0
11.106 2.67722e-09 0.935264 1.06922 0 0
11.166 2.67722e-09 0.935612 1.06882 0 0
11.226 2.67722e-09 0.935956 1.06843 0 0
11.286 2.67722e-09 0.936296 1.06804 0 0
11.346 2.67722e-09 0.936633 1.06765 0 0
11.406 2.67722e-09 0.936967 1.06727 0 0
11.466 2.67722e-09 0.937296 1.0669 0 0
11.526 2.67722e-09 0.937623 1.06653 0 0
11.586 2.67722e-09 0.937946 1.06616 0 0
11.646 2.67722e-09 0.938266 1.0658 0 0
11.706 2.67722e-09 0.938582 1.06544 0 0
11.766 2.67722e-09 0.938895 1.06508 0 0
11.826 2.67722e-09 0.939205 1.06473 0 0
11.886 2.67722e-09 0.939512 1.06438 0 0
11.946 2.67722e-09 0.939816 1.06404 0 0
12.006 2.67722e-09 0.940117 1.0637 0 0
12.066 2.67722e-09 0.940414 1.06336 0 0
12.126 2.67722e-09 0.940709 1.06303 0 0
12.186 2.67722e-09 0.941001 1.0627 0 0
12.246 2.67722e-09 0.94129 1.06237 0 0
12.306 2.67722e-09 0.941576 1.06205 0 0
12.366 2.67722e-09 0.94186 1.06173 0 0
12.426 2.67722e-09 0.942141 1.06141 0 0
12.486 2.67722e-09 0.942419 1.0611 0 0
12.546 2.67722e-09 0.942694 1.06079 0 0
12.606 2.67722e-09 0.942967 1.06048 0 0
12.666 2.67722e-09 0.943237 1.06018 0 0
12.726 2.67722e-09 0.943505 1.05988 0 0
12.786 2.67722e-09 0.94377 1.05958 0 0
12.846 2.67722e-09 0.944032 1.05929 0 0
12.906 2.67722e-09 0.944293 1.05899 0 0
12.966 2.67722e-09 0.94455 1.0587 0 0
13.026 2.67722e-09 0.944806 1.05842 0 0
13.086 2.67722e-09 0.945059 1.05814 0 0
13.146 2.67722e-09 0.94531 1.05785 0 0
13.206 2.67722e-09 0.945558 1.05758 0 0
13.266 2.67722e-09 0.945804 1.0573 0 0
13.326 2.67722e-09 0.946048 1.05703 0 0
13.386 2.67722e-09 0.94629 1.05676 0 0
13.446 2.67722e-09 0.94653 1.05649 0 0
13.506 2.67722e-09 0.946767 1.05623 0 0
13.566 2.67722e-09 0.947003 1.05596 0 0
13.626 2.67722e-09 0.947236 1.0557 0 0
13.686 2.67722e-09 0.947467 1.05545 0 0
13.746 2.67722e-09 0.947697 1.05519 0 0
13.806 2.67722e-09 0.947924 1.05494 0 0
13.866 2.67722e-09 0.948149 1.05469 0 0
13.926 2.67722e-09 0.948373 1.05444 0 0
13.986 2.67722e-09 0.948594 1.05419 0 0
14.046 2.67722e-09 0.948814 1.05395 0 0
14.106 2.67722e-09 0.949032 1.05371 0 0
14.166 2.67722e-09 0.949248 1.05347 0 0
14.226 2.67722e-09 0.949462 1.05323 0 0
14.286 2.67722e-09 0.949674 1.05299 0 0
14.346 2.67722e-09 0.949884 1.05276 0 0
14.406 2.67722e-09 0.950093 1.05253 0 0
14.466 2.67722e-09 0.9503 1.0523 0 0
14.526 2.67722e-09 0.950505 1.05207 0 0
14.586 2.67722e-09 0.950709 1.05185 0 0
14.646 2.67722e-09 0.950911 1.05162 0 0
14.706 2.67722e-09 0.951111 1.0514 0 0
14.766 2.67722e-09 0.95131 1.05118 0 0
14.826 2.67722e-09 0.951507 1.05096 0 0
14.886 2.67722e-09 0.951702 1.05075 0 0
14.946 2.67722e-09 0.951896 1.05053 0 0
15.006 2.67722e-09 0.952089 1.05032 0 0
15.066 2.67722e-09 0.952279 1.05011 0 0
15.126 2.67722e-09 0.952469 1.0499 0 0
15.186 2.67722e-09 0.952656 1.0497 0 0
15.246 2.67722e-09 0.952843 1.04949 0 0
15.306 2.67722e-09 0.953028 1.04929 0 0
15.366 2.67722e-09 0.953211 1.04909 0 0
15.426 2.67722e-09 0.953393 1.04889 0 0
15.486 2.67722e-09 0.953574 1.04869 0 0
15.546 2.67722e-09 0.953753 1.04849 0 0
15.606 2.67722e-09 0.953931 1.04829 0 0
15.666 2.67722e-09 0.954107 1.0481 0 0
15.726 2.67722e-09 0.954282 1.04791 0 0
15.786 2.67722e-09 0.954456 1.04772 0 0
15.846 2.67722e-09 0.954628 1.04753 0 0
15.906 2.67722e-09 0.954799 1.04734 0 0
15.966 2.67722e-09 0.954969 1.04715 0 0
16.026 2.67722e-09 0.955138 1.04697 0 0
16.086 2.67722e-09 0.955305 1.04679 0 0
16.146 2.67722e-09 0.955471 1.0466 0 0
16.206 2.67722e-09 0.955636 1.04642 0 0
16.266 2.67722e-09 0.9558 1.04624 0 0
16.326 2.67722e-09 0.955962 1.04607 0 0
16.386 2.67722e-09 0.956124 1.04589 0 0
16.446 2.67722e-09 0.956284 1.04571 0 0
16.506 2.67722e-09 0.956443 1.04554 0 0
16.566 2.67722e-09 0.9566 1.04537 0 0
16.626 2.67722e-09 0.956757 1.0452 0 0
16.686 2.67722e-09 0.956912 1.04503 0 0
16.746 2.67722e-09 0.957067 1.04486 0 0
16.806 2.67722e-09 0.95722 1.04469 0 0
16.866 2.67722e-09 0.957372 1.04453 0 0
16.926 2.67722e-09 0.957523 1.04436 0 0
16.986 2.67722e-09 0.957673 1.0442 0 0
17.046 2.67722e-09 0.957822 1.04403 0 0
17.106 2.67722e-09 0.95797 1.04387 0 0
17.166 2.67722e-09 0.958117 1.04371 0 0
17.226 2.67722e-09 0.958263 1.04355 0 0
17.286 2.67722e-09 0.958408 1.0434 0 0
17.346 2.67722e-09 0.958552 1.04324 0 0
17.406 2.67722e-09 0.958695 1.04308 0 0
17.466 2.67722e-09 0.958837 1.04293 0 0
17.526 2.67722e-09 0.958978 1.04278 0 0
17.586 2.67722e-09 0.959117 1.04263 0 0
17.646 2.67722e-09 0.959256 1.04247 0 0
17.706 2.67722e-09 0.959395 1.04232 0 0
17.766 2.67722e-09 0.959532 1.04218 0 0
17.826 2.67722e-09 0.959668 1.04203 0 0
17.886 2.67722e-09 0.959803 1.04188 0 0
17.946 2.67722e-09 0.959938 1.04173 0 0
18.006 2.67722e-09 0.960071 1.04159 0 0
18.066 2.67722e-09 0.960204 1.04145 0 0
18.126 2.67722e-09 0.960335 1.0413 0 0
18.186 2.67722e-09 0.960466 1.04116 0 0
18.246 2.67722e-09 0.960596 1.04102 0 0
18.306 2.67722e-09 0.960725 1.04088 0 0
18.366 2.67722e-09 0.960854 1.04074 0 0
18.426 2.67722e-09 0.960981 1.0406 0 0
18.486 2.67722e-09 0.961108 1.04047 0 0
18.546 2.67722e-09 0.961234 1.04033 0 0
18.606 2.67722e-09 0.961359 1.04019 0 0
18.666 2.67722e-09 0.961483 1.04006 0 0
18.726 2.67722e-09 0.961606 1.03993 0 0
18.786 2.67722e-09 0.961729 1.03979 0 0
18.846 2.67722e-09 0.961851 1.03966 0 0
18.906 2.67722e-09 0.961972 1.03953 0 0
18.966 2.67722e-09 0.962092 1.0394 0 0
19.026 2.67722e-09 0.962212 1.03927 0 0
19.086 2.67722e-09 0.962331 1.03914 0 0
19.146 2.67722e-09 0.962449 1.03902 0 0
19.206 2.67722e-09 0.962566 1.03889 0 0
19.266 2.67722e-09 0.962682 1.03876 0 0
19.326 2.67722e-09 0.962798 1.03864 0 0
19.386 2.67722e-09 0.962913 1.03851 0 0
19.446 2.67722e-09 0.963028 1.03839 0 0
19.506 2.67722e-09 0.963142 1.03827 0 0
19.566 2.67722e-09 0.963255 1.03815 0 0
19.626 2.67722e-09 0.963367 1.03803 0 0
19.686 2.67722e-09 0.963479 1.03791 0 0
19.746 2.67722e-09 0.96359 1.03779 0 0
19.806 2.67722e-09 0.9637 1.03767 0 0
19.866 2.67722e-09 0.96381 1.03755 0 0
19.926 2.67722e-09 0.963919 1.03743 0 0
19.986 2.67722e-09 0.964027 1.03732 0 0
20.046 2.67722e-09 0.964134 1.0372 0 0
20.106 2.67722e-09 0.964242 1.03708 0 0
20.166 2.67722e-09 0.964348 1.03697 0 0
20.226 2.67722e-09 0.964454 1.03686 0 0
20.286 2.67722e-09 0.964559 1.03674 0 0
20.346 2.67722e-09 0.964663 1.03663 0 0
20.406 2.67722e-09 0.964767 1.03652 0 0
20.466 2.67722e-09 0.964871 1.03641 0 0
20.526 2.67722e-09 0.964973 1.0363 0 0
20.586 2.67722e-09 0.965075 1.03619 0 0
20.646 2.67722e-09 0.965177 1.03608 0 0
20.706 2.67722e-09 0.965278 1.03597 0 0
20.766 2.67722e-09 0.965378 1.03586 0 0
20.826 2.67722e-09 0.965478 1.03576 0 0
20.886 2.67722e-09 0.965577 1.03565 0 0
20.946 2.67722e-09 0.965676 1.03554 0 0
21.006 2.67722e-09 0.965774 1.03544 0 0
21.066 2.67722e-09 0.965871 1.03533 0 0
21.126 2.67722e-09 0.965968 1.03523 0 0
21.186 2.67722e-09 0.966064 1.03513 0 0
21.246 2.67722e-09 0.96616 1.03503 0 0
21.306 2.67722e-09 0.966256 1.03492 0 0
21.366 2.67722e-09 0.96635 1.03482 0 0
21.426 2.67722e-09 0.966445 1.03472 0 0
21.486 2.67722e-09 0.966538 1.03462 0 0
21.546 2.67722e-09 0.966631 1.03452 0 0
21.606 2.67722e-09 0.966724 1.03442 0 0
21.666 2.67722e-09 0.966816 1.03432 0 0
21.726 2.67722e-09 0.966908 1.03422 0 0
21.786 2.67722e-09 0.966999 1.03413 0 0
21.846 2.67722e-09 0.96709 1.03403 0 0
21.906 2.67722e-09 0.96718 1.03393 0 0
21.966 2.67722e-09 0.967269 1.03384 0 0
22.026 2.67722e-09 0.967359 1.03374 0 0
22.086 2.67722e-09 0.967447 1.03365 0 0
22.146 2.67722e-09 0.967535 1.03355 0 0
22.206 2.67722e-09 0.967623 1.03346 0 0
22.266 2.67722e-09 0.96771 1.03337 0 0
22.326 2.67722e-09 0.967797 1.03327 0 0
22.386 2.67722e-09 0.967884 1.03318 0 0
22.446 2.67722e-09 0.967969 1.03309 0 0
22.506 2.67722e-09 0.968055 1.033 0 0
22.566 2.67722e-09 0.96814 1.03291 0 0
22.626 2.67722e-09 0.968224 1.03282 0 0
22.686 2.67722e-09 0.968308 1.03273 0 0
22.746 2.67722e-09 0.968392 1.03264 0 0
22.806 2.67722e-09 0.968475 1.03255 0 0
22.866 2.67722e-09 0.968558 1.03246 0 0
22.926 2.67722e-09 0.96864 1.03238 0 0
22.986 2.67722e-09 0.968722 1.03229 0 0
23.046 2.67722e-09 0.968803 1.0322 0 0
23.106 2.67722e-09 0.968884 1.03212 0 0
23.166 2.67722e-09 0.968965 1.03203 0 0
23.226 2.67722e-09 0.969045 1.03194 0 0
23.286 2.67722e-09 0.969125 1.03186 0 0
23.346 2.67722e-09 0.969204 1.03177 0 0
23.406 2.67722e-09 0.969283 1.03169 0 0
23.466 2.67722e-09 0.969362 1.03161 0 0
23.526 2.67722e-09 0.96944 1.03152 0 0
23.586 2.67722e-09 0.969518 1.03144 0 0
23.646 2.67722e-09 0.969595 1.03136 0 0
23.706 2.67722e-09 0.969672 1.03128 0 0
23.766 2.67722e-09 0.969748 1.0312 0 0
23.826 2.67722e-09 0.969825 1.03111 0 0
23.886 2.67722e-09 0.9699 1.03103 0 0
23.946 2.67722e-09 0.969976 1.03095 0 0
24.006 2.67722e-09 0.970051 1.03087 0 0
24.066 2.67722e-09 0.970125 1.03079 0 0
24.126 2.67722e-09 0.9702 1.03072 0 0
24.186 2.67722e-09 0.970274 1.03064 0 0
24.246 2.67722e-09 0.970347 1.03056 0 0
24.306 2.67722e-09 0.97042 1.03048 0 0
24.366 2.67722e-09 0.970493 1.0304 0 0
24.426 2.67722e-09 0.970566 1.03033 0 0
24.486 2.67722e-09 0.970638 1.03025 0 0
24.546 2.67722e-09 0.97071 1.03017 0 0
24.606 2.67722e-09 0.970781 1.0301 0 0
24.666 2.67722e-09 0.970852 1.03002 0 0
24.726 2.67722e-09 0.970923 1.02995 0 0
24.786 2.67722e-09 0.970993 1.02987 0 0
24.846 2.67722e-09 0.971063 1.0298 0 0
24.906 2.67722e-09 0.971133 1.02973 0 0
24.966 2.67722e-09 0.971202 1.02965 0 0
25.026 2.67722e-09 0.971271 1.02958 0 0
25.086 2.67722e-09 0.97134 1.02951 0 0
25.146 2.67722e-09 0.971409 1.02943 0 0
25.206 2.67722e-09 0.971477 1.02936 0 0
25.266 2.67722e-09 0.971544 1.02929 0 0
25.326 2.67722e-09 0.971612 1.02922 0 0
25.386 2.67722e-09 0.971679 1.02915 0 0
25.446 2.67722e-09 0.971746 1.02908 0 0
25.506 2.67722e-09 0.971812 1.02901 0 0
25.566 2.67722e-09 0.971878 1.02894 0 0
25.626 2.67722e-09 0.971944 1.02887 0 0
25.686 2.67722e-09 0.97201 1.0288 0 0
25.746 2.67722e-09 0.972075 1.02873 0 0
25.806 2.67722e-09 0.97214 1.02866 0 0
25.866 2.67722e-09 0.972204 1.02859 0 0
25.926 2.67722e-09 0.972269 1.02852 0 0
25.986 2.67722e-09 0.972333 1.02845 0 0
26.046 2.67722e-09 0.972397 1.02839 0 0
26.106 2.67722e-09 0.97246 1.02832 0 0
26.166 2.67722e-09 0.972523 1.02825 0 0
26.226 2.67722e-09 0.972586 1.02819 0 0
26.286 2.67722e-09 0.972649 1.02812 0 0
26.346 2.67722e-09 0.972711 1.02805 0 0
26.406 2.67722e-09 0.972773 1.02799 0 0
26.466 2.67722e-09 0.972835 1.02792 0 0
26.526 2.67722e-09 0.972896 1.02786 0 0
26.586 2.67722e-09 0.972957 1.02779 0 0
26.646 2.67722e-09 0.973018 1.02773 0 0
26.706 2.67722e-09 0.973079 1.02767 0 0
26.766 2.67722e-09 0.973139 1.0276 0 0
26.826 2.67722e-09 0.973199 1.02754 0 0
26.886 2.67722e-09 0.973259 1.02748 0 0
26.946 2.67722e-09 0.973318 1.02741 0 0
27.006 2.67722e-09 0.973378 1.02735 0 0
27.066 2.67722e-09 0.973437 1.02729 0 0
27.126 2.67722e-09 0.973496 1.02723 0 0
27.186 2.67722e-09 0.973554 1.02716 0 0
27.246 2.67722e-09 0.973612 1.0271 0 0
27.306 2.67722e-09 0.97367 1.02704 0 0
27.366 2.67722e-09 0.973728 1.02698 0 0
27.426 2.67722e-09 0.973785 1.02692 0 0
27.486 2.67722e-09 0.973843 1.02686 0 0
27.546 2.67722e-09 0.9739 1.0268 0 0
27.606 2.67722e-09 0.973956 1.02674 0 0
27.666 2.67722e-09 0.974013 1.02668 0 0
27.726 2.67722e-09 0.974069 1.02662 0 0
27.786 2.67722e-09 0.974125 1.02656 0 0
27.846 2.67722e-09 0.974181 1.0265 0 0
27.906 2.67722e-09 0.974236 1.02644 0 0
27.966 2.67722e-09 0.974292 1.02639 0 0
28.026 2.67722e-09 0.974347 1.02633 0 0
28.086 2.67722e-09 0.974401 1.02627 0 0
28.146 2.67722e-09 0.974456 1.02621 0 0
28.206 2.67722e-09 0.97451 1.02616 0 0
28.266 2.67722e-09 0.974564 1.0261 0 0
28.326 2.67722e-09 0.974618 1.02604 0 0
28.386 2.67722e-09 0.974672 1.02599 0 0
28.446 2.67722e-09 0.974725 1.02593 0 0
28.506 2.67722e-09 0.974779 1.02587 0 0
28.566 2.67722e-09 0.974832 1.02582 0 0
28.626 2.67722e-09 0.974884 1.02576 0 0
28.686 2.67722e-09 0.974937 1.02571 0 0
28.746 2.67722e-09 0.974989 1.02565 0 0
28.806 2.67722e-09 0.975041 1.0256 0 0
28.866 2.67722e-09 0.975093 1.02554 0 0
28.926 2.67722e-09 0.975145 1.02549 0 0
28.986 2.67722e-09 0.975196 1.02543 0 0
29.046 2.67722e-09 0.975248 1.02538 0 0
29.106 2.67722e-09 0.975299 1.02533 0 0
29.166 2.67722e-09 0.975349 1.02527 0 0
29.226 2.67722e-09 0.9754 1.02522 0 0
29.286 2.67722e-09 0.97545 1.02517 0 0
29.346 2.67722e-09 0.975501 1.02511 0 0
29.406 2.67722e-09 0.975551 1.02506 0 0
29.466 2.67722e-09 0.9756 1.02501 0 0
29.526 2.67722e-09 0.97565 1.02496 0 0
29.586 2.67722e-09 0.975699 1.02491 0 0
29.646 2.67722e-09 0.975749 1.02485 0 0
29.706 2.67722e-09 0.975797 1.0248 0 0
29.766 2.67722e-09 0.975846 1.02475 0 0
29.826 2.67722e-09 0.975895 1.0247 0 0
29.886 2.67722e-09 0.975943 1.02465 0 0
29.946 2.67722e-09 0.975991 1.0246 0 0
30.006 2.67722e-09 0.976039 1.02455 0 0
30.066 2.67722e-09 0.976087 1.0245 0 0
30.126 2.67722e-09 0.976135 1.02445 0 0
30.186 2.67722e-09 0.976182 1.0244 0 0
30.246 2.67722e-09 0.97623 1.02435 0 0
30.306 2.67722e-09 0.976277 1.0243 0 0
30.366 2.67722e-09 0.976324 1.02425 0 0
30.426 2.67722e-09 0.97637 1.0242 0 0
30.486 2.67722e-09 0.976417 1.02415 0 0
30.546 2.67722e-09 0.976463 1.0241 0 0
30.606 2.67722e-09 0.976509 1.02406 0 0
30.666 2.67722e-09 0.976555 1.02401 0 0
30.726 2.67722e-09 0.976601 1.02396 0 0
30.786 2.67722e-09 0.976647 1.02391 0 0
30.846 2.67722e-09 0.976692 1.02386 0 0
30.906 2.67722e-09 0.976737 1.02382 0 0
30.966 2.67722e-09 0.976782 1.02377 0 0
31.026 2.67722e-09 0.976827 1.02372 0 0
31.086 2.67722e-09 0.976872 1.02368 0 0
31.146 2.67722e-09 0.976916 1.02363 0 0
31.206 2.67722e-09 0.976961 1.02358 0 0
31.266 2.67722e-09 0.977005 1.02354 0 0
31.326 2.67722e-09 0.977049 1.02349 0 0
31.386 2.67722e-09 0.977093 1.02344 0 0
31.446 2.67722e-09 0.977137 1.0234 0 0
31.506 2.67722e-09 0.97718 1.02335 0 0
31.566 2.67722e-09 0.977224 1.02331 0 0
31.626 2.67722e-09 0.977267 1.02326 0 0
31.686 2.67722e-09 0.97731 1.02322 0 0
31.746 2.67722e-09 0.977353 1.02317 0 0
31.806 2.67722e-09 0.977395 1.02313 0 0
31.866 2.67722e-09 0.977438 1.02308 0 0
31.926 2.67722e-09 0.97748 1.02304 0 0
31.986 2.67722e-09 0.977523 1.02299 0 0
32.046 2.67722e-09 0.977565 1.02295 0 0
32.106 2.67722e-09 0.977607 1.02291 0 0
32.166 2.67722e-09 0.977648 1.02286 0 0
32.226 2.67722e-09 0.97769 1.02282 0 0
32.286 2.67722e-09 0.977732 1.02278 0 0
32.346 2.67722e-09 0.977773 1.02273 0 0
32.406 2.67722e-09 0.977814 1.02269 0 0
32.466 2.67722e-09 0.977855 1.02265 0 0
32.526 2.67722e-09 0.977896 1.0226 0 0
32.586 2.67722e-09 0.977937 1.02256 0 0
32.646 2.67722e-09 0.977977 1.02252 0 0
32.706 2.67722e-09 0.978017 1.02248 0 0
32.766 2.67722e-09 0.978058 1.02243 0 0
32.826 2.67722e-09 0.978098 1.02239 0 0
32.886 2.67722e-09 0.978138 1.02235 0 0
32.946 2.67722e-09 0.978178 1.02231 0 0
33.006 2.67722e-09 0.978217 1.02227 0 0
33.066 2.67722e-09 0.978257 1.02223 0 0
33.126 2.67722e-09 0.978296 1.02219 0 0
33.186 2.67722e-09 0.978335 1.02214 0 0
33.246 2.67722e-09 0.978375 1.0221 0 0
33.306 2.67722e-09 0.978414 1.02206 0 0
33.366 2.67722e-09 0.978452 1.02202 0 0
33.426 2.67722e-09 0.978491 1.02198 0 0
33.486 2.67722e-09 0.97853 1.02194 0 0
33.546 2.67722e-09 0.978568 1.0219 0 0
33.606 2.67722e-09 0.978606 1.02186 0 0
33.666 2.67722e-09 0.978644 1.02182 0 0
33.726 2.67722e-09 0.978682 1.02178 0 0
33.786 2.67722e-09 0.97872 1.02174 0 0
33.846 2.67722e-09 0.978758 1.0217 0 0
33.906 2.67722e-09 0.978795 1.02166 0 0
33.966 2.67722e-09 0.978833 1.02162 0 0
34.026 2.67722e-09 0.97887 1.02159 0 0
34.086 2.67722e-09 0.978907 1.02155 0 0
34.146 2.67722e-09 0.978945 1.02151 0 0
34.206 2.67722e-09 0.978981 1.02147 0 0
34.266 2.67722e-09 0.979018 1.02143 0 0
34.326 2.67722e-09 0.979055 1.02139 0 0
34.386 2.67722e-09 0.979091 1.02136 0 0
34.446 2.67722e-09 0.979128 1.02132 0 0
34.506 2.67722e-09 0.979164 1.02128 0 0
34.566 2.67722e-09 0.9792 1.02124 0 0
34.626 2.67722e-09 0.979236 1.0212 0 0
34.686 2.67722e-09 0.979272 1.02117 0 0
34.746 2.67722e-09 0.979308 1.02113 0 0
34.806 2.67722e-09 0.979344 1.02109 0 0
34.866 2.67722e-09 0.979379 1.02105 0 0
34.926 2.67722e-09 0.979415 1.02102 0 0
34.986 2.67722e-09 0.97945 1.02098 0 0
35.046 2.67722e-09 0.979485 1.02094 0 0
35.106 2.67722e-09 0.97952 1.02091 0 0
35.166 2.67722e-09 0.979555 1.02087 0 0
35.226 2.67722e-09 0.97959 1.02084 0 0
35.286 2.67722e-09 0.979625 1.0208 0 0
35.346 2.67722e-09 0.979659 1.02076 0 0
35.406 2.67722e-09 0.979694 1.02073 0 0
35.466 2.67722e-09 0.979728 1.02069 0 0
35.526 2.67722e-09 0.979762 1.02066 0 0
35.586 2.67722e-09 0.979797 1.02062 0 0
35.646 2.67722e-09 0.979831 1.02058 0 0
35.706 2.67722e-09 0.979864 1.02055 0 0
35.766 2.67722e-09 0.979898 1.02051 0 0
35.826 2.67722e-09 0.979932 1.02048 0 0
35.886 2.67722e-09 0.979965 1.02044 0 0
35.946 2.67722e-09 0.979999 1.02041 0 0
36.006 2.67722e-09 0.980032 1.02037 0 0
36.066 2.67722e-09 0.980065 1.02034 0 0
36.126 2.67722e-09 0.980099 1.02031 0 0
36.186 2.67722e-09 0.980132 1.02027 0 0
36.246 2.67722e-09 0.980164 1.02024 0 0
36.306 2.67722e-09 0.980197 1.0202 0 0
36.366 2.67722e-09 0.98023 1.02017 0 0
36.426 2.67722e-09 0.980262 1.02013 0 0
36.486 2.67722e-09 0.980295 1.0201 0 0
36.546 2.67722e-09 0.980327 1.02007 0 0
36.606 2.67722e-09 0.98036 1.02003 0 0
36.666 2.67722e-09 0.980392 1.02 0 0
36.726 2.67722e-09 0.980424 1.01997 0 0
36.786 2.67722e-09 0.980456 1.01993 0 0
36.846 2.67722e-09 0.980487 1.0199 0 0
36.906 2.67722e-09 0.980519 1.01987 0 0
36.966 2.67722e-09 0.980551 1.01983 0 0
37.026 2.67722e-09 0.980582 1.0198 0 0
37.086 2.67722e-09 0.980614 1.01977 0 0
37.146 2.67722e-09 0.980645 1.01974 0 0
37.206 2.67722e-09 0.980676 1.0197 0 0
37.266 2.67722e-09 0.980707 1.01967 0 0
37.326 2.67722e-09 0.980738 1.01964 0 0
37.386 2.67722e-09 0.980769 1.01961 0 0
37.446 2.67722e-09 0.9808 1.01958 0 0
37.506 2.67722e-09 0.980831 1.01954 0 0
37.566 2.67722e-09 0.980861 1.01951 0 0
37.626 2.67722e-09 0.980892 1.01948 0 0
37.686 2.67722e-09 0.980922 1.01945 0 0
37.746 2.67722e-09 0.980953 1.01942 0 0
37.806 2.67722e-09 0.980983 1.01939 0 0
37.866 2.67722e-09 0.981013 1.01935 0 0
37.926 2.67722e-09 0.981043 1.01932 0 0
37.986 2.67722e-09 0.981073 1.01929 0 0
38.046 2.67722e-09 0.981103 1.01926 0 0
38.106 2.67722e-09 0.981133 1.01923 0 0
38.166 2.67722e-09 0.981162 1.0192 0 0
38.226 2.67722e-09 0.981192 1.01917 0 0
38.286 2.67722e-09 0.981221 1.01914 0 0
38.346 2.67722e-09 0.981251 1.01911 0 0
38.406 2.67722e-09 0.98128 1.01908 0 0
38.466 2.67722e-09 0.981309 1.01905 0 0
38.526 2.67722e-09 0.981338 1.01902 0 0
38.586 2.67722e-09 0.981367 1.01899 0 0
38.646 2.67722e-09 0.981396 1.01896 0 0
38.706 2.67722e-09 0.981425 1.01893 0 0
38.766 2.67722e-09 0.981454 1.0189 0 0
38.826 2.67722e-09 0.981483 1.01887 0 0
38.886 2.67722e-09 0.981511 1.01884 0 0
38.946 2.67722e-09 0.98154 1.01881 0 0
39.006 2.67722e-09 0.981568 1.01878 0 0
39.066 2.67722e-09 0.981596 1.01875 0 0
39.126 2.67722e-09 0.981624 1.01872 0 0
39.186 2.67722e-09 0.981653 1.01869 0 0
39.246 2.67722e-09 0.981681 1.01866 0 0
39.306 2.67722e-09 0.981709 1.01863 0 0
39.366 2.67722e-09 0.981737 1.0186 0 0
39.426 2.67722e-09 0.981764 1.01857 0 0
39.486 2.67722e-09 0.981792 1.01855 0 0
39.546 2.67722e-09 0.98182 1.01852 0 0
39.606 2.67722e-09 0.981847 1.01849 0 0
39.666 2.67722e-09 0.981875 1.01846 0 0
39.726 2.67722e-09 0.981902 1.01843 0 0
39.786 2.67722e-09 0.981929 1.0184 0 0
39.846 2.67722e-09 0.981957 1.01838 0 0
39.906 2.67722e-09 0.981984 1.01835 0 0
39.966 2.67722e-09 0.982011 1.01832 0 0
40.026 2.67722e-09 0.982038 1.01829 0 0
40.086 2.67722e-09 0.982065 1.01826 0 0
40.146 2.67722e-09 0.982091 1.01824 0 0
40.206 2.67722e-09 0.982118 1.01821 0 0
40.266 2.67722e-09 0.982145 1.01818 0 0
40.326 2.67722e-09 0.982171 1.01815 0 0
40.386 2.67722e-09 0.982198 1.01812 0 0
40.446 2.67722e-09 0.982224 1.0181 0 0
40.506 2.67722e-09 0.982251 1.01807 0 0
40.566 2.67722e-09 0.982277 1.01804 0 0
40.626 2.67722e-09 0.982303 1.01802 0 0
40.686 2.67722e-09 0.982329 1.01799 0 0
40.746 2.67722e-09 0.982355 1.01796 0 0
40.806 2.67722e-09 0.982381 1.01793 0 0
40.866 2.67722e-09 0.982407 1.01791 0 0
40.926 2.67722e-09 0.982433 1.01788 0 0
40.986 2.67722e-09 0.982458 1.01785 0 0
41.046 2.67722e-09 0.982484 1.01783 0 0
41.106 2.67722e-09 0.98251 1.0178 0 0
41.166 2.67722e-09 0.982535 1.01778 0 0
41.226 2.67722e-09 0.982561 1.01775 0 0
41.286 2.67722e-09 0.982586 1.01772 0 0
41.346 2.67722e-09 0.982611 1.0177 0 0
41.406 2.67722e-09 0.982636 1.01767 0 0
41.466 2.67722e-09 0.982661 1.01764 0 0
41.526 2.67722e-09 0.982687 1.01762 0 0
41.586 2.67722e-09 0.982711 1.01759 0 0
41.646 2.67722e-09 0.982736 1.01757 0 0
41.706 2.67722e-09 0.982761 1.01754 0 0
41.766 2.67722e-09 0.982786 1.01752 0 0
41.826 2.67722e-09 0.982811 1.01749 0 0
41.886 2.67722e-09 0.982835 1.01746 0 0
41.946 2.67722e-09 0.98286 1.01744 0 0
42.006 2.67722e-09 0.982884 1.01741 0 0
42.066 2.67722e-09 0.982909 1.01739 0 0
42.126 2.67722e-09 0.982933 1.01736 0 0
42.186 2.67722e-09 0.982957 1.01734 0 0
42.246 2.67722e-09 0.982982 1.01731 0 0
42.306 2.67722e-09 0.983006 1.01729 0 0
42.366 2.67722e-09 0.98303 1.01726 0 0
42.426 2.67722e-09 0.983054 1.01724 0 0
42.486 2.67722e-09 0.983078 1.01721 0 0
42.546 2.67722e-09 0.983102 1.01719 0 0
42.606 2.67722e-09 0.983125 1.01716 0 0
42.666 2.67722e-09 0.983149 1.01714 0 0
42.726 2.67722e-09 0.983173 1.01712 0 0
42.786 2.67722e-09 0.983196 1.01709 0 0
42.846 2.67722e-09 0.98322 1.01707 0 0
42.906 2.67722e-09 0.983243 1.01704 0 0
42.966 2.67722e-09 0.983267 1.01702 0 0
43.026 2.67722e-09 0.98329 1.01699 0 0
43.086 2.67722e-09 0.983313 1.01697 0 0
43.146 2.67722e-09 0.983337 1.01695 0 0
43.206 2.67722e-09 0.98336 1.01692 0 0
43.266 2.67722e-09 0.983383 1.0169 0 0
43.326 2.67722e-09 0.983406 1.01687 0 0
43.386 2.67722e-09 0.983429 1.01685 0 0
43.446 2.67722e-09 0.983452 1.01683 0 0
43.506 2.67722e-09 0.983474 1.0168 0 0
43.566 2.67722e-09 0.983497 1.01678 0 0
43.626 2.67722e-09 0.98352 1.01676 0 0
43.686 2.67722e-09 0.983543 1.01673 0 0
43.746 2.67722e-09 0.983565 1.01671 0 0
43.806 2.67722e-09 0.983588 1.01669 0 0
43.866 2.67722e-09 0.98361 1.01666 0 0
43.926 2.67722e-09 0.983632 1.01664 0 0
43.986 2.67722e-09 0.983655 1.01662 0 0
44.046 2.67722e-09 0.983677 1.01659 0 0
44.106 2.67722e-09 0.983699 1.01657 0 0
44.166 2.67722e-09 0.983721 1.01655 0 0
44.226 2.67722e-09 0.983744 1.01653 0 0
44.286 2.67722e-09 0.983766 1.0165 0 0
44.346 2.67722e-09 0.983787 1.01648 0 0
44.406 2.67722e-09 0.983809 1.01646 0 0
44.466 2.67722e-09 0.983831 1.01643 0 0
44.526 2.67722e-09 0.983853 1.01641 0 0
44.586 2.67722e-09 0.983875 1.01639 0 0
44.646 2.67722e-09 0.983896 1.01637 0 0
44.706 2.67722e-09 0.983918 1.01634 0 0
44.766 2.67722e-09 0.98394 1.01632 0 0
44.826 2.67722e-09 0.983961 1.0163 0 0
44.886 2.67722e-09 0.983983 1.01628 0 0
44.946 2.67722e-09 0.984004 1.01626 0 0
45.006 2.67722e-09 0.984025 1.01623 0 0
45.066 2.67722e-09 0.984047 1.01621 0 0
45.126 2.67722e-09 0.984068 1.01619 0 0
45.186 2.67722e-09 0.984089 1.01617 0 0
45.246 2.67722e-09 0.98411 1.01615 0 0
45.306 2.67722e-09 0.984131 1.01612 0 0
45.366 2.67722e-09 0.984152 1.0161 0 0
45.426 2.67722e-09 0.984173 1.01608 0 0
45.486 2.67722e-09 0.984194 1.01606 0 0
45.546 2.67722e-09 0.984215 1.01604 0 0
45.606 2.67722e-09 0.984235 1.01602 0 0
45.666 2.67722e-09 0.984256 1.016 0 0
45.726 2.67722e-09 0.984277 1.01597 0 0
45.786 2.67722e-09 0.984297 1.01595 0 0
45.846 2.67722e-09 0.984318 1.01593 0 0
45.906 2.67722e-09 0.984338 1.01591 0 0
45.966 2.67722e-09 0.984359 1.01589 0 0
46.026 2.67722e-09 0.984379 1.01587 0 0
46.086 2.67722e-09 0.9844 1.01585 0 0
46.146 2.67722e-09 0.98442 1.01583 0 0
46.206 2.67722e-09 0.98444 1.01581 0 0
46.266 2.67722e-09 0.98446 1.01578 0 0
46.326 2.67722e-09 0.98448 1.01576 0 0
46.386 2.67722e-09 0.9845 1.01574 0 0
46.446 2.67722e-09 0.984521 1.01572 0 0
46.506 2.67722e-09 0.98454 1.0157 0 0
46.566 2.67722e-09 0.98456 1.01568 0 0
46.626 2.67722e-09 0.98458 1.01566 0 0
46.686 2.67722e-09 0.9846 1.01564 0 0
46.746 2.67722e-09 0.98462 1.01562 0 0
46.806 2.67722e-09 0.98464 1.0156 0 0
46.866 2.67722e-09 0.984659 1.01558 0 0
46.926 2.67722e-09 0.984679 1.01556 0 0
46.986 2.67722e-09 0.984698 1.01554 0 0
47.046 2.67722e-09 0.984718 1.01552 0 0
47.106 2.67722e-09 0.984737 1.0155 0 0
47.166 2.67722e-09 0.984757 1.01548 0 0
47.226 2.67722e-09 0.984776 1.01546 0 0
47.286 2.67722e-09 0.984796 1.01544 0 0
47.346 2.67722e-09 0.984815 1.01542 0 0
47.406 2.67722e-09 0.984834 1.0154 0 0
47.466 2.67722e-09 0.984853 1.01538 0 0
47.526 2.67722e-09 0.984872 1.01536 0 0
47.586 2.67722e-09 0.984891 1.01534 0 0
47.646 2.67722e-09 0.98491 1.01532 0 0
47.706 2.67722e-09 0.984929 1.0153 0 0
47.766 2.67722e-09 0.984948 1.01528 0 0
47.826 2.67722e-09 0.984967 1.01526 0 0
47.886 2.67722e-09 0.984986 1.01524 0 0
47.946 2.67722e-09 0.985005 1.01522 0 0
48.006 2.67722e-09 0.985024 1.0152 0 0
48.066 2.67722e-09 0.985042 1.01518 0 0
48.126 2.67722e-09 0.985061 1.01517 0 0
48.186 2.67722e-09 0.985079 1.01515 0 0
48.246 2.67722e-09 0.985098 1.01513 0 0
48.306 2.67722e-09 0.985117 1.01511 0 0
48.366 2.67722e-09 0.985135 1.01509 0 0
48.426 2.67722e-09 0.985153 1.01507 0 0
48.486 2.67722e-09 0.985172 1.01505 0 0
48.546 2.67722e-09 0.98519 1.01503 0 0
48.606 2.67722e-09 0.985208 1.01501 0 0
48.666 2.67722e-09 0.985227 1.01499 0 0
48.726 2.67722e-09 0.985245 1.01498 0 0
48.786 2.67722e-09 0.985263 1.01496 0 0
48.846 2.67722e-09 0.985281 1.01494 0 0
48.906 2.67722e-09 0.985299 1.01492 0 0
48.966 2.67722e-09 0.985317 1.0149 0 0
49.026 2.67722e-09 0.985335 1.01488 0 0
49.086 2.67722e-09 0.985353 1.01486 0 0
49.146 2.67722e-09 0.985371 1.01485 0 0
49.206 2.67722e-09 0.985389 1.01483 0 0
49.266 2.67722e-09 0.985407 1.01481 0 0
49.326 2.67722e-09 0.985424 1.01479 0 0
49.386 2.67722e-09 0.985442 1.01477 0 0
49.446 2.67722e-09 0.98546 1.01475 0 0
49.506 2.67722e-09 0.985477 1.01474 0 0
49.566 2.67722e-09 0.985495 1.01472 0 0
49.626 2.67722e-09 0.985512 1.0147 0 0
49.686 2.67722e-09 0.98553 1.01468 0 0
49.746 2.67722e-09 0.985547 1.01466 0 0
49.806 2.67722e-09 0.985565 1.01465 0 0
49.866 2.67722e-09 0.985582 1.01463 0 0
49.926 2.67722e-09 0.985599 1.01461 0 0
49.986 2.67722e-09 0.985617 1.01459 0 0
50.046 2.67722e-09 0.985634 1.01458 0 0
50.106 2.67722e-09 0.985651 1.01456 0 0
50.166 2.67722e-09 0.985668 1.01454 0 0
50.226 2.67722e-09 0.985686 1.01452 0 0
50.286 2.67722e-09 0.985703 1.0145 0 0
50.346 2.67722e-09 0.98572 1.01449 0 0
50.406 2.67722e-09 0.985737 1.01447 0 0
50.466 2.67722e-09 0.985754 1.01445 0 0
50.526 2.67722e-09 0.98577 1.01443 0 0
50.586 2.67722e-09 0.985787 1.01442 0 0
50.646 2.67722e-09 0.985804 1.0144 0 0
50.706 2.67722e-09 0.985821 1.01438 0 0
50.766 2.67722e-09 0.985838 1.01437 0 0
50.826 2.67722e-09 0.985854 1.01435 0 0
50.886 2.67722e-09 0.985871 1.01433 0 0
50.946 2.67722e-09 0.985888 1.01431 0 0
51.006 2.67722e-09 0.985904 1.0143 0 0
51.066 2.67722e-09 0.985921 1.01428 0 0
51.126 2.67722e-09 0.985937 1.01426 0 0
51.186 2.67722e-09 0.985954 1.01425 0 0
51.246 2.67722e-09 0.98597 1.01423 0 0
51.306 2.67722e-09 0.985987 1.01421 0 0
51.366 2.67722e-09 0.986003 1.0142 0 0
51.426 2.67722e-09 0.98602 1.01418 0 0
51.486 2.67722e-09 0.986036 1.01416 0 0
51.546 2.67722e-09 0.986052 1.01415 0 0
51.606 2.67722e-09 0.986068 1.01413 0 0
51.666 2.67722e-09 0.986084 1.01411 0 0
51.726 2.67722e-09 0.986101 1.0141 0 0
51.786 2.67722e-09 0.986117 1.01408 0 0
51.846 2.67722e-09 0.986133 1.01406 0 0
51.906 2.67722e-09 0.986149 1.01405 0 0
51.966 2.67722e-09 0.986165 1.01403 0 0
52.026 2.67722e-09 0.986181 1.01401 0 0
52.086 2.67722e-09 0.986197 1.014 0 0
52.146 2.67722e-09 0.986213 1.01398 0 0
52.206 2.67722e-09 0.986228 1.01396 0 0
52.266 2.67722e-09 0.986244 1.01395 0 0
52.326 2.67722e-09 0.98626 1.01393 0 0
52.386 2.67722e-09 0.986276 1.01392 0 0
52.446 2.67722e-09 0.986291 1.0139 0 0
52.506 2.67722e-09 0.986307 1.01388 0 0
52.566 2.67722e-09 0.986323 1.01387 0 0
52.626 2.67722e-09 0.986338 1.01385 0 0
52.686 2.67722e-09 0.986354 1.01383 0 0
52.746 2.67722e-09 0.986369 1.01382 0 0
52.806 2.67722e-09 0.986385 1.0138 0 0
52.866 2.67722e-09 0.9864 1.01379 0 0
52.926 2.67722e-09 0.986416 1.01377 0 0
52.986 2.67722e-09 0.986431 1.01376 0 0
53.046 2.67722e-09 0.986446 1.01374 0 0
53.106 2.67722e-09 0.986462 1.01372 0 0
53.166 2.67722e-09 0.986477 1.01371 0 0
53.226 2.67722e-09 0.986492 1.01369 0 0
53.286 2.67722e-09 0.986508 1.01368 0 0
53.346 2.67722e-09 0.986523 1.01366 0 0
53.406 2.67722e-09 0.986538 1.01365 0 0
53.466 2.67722e-09 0.986553 1.01363 0 0
53.526 2.67722e-09 0.986568 1.01361 0 0
53.586 2.67722e-09 0.986583 1.0136 0 0
53.646 2.67722e-09 0.986598 1.01358 0 0
53.706 2.67722e-09 0.986613 1.01357 0 0
53.766 2.67722e-09 0.986628 1.01355 0 0
53.826 2.67722e-09 0.986643 1.01354 0 0
53.886 2.67722e-09 0.986658 1.01352 0 0
53.946 2.67722e-09 0.986673 1.01351 0 0
54.006 2.67722e-09 0.986687 1.01349 0 0
54.066 2.67722e-09 0.986702 1.01348 0 0
54.126 2.67722e-09 0.986717 1.01346 0 0
54.186 2.67722e-09 0.986732 1.01345 0 0
54.246 2.67722e-09 0.986746 1.01343 0 0
54.306 2.67722e-09 0.986761 1.01342 0 0
54.366 2.67722e-09 0.986776 1.0134 0 0
54.426 2.67722e-09 0.98679 1.01339 0 0
54.486 2.67722e-09 0.986805 1.01337 0 0
54.546 2.67722e-09 0.986819 1.01336 0 0
54.606 2.67722e-09 0.986834 1.01334 0 0
54.666 2.67722e-09 0.986848 1.01333 0 0
54.726 2.67722e-09 0.986863 1.01331 0 0
54.786 2.67722e-09 0.986877 1.0133 0 0
54.846 2.67722e-09 0.986891 1.01328 0 0
54.906 2.67722e-09 0.986906 1.01327 0 0
54.966 2.67722e-09 0.98692 1.01325 0 0
55.026 2.67722e-09 0.986934 1.01324 0 0
55.086 2.67722e-09 0.986948 1.01322 0 0
55.146 2.67722e-09 0.986963 1.01321 0 0
55.206 2.67722e-09 0.986977 1.0132 0 0
55.266 2.67722e-09 0.986991 1.01318 0 0
55.326 2.67722e-09 0.987005 1.01317 0 0
55.386 2.67722e-09 0.987019 1.01315 0 0
55.446 2.67722e-09 0.987033 1.01314 0 0
55.506 2.67722e-09 0.987047 1.01312 0 0
55.566 2.67722e-09 0.987061 1.01311 0 0
55.626 2.67722e-09 0.987075 1.01309 0 0
55.686 2.67722e-09 0.987089 1.01308 0 0
55.746 2.67722e-09 0.987103 1.01307 0 0
55.806 2.67722e-09 0.987117 1.01305 0 0
55.866 2.67722e-09 0.987131 1.01304 0 0
55.926 2.67722e-09 0.987144 1.01302 0 0
55.986 2.67722e-09 0.987158 1.01301 0 0
56.046 2.67722e-09 0.987172 1.01299 0 0
56.106 2.67722e-09 0.987186 1.01298 0 0
56.166 2.67722e-09 0.987199 1.01297 0 0
56.226 2.67722e-09 0.987213 1.01295 0 0
56.286 2.67722e-09 0.987227 1.01294 0 0
56.346 2.67722e-09 0.98724 1.01292 0 0
56.406 2.67722e-09 0.987254 1.01291 0 0
56.466 2.67722e-09 0.987267 1.0129 0 0
56.526 2.67722e-09 0.987281 1.01288 0 0
56.586 2.67722e-09 0.987294 1.01287 0 0
56.646 2.67722e-09 0.987308 1.01286 0 0
56.706 2.67722e-09 0.987321 1.01284 0 0
56.766 2.67722e-09 0.987335 1.01283 0 0
56.826 2.67722e-09 0.987348 1.01281 0 0
56.886 2.67722e-09 0.987361 1.0128 0 0
56.946 2.67722e-09 0.987375 1.01279 0 0
57.006 2.67722e-09 0.987388 1.01277 0 0
57.066 2.67722e-09 0.987401 1.01276 0 0
57.126 2.67722e-09 0.987414 1.01275 0 0
57.186 2.67722e-09 0.987428 1.01273 0 0
57.246 2.67722e-09 0.987441 1.01272 0 0
57.306 2.67722e-09 0.987454 1.01271 0 0
57.366 2.67722e-09 0.987467 1.01269 0 0
57.426 2.67722e-09 0.98748 1.01268 0 0
57.486 2.67722e-09 0.987493 1.01267 0 0
57.546 2.67722e-09 0.987506 1.01265 0 0
57.606 2.67722e-09 0.987519 1.01264 0 0
57.666 2.67722e-09 0.987532 1.01263 0 0
57.726 2.67722e-09 0.987545 1.01261 0 0
57.786 2.67722e-09 0.987558 1.0126 0 0
57.846 2.67722e-09 0.987571 1.01259 0 0
57.906 2.67722e-09 0.987584 1.01257 0 0
57.966 2.67722e-09 0.987597 1.01256 0 0
58.026 2.67722e-09 0.98761 1.01255 0 0
58.086 2.67722e-09 0.987622 1.01253 0 0
58.146 2.67722e-09 0.987635 1.01252 0 0
58.206 2.67722e-09 0.987648 1.01251 0 0
58.266 2.67722e-09 0.987661 1.01249 0 0
58.326 2.67722e-09 0.987673 1.01248 0 0
58.386 2.67722e-09 0.987686 1.01247 0 0
58.446 2.67722e-09 0.987699 1.01245 0 0
58.506 2.67722e-09 0.987711 1.01244 0 0
58.566 2.67722e-09 0.987724 1.01243 0 0
58.626 2.67722e-09 0.987737 1.01242 0 0
58.686 2.67722e-09 0.987749 1.0124 0 0
58.746 2.67722e-09 0.987762 1.01239 0 0
58.806 2.67722e-09 0.987774 1.01238 0 0
58.866 2.67722e-09 0.987787 1.01236 0 0
58.926 2.67722e-09 0.987799 1.01235 0 0
58.986 2.67722e-09 0.987811 1.01234 0 0
59.046 2.67722e-09 0.987824 1.01233 0 0
59.106 2.67722e-09 0.987836 1.01231 0 0
59.166 2.67722e-09 0.987848 1.0123 0 0
59.226 2.67722e-09 0.987861 1.01229 0 0
59.286 2.67722e-09 0.987873 1.01228 0 0
59.346 2.67722e-09 0.987885 1.01226 0 0
59.406 2.67722e-09 0.987898 1.01225 0 0
59.466 2.67722e-09 0.98791 1.01224 0 0
59.526 2.67722e-09 0.987922 1.01223 0 0
59.586 2.67722e-09 0.987934 1.01221 0 0
59.646 2.67722e-09 0.987946 1.0122 0 0
59.706 2.67722e-09 0.987958 1.01219 0 0
59.766 2.67722e-09 0.98797 1.01218 0 0
59.826 2.67722e-09 0.987982 1.01216 0 0
59.886 2.67722e-09 0.987995 1.01215 0 0
59.946 2.67722e-09 0.988007 1.01214 0 0

