0.06 0.823706
0.006 0.208823 0.0291839 1 9.2416e-06 0.000304
0.066 0.205588 0.0312982 1.03798 1.48166e-06 0.000121723
0.126 0.197408 0.0371853 1.13221 0 0
0.186 0.185665 0.047314 1.266 0 0
0.246 0.171949 0.0620866 1.41501 0 0
0.306 0.157648 0.0815196 1.55528 0 0
0.366 0.143725 0.105129 1.67076 0 0
0.426 0.130724 0.132045 1.75546 0 0
0.486 0.118878 0.161238 1.81081 0 0
0.546 0.108229 0.191715 1.84181 0 0
0.606 0.0987187 0.222635 1.85427 0 0
0.666 0.0902459 0.253347 1.85337 0 0
0.726 0.0826962 0.283379 1.84323 0 0
0.786 0.0759584 0.312416 1.82694 0 0
0.846 0.0699306 0.340259 1.80675 0 0
0.906 0.0645227 0.366799 1.78424 0 0
0.966 0.0596565 0.391991 1.76049 0 0
1.026 0.0552646 0.415833 1.73628 0 0
1.086 0.0512889 0.438353 1.7121 0 0
1.146 0.0476798 0.459598 1.68831 0 0
1.206 0.0443946 0.479626 1.66512 0 0
1.266 0.0413966 0.498502 1.64268 0 0
1.326 0.038654 0.516292 1.62107 0 0
1.386 0.0361394 0.533063 1.60032 0 0
1.446 0.0338289 0.548882 1.58045 0 0
1.506 0.0317017 0.56381 1.56146 0 0
1.566 0.0297394 0.577908 1.54332 0 0
1.626 0.0279262 0.591231 1.52602 0 0
1.686 0.026248 0.603834 1.50952 0 0
1.746 0.0246921 0.615765 1.49378 0 0
1.806 0.0232477 0.627069 1.47877 0 0
1.866 0.0219048 0.637789 1.46446 0 0
1.926 0.0206547 0.647965 1.45081 0 0
1.986 0.0194895 0.657632 1.43779 0 0
2.046 0.0184022 0.666825 1.42535 0 0
2.106 0.0173865 0.675574 1.41348 0 0
2.166 0.0164366 0.683908 1.40213 0 0
2.226 0.0155474 0.691853 1.39129 0 0
2.286 0.0147142 0.699434 1.38092 0 0
2.346 0.0139328 0.706674 1.371 0 0
2.406 0.0131994 0.713594 1.3615 0 0
2.466 0.0125104 0.720212 1.3524 0 0
2.526 0.0118627 0.726548 1.34368 0 0
2.586 0.0112533 0.732617 1.33532 0 0
2.646 0.0106795 0.738436 1.3273 0 0
2.706 0.010139 0.744018 1.3196 0 0
2.766 0.00962942 0.749377 1.31221 0 0
2.826 0.00914872 0.754525 1.3051 0 0
2.886 0.00869499 0.759475 1.29828 0 0
2.946 0.00826648 0.764236 1.29171 0 0
3.006 0.00786157 0.768819 1.28539 0 0
3.066 0.00747876 0.773233 1.27931 0 0
3.126 0.00711666 0.777487 1.27344 0 0
3.186 0.00677398 0.781589 1.2678 0 0
3.246 0.00644953 0.785547 1.26235 0 0
3.306 0.0061422 0.789368 1.2571 0 0
3.366 0.00585096 0.793059 1.25204 0 0
3.426 0.00557486 0.796626 1.24715 0 0
3.486 0.005313 0.800075 1.24242 0 0
3.546 0.00506456 0.803411 1.23786 0 0
3.606 0.00482875 0.806641 1.23345 0 0
3.666 0.00460485 0.809768 1.22918 0 0
3.726 0.00439219 0.812798 1.22505 0 0
3.786 0.00419013 0.815734 1.22106 0 0
3.846 0.00399808 0.818581 1.21719 0 0
3.906 0.00381548 0.821343 1.21345 0 0
3.966 0.00364182 0.824024 1.20982 0 0
4.026 0.00347662 0.826626 1.20631 0 0
4.086 0.0033194 0.829154 1.2029 0 0
4.146 0.00316975 0.83161 1.19959 0 0
4.206 0.00302725 0.833998 1.19638 0 0
4.266 0.00289154 0.836319 1.19327 0 0
4.326 0.00276225 0.838577 1.19025 0 0
4.386 0.00263905 0.840775 1.18731 0 0
4.446 0.00252161 0.842914 1.18446 0 0
4.506 0.00240965 0.844997 1.18169 0 0
4.566 0.00230288 0.847026 1.17899 0 0
4.626 0.00220104 0.849003 1.17637 0 0
4.686 0.00210388 0.85093 1.17382 0 0
4.746 0.00201115 0.852809 1.17134 0 0
4.806 0.00192265 0.854641 1.16893 0 0
4.866 0.00183815 0.856429 1.16658 0 0
4.926 0.00175746 0.858173 1.16429 0 0
4.986 0.00168039 0.859876 1.16206 0 0
5.046 0.00160676 0.861539 1.15988 0 0
5.106 0.0015364 0.863163 1.15777 0 0
5.166 0.00146916 0.864749 1.1557 0 0
5.226 0.00140488 0.8663 1.15369 0 0
5.286 0.00134341 0.867815 1.15172 0 0
5.346 0.00128463 0.869297 1.14981 0 0
5.406 0.00122841 0.870746 1.14794 0 0
5.466 0.00117461 0.872163 1.14611 0 0
5.526 0.00112313 0.87355 1.14433 0 0
5.586 0.00107386 0.874907 1.14259 0 0
5.646 0.00102668 0.876235 1.14088 0 0
5.706 0.000981513 0.877536 1.13922 0 0
5.766 0.000938249 0.878809 1.1376 0 0
5.826 0.000896802 0.880056 1.13601 0 0
5.886 0.000857088 0.881279 1.13446 0 0
5.946 0.000819025 0.882476 1.13294 0 0
6.006 0.000782537 0.88365 1.13145 0 0
6.066 0.000747549 0.8848 1.13 0 0
6.126 0.000713992 0.885928 1.12857 0 0
6.186 0.0006818 0.887034 1.12718 0 0
6.246 0.000650909 0.888119 1.12582 0 0
6.306 0.000621258 0.889184 1.12448 0 0
6.366 0.000592791 0.890228 1.12318 0 0
6.426 0.000565452 0.891253 1.1219 0 0
6.486 0.000539189 0.892259 1.12064 0 0
6.546 0.000513953 0.893247 1.11941 0 0
6.606 0.000489695 0.894216 1.1182 0 0
6.666 0.00046637 0.895169 1.11702 0 0
6.726 0.000443936 0.896104 1.11586 0 0
6.786 0.00042235 0.897023 1.11473 0 0
6.846 0.000401572 0.897925 1.11361 0 0
6.906 0.000381566 0.898812 1.11252 0 0
6.966 0.000362295 0.899684 1.11145 0 0
7.026 0.000343724 0.900541 1.11039 0 0
7.086 0.000325821 0.901383 1.10936 0 0
7.146 0.000308554 0.902211 1.10835 0 0
7.206 0.000291892 0.903026 1.10735 0 0
7.266 0.000275807 0.903827 1.10637 0 0
7.326 0.000260271 0.904615 1.10541 0 0
7.386 0.000245257 0.90539 1.10447 0 0
7.446 0.00023074 0.906152 1.10354 0 0
7.506 0.000216695 0.906903 1.10263 0 0
7.566 0.0002031 0.907641 1.10174 0 0
7.626 0.00018993 0.908368 1.10086 0 0
7.686 0.000177166 0.909084 1.09999 0 0
7.746 0.000164785 0.909788 1.09914 0 0
7.806 0.000152769 0.910482 1.09831 0 0
7.866 0.000141098 0.911165 1.09748 0 0
7.926 0.000129753 0.911838 1.09668 0 0
7.986 0.000118716 0.9125 1.09588 0 0
8.046 0.000107972 0.913153 1.0951 0 0
8.106 9.75024e-05 0.913796 1.09433 0 0
8.166 8.72921e-05 0.91443 1.09357 0 0
8.226 7.73257e-05 0.915054 1.09283 0 0
8.286 6.75883e-05 0.91567 1.09209 0 0
8.346 5.80656e-05 0.916276 1.09137 0 0
8.406 4.87438e-05 0.916874 1.09066 0 0
8.466 3.96095e-05 0.917463 1.08996 0 0
8.526 3.06496e-05 0.918044 1.08927 0 0
8.586 2.18517e-05 0.918617 1.08859 0 0
8.646 1.32035e-05 0.919182 1.08792 0 0
8.706 4.6931e-06 0.91974 1.08726 0 0
8.766 2.08823e-09 0.920289 1.08662 0 0
8.826 2.08823e-09 0.920831 1.08598 0 0
8.886 2.08823e-09 0.921365 1.08535 0 0
8.946 2.08823e-09 0.921893 1.08472 0 0
9.006 2.08823e-09 0.922413 1.08411 0 0
9.066 2.08823e-09 0.922927 1.08351 0 0
9.126 2.08823e-09 0.923433 1.08292 0 0
9.186 2.08823e-09 0.923934 1.08233 0 0
9.246 2.08823e-09 0.924427 1.08175 0 0
9.306 2.08823e-09 0.924914 1.08118 0 0
9.366 2.08823e-09 0.925395 1.08062 0 0
9.426 2.08823e-09 0.92587 1.08006 0 0
9.486 2.08823e-09 0.926339 1.07952 0 0
9.546 2.08823e-09 0.926802 1.07898 0 0
9.606 2.08823e-09 0.927259 1.07845 0 0
9.666 2.08823e-09 0.927711 1.07792 0 0
9.726 2.08823e-09 0.928157 1.0774 0 0
9.786 2.08823e-09 0.928597 1.07689 0 0
9.846 2.08823e-09 0.929032 1.07639 0 0
9.906 2.08823e-09 0.929462 1.07589 0 0
9.966 2.08823e-09 0.929887 1.0754 0 0
10.026 2.08823e-09 0.930307 1.07491 0 0
10.086 2.08823e-09 0.930721 1.07444 0 0
10.146 2.08823e-09 0.931131 1.07396 0 0
10.206 2.08823e-09 0.931536 1.0735 0 0
10.266 2.08823e-09 0.931936 1.07304 0 0
10.326 2.08823e-09 0.932331 1.07258 0 0
10.386 2.08823e-09 0.932722 1.07213 0 0
10.446 2.08823e-09 0.933109 1.07169 0 0
10.506 2.08823e-09 0.933491 1.07125 0 0
10.566 2.08823e-09 0.933868 1.07081 0 0
10.626 2.08823e-09 0.934242 1.07039 0 0
10.686 2.08823e-09 0.934611 1.06996 0 0
10.746 2.08823e-09 0.934976 1.06955 0 0
10.806 2.08823e-09 0.935337 1.06913 0 0
10.866 2.08823e-09 0.935694 1.06873 0 0
10.926 2.08823e-09 0.936047 1.06832 0 0
10.986 2.08823e-09 0.936397 1.06792 0 0
11.046 2.08823e-09 0.936742 1.06753 0 0
11.106 2.08823e-09 0.937084 1.06714 0 0
11.166 2.08823e-09 0.937422 1.06676 0 0
11.226 2.08823e-09 0.937756 1.06637 0 0
11.286 2.08823e-09 0.938087 1.066 0 0
11.346 2.08823e-09 0.938415 1.06563 0 0
11.406 2.08823e-09 0.938739 1.06526 0 0
11.466 2.08823e-09 0.939059 1.0649 0 0
11.526 2.08823e-09 0.939377 1.06454 0 0
11.586 2.08823e-09 0.93969 1.06418 0 0
11.646 2.08823e-09 0.940001 1.06383 0 0
11.706 2.08823e-09 0.940309 1.06348 0 0
11.766 2.08823e-09 0.940613 1.06314 0 0
11.826 2.08823e-09 0.940914 1.0628 0 0
11.886 2.08823e-09 0.941213 1.06246 0 0
11.946 2.08823e-09 0.941508 1.06213 0 0
12.006 2.08823e-09 0.9418 1.0618 0 0
12.066 2.08823e-09 0.94209 1.06147 0 0
12.126 2.08823e-09 0.942376 1.06115 0 0
12.186 2.08823e-09 0.94266 1.06083 0 0
12.246 2.08823e-09 0.942941 1.06051 0 0
12.306 2.08823e-09 0.943219 1.0602 0 0
12.366 2.08823e-09 0.943495 1.05989 0 0
12.426 2.08823e-09 0.943767 1.05958 0 0
12.486 2.08823e-09 0.944038 1.05928 0 0
12.546 2.08823e-09 0.944305 1.05898 0 0
12.606 2.08823e-09 0.94457 1.05868 0 0
12.666 2.08823e-09 0.944833 1.05839 0 0
12.726 2.08823e-09 0.945093 1.0581 0 0
12.786 2.08823e-09 0.945351 1.05781 0 0
12.846 2.08823e-09 0.945606 1.05752 0 0
12.906 2.08823e-09 0.945859 1.05724 0 0
12.966 2.08823e-09 0.946109 1.05696 0 0
13.026 2.08823e-09 0.946358 1.05668 0 0
13.086 2.08823e-09 0.946604 1.05641 0 0
13.146 2.08823e-09 0.946847 1.05614 0 0
13.206 2.08823e-09 0.947089 1.05587 0 0
13.266 2.08823e-09 0.947328 1.0556 0 0
13.326 2.08823e-09 0.947565 1.05534 0 0
13.386 2.08823e-09 0.9478 1.05507 0 0
13.446 2.08823e-09 0.948033 1.05482 0 0
13.506 2.08823e-09 0.948264 1.05456 0 0
13.566 2.08823e-09 0.948493 1.0543 0 0
13.626 2.08823e-09 0.94872 1.05405 0 0
13.686 2.08823e-09 0.948944 1.0538 0 0
13.746 2.08823e-09 0.949167 1.05356 0 0
13.806 2.08823e-09 0.949388 1.05331 0 0
13.866 2.08823e-09 0.949607 1.05307 0 0
13.926 2.08823e-09 0.949824 1.05283 0 0
13.986 2.08823e-09 0.95004 1.05259 0 0
14.046 2.08823e-09 0.950253 1.05235 0 0
14.106 2.08823e-09 0.950465 1.05212 0 0
14.166 2.08823e-09 0.950674 1.05188 0 0
14.226 2.08823e-09 0.950882 1.05165 0 0
14.286 2.08823e-09 0.951089 1.05143 0 0
14.346 2.08823e-09 0.951293 1.0512 0 0
14.406 2.08823e-09 0.951496 1.05098 0 0
14.466 2.08823e-09 0.951697 1.05075 0 0
14.526 2.08823e-09 0.951897 1.05053 0 0
14.586 2.08823e-09 0.952095 1.05032 0 0
14.646 2.08823e-09 0.952291 1.0501 0 0
14.706 2.08823e-09 0.952486 1.04988 0 0
14.766 2.08823e-09 0.952679 1.04967 0 0
14.826 2.08823e-09 0.95287 1.04946 0 0
14.886 2.08823e-09 0.95306 1.04925 0 0
14.946 2.08823e-09 0.953249 1.04904 0 0
15.006 2.08823e-09 0.953436 1.04884 0 0
15.066 2.08823e-09 0.953621 1.04863 0 0
15.126 2.08823e-09 0.953805 1.04843 0 0
15.186 2.08823e-09 0.953987 1.04823 0 0
15.246 2.08823e-09 0.954169 1.04803 0 0
15.306 2.08823e-09 0.954348 1.04784 0 0
15.366 2.08823e-09 0.954526 1.04764 0 0
15.426 2.08823e-09 0.954703 1.04745 0 0
15.486 2.08823e-09 0.954879 1.04725 0 0
15.546 2.08823e-09 0.955053 1.04706 0 0
15.606 2.08823e-09 0.955226 1.04687 0 0
15.666 2.08823e-09 0.955397 1.04669 0 0
15.726 2.08823e-09 0.955567 1.0465 0 0
15.786 2.08823e-09 0.955736 1.04631 0 0
15.846 2.08823e-09 0.955904 1.04613 0 0
15.906 2.08823e-09 0.95607 1.04595 0 0
15.966 2.08823e-09 0.956235 1.04577 0 0
16.026 2.08823e-09 0.956399 1.04559 0 0
16.086 2.08823e-09 0.956562 1.04541 0 0
16.146 2.08823e-09 0.956723 1.04523 0 0
16.206 2.08823e-09 0.956883 1.04506 0 0
16.266 2.08823e-09 0.957043 1.04489 0 0
16.326 2.08823e-09 0.9572 1.04471 0 0
16.386 2.08823e-09 0.957357 1.04454 0 0
16.446 2.08823e-09 0.957513 1.04437 0 0
16.506 2.08823e-09 0.957667 1.0442 0 0
16.566 2.08823e-09 0.95782 1.04404 0 0
16.626 2.08823e-09 0.957973 1.04387 0 0
16.686 2.08823e-09 0.958124 1.04371 0 0
16.746 2.08823e-09 0.958274 1.04354 0 0
16.806 2.08823e-09 0.958423 1.04338 0 0
16.866 2.08823e-09 0.958571 1.04322 0 0
16.926 2.08823e-09 0.958718 1.04306 0 0
16.986 2.08823e-09 0.958863 1.0429 0 0
17.046 2.08823e-09 0.959008 1.04274 0 0
17.106 2.08823e-09 0.959152 1.04259 0 0
17.166 2.08823e-09 0.959295 1.04243 0 0
17.226 2.08823e-09 0.959437 1.04228 0 0
17.286 2.08823e-09 0.959577 1.04213 0 0
17.346 2.08823e-09 0.959717 1.04197 0 0
17.406 2.08823e-09 0.959856 1.04182 0 0
17.466 2.08823e-09 0.959994 1.04167 0 0
17.526 2.08823e-09 0.960131 1.04152 0 0
17.586 2.08823e-09 0.960267 1.04138 0 0
17.646 2.08823e-09 0.960402 1.04123 0 0
17.706 2.08823e-09 0.960536 1.04109 0 0
17.766 2.08823e-09 0.960669 1.04094 0 0
17.826 2.08823e-09 0.960802 1.0408 0 0
17.886 2.08823e-09 0.960933 1.04065 0 0
17.946 2.08823e-09 0.961064 1.04051 0 0
18.006 2.08823e-09 0.961194 1.04037 0 0
18.066 2.08823e-09 0.961323 1.04023 0 0
18.126 2.08823e-09 0.961451 1.0401 0 0
18.186 2.08823e-09 0.961578 1.03996 0 0
18.246 2.08823e-09 0.961704 1.03982 0 0
18.306 2.08823e-09 0.96183 1.03969 0 0
18.366 2.08823e-09 0.961954 1.03955 0 0
18.426 2.08823e-09 0.962078 1.03942 0 0
18.486 2.08823e-09 0.962201 1.03928 0 0
18.546 2.08823e-09 0.962324 1.03915 0 0
18.606 2.08823e-09 0.962445 1.03902 0 0
18.666 2.08823e-09 0.962566 1.03889 0 0
18.726 2.08823e-09 0.962686 1.03876 0 0
18.786 2.08823e-09 0.962805 1.03863 0 0
18.846 2.08823e-09 0.962923 1.0385 0 0
18.906 2.08823e-09 0.963041 1.03838 0 0
18.966 2.08823e-09 0.963158 1.03825 0 0
19.026 2.08823e-09 0.963274 1.03813 0 0
19.086 2.08823e-09 0.96339 1.038 0 0
19.146 2.08823e-09 0.963504 1.03788 0 0
19.206 2.08823e-09 0.963618 1.03776 0 0
19.266 2.08823e-09 0.963732 1.03763 0 0
19.326 2.08823e-09 0.963844 1.03751 0 0
19.386 2.08823e-09 0.963956 1.03739 0 0
19.446 2.08823e-09 0.964067 1.03727 0 0
19.506 2.08823e-09 0.964178 1.03715 0 0
19.566 2.08823e-09 0.964288 1.03703 0 0
19.626 2.08823e-09 0.964397 1.03692 0 0
19.686 2.08823e-09 0.964505 1.0368 0 0
19.746 2.08823e-09 0.964613 1.03668 0 0
19.806 2.08823e-09 0.96472 1.03657 0 0
19.866 2.08823e-09 0.964827 1.03646 0 0
19.926 2.08823e-09 0.964933 1.03634 0 0
19.986 2.08823e-09 0.965038 1.03623 0 0
20.046 2.08823e-09 0.965143 1.03612 0 0
20.106 2.08823e-09 0.965247 1.036 0 0
20.166 2.08823e-09 0.96535 1.03589 0 0
20.226 2.08823e-09 0.965453 1.03578 0 0
20.286 2.08823e-09 0.965555 1.03567 0 0
20.346 2.08823e-09 0.965657 1.03556 0 0
20.406 2.08823e-09 0.965758 1.03546 0 0
20.466 2.08823e-09 0.965858 1.03535 0 0
20.526 2.08823e-09 0.965958 1.03524 0 0
20.586 2.08823e-09 0.966057 1.03514 0 0
20.646 2.08823e-09 0.966156 1.03503 0 0
20.706 2.08823e-09 0.966254 1.03492 0 0
20.766 2.08823e-09 0.966351 1.03482 0 0
20.826 2.08823e-09 0.966448 1.03472 0 0
20.886 2.08823e-09 0.966545 1.03461 0 0
20.946 2.08823e-09 0.966641 1.03451 0 0
21.006 2.08823e-09 0.966736 1.03441 0 0
21.066 2.08823e-09 0.966831 1.03431 0 0
21.126 2.08823e-09 0.966925 1.03421 0 0
21.186 2.08823e-09 0.967018 1.03411 0 0
21.246 2.08823e-09 0.967112 1.03401 0 0
21.306 2.08823e-09 0.967204 1.03391 0 0
21.366 2.08823e-09 0.967296 1.03381 0 0
21.426 2.08823e-09 0.967388 1.03371 0 0
21.486 2.08823e-09 0.967479 1.03361 0 0
21.546 2.08823e-09 0.96757 1.03352 0 0
21.606 2.08823e-09 0.96766 1.03342 0 0
21.666 2.08823e-09 0.967749 1.03333 0 0
21.726 2.08823e-09 0.967838 1.03323 0 0
21.786 2.08823e-09 0.967927 1.03314 0 0
21.846 2.08823e-09 0.968015 1.03304 0 0
21.906 2.08823e-09 0.968103 1.03295 0 0
21.966 2.08823e-09 0.96819 1.03286 0 0
22.026 2.08823e-09 0.968276 1.03276 0 0
22.086 2.08823e-09 0.968362 1.03267 0 0
22.146 2.08823e-09 0.968448 1.03258 0 0
22.206 2.08823e-09 0.968533 1.03249 0 0
22.266 2.08823e-09 0.968618 1.0324 0 0
22.326 2.08823e-09 0.968703 1.03231 0 0
22.386 2.08823e-09 0.968786 1.03222 0 0
22.446 2.08823e-09 0.96887 1.03213 0 0
22.506 2.08823e-09 0.968953 1.03204 0 0
22.566 2.08823e-09 0.969035 1.03195 0 0
22.626 2.08823e-09 0.969118 1.03187 0 0
22.686 2.08823e-09 0.969199 1.03178 0 0
22.746 2.08823e-09 0.96928 1.03169 0 0
22.806 2.08823e-09 0.969361 1.03161 0 0
22.866 2.08823e-09 0.969442 1.03152 0 0
22.926 2.08823e-09 0.969522 1.03144 0 0
22.986 2.08823e-09 0.969601 1.03135 0 0
23.046 2.08823e-09 0.96968 1.03127 0 0
23.106 2.08823e-09 0.969759 1.03118 0 0
23.166 2.08823e-09 0.969837 1.0311 0 0
23.226 2.08823e-09 0.969915 1.03102 0 0
23.286 2.08823e-09 0.969993 1.03094 0 0
23.346 2.08823e-09 0.97007 1.03085 0 0
23.406 2.08823e-09 0.970147 1.03077 0 0
23.466 2.08823e-09 0.970223 1.03069 0 0
23.526 2.08823e-09 0.970299 1.03061 0 0
23.586 2.08823e-09 0.970375 1.03053 0 0
23.646 2.08823e-09 0.97045 1.03045 0 0
23.706 2.08823e-09 0.970524 1.03037 0 0
23.766 2.08823e-09 0.970599 1.03029 0 0
23.826 2.08823e-09 0.970673 1.03021 0 0
23.886 2.08823e-09 0.970747 1.03013 0 0
23.946 2.08823e-09 0.97082 1.03006 0 0
24.006 2.08823e-09 0.970893 1.02998 0 0
24.066 2.08823e-09 0.970965 1.0299 0 0
24.126 2.08823e-09 0.971038 1.02983 0 0
24.186 2.08823e-09 0.971109 1.02975 0 0
24.246 2.08823e-09 0.971181 1.02967 0 0
24.306 2.08823e-09 0.971252 1.0296 0 0
24.366 2.08823e-09 0.971323 1.02952 0 0
24.426 2.08823e-09 0.971393 1.02945 0 0
24.486 2.08823e-09 0.971463 1.02937 0 0
24.546 2.08823e-09 0.971533 1.0293 0 0
24.606 2.08823e-09 0.971603 1.02923 0 0
24.666 2.08823e-09 0.971672 1.02915 0 0
24.726 2.08823e-09 0.97174 1.02908 0 0
24.786 2.08823e-09 0.971809 1.02901 0 0
24.846 2.08823e-09 0.971877 1.02894 0 0
24.906 2.08823e-09 0.971945 1.02887 0 0
24.966 2.08823e-09 0.972012 1.02879 0 0
25.026 2.08823e-09 0.972079 1.02872 0 0
25.086 2.08823e-09 0.972146 1.02865 0 0
25.146 2.08823e-09 0.972212 1.02858 0 0
25.206 2.08823e-09 0.972279 1.02851 0 0
25.266 2.08823e-09 0.972344 1.02844 0 0
25.326 2.08823e-09 0.97241 1.02837 0 0
25.386 2.08823e-09 0.972475 1.0283 0 0
25.446 2.08823e-09 0.97254 1.02824 0 0
25.506 2.08823e-09 0.972605 1.02817 0 0
25.566 2.08823e-09 0.972669 1.0281 0 0
25.626 2.08823e-09 0.972733 1.02803 0 0
25.686 2.08823e-09 0.972797 1.02796 0 0
25.746 2.08823e-09 0.97286 1.0279 0 0
25.806 2.08823e-09 0.972923 1.02783 0 0
25.866 2.08823e-09 0.972986 1.02776 0 0
25.926 2.08823e-09 0.973048 1.0277 0 0
25.986 2.08823e-09 0.973111 1.02763 0 0
26.046 2.08823e-09 0.973173 1.02757 0 0
26.106 2.08823e-09 0.973234 1.0275 0 0
26.166 2.08823e-09 0.973296 1.02744 0 0
26.226 2.08823e-09 0.973357 1.02737 0 0
26.286 2.08823e-09 0.973418 1.02731 0 0
26.346 2.08823e-09 0.973478 1.02724 0 0
26.406 2.08823e-09 0.973538 1.02718 0 0
26.466 2.08823e-09 0.973598 1.02712 0 0
26.526 2.08823e-09 0.973658 1.02705 0 0
26.586 2.08823e-09 0.973718 1.02699 0 0
26.646 2.08823e-09 0.973777 1.02693 0 0
26.706 2.08823e-09 0.973836 1.02687 0 0
26.766 2.08823e-09 0.973894 1.02681 0 0
26.826 2.08823e-09 0.973953 1.02674 0 0
26.886 2.08823e-09 0.974011 1.02668 0 0
26.946 2.08823e-09 0.974069 1.02662 0 0
27.006 2.08823e-09 0.974126 1.02656 0 0
27.066 2.08823e-09 0.974184 1.0265 0 0
27.126 2.08823e-09 0.974241 1.02644 0 0
27.186 2.08823e-09 0.974298 1.02638 0 0
27.246 2.08823e-09 0.974354 1.02632 0 0
27.306 2.08823e-09 0.974411 1.02626 0 0
27.366 2.08823e-09 0.974467 1.0262 0 0
27.426 2.08823e-09 0.974522 1.02614 0 0
27.486 2.08823e-09 0.974578 1.02609 0 0
27.546 2.08823e-09 0.974633 1.02603 0 0
27.606 2.08823e-09 0.974689 1.02597 0 0
27.666 2.08823e-09 0.974743 1.02591 0 0
27.726 2.08823e-09 0.974798 1.02585 0 0
27.786 2.08823e-09 0.974853 1.0258 0 0
27.846 2.08823e-09 0.974907 1.02574 0 0
27.906 2.08823e-09 0.974961 1.02568 0 0
27.966 2.08823e-09 0.975014 1.02563 0 0
28.026 2.08823e-09 0.975068 1.02557 0 0
28.086 2.08823e-09 0.975121 1.02551 0 0
28.146 2.08823e-09 0.975174 1.02546 0 0
28.206 2.08823e-09 0.975227 1.0254 0 0
28.266 2.08823e-09 0.97528 1.02535 0 0
28.326 2.08823e-09 0.975332 1.02529 0 0
28.386 2.08823e-09 0.975384 1.02524 0 0
28.446 2.08823e-09 0.975436 1.02518 0 0
28.506 2.08823e-09 0.975488 1.02513 0 0
28.566 2.08823e-09 0.975539 1.02507 0 0
28.626 2.08823e-09 0.97559 1.02502 0 0
28.686 2.08823e-09 0.975642 1.02497 0 0
28.746 2.08823e-09 0.975692 1.02491 0 0
28.806 2.08823e-09 0.975743 1.02486 0 0
28.866 2.08823e-09 0.975793 1.02481 0 0
28.926 2.08823e-09 0.975844 1.02475 0 0
28.986 2.08823e-09 0.975894 1.0247 0 0
29.046 2.08823e-09 0.975943 1.02465 0 0
29.106 2.08823e-09 0.975993 1.0246 0 0
29.166 2.08823e-09 0.976042 1.02455 0 0
29.226 2.08823e-09 0.976092 1.02449 0 0
29.286 2.08823e-09 0.976141 1.02444 0 0
29.346 2.08823e-09 0.976189 1.02439 0 0
29.406 2.08823e-09 0.976238 1.02434 0 0
29.466 2.08823e-09 0.976286 1.02429 0 0
29.526 2.08823e-09 0.976335 1.02424 0 0
29.586 2.08823e-09 0.976383 1.02419 0 0
29.646 2.08823e-09 0.97643 1.02414 0 0
29.706 2.08823e-09 0.976478 1.02409 0 0
29.766 2.08823e-09 0.976525 1.02404 0 0
29.826 2.08823e-09 0.976573 1.02399 0 0
29.886 2.08823e-09 0.97662 1.02394 0 0
29.946 2.08823e-09 0.976666 1.02389 0 0
30.006 2.08823e-09 0.976713 1.02384 0 0
30.066 2.08823e-09 0.97676 1.02379 0 0
30.126 2.08823e-09 0.976806 1.02374 0 0
30.186 2.08823e-09 0.976852 1.0237 0 0
30.246 2.08823e-09 0.976898 1.02365 0 0
30.306 2.08823e-09 0.976944 1.0236 0 0
30.366 2.08823e-09 0.976989 1.02355 0 0
30.426 2.08823e-09 0.977035 1.02351 0 0
30.486 2.08823e-09 0.97708 1.02346 0 0
30.546 2.08823e-09 0.977125 1.02341 0 0
30.606 2.08823e-09 0.97717 1.02336 0 0
30.666 2.08823e-09 0.977214 1.02332 0 0
30.726 2.08823e-09 0.977259 1.02327 0 0
30.786 2.08823e-09 0.977303 1.02322 0 0
30.846 2.08823e-09 0.977347 1.02318 0 0
30.906 2.08823e-09 0.977391 1.02313 0 0
30.966 2.08823e-09 0.977435 1.02309 0 0
31.026 2.08823e-09 0.977479 1.02304 0 0
31.086 2.08823e-09 0.977522 1.02299 0 0
31.146 2.08823e-09 0.977565 1.02295 0 0
31.206 2.08823e-09 0.977609 1.0229 0 0
31.266 2.08823e-09 0.977652 1.02286 0 0
31.326 2.08823e-09 0.977694 1.02281 0 0
31.386 2.08823e-09 0.977737 1.02277 0 0
31.446 2.08823e-09 0.977779 1.02273 0 0
31.506 2.08823e-09 0.977822 1.02268 0 0
31.566 2.08823e-09 0.977864 1.02264 0 0
31.626 2.08823e-09 0.977906 1.02259 0 0
31.686 2.08823e-09 0.977948 1.02255 0 0
31.746 2.08823e-09 0.977989 1.02251 0 0
31.806 2.08823e-09 0.978031 1.02246 0 0
31.866 2.08823e-09 0.978072 1.02242 0 0
31.926 2.08823e-09 0.978114 1.02238 0 0
31.986 2.08823e-09 0.978155 1.02233 0 0
32.046 2.08823e-09 0.978196 1.02229 0 0
32.106 2.08823e-09 0.978236 1.02225 0 0
32.166 2.08823e-09 0.978277 1.02221 0 0
32.226 2.08823e-09 0.978317 1.02216 0 0
32.286 2.08823e-09 0.978358 1.02212 0 0
32.346 2.08823e-09 0.978398 1.02208 0 0
32.406 2.08823e-09 0.978438 1.02204 0 0
32.466 2.08823e-09 0.978478 1.022 0 0
32.526 2.08823e-09 0.978517 1.02195 0 0
32.586 2.08823e-09 0.978557 1.02191 0 0
32.646 2.08823e-09 0.978596 1.02187 0 0
32.706 2.08823e-09 0.978636 1.02183 0 0
32.766 2.08823e-09 0.978675 1.02179 0 0
32.826 2.08823e-09 0.978714 1.02175 0 0
32.886 2.08823e-09 0.978752 1.02171 0 0
32.946 2.08823e-09 0.978791 1.02167 0 0
33.006 2.08823e-09 0.97883 1.02163 0 0
33.066 2.08823e-09 0.978868 1.02159 0 0
33.126 2.08823e-09 0.978906 1.02155 0 0
33.186 2.08823e-09 0.978945 1.02151 0 0
33.246 2.08823e-09 0.978983 1.02147 0 0
33.306 2.08823e-09 0.97902 1.02143 0 0
33.366 2.08823e-09 0.979058 1.02139 0 0
33.426 2.08823e-09 0.979096 1.02135 0 0
33.486 2.08823e-09 0.979133 1.02131 0 0
33.546 2.08823e-09 0.97917 1.02127 0 0
33.606 2.08823e-09 0.979208 1.02123 0 0
33.666 2.08823e-09 0.979245 1.0212 0 0
33.726 2.08823e-09 0.979282 1.02116 0 0
33.786 2.08823e-09 0.979318 1.02112 0 0
33.846 2.08823e-09 0.979355 1.02108 0 0
33.906 2.08823e-09 0.979392 1.02104 0 0
33.966 2.08823e-09 0.979428 1.021 0 0
34.026 2.08823e-09 0.979464 1.02097 0 0
34.086 2.08823e-09 0.9795 1.02093 0 0
34.146 2.08823e-09 0.979537 1.02089 0 0
34.206 2.08823e-09 0.979572 1.02085 0 0
34.266 2.08823e-09 0.979608 1.02082 0 0
34.326 2.08823e-09 0.979644 1.02078 0 0
34.386 2.08823e-09 0.979679 1.02074 0 0
34.446 2.08823e-09 0.979715 1.02071 0 0
34.506 2.08823e-09 0.97975 1.02067 0 0
34.566 2.08823e-09 0.979785 1.02063 0 0
34.626 2.08823e-09 0.97982 1.0206 0 0
34.686 2.08823e-09 0.979855 1.02056 0 0
34.746 2.08823e-09 0.97989 1.02052 0 0
34.806 2.08823e-09 0.979925 1.02049 0 0
34.866 2.08823e-09 0.979959 1.02045 0 0
34.926 2.08823e-09 0.979994 1.02041 0 0
34.986 2.08823e-09 0.980028 1.02038 0 0
35.046 2.08823e-09 0.980062 1.02034 0 0
35.106 2.08823e-09 0.980096 1.02031 0 0
35.166 2.08823e-09 0.98013 1.02027 0 0
35.226 2.08823e-09 0.980164 1.02024 0 0
35.286 2.08823e-09 0.980198 1.0202 0 0
35.346 2.08823e-09 0.980231 1.02017 0 0
35.406 2.08823e-09 0.980265 1.02013 0 0
35.466 2.08823e-09 0.980298 1.0201 0 0
35.526 2.08823e-09 0.980331 1.02006 0 0
35.586 2.08823e-09 0.980365 1.02003 0 0
35.646 2.08823e-09 0.980398 1.01999 0 0
35.706 2.08823e-09 0.980431 1.01996 0 0
35.766 2.08823e-09 0.980463 1.01993 0 0
35.826 2.08823e-09 0.980496 1.01989 0 0
35.886 2.08823e-09 0.980529 1.01986 0 0
35.946 2.08823e-09 0.980561 1.01982 0 0
36.006 2.08823e-09 0.980594 1.01979 0 0
36.066 2.08823e-09 0.980626 1.01976 0 0
36.126 2.08823e-09 0.980658 1.01972 0 0
36.186 2.08823e-09 0.98069 1.01969 0 0
36.246 2.08823e-09 0.980722 1.01966 0 0
36.306 2.08823e-09 0.980754 1.01962 0 0
36.366 2.08823e-09 0.980786 1.01959 0 0
36.426 2.08823e-09 0.980817 1.01956 0 0
36.486 2.08823e-09 0.980849 1.01953 0 0
36.546 2.08823e-09 0.98088 1.01949 0 0
36.606 2.08823e-09 0.980912 1.01946 0 0
36.666 2.08823e-09 0.980943 1.01943 0 0
36.726 2.08823e-09 0.980974 1.01939 0 0
36.786 2.08823e-09 0.981005 1.01936 0 0
36.846 2.08823e-09 0.981036 1.01933 0 0
36.906 2.08823e-09 0.981067 1.0193 0 0
36.966 2.08823e-09 0.981098 1.01927 0 0
37.026 2.08823e-09 0.981128 1.01923 0 0
37.086 2.08823e-09 0.981159 1.0192 0 0
37.146 2.08823e-09 0.981189 1.01917 0 0
37.206 2.08823e-09 0.98122 1.01914 0 0
37.266 2.08823e-09 0.98125 1.01911 0 0
37.326 2.08823e-09 0.98128 1.01908 0 0
37.386 2.08823e-09 0.98131 1.01905 0 0
37.446 2.08823e-09 0.98134 1.01901 0 0
37.506 2.08823e-09 0.98137 1.01898 0 0
37.566 2.08823e-09 0.981399 1.01895 0 0
37.626 2.08823e-09 0.981429 1.01892 0 0
37.686 2.08823e-09 0.981459 1.01889 0 0
37.746 2.08823e-09 0.981488 1.01886 0 0
37.806 2.08823e-09 0.981518 1.01883 0 0
37.866 2.08823e-09 0.981547 1.0188 0 0
37.926 2.08823e-09 0.981576 1.01877 0 0
37.986 2.08823e-09 0.981605 1.01874 0 0
38.046 2.08823e-09 0.981634 1.01871 0 0
38.106 2.08823e-09 0.981663 1.01868 0 0
38.166 2.08823e-09 0.981692 1.01865 0 0
38.226 2.08823e-09 0.981721 1.01862 0 0
38.286 2.08823e-09 0.981749 1.01859 0 0
38.346 2.08823e-09 0.981778 1.01856 0 0
38.406 2.08823e-09 0.981806 1.01853 0 0
38.466 2.08823e-09 0.981835 1.0185 0 0
38.526 2.08823e-09 0.981863 1.01847 0 0
38.586 2.08823e-09 0.981891 1.01844 0 0
38.646 2.08823e-09 0.981919 1.01841 0 0
38.706 2.08823e-09 0.981947 1.01838 0 0
38.766 2.08823e-09 0.981975 1.01836 0 0
38.826 2.08823e-09 0.982003 1.01833 0 0
38.886 2.08823e-09 0.982031 1.0183 0 0
38.946 2.08823e-09 0.982059 1.01827 0 0
39.006 2.08823e-09 0.982086 1.01824 0 0
39.066 2.08823e-09 0.982114 1.01821 0 0
39.126 2.08823e-09 0.982141 1.01818 0 0
39.186 2.08823e-09 0.982168 1.01816 0 0
39.246 2.08823e-09 0.982196 1.01813 0 0
39.306 2.08823e-09 0.982223 1.0181 0 0
39.366 2.08823e-09 0.98225 1.01807 0 0
39.426 2.08823e-09 0.982277 1.01804 0 0
39.486 2.08823e-09 0.982304 1.01801 0 0
39.546 2.08823e-09 0.982331 1.01799 0 0
39.606 2.08823e-09 0.982358 1.01796 0 0
39.666 2.08823e-09 0.982384 1.01793 0 0
39.726 2.08823e-09 0.982411 1.0179 0 0
39.786 2.08823e-09 0.982437 1.01788 0 0
39.846 2.08823e-09 0.982464 1.01785 0 0
39.906 2.08823e-09 0.98249 1.01782 0 0
39.966 2.08823e-09 0.982516 1.01779 0 0
40.026 2.08823e-09 0.982543 1.01777 0 0
40.086 2.08823e-09 0.982569 1.01774 0 0
40.146 2.08823e-09 0.982595 1.01771 0 0
40.206 2.08823e-09 0.982621 1.01769 0 0
40.266 2.08823e-09 0.982647 1.01766 0 0
40.326 2.08823e-09 0.982673 1.01763 0 0
40.386 2.08823e-09 0.982698 1.01761 0 0
40.446 2.08823e-09 0.982724 1.01758 0 0
40.506 2.08823e-09 0.98275 1.01755 0 0
40.566 2.08823e-09 0.982775 1.01753 0 0
40.626 2.08823e-09 0.982801 1.0175 0 0
40.686 2.08823e-09 0.982826 1.01747 0 0
40.746 2.08823e-09 0.982851 1.01745 0 0
40.806 2.08823e-09 0.982876 1.01742 0 0
40.866 2.08823e-09 0.982902 1.0174 0 0
40.926 2.08823e-09 0.982927 1.01737 0 0
40.986 2.08823e-09 0.982952 1.01734 0 0
41.046 2.08823e-09 0.982977 1.01732 0 0
41.106 2.08823e-09 0.983001 1.01729 0 0
41.166 2.08823e-09 0.983026 1.01727 0 0
41.226 2.08823e-09 0.983051 1.01724 0 0
41.286 2.08823e-09 0.983075 1.01722 0 0
41.346 2.08823e-09 0.9831 1.01719 0 0
41.406 2.08823e-09 0.983125 1.01717 0 0
41.466 2.08823e-09 0.983149 1.01714 0 0
41.526 2.08823e-09 0.983173 1.01711 0 0
41.586 2.08823e-09 0.983198 1.01709 0 0
41.646 2.08823e-09 0.983222 1.01706 0 0
41.706 2.08823e-09 0.983246 1.01704 0 0
41.766 2.08823e-09 0.98327 1.01701 0 0
41.826 2.08823e-09 0.983294 1.01699 0 0
41.886 2.08823e-09 0.983318 1.01697 0 0
41.946 2.08823e-09 0.983342 1.01694 0 0
42.006 2.08823e-09 0.983366 1.01692 0 0
42.066 2.08823e-09 0.983389 1.01689 0 0
42.126 2.08823e-09 0.983413 1.01687 0 0
42.186 2.08823e-09 0.983437 1.01684 0 0
42.246 2.08823e-09 0.98346 1.01682 0 0
42.306 2.08823e-09 0.983484 1.01679 0 0
42.366 2.08823e-09 0.983507 1.01677 0 0
42.426 2.08823e-09 0.98353 1.01675 0 0
42.486 2.08823e-09 0.983553 1.01672 0 0
42.546 2.08823e-09 0.983577 1.0167 0 0
42.606 2.08823e-09 0.9836 1.01667 0 0
42.666 2.08823e-09 0.983623 1.01665 0 0
42.726 2.08823e-09 0.983646 1.01663 0 0
42.786 2.08823e-09 0.983669 1.0166 0 0
42.846 2.08823e-09 0.983692 1.01658 0 0
42.906 2.08823e-09 0.983714 1.01656 0 0
42.966 2.08823e-09 0.983737 1.01653 0 0
43.026 2.08823e-09 0.98376 1.01651 0 0
43.086 2.08823e-09 0.983783 1.01648 0 0
43.146 2.08823e-09 0.983805 1.01646 0 0
43.206 2.08823e-09 0.983828 1.01644 0 0
43.266 2.08823e-09 0.98385 1.01642 0 0
43.326 2.08823e-09 0.983872 1.01639 0 0
43.386 2.08823e-09 0.983895 1.01637 0 0
43.446 2.08823e-09 0.983917 1.01635 0 0
43.506 2.08823e-09 0.983939 1.01632 0 0
43.566 2.08823e-09 0.983961 1.0163 0 0
43.626 2.08823e-09 0.983983 1.01628 0 0
43.686 2.08823e-09 0.984005 1.01625 0 0
43.746 2.08823e-09 0.984027 1.01623 0 0
43.806 2.08823e-09 0.984049 1.01621 0 0
43.866 2.08823e-09 0.984071 1.01619 0 0
43.926 2.08823e-09 0.984093 1.01616 0 0
43.986 2.08823e-09 0.984114 1.01614 0 0
44.046 2.08823e-09 0.984136 1.01612 0 0
44.106 2.08823e-09 0.984158 1.0161 0 0
44.166 2.08823e-09 0.984179 1.01608 0 0
44.226 2.08823e-09 0.984201 1.01605 0 0
44.286 2.08823e-09 0.984222 1.01603 0 0
44.346 2.08823e-09 0.984243 1.01601 0 0
44.406 2.08823e-09 0.984265 1.01599 0 0
44.466 2.08823e-09 0.984286 1.01597 0 0
44.526 2.08823e-09 0.984307 1.01594 0 0
44.586 2.08823e-09 0.984328 1.01592 0 0
44.646 2.08823e-09 0.984349 1.0159 0 0
44.706 2.08823e-09 0.98437 1.01588 0 0
44.766 2.08823e-09 0.984391 1.01586 0 0
44.826 2.08823e-09 0.984412 1.01583 0 0
44.886 2.08823e-09 0.984433 1.01581 0 0
44.946 2.08823e-09 0.984454 1.01579 0 0
45.006 2.08823e-09 0.984474 1.01577 0 0
45.066 2.08823e-09 0.984495 1.01575 0 0
45.126 2.08823e-09 0.984516 1.01573 0 0
45.186 2.08823e-09 0.984536 1.01571 0 0
45.246 2.08823e-09 0.984557 1.01569 0 0
45.306 2.08823e-09 0.984577 1.01566 0 0
45.366 2.08823e-09 0.984598 1.01564 0 0
45.426 2.08823e-09 0.984618 1.01562 0 0
45.486 2.08823e-09 0.984638 1.0156 0 0
45.546 2.08823e-09 0.984658 1.01558 0 0
45.606 2.08823e-09 0.984679 1.01556 0 0
45.666 2.08823e-09 0.984699 1.01554 0 0
45.726 2.08823e-09 0.984719 1.01552 0 0
45.786 2.08823e-09 0.984739 1.0155 0 0
45.846 2.08823e-09 0.984759 1.01548 0 0
45.906 2.08823e-09 0.984779 1.01546 0 0
45.966 2.08823e-09 0.984799 1.01544 0 0
46.026 2.08823e-09 0.984818 1.01542 0 0
46.086 2.08823e-09 0.984838 1.0154 0 0
46.146 2.08823e-09 0.984858 1.01537 0 0
46.206 2.08823e-09 0.984878 1.01535 0 0
46.266 2.08823e-09 0.984897 1.01533 0 0
46.326 2.08823e-09 0.984917 1.01531 0 0
46.386 2.08823e-09 0.984936 1.01529 0 0
46.446 2.08823e-09 0.984956 1.01527 0 0
46.506 2.08823e-09 0.984975 1.01525 0 0
46.566 2.08823e-09 0.984994 1.01523 0 0
46.626 2.08823e-09 0.985014 1.01521 0 0
46.686 2.08823e-09 0.985033 1.01519 0 0
46.746 2.08823e-09 0.985052 1.01517 0 0
46.806 2.08823e-09 0.985071 1.01515 0 0
46.866 2.08823e-09 0.985091 1.01514 0 0
46.926 2.08823e-09 0.98511 1.01512 0 0
46.986 2.08823e-09 0.985129 1.0151 0 0
47.046 2.08823e-09 0.985148 1.01508 0 0
47.106 2.08823e-09 0.985167 1.01506 0 0
47.166 2.08823e-09 0.985185 1.01504 0 0
47.226 2.08823e-09 0.985204 1.01502 0 0
47.286 2.08823e-09 0.985223 1.015 0 0
47.346 2.08823e-09 0.985242 1.01498 0 0
47.406 2.08823e-09 0.98526 1.01496 0 0
47.466 2.08823e-09 0.985279 1.01494 0 0
47.526 2.08823e-09 0.985298 1.01492 0 0
47.586 2.08823e-09 0.985316 1.0149 0 0
47.646 2.08823e-09 0.985335 1.01488 0 0
47.706 2.08823e-09 0.985353 1.01486 0 0
47.766 2.08823e-09 0.985371 1.01485 0 0
47.826 2.08823e-09 0.98539 1.01483 0 0
47.886 2.08823e-09 0.985408 1.01481 0 0
47.946 2.08823e-09 0.985426 1.01479 0 0
48.006 2.08823e-09 0.985445 1.01477 0 0
48.066 2.08823e-09 0.985463 1.01475 0 0
48.126 2.08823e-09 0.985481 1.01473 0 0
48.186 2.08823e-09 0.985499 1.01471 0 0
48.246 2.08823e-09 0.985517 1.0147 0 0
48.306 2.08823e-09 0.985535 1.01468 0 0
48.366 2.08823e-09 0.985553 1.01466 0 0
48.426 2.08823e-09 0.985571 1.01464 0 0
48.486 2.08823e-09 0.985589 1.01462 0 0
48.546 2.08823e-09 0.985607 1.0146 0 0
48.606 2.08823e-09 0.985624 1.01459 0 0
48.666 2.08823e-09 0.985642 1.01457 0 0
48.726 2.08823e-09 0.98566 1.01455 0 0
48.786 2.08823e-09 0.985677 1.01453 0 0
48.846 2.08823e-09 0.985695 1.01451 0 0
48.906 2.08823e-09 0.985712 1.01449 0 0
48.966 2.08823e-09 0.98573 1.01448 0 0
49.026 2.08823e-09 0.985747 1.01446 0 0
49.086 2.08823e-09 0.985765 1.01444 0 0
49.146 2.08823e-09 0.985782 1.01442 0 0
49.206 2.08823e-09 0.9858 1.0144 0 0
49.266 2.08823e-09 0.985817 1.01439 0 0
49.326 2.08823e-09 0.985834 1.01437 0 0
49.386 2.08823e-09 0.985851 1.01435 0 0
49.446 2.08823e-09 0.985868 1.01433 0 0
49.506 2.08823e-09 0.985886 1.01432 0 0
49.566 2.08823e-09 0.985903 1.0143 0 0
49.626 2.08823e-09 0.98592 1.01428 0 0
49.686 2.08823e-09 0.985937 1.01426 0 0
49.746 2.08823e-09 0.985954 1.01425 0 0
49.806 2.08823e-09 0.985971 1.01423 0 0
49.866 2.08823e-09 0.985988 1.01421 0 0
49.926 2.08823e-09 0.986004 1.01419 0 0
49.986 2.08823e-09 0.986021 1.01418 0 0
50.046 2.08823e-09 0.986038 1.01416 0 0
50.106 2.08823e-09 0.986055 1.01414 0 0
50.166 2.08823e-09 0.986071 1.01413 0 0
50.226 2.08823e-09 0.986088 1.01411 0 0
50.286 2.08823e-09 0.986105 1.01409 0 0
50.346 2.08823e-09 0.986121 1.01407 0 0
50.406 2.08823e-09 0.986138 1.01406 0 0
50.466 2.08823e-09 0.986154 1.01404 0 0
50.526 2.08823e-09 0.986171 1.01402 0 0
50.586 2.08823e-09 0.986187 1.01401 0 0
50.646 2.08823e-09 0.986203 1.01399 0 0
50.706 2.08823e-09 0.98622 1.01397 0 0
50.766 2.08823e-09 0.986236 1.01396 0 0
50.826 2.08823e-09 0.986252 1.01394 0 0
50.886 2.08823e-09 0.986268 1.01392 0 0
50.946 2.08823e-09 0.986285 1.01391 0 0
51.006 2.08823e-09 0.986301 1.01389 0 0
51.066 2.08823e-09 0.986317 1.01387 0 0
51.126 2.08823e-09 0.986333 1.01386 0 0
51.186 2.08823e-09 0.986349 1.01384 0 0
51.246 2.08823e-09 0.986365 1.01382 0 0
51.306 2.08823e-09 0.986381 1.01381 0 0
51.366 2.08823e-09 0.986397 1.01379 0 0
51.426 2.08823e-09 0.986413 1.01377 0 0
51.486 2.08823e-09 0.986428 1.01376 0 0
51.546 2.08823e-09 0.986444 1.01374 0 0
51.606 2.08823e-09 0.98646 1.01373 0 0
51.666 2.08823e-09 0.986476 1.01371 0 0
51.726 2.08823e-09 0.986491 1.01369 0 0
51.786 2.08823e-09 0.986507 1.01368 0 0
51.846 2.08823e-09 0.986523 1.01366 0 0
51.906 2.08823e-09 0.986538 1.01365 0 0
51.966 2.08823e-09 0.986554 1.01363 0 0
52.026 2.08823e-09 0.986569 1.01361 0 0
52.086 2.08823e-09 0.986585 1.0136 0 0
52.146 2.08823e-09 0.9866 1.01358 0 0
52.206 2.08823e-09 0.986616 1.01357 0 0
52.266 2.08823e-09 0.986631 1.01355 0 0
52.326 2.08823e-09 0.986646 1.01353 0 0
52.386 2.08823e-09 0.986662 1.01352 0 0
52.446 2.08823e-09 0.986677 1.0135 0 0
52.506 2.08823e-09 0.986692 1.01349 0 0
52.566 2.08823e-09 0.986707 1.01347 0 0
52.626 2.08823e-09 0.986722 1.01346 0 0
52.686 2.08823e-09 0.986738 1.01344 0 0
52.746 2.08823e-09 0.986753 1.01343 0 0
52.806 2.08823e-09 0.986768 1.01341 0 0
52.866 2.08823e-09 0.986783 1.01339 0 0
52.926 2.08823e-09 0.986798 1.01338 0 0
52.986 2.08823e-09 0.986813 1.01336 0 0
53.046 2.08823e-09 0.986828 1.01335 0 0
53.106 2.08823e-09 0.986842 1.01333 0 0
53.166 2.08823e-09 0.986857 1.01332 0 0
53.226 2.08823e-09 0.986872 1.0133 0 0
53.286 2.08823e-09 0.986887 1.01329 0 0
53.346 2.08823e-09 0.986902 1.01327 0 0
53.406 2.08823e-09 0.986916 1.01326 0 0
53.466 2.08823e-09 0.986931 1.01324 0 0
53.526 2.08823e-09 0.986946 1.01323 0 0
53.586 2.08823e-09 0.98696 1.01321 0 0
53.646 2.08823e-09 0.986975 1.0132 0 0
53.706 2.08823e-09 0.986989 1.01318 0 0
53.766 2.08823e-09 0.987004 1.01317 0 0
53.826 2.08823e-09 0.987018 1.01315 0 0
53.886 2.08823e-09 0.987033 1.01314 0 0
53.946 2.08823e-09 0.987047 1.01312 0 0
54.006 2.08823e-09 0.987062 1.01311 0 0
54.066 2.08823e-09 0.987076 1.01309 0 0
54.126 2.08823e-09 0.98709 1.01308 0 0
54.186 2.08823e-09 0.987105 1.01306 0 0
54.246 2.08823e-09 0.987119 1.01305 0 0
54.306 2.08823e-09 0.987133 1.01303 0 0
54.366 2.08823e-09 0.987147 1.01302 0 0
54.426 2.08823e-09 0.987162 1.01301 0 0
54.486 2.08823e-09 0.987176 1.01299 0 0
54.546 2.08823e-09 0.98719 1.01298 0 0
54.606 2.08823e-09 0.987204 1.01296 0 0
54.666 2.08823e-09 0.987218 1.01295 0 0
54.726 2.08823e-09 0.987232 1.01293 0 0
54.786 2.08823e-09 0.987246 1.01292 0 0
54.846 2.08823e-09 0.98726 1.0129 0 0
54.906 2.08823e-09 0.987274 1.01289 0 0
54.966 2.08823e-09 0.987288 1.01288 0 0
55.026 2.08823e-09 0.987302 1.01286 0 0
55.086 2.08823e-09 0.987315 1.01285 0 0
55.146 2.08823e-09 0.987329 1.01283 0 0
55.206 2.08823e-09 0.987343 1.01282 0 0
55.266 2.08823e-09 0.987357 1.01281 0 0
55.326 2.08823e-09 0.98737 1.01279 0 0
55.386 2.08823e-09 0.987384 1.01278 0 0
55.446 2.08823e-09 0.987398 1.01276 0 0
55.506 2.08823e-09 0.987411 1.01275 0 0
55.566 2.08823e-09 0.987425 1.01274 0 0
55.626 2.08823e-09 0.987438 1.01272 0 0
55.686 2.08823e-09 0.987452 1.01271 0 0
55.746 2.08823e-09 0.987466 1.01269 0 0
55.806 2.08823e-09 0.987479 1.01268 0 0
55.866 2.08823e-09 0.987492 1.01267 0 0
55.926 2.08823e-09 0.987506 1.01265 0 0
55.986 2.08823e-09 0.987519 1.01264 0 0
56.046 2.08823e-09 0.987533 1.01262 0 0
56.106 2.08823e-09 0.987546 1.01261 0 0
56.166 2.08823e-09 0.987559 1.0126 0 0
56.226 2.08823e-09 0.987573 1.01258 0 0
56.286 2.08823e-09 0.987586 1.01257 0 0
56.346 2.08823e-09 0.987599 1.01256 0 0
56.406 2.08823e-09 0.987612 1.01254 0 0
56.466 2.08823e-09 0.987625 1.01253 0 0
56.526 2.08823e-09 0.987638 1.01252 0 0
56.586 2.08823e-09 0.987652 1.0125 0 0
56.646 2.08823e-09 0.987665 1.01249 0 0
56.706 2.08823e-09 0.987678 1.01248 0 0
56.766 2.08823e-09 0.987691 1.01246 0 0
56.826 2.08823e-09 0.987704 1.01245 0 0
56.886 2.08823e-09 0.987717 1.01244 0 0
56.946 2.08823e-09 0.98773 1.01242 0 0
57.006 2.08823e-09 0.987743 1.01241 0 0
57.066 2.08823e-09 0.987755 1.0124 0 0
57.126 2.08823e-09 0.987768 1.01238 0 0
57.186 2.08823e-09 0.987781 1.01237 0 0
57.246 2.08823e-09 0.987794 1.01236 0 0
57.306 2.08823e-09 0.987807 1.01234 0 0
57.366 2.08823e-09 0.98782 1.01233 0 0
57.426 2.08823e-09 0.987832 1.01232 0 0
57.486 2.08823e-09 0.987845 1.0123 0 0
57.546 2.08823e-09 0.987858 1.01229 0 0
57.606 2.08823e-09 0.98787 1.01228 0 0
57.666 2.08823e-09 0.987883 1.01227 0 0
57.726 2.08823e-09 0.987895 1.01225 0 0
57.786 2.08823e-09 0.987908 1.01224 0 0
57.846 2.08823e-09 0.987921 1.01223 0 0
57.906 2.08823e-09 0.987933 1.01221 0 0
57.966 2.08823e-09 0.987946 1.0122 0 0
58.026 2.08823e-09 0.987958 1.01219 0 0
58.086 2.08823e-09 0.98797 1.01218 0 0
58.146 2.08823e-09 0.987983 1.01216 0 0
58.206 2.08823e-09 0.987995 1.01215 0 0
58.266 2.08823e-09 0.988008 1.01214 0 0
58.326 2.08823e-09 0.98802 1.01213 0 0
58.386 2.08823e-09 0.988032 1.01211 0 0
58.446 2.08823e-09 0.988045 1.0121 0 0
58.506 2.08823e-09 0.988057 1.01209 0 0
58.566 2.08823e-09 0.988069 1.01207 0 0
58.626 2.08823e-09 0.988081 1.01206 0 0
58.686 2.08823e-09 0.988093 1.01205 0 0
58.746 2.08823e-09 0.988106 1.01204 0 0
58.806 2.08823e-09 0.988118 1.01203 0 0
58.866 2.08823e-09 0.98813 1.01201 0 0
58.926 2.08823e-09 0.988142 1.012 0 0
58.986 2.08823e-09 0.988154 1.01199 0 0
59.046 2.08823e-09 0.988166 1.01198 0 0
59.106 2.08823e-09 0.988178 1.01196 0 0
59.166 2.08823e-09 0.98819 1.01195 0 0
59.226 2.08823e-09 0.988202 1.01194 0 0
59.286 2.08823e-09 0.988214 1.01193 0 0
59.346 2.08823e-09 0.988226 1.01191 0 0
59.406 2.08823e-09 0.988238 1.0119 0 0
59.466 2.08823e-09 0.98825 1.01189 0 0
59.526 2.08823e-09 0.988261 1.01188 0 0
59.586 2.08823e-09 0.988273 1.01187 0 0
59.646 2.08823e-09 0.988285 1.01185 0 0
59.706 2.08823e-09 0.988297 1.01184 0 0
59.766 2.08823e-09 0.988309 1.01183 0 0
59.826 2.08823e-09 0.98832 1.01182 0 0
59.886 2.08823e-09 0.988332 1.01181 0 0
59.946 2.08823e-09 0.988344 1.01179 0 0

