0.06 0.764398
0.006 0.139215 0.107279 1 0.00446759 0.006684
0.066 0.138777 0.108068 1.00496 0.00441067 0.00664129
0.126 0.137602 0.110186 1.01799 0.00426257 0.00652884
0.186 0.135725 0.113642 1.03891 0.00403502 0.00635218
0.246 0.133189 0.118452 1.06734 0.00374461 0.00611932
0.306 0.130053 0.124631 1.10271 0.00341076 0.00584017
0.366 0.126387 0.132191 1.14428 0.00305326 0.00552564
0.426 0.122267 0.141133 1.19112 0.00269024 0.00518675
0.486 0.117776 0.15144 1.24211 0.00233672 0.00483396
0.546 0.112998 0.163078 1.29596 0.00200397 0.00447658
0.606 0.108014 0.175986 1.3513 0.00169943 0.00412242
0.666 0.102902 0.19008 1.40669 0.00142711 0.00377771
0.726 0.0977356 0.205249 1.46074 0.00118826 0.00344711
0.786 0.0925774 0.221365 1.51215 0.000982088 0.00313383
0.846 0.0874836 0.238279 1.55981 0.00080646 0.00283982
0.906 0.0825005 0.255835 1.60283 0.000658461 0.00256605
0.966 0.0776655 0.273871 1.64058 0.000534844 0.00231267
1.026 0.0730075 0.292228 1.6727 0.000432335 0.00207927
1.086 0.0685473 0.310754 1.69905 0.000347827 0.00186501
1.146 0.0642989 0.329307 1.71973 0.000278497 0.00166882
1.206 0.0602701 0.347761 1.735 0.00022185 0.00148946
1.266 0.0564639 0.366008 1.74523 0.000175731 0.00132564
1.326 0.0528792 0.383953 1.75088 0.000138308 0.00117604
1.386 0.0495118 0.401521 1.75247 0.000108039 0.00103942
1.446 0.046355 0.418652 1.75052 8.36433e-05 0.000914567
1.506 0.0434008 0.435298 1.74552 6.40599e-05 0.000800374
1.566 0.0406397 0.451427 1.73796 4.84154e-05 0.000695812
1.626 0.0380617 0.467016 1.72828 3.59931e-05 0.000599943
1.686 0.0356565 0.482051 1.71687 2.62059e-05 0.000511917
1.746 0.0334135 0.496528 1.70409 1.85735e-05 0.000430969
1.806 0.0313226 0.510447 1.69023 1.27029e-05 0.000356412
1.866 0.0293738 0.523814 1.67555 8.27298e-06 0.000287628
1.926 0.0275575 0.536638 1.66029 5.02059e-06 0.000224067
1.986 0.0258645 0.548932 1.64461 2.73029e-06 0.000165236
2.046 0.0242862 0.560711 1.62868 1.22534e-06 0.000110695
2.106 0.0228144 0.571991 1.61262 3.60623e-07 6.00519e-05
2.166 0.0214417 0.582789 1.59654 1.67887e-08 1.29571e-05
2.226 0.0201607 0.593124 1.58061 0 0
2.286 0.0189649 0.603016 1.56514 0 0
2.346 0.017848 0.612489 1.55015 0 0
2.406 0.0168043 0.621563 1.53565 0 0
2.466 0.0158283 0.630259 1.52164 0 0
2.526 0.0149153 0.638597 1.50813 0 0
2.586 0.0140607 0.646596 1.49511 0 0
2.646 0.0132603 0.654272 1.48256 0 0
2.706 0.0125103 0.661644 1.47047 0 0
2.766 0.0118071 0.668727 1.45883 0 0
2.826 0.0111476 0.675536 1.44763 0 0
2.886 0.0105286 0.682085 1.43685 0 0
2.946 0.00994735 0.688387 1.42647 0 0
3.006 0.00940137 0.694455 1.41649 0 0
3.066 0.00888822 0.700302 1.40688 0 0
3.126 0.00840572 0.705937 1.39762 0 0
3.186 0.00795184 0.711372 1.38872 0 0
3.246 0.00752468 0.716616 1.38014 0 0
3.306 0.00712251 0.721679 1.37188 0 0
3.366 0.00674371 0.72657 1.36392 0 0
3.426 0.00638678 0.731296 1.35625 0 0
3.486 0.00605032 0.735865 1.34885 0 0
3.546 0.00573304 0.740285 1.34172 0 0
3.606 0.00543374 0.744563 1.33484 0 0
3.666 0.00515129 0.748705 1.32821 0 0
3.726 0.00488466 0.752718 1.3218 0 0
3.786 0.00463288 0.756606 1.31561 0 0
3.846 0.00439504 0.760377 1.30964 0 0
3.906 0.00417029 0.764033 1.30386 0 0
3.966 0.00395786 0.767582 1.29828 0 0
4.026 0.003757 0.771027 1.29288 0 0
4.086 0.00356704 0.774372 1.28766 0 0
4.146 0.00338732 0.777622 1.28261 0 0
4.206 0.00321725 0.780781 1.27772 0 0
4.266 0.00305627 0.783852 1.27298 0 0
4.326 0.00290386 0.786839 1.26839 0 0
4.386 0.00275951 0.789746 1.26394 0 0
4.446 0.00262278 0.792574 1.25963 0 0
4.506 0.00249322 0.795329 1.25545 0 0
4.566 0.00237044 0.798011 1.2514 0 0
4.626 0.00225405 0.800625 1.24746 0 0
4.686 0.00214369 0.803172 1.24364 0 0
4.746 0.00203903 0.805656 1.23993 0 0
4.806 0.00193976 0.808078 1.23633 0 0
4.866 0.00184558 0.81044 1.23282 0 0
4.926 0.0017562 0.812745 1.22942 0 0
4.986 0.00167137 0.814996 1.22611 0 0
5.046 0.00159085 0.817193 1.22289 0 0
5.106 0.00151439 0.819338 1.21976 0 0
5.166 0.00144178 0.821434 1.21671 0 0
5.226 0.00137282 0.823482 1.21374 0 0
5.286 0.00130731 0.825484 1.21085 0 0
5.346 0.00124506 0.827441 1.20803 0 0
5.406 0.00118591 0.829354 1.20529 0 0
5.466 0.00112969 0.831226 1.20261 0 0
5.526 0.00107625 0.833058 1.20001 0 0
5.586 0.00102544 0.83485 1.19746 0 0
5.646 0.000977127 0.836604 1.19498 0 0
5.706 0.000931181 0.838321 1.19256 0 0
5.766 0.00088748 0.840002 1.1902 0 0
5.826 0.000845907 0.841649 1.18789 0 0
5.886 0.000806355 0.843263 1.18564 0 0
5.946 0.000768719 0.844844 1.18344 0 0
6.006 0.000732902 0.846393 1.18129 0 0
6.066 0.000698811 0.847912 1.17919 0 0
6.126 0.00066636 0.849402 1.17714 0 0
6.186 0.000635466 0.850862 1.17513 0 0
6.246 0.00060605 0.852294 1.17317 0 0
6.306 0.000578038 0.853699 1.17125 0 0
6.366 0.00055136 0.855078 1.16937 0 0
6.426 0.00052595 0.856431 1.16754 0 0
6.486 0.000501744 0.857759 1.16574 0 0
6.546 0.000478683 0.859062 1.16397 0 0
6.606 0.00045671 0.860342 1.16225 0 0
6.666 0.000435772 0.861599 1.16056 0 0
6.726 0.000415817 0.862833 1.15891 0 0
6.786 0.000396797 0.864046 1.15729 0 0
6.846 0.000378667 0.865237 1.1557 0 0
6.906 0.000361384 0.866408 1.15414 0 0
6.966 0.000344905 0.867559 1.15261 0 0
7.026 0.000329191 0.86869 1.15112 0 0
7.086 0.000314207 0.869801 1.14965 0 0
7.146 0.000299915 0.870895 1.14821 0 0
7.206 0.000286284 0.871969 1.1468 0 0
7.266 0.00027328 0.873027 1.14541 0 0
7.326 0.000260874 0.874066 1.14405 0 0
7.386 0.000249037 0.875089 1.14272 0 0
7.446 0.000237742 0.876096 1.1414 0 0
7.506 0.000226963 0.877086 1.14012 0 0
7.566 0.000216675 0.878061 1.13885 0 0
7.626 0.000206855 0.87902 1.13761 0 0
7.686 0.00019748 0.879965 1.13639 0 0
7.746 0.00018853 0.880895 1.13519 0 0
7.806 0.000179984 0.88181 1.13402 0 0
7.866 0.000171822 0.882712 1.13286 0 0
7.926 0.000164028 0.883599 1.13172 0 0
7.986 0.000156582 0.884474 1.13061 0 0
8.046 0.00014947 0.885335 1.12951 0 0
8.106 0.000142675 0.886184 1.12842 0 0
8.166 0.000136181 0.88702 1.12736 0 0
8.226 0.000129976 0.887844 1.12632 0 0
8.286 0.000124045 0.888657 1.12529 0 0
8.346 0.000118375 0.889457 1.12428 0 0
8.406 0.000112955 0.890246 1.12328 0 0
8.466 0.000107771 0.891024 1.1223 0 0
8.526 0.000102814 0.891791 1.12133 0 0
8.586 9.80727e-05 0.892547 1.12038 0 0
8.646 9.35365e-05 0.893293 1.11945 0 0
8.706 8.9196e-05 0.894028 1.11853 0 0
8.766 8.50419e-05 0.894753 1.11762 0 0
8.826 8.10655e-05 0.895469 1.11673 0 0
8.886 7.72583e-05 0.896175 1.11585 0 0
8.946 7.36124e-05 0.896871 1.11498 0 0
9.006 7.01201e-05 0.897558 1.11413 0 0
9.066 6.67742e-05 0.898236 1.11329 0 0
9.126 6.35676e-05 0.898905 1.11246 0 0
9.186 6.04937e-05 0.899565 1.11165 0 0
9.246 5.75462e-05 0.900217 1.11084 0 0
9.306 5.4719e-05 0.900861 1.11005 0 0
9.366 5.20064e-05 0.901496 1.10927 0 0
9.426 4.94027e-05 0.902123 1.1085 0 0
9.486 4.69028e-05 0.902742 1.10774 0 0
9.546 4.45015e-05 0.903353 1.10699 0 0
9.606 4.2194e-05 0.903957 1.10625 0 0
9.666 3.99757e-05 0.904553 1.10552 0 0
9.726 3.78422e-05 0.905142 1.1048 0 0
9.786 3.57893e-05 0.905723 1.10409 0 0
9.846 3.38128e-05 0.906298 1.10339 0 0
9.906 3.19089e-05 0.906865 1.1027 0 0
9.966 3.00739e-05 0.907426 1.10202 0 0
10.026 2.83041e-05 0.90798 1.10135 0 0
10.086 2.65963e-05 0.908528 1.10068 0 0
10.146 2.4947e-05 0.909068 1.10003 0 0
10.206 2.33532e-05 0.909603 1.09938 0 0
10.266 2.18118e-05 0.910131 1.09874 0 0
10.326 2.03199e-05 0.910654 1.09811 0 0
10.386 1.88747e-05 0.91117 1.09749 0 0
10.446 1.74734e-05 0.91168 1.09688 0 0
10.506 1.61136e-05 0.912184 1.09627 0 0
10.566 1.47927e-05 0.912683 1.09567 0 0
10.626 1.35083e-05 0.913176 1.09508 0 0
10.686 1.2258e-05 0.913664 1.09449 0 0
10.746 1.10397e-05 0.914146 1.09392 0 0
10.806 9.85115e-06 0.914622 1.09335 0 0
10.866 8.69026e-06 0.915094 1.09278 0 0
10.926 7.55499e-06 0.91556 1.09223 0 0
10.986 6.44337e-06 0.916021 1.09168 0 0
11.046 5.35351e-06 0.916477 1.09113 0 0
11.106 4.28353e-06 0.916929 1.0906 0 0
11.166 3.23163e-06 0.917375 1.09007 0 0
11.226 2.19606e-06 0.917817 1.08954 0 0
11.286 1.17511e-06 0.918254 1.08902 0 0
11.346 1.67099e-07 0.918686 1.08851 0 0
11.406 1.39215e-09 0.919114 1.088 0 0
11.466 1.39215e-09 0.919537 1.0875 0 0
11.526 1.39215e-09 0.919956 1.08701 0 0
11.586 1.39215e-09 0.92037 1.08652 0 0
11.646 1.39215e-09 0.920781 1.08604 0 0
11.706 1.39215e-09 0.921187 1.08556 0 0
11.766 1.39215e-09 0.921588 1.08508 0 0
11.826 1.39215e-09 0.921986 1.08461 0 0
11.886 1.39215e-09 0.92238 1.08415 0 0
11.946 1.39215e-09 0.92277 1.08369 0 0
12.006 1.39215e-09 0.923156 1.08324 0 0
12.066 1.39215e-09 0.923538 1.08279 0 0
12.126 1.39215e-09 0.923916 1.08235 0 0
12.186 1.39215e-09 0.924291 1.08191 0 0
12.246 1.39215e-09 0.924662 1.08148 0 0
12.306 1.39215e-09 0.925029 1.08105 0 0
12.366 1.39215e-09 0.925393 1.08062 0 0
12.426 1.39215e-09 0.925753 1.0802 0 0
12.486 1.39215e-09 0.92611 1.07979 0 0
12.546 1.39215e-09 0.926463 1.07937 0 0
12.606 1.39215e-09 0.926813 1.07897 0 0
12.666 1.39215e-09 0.92716 1.07856 0 0
12.726 1.39215e-09 0.927504 1.07816 0 0
12.786 1.39215e-09 0.927844 1.07777 0 0
12.846 1.39215e-09 0.928181 1.07738 0 0
12.906 1.39215e-09 0.928515 1.07699 0 0
12.966 1.39215e-09 0.928845 1.07661 0 0
13.026 1.39215e-09 0.929173 1.07623 0 0
13.086 1.39215e-09 0.929498 1.07585 0 0
13.146 1.39215e-09 0.92982 1.07548 0 0
13.206 1.39215e-09 0.930139 1.07511 0 0
13.266 1.39215e-09 0.930455 1.07474 0 0
13.326 1.39215e-09 0.930768 1.07438 0 0
13.386 1.39215e-09 0.931078 1.07402 0 0
13.446 1.39215e-09 0.931386 1.07367 0 0
13.506 1.39215e-09 0.93169 1.07332 0 0
13.566 1.39215e-09 0.931992 1.07297 0 0
13.626 1.39215e-09 0.932292 1.07263 0 0
13.686 1.39215e-09 0.932589 1.07228 0 0
13.746 1.39215e-09 0.932883 1.07195 0 0
13.806 1.39215e-09 0.933175 1.07161 0 0
13.866 1.39215e-09 0.933464 1.07128 0 0
13.926 1.39215e-09 0.933751 1.07095 0 0
13.986 1.39215e-09 0.934035 1.07062 0 0
14.046 1.39215e-09 0.934317 1.0703 0 0
14.106 1.39215e-09 0.934596 1.06998 0 0
14.166 1.39215e-09 0.934873 1.06966 0 0
14.226 1.39215e-09 0.935148 1.06935 0 0
14.286 1.39215e-09 0.93542 1.06904 0 0
14.346 1.39215e-09 0.93569 1.06873 0 0
14.406 1.39215e-09 0.935958 1.06842 0 0
14.466 1.39215e-09 0.936224 1.06812 0 0
14.526 1.39215e-09 0.936487 1.06782 0 0
14.586 1.39215e-09 0.936748 1.06752 0 0
14.646 1.39215e-09 0.937007 1.06723 0 0
14.706 1.39215e-09 0.937264 1.06693 0 0
14.766 1.39215e-09 0.937519 1.06664 0 0
14.826 1.39215e-09 0.937772 1.06636 0 0
14.886 1.39215e-09 0.938023 1.06607 0 0
14.946 1.39215e-09 0.938272 1.06579 0 0
15.006 1.39215e-09 0.938519 1.06551 0 0
15.066 1.39215e-09 0.938763 1.06523 0 0
15.126 1.39215e-09 0.939006 1.06496 0 0
15.186 1.39215e-09 0.939247 1.06468 0 0
15.246 1.39215e-09 0.939486 1.06441 0 0
15.306 1.39215e-09 0.939724 1.06414 0 0
15.366 1.39215e-09 0.939959 1.06388 0 0
15.426 1.39215e-09 0.940193 1.06361 0 0
15.486 1.39215e-09 0.940424 1.06335 0 0
15.546 1.39215e-09 0.940654 1.06309 0 0
15.606 1.39215e-09 0.940882 1.06283 0 0
15.666 1.39215e-09 0.941109 1.06258 0 0
15.726 1.39215e-09 0.941333 1.06232 0 0
15.786 1.39215e-09 0.941556 1.06207 0 0
15.846 1.39215e-09 0.941778 1.06182 0 0
15.906 1.39215e-09 0.941997 1.06157 0 0
15.966 1.39215e-09 0.942215 1.06133 0 0
16.026 1.39215e-09 0.942432 1.06108 0 0
16.086 1.39215e-09 0.942646 1.06084 0 0
16.146 1.39215e-09 0.94286 1.0606 0 0
16.206 1.39215e-09 0.943071 1.06037 0 0
16.266 1.39215e-09 0.943281 1.06013 0 0
16.326 1.39215e-09 0.94349 1.0599 0 0
16.386 1.39215e-09 0.943696 1.05966 0 0
16.446 1.39215e-09 0.943902 1.05943 0 0
16.506 1.39215e-09 0.944106 1.0592 0 0
16.566 1.39215e-09 0.944308 1.05898 0 0
16.626 1.39215e-09 0.944509 1.05875 0 0
16.686 1.39215e-09 0.944709 1.05853 0 0
16.746 1.39215e-09 0.944907 1.05831 0 0
16.806 1.39215e-09 0.945104 1.05809 0 0
16.866 1.39215e-09 0.945299 1.05787 0 0
16.926 1.39215e-09 0.945493 1.05765 0 0
16.986 1.39215e-09 0.945685 1.05743 0 0
17.046 1.39215e-09 0.945876 1.05722 0 0
17.106 1.39215e-09 0.946066 1.05701 0 0
17.166 1.39215e-09 0.946255 1.0568 0 0
17.226 1.39215e-09 0.946442 1.05659 0 0
17.286 1.39215e-09 0.946628 1.05638 0 0
17.346 1.39215e-09 0.946813 1.05618 0 0
17.406 1.39215e-09 0.946996 1.05597 0 0
17.466 1.39215e-09 0.947178 1.05577 0 0
17.526 1.39215e-09 0.947359 1.05557 0 0
17.586 1.39215e-09 0.947538 1.05537 0 0
17.646 1.39215e-09 0.947717 1.05517 0 0
17.706 1.39215e-09 0.947894 1.05497 0 0
17.766 1.39215e-09 0.94807 1.05477 0 0
17.826 1.39215e-09 0.948245 1.05458 0 0
17.886 1.39215e-09 0.948418 1.05439 0 0
17.946 1.39215e-09 0.948591 1.0542 0 0
18.006 1.39215e-09 0.948762 1.05401 0 0
18.066 1.39215e-09 0.948932 1.05382 0 0
18.126 1.39215e-09 0.949101 1.05363 0 0
18.186 1.39215e-09 0.949269 1.05344 0 0
18.246 1.39215e-09 0.949436 1.05326 0 0
18.306 1.39215e-09 0.949602 1.05307 0 0
18.366 1.39215e-09 0.949766 1.05289 0 0
18.426 1.39215e-09 0.94993 1.05271 0 0
18.486 1.39215e-09 0.950092 1.05253 0 0
18.546 1.39215e-09 0.950254 1.05235 0 0
18.606 1.39215e-09 0.950414 1.05217 0 0
18.666 1.39215e-09 0.950574 1.052 0 0
18.726 1.39215e-09 0.950732 1.05182 0 0
18.786 1.39215e-09 0.950889 1.05165 0 0
18.846 1.39215e-09 0.951046 1.05147 0 0
18.906 1.39215e-09 0.951201 1.0513 0 0
18.966 1.39215e-09 0.951356 1.05113 0 0
19.026 1.39215e-09 0.951509 1.05096 0 0
19.086 1.39215e-09 0.951661 1.05079 0 0
19.146 1.39215e-09 0.951813 1.05063 0 0
19.206 1.39215e-09 0.951963 1.05046 0 0
19.266 1.39215e-09 0.952113 1.0503 0 0
19.326 1.39215e-09 0.952262 1.05013 0 0
19.386 1.39215e-09 0.952409 1.04997 0 0
19.446 1.39215e-09 0.952556 1.04981 0 0
19.506 1.39215e-09 0.952702 1.04965 0 0
19.566 1.39215e-09 0.952847 1.04949 0 0
19.626 1.39215e-09 0.952991 1.04933 0 0
19.686 1.39215e-09 0.953135 1.04917 0 0
19.746 1.39215e-09 0.953277 1.04901 0 0
19.806 1.39215e-09 0.953419 1.04886 0 0
19.866 1.39215e-09 0.953559 1.0487 0 0
19.926 1.39215e-09 0.953699 1.04855 0 0
19.986 1.39215e-09 0.953838 1.0484 0 0
20.046 1.39215e-09 0.953976 1.04824 0 0
20.106 1.39215e-09 0.954114 1.04809 0 0
20.166 1.39215e-09 0.95425 1.04794 0 0
20.226 1.39215e-09 0.954386 1.04779 0 0
20.286 1.39215e-09 0.954521 1.04765 0 0
20.346 1.39215e-09 0.954655 1.0475 0 0
20.406 1.39215e-09 0.954788 1.04735 0 0
20.466 1.39215e-09 0.954921 1.04721 0 0
20.526 1.39215e-09 0.955053 1.04706 0 0
20.586 1.39215e-09 0.955184 1.04692 0 0
20.646 1.39215e-09 0.955314 1.04678 0 0
20.706 1.39215e-09 0.955443 1.04663 0 0
20.766 1.39215e-09 0.955572 1.04649 0 0
20.826 1.39215e-09 0.9557 1.04635 0 0
20.886 1.39215e-09 0.955827 1.04621 0 0
20.946 1.39215e-09 0.955954 1.04608 0 0
21.006 1.39215e-09 0.95608 1.04594 0 0
21.066 1.39215e-09 0.956205 1.0458 0 0
21.126 1.39215e-09 0.956329 1.04567 0 0
21.186 1.39215e-09 0.956453 1.04553 0 0
21.246 1.39215e-09 0.956576 1.0454 0 0
21.306 1.39215e-09 0.956698 1.04526 0 0
21.366 1.39215e-09 0.95682 1.04513 0 0
21.426 1.39215e-09 0.956941 1.045 0 0
21.486 1.39215e-09 0.957061 1.04487 0 0
21.546 1.39215e-09 0.95718 1.04474 0 0
21.606 1.39215e-09 0.957299 1.04461 0 0
21.666 1.39215e-09 0.957418 1.04448 0 0
21.726 1.39215e-09 0.957535 1.04435 0 0
21.786 1.39215e-09 0.957652 1.04422 0 0
21.846 1.39215e-09 0.957768 1.04409 0 0
21.906 1.39215e-09 0.957884 1.04397 0 0
21.966 1.39215e-09 0.957999 1.04384 0 0
22.026 1.39215e-09 0.958114 1.04372 0 0
22.086 1.39215e-09 0.958227 1.04359 0 0
22.146 1.39215e-09 0.958341 1.04347 0 0
22.206 1.39215e-09 0.958453 1.04335 0 0
22.266 1.39215e-09 0.958565 1.04323 0 0
22.326 1.39215e-09 0.958676 1.0431 0 0
22.386 1.39215e-09 0.958787 1.04298 0 0
22.446 1.39215e-09 0.958897 1.04286 0 0
22.506 1.39215e-09 0.959007 1.04275 0 0
22.566 1.39215e-09 0.959116 1.04263 0 0
22.626 1.39215e-09 0.959224 1.04251 0 0
22.686 1.39215e-09 0.959332 1.04239 0 0
22.746 1.39215e-09 0.959439 1.04228 0 0
22.806 1.39215e-09 0.959546 1.04216 0 0
22.866 1.39215e-09 0.959652 1.04204 0 0
22.926 1.39215e-09 0.959758 1.04193 0 0
22.986 1.39215e-09 0.959863 1.04182 0 0
23.046 1.39215e-09 0.959967 1.0417 0 0
23.106 1.39215e-09 0.960071 1.04159 0 0
23.166 1.39215e-09 0.960175 1.04148 0 0
23.226 1.39215e-09 0.960278 1.04137 0 0
23.286 1.39215e-09 0.96038 1.04125 0 0
23.346 1.39215e-09 0.960482 1.04114 0 0
23.406 1.39215e-09 0.960583 1.04103 0 0
23.466 1.39215e-09 0.960684 1.04093 0 0
23.526 1.39215e-09 0.960784 1.04082 0 0
23.586 1.39215e-09 0.960884 1.04071 0 0
23.646 1.39215e-09 0.960983 1.0406 0 0
23.706 1.39215e-09 0.961082 1.04049 0 0
23.766 1.39215e-09 0.96118 1.04039 0 0
23.826 1.39215e-09 0.961278 1.04028 0 0
23.886 1.39215e-09 0.961375 1.04018 0 0
23.946 1.39215e-09 0.961472 1.04007 0 0
24.006 1.39215e-09 0.961568 1.03997 0 0
24.066 1.39215e-09 0.961664 1.03986 0 0
24.126 1.39215e-09 0.96176 1.03976 0 0
24.186 1.39215e-09 0.961854 1.03966 0 0
24.246 1.39215e-09 0.961949 1.03956 0 0
24.306 1.39215e-09 0.962043 1.03945 0 0
24.366 1.39215e-09 0.962136 1.03935 0 0
24.426 1.39215e-09 0.962229 1.03925 0 0
24.486 1.39215e-09 0.962322 1.03915 0 0
24.546 1.39215e-09 0.962414 1.03905 0 0
24.606 1.39215e-09 0.962505 1.03896 0 0
24.666 1.39215e-09 0.962597 1.03886 0 0
24.726 1.39215e-09 0.962687 1.03876 0 0
24.786 1.39215e-09 0.962778 1.03866 0 0
24.846 1.39215e-09 0.962868 1.03856 0 0
24.906 1.39215e-09 0.962957 1.03847 0 0
24.966 1.39215e-09 0.963046 1.03837 0 0
25.026 1.39215e-09 0.963135 1.03828 0 0
25.086 1.39215e-09 0.963223 1.03818 0 0
25.146 1.39215e-09 0.963311 1.03809 0 0
25.206 1.39215e-09 0.963398 1.03799 0 0
25.266 1.39215e-09 0.963485 1.0379 0 0
25.326 1.39215e-09 0.963571 1.03781 0 0
25.386 1.39215e-09 0.963658 1.03771 0 0
25.446 1.39215e-09 0.963743 1.03762 0 0
25.506 1.39215e-09 0.963829 1.03753 0 0
25.566 1.39215e-09 0.963913 1.03744 0 0
25.626 1.39215e-09 0.963998 1.03735 0 0
25.686 1.39215e-09 0.964082 1.03726 0 0
25.746 1.39215e-09 0.964166 1.03717 0 0
25.806 1.39215e-09 0.964249 1.03708 0 0
25.866 1.39215e-09 0.964332 1.03699 0 0
25.926 1.39215e-09 0.964414 1.0369 0 0
25.986 1.39215e-09 0.964497 1.03681 0 0
26.046 1.39215e-09 0.964578 1.03672 0 0
26.106 1.39215e-09 0.96466 1.03663 0 0
26.166 1.39215e-09 0.964741 1.03655 0 0
26.226 1.39215e-09 0.964822 1.03646 0 0
26.286 1.39215e-09 0.964902 1.03637 0 0
26.346 1.39215e-09 0.964982 1.03629 0 0
26.406 1.39215e-09 0.965061 1.0362 0 0
26.466 1.39215e-09 0.965141 1.03612 0 0
26.526 1.39215e-09 0.965219 1.03603 0 0
26.586 1.39215e-09 0.965298 1.03595 0 0
26.646 1.39215e-09 0.965376 1.03587 0 0
26.706 1.39215e-09 0.965454 1.03578 0 0
26.766 1.39215e-09 0.965531 1.0357 0 0
26.826 1.39215e-09 0.965608 1.03562 0 0
26.886 1.39215e-09 0.965685 1.03553 0 0
26.946 1.39215e-09 0.965762 1.03545 0 0
27.006 1.39215e-09 0.965838 1.03537 0 0
27.066 1.39215e-09 0.965913 1.03529 0 0
27.126 1.39215e-09 0.965989 1.03521 0 0
27.186 1.39215e-09 0.966064 1.03513 0 0
27.246 1.39215e-09 0.966139 1.03505 0 0
27.306 1.39215e-09 0.966213 1.03497 0 0
27.366 1.39215e-09 0.966287 1.03489 0 0
27.426 1.39215e-09 0.966361 1.03481 0 0
27.486 1.39215e-09 0.966434 1.03473 0 0
27.546 1.39215e-09 0.966507 1.03465 0 0
27.606 1.39215e-09 0.96658 1.03458 0 0
27.666 1.39215e-09 0.966653 1.0345 0 0
27.726 1.39215e-09 0.966725 1.03442 0 0
27.786 1.39215e-09 0.966797 1.03434 0 0
27.846 1.39215e-09 0.966868 1.03427 0 0
27.906 1.39215e-09 0.966939 1.03419 0 0
27.966 1.39215e-09 0.96701 1.03412 0 0
28.026 1.39215e-09 0.967081 1.03404 0 0
28.086 1.39215e-09 0.967151 1.03396 0 0
28.146 1.39215e-09 0.967221 1.03389 0 0
28.206 1.39215e-09 0.967291 1.03382 0 0
28.266 1.39215e-09 0.96736 1.03374 0 0
28.326 1.39215e-09 0.96743 1.03367 0 0
28.386 1.39215e-09 0.967498 1.03359 0 0
28.446 1.39215e-09 0.967567 1.03352 0 0
28.506 1.39215e-09 0.967635 1.03345 0 0
28.566 1.39215e-09 0.967703 1.03337 0 0
28.626 1.39215e-09 0.967771 1.0333 0 0
28.686 1.39215e-09 0.967838 1.03323 0 0
28.746 1.39215e-09 0.967905 1.03316 0 0
28.806 1.39215e-09 0.967972 1.03309 0 0
28.866 1.39215e-09 0.968039 1.03302 0 0
28.926 1.39215e-09 0.968105 1.03295 0 0
28.986 1.39215e-09 0.968171 1.03288 0 0
29.046 1.39215e-09 0.968237 1.03281 0 0
29.106 1.39215e-09 0.968302 1.03274 0 0
29.166 1.39215e-09 0.968368 1.03267 0 0
29.226 1.39215e-09 0.968433 1.0326 0 0
29.286 1.39215e-09 0.968497 1.03253 0 0
29.346 1.39215e-09 0.968562 1.03246 0 0
29.406 1.39215e-09 0.968626 1.03239 0 0
29.466 1.39215e-09 0.96869 1.03232 0 0
29.526 1.39215e-09 0.968753 1.03225 0 0
29.586 1.39215e-09 0.968817 1.03219 0 0
29.646 1.39215e-09 0.96888 1.03212 0 0
29.706 1.39215e-09 0.968943 1.03205 0 0
29.766 1.39215e-09 0.969005 1.03199 0 0
29.826 1.39215e-09 0.969068 1.03192 0 0
29.886 1.39215e-09 0.96913 1.03185 0 0
29.946 1.39215e-09 0.969192 1.03179 0 0
30.006 1.39215e-09 0.969253 1.03172 0 0
30.066 1.39215e-09 0.969315 1.03166 0 0
30.126 1.39215e-09 0.969376 1.03159 0 0
30.186 1.39215e-09 0.969436 1.03153 0 0
30.246 1.39215e-09 0.969497 1.03146 0 0
30.306 1.39215e-09 0.969558 1.0314 0 0
30.366 1.39215e-09 0.969618 1.03133 0 0
30.426 1.39215e-09 0.969678 1.03127 0 0
30.486 1.39215e-09 0.969737 1.03121 0 0
30.546 1.39215e-09 0.969797 1.03114 0 0
30.606 1.39215e-09 0.969856 1.03108 0 0
30.666 1.39215e-09 0.969915 1.03102 0 0
30.726 1.39215e-09 0.969974 1.03096 0 0
30.786 1.39215e-09 0.970032 1.03089 0 0
30.846 1.39215e-09 0.97009 1.03083 0 0
30.906 1.39215e-09 0.970149 1.03077 0 0
30.966 1.39215e-09 0.970206 1.03071 0 0
31.026 1.39215e-09 0.970264 1.03065 0 0
31.086 1.39215e-09 0.970321 1.03059 0 0
31.146 1.39215e-09 0.970379 1.03053 0 0
31.206 1.39215e-09 0.970435 1.03047 0 0
31.266 1.39215e-09 0.970492 1.0304 0 0
31.326 1.39215e-09 0.970549 1.03034 0 0
31.386 1.39215e-09 0.970605 1.03029 0 0
31.446 1.39215e-09 0.970661 1.03023 0 0
31.506 1.39215e-09 0.970717 1.03017 0 0
31.566 1.39215e-09 0.970773 1.03011 0 0
31.626 1.39215e-09 0.970828 1.03005 0 0
31.686 1.39215e-09 0.970883 1.02999 0 0
31.746 1.39215e-09 0.970938 1.02993 0 0
31.806 1.39215e-09 0.970993 1.02987 0 0
31.866 1.39215e-09 0.971048 1.02982 0 0
31.926 1.39215e-09 0.971102 1.02976 0 0
31.986 1.39215e-09 0.971156 1.0297 0 0
32.046 1.39215e-09 0.97121 1.02964 0 0
32.106 1.39215e-09 0.971264 1.02959 0 0
32.166 1.39215e-09 0.971318 1.02953 0 0
32.226 1.39215e-09 0.971371 1.02947 0 0
32.286 1.39215e-09 0.971424 1.02942 0 0
32.346 1.39215e-09 0.971477 1.02936 0 0
32.406 1.39215e-09 0.97153 1.0293 0 0
32.466 1.39215e-09 0.971583 1.02925 0 0
32.526 1.39215e-09 0.971635 1.02919 0 0
32.586 1.39215e-09 0.971688 1.02914 0 0
32.646 1.39215e-09 0.97174 1.02908 0 0
32.706 1.39215e-09 0.971791 1.02903 0 0
32.766 1.39215e-09 0.971843 1.02897 0 0
32.826 1.39215e-09 0.971895 1.02892 0 0
32.886 1.39215e-09 0.971946 1.02886 0 0
32.946 1.39215e-09 0.971997 1.02881 0 0
33.006 1.39215e-09 0.972048 1.02876 0 0
33.066 1.39215e-09 0.972099 1.0287 0 0
33.126 1.39215e-09 0.972149 1.02865 0 0
33.186 1.39215e-09 0.972199 1.0286 0 0
33.246 1.39215e-09 0.97225 1.02854 0 0
33.306 1.39215e-09 0.9723 1.02849 0 0
33.366 1.39215e-09 0.972349 1.02844 0 0
33.426 1.39215e-09 0.972399 1.02838 0 0
33.486 1.39215e-09 0.972448 1.02833 0 0
33.546 1.39215e-09 0.972498 1.02828 0 0
33.606 1.39215e-09 0.972547 1.02823 0 0
33.666 1.39215e-09 0.972596 1.02818 0 0
33.726 1.39215e-09 0.972645 1.02812 0 0
33.786 1.39215e-09 0.972693 1.02807 0 0
33.846 1.39215e-09 0.972742 1.02802 0 0
33.906 1.39215e-09 0.97279 1.02797 0 0
33.966 1.39215e-09 0.972838 1.02792 0 0
34.026 1.39215e-09 0.972886 1.02787 0 0
34.086 1.39215e-09 0.972933 1.02782 0 0
34.146 1.39215e-09 0.972981 1.02777 0 0
34.206 1.39215e-09 0.973028 1.02772 0 0
34.266 1.39215e-09 0.973076 1.02767 0 0
34.326 1.39215e-09 0.973123 1.02762 0 0
34.386 1.39215e-09 0.97317 1.02757 0 0
34.446 1.39215e-09 0.973216 1.02752 0 0
34.506 1.39215e-09 0.973263 1.02747 0 0
34.566 1.39215e-09 0.973309 1.02742 0 0
34.626 1.39215e-09 0.973356 1.02737 0 0
34.686 1.39215e-09 0.973402 1.02733 0 0
34.746 1.39215e-09 0.973448 1.02728 0 0
34.806 1.39215e-09 0.973493 1.02723 0 0
34.866 1.39215e-09 0.973539 1.02718 0 0
34.926 1.39215e-09 0.973584 1.02713 0 0
34.986 1.39215e-09 0.97363 1.02708 0 0
35.046 1.39215e-09 0.973675 1.02704 0 0
35.106 1.39215e-09 0.97372 1.02699 0 0
35.166 1.39215e-09 0.973765 1.02694 0 0
35.226 1.39215e-09 0.973809 1.02689 0 0
35.286 1.39215e-09 0.973854 1.02685 0 0
35.346 1.39215e-09 0.973898 1.0268 0 0
35.406 1.39215e-09 0.973943 1.02675 0 0
35.466 1.39215e-09 0.973987 1.02671 0 0
35.526 1.39215e-09 0.974031 1.02666 0 0
35.586 1.39215e-09 0.974074 1.02662 0 0
35.646 1.39215e-09 0.974118 1.02657 0 0
35.706 1.39215e-09 0.974161 1.02652 0 0
35.766 1.39215e-09 0.974205 1.02648 0 0
35.826 1.39215e-09 0.974248 1.02643 0 0
35.886 1.39215e-09 0.974291 1.02639 0 0
35.946 1.39215e-09 0.974334 1.02634 0 0
36.006 1.39215e-09 0.974377 1.0263 0 0
36.066 1.39215e-09 0.974419 1.02625 0 0
36.126 1.39215e-09 0.974462 1.02621 0 0
36.186 1.39215e-09 0.974504 1.02616 0 0
36.246 1.39215e-09 0.974546 1.02612 0 0
36.306 1.39215e-09 0.974588 1.02607 0 0
36.366 1.39215e-09 0.97463 1.02603 0 0
36.426 1.39215e-09 0.974672 1.02599 0 0
36.486 1.39215e-09 0.974714 1.02594 0 0
36.546 1.39215e-09 0.974755 1.0259 0 0
36.606 1.39215e-09 0.974797 1.02585 0 0
36.666 1.39215e-09 0.974838 1.02581 0 0
36.726 1.39215e-09 0.974879 1.02577 0 0
36.786 1.39215e-09 0.97492 1.02573 0 0
36.846 1.39215e-09 0.974961 1.02568 0 0
36.906 1.39215e-09 0.975002 1.02564 0 0
36.966 1.39215e-09 0.975042 1.0256 0 0
37.026 1.39215e-09 0.975083 1.02555 0 0
37.086 1.39215e-09 0.975123 1.02551 0 0
37.146 1.39215e-09 0.975163 1.02547 0 0
37.206 1.39215e-09 0.975203 1.02543 0 0
37.266 1.39215e-09 0.975243 1.02539 0 0
37.326 1.39215e-09 0.975283 1.02534 0 0
37.386 1.39215e-09 0.975323 1.0253 0 0
37.446 1.39215e-09 0.975362 1.02526 0 0
37.506 1.39215e-09 0.975402 1.02522 0 0
37.566 1.39215e-09 0.975441 1.02518 0 0
37.626 1.39215e-09 0.97548 1.02514 0 0
37.686 1.39215e-09 0.975519 1.0251 0 0
37.746 1.39215e-09 0.975558 1.02505 0 0
37.806 1.39215e-09 0.975597 1.02501 0 0
37.866 1.39215e-09 0.975635 1.02497 0 0
37.926 1.39215e-09 0.975674 1.02493 0 0
37.986 1.39215e-09 0.975712 1.02489 0 0
38.046 1.39215e-09 0.975751 1.02485 0 0
38.106 1.39215e-09 0.975789 1.02481 0 0
38.166 1.39215e-09 0.975827 1.02477 0 0
38.226 1.39215e-09 0.975865 1.02473 0 0
38.286 1.39215e-09 0.975903 1.02469 0 0
38.346 1.39215e-09 0.97594 1.02465 0 0
38.406 1.39215e-09 0.975978 1.02461 0 0
38.466 1.39215e-09 0.976015 1.02457 0 0
38.526 1.39215e-09 0.976053 1.02453 0 0
38.586 1.39215e-09 0.97609 1.0245 0 0
38.646 1.39215e-09 0.976127 1.02446 0 0
38.706 1.39215e-09 0.976164 1.02442 0 0
38.766 1.39215e-09 0.976201 1.02438 0 0
38.826 1.39215e-09 0.976238 1.02434 0 0
38.886 1.39215e-09 0.976274 1.0243 0 0
38.946 1.39215e-09 0.976311 1.02426 0 0
39.006 1.39215e-09 0.976347 1.02423 0 0
39.066 1.39215e-09 0.976384 1.02419 0 0
39.126 1.39215e-09 0.97642 1.02415 0 0
39.186 1.39215e-09 0.976456 1.02411 0 0
39.246 1.39215e-09 0.976492 1.02407 0 0
39.306 1.39215e-09 0.976528 1.02404 0 0
39.366 1.39215e-09 0.976564 1.024 0 0
39.426 1.39215e-09 0.976599 1.02396 0 0
39.486 1.39215e-09 0.976635 1.02392 0 0
39.546 1.39215e-09 0.97667 1.02389 0 0
39.606 1.39215e-09 0.976706 1.02385 0 0
39.666 1.39215e-09 0.976741 1.02381 0 0
39.726 1.39215e-09 0.976776 1.02378 0 0
39.786 1.39215e-09 0.976811 1.02374 0 0
39.846 1.39215e-09 0.976846 1.0237 0 0
39.906 1.39215e-09 0.976881 1.02367 0 0
39.966 1.39215e-09 0.976916 1.02363 0 0
40.026 1.39215e-09 0.97695 1.02359 0 0
40.086 1.39215e-09 0.976985 1.02356 0 0
40.146 1.39215e-09 0.977019 1.02352 0 0
40.206 1.39215e-09 0.977053 1.02349 0 0
40.266 1.39215e-09 0.977088 1.02345 0 0
40.326 1.39215e-09 0.977122 1.02341 0 0
40.386 1.39215e-09 0.977156 1.02338 0 0
40.446 1.39215e-09 0.97719 1.02334 0 0
40.506 1.39215e-09 0.977223 1.02331 0 0
40.566 1.39215e-09 0.977257 1.02327 0 0
40.626 1.39215e-09 0.977291 1.02324 0 0
40.686 1.39215e-09 0.977324 1.0232 0 0
40.746 1.39215e-09 0.977358 1.02317 0 0
40.806 1.39215e-09 0.977391 1.02313 0 0
40.866 1.39215e-09 0.977424 1.0231 0 0
40.926 1.39215e-09 0.977457 1.02306 0 0
40.986 1.39215e-09 0.97749 1.02303 0 0
41.046 1.39215e-09 0.977523 1.02299 0 0
41.106 1.39215e-09 0.977556 1.02296 0 0
41.166 1.39215e-09 0.977589 1.02293 0 0
41.226 1.39215e-09 0.977621 1.02289 0 0
41.286 1.39215e-09 0.977654 1.02286 0 0
41.346 1.39215e-09 0.977686 1.02282 0 0
41.406 1.39215e-09 0.977718 1.02279 0 0
41.466 1.39215e-09 0.977751 1.02276 0 0
41.526 1.39215e-09 0.977783 1.02272 0 0
41.586 1.39215e-09 0.977815 1.02269 0 0
41.646 1.39215e-09 0.977847 1.02266 0 0
41.706 1.39215e-09 0.977879 1.02262 0 0
41.766 1.39215e-09 0.97791 1.02259 0 0
41.826 1.39215e-09 0.977942 1.02256 0 0
41.886 1.39215e-09 0.977974 1.02252 0 0
41.946 1.39215e-09 0.978005 1.02249 0 0
42.006 1.39215e-09 0.978037 1.02246 0 0
42.066 1.39215e-09 0.978068 1.02242 0 0
42.126 1.39215e-09 0.978099 1.02239 0 0
42.186 1.39215e-09 0.97813 1.02236 0 0
42.246 1.39215e-09 0.978161 1.02233 0 0
42.306 1.39215e-09 0.978192 1.02229 0 0
42.366 1.39215e-09 0.978223 1.02226 0 0
42.426 1.39215e-09 0.978254 1.02223 0 0
42.486 1.39215e-09 0.978285 1.0222 0 0
42.546 1.39215e-09 0.978315 1.02217 0 0
42.606 1.39215e-09 0.978346 1.02213 0 0
42.666 1.39215e-09 0.978376 1.0221 0 0
42.726 1.39215e-09 0.978407 1.02207 0 0
42.786 1.39215e-09 0.978437 1.02204 0 0
42.846 1.39215e-09 0.978467 1.02201 0 0
42.906 1.39215e-09 0.978497 1.02198 0 0
42.966 1.39215e-09 0.978527 1.02194 0 0
43.026 1.39215e-09 0.978557 1.02191 0 0
43.086 1.39215e-09 0.978587 1.02188 0 0
43.146 1.39215e-09 0.978617 1.02185 0 0
43.206 1.39215e-09 0.978647 1.02182 0 0
43.266 1.39215e-09 0.978676 1.02179 0 0
43.326 1.39215e-09 0.978706 1.02176 0 0
43.386 1.39215e-09 0.978735 1.02173 0 0
43.446 1.39215e-09 0.978765 1.0217 0 0
43.506 1.39215e-09 0.978794 1.02167 0 0
43.566 1.39215e-09 0.978823 1.02163 0 0
43.626 1.39215e-09 0.978852 1.0216 0 0
43.686 1.39215e-09 0.978881 1.02157 0 0
43.746 1.39215e-09 0.97891 1.02154 0 0
43.806 1.39215e-09 0.978939 1.02151 0 0
43.866 1.39215e-09 0.978968 1.02148 0 0
43.926 1.39215e-09 0.978997 1.02145 0 0
43.986 1.39215e-09 0.979025 1.02142 0 0
44.046 1.39215e-09 0.979054 1.02139 0 0
44.106 1.39215e-09 0.979082 1.02136 0 0
44.166 1.39215e-09 0.979111 1.02133 0 0
44.226 1.39215e-09 0.979139 1.02131 0 0
44.286 1.39215e-09 0.979167 1.02128 0 0
44.346 1.39215e-09 0.979196 1.02125 0 0
44.406 1.39215e-09 0.979224 1.02122 0 0
44.466 1.39215e-09 0.979252 1.02119 0 0
44.526 1.39215e-09 0.97928 1.02116 0 0
44.586 1.39215e-09 0.979308 1.02113 0 0
44.646 1.39215e-09 0.979335 1.0211 0 0
44.706 1.39215e-09 0.979363 1.02107 0 0
44.766 1.39215e-09 0.979391 1.02104 0 0
44.826 1.39215e-09 0.979418 1.02101 0 0
44.886 1.39215e-09 0.979446 1.02099 0 0
44.946 1.39215e-09 0.979473 1.02096 0 0
45.006 1.39215e-09 0.979501 1.02093 0 0
45.066 1.39215e-09 0.979528 1.0209 0 0
45.126 1.39215e-09 0.979555 1.02087 0 0
45.186 1.39215e-09 0.979582 1.02084 0 0
45.246 1.39215e-09 0.979609 1.02081 0 0
45.306 1.39215e-09 0.979636 1.02079 0 0
45.366 1.39215e-09 0.979663 1.02076 0 0
45.426 1.39215e-09 0.97969 1.02073 0 0
45.486 1.39215e-09 0.979717 1.0207 0 0
45.546 1.39215e-09 0.979744 1.02068 0 0
45.606 1.39215e-09 0.97977 1.02065 0 0
45.666 1.39215e-09 0.979797 1.02062 0 0
45.726 1.39215e-09 0.979824 1.02059 0 0
45.786 1.39215e-09 0.97985 1.02056 0 0
45.846 1.39215e-09 0.979876 1.02054 0 0
45.906 1.39215e-09 0.979903 1.02051 0 0
45.966 1.39215e-09 0.979929 1.02048 0 0
46.026 1.39215e-09 0.979955 1.02045 0 0
46.086 1.39215e-09 0.979981 1.02043 0 0
46.146 1.39215e-09 0.980007 1.0204 0 0
46.206 1.39215e-09 0.980033 1.02037 0 0
46.266 1.39215e-09 0.980059 1.02035 0 0
46.326 1.39215e-09 0.980085 1.02032 0 0
46.386 1.39215e-09 0.980111 1.02029 0 0
46.446 1.39215e-09 0.980136 1.02027 0 0
46.506 1.39215e-09 0.980162 1.02024 0 0
46.566 1.39215e-09 0.980187 1.02021 0 0
46.626 1.39215e-09 0.980213 1.02019 0 0
46.686 1.39215e-09 0.980238 1.02016 0 0
46.746 1.39215e-09 0.980264 1.02013 0 0
46.806 1.39215e-09 0.980289 1.02011 0 0
46.866 1.39215e-09 0.980314 1.02008 0 0
46.926 1.39215e-09 0.980339 1.02005 0 0
46.986 1.39215e-09 0.980365 1.02003 0 0
47.046 1.39215e-09 0.98039 1.02 0 0
47.106 1.39215e-09 0.980415 1.01998 0 0
47.166 1.39215e-09 0.98044 1.01995 0 0
47.226 1.39215e-09 0.980464 1.01992 0 0
47.286 1.39215e-09 0.980489 1.0199 0 0
47.346 1.39215e-09 0.980514 1.01987 0 0
47.406 1.39215e-09 0.980539 1.01985 0 0
47.466 1.39215e-09 0.980563 1.01982 0 0
47.526 1.39215e-09 0.980588 1.0198 0 0
47.586 1.39215e-09 0.980612 1.01977 0 0
47.646 1.39215e-09 0.980637 1.01975 0 0
47.706 1.39215e-09 0.980661 1.01972 0 0
47.766 1.39215e-09 0.980685 1.0197 0 0
47.826 1.39215e-09 0.980709 1.01967 0 0
47.886 1.39215e-09 0.980734 1.01964 0 0
47.946 1.39215e-09 0.980758 1.01962 0 0
48.006 1.39215e-09 0.980782 1.01959 0 0
48.066 1.39215e-09 0.980806 1.01957 0 0
48.126 1.39215e-09 0.98083 1.01954 0 0
48.186 1.39215e-09 0.980854 1.01952 0 0
48.246 1.39215e-09 0.980877 1.0195 0 0
48.306 1.39215e-09 0.980901 1.01947 0 0
48.366 1.39215e-09 0.980925 1.01945 0 0
48.426 1.39215e-09 0.980948 1.01942 0 0
48.486 1.39215e-09 0.980972 1.0194 0 0
48.546 1.39215e-09 0.980996 1.01937 0 0
48.606 1.39215e-09 0.981019 1.01935 0 0
48.666 1.39215e-09 0.981042 1.01932 0 0
48.726 1.39215e-09 0.981066 1.0193 0 0
48.786 1.39215e-09 0.981089 1.01928 0 0
48.846 1.39215e-09 0.981112 1.01925 0 0
48.906 1.39215e-09 0.981135 1.01923 0 0
48.966 1.39215e-09 0.981159 1.0192 0 0
49.026 1.39215e-09 0.981182 1.01918 0 0
49.086 1.39215e-09 0.981205 1.01916 0 0
49.146 1.39215e-09 0.981228 1.01913 0 0
49.206 1.39215e-09 0.98125 1.01911 0 0
49.266 1.39215e-09 0.981273 1.01908 0 0
49.326 1.39215e-09 0.981296 1.01906 0 0
49.386 1.39215e-09 0.981319 1.01904 0 0
49.446 1.39215e-09 0.981341 1.01901 0 0
49.506 1.39215e-09 0.981364 1.01899 0 0
49.566 1.39215e-09 0.981387 1.01897 0 0
49.626 1.39215e-09 0.981409 1.01894 0 0
49.686 1.39215e-09 0.981432 1.01892 0 0
49.746 1.39215e-09 0.981454 1.0189 0 0
49.806 1.39215e-09 0.981476 1.01887 0 0
49.866 1.39215e-09 0.981499 1.01885 0 0
49.926 1.39215e-09 0.981521 1.01883 0 0
49.986 1.39215e-09 0.981543 1.0188 0 0
50.046 1.39215e-09 0.981565 1.01878 0 0
50.106 1.39215e-09 0.981587 1.01876 0 0
50.166 1.39215e-09 0.981609 1.01874 0 0
50.226 1.39215e-09 0.981631 1.01871 0 0
50.286 1.39215e-09 0.981653 1.01869 0 0
50.346 1.39215e-09 0.981675 1.01867 0 0
50.406 1.39215e-09 0.981697 1.01864 0 0
50.466 1.39215e-09 0.981719 1.01862 0 0
50.526 1.39215e-09 0.98174 1.0186 0 0
50.586 1.39215e-09 0.981762 1.01858 0 0
50.646 1.39215e-09 0.981784 1.01855 0 0
50.706 1.39215e-09 0.981805 1.01853 0 0
50.766 1.39215e-09 0.981827 1.01851 0 0
50.826 1.39215e-09 0.981848 1.01849 0 0
50.886 1.39215e-09 0.981869 1.01847 0 0
50.946 1.39215e-09 0.981891 1.01844 0 0
51.006 1.39215e-09 0.981912 1.01842 0 0
51.066 1.39215e-09 0.981933 1.0184 0 0
51.126 1.39215e-09 0.981955 1.01838 0 0
51.186 1.39215e-09 0.981976 1.01836 0 0
51.246 1.39215e-09 0.981997 1.01833 0 0
51.306 1.39215e-09 0.982018 1.01831 0 0
51.366 1.39215e-09 0.982039 1.01829 0 0
51.426 1.39215e-09 0.98206 1.01827 0 0
51.486 1.39215e-09 0.982081 1.01825 0 0
51.546 1.39215e-09 0.982102 1.01822 0 0
51.606 1.39215e-09 0.982122 1.0182 0 0
51.666 1.39215e-09 0.982143 1.01818 0 0
51.726 1.39215e-09 0.982164 1.01816 0 0
51.786 1.39215e-09 0.982185 1.01814 0 0
51.846 1.39215e-09 0.982205 1.01812 0 0
51.906 1.39215e-09 0.982226 1.0181 0 0
51.966 1.39215e-09 0.982246 1.01807 0 0
52.026 1.39215e-09 0.982267 1.01805 0 0
52.086 1.39215e-09 0.982287 1.01803 0 0
52.146 1.39215e-09 0.982308 1.01801 0 0
52.206 1.39215e-09 0.982328 1.01799 0 0
52.266 1.39215e-09 0.982348 1.01797 0 0
52.326 1.39215e-09 0.982368 1.01795 0 0
52.386 1.39215e-09 0.982389 1.01793 0 0
52.446 1.39215e-09 0.982409 1.01791 0 0
52.506 1.39215e-09 0.982429 1.01789 0 0
52.566 1.39215e-09 0.982449 1.01786 0 0
52.626 1.39215e-09 0.982469 1.01784 0 0
52.686 1.39215e-09 0.982489 1.01782 0 0
52.746 1.39215e-09 0.982509 1.0178 0 0
52.806 1.39215e-09 0.982529 1.01778 0 0
52.866 1.39215e-09 0.982549 1.01776 0 0
52.926 1.39215e-09 0.982568 1.01774 0 0
52.986 1.39215e-09 0.982588 1.01772 0 0
53.046 1.39215e-09 0.982608 1.0177 0 0
53.106 1.39215e-09 0.982627 1.01768 0 0
53.166 1.39215e-09 0.982647 1.01766 0 0
53.226 1.39215e-09 0.982667 1.01764 0 0
53.286 1.39215e-09 0.982686 1.01762 0 0
53.346 1.39215e-09 0.982706 1.0176 0 0
53.406 1.39215e-09 0.982725 1.01758 0 0
53.466 1.39215e-09 0.982744 1.01756 0 0
53.526 1.39215e-09 0.982764 1.01754 0 0
53.586 1.39215e-09 0.982783 1.01752 0 0
53.646 1.39215e-09 0.982802 1.0175 0 0
53.706 1.39215e-09 0.982821 1.01748 0 0
53.766 1.39215e-09 0.982841 1.01746 0 0
53.826 1.39215e-09 0.98286 1.01744 0 0
53.886 1.39215e-09 0.982879 1.01742 0 0
53.946 1.39215e-09 0.982898 1.0174 0 0
54.006 1.39215e-09 0.982917 1.01738 0 0
54.066 1.39215e-09 0.982936 1.01736 0 0
54.126 1.39215e-09 0.982955 1.01734 0 0
54.186 1.39215e-09 0.982974 1.01732 0 0
54.246 1.39215e-09 0.982992 1.0173 0 0
54.306 1.39215e-09 0.983011 1.01728 0 0
54.366 1.39215e-09 0.98303 1.01726 0 0
54.426 1.39215e-09 0.983049 1.01724 0 0
54.486 1.39215e-09 0.983067 1.01722 0 0
54.546 1.39215e-09 0.983086 1.0172 0 0
54.606 1.39215e-09 0.983105 1.01719 0 0
54.666 1.39215e-09 0.983123 1.01717 0 0
54.726 1.39215e-09 0.983142 1.01715 0 0
54.786 1.39215e-09 0.98316 1.01713 0 0
54.846 1.39215e-09 0.983179 1.01711 0 0
54.906 1.39215e-09 0.983197 1.01709 0 0
54.966 1.39215e-09 0.983215 1.01707 0 0
55.026 1.39215e-09 0.983234 1.01705 0 0
55.086 1.39215e-09 0.983252 1.01703 0 0
55.146 1.39215e-09 0.98327 1.01701 0 0
55.206 1.39215e-09 0.983288 1.017 0 0
55.266 1.39215e-09 0.983306 1.01698 0 0
55.326 1.39215e-09 0.983324 1.01696 0 0
55.386 1.39215e-09 0.983343 1.01694 0 0
55.446 1.39215e-09 0.983361 1.01692 0 0
55.506 1.39215e-09 0.983379 1.0169 0 0
55.566 1.39215e-09 0.983396 1.01688 0 0
55.626 1.39215e-09 0.983414 1.01687 0 0
55.686 1.39215e-09 0.983432 1.01685 0 0
55.746 1.39215e-09 0.98345 1.01683 0 0
55.806 1.39215e-09 0.983468 1.01681 0 0
55.866 1.39215e-09 0.983486 1.01679 0 0
55.926 1.39215e-09 0.983503 1.01677 0 0
55.986 1.39215e-09 0.983521 1.01676 0 0
56.046 1.39215e-09 0.983539 1.01674 0 0
56.106 1.39215e-09 0.983556 1.01672 0 0
56.166 1.39215e-09 0.983574 1.0167 0 0
56.226 1.39215e-09 0.983591 1.01668 0 0
56.286 1.39215e-09 0.983609 1.01666 0 0
56.346 1.39215e-09 0.983626 1.01665 0 0
56.406 1.39215e-09 0.983644 1.01663 0 0
56.466 1.39215e-09 0.983661 1.01661 0 0
56.526 1.39215e-09 0.983678 1.01659 0 0
56.586 1.39215e-09 0.983696 1.01657 0 0
56.646 1.39215e-09 0.983713 1.01656 0 0
56.706 1.39215e-09 0.98373 1.01654 0 0
56.766 1.39215e-09 0.983747 1.01652 0 0
56.826 1.39215e-09 0.983765 1.0165 0 0
56.886 1.39215e-09 0.983782 1.01649 0 0
56.946 1.39215e-09 0.983799 1.01647 0 0
57.006 1.39215e-09 0.983816 1.01645 0 0
57.066 1.39215e-09 0.983833 1.01643 0 0
57.126 1.39215e-09 0.98385 1.01642 0 0
57.186 1.39215e-09 0.983867 1.0164 0 0
57.246 1.39215e-09 0.983884 1.01638 0 0
57.306 1.39215e-09 0.983901 1.01636 0 0
57.366 1.39215e-09 0.983917 1.01635 0 0
57.426 1.39215e-09 0.983934 1.01633 0 0
57.486 1.39215e-09 0.983951 1.01631 0 0
57.546 1.39215e-09 0.983968 1.01629 0 0
57.606 1.39215e-09 0.983984 1.01628 0 0
57.666 1.39215e-09 0.984001 1.01626 0 0
57.726 1.39215e-09 0.984018 1.01624 0 0
57.786 1.39215e-09 0.984034 1.01622 0 0
57.846 1.39215e-09 0.984051 1.01621 0 0
57.906 1.39215e-09 0.984067 1.01619 0 0
57.966 1.39215e-09 0.984084 1.01617 0 0
58.026 1.39215e-09 0.9841 1.01616 0 0
58.086 1.39215e-09 0.984117 1.01614 0 0
58.146 1.39215e-09 0.984133 1.01612 0 0
58.206 1.39215e-09 0.98415 1.01611 0 0
58.266 1.39215e-09 0.984166 1.01609 0 0
58.326 1.39215e-09 0.984182 1.01607 0 0
58.386 1.39215e-09 0.984198 1.01606 0 0
58.446 1.39215e-09 0.984215 1.01604 0 0
58.506 1.39215e-09 0.984231 1.01602 0 0
58.566 1.39215e-09 0.984247 1.01601 0 0
58.626 1.39215e-09 0.984263 1.01599 0 0
58.686 1.39215e-09 0.984279 1.01597 0 0
58.746 1.39215e-09 0.984295 1.01596 0 0
58.806 1.39215e-09 0.984311 1.01594 0 0
58.866 1.39215e-09 0.984327 1.01592 0 0
58.926 1.39215e-09 0.984343 1.01591 0 0
58.986 1.39215e-09 0.984359 1.01589 0 0
59.046 1.39215e-09 0.984375 1.01587 0 0
59.106 1.39215e-09 0.984391 1.01586 0 0
59.166 1.39215e-09 0.984407 1.01584 0 0
59.226 1.39215e-09 0.984423 1.01582 0 0
59.286 1.39215e-09 0.984438 1.01581 0 0
59.346 1.39215e-09 0.984454 1.01579 0 0
59.406 1.39215e-09 0.98447 1.01578 0 0
59.466 1.39215e-09 0.984485 1.01576 0 0
59.526 1.39215e-09 0.984501 1.01574 0 0
59.586 1.39215e-09 0.984517 1.01573 0 0
59.646 1.39215e-09 0.984532 1.01571 0 0
59.706 1.39215e-09 0.984548 1.01569 0 0
59.766 1.39215e-09 0.984563 1.01568 0 0
59.826 1.39215e-09 0.984579 1.01566 0 0
59.886 1.39215e-09 0.984594 1.01565 0 0
59.946 1.39215e-09 0.98461 1.01563 0 0

