0.06 0.824481
0.006 0.208823 0.0289769 1 0.00369178 0.006076
0.066 0.205558 0.031107 1.03865 0.00323767 0.00569005
0.126 0.197307 0.0370434 1.13453 0.00230027 0.00479612
0.186 0.185478 0.0472677 1.27047 0.00134847 0.00367215
0.246 0.171684 0.0621902 1.42142 0.000655594 0.00256046
0.306 0.157327 0.0818194 1.56272 0.000253272 0.00159145
0.366 0.143376 0.105646 1.67798 6.41165e-05 0.000800728
0.426 0.130372 0.132768 1.76123 3.04328e-06 0.00017445
0.486 0.118542 0.162126 1.81442 0 0
0.546 0.107922 0.192715 1.84353 0 0
0.606 0.0984453 0.223701 1.85451 0 0
0.666 0.0900076 0.254439 1.85252 0 0
0.726 0.0824918 0.284469 1.84161 0 0
0.786 0.0757853 0.313482 1.82482 0 0
0.846 0.069786 0.341287 1.80432 0 0
0.906 0.0644035 0.36778 1.78163 0 0
0.966 0.0595596 0.39292 1.75782 0 0
1.026 0.0551872 0.416708 1.7336 0 0
1.086 0.0512286 0.439174 1.70948 0 0
1.146 0.0476344 0.460366 1.68577 0 0
1.206 0.0443621 0.480344 1.66268 0 0
1.266 0.0413751 0.499171 1.64035 0 0
1.326 0.0386422 0.516916 1.61885 0 0
1.386 0.0361358 0.533646 1.59823 0 0
1.446 0.0338324 0.549425 1.57848 0 0
1.506 0.0317112 0.564317 1.5596 0 0
1.566 0.0297542 0.578381 1.54158 0 0
1.626 0.0279454 0.591675 1.52438 0 0
1.686 0.0262709 0.604249 1.50798 0 0
1.746 0.0247183 0.616153 1.49234 0 0
1.806 0.0232765 0.627434 1.47742 0 0
1.866 0.0219359 0.638132 1.4632 0 0
1.926 0.0206876 0.648288 1.44962 0 0
1.986 0.019524 0.657937 1.43667 0 0
2.046 0.0184379 0.667112 1.42431 0 0
2.106 0.0174231 0.675845 1.4125 0 0
2.166 0.016474 0.684165 1.40121 0 0
2.226 0.0155853 0.692097 1.39042 0 0
2.286 0.0147525 0.699666 1.38011 0 0
2.346 0.0139714 0.706894 1.37023 0 0
2.406 0.0132381 0.713803 1.36078 0 0
2.466 0.0125491 0.720412 1.35172 0 0
2.526 0.0119013 0.726739 1.34304 0 0
2.586 0.0112917 0.7328 1.33472 0 0
2.646 0.0107177 0.73861 1.32673 0 0
2.706 0.0101769 0.744185 1.31906 0 0
2.766 0.00966693 0.749538 1.3117 0 0
2.826 0.00918583 0.75468 1.30462 0 0
2.886 0.00873167 0.759623 1.29782 0 0
2.946 0.0083027 0.764379 1.29128 0 0
3.006 0.00789731 0.768956 1.28498 0 0
3.066 0.00751399 0.773366 1.27891 0 0
3.126 0.00715137 0.777615 1.27307 0 0
3.186 0.00680816 0.781713 1.26745 0 0
3.246 0.00648318 0.785667 1.26202 0 0
3.306 0.00617531 0.789484 1.25678 0 0
3.366 0.00588353 0.793172 1.25173 0 0
3.426 0.00560688 0.796735 1.24685 0 0
3.486 0.00534448 0.800181 1.24214 0 0
3.546 0.0050955 0.803514 1.23759 0 0
3.606 0.00485916 0.806741 1.23319 0 0
3.666 0.00463474 0.809866 1.22894 0 0
3.726 0.00442156 0.812893 1.22482 0 0
3.786 0.00421899 0.815826 1.22084 0 0
3.846 0.00402644 0.818671 1.21698 0 0
3.906 0.00384336 0.821431 1.21324 0 0
3.966 0.00366923 0.82411 1.20962 0 0
4.026 0.00350356 0.82671 1.20612 0 0
4.086 0.0033459 0.829236 1.20271 0 0
4.146 0.00319581 0.831691 1.19942 0 0
4.206 0.00305289 0.834076 1.19621 0 0
4.266 0.00291677 0.836396 1.19311 0 0
4.326 0.00278708 0.838653 1.19009 0 0
4.386 0.00266349 0.840849 1.18716 0 0
4.446 0.00254569 0.842986 1.18431 0 0
4.506 0.00243338 0.845068 1.18154 0 0
4.566 0.00232627 0.847095 1.17885 0 0
4.626 0.00222411 0.849071 1.17624 0 0
4.686 0.00212663 0.850996 1.17369 0 0
4.746 0.00203361 0.852874 1.17122 0 0
4.806 0.00194483 0.854705 1.16881 0 0
4.866 0.00186006 0.856492 1.16646 0 0
4.926 0.00177912 0.858235 1.16417 0 0
4.986 0.00170181 0.859937 1.16195 0 0
5.046 0.00162796 0.861599 1.15978 0 0
5.106 0.00155739 0.863222 1.15766 0 0
5.166 0.00148996 0.864807 1.1556 0 0
5.226 0.0014255 0.866357 1.15359 0 0
5.286 0.00136387 0.867871 1.15163 0 0
5.346 0.00130493 0.869352 1.14971 0 0
5.406 0.00124857 0.8708 1.14785 0 0
5.466 0.00119465 0.872217 1.14602 0 0
5.526 0.00114306 0.873603 1.14424 0 0
5.586 0.00109369 0.874959 1.1425 0 0
5.646 0.00104644 0.876286 1.1408 0 0
5.706 0.0010012 0.877586 1.13914 0 0
5.766 0.00095788 0.878859 1.13752 0 0
5.826 0.000916393 0.880106 1.13593 0 0
5.886 0.000876652 0.881327 1.13438 0 0
5.946 0.000838576 0.882524 1.13286 0 0
6.006 0.000802088 0.883697 1.13138 0 0
6.066 0.000767115 0.884847 1.12993 0 0
6.126 0.000733586 0.885974 1.12851 0 0
6.186 0.000701435 0.88708 1.12711 0 0
6.246 0.000670599 0.888164 1.12575 0 0
6.306 0.000641018 0.889228 1.12442 0 0
6.366 0.000612633 0.890272 1.12311 0 0
6.426 0.000585391 0.891296 1.12183 0 0
6.486 0.000559238 0.892302 1.12058 0 0
6.546 0.000534126 0.893289 1.11935 0 0
6.606 0.000510006 0.894258 1.11815 0 0
6.666 0.000486834 0.89521 1.11696 0 0
6.726 0.000464565 0.896145 1.11581 0 0
6.786 0.000443159 0.897063 1.11467 0 0
6.846 0.000422577 0.897965 1.11356 0 0
6.906 0.00040278 0.898852 1.11247 0 0
6.966 0.000383733 0.899723 1.11139 0 0
7.026 0.000365401 0.900579 1.11034 0 0
7.086 0.000347751 0.901421 1.10931 0 0
7.146 0.000330752 0.902249 1.1083 0 0
7.206 0.000314374 0.903063 1.1073 0 0
7.266 0.000298589 0.903864 1.10632 0 0
7.326 0.000283367 0.904651 1.10536 0 0
7.386 0.000268684 0.905426 1.10442 0 0
7.446 0.000254513 0.906188 1.10349 0 0
7.506 0.000240832 0.906938 1.10258 0 0
7.566 0.000227615 0.907676 1.10169 0 0
7.626 0.000214842 0.908403 1.10081 0 0
7.686 0.000202491 0.909118 1.09995 0 0
7.746 0.000190542 0.909822 1.0991 0 0
7.806 0.000178974 0.910515 1.09826 0 0
7.866 0.000167769 0.911198 1.09744 0 0
7.926 0.000156909 0.911871 1.09663 0 0
7.986 0.000146377 0.912533 1.09584 0 0
8.046 0.000136155 0.913185 1.09506 0 0
8.106 0.000126228 0.913828 1.09429 0 0
8.166 0.00011658 0.914461 1.09353 0 0
8.226 0.000107196 0.915086 1.09279 0 0
8.286 9.80617e-05 0.915701 1.09205 0 0
8.346 8.91635e-05 0.916307 1.09133 0 0
8.406 8.04878e-05 0.916904 1.09062 0 0
8.466 7.20218e-05 0.917493 1.08992 0 0
8.526 6.37529e-05 0.918074 1.08923 0 0
8.586 5.56692e-05 0.918647 1.08855 0 0
8.646 4.77588e-05 0.919212 1.08789 0 0
8.706 4.00107e-05 0.919769 1.08723 0 0
8.766 3.24137e-05 0.920318 1.08658 0 0
8.826 2.49575e-05 0.92086 1.08594 0 0
8.886 1.76315e-05 0.921394 1.08531 0 0
8.946 1.0426e-05 0.921922 1.08469 0 0
9.006 3.33106e-06 0.922442 1.08408 0 0
9.066 2.08823e-09 0.922955 1.08348 0 0
9.126 2.08823e-09 0.923462 1.08288 0 0
9.186 2.08823e-09 0.923962 1.0823 0 0
9.246 2.08823e-09 0.924455 1.08172 0 0
9.306 2.08823e-09 0.924942 1.08115 0 0
9.366 2.08823e-09 0.925423 1.08059 0 0
9.426 2.08823e-09 0.925898 1.08003 0 0
9.486 2.08823e-09 0.926367 1.07949 0 0
9.546 2.08823e-09 0.92683 1.07895 0 0
9.606 2.08823e-09 0.927287 1.07842 0 0
9.666 2.08823e-09 0.927738 1.07789 0 0
9.726 2.08823e-09 0.928184 1.07737 0 0
9.786 2.08823e-09 0.928624 1.07686 0 0
9.846 2.08823e-09 0.929059 1.07636 0 0
9.906 2.08823e-09 0.929489 1.07586 0 0
9.966 2.08823e-09 0.929913 1.07537 0 0
10.026 2.08823e-09 0.930333 1.07488 0 0
10.086 2.08823e-09 0.930747 1.07441 0 0
10.146 2.08823e-09 0.931157 1.07393 0 0
10.206 2.08823e-09 0.931561 1.07347 0 0
10.266 2.08823e-09 0.931961 1.07301 0 0
10.326 2.08823e-09 0.932357 1.07255 0 0
10.386 2.08823e-09 0.932747 1.0721 0 0
10.446 2.08823e-09 0.933134 1.07166 0 0
10.506 2.08823e-09 0.933516 1.07122 0 0
10.566 2.08823e-09 0.933893 1.07079 0 0
10.626 2.08823e-09 0.934266 1.07036 0 0
10.686 2.08823e-09 0.934635 1.06994 0 0
10.746 2.08823e-09 0.935 1.06952 0 0
10.806 2.08823e-09 0.935361 1.06911 0 0
10.866 2.08823e-09 0.935718 1.0687 0 0
10.926 2.08823e-09 0.936071 1.06829 0 0
10.986 2.08823e-09 0.93642 1.0679 0 0
11.046 2.08823e-09 0.936766 1.0675 0 0
11.106 2.08823e-09 0.937107 1.06711 0 0
11.166 2.08823e-09 0.937445 1.06673 0 0
11.226 2.08823e-09 0.93778 1.06635 0 0
11.286 2.08823e-09 0.93811 1.06597 0 0
11.346 2.08823e-09 0.938438 1.0656 0 0
11.406 2.08823e-09 0.938762 1.06523 0 0
11.466 2.08823e-09 0.939082 1.06487 0 0
11.526 2.08823e-09 0.939399 1.06451 0 0
11.586 2.08823e-09 0.939713 1.06415 0 0
11.646 2.08823e-09 0.940024 1.0638 0 0
11.706 2.08823e-09 0.940331 1.06346 0 0
11.766 2.08823e-09 0.940635 1.06311 0 0
11.826 2.08823e-09 0.940936 1.06277 0 0
11.886 2.08823e-09 0.941235 1.06243 0 0
11.946 2.08823e-09 0.94153 1.0621 0 0
12.006 2.08823e-09 0.941822 1.06177 0 0
12.066 2.08823e-09 0.942111 1.06145 0 0
12.126 2.08823e-09 0.942398 1.06112 0 0
12.186 2.08823e-09 0.942681 1.0608 0 0
12.246 2.08823e-09 0.942962 1.06049 0 0
12.306 2.08823e-09 0.94324 1.06018 0 0
12.366 2.08823e-09 0.943516 1.05987 0 0
12.426 2.08823e-09 0.943788 1.05956 0 0
12.486 2.08823e-09 0.944059 1.05926 0 0
12.546 2.08823e-09 0.944326 1.05896 0 0
12.606 2.08823e-09 0.944591 1.05866 0 0
12.666 2.08823e-09 0.944854 1.05837 0 0
12.726 2.08823e-09 0.945114 1.05807 0 0
12.786 2.08823e-09 0.945371 1.05779 0 0
12.846 2.08823e-09 0.945626 1.0575 0 0
12.906 2.08823e-09 0.945879 1.05722 0 0
12.966 2.08823e-09 0.946129 1.05694 0 0
13.026 2.08823e-09 0.946378 1.05666 0 0
13.086 2.08823e-09 0.946623 1.05639 0 0
13.146 2.08823e-09 0.946867 1.05611 0 0
13.206 2.08823e-09 0.947108 1.05585 0 0
13.266 2.08823e-09 0.947348 1.05558 0 0
13.326 2.08823e-09 0.947585 1.05531 0 0
13.386 2.08823e-09 0.94782 1.05505 0 0
13.446 2.08823e-09 0.948053 1.05479 0 0
13.506 2.08823e-09 0.948283 1.05454 0 0
13.566 2.08823e-09 0.948512 1.05428 0 0
13.626 2.08823e-09 0.948739 1.05403 0 0
13.686 2.08823e-09 0.948963 1.05378 0 0
13.746 2.08823e-09 0.949186 1.05353 0 0
13.806 2.08823e-09 0.949407 1.05329 0 0
13.866 2.08823e-09 0.949626 1.05305 0 0
13.926 2.08823e-09 0.949843 1.05281 0 0
13.986 2.08823e-09 0.950058 1.05257 0 0
14.046 2.08823e-09 0.950272 1.05233 0 0
14.106 2.08823e-09 0.950483 1.0521 0 0
14.166 2.08823e-09 0.950693 1.05186 0 0
14.226 2.08823e-09 0.950901 1.05163 0 0
14.286 2.08823e-09 0.951107 1.05141 0 0
14.346 2.08823e-09 0.951311 1.05118 0 0
14.406 2.08823e-09 0.951514 1.05096 0 0
14.466 2.08823e-09 0.951715 1.05073 0 0
14.526 2.08823e-09 0.951915 1.05051 0 0
14.586 2.08823e-09 0.952113 1.0503 0 0
14.646 2.08823e-09 0.952309 1.05008 0 0
14.706 2.08823e-09 0.952503 1.04987 0 0
14.766 2.08823e-09 0.952696 1.04965 0 0
14.826 2.08823e-09 0.952888 1.04944 0 0
14.886 2.08823e-09 0.953078 1.04923 0 0
14.946 2.08823e-09 0.953266 1.04903 0 0
15.006 2.08823e-09 0.953453 1.04882 0 0
15.066 2.08823e-09 0.953638 1.04862 0 0
15.126 2.08823e-09 0.953822 1.04841 0 0
15.186 2.08823e-09 0.954005 1.04821 0 0
15.246 2.08823e-09 0.954186 1.04801 0 0
15.306 2.08823e-09 0.954365 1.04782 0 0
15.366 2.08823e-09 0.954543 1.04762 0 0
15.426 2.08823e-09 0.95472 1.04743 0 0
15.486 2.08823e-09 0.954896 1.04723 0 0
15.546 2.08823e-09 0.95507 1.04704 0 0
15.606 2.08823e-09 0.955242 1.04685 0 0
15.666 2.08823e-09 0.955414 1.04667 0 0
15.726 2.08823e-09 0.955584 1.04648 0 0
15.786 2.08823e-09 0.955753 1.0463 0 0
15.846 2.08823e-09 0.95592 1.04611 0 0
15.906 2.08823e-09 0.956087 1.04593 0 0
15.966 2.08823e-09 0.956252 1.04575 0 0
16.026 2.08823e-09 0.956415 1.04557 0 0
16.086 2.08823e-09 0.956578 1.04539 0 0
16.146 2.08823e-09 0.956739 1.04522 0 0
16.206 2.08823e-09 0.9569 1.04504 0 0
16.266 2.08823e-09 0.957059 1.04487 0 0
16.326 2.08823e-09 0.957216 1.0447 0 0
16.386 2.08823e-09 0.957373 1.04452 0 0
16.446 2.08823e-09 0.957529 1.04436 0 0
16.506 2.08823e-09 0.957683 1.04419 0 0
16.566 2.08823e-09 0.957836 1.04402 0 0
16.626 2.08823e-09 0.957988 1.04385 0 0
16.686 2.08823e-09 0.958139 1.04369 0 0
16.746 2.08823e-09 0.958289 1.04353 0 0
16.806 2.08823e-09 0.958438 1.04336 0 0
16.866 2.08823e-09 0.958586 1.0432 0 0
16.926 2.08823e-09 0.958733 1.04304 0 0
16.986 2.08823e-09 0.958879 1.04288 0 0
17.046 2.08823e-09 0.959023 1.04273 0 0
17.106 2.08823e-09 0.959167 1.04257 0 0
17.166 2.08823e-09 0.95931 1.04242 0 0
17.226 2.08823e-09 0.959452 1.04226 0 0
17.286 2.08823e-09 0.959592 1.04211 0 0
17.346 2.08823e-09 0.959732 1.04196 0 0
17.406 2.08823e-09 0.959871 1.04181 0 0
17.466 2.08823e-09 0.960009 1.04166 0 0
17.526 2.08823e-09 0.960146 1.04151 0 0
17.586 2.08823e-09 0.960282 1.04136 0 0
17.646 2.08823e-09 0.960417 1.04121 0 0
17.706 2.08823e-09 0.960551 1.04107 0 0
17.766 2.08823e-09 0.960684 1.04092 0 0
17.826 2.08823e-09 0.960816 1.04078 0 0
17.886 2.08823e-09 0.960948 1.04064 0 0
17.946 2.08823e-09 0.961078 1.0405 0 0
18.006 2.08823e-09 0.961208 1.04036 0 0
18.066 2.08823e-09 0.961337 1.04022 0 0
18.126 2.08823e-09 0.961465 1.04008 0 0
18.186 2.08823e-09 0.961592 1.03994 0 0
18.246 2.08823e-09 0.961718 1.03981 0 0
18.306 2.08823e-09 0.961844 1.03967 0 0
18.366 2.08823e-09 0.961969 1.03954 0 0
18.426 2.08823e-09 0.962092 1.0394 0 0
18.486 2.08823e-09 0.962215 1.03927 0 0
18.546 2.08823e-09 0.962338 1.03914 0 0
18.606 2.08823e-09 0.962459 1.03901 0 0
18.666 2.08823e-09 0.96258 1.03887 0 0
18.726 2.08823e-09 0.9627 1.03875 0 0
18.786 2.08823e-09 0.962819 1.03862 0 0
18.846 2.08823e-09 0.962937 1.03849 0 0
18.906 2.08823e-09 0.963055 1.03836 0 0
18.966 2.08823e-09 0.963172 1.03824 0 0
19.026 2.08823e-09 0.963288 1.03811 0 0
19.086 2.08823e-09 0.963403 1.03799 0 0
19.146 2.08823e-09 0.963518 1.03786 0 0
19.206 2.08823e-09 0.963632 1.03774 0 0
19.266 2.08823e-09 0.963745 1.03762 0 0
19.326 2.08823e-09 0.963858 1.0375 0 0
19.386 2.08823e-09 0.96397 1.03738 0 0
19.446 2.08823e-09 0.964081 1.03726 0 0
19.506 2.08823e-09 0.964191 1.03714 0 0
19.566 2.08823e-09 0.964301 1.03702 0 0
19.626 2.08823e-09 0.96441 1.0369 0 0
19.686 2.08823e-09 0.964519 1.03679 0 0
19.746 2.08823e-09 0.964626 1.03667 0 0
19.806 2.08823e-09 0.964734 1.03656 0 0
19.866 2.08823e-09 0.96484 1.03644 0 0
19.926 2.08823e-09 0.964946 1.03633 0 0
19.986 2.08823e-09 0.965051 1.03621 0 0
20.046 2.08823e-09 0.965156 1.0361 0 0
20.106 2.08823e-09 0.96526 1.03599 0 0
20.166 2.08823e-09 0.965363 1.03588 0 0
20.226 2.08823e-09 0.965466 1.03577 0 0
20.286 2.08823e-09 0.965568 1.03566 0 0
20.346 2.08823e-09 0.96567 1.03555 0 0
20.406 2.08823e-09 0.965771 1.03544 0 0
20.466 2.08823e-09 0.965871 1.03534 0 0
20.526 2.08823e-09 0.965971 1.03523 0 0
20.586 2.08823e-09 0.96607 1.03512 0 0
20.646 2.08823e-09 0.966168 1.03502 0 0
20.706 2.08823e-09 0.966267 1.03491 0 0
20.766 2.08823e-09 0.966364 1.03481 0 0
20.826 2.08823e-09 0.966461 1.0347 0 0
20.886 2.08823e-09 0.966557 1.0346 0 0
20.946 2.08823e-09 0.966653 1.0345 0 0
21.006 2.08823e-09 0.966748 1.0344 0 0
21.066 2.08823e-09 0.966843 1.03429 0 0
21.126 2.08823e-09 0.966937 1.03419 0 0
21.186 2.08823e-09 0.967031 1.03409 0 0
21.246 2.08823e-09 0.967124 1.03399 0 0
21.306 2.08823e-09 0.967216 1.03389 0 0
21.366 2.08823e-09 0.967309 1.0338 0 0
21.426 2.08823e-09 0.9674 1.0337 0 0
21.486 2.08823e-09 0.967491 1.0336 0 0
21.546 2.08823e-09 0.967582 1.0335 0 0
21.606 2.08823e-09 0.967672 1.03341 0 0
21.666 2.08823e-09 0.967761 1.03331 0 0
21.726 2.08823e-09 0.96785 1.03322 0 0
21.786 2.08823e-09 0.967939 1.03312 0 0
21.846 2.08823e-09 0.968027 1.03303 0 0
21.906 2.08823e-09 0.968114 1.03294 0 0
21.966 2.08823e-09 0.968202 1.03284 0 0
22.026 2.08823e-09 0.968288 1.03275 0 0
22.086 2.08823e-09 0.968374 1.03266 0 0
22.146 2.08823e-09 0.96846 1.03257 0 0
22.206 2.08823e-09 0.968545 1.03248 0 0
22.266 2.08823e-09 0.96863 1.03239 0 0
22.326 2.08823e-09 0.968714 1.0323 0 0
22.386 2.08823e-09 0.968798 1.03221 0 0
22.446 2.08823e-09 0.968882 1.03212 0 0
22.506 2.08823e-09 0.968964 1.03203 0 0
22.566 2.08823e-09 0.969047 1.03194 0 0
22.626 2.08823e-09 0.969129 1.03185 0 0
22.686 2.08823e-09 0.969211 1.03177 0 0
22.746 2.08823e-09 0.969292 1.03168 0 0
22.806 2.08823e-09 0.969373 1.03159 0 0
22.866 2.08823e-09 0.969453 1.03151 0 0
22.926 2.08823e-09 0.969533 1.03142 0 0
22.986 2.08823e-09 0.969613 1.03134 0 0
23.046 2.08823e-09 0.969692 1.03126 0 0
23.106 2.08823e-09 0.96977 1.03117 0 0
23.166 2.08823e-09 0.969849 1.03109 0 0
23.226 2.08823e-09 0.969927 1.03101 0 0
23.286 2.08823e-09 0.970004 1.03092 0 0
23.346 2.08823e-09 0.970081 1.03084 0 0
23.406 2.08823e-09 0.970158 1.03076 0 0
23.466 2.08823e-09 0.970234 1.03068 0 0
23.526 2.08823e-09 0.97031 1.0306 0 0
23.586 2.08823e-09 0.970386 1.03052 0 0
23.646 2.08823e-09 0.970461 1.03044 0 0
23.706 2.08823e-09 0.970535 1.03036 0 0
23.766 2.08823e-09 0.97061 1.03028 0 0
23.826 2.08823e-09 0.970684 1.0302 0 0
23.886 2.08823e-09 0.970758 1.03012 0 0
23.946 2.08823e-09 0.970831 1.03005 0 0
24.006 2.08823e-09 0.970904 1.02997 0 0
24.066 2.08823e-09 0.970976 1.02989 0 0
24.126 2.08823e-09 0.971048 1.02981 0 0
24.186 2.08823e-09 0.97112 1.02974 0 0
24.246 2.08823e-09 0.971192 1.02966 0 0
24.306 2.08823e-09 0.971263 1.02959 0 0
24.366 2.08823e-09 0.971334 1.02951 0 0
24.426 2.08823e-09 0.971404 1.02944 0 0
24.486 2.08823e-09 0.971474 1.02936 0 0
24.546 2.08823e-09 0.971544 1.02929 0 0
24.606 2.08823e-09 0.971613 1.02922 0 0
24.666 2.08823e-09 0.971682 1.02914 0 0
24.726 2.08823e-09 0.971751 1.02907 0 0
24.786 2.08823e-09 0.971819 1.029 0 0
24.846 2.08823e-09 0.971887 1.02893 0 0
24.906 2.08823e-09 0.971955 1.02885 0 0
24.966 2.08823e-09 0.972023 1.02878 0 0
25.026 2.08823e-09 0.97209 1.02871 0 0
25.086 2.08823e-09 0.972156 1.02864 0 0
25.146 2.08823e-09 0.972223 1.02857 0 0
25.206 2.08823e-09 0.972289 1.0285 0 0
25.266 2.08823e-09 0.972355 1.02843 0 0
25.326 2.08823e-09 0.97242 1.02836 0 0
25.386 2.08823e-09 0.972485 1.02829 0 0
25.446 2.08823e-09 0.97255 1.02822 0 0
25.506 2.08823e-09 0.972615 1.02816 0 0
25.566 2.08823e-09 0.972679 1.02809 0 0
25.626 2.08823e-09 0.972743 1.02802 0 0
25.686 2.08823e-09 0.972807 1.02795 0 0
25.746 2.08823e-09 0.97287 1.02789 0 0
25.806 2.08823e-09 0.972933 1.02782 0 0
25.866 2.08823e-09 0.972996 1.02775 0 0
25.926 2.08823e-09 0.973058 1.02769 0 0
25.986 2.08823e-09 0.973121 1.02762 0 0
26.046 2.08823e-09 0.973183 1.02756 0 0
26.106 2.08823e-09 0.973244 1.02749 0 0
26.166 2.08823e-09 0.973306 1.02743 0 0
26.226 2.08823e-09 0.973367 1.02736 0 0
26.286 2.08823e-09 0.973427 1.0273 0 0
26.346 2.08823e-09 0.973488 1.02723 0 0
26.406 2.08823e-09 0.973548 1.02717 0 0
26.466 2.08823e-09 0.973608 1.02711 0 0
26.526 2.08823e-09 0.973668 1.02704 0 0
26.586 2.08823e-09 0.973727 1.02698 0 0
26.646 2.08823e-09 0.973786 1.02692 0 0
26.706 2.08823e-09 0.973845 1.02686 0 0
26.766 2.08823e-09 0.973904 1.0268 0 0
26.826 2.08823e-09 0.973962 1.02673 0 0
26.886 2.08823e-09 0.97402 1.02667 0 0
26.946 2.08823e-09 0.974078 1.02661 0 0
27.006 2.08823e-09 0.974136 1.02655 0 0
27.066 2.08823e-09 0.974193 1.02649 0 0
27.126 2.08823e-09 0.97425 1.02643 0 0
27.186 2.08823e-09 0.974307 1.02637 0 0
27.246 2.08823e-09 0.974364 1.02631 0 0
27.306 2.08823e-09 0.97442 1.02625 0 0
27.366 2.08823e-09 0.974476 1.02619 0 0
27.426 2.08823e-09 0.974532 1.02613 0 0
27.486 2.08823e-09 0.974588 1.02608 0 0
27.546 2.08823e-09 0.974643 1.02602 0 0
27.606 2.08823e-09 0.974698 1.02596 0 0
27.666 2.08823e-09 0.974753 1.0259 0 0
27.726 2.08823e-09 0.974808 1.02584 0 0
27.786 2.08823e-09 0.974862 1.02579 0 0
27.846 2.08823e-09 0.974916 1.02573 0 0
27.906 2.08823e-09 0.97497 1.02567 0 0
27.966 2.08823e-09 0.975024 1.02562 0 0
28.026 2.08823e-09 0.975077 1.02556 0 0
28.086 2.08823e-09 0.97513 1.0255 0 0
28.146 2.08823e-09 0.975183 1.02545 0 0
28.206 2.08823e-09 0.975236 1.02539 0 0
28.266 2.08823e-09 0.975289 1.02534 0 0
28.326 2.08823e-09 0.975341 1.02528 0 0
28.386 2.08823e-09 0.975393 1.02523 0 0
28.446 2.08823e-09 0.975445 1.02517 0 0
28.506 2.08823e-09 0.975497 1.02512 0 0
28.566 2.08823e-09 0.975548 1.02506 0 0
28.626 2.08823e-09 0.9756 1.02501 0 0
28.686 2.08823e-09 0.975651 1.02496 0 0
28.746 2.08823e-09 0.975701 1.0249 0 0
28.806 2.08823e-09 0.975752 1.02485 0 0
28.866 2.08823e-09 0.975802 1.0248 0 0
28.926 2.08823e-09 0.975853 1.02474 0 0
28.986 2.08823e-09 0.975903 1.02469 0 0
29.046 2.08823e-09 0.975952 1.02464 0 0
29.106 2.08823e-09 0.976002 1.02459 0 0
29.166 2.08823e-09 0.976051 1.02454 0 0
29.226 2.08823e-09 0.976101 1.02448 0 0
29.286 2.08823e-09 0.97615 1.02443 0 0
29.346 2.08823e-09 0.976198 1.02438 0 0
29.406 2.08823e-09 0.976247 1.02433 0 0
29.466 2.08823e-09 0.976295 1.02428 0 0
29.526 2.08823e-09 0.976343 1.02423 0 0
29.586 2.08823e-09 0.976391 1.02418 0 0
29.646 2.08823e-09 0.976439 1.02413 0 0
29.706 2.08823e-09 0.976487 1.02408 0 0
29.766 2.08823e-09 0.976534 1.02403 0 0
29.826 2.08823e-09 0.976581 1.02398 0 0
29.886 2.08823e-09 0.976628 1.02393 0 0
29.946 2.08823e-09 0.976675 1.02388 0 0
30.006 2.08823e-09 0.976722 1.02383 0 0
30.066 2.08823e-09 0.976768 1.02378 0 0
30.126 2.08823e-09 0.976815 1.02374 0 0
30.186 2.08823e-09 0.976861 1.02369 0 0
30.246 2.08823e-09 0.976907 1.02364 0 0
30.306 2.08823e-09 0.976952 1.02359 0 0
30.366 2.08823e-09 0.976998 1.02354 0 0
30.426 2.08823e-09 0.977043 1.0235 0 0
30.486 2.08823e-09 0.977088 1.02345 0 0
30.546 2.08823e-09 0.977133 1.0234 0 0
30.606 2.08823e-09 0.977178 1.02335 0 0
30.666 2.08823e-09 0.977223 1.02331 0 0
30.726 2.08823e-09 0.977267 1.02326 0 0
30.786 2.08823e-09 0.977312 1.02322 0 0
30.846 2.08823e-09 0.977356 1.02317 0 0
30.906 2.08823e-09 0.9774 1.02312 0 0
30.966 2.08823e-09 0.977443 1.02308 0 0
31.026 2.08823e-09 0.977487 1.02303 0 0
31.086 2.08823e-09 0.977531 1.02299 0 0
31.146 2.08823e-09 0.977574 1.02294 0 0
31.206 2.08823e-09 0.977617 1.0229 0 0
31.266 2.08823e-09 0.97766 1.02285 0 0
31.326 2.08823e-09 0.977703 1.02281 0 0
31.386 2.08823e-09 0.977745 1.02276 0 0
31.446 2.08823e-09 0.977788 1.02272 0 0
31.506 2.08823e-09 0.97783 1.02267 0 0
31.566 2.08823e-09 0.977872 1.02263 0 0
31.626 2.08823e-09 0.977914 1.02258 0 0
31.686 2.08823e-09 0.977956 1.02254 0 0
31.746 2.08823e-09 0.977998 1.0225 0 0
31.806 2.08823e-09 0.978039 1.02245 0 0
31.866 2.08823e-09 0.978081 1.02241 0 0
31.926 2.08823e-09 0.978122 1.02237 0 0
31.986 2.08823e-09 0.978163 1.02232 0 0
32.046 2.08823e-09 0.978204 1.02228 0 0
32.106 2.08823e-09 0.978244 1.02224 0 0
32.166 2.08823e-09 0.978285 1.0222 0 0
32.226 2.08823e-09 0.978325 1.02215 0 0
32.286 2.08823e-09 0.978366 1.02211 0 0
32.346 2.08823e-09 0.978406 1.02207 0 0
32.406 2.08823e-09 0.978446 1.02203 0 0
32.466 2.08823e-09 0.978486 1.02199 0 0
32.526 2.08823e-09 0.978525 1.02195 0 0
32.586 2.08823e-09 0.978565 1.0219 0 0
32.646 2.08823e-09 0.978604 1.02186 0 0
32.706 2.08823e-09 0.978644 1.02182 0 0
32.766 2.08823e-09 0.978683 1.02178 0 0
32.826 2.08823e-09 0.978722 1.02174 0 0
32.886 2.08823e-09 0.97876 1.0217 0 0
32.946 2.08823e-09 0.978799 1.02166 0 0
33.006 2.08823e-09 0.978838 1.02162 0 0
33.066 2.08823e-09 0.978876 1.02158 0 0
33.126 2.08823e-09 0.978914 1.02154 0 0
33.186 2.08823e-09 0.978952 1.0215 0 0
33.246 2.08823e-09 0.97899 1.02146 0 0
33.306 2.08823e-09 0.979028 1.02142 0 0
33.366 2.08823e-09 0.979066 1.02138 0 0
33.426 2.08823e-09 0.979104 1.02134 0 0
33.486 2.08823e-09 0.979141 1.0213 0 0
33.546 2.08823e-09 0.979178 1.02126 0 0
33.606 2.08823e-09 0.979215 1.02123 0 0
33.666 2.08823e-09 0.979252 1.02119 0 0
33.726 2.08823e-09 0.979289 1.02115 0 0
33.786 2.08823e-09 0.979326 1.02111 0 0
33.846 2.08823e-09 0.979363 1.02107 0 0
33.906 2.08823e-09 0.979399 1.02103 0 0
33.966 2.08823e-09 0.979436 1.021 0 0
34.026 2.08823e-09 0.979472 1.02096 0 0
34.086 2.08823e-09 0.979508 1.02092 0 0
34.146 2.08823e-09 0.979544 1.02088 0 0
34.206 2.08823e-09 0.97958 1.02085 0 0
34.266 2.08823e-09 0.979616 1.02081 0 0
34.326 2.08823e-09 0.979651 1.02077 0 0
34.386 2.08823e-09 0.979687 1.02073 0 0
34.446 2.08823e-09 0.979722 1.0207 0 0
34.506 2.08823e-09 0.979758 1.02066 0 0
34.566 2.08823e-09 0.979793 1.02062 0 0
34.626 2.08823e-09 0.979828 1.02059 0 0
34.686 2.08823e-09 0.979863 1.02055 0 0
34.746 2.08823e-09 0.979897 1.02052 0 0
34.806 2.08823e-09 0.979932 1.02048 0 0
34.866 2.08823e-09 0.979967 1.02044 0 0
34.926 2.08823e-09 0.980001 1.02041 0 0
34.986 2.08823e-09 0.980035 1.02037 0 0
35.046 2.08823e-09 0.980069 1.02034 0 0
35.106 2.08823e-09 0.980104 1.0203 0 0
35.166 2.08823e-09 0.980137 1.02027 0 0
35.226 2.08823e-09 0.980171 1.02023 0 0
35.286 2.08823e-09 0.980205 1.02019 0 0
35.346 2.08823e-09 0.980239 1.02016 0 0
35.406 2.08823e-09 0.980272 1.02012 0 0
35.466 2.08823e-09 0.980305 1.02009 0 0
35.526 2.08823e-09 0.980339 1.02006 0 0
35.586 2.08823e-09 0.980372 1.02002 0 0
35.646 2.08823e-09 0.980405 1.01999 0 0
35.706 2.08823e-09 0.980438 1.01995 0 0
35.766 2.08823e-09 0.980471 1.01992 0 0
35.826 2.08823e-09 0.980503 1.01988 0 0
35.886 2.08823e-09 0.980536 1.01985 0 0
35.946 2.08823e-09 0.980568 1.01982 0 0
36.006 2.08823e-09 0.980601 1.01978 0 0
36.066 2.08823e-09 0.980633 1.01975 0 0
36.126 2.08823e-09 0.980665 1.01972 0 0
36.186 2.08823e-09 0.980697 1.01968 0 0
36.246 2.08823e-09 0.980729 1.01965 0 0
36.306 2.08823e-09 0.980761 1.01962 0 0
36.366 2.08823e-09 0.980793 1.01958 0 0
36.426 2.08823e-09 0.980825 1.01955 0 0
36.486 2.08823e-09 0.980856 1.01952 0 0
36.546 2.08823e-09 0.980887 1.01948 0 0
36.606 2.08823e-09 0.980919 1.01945 0 0
36.666 2.08823e-09 0.98095 1.01942 0 0
36.726 2.08823e-09 0.980981 1.01939 0 0
36.786 2.08823e-09 0.981012 1.01936 0 0
36.846 2.08823e-09 0.981043 1.01932 0 0
36.906 2.08823e-09 0.981074 1.01929 0 0
36.966 2.08823e-09 0.981105 1.01926 0 0
37.026 2.08823e-09 0.981135 1.01923 0 0
37.086 2.08823e-09 0.981166 1.0192 0 0
37.146 2.08823e-09 0.981196 1.01916 0 0
37.206 2.08823e-09 0.981227 1.01913 0 0
37.266 2.08823e-09 0.981257 1.0191 0 0
37.326 2.08823e-09 0.981287 1.01907 0 0
37.386 2.08823e-09 0.981317 1.01904 0 0
37.446 2.08823e-09 0.981347 1.01901 0 0
37.506 2.08823e-09 0.981377 1.01898 0 0
37.566 2.08823e-09 0.981406 1.01895 0 0
37.626 2.08823e-09 0.981436 1.01892 0 0
37.686 2.08823e-09 0.981466 1.01888 0 0
37.746 2.08823e-09 0.981495 1.01885 0 0
37.806 2.08823e-09 0.981524 1.01882 0 0
37.866 2.08823e-09 0.981554 1.01879 0 0
37.926 2.08823e-09 0.981583 1.01876 0 0
37.986 2.08823e-09 0.981612 1.01873 0 0
38.046 2.08823e-09 0.981641 1.0187 0 0
38.106 2.08823e-09 0.98167 1.01867 0 0
38.166 2.08823e-09 0.981699 1.01864 0 0
38.226 2.08823e-09 0.981727 1.01861 0 0
38.286 2.08823e-09 0.981756 1.01858 0 0
38.346 2.08823e-09 0.981785 1.01855 0 0
38.406 2.08823e-09 0.981813 1.01852 0 0
38.466 2.08823e-09 0.981841 1.01849 0 0
38.526 2.08823e-09 0.98187 1.01847 0 0
38.586 2.08823e-09 0.981898 1.01844 0 0
38.646 2.08823e-09 0.981926 1.01841 0 0
38.706 2.08823e-09 0.981954 1.01838 0 0
38.766 2.08823e-09 0.981982 1.01835 0 0
38.826 2.08823e-09 0.98201 1.01832 0 0
38.886 2.08823e-09 0.982038 1.01829 0 0
38.946 2.08823e-09 0.982065 1.01826 0 0
39.006 2.08823e-09 0.982093 1.01823 0 0
39.066 2.08823e-09 0.98212 1.01821 0 0
39.126 2.08823e-09 0.982148 1.01818 0 0
39.186 2.08823e-09 0.982175 1.01815 0 0
39.246 2.08823e-09 0.982202 1.01812 0 0
39.306 2.08823e-09 0.98223 1.01809 0 0
39.366 2.08823e-09 0.982257 1.01806 0 0
39.426 2.08823e-09 0.982284 1.01804 0 0
39.486 2.08823e-09 0.982311 1.01801 0 0
39.546 2.08823e-09 0.982337 1.01798 0 0
39.606 2.08823e-09 0.982364 1.01795 0 0
39.666 2.08823e-09 0.982391 1.01792 0 0
39.726 2.08823e-09 0.982417 1.0179 0 0
39.786 2.08823e-09 0.982444 1.01787 0 0
39.846 2.08823e-09 0.98247 1.01784 0 0
39.906 2.08823e-09 0.982497 1.01782 0 0
39.966 2.08823e-09 0.982523 1.01779 0 0
40.026 2.08823e-09 0.982549 1.01776 0 0
40.086 2.08823e-09 0.982575 1.01773 0 0
40.146 2.08823e-09 0.982601 1.01771 0 0
40.206 2.08823e-09 0.982627 1.01768 0 0
40.266 2.08823e-09 0.982653 1.01765 0 0
40.326 2.08823e-09 0.982679 1.01763 0 0
40.386 2.08823e-09 0.982705 1.0176 0 0
40.446 2.08823e-09 0.98273 1.01757 0 0
40.506 2.08823e-09 0.982756 1.01755 0 0
40.566 2.08823e-09 0.982782 1.01752 0 0
40.626 2.08823e-09 0.982807 1.01749 0 0
40.686 2.08823e-09 0.982832 1.01747 0 0
40.746 2.08823e-09 0.982858 1.01744 0 0
40.806 2.08823e-09 0.982883 1.01742 0 0
40.866 2.08823e-09 0.982908 1.01739 0 0
40.926 2.08823e-09 0.982933 1.01736 0 0
40.986 2.08823e-09 0.982958 1.01734 0 0
41.046 2.08823e-09 0.982983 1.01731 0 0
41.106 2.08823e-09 0.983008 1.01729 0 0
41.166 2.08823e-09 0.983032 1.01726 0 0
41.226 2.08823e-09 0.983057 1.01723 0 0
41.286 2.08823e-09 0.983082 1.01721 0 0
41.346 2.08823e-09 0.983106 1.01718 0 0
41.406 2.08823e-09 0.983131 1.01716 0 0
41.466 2.08823e-09 0.983155 1.01713 0 0
41.526 2.08823e-09 0.98318 1.01711 0 0
41.586 2.08823e-09 0.983204 1.01708 0 0
41.646 2.08823e-09 0.983228 1.01706 0 0
41.706 2.08823e-09 0.983252 1.01703 0 0
41.766 2.08823e-09 0.983276 1.01701 0 0
41.826 2.08823e-09 0.9833 1.01698 0 0
41.886 2.08823e-09 0.983324 1.01696 0 0
41.946 2.08823e-09 0.983348 1.01693 0 0
42.006 2.08823e-09 0.983372 1.01691 0 0
42.066 2.08823e-09 0.983395 1.01688 0 0
42.126 2.08823e-09 0.983419 1.01686 0 0
42.186 2.08823e-09 0.983443 1.01684 0 0
42.246 2.08823e-09 0.983466 1.01681 0 0
42.306 2.08823e-09 0.98349 1.01679 0 0
42.366 2.08823e-09 0.983513 1.01676 0 0
42.426 2.08823e-09 0.983536 1.01674 0 0
42.486 2.08823e-09 0.98356 1.01672 0 0
42.546 2.08823e-09 0.983583 1.01669 0 0
42.606 2.08823e-09 0.983606 1.01667 0 0
42.666 2.08823e-09 0.983629 1.01664 0 0
42.726 2.08823e-09 0.983652 1.01662 0 0
42.786 2.08823e-09 0.983675 1.0166 0 0
42.846 2.08823e-09 0.983698 1.01657 0 0
42.906 2.08823e-09 0.983721 1.01655 0 0
42.966 2.08823e-09 0.983743 1.01653 0 0
43.026 2.08823e-09 0.983766 1.0165 0 0
43.086 2.08823e-09 0.983789 1.01648 0 0
43.146 2.08823e-09 0.983811 1.01646 0 0
43.206 2.08823e-09 0.983834 1.01643 0 0
43.266 2.08823e-09 0.983856 1.01641 0 0
43.326 2.08823e-09 0.983878 1.01639 0 0
43.386 2.08823e-09 0.983901 1.01636 0 0
43.446 2.08823e-09 0.983923 1.01634 0 0
43.506 2.08823e-09 0.983945 1.01632 0 0
43.566 2.08823e-09 0.983967 1.01629 0 0
43.626 2.08823e-09 0.983989 1.01627 0 0
43.686 2.08823e-09 0.984011 1.01625 0 0
43.746 2.08823e-09 0.984033 1.01623 0 0
43.806 2.08823e-09 0.984055 1.0162 0 0
43.866 2.08823e-09 0.984077 1.01618 0 0
43.926 2.08823e-09 0.984099 1.01616 0 0
43.986 2.08823e-09 0.98412 1.01614 0 0
44.046 2.08823e-09 0.984142 1.01611 0 0
44.106 2.08823e-09 0.984163 1.01609 0 0
44.166 2.08823e-09 0.984185 1.01607 0 0
44.226 2.08823e-09 0.984206 1.01605 0 0
44.286 2.08823e-09 0.984228 1.01602 0 0
44.346 2.08823e-09 0.984249 1.016 0 0
44.406 2.08823e-09 0.98427 1.01598 0 0
44.466 2.08823e-09 0.984292 1.01596 0 0
44.526 2.08823e-09 0.984313 1.01594 0 0
44.586 2.08823e-09 0.984334 1.01592 0 0
44.646 2.08823e-09 0.984355 1.01589 0 0
44.706 2.08823e-09 0.984376 1.01587 0 0
44.766 2.08823e-09 0.984397 1.01585 0 0
44.826 2.08823e-09 0.984418 1.01583 0 0
44.886 2.08823e-09 0.984439 1.01581 0 0
44.946 2.08823e-09 0.984459 1.01579 0 0
45.006 2.08823e-09 0.98448 1.01576 0 0
45.066 2.08823e-09 0.984501 1.01574 0 0
45.126 2.08823e-09 0.984521 1.01572 0 0
45.186 2.08823e-09 0.984542 1.0157 0 0
45.246 2.08823e-09 0.984562 1.01568 0 0
45.306 2.08823e-09 0.984583 1.01566 0 0
45.366 2.08823e-09 0.984603 1.01564 0 0
45.426 2.08823e-09 0.984624 1.01562 0 0
45.486 2.08823e-09 0.984644 1.0156 0 0
45.546 2.08823e-09 0.984664 1.01557 0 0
45.606 2.08823e-09 0.984684 1.01555 0 0
45.666 2.08823e-09 0.984704 1.01553 0 0
45.726 2.08823e-09 0.984725 1.01551 0 0
45.786 2.08823e-09 0.984745 1.01549 0 0
45.846 2.08823e-09 0.984765 1.01547 0 0
45.906 2.08823e-09 0.984784 1.01545 0 0
45.966 2.08823e-09 0.984804 1.01543 0 0
46.026 2.08823e-09 0.984824 1.01541 0 0
46.086 2.08823e-09 0.984844 1.01539 0 0
46.146 2.08823e-09 0.984864 1.01537 0 0
46.206 2.08823e-09 0.984883 1.01535 0 0
46.266 2.08823e-09 0.984903 1.01533 0 0
46.326 2.08823e-09 0.984922 1.01531 0 0
46.386 2.08823e-09 0.984942 1.01529 0 0
46.446 2.08823e-09 0.984961 1.01527 0 0
46.506 2.08823e-09 0.984981 1.01525 0 0
46.566 2.08823e-09 0.985 1.01523 0 0
46.626 2.08823e-09 0.985019 1.01521 0 0
46.686 2.08823e-09 0.985039 1.01519 0 0
46.746 2.08823e-09 0.985058 1.01517 0 0
46.806 2.08823e-09 0.985077 1.01515 0 0
46.866 2.08823e-09 0.985096 1.01513 0 0
46.926 2.08823e-09 0.985115 1.01511 0 0
46.986 2.08823e-09 0.985134 1.01509 0 0
47.046 2.08823e-09 0.985153 1.01507 0 0
47.106 2.08823e-09 0.985172 1.01505 0 0
47.166 2.08823e-09 0.985191 1.01503 0 0
47.226 2.08823e-09 0.98521 1.01501 0 0
47.286 2.08823e-09 0.985228 1.01499 0 0
47.346 2.08823e-09 0.985247 1.01497 0 0
47.406 2.08823e-09 0.985266 1.01495 0 0
47.466 2.08823e-09 0.985285 1.01494 0 0
47.526 2.08823e-09 0.985303 1.01492 0 0
47.586 2.08823e-09 0.985322 1.0149 0 0
47.646 2.08823e-09 0.98534 1.01488 0 0
47.706 2.08823e-09 0.985359 1.01486 0 0
47.766 2.08823e-09 0.985377 1.01484 0 0
47.826 2.08823e-09 0.985395 1.01482 0 0
47.886 2.08823e-09 0.985414 1.0148 0 0
47.946 2.08823e-09 0.985432 1.01478 0 0
48.006 2.08823e-09 0.98545 1.01476 0 0
48.066 2.08823e-09 0.985468 1.01475 0 0
48.126 2.08823e-09 0.985486 1.01473 0 0
48.186 2.08823e-09 0.985504 1.01471 0 0
48.246 2.08823e-09 0.985522 1.01469 0 0
48.306 2.08823e-09 0.98554 1.01467 0 0
48.366 2.08823e-09 0.985558 1.01465 0 0
48.426 2.08823e-09 0.985576 1.01463 0 0
48.486 2.08823e-09 0.985594 1.01462 0 0
48.546 2.08823e-09 0.985612 1.0146 0 0
48.606 2.08823e-09 0.98563 1.01458 0 0
48.666 2.08823e-09 0.985647 1.01456 0 0
48.726 2.08823e-09 0.985665 1.01454 0 0
48.786 2.08823e-09 0.985683 1.01453 0 0
48.846 2.08823e-09 0.9857 1.01451 0 0
48.906 2.08823e-09 0.985718 1.01449 0 0
48.966 2.08823e-09 0.985735 1.01447 0 0
49.026 2.08823e-09 0.985753 1.01445 0 0
49.086 2.08823e-09 0.98577 1.01444 0 0
49.146 2.08823e-09 0.985788 1.01442 0 0
49.206 2.08823e-09 0.985805 1.0144 0 0
49.266 2.08823e-09 0.985822 1.01438 0 0
49.326 2.08823e-09 0.985839 1.01436 0 0
49.386 2.08823e-09 0.985857 1.01435 0 0
49.446 2.08823e-09 0.985874 1.01433 0 0
49.506 2.08823e-09 0.985891 1.01431 0 0
49.566 2.08823e-09 0.985908 1.01429 0 0
49.626 2.08823e-09 0.985925 1.01428 0 0
49.686 2.08823e-09 0.985942 1.01426 0 0
49.746 2.08823e-09 0.985959 1.01424 0 0
49.806 2.08823e-09 0.985976 1.01422 0 0
49.866 2.08823e-09 0.985993 1.01421 0 0
49.926 2.08823e-09 0.98601 1.01419 0 0
49.986 2.08823e-09 0.986026 1.01417 0 0
50.046 2.08823e-09 0.986043 1.01415 0 0
50.106 2.08823e-09 0.98606 1.01414 0 0
50.166 2.08823e-09 0.986077 1.01412 0 0
50.226 2.08823e-09 0.986093 1.0141 0 0
50.286 2.08823e-09 0.98611 1.01409 0 0
50.346 2.08823e-09 0.986126 1.01407 0 0
50.406 2.08823e-09 0.986143 1.01405 0 0
50.466 2.08823e-09 0.986159 1.01403 0 0
50.526 2.08823e-09 0.986176 1.01402 0 0
50.586 2.08823e-09 0.986192 1.014 0 0
50.646 2.08823e-09 0.986208 1.01398 0 0
50.706 2.08823e-09 0.986225 1.01397 0 0
50.766 2.08823e-09 0.986241 1.01395 0 0
50.826 2.08823e-09 0.986257 1.01393 0 0
50.886 2.08823e-09 0.986274 1.01392 0 0
50.946 2.08823e-09 0.98629 1.0139 0 0
51.006 2.08823e-09 0.986306 1.01388 0 0
51.066 2.08823e-09 0.986322 1.01387 0 0
51.126 2.08823e-09 0.986338 1.01385 0 0
51.186 2.08823e-09 0.986354 1.01383 0 0
51.246 2.08823e-09 0.98637 1.01382 0 0
51.306 2.08823e-09 0.986386 1.0138 0 0
51.366 2.08823e-09 0.986402 1.01379 0 0
51.426 2.08823e-09 0.986418 1.01377 0 0
51.486 2.08823e-09 0.986433 1.01375 0 0
51.546 2.08823e-09 0.986449 1.01374 0 0
51.606 2.08823e-09 0.986465 1.01372 0 0
51.666 2.08823e-09 0.986481 1.0137 0 0
51.726 2.08823e-09 0.986496 1.01369 0 0
51.786 2.08823e-09 0.986512 1.01367 0 0
51.846 2.08823e-09 0.986528 1.01366 0 0
51.906 2.08823e-09 0.986543 1.01364 0 0
51.966 2.08823e-09 0.986559 1.01362 0 0
52.026 2.08823e-09 0.986574 1.01361 0 0
52.086 2.08823e-09 0.98659 1.01359 0 0
52.146 2.08823e-09 0.986605 1.01358 0 0
52.206 2.08823e-09 0.986621 1.01356 0 0
52.266 2.08823e-09 0.986636 1.01355 0 0
52.326 2.08823e-09 0.986651 1.01353 0 0
52.386 2.08823e-09 0.986667 1.01351 0 0
52.446 2.08823e-09 0.986682 1.0135 0 0
52.506 2.08823e-09 0.986697 1.01348 0 0
52.566 2.08823e-09 0.986712 1.01347 0 0
52.626 2.08823e-09 0.986727 1.01345 0 0
52.686 2.08823e-09 0.986742 1.01344 0 0
52.746 2.08823e-09 0.986758 1.01342 0 0
52.806 2.08823e-09 0.986773 1.0134 0 0
52.866 2.08823e-09 0.986788 1.01339 0 0
52.926 2.08823e-09 0.986803 1.01337 0 0
52.986 2.08823e-09 0.986818 1.01336 0 0
53.046 2.08823e-09 0.986832 1.01334 0 0
53.106 2.08823e-09 0.986847 1.01333 0 0
53.166 2.08823e-09 0.986862 1.01331 0 0
53.226 2.08823e-09 0.986877 1.0133 0 0
53.286 2.08823e-09 0.986892 1.01328 0 0
53.346 2.08823e-09 0.986907 1.01327 0 0
53.406 2.08823e-09 0.986921 1.01325 0 0
53.466 2.08823e-09 0.986936 1.01324 0 0
53.526 2.08823e-09 0.986951 1.01322 0 0
53.586 2.08823e-09 0.986965 1.01321 0 0
53.646 2.08823e-09 0.98698 1.01319 0 0
53.706 2.08823e-09 0.986994 1.01318 0 0
53.766 2.08823e-09 0.987009 1.01316 0 0
53.826 2.08823e-09 0.987023 1.01315 0 0
53.886 2.08823e-09 0.987038 1.01313 0 0
53.946 2.08823e-09 0.987052 1.01312 0 0
54.006 2.08823e-09 0.987067 1.0131 0 0
54.066 2.08823e-09 0.987081 1.01309 0 0
54.126 2.08823e-09 0.987095 1.01307 0 0
54.186 2.08823e-09 0.987109 1.01306 0 0
54.246 2.08823e-09 0.987124 1.01304 0 0
54.306 2.08823e-09 0.987138 1.01303 0 0
54.366 2.08823e-09 0.987152 1.01302 0 0
54.426 2.08823e-09 0.987166 1.013 0 0
54.486 2.08823e-09 0.98718 1.01299 0 0
54.546 2.08823e-09 0.987195 1.01297 0 0
54.606 2.08823e-09 0.987209 1.01296 0 0
54.666 2.08823e-09 0.987223 1.01294 0 0
54.726 2.08823e-09 0.987237 1.01293 0 0
54.786 2.08823e-09 0.987251 1.01291 0 0
54.846 2.08823e-09 0.987265 1.0129 0 0
54.906 2.08823e-09 0.987279 1.01289 0 0
54.966 2.08823e-09 0.987292 1.01287 0 0
55.026 2.08823e-09 0.987306 1.01286 0 0
55.086 2.08823e-09 0.98732 1.01284 0 0
55.146 2.08823e-09 0.987334 1.01283 0 0
55.206 2.08823e-09 0.987348 1.01281 0 0
55.266 2.08823e-09 0.987361 1.0128 0 0
55.326 2.08823e-09 0.987375 1.01279 0 0
55.386 2.08823e-09 0.987389 1.01277 0 0
55.446 2.08823e-09 0.987402 1.01276 0 0
55.506 2.08823e-09 0.987416 1.01274 0 0
55.566 2.08823e-09 0.98743 1.01273 0 0
55.626 2.08823e-09 0.987443 1.01272 0 0
55.686 2.08823e-09 0.987457 1.0127 0 0
55.746 2.08823e-09 0.98747 1.01269 0 0
55.806 2.08823e-09 0.987484 1.01267 0 0
55.866 2.08823e-09 0.987497 1.01266 0 0
55.926 2.08823e-09 0.987511 1.01265 0 0
55.986 2.08823e-09 0.987524 1.01263 0 0
56.046 2.08823e-09 0.987537 1.01262 0 0
56.106 2.08823e-09 0.987551 1.01261 0 0
56.166 2.08823e-09 0.987564 1.01259 0 0
56.226 2.08823e-09 0.987577 1.01258 0 0
56.286 2.08823e-09 0.98759 1.01257 0 0
56.346 2.08823e-09 0.987604 1.01255 0 0
56.406 2.08823e-09 0.987617 1.01254 0 0
56.466 2.08823e-09 0.98763 1.01252 0 0
56.526 2.08823e-09 0.987643 1.01251 0 0
56.586 2.08823e-09 0.987656 1.0125 0 0
56.646 2.08823e-09 0.987669 1.01248 0 0
56.706 2.08823e-09 0.987682 1.01247 0 0
56.766 2.08823e-09 0.987695 1.01246 0 0
56.826 2.08823e-09 0.987708 1.01244 0 0
56.886 2.08823e-09 0.987721 1.01243 0 0
56.946 2.08823e-09 0.987734 1.01242 0 0
57.006 2.08823e-09 0.987747 1.0124 0 0
57.066 2.08823e-09 0.98776 1.01239 0 0
57.126 2.08823e-09 0.987773 1.01238 0 0
57.186 2.08823e-09 0.987786 1.01237 0 0
57.246 2.08823e-09 0.987799 1.01235 0 0
57.306 2.08823e-09 0.987811 1.01234 0 0
57.366 2.08823e-09 0.987824 1.01233 0 0
57.426 2.08823e-09 0.987837 1.01231 0 0
57.486 2.08823e-09 0.987849 1.0123 0 0
57.546 2.08823e-09 0.987862 1.01229 0 0
57.606 2.08823e-09 0.987875 1.01227 0 0
57.666 2.08823e-09 0.987887 1.01226 0 0
57.726 2.08823e-09 0.9879 1.01225 0 0
57.786 2.08823e-09 0.987913 1.01224 0 0
57.846 2.08823e-09 0.987925 1.01222 0 0
57.906 2.08823e-09 0.987938 1.01221 0 0
57.966 2.08823e-09 0.98795 1.0122 0 0
58.026 2.08823e-09 0.987963 1.01218 0 0
58.086 2.08823e-09 0.987975 1.01217 0 0
58.146 2.08823e-09 0.987987 1.01216 0 0
58.206 2.08823e-09 0.988 1.01215 0 0
58.266 2.08823e-09 0.988012 1.01213 0 0
58.326 2.08823e-09 0.988024 1.01212 0 0
58.386 2.08823e-09 0.988037 1.01211 0 0
58.446 2.08823e-09 0.988049 1.0121 0 0
58.506 2.08823e-09 0.988061 1.01208 0 0
58.566 2.08823e-09 0.988074 1.01207 0 0
58.626 2.08823e-09 0.988086 1.01206 0 0
58.686 2.08823e-09 0.988098 1.01205 0 0
58.746 2.08823e-09 0.98811 1.01203 0 0
58.806 2.08823e-09 0.988122 1.01202 0 0
58.866 2.08823e-09 0.988134 1.01201 0 0
58.926 2.08823e-09 0.988146 1.012 0 0
58.986 2.08823e-09 0.988158 1.01198 0 0
59.046 2.08823e-09 0.98817 1.01197 0 0
59.106 2.08823e-09 0.988182 1.01196 0 0
59.166 2.08823e-09 0.988194 1.01195 0 0
59.226 2.08823e-09 0.988206 1.01193 0 0
59.286 2.08823e-09 0.988218 1.01192 0 0
59.346 2.08823e-09 0.98823 1.01191 0 0
59.406 2.08823e-09 0.988242 1.0119 0 0
59.466 2.08823e-09 0.988254 1.01189 0 0
59.526 2.08823e-09 0.988266 1.01187 0 0
59.586 2.08823e-09 0.988278 1.01186 0 0
59.646 2.08823e-09 0.988289 1.01185 0 0
59.706 2.08823e-09 0.988301 1.01184 0 0
59.766 2.08823e-09 0.988313 1.01183 0 0
59.826 2.08823e-09 0.988325 1.01181 0 0
59.886 2.08823e-09 0.988336 1.0118 0 0
59.946 2.08823e-09 0.988348 1.01179 0 0

