0.06 0.577929
0.006 0.064253 0.14481 1 0.0029899 0.005468
0.066 0.0641935 0.144933 1.00081 0.00298505 0.00546356
0.126 0.0640327 0.145263 1.00294 0.00297206 0.00545166
0.186 0.0637724 0.1458 1.00639 0.00295112 0.00543242
0.246 0.0634137 0.146542 1.01116 0.00292245 0.00540597
0.306 0.0629585 0.147489 1.01724 0.00288636 0.00537249
0.366 0.0624091 0.148642 1.02459 0.00284324 0.0053322
0.426 0.0617681 0.149998 1.03321 0.00279352 0.00528538
0.486 0.0610388 0.151558 1.04306 0.00273772 0.00523232
0.546 0.0602246 0.153319 1.0541 0.00267638 0.00517337
0.606 0.0593297 0.155282 1.06632 0.00261008 0.00510889
0.666 0.0583581 0.157443 1.07965 0.00253943 0.00503927
0.726 0.0573147 0.159801 1.09405 0.00246505 0.00496493
0.786 0.0562042 0.162353 1.10947 0.00238757 0.00488628
0.846 0.055032 0.165098 1.12585 0.0023076 0.00480375
0.906 0.0538033 0.168032 1.14311 0.00222575 0.00471779
0.966 0.0525238 0.171152 1.16119 0.00214259 0.00462881
1.026 0.0511992 0.174454 1.18001 0.00205867 0.00453726
1.086 0.0498351 0.177933 1.19949 0.00197451 0.00444354
1.146 0.0484374 0.181586 1.21954 0.00189057 0.00434807
1.206 0.0470119 0.185408 1.24008 0.00180729 0.00425122
1.266 0.0455643 0.189393 1.261 0.00172505 0.00415337
1.326 0.0441003 0.193536 1.28221 0.0016442 0.00405487
1.386 0.0426254 0.197831 1.30362 0.00156502 0.00395604
1.446 0.041145 0.202272 1.32514 0.00148778 0.00385718
1.506 0.0396642 0.206853 1.34666 0.00141268 0.00375856
1.566 0.0381878 0.211566 1.3681 0.00133989 0.00366045
1.626 0.0367205 0.216405 1.38938 0.00126955 0.00356307
1.686 0.0352667 0.221364 1.41041 0.00120174 0.00346662
1.746 0.0338302 0.226435 1.4311 0.00113655 0.00337127
1.806 0.032415 0.231612 1.45141 0.001074 0.00327719
1.866 0.0310242 0.236887 1.47125 0.00101411 0.00318451
1.926 0.0296609 0.242254 1.49057 0.000956875 0.00309334
1.986 0.0283277 0.247706 1.50932 0.000902267 0.00300378
2.046 0.0270271 0.253237 1.52747 0.000850245 0.0029159
2.106 0.0257609 0.258839 1.54498 0.000800753 0.00282976
2.166 0.0245309 0.264508 1.56182 0.000753728 0.00274541
2.226 0.0233384 0.270236 1.57798 0.000709095 0.00266288
2.286 0.0221845 0.276017 1.59343 0.000666776 0.0025822
2.346 0.0210699 0.281848 1.60818 0.000626686 0.00250337
2.406 0.0199952 0.287721 1.62222 0.000588738 0.00242639
2.466 0.0189606 0.293632 1.63555 0.000552844 0.00235126
2.526 0.0179663 0.299576 1.64818 0.000518914 0.00227797
2.586 0.017012 0.305548 1.66012 0.000486859 0.00220649
2.646 0.0160975 0.311544 1.67138 0.000456591 0.0021368
2.706 0.0152223 0.317561 1.68198 0.000428024 0.00206887
2.766 0.0143857 0.323592 1.69194 0.000401073 0.00200268
2.826 0.0135871 0.329637 1.70127 0.000375656 0.00193818
2.886 0.0128256 0.335689 1.70998 0.000351694 0.00187535
2.946 0.0121002 0.341747 1.71811 0.000329112 0.00181414
3.006 0.01141 0.347806 1.72566 0.000307836 0.00175452
3.066 0.010754 0.353865 1.73266 0.000287796 0.00169645
3.126 0.0101309 0.359919 1.73912 0.000268925 0.00163989
3.186 0.00953977 0.365966 1.74507 0.00025116 0.0015848
3.246 0.00897934 0.372004 1.75052 0.000234441 0.00153115
3.306 0.00844847 0.37803 1.75548 0.00021871 0.00147889
3.366 0.00794597 0.384041 1.75997 0.000203913 0.00142798
3.426 0.00747069 0.390036 1.76401 0.000189997 0.00137839
3.486 0.00702146 0.396011 1.76761 0.000176914 0.00133009
3.546 0.00659712 0.401965 1.77078 0.000164618 0.00128304
3.606 0.00619655 0.407895 1.77354 0.000153065 0.00123719
3.666 0.00581863 0.4138 1.77589 0.000142213 0.00119253
3.726 0.0054623 0.419677 1.77785 0.000132024 0.00114902
3.786 0.00512649 0.425526 1.77942 0.00012246 0.00110662
3.846 0.00481018 0.431342 1.78062 0.000113487 0.0010653
3.906 0.00451238 0.437126 1.78146 0.000105071 0.00102504
3.966 0.00423214 0.442876 1.78194 9.71814e-05 0.000985806
4.026 0.00396854 0.448588 1.78206 8.97888e-05 0.000947569
4.086 0.00372068 0.454263 1.78185 8.28652e-05 0.000910303
4.146 0.00348772 0.459898 1.7813 7.63844e-05 0.000873982
4.206 0.00326885 0.465492 1.78043 7.03216e-05 0.00083858
4.266 0.00306329 0.471044 1.77923 6.46533e-05 0.000804072
4.326 0.00287028 0.476551 1.77772 5.93572e-05 0.000770436
4.386 0.00268911 0.482013 1.7759 5.44125e-05 0.000737649
4.446 0.00251912 0.487429 1.77378 4.97994e-05 0.000705687
4.506 0.00235966 0.492796 1.77136 4.5499e-05 0.000674529
4.566 0.0022101 0.498114 1.76865 4.14937e-05 0.000644156
4.626 0.00206988 0.503382 1.76566 3.77667e-05 0.000614546
4.686 0.00193843 0.508598 1.76239 3.43022e-05 0.000585681
4.746 0.00181524 0.513762 1.75885 3.10851e-05 0.00055754
4.806 0.00169981 0.518872 1.75505 2.81013e-05 0.000530107
4.866 0.00159166 0.523927 1.75099 2.53374e-05 0.000503362
4.926 0.00149037 0.528927 1.74668 2.27806e-05 0.00047729
4.986 0.0013955 0.53387 1.74212 2.04189e-05 0.000451873
5.046 0.00130667 0.538756 1.73733 1.8241e-05 0.000427095
5.106 0.0012235 0.543584 1.7323 1.62361e-05 0.00040294
5.166 0.00114563 0.548353 1.72704 1.4394e-05 0.000379394
5.226 0.00107274 0.553063 1.72157 1.2705e-05 0.00035644
5.286 0.00100452 0.557712 1.71589 1.116e-05 0.000334066
5.346 0.000940678 0.562301 1.71 9.75036e-06 0.000312256
5.406 0.000880928 0.566829 1.70392 8.46791e-06 0.000290997
5.466 0.000825016 0.571295 1.69764 7.3049e-06 0.000270276
5.526 0.000772698 0.575699 1.69118 6.25399e-06 0.00025008
5.586 0.000723745 0.58004 1.68454 5.30825e-06 0.000230396
5.646 0.000677942 0.584318 1.67774 4.4611e-06 0.000211213
5.706 0.000635088 0.588533 1.67077 3.70632e-06 0.000192518
5.766 0.000594993 0.592685 1.66364 3.03805e-06 0.0001743
5.826 0.000557481 0.596773 1.65636 2.45072e-06 0.000156548
5.886 0.000522383 0.600797 1.64895 1.93905e-06 0.00013925
5.946 0.000489546 0.604757 1.64139 1.49807e-06 0.000122396
6.006 0.000458821 0.608653 1.63371 1.12308e-06 0.000105975
6.066 0.000430074 0.612484 1.62591 8.09613e-07 8.99785e-05
6.126 0.000403176 0.616252 1.618 5.53463e-07 7.43951e-05
6.186 0.000378006 0.619956 1.60997 3.50649e-07 5.92157e-05
6.246 0.000354453 0.623595 1.60184 1.97409e-07 4.44308e-05
6.306 0.000332411 0.62717 1.59362 9.01882e-08 3.00314e-05
6.366 0.000311782 0.630682 1.58531 2.56271e-08 1.60085e-05
6.426 0.000292475 0.63413 1.57692 5.55243e-10 2.35636e-06
6.486 0.000274403 0.637514 1.56856 0 0
6.546 0.000257484 0.640837 1.56043 0 0
6.606 0.000241643 0.644099 1.55253 0 0
6.666 0.000226807 0.647302 1.54485 0 0
6.726 0.000212911 0.650449 1.53738 0 0
6.786 0.000199893 0.653539 1.53011 0 0
6.846 0.000187696 0.656576 1.52304 0 0
6.906 0.000176265 0.659559 1.51615 0 0
6.966 0.000165552 0.662492 1.50944 0 0
7.026 0.000155509 0.665374 1.5029 0 0
7.086 0.000146093 0.668207 1.49653 0 0
7.146 0.000137264 0.670993 1.49032 0 0
7.206 0.000128983 0.673733 1.48426 0 0
7.266 0.000121217 0.676427 1.47835 0 0
7.326 0.00011393 0.679077 1.47258 0 0
7.386 0.000107094 0.681684 1.46695 0 0
7.446 0.000100679 0.684249 1.46145 0 0
7.506 9.46588e-05 0.686773 1.45608 0 0
7.566 8.90079e-05 0.689257 1.45083 0 0
7.626 8.37031e-05 0.691702 1.44571 0 0
7.686 7.87226e-05 0.694108 1.44069 0 0
7.746 7.4046e-05 0.696478 1.43579 0 0
7.806 6.96542e-05 0.698811 1.431 0 0
7.866 6.55293e-05 0.701108 1.42631 0 0
7.926 6.16546e-05 0.703371 1.42172 0 0
7.986 5.80146e-05 0.705599 1.41723 0 0
8.046 5.45946e-05 0.707795 1.41284 0 0
8.106 5.1381e-05 0.709958 1.40853 0 0
8.166 4.83609e-05 0.712089 1.40432 0 0
8.226 4.55224e-05 0.714189 1.40019 0 0
8.286 4.28543e-05 0.716258 1.39614 0 0
8.346 4.03461e-05 0.718298 1.39218 0 0
8.406 3.7988e-05 0.720309 1.38829 0 0
8.466 3.57707e-05 0.722291 1.38448 0 0
8.526 3.36856e-05 0.724245 1.38075 0 0
8.586 3.17246e-05 0.726172 1.37708 0 0
8.646 2.98802e-05 0.728073 1.37349 0 0
8.706 2.81453e-05 0.729947 1.36996 0 0
8.766 2.65131e-05 0.731795 1.3665 0 0
8.826 2.49776e-05 0.733619 1.36311 0 0
8.886 2.35328e-05 0.735417 1.35977 0 0
8.946 2.21732e-05 0.737192 1.3565 0 0
9.006 2.08936e-05 0.738943 1.35328 0 0
9.066 1.96894e-05 0.74067 1.35013 0 0
9.126 1.85559e-05 0.742375 1.34703 0 0
9.186 1.74889e-05 0.744058 1.34398 0 0
9.246 1.64844e-05 0.745719 1.34099 0 0
9.306 1.55386e-05 0.747358 1.33805 0 0
9.366 1.46481e-05 0.748977 1.33515 0 0
9.426 1.38095e-05 0.750575 1.33231 0 0
9.486 1.30198e-05 0.752152 1.32952 0 0
9.546 1.22761e-05 0.75371 1.32677 0 0
9.606 1.15755e-05 0.755248 1.32407 0 0
9.666 1.09156e-05 0.756768 1.32141 0 0
9.726 1.0294e-05 0.758268 1.31879 0 0
9.786 9.70836e-06 0.75975 1.31622 0 0
9.846 9.15658e-06 0.761214 1.31369 0 0
9.906 8.63666e-06 0.762661 1.3112 0 0
9.966 8.14672e-06 0.76409 1.30875 0 0
10.026 7.68501e-06 0.765501 1.30633 0 0
10.086 7.24987e-06 0.766896 1.30396 0 0
10.146 6.83973e-06 0.768275 1.30162 0 0
10.206 6.45314e-06 0.769637 1.29931 0 0
10.266 6.08871e-06 0.770984 1.29704 0 0
10.326 5.74515e-06 0.772314 1.29481 0 0
10.386 5.42125e-06 0.77363 1.29261 0 0
10.446 5.11585e-06 0.77493 1.29044 0 0
10.506 4.82787e-06 0.776215 1.2883 0 0
10.566 4.55632e-06 0.777486 1.2862 0 0
10.626 4.30022e-06 0.778742 1.28412 0 0
10.686 4.05869e-06 0.779985 1.28208 0 0
10.746 3.83088e-06 0.781213 1.28006 0 0
10.806 3.616e-06 0.782428 1.27807 0 0
10.866 3.4133e-06 0.783629 1.27611 0 0
10.926 3.22207e-06 0.784818 1.27418 0 0
10.986 3.04165e-06 0.785993 1.27228 0 0
11.046 2.87142e-06 0.787155 1.2704 0 0
11.106 2.71079e-06 0.788305 1.26854 0 0
11.166 2.55921e-06 0.789443 1.26672 0 0
11.226 2.41617e-06 0.790568 1.26491 0 0
11.286 2.28116e-06 0.791681 1.26313 0 0
11.346 2.15372e-06 0.792783 1.26138 0 0
11.406 2.03343e-06 0.793873 1.25965 0 0
11.466 1.91987e-06 0.794952 1.25794 0 0
11.526 1.81266e-06 0.796019 1.25625 0 0
11.586 1.71143e-06 0.797076 1.25459 0 0
11.646 1.61584e-06 0.798121 1.25294 0 0
11.706 1.52557e-06 0.799156 1.25132 0 0
11.766 1.44031e-06 0.80018 1.24972 0 0
11.826 1.35978e-06 0.801194 1.24814 0 0
11.886 1.28371e-06 0.802197 1.24658 0 0
11.946 1.21184e-06 0.803191 1.24503 0 0
12.006 1.14393e-06 0.804174 1.24351 0 0
12.066 1.07976e-06 0.805148 1.24201 0 0
12.126 1.0191e-06 0.806112 1.24052 0 0
12.186 9.6177e-07 0.807067 1.23905 0 0
12.246 9.07568e-07 0.808012 1.23761 0 0
12.306 8.56316e-07 0.808948 1.23617 0 0
12.366 8.07845e-07 0.809875 1.23476 0 0
12.426 7.61997e-07 0.810793 1.23336 0 0
12.486 7.18619e-07 0.811702 1.23198 0 0
12.546 6.7757e-07 0.812603 1.23061 0 0
12.606 6.38716e-07 0.813495 1.22926 0 0
12.666 6.0193e-07 0.814378 1.22793 0 0
12.726 5.67091e-07 0.815254 1.22661 0 0
12.786 5.34087e-07 0.816121 1.22531 0 0
12.846 5.02811e-07 0.816979 1.22402 0 0
12.906 4.73161e-07 0.81783 1.22275 0 0
12.966 4.45043e-07 0.818673 1.22149 0 0
13.026 4.18365e-07 0.819508 1.22024 0 0
13.086 3.93041e-07 0.820336 1.21901 0 0
13.146 3.68992e-07 0.821156 1.2178 0 0
13.206 3.4614e-07 0.821969 1.21659 0 0
13.266 3.24412e-07 0.822774 1.2154 0 0
13.326 3.03741e-07 0.823572 1.21422 0 0
13.386 2.8406e-07 0.824363 1.21306 0 0
13.446 2.65308e-07 0.825146 1.21191 0 0
13.506 2.47425e-07 0.825923 1.21077 0 0
13.566 2.30357e-07 0.826693 1.20964 0 0
13.626 2.1405e-07 0.827456 1.20852 0 0
13.686 1.98453e-07 0.828213 1.20742 0 0
13.746 1.83519e-07 0.828962 1.20633 0 0
13.806 1.69202e-07 0.829706 1.20525 0 0
13.866 1.55458e-07 0.830443 1.20418 0 0
13.926 1.42245e-07 0.831173 1.20312 0 0
13.986 1.29525e-07 0.831897 1.20207 0 0
14.046 1.17257e-07 0.832615 1.20103 0 0
14.106 1.05407e-07 0.833327 1.20001 0 0
14.166 9.39389e-08 0.834033 1.19899 0 0
14.226 8.2819e-08 0.834733 1.19799 0 0
14.286 7.20151e-08 0.835427 1.19699 0 0
14.346 6.14959e-08 0.836116 1.19601 0 0
14.406 5.12311e-08 0.836798 1.19503 0 0
14.466 4.11916e-08 0.837475 1.19407 0 0
14.526 3.13491e-08 0.838147 1.19311 0 0
14.586 2.1676e-08 0.838812 1.19216 0 0
14.646 1.21454e-08 0.839473 1.19122 0 0
14.706 2.73126e-09 0.840128 1.1903 0 0
14.766 6.4253e-10 0.840777 1.18938 0 0
14.826 6.4253e-10 0.841422 1.18846 0 0
14.886 6.4253e-10 0.842061 1.18756 0 0
14.946 6.4253e-10 0.842695 1.18667 0 0
15.006 6.4253e-10 0.843324 1.18578 0 0
15.066 6.4253e-10 0.843948 1.18491 0 0
15.126 6.4253e-10 0.844567 1.18404 0 0
15.186 6.4253e-10 0.845181 1.18318 0 0
15.246 6.4253e-10 0.84579 1.18233 0 0
15.306 6.4253e-10 0.846395 1.18148 0 0
15.366 6.4253e-10 0.846994 1.18065 0 0
15.426 6.4253e-10 0.84759 1.17982 0 0
15.486 6.4253e-10 0.84818 1.17899 0 0
15.546 6.4253e-10 0.848766 1.17818 0 0
15.606 6.4253e-10 0.849347 1.17737 0 0
15.666 6.4253e-10 0.849924 1.17658 0 0
15.726 6.4253e-10 0.850497 1.17578 0 0
15.786 6.4253e-10 0.851065 1.175 0 0
15.846 6.4253e-10 0.851629 1.17422 0 0
15.906 6.4253e-10 0.852189 1.17345 0 0
15.966 6.4253e-10 0.852744 1.17268 0 0
16.026 6.4253e-10 0.853296 1.17193 0 0
16.086 6.4253e-10 0.853843 1.17118 0 0
16.146 6.4253e-10 0.854386 1.17043 0 0
16.206 6.4253e-10 0.854925 1.16969 0 0
16.266 6.4253e-10 0.85546 1.16896 0 0
16.326 6.4253e-10 0.855991 1.16824 0 0
16.386 6.4253e-10 0.856519 1.16752 0 0
16.446 6.4253e-10 0.857042 1.1668 0 0
16.506 6.4253e-10 0.857562 1.1661 0 0
16.566 6.4253e-10 0.858078 1.1654 0 0
16.626 6.4253e-10 0.85859 1.1647 0 0
16.686 6.4253e-10 0.859098 1.16401 0 0
16.746 6.4253e-10 0.859603 1.16333 0 0
16.806 6.4253e-10 0.860105 1.16265 0 0
16.866 6.4253e-10 0.860602 1.16198 0 0
16.926 6.4253e-10 0.861096 1.16131 0 0
16.986 6.4253e-10 0.861587 1.16065 0 0
17.046 6.4253e-10 0.862074 1.15999 0 0
17.106 6.4253e-10 0.862558 1.15934 0 0
17.166 6.4253e-10 0.863038 1.1587 0 0
17.226 6.4253e-10 0.863515 1.15806 0 0
17.286 6.4253e-10 0.863989 1.15742 0 0
17.346 6.4253e-10 0.86446 1.15679 0 0
17.406 6.4253e-10 0.864927 1.15617 0 0
17.466 6.4253e-10 0.865391 1.15555 0 0
17.526 6.4253e-10 0.865852 1.15493 0 0
17.586 6.4253e-10 0.866309 1.15432 0 0
17.646 6.4253e-10 0.866764 1.15372 0 0
17.706 6.4253e-10 0.867215 1.15312 0 0
17.766 6.4253e-10 0.867664 1.15252 0 0
17.826 6.4253e-10 0.868109 1.15193 0 0
17.886 6.4253e-10 0.868552 1.15134 0 0
17.946 6.4253e-10 0.868991 1.15076 0 0
18.006 6.4253e-10 0.869428 1.15018 0 0
18.066 6.4253e-10 0.869861 1.14961 0 0
18.126 6.4253e-10 0.870292 1.14904 0 0
18.186 6.4253e-10 0.87072 1.14847 0 0
18.246 6.4253e-10 0.871145 1.14791 0 0
18.306 6.4253e-10 0.871568 1.14736 0 0
18.366 6.4253e-10 0.871987 1.14681 0 0
18.426 6.4253e-10 0.872404 1.14626 0 0
18.486 6.4253e-10 0.872818 1.14571 0 0
18.546 6.4253e-10 0.87323 1.14517 0 0
18.606 6.4253e-10 0.873638 1.14464 0 0
18.666 6.4253e-10 0.874045 1.14411 0 0
18.726 6.4253e-10 0.874448 1.14358 0 0
18.786 6.4253e-10 0.874849 1.14305 0 0
18.846 6.4253e-10 0.875248 1.14253 0 0
18.906 6.4253e-10 0.875644 1.14202 0 0
18.966 6.4253e-10 0.876037 1.1415 0 0
19.026 6.4253e-10 0.876428 1.141 0 0
19.086 6.4253e-10 0.876816 1.14049 0 0
19.146 6.4253e-10 0.877202 1.13999 0 0
19.206 6.4253e-10 0.877586 1.13949 0 0
19.266 6.4253e-10 0.877967 1.13899 0 0
19.326 6.4253e-10 0.878346 1.1385 0 0
19.386 6.4253e-10 0.878723 1.13802 0 0
19.446 6.4253e-10 0.879097 1.13753 0 0
19.506 6.4253e-10 0.879469 1.13705 0 0
19.566 6.4253e-10 0.879838 1.13657 0 0
19.626 6.4253e-10 0.880206 1.1361 0 0
19.686 6.4253e-10 0.880571 1.13563 0 0
19.746 6.4253e-10 0.880934 1.13516 0 0
19.806 6.4253e-10 0.881294 1.13469 0 0
19.866 6.4253e-10 0.881653 1.13423 0 0
19.926 6.4253e-10 0.882009 1.13377 0 0
19.986 6.4253e-10 0.882364 1.13332 0 0
20.046 6.4253e-10 0.882716 1.13287 0 0
20.106 6.4253e-10 0.883066 1.13242 0 0
20.166 6.4253e-10 0.883414 1.13197 0 0
20.226 6.4253e-10 0.883759 1.13153 0 0
20.286 6.4253e-10 0.884103 1.13109 0 0
20.346 6.4253e-10 0.884445 1.13065 0 0
20.406 6.4253e-10 0.884785 1.13022 0 0
20.466 6.4253e-10 0.885122 1.12979 0 0
20.526 6.4253e-10 0.885458 1.12936 0 0
20.586 6.4253e-10 0.885792 1.12893 0 0
20.646 6.4253e-10 0.886124 1.12851 0 0
20.706 6.4253e-10 0.886454 1.12809 0 0
20.766 6.4253e-10 0.886782 1.12767 0 0
20.826 6.4253e-10 0.887108 1.12726 0 0
20.886 6.4253e-10 0.887433 1.12685 0 0
20.946 6.4253e-10 0.887755 1.12644 0 0
21.006 6.4253e-10 0.888076 1.12603 0 0
21.066 6.4253e-10 0.888394 1.12563 0 0
21.126 6.4253e-10 0.888711 1.12522 0 0
21.186 6.4253e-10 0.889027 1.12483 0 0
21.246 6.4253e-10 0.88934 1.12443 0 0
21.306 6.4253e-10 0.889652 1.12404 0 0
21.366 6.4253e-10 0.889961 1.12364 0 0
21.426 6.4253e-10 0.89027 1.12326 0 0
21.486 6.4253e-10 0.890576 1.12287 0 0
21.546 6.4253e-10 0.890881 1.12248 0 0
21.606 6.4253e-10 0.891184 1.1221 0 0
21.666 6.4253e-10 0.891485 1.12172 0 0
21.726 6.4253e-10 0.891785 1.12135 0 0
21.786 6.4253e-10 0.892083 1.12097 0 0
21.846 6.4253e-10 0.892379 1.1206 0 0
21.906 6.4253e-10 0.892674 1.12023 0 0
21.966 6.4253e-10 0.892967 1.11986 0 0
22.026 6.4253e-10 0.893259 1.1195 0 0
22.086 6.4253e-10 0.893549 1.11913 0 0
22.146 6.4253e-10 0.893837 1.11877 0 0
22.206 6.4253e-10 0.894124 1.11841 0 0
22.266 6.4253e-10 0.894409 1.11806 0 0
22.326 6.4253e-10 0.894693 1.1177 0 0
22.386 6.4253e-10 0.894975 1.11735 0 0
22.446 6.4253e-10 0.895256 1.117 0 0
22.506 6.4253e-10 0.895535 1.11665 0 0
22.566 6.4253e-10 0.895813 1.1163 0 0
22.626 6.4253e-10 0.896089 1.11596 0 0
22.686 6.4253e-10 0.896364 1.11562 0 0
22.746 6.4253e-10 0.896638 1.11528 0 0
22.806 6.4253e-10 0.896909 1.11494 0 0
22.866 6.4253e-10 0.89718 1.1146 0 0
22.926 6.4253e-10 0.897449 1.11427 0 0
22.986 6.4253e-10 0.897717 1.11394 0 0
23.046 6.4253e-10 0.897983 1.11361 0 0
23.106 6.4253e-10 0.898248 1.11328 0 0
23.166 6.4253e-10 0.898511 1.11295 0 0
23.226 6.4253e-10 0.898774 1.11263 0 0
23.286 6.4253e-10 0.899034 1.1123 0 0
23.346 6.4253e-10 0.899294 1.11198 0 0
23.406 6.4253e-10 0.899552 1.11166 0 0
23.466 6.4253e-10 0.899809 1.11135 0 0
23.526 6.4253e-10 0.900064 1.11103 0 0
23.586 6.4253e-10 0.900319 1.11072 0 0
23.646 6.4253e-10 0.900572 1.11041 0 0
23.706 6.4253e-10 0.900823 1.1101 0 0
23.766 6.4253e-10 0.901074 1.10979 0 0
23.826 6.4253e-10 0.901323 1.10948 0 0
23.886 6.4253e-10 0.901571 1.10918 0 0
23.946 6.4253e-10 0.901817 1.10887 0 0
24.006 6.4253e-10 0.902063 1.10857 0 0
24.066 6.4253e-10 0.902307 1.10827 0 0
24.126 6.4253e-10 0.90255 1.10797 0 0
24.186 6.4253e-10 0.902792 1.10768 0 0
24.246 6.4253e-10 0.903032 1.10738 0 0
24.306 6.4253e-10 0.903271 1.10709 0 0
24.366 6.4253e-10 0.90351 1.10679 0 0
24.426 6.4253e-10 0.903747 1.1065 0 0
24.486 6.4253e-10 0.903983 1.10622 0 0
24.546 6.4253e-10 0.904217 1.10593 0 0
24.606 6.4253e-10 0.904451 1.10564 0 0
24.666 6.4253e-10 0.904683 1.10536 0 0
24.726 6.4253e-10 0.904915 1.10508 0 0
24.786 6.4253e-10 0.905145 1.1048 0 0
24.846 6.4253e-10 0.905374 1.10452 0 0
24.906 6.4253e-10 0.905602 1.10424 0 0
24.966 6.4253e-10 0.905829 1.10396 0 0
25.026 6.4253e-10 0.906054 1.10369 0 0
25.086 6.4253e-10 0.906279 1.10341 0 0
25.146 6.4253e-10 0.906503 1.10314 0 0
25.206 6.4253e-10 0.906725 1.10287 0 0
25.266 6.4253e-10 0.906947 1.1026 0 0
25.326 6.4253e-10 0.907167 1.10233 0 0
25.386 6.4253e-10 0.907387 1.10207 0 0
25.446 6.4253e-10 0.907605 1.1018 0 0
25.506 6.4253e-10 0.907822 1.10154 0 0
25.566 6.4253e-10 0.908039 1.10127 0 0
25.626 6.4253e-10 0.908254 1.10101 0 0
25.686 6.4253e-10 0.908468 1.10075 0 0
25.746 6.4253e-10 0.908682 1.1005 0 0
25.806 6.4253e-10 0.908894 1.10024 0 0
25.866 6.4253e-10 0.909105 1.09998 0 0
25.926 6.4253e-10 0.909316 1.09973 0 0
25.986 6.4253e-10 0.909525 1.09947 0 0
26.046 6.4253e-10 0.909733 1.09922 0 0
26.106 6.4253e-10 0.909941 1.09897 0 0
26.166 6.4253e-10 0.910147 1.09872 0 0
26.226 6.4253e-10 0.910353 1.09848 0 0
26.286 6.4253e-10 0.910558 1.09823 0 0
26.346 6.4253e-10 0.910761 1.09798 0 0
26.406 6.4253e-10 0.910964 1.09774 0 0
26.466 6.4253e-10 0.911166 1.09749 0 0
26.526 6.4253e-10 0.911367 1.09725 0 0
26.586 6.4253e-10 0.911567 1.09701 0 0
26.646 6.4253e-10 0.911766 1.09677 0 0
26.706 6.4253e-10 0.911964 1.09653 0 0
26.766 6.4253e-10 0.912162 1.0963 0 0
26.826 6.4253e-10 0.912358 1.09606 0 0
26.886 6.4253e-10 0.912554 1.09583 0 0
26.946 6.4253e-10 0.912748 1.09559 0 0
27.006 6.4253e-10 0.912942 1.09536 0 0
27.066 6.4253e-10 0.913135 1.09513 0 0
27.126 6.4253e-10 0.913327 1.0949 0 0
27.186 6.4253e-10 0.913519 1.09467 0 0
27.246 6.4253e-10 0.913709 1.09444 0 0
27.306 6.4253e-10 0.913899 1.09421 0 0
27.366 6.4253e-10 0.914087 1.09399 0 0
27.426 6.4253e-10 0.914275 1.09376 0 0
27.486 6.4253e-10 0.914463 1.09354 0 0
27.546 6.4253e-10 0.914649 1.09332 0 0
27.606 6.4253e-10 0.914834 1.09309 0 0
27.666 6.4253e-10 0.915019 1.09287 0 0
27.726 6.4253e-10 0.915203 1.09265 0 0
27.786 6.4253e-10 0.915386 1.09244 0 0
27.846 6.4253e-10 0.915568 1.09222 0 0
27.906 6.4253e-10 0.91575 1.092 0 0
27.966 6.4253e-10 0.915931 1.09179 0 0
28.026 6.4253e-10 0.916111 1.09157 0 0
28.086 6.4253e-10 0.91629 1.09136 0 0
28.146 6.4253e-10 0.916468 1.09115 0 0
28.206 6.4253e-10 0.916646 1.09093 0 0
28.266 6.4253e-10 0.916823 1.09072 0 0
28.326 6.4253e-10 0.916999 1.09051 0 0
28.386 6.4253e-10 0.917175 1.0903 0 0
28.446 6.4253e-10 0.917349 1.0901 0 0
28.506 6.4253e-10 0.917523 1.08989 0 0
28.566 6.4253e-10 0.917696 1.08968 0 0
28.626 6.4253e-10 0.917869 1.08948 0 0
28.686 6.4253e-10 0.918041 1.08928 0 0
28.746 6.4253e-10 0.918212 1.08907 0 0
28.806 6.4253e-10 0.918382 1.08887 0 0
28.866 6.4253e-10 0.918552 1.08867 0 0
28.926 6.4253e-10 0.918721 1.08847 0 0
28.986 6.4253e-10 0.918889 1.08827 0 0
29.046 6.4253e-10 0.919057 1.08807 0 0
29.106 6.4253e-10 0.919223 1.08787 0 0
29.166 6.4253e-10 0.91939 1.08768 0 0
29.226 6.4253e-10 0.919555 1.08748 0 0
29.286 6.4253e-10 0.91972 1.08729 0 0
29.346 6.4253e-10 0.919884 1.08709 0 0
29.406 6.4253e-10 0.920048 1.0869 0 0
29.466 6.4253e-10 0.92021 1.08671 0 0
29.526 6.4253e-10 0.920372 1.08652 0 0
29.586 6.4253e-10 0.920534 1.08633 0 0
29.646 6.4253e-10 0.920695 1.08614 0 0
29.706 6.4253e-10 0.920855 1.08595 0 0
29.766 6.4253e-10 0.921014 1.08576 0 0
29.826 6.4253e-10 0.921173 1.08557 0 0
29.886 6.4253e-10 0.921332 1.08539 0 0
29.946 6.4253e-10 0.921489 1.0852 0 0
30.006 6.4253e-10 0.921646 1.08502 0 0
30.066 6.4253e-10 0.921803 1.08483 0 0
30.126 6.4253e-10 0.921958 1.08465 0 0
30.186 6.4253e-10 0.922113 1.08447 0 0
30.246 6.4253e-10 0.922268 1.08428 0 0
30.306 6.4253e-10 0.922422 1.0841 0 0
30.366 6.4253e-10 0.922575 1.08392 0 0
30.426 6.4253e-10 0.922728 1.08374 0 0
30.486 6.4253e-10 0.92288 1.08356 0 0
30.546 6.4253e-10 0.923031 1.08339 0 0
30.606 6.4253e-10 0.923182 1.08321 0 0
30.666 6.4253e-10 0.923333 1.08303 0 0
30.726 6.4253e-10 0.923482 1.08286 0 0
30.786 6.4253e-10 0.923631 1.08268 0 0
30.846 6.4253e-10 0.92378 1.08251 0 0
30.906 6.4253e-10 0.923928 1.08234 0 0
30.966 6.4253e-10 0.924075 1.08216 0 0
31.026 6.4253e-10 0.924222 1.08199 0 0
31.086 6.4253e-10 0.924368 1.08182 0 0
31.146 6.4253e-10 0.924514 1.08165 0 0
31.206 6.4253e-10 0.924659 1.08148 0 0
31.266 6.4253e-10 0.924804 1.08131 0 0
31.326 6.4253e-10 0.924948 1.08114 0 0
31.386 6.4253e-10 0.925091 1.08097 0 0
31.446 6.4253e-10 0.925234 1.08081 0 0
31.506 6.4253e-10 0.925377 1.08064 0 0
31.566 6.4253e-10 0.925519 1.08048 0 0
31.626 6.4253e-10 0.92566 1.08031 0 0
31.686 6.4253e-10 0.925801 1.08015 0 0
31.746 6.4253e-10 0.925941 1.07998 0 0
31.806 6.4253e-10 0.926081 1.07982 0 0
31.866 6.4253e-10 0.92622 1.07966 0 0
31.926 6.4253e-10 0.926358 1.0795 0 0
31.986 6.4253e-10 0.926496 1.07933 0 0
32.046 6.4253e-10 0.926634 1.07917 0 0
32.106 6.4253e-10 0.926771 1.07901 0 0
32.166 6.4253e-10 0.926908 1.07886 0 0
32.226 6.4253e-10 0.927044 1.0787 0 0
32.286 6.4253e-10 0.927179 1.07854 0 0
32.346 6.4253e-10 0.927315 1.07838 0 0
32.406 6.4253e-10 0.927449 1.07823 0 0
32.466 6.4253e-10 0.927583 1.07807 0 0
32.526 6.4253e-10 0.927717 1.07792 0 0
32.586 6.4253e-10 0.92785 1.07776 0 0
32.646 6.4253e-10 0.927983 1.07761 0 0
32.706 6.4253e-10 0.928115 1.07745 0 0
32.766 6.4253e-10 0.928246 1.0773 0 0
32.826 6.4253e-10 0.928377 1.07715 0 0
32.886 6.4253e-10 0.928508 1.077 0 0
32.946 6.4253e-10 0.928638 1.07685 0 0
33.006 6.4253e-10 0.928768 1.0767 0 0
33.066 6.4253e-10 0.928897 1.07655 0 0
33.126 6.4253e-10 0.929026 1.0764 0 0
33.186 6.4253e-10 0.929154 1.07625 0 0
33.246 6.4253e-10 0.929282 1.0761 0 0
33.306 6.4253e-10 0.92941 1.07595 0 0
33.366 6.4253e-10 0.929537 1.0758 0 0
33.426 6.4253e-10 0.929663 1.07566 0 0
33.486 6.4253e-10 0.929789 1.07551 0 0
33.546 6.4253e-10 0.929915 1.07537 0 0
33.606 6.4253e-10 0.93004 1.07522 0 0
33.666 6.4253e-10 0.930164 1.07508 0 0
33.726 6.4253e-10 0.930289 1.07494 0 0
33.786 6.4253e-10 0.930413 1.07479 0 0
33.846 6.4253e-10 0.930536 1.07465 0 0
33.906 6.4253e-10 0.930659 1.07451 0 0
33.966 6.4253e-10 0.930781 1.07437 0 0
34.026 6.4253e-10 0.930903 1.07423 0 0
34.086 6.4253e-10 0.931025 1.07409 0 0
34.146 6.4253e-10 0.931146 1.07395 0 0
34.206 6.4253e-10 0.931267 1.07381 0 0
34.266 6.4253e-10 0.931387 1.07367 0 0
34.326 6.4253e-10 0.931507 1.07353 0 0
34.386 6.4253e-10 0.931627 1.07339 0 0
34.446 6.4253e-10 0.931746 1.07325 0 0
34.506 6.4253e-10 0.931865 1.07312 0 0
34.566 6.4253e-10 0.931983 1.07298 0 0
34.626 6.4253e-10 0.932101 1.07285 0 0
34.686 6.4253e-10 0.932218 1.07271 0 0
34.746 6.4253e-10 0.932335 1.07258 0 0
34.806 6.4253e-10 0.932452 1.07244 0 0
34.866 6.4253e-10 0.932568 1.07231 0 0
34.926 6.4253e-10 0.932684 1.07217 0 0
34.986 6.4253e-10 0.932799 1.07204 0 0
35.046 6.4253e-10 0.932914 1.07191 0 0
35.106 6.4253e-10 0.933029 1.07178 0 0
35.166 6.4253e-10 0.933143 1.07165 0 0
35.226 6.4253e-10 0.933257 1.07152 0 0
35.286 6.4253e-10 0.933371 1.07139 0 0
35.346 6.4253e-10 0.933484 1.07126 0 0
35.406 6.4253e-10 0.933596 1.07113 0 0
35.466 6.4253e-10 0.933709 1.071 0 0
35.526 6.4253e-10 0.933821 1.07087 0 0
35.586 6.4253e-10 0.933932 1.07074 0 0
35.646 6.4253e-10 0.934044 1.07061 0 0
35.706 6.4253e-10 0.934154 1.07049 0 0
35.766 6.4253e-10 0.934265 1.07036 0 0
35.826 6.4253e-10 0.934375 1.07023 0 0
35.886 6.4253e-10 0.934485 1.07011 0 0
35.946 6.4253e-10 0.934594 1.06998 0 0
36.006 6.4253e-10 0.934703 1.06986 0 0
36.066 6.4253e-10 0.934812 1.06973 0 0
36.126 6.4253e-10 0.93492 1.06961 0 0
36.186 6.4253e-10 0.935028 1.06949 0 0
36.246 6.4253e-10 0.935135 1.06936 0 0
36.306 6.4253e-10 0.935243 1.06924 0 0
36.366 6.4253e-10 0.935349 1.06912 0 0
36.426 6.4253e-10 0.935456 1.069 0 0
36.486 6.4253e-10 0.935562 1.06888 0 0
36.546 6.4253e-10 0.935668 1.06876 0 0
36.606 6.4253e-10 0.935773 1.06863 0 0
36.666 6.4253e-10 0.935878 1.06851 0 0
36.726 6.4253e-10 0.935983 1.0684 0 0
36.786 6.4253e-10 0.936088 1.06828 0 0
36.846 6.4253e-10 0.936192 1.06816 0 0
36.906 6.4253e-10 0.936295 1.06804 0 0
36.966 6.4253e-10 0.936399 1.06792 0 0
37.026 6.4253e-10 0.936502 1.0678 0 0
37.086 6.4253e-10 0.936605 1.06769 0 0
37.146 6.4253e-10 0.936707 1.06757 0 0
37.206 6.4253e-10 0.936809 1.06745 0 0
37.266 6.4253e-10 0.936911 1.06734 0 0
37.326 6.4253e-10 0.937012 1.06722 0 0
37.386 6.4253e-10 0.937113 1.06711 0 0
37.446 6.4253e-10 0.937214 1.06699 0 0
37.506 6.4253e-10 0.937314 1.06688 0 0
37.566 6.4253e-10 0.937415 1.06676 0 0
37.626 6.4253e-10 0.937514 1.06665 0 0
37.686 6.4253e-10 0.937614 1.06654 0 0
37.746 6.4253e-10 0.937713 1.06642 0 0
37.806 6.4253e-10 0.937812 1.06631 0 0
37.866 6.4253e-10 0.93791 1.0662 0 0
37.926 6.4253e-10 0.938009 1.06609 0 0
37.986 6.4253e-10 0.938107 1.06598 0 0
38.046 6.4253e-10 0.938204 1.06587 0 0
38.106 6.4253e-10 0.938302 1.06576 0 0
38.166 6.4253e-10 0.938398 1.06565 0 0
38.226 6.4253e-10 0.938495 1.06554 0 0
38.286 6.4253e-10 0.938592 1.06543 0 0
38.346 6.4253e-10 0.938688 1.06532 0 0
38.406 6.4253e-10 0.938783 1.06521 0 0
38.466 6.4253e-10 0.938879 1.0651 0 0
38.526 6.4253e-10 0.938974 1.06499 0 0
38.586 6.4253e-10 0.939069 1.06488 0 0
38.646 6.4253e-10 0.939164 1.06478 0 0
38.706 6.4253e-10 0.939258 1.06467 0 0
38.766 6.4253e-10 0.939352 1.06456 0 0
38.826 6.4253e-10 0.939446 1.06446 0 0
38.886 6.4253e-10 0.939539 1.06435 0 0
38.946 6.4253e-10 0.939632 1.06425 0 0
39.006 6.4253e-10 0.939725 1.06414 0 0
39.066 6.4253e-10 0.939818 1.06404 0 0
39.126 6.4253e-10 0.93991 1.06393 0 0
39.186 6.4253e-10 0.940002 1.06383 0 0
39.246 6.4253e-10 0.940094 1.06372 0 0
39.306 6.4253e-10 0.940185 1.06362 0 0
39.366 6.4253e-10 0.940276 1.06352 0 0
39.426 6.4253e-10 0.940367 1.06341 0 0
39.486 6.4253e-10 0.940458 1.06331 0 0
39.546 6.4253e-10 0.940548 1.06321 0 0
39.606 6.4253e-10 0.940638 1.06311 0 0
39.666 6.4253e-10 0.940728 1.06301 0 0
39.726 6.4253e-10 0.940818 1.06291 0 0
39.786 6.4253e-10 0.940907 1.0628 0 0
39.846 6.4253e-10 0.940996 1.0627 0 0
39.906 6.4253e-10 0.941084 1.0626 0 0
39.966 6.4253e-10 0.941173 1.0625 0 0
40.026 6.4253e-10 0.941261 1.0624 0 0
40.086 6.4253e-10 0.941349 1.06231 0 0
40.146 6.4253e-10 0.941437 1.06221 0 0
40.206 6.4253e-10 0.941524 1.06211 0 0
40.266 6.4253e-10 0.941611 1.06201 0 0
40.326 6.4253e-10 0.941698 1.06191 0 0
40.386 6.4253e-10 0.941785 1.06181 0 0
40.446 6.4253e-10 0.941871 1.06172 0 0
40.506 6.4253e-10 0.941957 1.06162 0 0
40.566 6.4253e-10 0.942043 1.06152 0 0
40.626 6.4253e-10 0.942129 1.06143 0 0
40.686 6.4253e-10 0.942214 1.06133 0 0
40.746 6.4253e-10 0.942299 1.06123 0 0
40.806 6.4253e-10 0.942384 1.06114 0 0
40.866 6.4253e-10 0.942468 1.06104 0 0
40.926 6.4253e-10 0.942553 1.06095 0 0
40.986 6.4253e-10 0.942637 1.06085 0 0
41.046 6.4253e-10 0.942721 1.06076 0 0
41.106 6.4253e-10 0.942804 1.06067 0 0
41.166 6.4253e-10 0.942888 1.06057 0 0
41.226 6.4253e-10 0.942971 1.06048 0 0
41.286 6.4253e-10 0.943054 1.06038 0 0
41.346 6.4253e-10 0.943136 1.06029 0 0
41.406 6.4253e-10 0.943219 1.0602 0 0
41.466 6.4253e-10 0.943301 1.06011 0 0
41.526 6.4253e-10 0.943383 1.06002 0 0
41.586 6.4253e-10 0.943465 1.05992 0 0
41.646 6.4253e-10 0.943546 1.05983 0 0
41.706 6.4253e-10 0.943627 1.05974 0 0
41.766 6.4253e-10 0.943708 1.05965 0 0
41.826 6.4253e-10 0.943789 1.05956 0 0
41.886 6.4253e-10 0.943869 1.05947 0 0
41.946 6.4253e-10 0.94395 1.05938 0 0
42.006 6.4253e-10 0.94403 1.05929 0 0
42.066 6.4253e-10 0.94411 1.0592 0 0
42.126 6.4253e-10 0.944189 1.05911 0 0
42.186 6.4253e-10 0.944269 1.05902 0 0
42.246 6.4253e-10 0.944348 1.05893 0 0
42.306 6.4253e-10 0.944427 1.05884 0 0
42.366 6.4253e-10 0.944505 1.05876 0 0
42.426 6.4253e-10 0.944584 1.05867 0 0
42.486 6.4253e-10 0.944662 1.05858 0 0
42.546 6.4253e-10 0.94474 1.05849 0 0
42.606 6.4253e-10 0.944818 1.0584 0 0
42.666 6.4253e-10 0.944896 1.05832 0 0
42.726 6.4253e-10 0.944973 1.05823 0 0
42.786 6.4253e-10 0.94505 1.05814 0 0
42.846 6.4253e-10 0.945127 1.05806 0 0
42.906 6.4253e-10 0.945204 1.05797 0 0
42.966 6.4253e-10 0.94528 1.05789 0 0
43.026 6.4253e-10 0.945357 1.0578 0 0
43.086 6.4253e-10 0.945433 1.05772 0 0
43.146 6.4253e-10 0.945509 1.05763 0 0
43.206 6.4253e-10 0.945584 1.05755 0 0
43.266 6.4253e-10 0.94566 1.05746 0 0
43.326 6.4253e-10 0.945735 1.05738 0 0
43.386 6.4253e-10 0.94581 1.05729 0 0
43.446 6.4253e-10 0.945885 1.05721 0 0
43.506 6.4253e-10 0.94596 1.05713 0 0
43.566 6.4253e-10 0.946034 1.05704 0 0
43.626 6.4253e-10 0.946108 1.05696 0 0
43.686 6.4253e-10 0.946182 1.05688 0 0
43.746 6.4253e-10 0.946256 1.0568 0 0
43.806 6.4253e-10 0.94633 1.05671 0 0
43.866 6.4253e-10 0.946403 1.05663 0 0
43.926 6.4253e-10 0.946476 1.05655 0 0
43.986 6.4253e-10 0.946549 1.05647 0 0
44.046 6.4253e-10 0.946622 1.05639 0 0
44.106 6.4253e-10 0.946695 1.05631 0 0
44.166 6.4253e-10 0.946767 1.05623 0 0
44.226 6.4253e-10 0.946839 1.05615 0 0
44.286 6.4253e-10 0.946911 1.05607 0 0
44.346 6.4253e-10 0.946983 1.05598 0 0
44.406 6.4253e-10 0.947055 1.05591 0 0
44.466 6.4253e-10 0.947126 1.05583 0 0
44.526 6.4253e-10 0.947198 1.05575 0 0
44.586 6.4253e-10 0.947269 1.05567 0 0
44.646 6.4253e-10 0.947339 1.05559 0 0
44.706 6.4253e-10 0.94741 1.05551 0 0
44.766 6.4253e-10 0.947481 1.05543 0 0
44.826 6.4253e-10 0.947551 1.05535 0 0
44.886 6.4253e-10 0.947621 1.05527 0 0
44.946 6.4253e-10 0.947691 1.0552 0 0
45.006 6.4253e-10 0.947761 1.05512 0 0
45.066 6.4253e-10 0.94783 1.05504 0 0
45.126 6.4253e-10 0.9479 1.05496 0 0
45.186 6.4253e-10 0.947969 1.05489 0 0
45.246 6.4253e-10 0.948038 1.05481 0 0
45.306 6.4253e-10 0.948107 1.05473 0 0
45.366 6.4253e-10 0.948175 1.05466 0 0
45.426 6.4253e-10 0.948244 1.05458 0 0
45.486 6.4253e-10 0.948312 1.05451 0 0
45.546 6.4253e-10 0.94838 1.05443 0 0
45.606 6.4253e-10 0.948448 1.05435 0 0
45.666 6.4253e-10 0.948516 1.05428 0 0
45.726 6.4253e-10 0.948583 1.0542 0 0
45.786 6.4253e-10 0.948651 1.05413 0 0
45.846 6.4253e-10 0.948718 1.05405 0 0
45.906 6.4253e-10 0.948785 1.05398 0 0
45.966 6.4253e-10 0.948852 1.05391 0 0
46.026 6.4253e-10 0.948918 1.05383 0 0
46.086 6.4253e-10 0.948985 1.05376 0 0
46.146 6.4253e-10 0.949051 1.05368 0 0
46.206 6.4253e-10 0.949117 1.05361 0 0
46.266 6.4253e-10 0.949183 1.05354 0 0
46.326 6.4253e-10 0.949249 1.05346 0 0
46.386 6.4253e-10 0.949315 1.05339 0 0
46.446 6.4253e-10 0.94938 1.05332 0 0
46.506 6.4253e-10 0.949446 1.05325 0 0
46.566 6.4253e-10 0.949511 1.05317 0 0
46.626 6.4253e-10 0.949576 1.0531 0 0
46.686 6.4253e-10 0.949641 1.05303 0 0
46.746 6.4253e-10 0.949705 1.05296 0 0
46.806 6.4253e-10 0.94977 1.05289 0 0
46.866 6.4253e-10 0.949834 1.05282 0 0
46.926 6.4253e-10 0.949898 1.05274 0 0
46.986 6.4253e-10 0.949962 1.05267 0 0
47.046 6.4253e-10 0.950026 1.0526 0 0
47.106 6.4253e-10 0.95009 1.05253 0 0
47.166 6.4253e-10 0.950153 1.05246 0 0
47.226 6.4253e-10 0.950216 1.05239 0 0
47.286 6.4253e-10 0.95028 1.05232 0 0
47.346 6.4253e-10 0.950343 1.05225 0 0
47.406 6.4253e-10 0.950405 1.05218 0 0
47.466 6.4253e-10 0.950468 1.05211 0 0
47.526 6.4253e-10 0.950531 1.05204 0 0
47.586 6.4253e-10 0.950593 1.05197 0 0
47.646 6.4253e-10 0.950655 1.05191 0 0
47.706 6.4253e-10 0.950717 1.05184 0 0
47.766 6.4253e-10 0.950779 1.05177 0 0
47.826 6.4253e-10 0.950841 1.0517 0 0
47.886 6.4253e-10 0.950902 1.05163 0 0
47.946 6.4253e-10 0.950964 1.05156 0 0
48.006 6.4253e-10 0.951025 1.0515 0 0
48.066 6.4253e-10 0.951086 1.05143 0 0
48.126 6.4253e-10 0.951147 1.05136 0 0
48.186 6.4253e-10 0.951208 1.05129 0 0
48.246 6.4253e-10 0.951269 1.05123 0 0
48.306 6.4253e-10 0.951329 1.05116 0 0
48.366 6.4253e-10 0.95139 1.05109 0 0
48.426 6.4253e-10 0.95145 1.05103 0 0
48.486 6.4253e-10 0.95151 1.05096 0 0
48.546 6.4253e-10 0.95157 1.05089 0 0
48.606 6.4253e-10 0.95163 1.05083 0 0
48.666 6.4253e-10 0.951689 1.05076 0 0
48.726 6.4253e-10 0.951749 1.0507 0 0
48.786 6.4253e-10 0.951808 1.05063 0 0
48.846 6.4253e-10 0.951867 1.05057 0 0
48.906 6.4253e-10 0.951926 1.0505 0 0
48.966 6.4253e-10 0.951985 1.05044 0 0
49.026 6.4253e-10 0.952044 1.05037 0 0
49.086 6.4253e-10 0.952103 1.05031 0 0
49.146 6.4253e-10 0.952161 1.05024 0 0
49.206 6.4253e-10 0.95222 1.05018 0 0
49.266 6.4253e-10 0.952278 1.05011 0 0
49.326 6.4253e-10 0.952336 1.05005 0 0
49.386 6.4253e-10 0.952394 1.04999 0 0
49.446 6.4253e-10 0.952452 1.04992 0 0
49.506 6.4253e-10 0.952509 1.04986 0 0
49.566 6.4253e-10 0.952567 1.0498 0 0
49.626 6.4253e-10 0.952624 1.04973 0 0
49.686 6.4253e-10 0.952681 1.04967 0 0
49.746 6.4253e-10 0.952738 1.04961 0 0
49.806 6.4253e-10 0.952795 1.04954 0 0
49.866 6.4253e-10 0.952852 1.04948 0 0
49.926 6.4253e-10 0.952909 1.04942 0 0
49.986 6.4253e-10 0.952965 1.04936 0 0
50.046 6.4253e-10 0.953022 1.04929 0 0
50.106 6.4253e-10 0.953078 1.04923 0 0
50.166 6.4253e-10 0.953134 1.04917 0 0
50.226 6.4253e-10 0.95319 1.04911 0 0
50.286 6.4253e-10 0.953246 1.04905 0 0
50.346 6.4253e-10 0.953301 1.04899 0 0
50.406 6.4253e-10 0.953357 1.04892 0 0
50.466 6.4253e-10 0.953413 1.04886 0 0
50.526 6.4253e-10 0.953468 1.0488 0 0
50.586 6.4253e-10 0.953523 1.04874 0 0
50.646 6.4253e-10 0.953578 1.04868 0 0
50.706 6.4253e-10 0.953633 1.04862 0 0
50.766 6.4253e-10 0.953688 1.04856 0 0
50.826 6.4253e-10 0.953743 1.0485 0 0
50.886 6.4253e-10 0.953797 1.04844 0 0
50.946 6.4253e-10 0.953851 1.04838 0 0
51.006 6.4253e-10 0.953906 1.04832 0 0
51.066 6.4253e-10 0.95396 1.04826 0 0
51.126 6.4253e-10 0.954014 1.0482 0 0
51.186 6.4253e-10 0.954068 1.04814 0 0
51.246 6.4253e-10 0.954122 1.04808 0 0
51.306 6.4253e-10 0.954175 1.04803 0 0
51.366 6.4253e-10 0.954229 1.04797 0 0
51.426 6.4253e-10 0.954282 1.04791 0 0
51.486 6.4253e-10 0.954335 1.04785 0 0
51.546 6.4253e-10 0.954389 1.04779 0 0
51.606 6.4253e-10 0.954442 1.04773 0 0
51.666 6.4253e-10 0.954495 1.04767 0 0
51.726 6.4253e-10 0.954547 1.04762 0 0
51.786 6.4253e-10 0.9546 1.04756 0 0
51.846 6.4253e-10 0.954653 1.0475 0 0
51.906 6.4253e-10 0.954705 1.04744 0 0
51.966 6.4253e-10 0.954757 1.04739 0 0
52.026 6.4253e-10 0.954809 1.04733 0 0
52.086 6.4253e-10 0.954862 1.04727 0 0
52.146 6.4253e-10 0.954913 1.04722 0 0
52.206 6.4253e-10 0.954965 1.04716 0 0
52.266 6.4253e-10 0.955017 1.0471 0 0
52.326 6.4253e-10 0.955069 1.04705 0 0
52.386 6.4253e-10 0.95512 1.04699 0 0
52.446 6.4253e-10 0.955171 1.04693 0 0
52.506 6.4253e-10 0.955223 1.04688 0 0
52.566 6.4253e-10 0.955274 1.04682 0 0
52.626 6.4253e-10 0.955325 1.04676 0 0
52.686 6.4253e-10 0.955376 1.04671 0 0
52.746 6.4253e-10 0.955426 1.04665 0 0
52.806 6.4253e-10 0.955477 1.0466 0 0
52.866 6.4253e-10 0.955528 1.04654 0 0
52.926 6.4253e-10 0.955578 1.04649 0 0
52.986 6.4253e-10 0.955628 1.04643 0 0
53.046 6.4253e-10 0.955678 1.04638 0 0
53.106 6.4253e-10 0.955728 1.04632 0 0
53.166 6.4253e-10 0.955778 1.04627 0 0
53.226 6.4253e-10 0.955828 1.04621 0 0
53.286 6.4253e-10 0.955878 1.04616 0 0
53.346 6.4253e-10 0.955928 1.0461 0 0
53.406 6.4253e-10 0.955977 1.04605 0 0
53.466 6.4253e-10 0.956027 1.046 0 0
53.526 6.4253e-10 0.956076 1.04594 0 0
53.586 6.4253e-10 0.956125 1.04589 0 0
53.646 6.4253e-10 0.956174 1.04583 0 0
53.706 6.4253e-10 0.956223 1.04578 0 0
53.766 6.4253e-10 0.956272 1.04573 0 0
53.826 6.4253e-10 0.956321 1.04567 0 0
53.886 6.4253e-10 0.956369 1.04562 0 0
53.946 6.4253e-10 0.956418 1.04557 0 0
54.006 6.4253e-10 0.956466 1.04552 0 0
54.066 6.4253e-10 0.956515 1.04546 0 0
54.126 6.4253e-10 0.956563 1.04541 0 0
54.186 6.4253e-10 0.956611 1.04536 0 0
54.246 6.4253e-10 0.956659 1.0453 0 0
54.306 6.4253e-10 0.956707 1.04525 0 0
54.366 6.4253e-10 0.956755 1.0452 0 0
54.426 6.4253e-10 0.956802 1.04515 0 0
54.486 6.4253e-10 0.95685 1.0451 0 0
54.546 6.4253e-10 0.956897 1.04504 0 0
54.606 6.4253e-10 0.956945 1.04499 0 0
54.666 6.4253e-10 0.956992 1.04494 0 0
54.726 6.4253e-10 0.957039 1.04489 0 0
54.786 6.4253e-10 0.957086 1.04484 0 0
54.846 6.4253e-10 0.957133 1.04479 0 0
54.906 6.4253e-10 0.95718 1.04474 0 0
54.966 6.4253e-10 0.957227 1.04468 0 0
55.026 6.4253e-10 0.957273 1.04463 0 0
55.086 6.4253e-10 0.95732 1.04458 0 0
55.146 6.4253e-10 0.957366 1.04453 0 0
55.206 6.4253e-10 0.957413 1.04448 0 0
55.266 6.4253e-10 0.957459 1.04443 0 0
55.326 6.4253e-10 0.957505 1.04438 0 0
55.386 6.4253e-10 0.957551 1.04433 0 0
55.446 6.4253e-10 0.957597 1.04428 0 0
55.506 6.4253e-10 0.957643 1.04423 0 0
55.566 6.4253e-10 0.957688 1.04418 0 0
55.626 6.4253e-10 0.957734 1.04413 0 0
55.686 6.4253e-10 0.95778 1.04408 0 0
55.746 6.4253e-10 0.957825 1.04403 0 0
55.806 6.4253e-10 0.95787 1.04398 0 0
55.866 6.4253e-10 0.957916 1.04393 0 0
55.926 6.4253e-10 0.957961 1.04388 0 0
55.986 6.4253e-10 0.958006 1.04383 0 0
56.046 6.4253e-10 0.958051 1.04379 0 0
56.106 6.4253e-10 0.958096 1.04374 0 0
56.166 6.4253e-10 0.95814 1.04369 0 0
56.226 6.4253e-10 0.958185 1.04364 0 0
56.286 6.4253e-10 0.95823 1.04359 0 0
56.346 6.4253e-10 0.958274 1.04354 0 0
56.406 6.4253e-10 0.958319 1.04349 0 0
56.466 6.4253e-10 0.958363 1.04345 0 0
56.526 6.4253e-10 0.958407 1.0434 0 0
56.586 6.4253e-10 0.958451 1.04335 0 0
56.646 6.4253e-10 0.958495 1.0433 0 0
56.706 6.4253e-10 0.958539 1.04325 0 0
56.766 6.4253e-10 0.958583 1.04321 0 0
56.826 6.4253e-10 0.958627 1.04316 0 0
56.886 6.4253e-10 0.95867 1.04311 0 0
56.946 6.4253e-10 0.958714 1.04306 0 0
57.006 6.4253e-10 0.958757 1.04302 0 0
57.066 6.4253e-10 0.958801 1.04297 0 0
57.126 6.4253e-10 0.958844 1.04292 0 0
57.186 6.4253e-10 0.958887 1.04288 0 0
57.246 6.4253e-10 0.95893 1.04283 0 0
57.306 6.4253e-10 0.958973 1.04278 0 0
57.366 6.4253e-10 0.959016 1.04274 0 0
57.426 6.4253e-10 0.959059 1.04269 0 0
57.486 6.4253e-10 0.959102 1.04264 0 0
57.546 6.4253e-10 0.959144 1.0426 0 0
57.606 6.4253e-10 0.959187 1.04255 0 0
57.666 6.4253e-10 0.959229 1.0425 0 0
57.726 6.4253e-10 0.959272 1.04246 0 0
57.786 6.4253e-10 0.959314 1.04241 0 0
57.846 6.4253e-10 0.959356 1.04237 0 0
57.906 6.4253e-10 0.959398 1.04232 0 0
57.966 6.4253e-10 0.95944 1.04227 0 0
58.026 6.4253e-10 0.959482 1.04223 0 0
58.086 6.4253e-10 0.959524 1.04218 0 0
58.146 6.4253e-10 0.959566 1.04214 0 0
58.206 6.4253e-10 0.959608 1.04209 0 0
58.266 6.4253e-10 0.959649 1.04205 0 0
58.326 6.4253e-10 0.959691 1.042 0 0
58.386 6.4253e-10 0.959732 1.04196 0 0
58.446 6.4253e-10 0.959773 1.04191 0 0
58.506 6.4253e-10 0.959815 1.04187 0 0
58.566 6.4253e-10 0.959856 1.04182 0 0
58.626 6.4253e-10 0.959897 1.04178 0 0
58.686 6.4253e-10 0.959938 1.04173 0 0
58.746 6.4253e-10 0.959979 1.04169 0 0
58.806 6.4253e-10 0.96002 1.04165 0 0
58.866 6.4253e-10 0.96006 1.0416 0 0
58.926 6.4253e-10 0.960101 1.04156 0 0
58.986 6.4253e-10 0.960142 1.04151 0 0
59.046 6.4253e-10 0.960182 1.04147 0 0
59.106 6.4253e-10 0.960223 1.04143 0 0
59.166 6.4253e-10 0.960263 1.04138 0 0
59.226 6.4253e-10 0.960303 1.04134 0 0
59.286 6.4253e-10 0.960343 1.04129 0 0
59.346 6.4253e-10 0.960383 1.04125 0 0
59.406 6.4253e-10 0.960423 1.04121 0 0
59.466 6.4253e-10 0.960463 1.04116 0 0
59.526 6.4253e-10 0.960503 1.04112 0 0
59.586 6.4253e-10 0.960543 1.04108 0 0
59.646 6.4253e-10 0.960583 1.04103 0 0
59.706 6.4253e-10 0.960622 1.04099 0 0
59.766 6.4253e-10 0.960662 1.04095 0 0
59.826 6.4253e-10 0.960701 1.04091 0 0
59.886 6.4253e-10 0.960741 1.04086 0 0
59.946 6.4253e-10 0.96078 1.04082 0 0

