0.06 0.842202
0.006 0.321266 0.000971212 1 2.56036e-05 0.000506
0.066 0.246148 0.00981047 1.9573 0 0
0.126 0.199188 0.0328675 1.92728 0 0
0.186 0.17229 0.0605191 1.83845 0 0
0.246 0.153414 0.089483 1.78283 0 0
0.306 0.138746 0.11874 1.74788 0 0
0.366 0.126692 0.147825 1.72436 0 0
0.426 0.116444 0.176466 1.7072 0 0
0.486 0.107536 0.204481 1.69363 0 0
0.546 0.0996725 0.231742 1.68204 0 0
0.606 0.0926529 0.258162 1.67149 0 0
0.666 0.0863336 0.28368 1.66143 0 0
0.726 0.0806071 0.308259 1.65151 0 0
0.786 0.0753907 0.331882 1.64156 0 0
0.846 0.0706186 0.354544 1.63146 0 0
0.906 0.0662375 0.376252 1.62118 0 0
0.966 0.0622032 0.39702 1.6107 0 0
1.026 0.0584786 0.416871 1.60005 0 0
1.086 0.0550322 0.435831 1.58924 0 0
1.146 0.0518368 0.453931 1.57832 0 0
1.206 0.048869 0.471203 1.56732 0 0
1.266 0.046108 0.48768 1.55628 0 0
1.326 0.0435356 0.503399 1.54524 0 0
1.386 0.0411358 0.518392 1.53423 0 0
1.446 0.0388943 0.532695 1.52329 0 0
1.506 0.0367981 0.546341 1.51244 0 0
1.566 0.0348358 0.559363 1.50172 0 0
1.626 0.0329969 0.571793 1.49114 0 0
1.686 0.031272 0.583662 1.48071 0 0
1.746 0.0296527 0.594999 1.47047 0 0
1.806 0.0281312 0.605831 1.46041 0 0
1.866 0.0267004 0.616187 1.45056 0 0
1.926 0.0253538 0.62609 1.44091 0 0
1.986 0.0240857 0.635566 1.43148 0 0
2.046 0.0228905 0.644636 1.42227 0 0
2.106 0.0217634 0.653323 1.41328 0 0
2.166 0.0206997 0.661647 1.40451 0 0
2.226 0.0196953 0.669627 1.39596 0 0
2.286 0.0187464 0.67728 1.38764 0 0
2.346 0.0178493 0.684625 1.37954 0 0
2.406 0.0170008 0.691677 1.37165 0 0
2.466 0.0161977 0.698452 1.36399 0 0
2.526 0.0154374 0.704963 1.35653 0 0
2.586 0.014717 0.711223 1.34928 0 0
2.646 0.0140344 0.717247 1.34224 0 0
2.706 0.013387 0.723045 1.33539 0 0
2.766 0.012773 0.728629 1.32875 0 0
2.826 0.0121902 0.73401 1.32229 0 0
2.886 0.011637 0.739196 1.31601 0 0
2.946 0.0111115 0.744199 1.30992 0 0
3.006 0.0106122 0.749025 1.304 0 0
3.066 0.0101376 0.753685 1.29825 0 0
3.126 0.0096863 0.758186 1.29266 0 0
3.186 0.00925705 0.762534 1.28724 0 0
3.246 0.00884862 0.766738 1.28197 0 0
3.306 0.00845986 0.770803 1.27685 0 0
3.366 0.00808971 0.774737 1.27188 0 0
3.426 0.00773716 0.778544 1.26705 0 0
3.486 0.00740129 0.782231 1.26236 0 0
3.546 0.0070812 0.785803 1.2578 0 0
3.606 0.00677607 0.789265 1.25336 0 0
3.666 0.00648512 0.792621 1.24905 0 0
3.726 0.00620761 0.795876 1.24486 0 0
3.786 0.00594285 0.799034 1.24079 0 0
3.846 0.0056902 0.8021 1.23683 0 0
3.906 0.00544904 0.805077 1.23297 0 0
3.966 0.00521879 0.807968 1.22922 0 0
4.026 0.0049989 0.810778 1.22558 0 0
4.086 0.00478887 0.813509 1.22203 0 0
4.146 0.00458819 0.816165 1.21857 0 0
4.206 0.00439642 0.818748 1.21521 0 0
4.266 0.00421312 0.821262 1.21194 0 0
4.326 0.00403788 0.823709 1.20875 0 0
4.386 0.00387031 0.826091 1.20564 0 0
4.446 0.00371004 0.828411 1.20262 0 0
4.506 0.00355672 0.830671 1.19967 0 0
4.566 0.00341002 0.832874 1.1968 0 0
4.626 0.00326963 0.835022 1.194 0 0
4.686 0.00313526 0.837116 1.19127 0 0
4.746 0.00300662 0.839158 1.18861 0 0
4.806 0.00288344 0.841151 1.18601 0 0
4.866 0.00276547 0.843096 1.18348 0 0
4.926 0.00265248 0.844994 1.18101 0 0
4.986 0.00254423 0.846848 1.1786 0 0
5.046 0.0024405 0.848659 1.17625 0 0
5.106 0.00234109 0.850428 1.17395 0 0
5.166 0.00224581 0.852157 1.17171 0 0
5.226 0.00215446 0.853846 1.16952 0 0
5.286 0.00206688 0.855498 1.16738 0 0
5.346 0.00198289 0.857114 1.16529 0 0
5.406 0.00190232 0.858694 1.16325 0 0
5.466 0.00182504 0.86024 1.16125 0 0
5.526 0.00175089 0.861752 1.1593 0 0
5.586 0.00167973 0.863233 1.1574 0 0
5.646 0.00161143 0.864683 1.15553 0 0
5.706 0.00154587 0.866102 1.15371 0 0
5.766 0.00148293 0.867492 1.15192 0 0
5.826 0.00142249 0.868854 1.15018 0 0
5.886 0.00136444 0.870189 1.14847 0 0
5.946 0.00130868 0.871496 1.1468 0 0
6.006 0.0012551 0.872778 1.14516 0 0
6.066 0.00120362 0.874035 1.14356 0 0
6.126 0.00115415 0.875267 1.14199 0 0
6.186 0.00110659 0.876475 1.14046 0 0
6.246 0.00106086 0.877661 1.13895 0 0
6.306 0.0010169 0.878824 1.13748 0 0
6.366 0.000974607 0.879965 1.13603 0 0
6.426 0.000933925 0.881085 1.13462 0 0
6.486 0.000894783 0.882184 1.13323 0 0
6.546 0.000857113 0.883264 1.13187 0 0
6.606 0.000820854 0.884323 1.13054 0 0
6.666 0.000785944 0.885364 1.12923 0 0
6.726 0.000752325 0.886387 1.12794 0 0
6.786 0.000719944 0.887391 1.12669 0 0
6.846 0.000688745 0.888378 1.12545 0 0
6.906 0.00065868 0.889347 1.12424 0 0
6.966 0.0006297 0.8903 1.12305 0 0
7.026 0.000601757 0.891237 1.12188 0 0
7.086 0.000574807 0.892158 1.12074 0 0
7.146 0.000548809 0.893064 1.11961 0 0
7.206 0.00052372 0.893954 1.11851 0 0
7.266 0.000499501 0.89483 1.11742 0 0
7.326 0.000476115 0.895692 1.11636 0 0
7.386 0.000453526 0.896539 1.11531 0 0
7.446 0.000431698 0.897373 1.11428 0 0
7.506 0.000410599 0.898194 1.11327 0 0
7.566 0.000390197 0.899001 1.11227 0 0
7.626 0.00037046 0.899796 1.1113 0 0
7.686 0.00035136 0.900579 1.11034 0 0
7.746 0.000332868 0.901349 1.10939 0 0
7.806 0.000314956 0.902108 1.10847 0 0
7.866 0.000297599 0.902855 1.10755 0 0
7.926 0.000280771 0.903591 1.10666 0 0
7.986 0.000264448 0.904315 1.10577 0 0
8.046 0.000248606 0.905029 1.1049 0 0
8.106 0.000233223 0.905732 1.10405 0 0
8.166 0.000218277 0.906425 1.10321 0 0
8.226 0.000203748 0.907108 1.10238 0 0
8.286 0.000189615 0.907781 1.10156 0 0
8.346 0.000175858 0.908445 1.10076 0 0
8.406 0.000162459 0.909099 1.09997 0 0
8.466 0.0001494 0.909743 1.0992 0 0
8.526 0.000136663 0.910379 1.09843 0 0
8.586 0.000124231 0.911005 1.09768 0 0
8.646 0.000112088 0.911623 1.09693 0 0
8.706 0.000100218 0.912233 1.0962 0 0
8.766 8.86053e-05 0.912834 1.09548 0 0
8.826 7.72356e-05 0.913427 1.09477 0 0
8.886 6.60942e-05 0.914012 1.09407 0 0
8.946 5.5167e-05 0.914589 1.09338 0 0
9.006 4.44407e-05 0.915158 1.0927 0 0
9.066 3.39019e-05 0.91572 1.09203 0 0
9.126 2.35378e-05 0.916275 1.09137 0 0
9.186 1.33361e-05 0.916822 1.09072 0 0
9.246 3.28443e-06 0.917362 1.09008 0 0
9.306 3.21266e-09 0.917895 1.08945 0 0
9.366 3.21266e-09 0.918421 1.08883 0 0
9.426 3.21266e-09 0.91894 1.08821 0 0
9.486 3.21266e-09 0.919453 1.0876 0 0
9.546 3.21266e-09 0.919959 1.087 0 0
9.606 3.21266e-09 0.920459 1.08641 0 0
9.666 3.21266e-09 0.920953 1.08583 0 0
9.726 3.21266e-09 0.92144 1.08526 0 0
9.786 3.21266e-09 0.921922 1.08469 0 0
9.846 3.21266e-09 0.922398 1.08413 0 0
9.906 3.21266e-09 0.922868 1.08358 0 0
9.966 3.21266e-09 0.923332 1.08303 0 0
10.026 3.21266e-09 0.923791 1.0825 0 0
10.086 3.21266e-09 0.924244 1.08196 0 0
10.146 3.21266e-09 0.924692 1.08144 0 0
10.206 3.21266e-09 0.925135 1.08092 0 0
10.266 3.21266e-09 0.925573 1.08041 0 0
10.326 3.21266e-09 0.926005 1.07991 0 0
10.386 3.21266e-09 0.926433 1.07941 0 0
10.446 3.21266e-09 0.926855 1.07892 0 0
10.506 3.21266e-09 0.927273 1.07843 0 0
10.566 3.21266e-09 0.927686 1.07795 0 0
10.626 3.21266e-09 0.928094 1.07748 0 0
10.686 3.21266e-09 0.928498 1.07701 0 0
10.746 3.21266e-09 0.928897 1.07655 0 0
10.806 3.21266e-09 0.929292 1.07609 0 0
10.866 3.21266e-09 0.929682 1.07564 0 0
10.926 3.21266e-09 0.930069 1.07519 0 0
10.986 3.21266e-09 0.93045 1.07475 0 0
11.046 3.21266e-09 0.930828 1.07431 0 0
11.106 3.21266e-09 0.931202 1.07388 0 0
11.166 3.21266e-09 0.931572 1.07345 0 0
11.226 3.21266e-09 0.931937 1.07303 0 0
11.286 3.21266e-09 0.932299 1.07262 0 0
11.346 3.21266e-09 0.932657 1.07221 0 0
11.406 3.21266e-09 0.933011 1.0718 0 0
11.466 3.21266e-09 0.933362 1.0714 0 0
11.526 3.21266e-09 0.933709 1.071 0 0
11.586 3.21266e-09 0.934052 1.0706 0 0
11.646 3.21266e-09 0.934392 1.07021 0 0
11.706 3.21266e-09 0.934728 1.06983 0 0
11.766 3.21266e-09 0.935061 1.06945 0 0
11.826 3.21266e-09 0.935391 1.06907 0 0
11.886 3.21266e-09 0.935717 1.0687 0 0
11.946 3.21266e-09 0.93604 1.06833 0 0
12.006 3.21266e-09 0.936359 1.06797 0 0
12.066 3.21266e-09 0.936676 1.06761 0 0
12.126 3.21266e-09 0.936989 1.06725 0 0
12.186 3.21266e-09 0.937299 1.0669 0 0
12.246 3.21266e-09 0.937606 1.06655 0 0
12.306 3.21266e-09 0.937911 1.0662 0 0
12.366 3.21266e-09 0.938212 1.06586 0 0
12.426 3.21266e-09 0.93851 1.06552 0 0
12.486 3.21266e-09 0.938806 1.06518 0 0
12.546 3.21266e-09 0.939098 1.06485 0 0
12.606 3.21266e-09 0.939388 1.06452 0 0
12.666 3.21266e-09 0.939675 1.0642 0 0
12.726 3.21266e-09 0.93996 1.06388 0 0
12.786 3.21266e-09 0.940242 1.06356 0 0
12.846 3.21266e-09 0.940521 1.06324 0 0
12.906 3.21266e-09 0.940797 1.06293 0 0
12.966 3.21266e-09 0.941071 1.06262 0 0
13.026 3.21266e-09 0.941343 1.06231 0 0
13.086 3.21266e-09 0.941612 1.06201 0 0
13.146 3.21266e-09 0.941878 1.06171 0 0
13.206 3.21266e-09 0.942142 1.06141 0 0
13.266 3.21266e-09 0.942404 1.06112 0 0
13.326 3.21266e-09 0.942663 1.06082 0 0
13.386 3.21266e-09 0.94292 1.06054 0 0
13.446 3.21266e-09 0.943175 1.06025 0 0
13.506 3.21266e-09 0.943427 1.05997 0 0
13.566 3.21266e-09 0.943677 1.05968 0 0
13.626 3.21266e-09 0.943926 1.05941 0 0
13.686 3.21266e-09 0.944171 1.05913 0 0
13.746 3.21266e-09 0.944415 1.05886 0 0
13.806 3.21266e-09 0.944657 1.05859 0 0
13.866 3.21266e-09 0.944896 1.05832 0 0
13.926 3.21266e-09 0.945133 1.05805 0 0
13.986 3.21266e-09 0.945369 1.05779 0 0
14.046 3.21266e-09 0.945602 1.05753 0 0
14.106 3.21266e-09 0.945834 1.05727 0 0
14.166 3.21266e-09 0.946063 1.05701 0 0
14.226 3.21266e-09 0.946291 1.05676 0 0
14.286 3.21266e-09 0.946516 1.05651 0 0
14.346 3.21266e-09 0.94674 1.05626 0 0
14.406 3.21266e-09 0.946962 1.05601 0 0
14.466 3.21266e-09 0.947182 1.05576 0 0
14.526 3.21266e-09 0.9474 1.05552 0 0
14.586 3.21266e-09 0.947616 1.05528 0 0
14.646 3.21266e-09 0.947831 1.05504 0 0
14.706 3.21266e-09 0.948044 1.0548 0 0
14.766 3.21266e-09 0.948255 1.05457 0 0
14.826 3.21266e-09 0.948464 1.05434 0 0
14.886 3.21266e-09 0.948672 1.05411 0 0
14.946 3.21266e-09 0.948878 1.05388 0 0
15.006 3.21266e-09 0.949082 1.05365 0 0
15.066 3.21266e-09 0.949285 1.05342 0 0
15.126 3.21266e-09 0.949486 1.0532 0 0
15.186 3.21266e-09 0.949686 1.05298 0 0
15.246 3.21266e-09 0.949884 1.05276 0 0
15.306 3.21266e-09 0.95008 1.05254 0 0
15.366 3.21266e-09 0.950275 1.05233 0 0
15.426 3.21266e-09 0.950469 1.05211 0 0
15.486 3.21266e-09 0.950661 1.0519 0 0
15.546 3.21266e-09 0.950851 1.05169 0 0
15.606 3.21266e-09 0.95104 1.05148 0 0
15.666 3.21266e-09 0.951227 1.05127 0 0
15.726 3.21266e-09 0.951414 1.05107 0 0
15.786 3.21266e-09 0.951598 1.05086 0 0
15.846 3.21266e-09 0.951781 1.05066 0 0
15.906 3.21266e-09 0.951963 1.05046 0 0
15.966 3.21266e-09 0.952144 1.05026 0 0
16.026 3.21266e-09 0.952323 1.05006 0 0
16.086 3.21266e-09 0.952501 1.04987 0 0
16.146 3.21266e-09 0.952677 1.04967 0 0
16.206 3.21266e-09 0.952853 1.04948 0 0
16.266 3.21266e-09 0.953026 1.04929 0 0
16.326 3.21266e-09 0.953199 1.0491 0 0
16.386 3.21266e-09 0.95337 1.04891 0 0
16.446 3.21266e-09 0.953541 1.04872 0 0
16.506 3.21266e-09 0.953709 1.04854 0 0
16.566 3.21266e-09 0.953877 1.04835 0 0
16.626 3.21266e-09 0.954044 1.04817 0 0
16.686 3.21266e-09 0.954209 1.04799 0 0
16.746 3.21266e-09 0.954373 1.04781 0 0
16.806 3.21266e-09 0.954536 1.04763 0 0
16.866 3.21266e-09 0.954698 1.04745 0 0
16.926 3.21266e-09 0.954858 1.04728 0 0
16.986 3.21266e-09 0.955018 1.0471 0 0
17.046 3.21266e-09 0.955176 1.04693 0 0
17.106 3.21266e-09 0.955333 1.04676 0 0
17.166 3.21266e-09 0.955489 1.04658 0 0
17.226 3.21266e-09 0.955644 1.04641 0 0
17.286 3.21266e-09 0.955798 1.04625 0 0
17.346 3.21266e-09 0.955951 1.04608 0 0
17.406 3.21266e-09 0.956103 1.04591 0 0
17.466 3.21266e-09 0.956254 1.04575 0 0
17.526 3.21266e-09 0.956404 1.04558 0 0
17.586 3.21266e-09 0.956552 1.04542 0 0
17.646 3.21266e-09 0.9567 1.04526 0 0
17.706 3.21266e-09 0.956847 1.0451 0 0
17.766 3.21266e-09 0.956993 1.04494 0 0
17.826 3.21266e-09 0.957137 1.04478 0 0
17.886 3.21266e-09 0.957281 1.04463 0 0
17.946 3.21266e-09 0.957424 1.04447 0 0
18.006 3.21266e-09 0.957566 1.04431 0 0
18.066 3.21266e-09 0.957707 1.04416 0 0
18.126 3.21266e-09 0.957847 1.04401 0 0
18.186 3.21266e-09 0.957986 1.04386 0 0
18.246 3.21266e-09 0.958124 1.04371 0 0
18.306 3.21266e-09 0.958261 1.04356 0 0
18.366 3.21266e-09 0.958398 1.04341 0 0
18.426 3.21266e-09 0.958533 1.04326 0 0
18.486 3.21266e-09 0.958668 1.04311 0 0
18.546 3.21266e-09 0.958801 1.04297 0 0
18.606 3.21266e-09 0.958934 1.04282 0 0
18.666 3.21266e-09 0.959066 1.04268 0 0
18.726 3.21266e-09 0.959197 1.04254 0 0
18.786 3.21266e-09 0.959328 1.0424 0 0
18.846 3.21266e-09 0.959457 1.04226 0 0
18.906 3.21266e-09 0.959586 1.04212 0 0
18.966 3.21266e-09 0.959714 1.04198 0 0
19.026 3.21266e-09 0.959841 1.04184 0 0
19.086 3.21266e-09 0.959967 1.0417 0 0
19.146 3.21266e-09 0.960092 1.04157 0 0
19.206 3.21266e-09 0.960217 1.04143 0 0
19.266 3.21266e-09 0.960341 1.0413 0 0
19.326 3.21266e-09 0.960464 1.04116 0 0
19.386 3.21266e-09 0.960586 1.04103 0 0
19.446 3.21266e-09 0.960708 1.0409 0 0
19.506 3.21266e-09 0.960829 1.04077 0 0
19.566 3.21266e-09 0.960949 1.04064 0 0
19.626 3.21266e-09 0.961068 1.04051 0 0
19.686 3.21266e-09 0.961187 1.04038 0 0
19.746 3.21266e-09 0.961305 1.04025 0 0
19.806 3.21266e-09 0.961422 1.04013 0 0
19.866 3.21266e-09 0.961539 1.04 0 0
19.926 3.21266e-09 0.961655 1.03987 0 0
19.986 3.21266e-09 0.96177 1.03975 0 0
20.046 3.21266e-09 0.961884 1.03963 0 0
20.106 3.21266e-09 0.961998 1.0395 0 0
20.166 3.21266e-09 0.962111 1.03938 0 0
20.226 3.21266e-09 0.962223 1.03926 0 0
20.286 3.21266e-09 0.962335 1.03914 0 0
20.346 3.21266e-09 0.962446 1.03902 0 0
20.406 3.21266e-09 0.962557 1.0389 0 0
20.466 3.21266e-09 0.962666 1.03878 0 0
20.526 3.21266e-09 0.962775 1.03866 0 0
20.586 3.21266e-09 0.962884 1.03855 0 0
20.646 3.21266e-09 0.962992 1.03843 0 0
20.706 3.21266e-09 0.963099 1.03831 0 0
20.766 3.21266e-09 0.963206 1.0382 0 0
20.826 3.21266e-09 0.963312 1.03809 0 0
20.886 3.21266e-09 0.963417 1.03797 0 0
20.946 3.21266e-09 0.963522 1.03786 0 0
21.006 3.21266e-09 0.963626 1.03775 0 0
21.066 3.21266e-09 0.96373 1.03764 0 0
21.126 3.21266e-09 0.963833 1.03752 0 0
21.186 3.21266e-09 0.963935 1.03741 0 0
21.246 3.21266e-09 0.964037 1.0373 0 0
21.306 3.21266e-09 0.964138 1.0372 0 0
21.366 3.21266e-09 0.964239 1.03709 0 0
21.426 3.21266e-09 0.964339 1.03698 0 0
21.486 3.21266e-09 0.964439 1.03687 0 0
21.546 3.21266e-09 0.964538 1.03677 0 0
21.606 3.21266e-09 0.964636 1.03666 0 0
21.666 3.21266e-09 0.964734 1.03656 0 0
21.726 3.21266e-09 0.964831 1.03645 0 0
21.786 3.21266e-09 0.964928 1.03635 0 0
21.846 3.21266e-09 0.965025 1.03624 0 0
21.906 3.21266e-09 0.96512 1.03614 0 0
21.966 3.21266e-09 0.965216 1.03604 0 0
22.026 3.21266e-09 0.96531 1.03594 0 0
22.086 3.21266e-09 0.965405 1.03583 0 0
22.146 3.21266e-09 0.965498 1.03573 0 0
22.206 3.21266e-09 0.965592 1.03563 0 0
22.266 3.21266e-09 0.965684 1.03553 0 0
22.326 3.21266e-09 0.965777 1.03544 0 0
22.386 3.21266e-09 0.965868 1.03534 0 0
22.446 3.21266e-09 0.96596 1.03524 0 0
22.506 3.21266e-09 0.96605 1.03514 0 0
22.566 3.21266e-09 0.966141 1.03505 0 0
22.626 3.21266e-09 0.96623 1.03495 0 0
22.686 3.21266e-09 0.96632 1.03485 0 0
22.746 3.21266e-09 0.966409 1.03476 0 0
22.806 3.21266e-09 0.966497 1.03466 0 0
22.866 3.21266e-09 0.966585 1.03457 0 0
22.926 3.21266e-09 0.966672 1.03448 0 0
22.986 3.21266e-09 0.966759 1.03438 0 0
23.046 3.21266e-09 0.966846 1.03429 0 0
23.106 3.21266e-09 0.966932 1.0342 0 0
23.166 3.21266e-09 0.967018 1.03411 0 0
23.226 3.21266e-09 0.967103 1.03402 0 0
23.286 3.21266e-09 0.967188 1.03393 0 0
23.346 3.21266e-09 0.967272 1.03384 0 0
23.406 3.21266e-09 0.967356 1.03375 0 0
23.466 3.21266e-09 0.967439 1.03366 0 0
23.526 3.21266e-09 0.967522 1.03357 0 0
23.586 3.21266e-09 0.967605 1.03348 0 0
23.646 3.21266e-09 0.967687 1.03339 0 0
23.706 3.21266e-09 0.967769 1.0333 0 0
23.766 3.21266e-09 0.96785 1.03322 0 0
23.826 3.21266e-09 0.967931 1.03313 0 0
23.886 3.21266e-09 0.968012 1.03305 0 0
23.946 3.21266e-09 0.968092 1.03296 0 0
24.006 3.21266e-09 0.968172 1.03287 0 0
24.066 3.21266e-09 0.968251 1.03279 0 0
24.126 3.21266e-09 0.96833 1.03271 0 0
24.186 3.21266e-09 0.968409 1.03262 0 0
24.246 3.21266e-09 0.968487 1.03254 0 0
24.306 3.21266e-09 0.968565 1.03246 0 0
24.366 3.21266e-09 0.968642 1.03237 0 0
24.426 3.21266e-09 0.968719 1.03229 0 0
24.486 3.21266e-09 0.968796 1.03221 0 0
24.546 3.21266e-09 0.968872 1.03213 0 0
24.606 3.21266e-09 0.968948 1.03205 0 0
24.666 3.21266e-09 0.969023 1.03197 0 0
24.726 3.21266e-09 0.969098 1.03189 0 0
24.786 3.21266e-09 0.969173 1.03181 0 0
24.846 3.21266e-09 0.969248 1.03173 0 0
24.906 3.21266e-09 0.969322 1.03165 0 0
24.966 3.21266e-09 0.969396 1.03157 0 0
25.026 3.21266e-09 0.969469 1.03149 0 0
25.086 3.21266e-09 0.969542 1.03141 0 0
25.146 3.21266e-09 0.969615 1.03134 0 0
25.206 3.21266e-09 0.969687 1.03126 0 0
25.266 3.21266e-09 0.969759 1.03118 0 0
25.326 3.21266e-09 0.969831 1.03111 0 0
25.386 3.21266e-09 0.969902 1.03103 0 0
25.446 3.21266e-09 0.969973 1.03096 0 0
25.506 3.21266e-09 0.970043 1.03088 0 0
25.566 3.21266e-09 0.970114 1.03081 0 0
25.626 3.21266e-09 0.970184 1.03073 0 0
25.686 3.21266e-09 0.970253 1.03066 0 0
25.746 3.21266e-09 0.970323 1.03058 0 0
25.806 3.21266e-09 0.970392 1.03051 0 0
25.866 3.21266e-09 0.97046 1.03044 0 0
25.926 3.21266e-09 0.970529 1.03037 0 0
25.986 3.21266e-09 0.970597 1.03029 0 0
26.046 3.21266e-09 0.970665 1.03022 0 0
26.106 3.21266e-09 0.970732 1.03015 0 0
26.166 3.21266e-09 0.970799 1.03008 0 0
26.226 3.21266e-09 0.970866 1.03001 0 0
26.286 3.21266e-09 0.970932 1.02994 0 0
26.346 3.21266e-09 0.970999 1.02987 0 0
26.406 3.21266e-09 0.971064 1.0298 0 0
26.466 3.21266e-09 0.97113 1.02973 0 0
26.526 3.21266e-09 0.971195 1.02966 0 0
26.586 3.21266e-09 0.97126 1.02959 0 0
26.646 3.21266e-09 0.971325 1.02952 0 0
26.706 3.21266e-09 0.97139 1.02945 0 0
26.766 3.21266e-09 0.971454 1.02939 0 0
26.826 3.21266e-09 0.971518 1.02932 0 0
26.886 3.21266e-09 0.971581 1.02925 0 0
26.946 3.21266e-09 0.971644 1.02918 0 0
27.006 3.21266e-09 0.971707 1.02912 0 0
27.066 3.21266e-09 0.97177 1.02905 0 0
27.126 3.21266e-09 0.971833 1.02898 0 0
27.186 3.21266e-09 0.971895 1.02892 0 0
27.246 3.21266e-09 0.971957 1.02885 0 0
27.306 3.21266e-09 0.972018 1.02879 0 0
27.366 3.21266e-09 0.97208 1.02872 0 0
27.426 3.21266e-09 0.972141 1.02866 0 0
27.486 3.21266e-09 0.972201 1.02859 0 0
27.546 3.21266e-09 0.972262 1.02853 0 0
27.606 3.21266e-09 0.972322 1.02847 0 0
27.666 3.21266e-09 0.972382 1.0284 0 0
27.726 3.21266e-09 0.972442 1.02834 0 0
27.786 3.21266e-09 0.972502 1.02828 0 0
27.846 3.21266e-09 0.972561 1.02821 0 0
27.906 3.21266e-09 0.97262 1.02815 0 0
27.966 3.21266e-09 0.972679 1.02809 0 0
28.026 3.21266e-09 0.972737 1.02803 0 0
28.086 3.21266e-09 0.972795 1.02797 0 0
28.146 3.21266e-09 0.972853 1.0279 0 0
28.206 3.21266e-09 0.972911 1.02784 0 0
28.266 3.21266e-09 0.972969 1.02778 0 0
28.326 3.21266e-09 0.973026 1.02772 0 0
28.386 3.21266e-09 0.973083 1.02766 0 0
28.446 3.21266e-09 0.97314 1.0276 0 0
28.506 3.21266e-09 0.973196 1.02754 0 0
28.566 3.21266e-09 0.973252 1.02748 0 0
28.626 3.21266e-09 0.973308 1.02742 0 0
28.686 3.21266e-09 0.973364 1.02736 0 0
28.746 3.21266e-09 0.97342 1.02731 0 0
28.806 3.21266e-09 0.973475 1.02725 0 0
28.866 3.21266e-09 0.97353 1.02719 0 0
28.926 3.21266e-09 0.973585 1.02713 0 0
28.986 3.21266e-09 0.97364 1.02707 0 0
29.046 3.21266e-09 0.973694 1.02702 0 0
29.106 3.21266e-09 0.973749 1.02696 0 0
29.166 3.21266e-09 0.973803 1.0269 0 0
29.226 3.21266e-09 0.973856 1.02685 0 0
29.286 3.21266e-09 0.97391 1.02679 0 0
29.346 3.21266e-09 0.973963 1.02673 0 0
29.406 3.21266e-09 0.974016 1.02668 0 0
29.466 3.21266e-09 0.974069 1.02662 0 0
29.526 3.21266e-09 0.974122 1.02657 0 0
29.586 3.21266e-09 0.974175 1.02651 0 0
29.646 3.21266e-09 0.974227 1.02645 0 0
29.706 3.21266e-09 0.974279 1.0264 0 0
29.766 3.21266e-09 0.974331 1.02635 0 0
29.826 3.21266e-09 0.974382 1.02629 0 0
29.886 3.21266e-09 0.974434 1.02624 0 0
29.946 3.21266e-09 0.974485 1.02618 0 0
30.006 3.21266e-09 0.974536 1.02613 0 0
30.066 3.21266e-09 0.974587 1.02608 0 0
30.126 3.21266e-09 0.974637 1.02602 0 0
30.186 3.21266e-09 0.974688 1.02597 0 0
30.246 3.21266e-09 0.974738 1.02592 0 0
30.306 3.21266e-09 0.974788 1.02586 0 0
30.366 3.21266e-09 0.974838 1.02581 0 0
30.426 3.21266e-09 0.974888 1.02576 0 0
30.486 3.21266e-09 0.974937 1.02571 0 0
30.546 3.21266e-09 0.974986 1.02566 0 0
30.606 3.21266e-09 0.975035 1.0256 0 0
30.666 3.21266e-09 0.975084 1.02555 0 0
30.726 3.21266e-09 0.975133 1.0255 0 0
30.786 3.21266e-09 0.975181 1.02545 0 0
30.846 3.21266e-09 0.975229 1.0254 0 0
30.906 3.21266e-09 0.975278 1.02535 0 0
30.966 3.21266e-09 0.975325 1.0253 0 0
31.026 3.21266e-09 0.975373 1.02525 0 0
31.086 3.21266e-09 0.975421 1.0252 0 0
31.146 3.21266e-09 0.975468 1.02515 0 0
31.206 3.21266e-09 0.975515 1.0251 0 0
31.266 3.21266e-09 0.975562 1.02505 0 0
31.326 3.21266e-09 0.975609 1.025 0 0
31.386 3.21266e-09 0.975656 1.02495 0 0
31.446 3.21266e-09 0.975702 1.0249 0 0
31.506 3.21266e-09 0.975748 1.02485 0 0
31.566 3.21266e-09 0.975794 1.02481 0 0
31.626 3.21266e-09 0.97584 1.02476 0 0
31.686 3.21266e-09 0.975886 1.02471 0 0
31.746 3.21266e-09 0.975932 1.02466 0 0
31.806 3.21266e-09 0.975977 1.02461 0 0
31.866 3.21266e-09 0.976022 1.02457 0 0
31.926 3.21266e-09 0.976067 1.02452 0 0
31.986 3.21266e-09 0.976112 1.02447 0 0
32.046 3.21266e-09 0.976157 1.02443 0 0
32.106 3.21266e-09 0.976202 1.02438 0 0
32.166 3.21266e-09 0.976246 1.02433 0 0
32.226 3.21266e-09 0.97629 1.02429 0 0
32.286 3.21266e-09 0.976334 1.02424 0 0
32.346 3.21266e-09 0.976378 1.02419 0 0
32.406 3.21266e-09 0.976422 1.02415 0 0
32.466 3.21266e-09 0.976466 1.0241 0 0
32.526 3.21266e-09 0.976509 1.02406 0 0
32.586 3.21266e-09 0.976552 1.02401 0 0
32.646 3.21266e-09 0.976595 1.02397 0 0
32.706 3.21266e-09 0.976638 1.02392 0 0
32.766 3.21266e-09 0.976681 1.02388 0 0
32.826 3.21266e-09 0.976724 1.02383 0 0
32.886 3.21266e-09 0.976766 1.02379 0 0
32.946 3.21266e-09 0.976808 1.02374 0 0
33.006 3.21266e-09 0.976851 1.0237 0 0
33.066 3.21266e-09 0.976893 1.02365 0 0
33.126 3.21266e-09 0.976934 1.02361 0 0
33.186 3.21266e-09 0.976976 1.02357 0 0
33.246 3.21266e-09 0.977018 1.02352 0 0
33.306 3.21266e-09 0.977059 1.02348 0 0
33.366 3.21266e-09 0.9771 1.02344 0 0
33.426 3.21266e-09 0.977141 1.02339 0 0
33.486 3.21266e-09 0.977182 1.02335 0 0
33.546 3.21266e-09 0.977223 1.02331 0 0
33.606 3.21266e-09 0.977264 1.02327 0 0
33.666 3.21266e-09 0.977304 1.02322 0 0
33.726 3.21266e-09 0.977345 1.02318 0 0
33.786 3.21266e-09 0.977385 1.02314 0 0
33.846 3.21266e-09 0.977425 1.0231 0 0
33.906 3.21266e-09 0.977465 1.02305 0 0
33.966 3.21266e-09 0.977505 1.02301 0 0
34.026 3.21266e-09 0.977544 1.02297 0 0
34.086 3.21266e-09 0.977584 1.02293 0 0
34.146 3.21266e-09 0.977623 1.02289 0 0
34.206 3.21266e-09 0.977663 1.02285 0 0
34.266 3.21266e-09 0.977702 1.02281 0 0
34.326 3.21266e-09 0.977741 1.02277 0 0
34.386 3.21266e-09 0.97778 1.02273 0 0
34.446 3.21266e-09 0.977818 1.02268 0 0
34.506 3.21266e-09 0.977857 1.02264 0 0
34.566 3.21266e-09 0.977895 1.0226 0 0
34.626 3.21266e-09 0.977934 1.02256 0 0
34.686 3.21266e-09 0.977972 1.02252 0 0
34.746 3.21266e-09 0.97801 1.02248 0 0
34.806 3.21266e-09 0.978048 1.02244 0 0
34.866 3.21266e-09 0.978085 1.02241 0 0
34.926 3.21266e-09 0.978123 1.02237 0 0
34.986 3.21266e-09 0.978161 1.02233 0 0
35.046 3.21266e-09 0.978198 1.02229 0 0
35.106 3.21266e-09 0.978235 1.02225 0 0
35.166 3.21266e-09 0.978272 1.02221 0 0
35.226 3.21266e-09 0.978309 1.02217 0 0
35.286 3.21266e-09 0.978346 1.02213 0 0
35.346 3.21266e-09 0.978383 1.02209 0 0
35.406 3.21266e-09 0.97842 1.02206 0 0
35.466 3.21266e-09 0.978456 1.02202 0 0
35.526 3.21266e-09 0.978493 1.02198 0 0
35.586 3.21266e-09 0.978529 1.02194 0 0
35.646 3.21266e-09 0.978565 1.0219 0 0
35.706 3.21266e-09 0.978601 1.02187 0 0
35.766 3.21266e-09 0.978637 1.02183 0 0
35.826 3.21266e-09 0.978673 1.02179 0 0
35.886 3.21266e-09 0.978708 1.02175 0 0
35.946 3.21266e-09 0.978744 1.02172 0 0
36.006 3.21266e-09 0.978779 1.02168 0 0
36.066 3.21266e-09 0.978815 1.02164 0 0
36.126 3.21266e-09 0.97885 1.02161 0 0
36.186 3.21266e-09 0.978885 1.02157 0 0
36.246 3.21266e-09 0.97892 1.02153 0 0
36.306 3.21266e-09 0.978955 1.0215 0 0
36.366 3.21266e-09 0.978989 1.02146 0 0
36.426 3.21266e-09 0.979024 1.02143 0 0
36.486 3.21266e-09 0.979059 1.02139 0 0
36.546 3.21266e-09 0.979093 1.02135 0 0
36.606 3.21266e-09 0.979127 1.02132 0 0
36.666 3.21266e-09 0.979161 1.02128 0 0
36.726 3.21266e-09 0.979195 1.02125 0 0
36.786 3.21266e-09 0.979229 1.02121 0 0
36.846 3.21266e-09 0.979263 1.02118 0 0
36.906 3.21266e-09 0.979297 1.02114 0 0
36.966 3.21266e-09 0.97933 1.02111 0 0
37.026 3.21266e-09 0.979364 1.02107 0 0
37.086 3.21266e-09 0.979397 1.02104 0 0
37.146 3.21266e-09 0.979431 1.021 0 0
37.206 3.21266e-09 0.979464 1.02097 0 0
37.266 3.21266e-09 0.979497 1.02093 0 0
37.326 3.21266e-09 0.97953 1.0209 0 0
37.386 3.21266e-09 0.979563 1.02086 0 0
37.446 3.21266e-09 0.979595 1.02083 0 0
37.506 3.21266e-09 0.979628 1.0208 0 0
37.566 3.21266e-09 0.979661 1.02076 0 0
37.626 3.21266e-09 0.979693 1.02073 0 0
37.686 3.21266e-09 0.979725 1.02069 0 0
37.746 3.21266e-09 0.979758 1.02066 0 0
37.806 3.21266e-09 0.97979 1.02063 0 0
37.866 3.21266e-09 0.979822 1.02059 0 0
37.926 3.21266e-09 0.979854 1.02056 0 0
37.986 3.21266e-09 0.979885 1.02053 0 0
38.046 3.21266e-09 0.979917 1.02049 0 0
38.106 3.21266e-09 0.979949 1.02046 0 0
38.166 3.21266e-09 0.97998 1.02043 0 0
38.226 3.21266e-09 0.980012 1.0204 0 0
38.286 3.21266e-09 0.980043 1.02036 0 0
38.346 3.21266e-09 0.980074 1.02033 0 0
38.406 3.21266e-09 0.980105 1.0203 0 0
38.466 3.21266e-09 0.980136 1.02027 0 0
38.526 3.21266e-09 0.980167 1.02023 0 0
38.586 3.21266e-09 0.980198 1.0202 0 0
38.646 3.21266e-09 0.980229 1.02017 0 0
38.706 3.21266e-09 0.98026 1.02014 0 0
38.766 3.21266e-09 0.98029 1.02011 0 0
38.826 3.21266e-09 0.980321 1.02007 0 0
38.886 3.21266e-09 0.980351 1.02004 0 0
38.946 3.21266e-09 0.980381 1.02001 0 0
39.006 3.21266e-09 0.980411 1.01998 0 0
39.066 3.21266e-09 0.980442 1.01995 0 0
39.126 3.21266e-09 0.980472 1.01992 0 0
39.186 3.21266e-09 0.980501 1.01989 0 0
39.246 3.21266e-09 0.980531 1.01986 0 0
39.306 3.21266e-09 0.980561 1.01982 0 0
39.366 3.21266e-09 0.980591 1.01979 0 0
39.426 3.21266e-09 0.98062 1.01976 0 0
39.486 3.21266e-09 0.98065 1.01973 0 0
39.546 3.21266e-09 0.980679 1.0197 0 0
39.606 3.21266e-09 0.980708 1.01967 0 0
39.666 3.21266e-09 0.980737 1.01964 0 0
39.726 3.21266e-09 0.980766 1.01961 0 0
39.786 3.21266e-09 0.980795 1.01958 0 0
39.846 3.21266e-09 0.980824 1.01955 0 0
39.906 3.21266e-09 0.980853 1.01952 0 0
39.966 3.21266e-09 0.980882 1.01949 0 0
40.026 3.21266e-09 0.980911 1.01946 0 0
40.086 3.21266e-09 0.980939 1.01943 0 0
40.146 3.21266e-09 0.980968 1.0194 0 0
40.206 3.21266e-09 0.980996 1.01937 0 0
40.266 3.21266e-09 0.981024 1.01934 0 0
40.326 3.21266e-09 0.981053 1.01931 0 0
40.386 3.21266e-09 0.981081 1.01928 0 0
40.446 3.21266e-09 0.981109 1.01925 0 0
40.506 3.21266e-09 0.981137 1.01923 0 0
40.566 3.21266e-09 0.981165 1.0192 0 0
40.626 3.21266e-09 0.981193 1.01917 0 0
40.686 3.21266e-09 0.98122 1.01914 0 0
40.746 3.21266e-09 0.981248 1.01911 0 0
40.806 3.21266e-09 0.981276 1.01908 0 0
40.866 3.21266e-09 0.981303 1.01905 0 0
40.926 3.21266e-09 0.98133 1.01902 0 0
40.986 3.21266e-09 0.981358 1.019 0 0
41.046 3.21266e-09 0.981385 1.01897 0 0
41.106 3.21266e-09 0.981412 1.01894 0 0
41.166 3.21266e-09 0.981439 1.01891 0 0
41.226 3.21266e-09 0.981466 1.01888 0 0
41.286 3.21266e-09 0.981493 1.01886 0 0
41.346 3.21266e-09 0.98152 1.01883 0 0
41.406 3.21266e-09 0.981547 1.0188 0 0
41.466 3.21266e-09 0.981574 1.01877 0 0
41.526 3.21266e-09 0.9816 1.01874 0 0
41.586 3.21266e-09 0.981627 1.01872 0 0
41.646 3.21266e-09 0.981653 1.01869 0 0
41.706 3.21266e-09 0.98168 1.01866 0 0
41.766 3.21266e-09 0.981706 1.01864 0 0
41.826 3.21266e-09 0.981732 1.01861 0 0
41.886 3.21266e-09 0.981758 1.01858 0 0
41.946 3.21266e-09 0.981784 1.01855 0 0
42.006 3.21266e-09 0.98181 1.01853 0 0
42.066 3.21266e-09 0.981836 1.0185 0 0
42.126 3.21266e-09 0.981862 1.01847 0 0
42.186 3.21266e-09 0.981888 1.01845 0 0
42.246 3.21266e-09 0.981914 1.01842 0 0
42.306 3.21266e-09 0.981939 1.01839 0 0
42.366 3.21266e-09 0.981965 1.01837 0 0
42.426 3.21266e-09 0.981991 1.01834 0 0
42.486 3.21266e-09 0.982016 1.01831 0 0
42.546 3.21266e-09 0.982041 1.01829 0 0
42.606 3.21266e-09 0.982067 1.01826 0 0
42.666 3.21266e-09 0.982092 1.01823 0 0
42.726 3.21266e-09 0.982117 1.01821 0 0
42.786 3.21266e-09 0.982142 1.01818 0 0
42.846 3.21266e-09 0.982167 1.01816 0 0
42.906 3.21266e-09 0.982192 1.01813 0 0
42.966 3.21266e-09 0.982217 1.01811 0 0
43.026 3.21266e-09 0.982242 1.01808 0 0
43.086 3.21266e-09 0.982266 1.01805 0 0
43.146 3.21266e-09 0.982291 1.01803 0 0
43.206 3.21266e-09 0.982316 1.018 0 0
43.266 3.21266e-09 0.98234 1.01798 0 0
43.326 3.21266e-09 0.982365 1.01795 0 0
43.386 3.21266e-09 0.982389 1.01793 0 0
43.446 3.21266e-09 0.982413 1.0179 0 0
43.506 3.21266e-09 0.982438 1.01788 0 0
43.566 3.21266e-09 0.982462 1.01785 0 0
43.626 3.21266e-09 0.982486 1.01783 0 0
43.686 3.21266e-09 0.98251 1.0178 0 0
43.746 3.21266e-09 0.982534 1.01778 0 0
43.806 3.21266e-09 0.982558 1.01775 0 0
43.866 3.21266e-09 0.982582 1.01773 0 0
43.926 3.21266e-09 0.982605 1.0177 0 0
43.986 3.21266e-09 0.982629 1.01768 0 0
44.046 3.21266e-09 0.982653 1.01765 0 0
44.106 3.21266e-09 0.982676 1.01763 0 0
44.166 3.21266e-09 0.9827 1.0176 0 0
44.226 3.21266e-09 0.982723 1.01758 0 0
44.286 3.21266e-09 0.982747 1.01756 0 0
44.346 3.21266e-09 0.98277 1.01753 0 0
44.406 3.21266e-09 0.982794 1.01751 0 0
44.466 3.21266e-09 0.982817 1.01748 0 0
44.526 3.21266e-09 0.98284 1.01746 0 0
44.586 3.21266e-09 0.982863 1.01744 0 0
44.646 3.21266e-09 0.982886 1.01741 0 0
44.706 3.21266e-09 0.982909 1.01739 0 0
44.766 3.21266e-09 0.982932 1.01736 0 0
44.826 3.21266e-09 0.982955 1.01734 0 0
44.886 3.21266e-09 0.982978 1.01732 0 0
44.946 3.21266e-09 0.983 1.01729 0 0
45.006 3.21266e-09 0.983023 1.01727 0 0
45.066 3.21266e-09 0.983046 1.01725 0 0
45.126 3.21266e-09 0.983068 1.01722 0 0
45.186 3.21266e-09 0.983091 1.0172 0 0
45.246 3.21266e-09 0.983113 1.01718 0 0
45.306 3.21266e-09 0.983135 1.01715 0 0
45.366 3.21266e-09 0.983158 1.01713 0 0
45.426 3.21266e-09 0.98318 1.01711 0 0
45.486 3.21266e-09 0.983202 1.01708 0 0
45.546 3.21266e-09 0.983224 1.01706 0 0
45.606 3.21266e-09 0.983246 1.01704 0 0
45.666 3.21266e-09 0.983268 1.01702 0 0
45.726 3.21266e-09 0.98329 1.01699 0 0
45.786 3.21266e-09 0.983312 1.01697 0 0
45.846 3.21266e-09 0.983334 1.01695 0 0
45.906 3.21266e-09 0.983356 1.01693 0 0
45.966 3.21266e-09 0.983377 1.0169 0 0
46.026 3.21266e-09 0.983399 1.01688 0 0
46.086 3.21266e-09 0.983421 1.01686 0 0
46.146 3.21266e-09 0.983442 1.01684 0 0
46.206 3.21266e-09 0.983464 1.01681 0 0
46.266 3.21266e-09 0.983485 1.01679 0 0
46.326 3.21266e-09 0.983507 1.01677 0 0
46.386 3.21266e-09 0.983528 1.01675 0 0
46.446 3.21266e-09 0.983549 1.01673 0 0
46.506 3.21266e-09 0.98357 1.0167 0 0
46.566 3.21266e-09 0.983592 1.01668 0 0
46.626 3.21266e-09 0.983613 1.01666 0 0
46.686 3.21266e-09 0.983634 1.01664 0 0
46.746 3.21266e-09 0.983655 1.01662 0 0
46.806 3.21266e-09 0.983676 1.0166 0 0
46.866 3.21266e-09 0.983697 1.01657 0 0
46.926 3.21266e-09 0.983718 1.01655 0 0
46.986 3.21266e-09 0.983738 1.01653 0 0
47.046 3.21266e-09 0.983759 1.01651 0 0
47.106 3.21266e-09 0.98378 1.01649 0 0
47.166 3.21266e-09 0.9838 1.01647 0 0
47.226 3.21266e-09 0.983821 1.01645 0 0
47.286 3.21266e-09 0.983841 1.01642 0 0
47.346 3.21266e-09 0.983862 1.0164 0 0
47.406 3.21266e-09 0.983882 1.01638 0 0
47.466 3.21266e-09 0.983903 1.01636 0 0
47.526 3.21266e-09 0.983923 1.01634 0 0
47.586 3.21266e-09 0.983943 1.01632 0 0
47.646 3.21266e-09 0.983964 1.0163 0 0
47.706 3.21266e-09 0.983984 1.01628 0 0
47.766 3.21266e-09 0.984004 1.01626 0 0
47.826 3.21266e-09 0.984024 1.01624 0 0
47.886 3.21266e-09 0.984044 1.01621 0 0
47.946 3.21266e-09 0.984064 1.01619 0 0
48.006 3.21266e-09 0.984084 1.01617 0 0
48.066 3.21266e-09 0.984104 1.01615 0 0
48.126 3.21266e-09 0.984124 1.01613 0 0
48.186 3.21266e-09 0.984143 1.01611 0 0
48.246 3.21266e-09 0.984163 1.01609 0 0
48.306 3.21266e-09 0.984183 1.01607 0 0
48.366 3.21266e-09 0.984202 1.01605 0 0
48.426 3.21266e-09 0.984222 1.01603 0 0
48.486 3.21266e-09 0.984241 1.01601 0 0
48.546 3.21266e-09 0.984261 1.01599 0 0
48.606 3.21266e-09 0.98428 1.01597 0 0
48.666 3.21266e-09 0.9843 1.01595 0 0
48.726 3.21266e-09 0.984319 1.01593 0 0
48.786 3.21266e-09 0.984338 1.01591 0 0
48.846 3.21266e-09 0.984358 1.01589 0 0
48.906 3.21266e-09 0.984377 1.01587 0 0
48.966 3.21266e-09 0.984396 1.01585 0 0
49.026 3.21266e-09 0.984415 1.01583 0 0
49.086 3.21266e-09 0.984434 1.01581 0 0
49.146 3.21266e-09 0.984453 1.01579 0 0
49.206 3.21266e-09 0.984472 1.01577 0 0
49.266 3.21266e-09 0.984491 1.01575 0 0
49.326 3.21266e-09 0.98451 1.01573 0 0
49.386 3.21266e-09 0.984529 1.01571 0 0
49.446 3.21266e-09 0.984547 1.0157 0 0
49.506 3.21266e-09 0.984566 1.01568 0 0
49.566 3.21266e-09 0.984585 1.01566 0 0
49.626 3.21266e-09 0.984603 1.01564 0 0
49.686 3.21266e-09 0.984622 1.01562 0 0
49.746 3.21266e-09 0.984641 1.0156 0 0
49.806 3.21266e-09 0.984659 1.01558 0 0
49.866 3.21266e-09 0.984678 1.01556 0 0
49.926 3.21266e-09 0.984696 1.01554 0 0
49.986 3.21266e-09 0.984714 1.01552 0 0
50.046 3.21266e-09 0.984733 1.0155 0 0
50.106 3.21266e-09 0.984751 1.01549 0 0
50.166 3.21266e-09 0.984769 1.01547 0 0
50.226 3.21266e-09 0.984787 1.01545 0 0
50.286 3.21266e-09 0.984805 1.01543 0 0
50.346 3.21266e-09 0.984824 1.01541 0 0
50.406 3.21266e-09 0.984842 1.01539 0 0
50.466 3.21266e-09 0.98486 1.01537 0 0
50.526 3.21266e-09 0.984878 1.01535 0 0
50.586 3.21266e-09 0.984896 1.01534 0 0
50.646 3.21266e-09 0.984913 1.01532 0 0
50.706 3.21266e-09 0.984931 1.0153 0 0
50.766 3.21266e-09 0.984949 1.01528 0 0
50.826 3.21266e-09 0.984967 1.01526 0 0
50.886 3.21266e-09 0.984985 1.01524 0 0
50.946 3.21266e-09 0.985002 1.01523 0 0
51.006 3.21266e-09 0.98502 1.01521 0 0
51.066 3.21266e-09 0.985038 1.01519 0 0
51.126 3.21266e-09 0.985055 1.01517 0 0
51.186 3.21266e-09 0.985073 1.01515 0 0
51.246 3.21266e-09 0.98509 1.01514 0 0
51.306 3.21266e-09 0.985108 1.01512 0 0
51.366 3.21266e-09 0.985125 1.0151 0 0
51.426 3.21266e-09 0.985142 1.01508 0 0
51.486 3.21266e-09 0.98516 1.01506 0 0
51.546 3.21266e-09 0.985177 1.01505 0 0
51.606 3.21266e-09 0.985194 1.01503 0 0
51.666 3.21266e-09 0.985211 1.01501 0 0
51.726 3.21266e-09 0.985228 1.01499 0 0
51.786 3.21266e-09 0.985246 1.01498 0 0
51.846 3.21266e-09 0.985263 1.01496 0 0
51.906 3.21266e-09 0.98528 1.01494 0 0
51.966 3.21266e-09 0.985297 1.01492 0 0
52.026 3.21266e-09 0.985314 1.01491 0 0
52.086 3.21266e-09 0.985331 1.01489 0 0
52.146 3.21266e-09 0.985347 1.01487 0 0
52.206 3.21266e-09 0.985364 1.01485 0 0
52.266 3.21266e-09 0.985381 1.01484 0 0
52.326 3.21266e-09 0.985398 1.01482 0 0
52.386 3.21266e-09 0.985415 1.0148 0 0
52.446 3.21266e-09 0.985431 1.01478 0 0
52.506 3.21266e-09 0.985448 1.01477 0 0
52.566 3.21266e-09 0.985465 1.01475 0 0
52.626 3.21266e-09 0.985481 1.01473 0 0
52.686 3.21266e-09 0.985498 1.01472 0 0
52.746 3.21266e-09 0.985514 1.0147 0 0
52.806 3.21266e-09 0.985531 1.01468 0 0
52.866 3.21266e-09 0.985547 1.01466 0 0
52.926 3.21266e-09 0.985563 1.01465 0 0
52.986 3.21266e-09 0.98558 1.01463 0 0
53.046 3.21266e-09 0.985596 1.01461 0 0
53.106 3.21266e-09 0.985612 1.0146 0 0
53.166 3.21266e-09 0.985629 1.01458 0 0
53.226 3.21266e-09 0.985645 1.01456 0 0
53.286 3.21266e-09 0.985661 1.01455 0 0
53.346 3.21266e-09 0.985677 1.01453 0 0
53.406 3.21266e-09 0.985693 1.01451 0 0
53.466 3.21266e-09 0.985709 1.0145 0 0
53.526 3.21266e-09 0.985725 1.01448 0 0
53.586 3.21266e-09 0.985741 1.01447 0 0
53.646 3.21266e-09 0.985757 1.01445 0 0
53.706 3.21266e-09 0.985773 1.01443 0 0
53.766 3.21266e-09 0.985789 1.01442 0 0
53.826 3.21266e-09 0.985805 1.0144 0 0
53.886 3.21266e-09 0.985821 1.01438 0 0
53.946 3.21266e-09 0.985836 1.01437 0 0
54.006 3.21266e-09 0.985852 1.01435 0 0
54.066 3.21266e-09 0.985868 1.01433 0 0
54.126 3.21266e-09 0.985883 1.01432 0 0
54.186 3.21266e-09 0.985899 1.0143 0 0
54.246 3.21266e-09 0.985915 1.01429 0 0
54.306 3.21266e-09 0.98593 1.01427 0 0
54.366 3.21266e-09 0.985946 1.01425 0 0
54.426 3.21266e-09 0.985961 1.01424 0 0
54.486 3.21266e-09 0.985977 1.01422 0 0
54.546 3.21266e-09 0.985992 1.01421 0 0
54.606 3.21266e-09 0.986008 1.01419 0 0
54.666 3.21266e-09 0.986023 1.01418 0 0
54.726 3.21266e-09 0.986038 1.01416 0 0
54.786 3.21266e-09 0.986054 1.01414 0 0
54.846 3.21266e-09 0.986069 1.01413 0 0
54.906 3.21266e-09 0.986084 1.01411 0 0
54.966 3.21266e-09 0.986099 1.0141 0 0
55.026 3.21266e-09 0.986114 1.01408 0 0
55.086 3.21266e-09 0.986129 1.01407 0 0
55.146 3.21266e-09 0.986145 1.01405 0 0
55.206 3.21266e-09 0.98616 1.01403 0 0
55.266 3.21266e-09 0.986175 1.01402 0 0
55.326 3.21266e-09 0.98619 1.014 0 0
55.386 3.21266e-09 0.986205 1.01399 0 0
55.446 3.21266e-09 0.98622 1.01397 0 0
55.506 3.21266e-09 0.986234 1.01396 0 0
55.566 3.21266e-09 0.986249 1.01394 0 0
55.626 3.21266e-09 0.986264 1.01393 0 0
55.686 3.21266e-09 0.986279 1.01391 0 0
55.746 3.21266e-09 0.986294 1.0139 0 0
55.806 3.21266e-09 0.986308 1.01388 0 0
55.866 3.21266e-09 0.986323 1.01387 0 0
55.926 3.21266e-09 0.986338 1.01385 0 0
55.986 3.21266e-09 0.986352 1.01384 0 0
56.046 3.21266e-09 0.986367 1.01382 0 0
56.106 3.21266e-09 0.986382 1.01381 0 0
56.166 3.21266e-09 0.986396 1.01379 0 0
56.226 3.21266e-09 0.986411 1.01378 0 0
56.286 3.21266e-09 0.986425 1.01376 0 0
56.346 3.21266e-09 0.98644 1.01375 0 0
56.406 3.21266e-09 0.986454 1.01373 0 0
56.466 3.21266e-09 0.986468 1.01372 0 0
56.526 3.21266e-09 0.986483 1.0137 0 0
56.586 3.21266e-09 0.986497 1.01369 0 0
56.646 3.21266e-09 0.986511 1.01367 0 0
56.706 3.21266e-09 0.986526 1.01366 0 0
56.766 3.21266e-09 0.98654 1.01364 0 0
56.826 3.21266e-09 0.986554 1.01363 0 0
56.886 3.21266e-09 0.986568 1.01361 0 0
56.946 3.21266e-09 0.986583 1.0136 0 0
57.006 3.21266e-09 0.986597 1.01359 0 0
57.066 3.21266e-09 0.986611 1.01357 0 0
57.126 3.21266e-09 0.986625 1.01356 0 0
57.186 3.21266e-09 0.986639 1.01354 0 0
57.246 3.21266e-09 0.986653 1.01353 0 0
57.306 3.21266e-09 0.986667 1.01351 0 0
57.366 3.21266e-09 0.986681 1.0135 0 0
57.426 3.21266e-09 0.986695 1.01348 0 0
57.486 3.21266e-09 0.986709 1.01347 0 0
57.546 3.21266e-09 0.986722 1.01346 0 0
57.606 3.21266e-09 0.986736 1.01344 0 0
57.666 3.21266e-09 0.98675 1.01343 0 0
57.726 3.21266e-09 0.986764 1.01341 0 0
57.786 3.21266e-09 0.986778 1.0134 0 0
57.846 3.21266e-09 0.986791 1.01339 0 0
57.906 3.21266e-09 0.986805 1.01337 0 0
57.966 3.21266e-09 0.986819 1.01336 0 0
58.026 3.21266e-09 0.986832 1.01334 0 0
58.086 3.21266e-09 0.986846 1.01333 0 0
58.146 3.21266e-09 0.986859 1.01332 0 0
58.206 3.21266e-09 0.986873 1.0133 0 0
58.266 3.21266e-09 0.986887 1.01329 0 0
58.326 3.21266e-09 0.9869 1.01327 0 0
58.386 3.21266e-09 0.986913 1.01326 0 0
58.446 3.21266e-09 0.986927 1.01325 0 0
58.506 3.21266e-09 0.98694 1.01323 0 0
58.566 3.21266e-09 0.986954 1.01322 0 0
58.626 3.21266e-09 0.986967 1.01321 0 0
58.686 3.21266e-09 0.98698 1.01319 0 0
58.746 3.21266e-09 0.986994 1.01318 0 0
58.806 3.21266e-09 0.987007 1.01316 0 0
58.866 3.21266e-09 0.98702 1.01315 0 0
58.926 3.21266e-09 0.987033 1.01314 0 0
58.986 3.21266e-09 0.987047 1.01312 0 0
59.046 3.21266e-09 0.98706 1.01311 0 0
59.106 3.21266e-09 0.987073 1.0131 0 0
59.166 3.21266e-09 0.987086 1.01308 0 0
59.226 3.21266e-09 0.987099 1.01307 0 0
59.286 3.21266e-09 0.987112 1.01306 0 0
59.346 3.21266e-09 0.987125 1.01304 0 0
59.406 3.21266e-09 0.987138 1.01303 0 0
59.466 3.21266e-09 0.987151 1.01302 0 0
59.526 3.21266e-09 0.987164 1.013 0 0
59.586 3.21266e-09 0.987177 1.01299 0 0
59.646 3.21266e-09 0.98719 1.01298 0 0
59.706 3.21266e-09 0.987203 1.01296 0 0
59.766 3.21266e-09 0.987216 1.01295 0 0
59.826 3.21266e-09 0.987228 1.01294 0 0
59.886 3.21266e-09 0.987241 1.01292 0 0
59.946 3.21266e-09 0.987254 1.01291 0 0

