0.06 0.848315
0.006 0.423 4.44299e-05 1 0.00266772 0.005165
0.066 0.244249 0.0121741 1.49582 0 0
0.126 0.207328 0.028603 1.68508 0 0
0.186 0.180085 0.0521015 1.78145 0 0
0.246 0.159047 0.0802422 1.81338 0 0
0.306 0.142273 0.110842 1.81521 0 0
0.366 0.12851 0.142412 1.80405 0 0
0.426 0.11695 0.174008 1.78753 0 0
0.486 0.107059 0.205052 1.76897 0 0
0.546 0.0984706 0.235196 1.74985 0 0
0.606 0.0909246 0.264238 1.73083 0 0
0.666 0.0842309 0.29207 1.71217 0 0
0.726 0.0782467 0.318646 1.69399 0 0
0.786 0.0728615 0.343958 1.67631 0 0
0.846 0.0679888 0.368024 1.65914 0 0
0.906 0.0635589 0.390878 1.64246 0 0
0.966 0.0595154 0.412566 1.62626 0 0
1.026 0.0558114 0.433137 1.61052 0 0
1.086 0.052408 0.452645 1.59522 0 0
1.146 0.0492721 0.471146 1.58035 0 0
1.206 0.0463756 0.488693 1.56591 0 0
1.266 0.0436944 0.50534 1.55187 0 0
1.326 0.0412073 0.521139 1.53824 0 0
1.386 0.0388963 0.536138 1.52501 0 0
1.446 0.0367451 0.550386 1.51216 0 0
1.506 0.0347398 0.563927 1.4997 0 0
1.566 0.0328676 0.576802 1.48761 0 0
1.626 0.0311176 0.589053 1.47588 0 0
1.686 0.0294797 0.600716 1.46451 0 0
1.746 0.027945 0.611826 1.45349 0 0
1.806 0.0265054 0.622416 1.4428 0 0
1.866 0.0251537 0.632516 1.43245 0 0
1.926 0.0238833 0.642157 1.42243 0 0
1.986 0.0226882 0.651364 1.41271 0 0
2.046 0.0215631 0.660162 1.4033 0 0
2.106 0.0205029 0.668575 1.39419 0 0
2.166 0.0195032 0.676625 1.38537 0 0
2.226 0.0185598 0.684333 1.37682 0 0
2.286 0.017669 0.691717 1.36855 0 0
2.346 0.0168272 0.698796 1.36053 0 0
2.406 0.0160313 0.705586 1.35277 0 0
2.466 0.0152782 0.712103 1.34526 0 0
2.526 0.0145654 0.718362 1.33798 0 0
2.586 0.0138902 0.724376 1.33092 0 0
2.646 0.0132503 0.730158 1.32409 0 0
2.706 0.0126436 0.73572 1.31748 0 0
2.766 0.0120681 0.741074 1.31107 0 0
2.826 0.0115219 0.74623 1.30485 0 0
2.886 0.0110033 0.751198 1.29883 0 0
2.946 0.0105107 0.755988 1.29299 0 0
3.006 0.0100425 0.760607 1.28734 0 0
3.066 0.00959742 0.765066 1.28185 0 0
3.126 0.00917412 0.76937 1.27653 0 0
3.186 0.00877138 0.773528 1.27137 0 0
3.246 0.00838807 0.777547 1.26636 0 0
3.306 0.00802311 0.781432 1.26151 0 0
3.366 0.00767551 0.78519 1.25679 0 0
3.426 0.00734434 0.788828 1.25222 0 0
3.486 0.00702871 0.792349 1.24778 0 0
3.546 0.0067278 0.79576 1.24346 0 0
3.606 0.00644084 0.799065 1.23927 0 0
3.666 0.00616711 0.802269 1.2352 0 0
3.726 0.00590591 0.805377 1.23125 0 0
3.786 0.00565661 0.808391 1.22741 0 0
3.846 0.0054186 0.811317 1.22367 0 0
3.906 0.00519131 0.814158 1.22004 0 0
3.966 0.0049742 0.816917 1.21651 0 0
4.026 0.00476677 0.819597 1.21308 0 0
4.086 0.00456853 0.822203 1.20974 0 0
4.146 0.00437903 0.824737 1.20649 0 0
4.206 0.00419784 0.827201 1.20332 0 0
4.266 0.00402457 0.829599 1.20024 0 0
4.326 0.00385882 0.831932 1.19725 0 0
4.386 0.00370025 0.834205 1.19433 0 0
4.446 0.0035485 0.836417 1.19148 0 0
4.506 0.00340325 0.838573 1.18871 0 0
4.566 0.00326419 0.840674 1.18601 0 0
4.626 0.00313105 0.842722 1.18338 0 0
4.686 0.00300352 0.844719 1.18081 0 0
4.746 0.00288137 0.846667 1.17831 0 0
4.806 0.00276434 0.848567 1.17587 0 0
4.866 0.00265218 0.850422 1.17349 0 0
4.926 0.00254469 0.852232 1.17117 0 0
4.986 0.00244165 0.854 1.16891 0 0
5.046 0.00234285 0.855726 1.16669 0 0
5.106 0.0022481 0.857413 1.16454 0 0
5.166 0.00215722 0.859061 1.16243 0 0
5.226 0.00207005 0.860672 1.16037 0 0
5.286 0.0019864 0.862247 1.15836 0 0
5.346 0.00190613 0.863788 1.15639 0 0
5.406 0.00182908 0.865294 1.15447 0 0
5.466 0.00175512 0.866768 1.1526 0 0
5.526 0.0016841 0.868211 1.15076 0 0
5.586 0.0016159 0.869622 1.14897 0 0
5.646 0.0015504 0.871005 1.14722 0 0
5.706 0.00148747 0.872358 1.1455 0 0
5.766 0.00142701 0.873683 1.14382 0 0
5.826 0.0013689 0.874982 1.14218 0 0
5.886 0.00131305 0.876254 1.14057 0 0
5.946 0.00125936 0.877501 1.139 0 0
6.006 0.00120773 0.878723 1.13746 0 0
6.066 0.00115808 0.879921 1.13595 0 0
6.126 0.00111032 0.881096 1.13448 0 0
6.186 0.00106437 0.882248 1.13303 0 0
6.246 0.00102015 0.883378 1.13161 0 0
6.306 0.000977587 0.884487 1.13023 0 0
6.366 0.000936614 0.885575 1.12887 0 0
6.426 0.000897161 0.886643 1.12753 0 0
6.486 0.000859163 0.887691 1.12622 0 0
6.546 0.000822557 0.88872 1.12494 0 0
6.606 0.000787285 0.88973 1.12369 0 0
6.666 0.00075329 0.890723 1.12245 0 0
6.726 0.000720517 0.891697 1.12124 0 0
6.786 0.000688914 0.892655 1.12006 0 0
6.846 0.000658431 0.893596 1.11889 0 0
6.906 0.000629021 0.89452 1.11775 0 0
6.966 0.000600637 0.895429 1.11663 0 0
7.026 0.000573235 0.896322 1.11553 0 0
7.086 0.000546774 0.8972 1.11445 0 0
7.146 0.000521212 0.898063 1.11339 0 0
7.206 0.000496511 0.898912 1.11235 0 0
7.266 0.000472634 0.899747 1.11132 0 0
7.326 0.000449545 0.900569 1.11032 0 0
7.386 0.00042721 0.901377 1.10933 0 0
7.446 0.000405595 0.902172 1.10836 0 0
7.506 0.000384668 0.902954 1.10741 0 0
7.566 0.0003644 0.903724 1.10647 0 0
7.626 0.000344761 0.904482 1.10555 0 0
7.686 0.000325723 0.905228 1.10464 0 0
7.746 0.000307258 0.905963 1.10375 0 0
7.806 0.000289341 0.906686 1.10287 0 0
7.866 0.000271946 0.907398 1.10201 0 0
7.926 0.00025505 0.9081 1.10117 0 0
7.986 0.000238628 0.90879 1.10033 0 0
8.046 0.000222658 0.909471 1.09951 0 0
8.106 0.000207119 0.910142 1.0987 0 0
8.166 0.00019199 0.910802 1.09791 0 0
8.226 0.00017725 0.911453 1.09713 0 0
8.286 0.00016288 0.912095 1.09636 0 0
8.346 0.000148862 0.912727 1.0956 0 0
8.406 0.000135176 0.913351 1.09486 0 0
8.466 0.000121805 0.913965 1.09412 0 0
8.526 0.000108733 0.914571 1.0934 0 0
8.586 9.59427e-05 0.915168 1.09269 0 0
8.646 8.34179e-05 0.915758 1.09198 0 0
8.706 7.11433e-05 0.916339 1.09129 0 0
8.766 5.9104e-05 0.916912 1.09061 0 0
8.826 4.72853e-05 0.917477 1.08994 0 0
8.886 3.5673e-05 0.918035 1.08928 0 0
8.946 2.42535e-05 0.918585 1.08863 0 0
9.006 1.30132e-05 0.919128 1.08799 0 0
9.066 1.93918e-06 0.919663 1.08735 0 0
9.126 4.23e-09 0.920192 1.08673 0 0
9.186 4.23e-09 0.920713 1.08612 0 0
9.246 4.23e-09 0.921227 1.08551 0 0
9.306 4.23e-09 0.921735 1.08491 0 0
9.366 4.23e-09 0.922237 1.08432 0 0
9.426 4.23e-09 0.922732 1.08374 0 0
9.486 4.23e-09 0.92322 1.08317 0 0
9.546 4.23e-09 0.923703 1.0826 0 0
9.606 4.23e-09 0.924179 1.08204 0 0
9.666 4.23e-09 0.92465 1.08149 0 0
9.726 4.23e-09 0.925115 1.08095 0 0
9.786 4.23e-09 0.925574 1.08041 0 0
9.846 4.23e-09 0.926028 1.07988 0 0
9.906 4.23e-09 0.926476 1.07936 0 0
9.966 4.23e-09 0.926918 1.07884 0 0
10.026 4.23e-09 0.927356 1.07833 0 0
10.086 4.23e-09 0.927788 1.07783 0 0
10.146 4.23e-09 0.928215 1.07734 0 0
10.206 4.23e-09 0.928637 1.07685 0 0
10.266 4.23e-09 0.929054 1.07636 0 0
10.326 4.23e-09 0.929466 1.07589 0 0
10.386 4.23e-09 0.929874 1.07541 0 0
10.446 4.23e-09 0.930276 1.07495 0 0
10.506 4.23e-09 0.930675 1.07449 0 0
10.566 4.23e-09 0.931068 1.07404 0 0
10.626 4.23e-09 0.931458 1.07359 0 0
10.686 4.23e-09 0.931842 1.07314 0 0
10.746 4.23e-09 0.932223 1.0727 0 0
10.806 4.23e-09 0.932599 1.07227 0 0
10.866 4.23e-09 0.932971 1.07184 0 0
10.926 4.23e-09 0.93334 1.07142 0 0
10.986 4.23e-09 0.933704 1.071 0 0
11.046 4.23e-09 0.934064 1.07059 0 0
11.106 4.23e-09 0.93442 1.07018 0 0
11.166 4.23e-09 0.934772 1.06978 0 0
11.226 4.23e-09 0.935121 1.06938 0 0
11.286 4.23e-09 0.935466 1.06899 0 0
11.346 4.23e-09 0.935807 1.0686 0 0
11.406 4.23e-09 0.936145 1.06821 0 0
11.466 4.23e-09 0.936479 1.06783 0 0
11.526 4.23e-09 0.93681 1.06745 0 0
11.586 4.23e-09 0.937137 1.06708 0 0
11.646 4.23e-09 0.937461 1.06671 0 0
11.706 4.23e-09 0.937781 1.06635 0 0
11.766 4.23e-09 0.938099 1.06599 0 0
11.826 4.23e-09 0.938413 1.06563 0 0
11.886 4.23e-09 0.938724 1.06528 0 0
11.946 4.23e-09 0.939031 1.06493 0 0
12.006 4.23e-09 0.939336 1.06458 0 0
12.066 4.23e-09 0.939638 1.06424 0 0
12.126 4.23e-09 0.939936 1.0639 0 0
12.186 4.23e-09 0.940232 1.06357 0 0
12.246 4.23e-09 0.940525 1.06324 0 0
12.306 4.23e-09 0.940815 1.06291 0 0
12.366 4.23e-09 0.941102 1.06258 0 0
12.426 4.23e-09 0.941386 1.06226 0 0
12.486 4.23e-09 0.941668 1.06195 0 0
12.546 4.23e-09 0.941947 1.06163 0 0
12.606 4.23e-09 0.942223 1.06132 0 0
12.666 4.23e-09 0.942497 1.06101 0 0
12.726 4.23e-09 0.942768 1.06071 0 0
12.786 4.23e-09 0.943037 1.0604 0 0
12.846 4.23e-09 0.943303 1.0601 0 0
12.906 4.23e-09 0.943566 1.05981 0 0
12.966 4.23e-09 0.943828 1.05952 0 0
13.026 4.23e-09 0.944086 1.05923 0 0
13.086 4.23e-09 0.944343 1.05894 0 0
13.146 4.23e-09 0.944597 1.05865 0 0
13.206 4.23e-09 0.944848 1.05837 0 0
13.266 4.23e-09 0.945098 1.05809 0 0
13.326 4.23e-09 0.945345 1.05781 0 0
13.386 4.23e-09 0.94559 1.05754 0 0
13.446 4.23e-09 0.945833 1.05727 0 0
13.506 4.23e-09 0.946073 1.057 0 0
13.566 4.23e-09 0.946312 1.05673 0 0
13.626 4.23e-09 0.946548 1.05647 0 0
13.686 4.23e-09 0.946783 1.05621 0 0
13.746 4.23e-09 0.947015 1.05595 0 0
13.806 4.23e-09 0.947245 1.05569 0 0
13.866 4.23e-09 0.947474 1.05544 0 0
13.926 4.23e-09 0.9477 1.05519 0 0
13.986 4.23e-09 0.947924 1.05494 0 0
14.046 4.23e-09 0.948147 1.05469 0 0
14.106 4.23e-09 0.948367 1.05444 0 0
14.166 4.23e-09 0.948586 1.0542 0 0
14.226 4.23e-09 0.948803 1.05396 0 0
14.286 4.23e-09 0.949018 1.05372 0 0
14.346 4.23e-09 0.949231 1.05348 0 0
14.406 4.23e-09 0.949442 1.05325 0 0
14.466 4.23e-09 0.949652 1.05302 0 0
14.526 4.23e-09 0.94986 1.05279 0 0
14.586 4.23e-09 0.950066 1.05256 0 0
14.646 4.23e-09 0.950271 1.05233 0 0
14.706 4.23e-09 0.950474 1.05211 0 0
14.766 4.23e-09 0.950675 1.05188 0 0
14.826 4.23e-09 0.950875 1.05166 0 0
14.886 4.23e-09 0.951073 1.05144 0 0
14.946 4.23e-09 0.951269 1.05123 0 0
15.006 4.23e-09 0.951464 1.05101 0 0
15.066 4.23e-09 0.951657 1.0508 0 0
15.126 4.23e-09 0.951849 1.05059 0 0
15.186 4.23e-09 0.952039 1.05038 0 0
15.246 4.23e-09 0.952228 1.05017 0 0
15.306 4.23e-09 0.952415 1.04996 0 0
15.366 4.23e-09 0.952601 1.04976 0 0
15.426 4.23e-09 0.952785 1.04955 0 0
15.486 4.23e-09 0.952968 1.04935 0 0
15.546 4.23e-09 0.95315 1.04915 0 0
15.606 4.23e-09 0.95333 1.04895 0 0
15.666 4.23e-09 0.953509 1.04876 0 0
15.726 4.23e-09 0.953686 1.04856 0 0
15.786 4.23e-09 0.953862 1.04837 0 0
15.846 4.23e-09 0.954037 1.04818 0 0
15.906 4.23e-09 0.95421 1.04799 0 0
15.966 4.23e-09 0.954382 1.0478 0 0
16.026 4.23e-09 0.954553 1.04761 0 0
16.086 4.23e-09 0.954723 1.04742 0 0
16.146 4.23e-09 0.954891 1.04724 0 0
16.206 4.23e-09 0.955058 1.04706 0 0
16.266 4.23e-09 0.955224 1.04688 0 0
16.326 4.23e-09 0.955388 1.04669 0 0
16.386 4.23e-09 0.955552 1.04652 0 0
16.446 4.23e-09 0.955714 1.04634 0 0
16.506 4.23e-09 0.955875 1.04616 0 0
16.566 4.23e-09 0.956035 1.04599 0 0
16.626 4.23e-09 0.956193 1.04581 0 0
16.686 4.23e-09 0.956351 1.04564 0 0
16.746 4.23e-09 0.956507 1.04547 0 0
16.806 4.23e-09 0.956662 1.0453 0 0
16.866 4.23e-09 0.956817 1.04513 0 0
16.926 4.23e-09 0.95697 1.04497 0 0
16.986 4.23e-09 0.957122 1.0448 0 0
17.046 4.23e-09 0.957273 1.04463 0 0
17.106 4.23e-09 0.957422 1.04447 0 0
17.166 4.23e-09 0.957571 1.04431 0 0
17.226 4.23e-09 0.957719 1.04415 0 0
17.286 4.23e-09 0.957866 1.04399 0 0
17.346 4.23e-09 0.958012 1.04383 0 0
17.406 4.23e-09 0.958156 1.04367 0 0
17.466 4.23e-09 0.9583 1.04351 0 0
17.526 4.23e-09 0.958443 1.04336 0 0
17.586 4.23e-09 0.958585 1.0432 0 0
17.646 4.23e-09 0.958725 1.04305 0 0
17.706 4.23e-09 0.958865 1.0429 0 0
17.766 4.23e-09 0.959004 1.04275 0 0
17.826 4.23e-09 0.959142 1.0426 0 0
17.886 4.23e-09 0.959279 1.04245 0 0
17.946 4.23e-09 0.959415 1.0423 0 0
18.006 4.23e-09 0.959551 1.04215 0 0
18.066 4.23e-09 0.959685 1.04201 0 0
18.126 4.23e-09 0.959818 1.04186 0 0
18.186 4.23e-09 0.959951 1.04172 0 0
18.246 4.23e-09 0.960083 1.04158 0 0
18.306 4.23e-09 0.960213 1.04144 0 0
18.366 4.23e-09 0.960343 1.04129 0 0
18.426 4.23e-09 0.960473 1.04115 0 0
18.486 4.23e-09 0.960601 1.04102 0 0
18.546 4.23e-09 0.960728 1.04088 0 0
18.606 4.23e-09 0.960855 1.04074 0 0
18.666 4.23e-09 0.960981 1.0406 0 0
18.726 4.23e-09 0.961106 1.04047 0 0
18.786 4.23e-09 0.96123 1.04033 0 0
18.846 4.23e-09 0.961353 1.0402 0 0
18.906 4.23e-09 0.961476 1.04007 0 0
18.966 4.23e-09 0.961598 1.03994 0 0
19.026 4.23e-09 0.961719 1.0398 0 0
19.086 4.23e-09 0.961839 1.03967 0 0
19.146 4.23e-09 0.961959 1.03955 0 0
19.206 4.23e-09 0.962078 1.03942 0 0
19.266 4.23e-09 0.962196 1.03929 0 0
19.326 4.23e-09 0.962313 1.03916 0 0
19.386 4.23e-09 0.96243 1.03904 0 0
19.446 4.23e-09 0.962546 1.03891 0 0
19.506 4.23e-09 0.962661 1.03879 0 0
19.566 4.23e-09 0.962776 1.03866 0 0
19.626 4.23e-09 0.962889 1.03854 0 0
19.686 4.23e-09 0.963003 1.03842 0 0
19.746 4.23e-09 0.963115 1.0383 0 0
19.806 4.23e-09 0.963227 1.03818 0 0
19.866 4.23e-09 0.963338 1.03806 0 0
19.926 4.23e-09 0.963448 1.03794 0 0
19.986 4.23e-09 0.963558 1.03782 0 0
20.046 4.23e-09 0.963667 1.0377 0 0
20.106 4.23e-09 0.963775 1.03759 0 0
20.166 4.23e-09 0.963883 1.03747 0 0
20.226 4.23e-09 0.96399 1.03735 0 0
20.286 4.23e-09 0.964097 1.03724 0 0
20.346 4.23e-09 0.964203 1.03713 0 0
20.406 4.23e-09 0.964308 1.03701 0 0
20.466 4.23e-09 0.964413 1.0369 0 0
20.526 4.23e-09 0.964517 1.03679 0 0
20.586 4.23e-09 0.96462 1.03668 0 0
20.646 4.23e-09 0.964723 1.03657 0 0
20.706 4.23e-09 0.964825 1.03646 0 0
20.766 4.23e-09 0.964927 1.03635 0 0
20.826 4.23e-09 0.965028 1.03624 0 0
20.886 4.23e-09 0.965128 1.03613 0 0
20.946 4.23e-09 0.965228 1.03602 0 0
21.006 4.23e-09 0.965327 1.03592 0 0
21.066 4.23e-09 0.965426 1.03581 0 0
21.126 4.23e-09 0.965524 1.03571 0 0
21.186 4.23e-09 0.965622 1.0356 0 0
21.246 4.23e-09 0.965719 1.0355 0 0
21.306 4.23e-09 0.965816 1.03539 0 0
21.366 4.23e-09 0.965912 1.03529 0 0
21.426 4.23e-09 0.966007 1.03519 0 0
21.486 4.23e-09 0.966102 1.03509 0 0
21.546 4.23e-09 0.966196 1.03499 0 0
21.606 4.23e-09 0.96629 1.03489 0 0
21.666 4.23e-09 0.966384 1.03479 0 0
21.726 4.23e-09 0.966476 1.03469 0 0
21.786 4.23e-09 0.966569 1.03459 0 0
21.846 4.23e-09 0.966661 1.03449 0 0
21.906 4.23e-09 0.966752 1.03439 0 0
21.966 4.23e-09 0.966843 1.03429 0 0
22.026 4.23e-09 0.966933 1.0342 0 0
22.086 4.23e-09 0.967023 1.0341 0 0
22.146 4.23e-09 0.967112 1.03401 0 0
22.206 4.23e-09 0.967201 1.03391 0 0
22.266 4.23e-09 0.967289 1.03382 0 0
22.326 4.23e-09 0.967377 1.03372 0 0
22.386 4.23e-09 0.967465 1.03363 0 0
22.446 4.23e-09 0.967552 1.03354 0 0
22.506 4.23e-09 0.967638 1.03344 0 0
22.566 4.23e-09 0.967724 1.03335 0 0
22.626 4.23e-09 0.96781 1.03326 0 0
22.686 4.23e-09 0.967895 1.03317 0 0
22.746 4.23e-09 0.96798 1.03308 0 0
22.806 4.23e-09 0.968064 1.03299 0 0
22.866 4.23e-09 0.968148 1.0329 0 0
22.926 4.23e-09 0.968231 1.03281 0 0
22.986 4.23e-09 0.968314 1.03272 0 0
23.046 4.23e-09 0.968397 1.03263 0 0
23.106 4.23e-09 0.968479 1.03255 0 0
23.166 4.23e-09 0.96856 1.03246 0 0
23.226 4.23e-09 0.968642 1.03237 0 0
23.286 4.23e-09 0.968722 1.03229 0 0
23.346 4.23e-09 0.968803 1.0322 0 0
23.406 4.23e-09 0.968883 1.03212 0 0
23.466 4.23e-09 0.968962 1.03203 0 0
23.526 4.23e-09 0.969041 1.03195 0 0
23.586 4.23e-09 0.96912 1.03186 0 0
23.646 4.23e-09 0.969199 1.03178 0 0
23.706 4.23e-09 0.969276 1.0317 0 0
23.766 4.23e-09 0.969354 1.03161 0 0
23.826 4.23e-09 0.969431 1.03153 0 0
23.886 4.23e-09 0.969508 1.03145 0 0
23.946 4.23e-09 0.969584 1.03137 0 0
24.006 4.23e-09 0.96966 1.03129 0 0
24.066 4.23e-09 0.969736 1.03121 0 0
24.126 4.23e-09 0.969811 1.03113 0 0
24.186 4.23e-09 0.969886 1.03105 0 0
24.246 4.23e-09 0.969961 1.03097 0 0
24.306 4.23e-09 0.970035 1.03089 0 0
24.366 4.23e-09 0.970109 1.03081 0 0
24.426 4.23e-09 0.970182 1.03073 0 0
24.486 4.23e-09 0.970255 1.03066 0 0
24.546 4.23e-09 0.970328 1.03058 0 0
24.606 4.23e-09 0.9704 1.0305 0 0
24.666 4.23e-09 0.970472 1.03043 0 0
24.726 4.23e-09 0.970544 1.03035 0 0
24.786 4.23e-09 0.970615 1.03027 0 0
24.846 4.23e-09 0.970686 1.0302 0 0
24.906 4.23e-09 0.970757 1.03012 0 0
24.966 4.23e-09 0.970827 1.03005 0 0
25.026 4.23e-09 0.970897 1.02998 0 0
25.086 4.23e-09 0.970967 1.0299 0 0
25.146 4.23e-09 0.971036 1.02983 0 0
25.206 4.23e-09 0.971105 1.02975 0 0
25.266 4.23e-09 0.971173 1.02968 0 0
25.326 4.23e-09 0.971242 1.02961 0 0
25.386 4.23e-09 0.97131 1.02954 0 0
25.446 4.23e-09 0.971377 1.02947 0 0
25.506 4.23e-09 0.971445 1.02939 0 0
25.566 4.23e-09 0.971512 1.02932 0 0
25.626 4.23e-09 0.971578 1.02925 0 0
25.686 4.23e-09 0.971645 1.02918 0 0
25.746 4.23e-09 0.971711 1.02911 0 0
25.806 4.23e-09 0.971777 1.02904 0 0
25.866 4.23e-09 0.971842 1.02897 0 0
25.926 4.23e-09 0.971907 1.0289 0 0
25.986 4.23e-09 0.971972 1.02884 0 0
26.046 4.23e-09 0.972037 1.02877 0 0
26.106 4.23e-09 0.972101 1.0287 0 0
26.166 4.23e-09 0.972165 1.02863 0 0
26.226 4.23e-09 0.972229 1.02856 0 0
26.286 4.23e-09 0.972292 1.0285 0 0
26.346 4.23e-09 0.972355 1.02843 0 0
26.406 4.23e-09 0.972418 1.02836 0 0
26.466 4.23e-09 0.97248 1.0283 0 0
26.526 4.23e-09 0.972543 1.02823 0 0
26.586 4.23e-09 0.972605 1.02817 0 0
26.646 4.23e-09 0.972666 1.0281 0 0
26.706 4.23e-09 0.972728 1.02804 0 0
26.766 4.23e-09 0.972789 1.02797 0 0
26.826 4.23e-09 0.97285 1.02791 0 0
26.886 4.23e-09 0.97291 1.02784 0 0
26.946 4.23e-09 0.972971 1.02778 0 0
27.006 4.23e-09 0.973031 1.02772 0 0
27.066 4.23e-09 0.973091 1.02765 0 0
27.126 4.23e-09 0.97315 1.02759 0 0
27.186 4.23e-09 0.973209 1.02753 0 0
27.246 4.23e-09 0.973268 1.02747 0 0
27.306 4.23e-09 0.973327 1.0274 0 0
27.366 4.23e-09 0.973386 1.02734 0 0
27.426 4.23e-09 0.973444 1.02728 0 0
27.486 4.23e-09 0.973502 1.02722 0 0
27.546 4.23e-09 0.973559 1.02716 0 0
27.606 4.23e-09 0.973617 1.0271 0 0
27.666 4.23e-09 0.973674 1.02704 0 0
27.726 4.23e-09 0.973731 1.02698 0 0
27.786 4.23e-09 0.973788 1.02692 0 0
27.846 4.23e-09 0.973844 1.02686 0 0
27.906 4.23e-09 0.973901 1.0268 0 0
27.966 4.23e-09 0.973957 1.02674 0 0
28.026 4.23e-09 0.974012 1.02668 0 0
28.086 4.23e-09 0.974068 1.02662 0 0
28.146 4.23e-09 0.974123 1.02656 0 0
28.206 4.23e-09 0.974178 1.02651 0 0
28.266 4.23e-09 0.974233 1.02645 0 0
28.326 4.23e-09 0.974288 1.02639 0 0
28.386 4.23e-09 0.974342 1.02633 0 0
28.446 4.23e-09 0.974396 1.02628 0 0
28.506 4.23e-09 0.97445 1.02622 0 0
28.566 4.23e-09 0.974504 1.02616 0 0
28.626 4.23e-09 0.974557 1.02611 0 0
28.686 4.23e-09 0.97461 1.02605 0 0
28.746 4.23e-09 0.974663 1.026 0 0
28.806 4.23e-09 0.974716 1.02594 0 0
28.866 4.23e-09 0.974769 1.02588 0 0
28.926 4.23e-09 0.974821 1.02583 0 0
28.986 4.23e-09 0.974873 1.02577 0 0
29.046 4.23e-09 0.974925 1.02572 0 0
29.106 4.23e-09 0.974977 1.02567 0 0
29.166 4.23e-09 0.975028 1.02561 0 0
29.226 4.23e-09 0.975079 1.02556 0 0
29.286 4.23e-09 0.97513 1.0255 0 0
29.346 4.23e-09 0.975181 1.02545 0 0
29.406 4.23e-09 0.975232 1.0254 0 0
29.466 4.23e-09 0.975282 1.02534 0 0
29.526 4.23e-09 0.975333 1.02529 0 0
29.586 4.23e-09 0.975383 1.02524 0 0
29.646 4.23e-09 0.975432 1.02519 0 0
29.706 4.23e-09 0.975482 1.02513 0 0
29.766 4.23e-09 0.975531 1.02508 0 0
29.826 4.23e-09 0.975581 1.02503 0 0
29.886 4.23e-09 0.97563 1.02498 0 0
29.946 4.23e-09 0.975678 1.02493 0 0
30.006 4.23e-09 0.975727 1.02488 0 0
30.066 4.23e-09 0.975776 1.02483 0 0
30.126 4.23e-09 0.975824 1.02478 0 0
30.186 4.23e-09 0.975872 1.02472 0 0
30.246 4.23e-09 0.97592 1.02467 0 0
30.306 4.23e-09 0.975967 1.02462 0 0
30.366 4.23e-09 0.976015 1.02457 0 0
30.426 4.23e-09 0.976062 1.02452 0 0
30.486 4.23e-09 0.976109 1.02448 0 0
30.546 4.23e-09 0.976156 1.02443 0 0
30.606 4.23e-09 0.976203 1.02438 0 0
30.666 4.23e-09 0.97625 1.02433 0 0
30.726 4.23e-09 0.976296 1.02428 0 0
30.786 4.23e-09 0.976342 1.02423 0 0
30.846 4.23e-09 0.976388 1.02418 0 0
30.906 4.23e-09 0.976434 1.02413 0 0
30.966 4.23e-09 0.97648 1.02409 0 0
31.026 4.23e-09 0.976525 1.02404 0 0
31.086 4.23e-09 0.97657 1.02399 0 0
31.146 4.23e-09 0.976616 1.02394 0 0
31.206 4.23e-09 0.976661 1.0239 0 0
31.266 4.23e-09 0.976705 1.02385 0 0
31.326 4.23e-09 0.97675 1.0238 0 0
31.386 4.23e-09 0.976794 1.02376 0 0
31.446 4.23e-09 0.976839 1.02371 0 0
31.506 4.23e-09 0.976883 1.02366 0 0
31.566 4.23e-09 0.976927 1.02362 0 0
31.626 4.23e-09 0.97697 1.02357 0 0
31.686 4.23e-09 0.977014 1.02353 0 0
31.746 4.23e-09 0.977058 1.02348 0 0
31.806 4.23e-09 0.977101 1.02344 0 0
31.866 4.23e-09 0.977144 1.02339 0 0
31.926 4.23e-09 0.977187 1.02335 0 0
31.986 4.23e-09 0.97723 1.0233 0 0
32.046 4.23e-09 0.977272 1.02326 0 0
32.106 4.23e-09 0.977315 1.02321 0 0
32.166 4.23e-09 0.977357 1.02317 0 0
32.226 4.23e-09 0.977399 1.02312 0 0
32.286 4.23e-09 0.977441 1.02308 0 0
32.346 4.23e-09 0.977483 1.02304 0 0
32.406 4.23e-09 0.977525 1.02299 0 0
32.466 4.23e-09 0.977566 1.02295 0 0
32.526 4.23e-09 0.977608 1.02291 0 0
32.586 4.23e-09 0.977649 1.02286 0 0
32.646 4.23e-09 0.97769 1.02282 0 0
32.706 4.23e-09 0.977731 1.02278 0 0
32.766 4.23e-09 0.977772 1.02273 0 0
32.826 4.23e-09 0.977812 1.02269 0 0
32.886 4.23e-09 0.977853 1.02265 0 0
32.946 4.23e-09 0.977893 1.02261 0 0
33.006 4.23e-09 0.977933 1.02256 0 0
33.066 4.23e-09 0.977973 1.02252 0 0
33.126 4.23e-09 0.978013 1.02248 0 0
33.186 4.23e-09 0.978053 1.02244 0 0
33.246 4.23e-09 0.978093 1.0224 0 0
33.306 4.23e-09 0.978132 1.02236 0 0
33.366 4.23e-09 0.978171 1.02232 0 0
33.426 4.23e-09 0.978211 1.02227 0 0
33.486 4.23e-09 0.97825 1.02223 0 0
33.546 4.23e-09 0.978289 1.02219 0 0
33.606 4.23e-09 0.978327 1.02215 0 0
33.666 4.23e-09 0.978366 1.02211 0 0
33.726 4.23e-09 0.978404 1.02207 0 0
33.786 4.23e-09 0.978443 1.02203 0 0
33.846 4.23e-09 0.978481 1.02199 0 0
33.906 4.23e-09 0.978519 1.02195 0 0
33.966 4.23e-09 0.978557 1.02191 0 0
34.026 4.23e-09 0.978595 1.02187 0 0
34.086 4.23e-09 0.978633 1.02183 0 0
34.146 4.23e-09 0.97867 1.02179 0 0
34.206 4.23e-09 0.978707 1.02176 0 0
34.266 4.23e-09 0.978745 1.02172 0 0
34.326 4.23e-09 0.978782 1.02168 0 0
34.386 4.23e-09 0.978819 1.02164 0 0
34.446 4.23e-09 0.978856 1.0216 0 0
34.506 4.23e-09 0.978893 1.02156 0 0
34.566 4.23e-09 0.978929 1.02152 0 0
34.626 4.23e-09 0.978966 1.02149 0 0
34.686 4.23e-09 0.979002 1.02145 0 0
34.746 4.23e-09 0.979038 1.02141 0 0
34.806 4.23e-09 0.979075 1.02137 0 0
34.866 4.23e-09 0.979111 1.02134 0 0
34.926 4.23e-09 0.979146 1.0213 0 0
34.986 4.23e-09 0.979182 1.02126 0 0
35.046 4.23e-09 0.979218 1.02122 0 0
35.106 4.23e-09 0.979253 1.02119 0 0
35.166 4.23e-09 0.979289 1.02115 0 0
35.226 4.23e-09 0.979324 1.02111 0 0
35.286 4.23e-09 0.979359 1.02108 0 0
35.346 4.23e-09 0.979394 1.02104 0 0
35.406 4.23e-09 0.979429 1.021 0 0
35.466 4.23e-09 0.979464 1.02097 0 0
35.526 4.23e-09 0.979499 1.02093 0 0
35.586 4.23e-09 0.979533 1.02089 0 0
35.646 4.23e-09 0.979568 1.02086 0 0
35.706 4.23e-09 0.979602 1.02082 0 0
35.766 4.23e-09 0.979636 1.02079 0 0
35.826 4.23e-09 0.97967 1.02075 0 0
35.886 4.23e-09 0.979704 1.02072 0 0
35.946 4.23e-09 0.979738 1.02068 0 0
36.006 4.23e-09 0.979772 1.02065 0 0
36.066 4.23e-09 0.979806 1.02061 0 0
36.126 4.23e-09 0.979839 1.02058 0 0
36.186 4.23e-09 0.979873 1.02054 0 0
36.246 4.23e-09 0.979906 1.02051 0 0
36.306 4.23e-09 0.979939 1.02047 0 0
36.366 4.23e-09 0.979972 1.02044 0 0
36.426 4.23e-09 0.980005 1.0204 0 0
36.486 4.23e-09 0.980038 1.02037 0 0
36.546 4.23e-09 0.980071 1.02033 0 0
36.606 4.23e-09 0.980103 1.0203 0 0
36.666 4.23e-09 0.980136 1.02027 0 0
36.726 4.23e-09 0.980168 1.02023 0 0
36.786 4.23e-09 0.980201 1.0202 0 0
36.846 4.23e-09 0.980233 1.02017 0 0
36.906 4.23e-09 0.980265 1.02013 0 0
36.966 4.23e-09 0.980297 1.0201 0 0
37.026 4.23e-09 0.980329 1.02007 0 0
37.086 4.23e-09 0.980361 1.02003 0 0
37.146 4.23e-09 0.980393 1.02 0 0
37.206 4.23e-09 0.980424 1.01997 0 0
37.266 4.23e-09 0.980456 1.01993 0 0
37.326 4.23e-09 0.980487 1.0199 0 0
37.386 4.23e-09 0.980519 1.01987 0 0
37.446 4.23e-09 0.98055 1.01984 0 0
37.506 4.23e-09 0.980581 1.0198 0 0
37.566 4.23e-09 0.980612 1.01977 0 0
37.626 4.23e-09 0.980643 1.01974 0 0
37.686 4.23e-09 0.980674 1.01971 0 0
37.746 4.23e-09 0.980704 1.01968 0 0
37.806 4.23e-09 0.980735 1.01964 0 0
37.866 4.23e-09 0.980766 1.01961 0 0
37.926 4.23e-09 0.980796 1.01958 0 0
37.986 4.23e-09 0.980826 1.01955 0 0
38.046 4.23e-09 0.980857 1.01952 0 0
38.106 4.23e-09 0.980887 1.01949 0 0
38.166 4.23e-09 0.980917 1.01945 0 0
38.226 4.23e-09 0.980947 1.01942 0 0
38.286 4.23e-09 0.980977 1.01939 0 0
38.346 4.23e-09 0.981006 1.01936 0 0
38.406 4.23e-09 0.981036 1.01933 0 0
38.466 4.23e-09 0.981066 1.0193 0 0
38.526 4.23e-09 0.981095 1.01927 0 0
38.586 4.23e-09 0.981124 1.01924 0 0
38.646 4.23e-09 0.981154 1.01921 0 0
38.706 4.23e-09 0.981183 1.01918 0 0
38.766 4.23e-09 0.981212 1.01915 0 0
38.826 4.23e-09 0.981241 1.01912 0 0
38.886 4.23e-09 0.98127 1.01909 0 0
38.946 4.23e-09 0.981299 1.01906 0 0
39.006 4.23e-09 0.981328 1.01903 0 0
39.066 4.23e-09 0.981356 1.019 0 0
39.126 4.23e-09 0.981385 1.01897 0 0
39.186 4.23e-09 0.981413 1.01894 0 0
39.246 4.23e-09 0.981442 1.01891 0 0
39.306 4.23e-09 0.98147 1.01888 0 0
39.366 4.23e-09 0.981498 1.01885 0 0
39.426 4.23e-09 0.981527 1.01882 0 0
39.486 4.23e-09 0.981555 1.01879 0 0
39.546 4.23e-09 0.981583 1.01876 0 0
39.606 4.23e-09 0.981611 1.01873 0 0
39.666 4.23e-09 0.981638 1.01871 0 0
39.726 4.23e-09 0.981666 1.01868 0 0
39.786 4.23e-09 0.981694 1.01865 0 0
39.846 4.23e-09 0.981721 1.01862 0 0
39.906 4.23e-09 0.981749 1.01859 0 0
39.966 4.23e-09 0.981776 1.01856 0 0
40.026 4.23e-09 0.981804 1.01853 0 0
40.086 4.23e-09 0.981831 1.01851 0 0
40.146 4.23e-09 0.981858 1.01848 0 0
40.206 4.23e-09 0.981885 1.01845 0 0
40.266 4.23e-09 0.981912 1.01842 0 0
40.326 4.23e-09 0.981939 1.01839 0 0
40.386 4.23e-09 0.981966 1.01837 0 0
40.446 4.23e-09 0.981992 1.01834 0 0
40.506 4.23e-09 0.982019 1.01831 0 0
40.566 4.23e-09 0.982046 1.01828 0 0
40.626 4.23e-09 0.982072 1.01826 0 0
40.686 4.23e-09 0.982099 1.01823 0 0
40.746 4.23e-09 0.982125 1.0182 0 0
40.806 4.23e-09 0.982151 1.01817 0 0
40.866 4.23e-09 0.982178 1.01815 0 0
40.926 4.23e-09 0.982204 1.01812 0 0
40.986 4.23e-09 0.98223 1.01809 0 0
41.046 4.23e-09 0.982256 1.01806 0 0
41.106 4.23e-09 0.982282 1.01804 0 0
41.166 4.23e-09 0.982307 1.01801 0 0
41.226 4.23e-09 0.982333 1.01798 0 0
41.286 4.23e-09 0.982359 1.01796 0 0
41.346 4.23e-09 0.982384 1.01793 0 0
41.406 4.23e-09 0.98241 1.0179 0 0
41.466 4.23e-09 0.982435 1.01788 0 0
41.526 4.23e-09 0.982461 1.01785 0 0
41.586 4.23e-09 0.982486 1.01783 0 0
41.646 4.23e-09 0.982511 1.0178 0 0
41.706 4.23e-09 0.982537 1.01777 0 0
41.766 4.23e-09 0.982562 1.01775 0 0
41.826 4.23e-09 0.982587 1.01772 0 0
41.886 4.23e-09 0.982612 1.0177 0 0
41.946 4.23e-09 0.982636 1.01767 0 0
42.006 4.23e-09 0.982661 1.01764 0 0
42.066 4.23e-09 0.982686 1.01762 0 0
42.126 4.23e-09 0.982711 1.01759 0 0
42.186 4.23e-09 0.982735 1.01757 0 0
42.246 4.23e-09 0.98276 1.01754 0 0
42.306 4.23e-09 0.982784 1.01752 0 0
42.366 4.23e-09 0.982809 1.01749 0 0
42.426 4.23e-09 0.982833 1.01747 0 0
42.486 4.23e-09 0.982857 1.01744 0 0
42.546 4.23e-09 0.982881 1.01742 0 0
42.606 4.23e-09 0.982905 1.01739 0 0
42.666 4.23e-09 0.982929 1.01737 0 0
42.726 4.23e-09 0.982953 1.01734 0 0
42.786 4.23e-09 0.982977 1.01732 0 0
42.846 4.23e-09 0.983001 1.01729 0 0
42.906 4.23e-09 0.983025 1.01727 0 0
42.966 4.23e-09 0.983049 1.01724 0 0
43.026 4.23e-09 0.983072 1.01722 0 0
43.086 4.23e-09 0.983096 1.01719 0 0
43.146 4.23e-09 0.983119 1.01717 0 0
43.206 4.23e-09 0.983143 1.01715 0 0
43.266 4.23e-09 0.983166 1.01712 0 0
43.326 4.23e-09 0.983189 1.0171 0 0
43.386 4.23e-09 0.983213 1.01707 0 0
43.446 4.23e-09 0.983236 1.01705 0 0
43.506 4.23e-09 0.983259 1.01703 0 0
43.566 4.23e-09 0.983282 1.017 0 0
43.626 4.23e-09 0.983305 1.01698 0 0
43.686 4.23e-09 0.983328 1.01695 0 0
43.746 4.23e-09 0.983351 1.01693 0 0
43.806 4.23e-09 0.983374 1.01691 0 0
43.866 4.23e-09 0.983396 1.01688 0 0
43.926 4.23e-09 0.983419 1.01686 0 0
43.986 4.23e-09 0.983442 1.01684 0 0
44.046 4.23e-09 0.983464 1.01681 0 0
44.106 4.23e-09 0.983487 1.01679 0 0
44.166 4.23e-09 0.983509 1.01677 0 0
44.226 4.23e-09 0.983532 1.01674 0 0
44.286 4.23e-09 0.983554 1.01672 0 0
44.346 4.23e-09 0.983576 1.0167 0 0
44.406 4.23e-09 0.983598 1.01668 0 0
44.466 4.23e-09 0.98362 1.01665 0 0
44.526 4.23e-09 0.983643 1.01663 0 0
44.586 4.23e-09 0.983665 1.01661 0 0
44.646 4.23e-09 0.983687 1.01658 0 0
44.706 4.23e-09 0.983708 1.01656 0 0
44.766 4.23e-09 0.98373 1.01654 0 0
44.826 4.23e-09 0.983752 1.01652 0 0
44.886 4.23e-09 0.983774 1.01649 0 0
44.946 4.23e-09 0.983795 1.01647 0 0
45.006 4.23e-09 0.983817 1.01645 0 0
45.066 4.23e-09 0.983839 1.01643 0 0
45.126 4.23e-09 0.98386 1.0164 0 0
45.186 4.23e-09 0.983881 1.01638 0 0
45.246 4.23e-09 0.983903 1.01636 0 0
45.306 4.23e-09 0.983924 1.01634 0 0
45.366 4.23e-09 0.983945 1.01632 0 0
45.426 4.23e-09 0.983967 1.01629 0 0
45.486 4.23e-09 0.983988 1.01627 0 0
45.546 4.23e-09 0.984009 1.01625 0 0
45.606 4.23e-09 0.98403 1.01623 0 0
45.666 4.23e-09 0.984051 1.01621 0 0
45.726 4.23e-09 0.984072 1.01619 0 0
45.786 4.23e-09 0.984093 1.01616 0 0
45.846 4.23e-09 0.984114 1.01614 0 0
45.906 4.23e-09 0.984134 1.01612 0 0
45.966 4.23e-09 0.984155 1.0161 0 0
46.026 4.23e-09 0.984176 1.01608 0 0
46.086 4.23e-09 0.984196 1.01606 0 0
46.146 4.23e-09 0.984217 1.01604 0 0
46.206 4.23e-09 0.984237 1.01602 0 0
46.266 4.23e-09 0.984258 1.01599 0 0
46.326 4.23e-09 0.984278 1.01597 0 0
46.386 4.23e-09 0.984298 1.01595 0 0
46.446 4.23e-09 0.984319 1.01593 0 0
46.506 4.23e-09 0.984339 1.01591 0 0
46.566 4.23e-09 0.984359 1.01589 0 0
46.626 4.23e-09 0.984379 1.01587 0 0
46.686 4.23e-09 0.984399 1.01585 0 0
46.746 4.23e-09 0.984419 1.01583 0 0
46.806 4.23e-09 0.984439 1.01581 0 0
46.866 4.23e-09 0.984459 1.01579 0 0
46.926 4.23e-09 0.984479 1.01577 0 0
46.986 4.23e-09 0.984499 1.01575 0 0
47.046 4.23e-09 0.984519 1.01572 0 0
47.106 4.23e-09 0.984538 1.0157 0 0
47.166 4.23e-09 0.984558 1.01568 0 0
47.226 4.23e-09 0.984578 1.01566 0 0
47.286 4.23e-09 0.984597 1.01564 0 0
47.346 4.23e-09 0.984617 1.01562 0 0
47.406 4.23e-09 0.984636 1.0156 0 0
47.466 4.23e-09 0.984656 1.01558 0 0
47.526 4.23e-09 0.984675 1.01556 0 0
47.586 4.23e-09 0.984694 1.01554 0 0
47.646 4.23e-09 0.984714 1.01552 0 0
47.706 4.23e-09 0.984733 1.0155 0 0
47.766 4.23e-09 0.984752 1.01548 0 0
47.826 4.23e-09 0.984771 1.01546 0 0
47.886 4.23e-09 0.98479 1.01544 0 0
47.946 4.23e-09 0.984809 1.01542 0 0
48.006 4.23e-09 0.984828 1.01541 0 0
48.066 4.23e-09 0.984847 1.01539 0 0
48.126 4.23e-09 0.984866 1.01537 0 0
48.186 4.23e-09 0.984885 1.01535 0 0
48.246 4.23e-09 0.984904 1.01533 0 0
48.306 4.23e-09 0.984923 1.01531 0 0
48.366 4.23e-09 0.984941 1.01529 0 0
48.426 4.23e-09 0.98496 1.01527 0 0
48.486 4.23e-09 0.984979 1.01525 0 0
48.546 4.23e-09 0.984997 1.01523 0 0
48.606 4.23e-09 0.985016 1.01521 0 0
48.666 4.23e-09 0.985034 1.01519 0 0
48.726 4.23e-09 0.985052 1.01517 0 0
48.786 4.23e-09 0.985071 1.01516 0 0
48.846 4.23e-09 0.985089 1.01514 0 0
48.906 4.23e-09 0.985108 1.01512 0 0
48.966 4.23e-09 0.985126 1.0151 0 0
49.026 4.23e-09 0.985144 1.01508 0 0
49.086 4.23e-09 0.985162 1.01506 0 0
49.146 4.23e-09 0.98518 1.01504 0 0
49.206 4.23e-09 0.985198 1.01502 0 0
49.266 4.23e-09 0.985216 1.01501 0 0
49.326 4.23e-09 0.985234 1.01499 0 0
49.386 4.23e-09 0.985252 1.01497 0 0
49.446 4.23e-09 0.98527 1.01495 0 0
49.506 4.23e-09 0.985288 1.01493 0 0
49.566 4.23e-09 0.985306 1.01491 0 0
49.626 4.23e-09 0.985324 1.0149 0 0
49.686 4.23e-09 0.985341 1.01488 0 0
49.746 4.23e-09 0.985359 1.01486 0 0
49.806 4.23e-09 0.985377 1.01484 0 0
49.866 4.23e-09 0.985394 1.01482 0 0
49.926 4.23e-09 0.985412 1.0148 0 0
49.986 4.23e-09 0.985429 1.01479 0 0
50.046 4.23e-09 0.985447 1.01477 0 0
50.106 4.23e-09 0.985464 1.01475 0 0
50.166 4.23e-09 0.985482 1.01473 0 0
50.226 4.23e-09 0.985499 1.01471 0 0
50.286 4.23e-09 0.985516 1.0147 0 0
50.346 4.23e-09 0.985533 1.01468 0 0
50.406 4.23e-09 0.985551 1.01466 0 0
50.466 4.23e-09 0.985568 1.01464 0 0
50.526 4.23e-09 0.985585 1.01463 0 0
50.586 4.23e-09 0.985602 1.01461 0 0
50.646 4.23e-09 0.985619 1.01459 0 0
50.706 4.23e-09 0.985636 1.01457 0 0
50.766 4.23e-09 0.985653 1.01456 0 0
50.826 4.23e-09 0.98567 1.01454 0 0
50.886 4.23e-09 0.985687 1.01452 0 0
50.946 4.23e-09 0.985704 1.0145 0 0
51.006 4.23e-09 0.985721 1.01449 0 0
51.066 4.23e-09 0.985737 1.01447 0 0
51.126 4.23e-09 0.985754 1.01445 0 0
51.186 4.23e-09 0.985771 1.01443 0 0
51.246 4.23e-09 0.985788 1.01442 0 0
51.306 4.23e-09 0.985804 1.0144 0 0
51.366 4.23e-09 0.985821 1.01438 0 0
51.426 4.23e-09 0.985837 1.01437 0 0
51.486 4.23e-09 0.985854 1.01435 0 0
51.546 4.23e-09 0.98587 1.01433 0 0
51.606 4.23e-09 0.985887 1.01432 0 0
51.666 4.23e-09 0.985903 1.0143 0 0
51.726 4.23e-09 0.985919 1.01428 0 0
51.786 4.23e-09 0.985936 1.01426 0 0
51.846 4.23e-09 0.985952 1.01425 0 0
51.906 4.23e-09 0.985968 1.01423 0 0
51.966 4.23e-09 0.985984 1.01421 0 0
52.026 4.23e-09 0.986001 1.0142 0 0
52.086 4.23e-09 0.986017 1.01418 0 0
52.146 4.23e-09 0.986033 1.01417 0 0
52.206 4.23e-09 0.986049 1.01415 0 0
52.266 4.23e-09 0.986065 1.01413 0 0
52.326 4.23e-09 0.986081 1.01412 0 0
52.386 4.23e-09 0.986097 1.0141 0 0
52.446 4.23e-09 0.986113 1.01408 0 0
52.506 4.23e-09 0.986129 1.01407 0 0
52.566 4.23e-09 0.986144 1.01405 0 0
52.626 4.23e-09 0.98616 1.01403 0 0
52.686 4.23e-09 0.986176 1.01402 0 0
52.746 4.23e-09 0.986192 1.014 0 0
52.806 4.23e-09 0.986207 1.01399 0 0
52.866 4.23e-09 0.986223 1.01397 0 0
52.926 4.23e-09 0.986239 1.01395 0 0
52.986 4.23e-09 0.986254 1.01394 0 0
53.046 4.23e-09 0.98627 1.01392 0 0
53.106 4.23e-09 0.986285 1.01391 0 0
53.166 4.23e-09 0.986301 1.01389 0 0
53.226 4.23e-09 0.986316 1.01387 0 0
53.286 4.23e-09 0.986332 1.01386 0 0
53.346 4.23e-09 0.986347 1.01384 0 0
53.406 4.23e-09 0.986362 1.01383 0 0
53.466 4.23e-09 0.986378 1.01381 0 0
53.526 4.23e-09 0.986393 1.01379 0 0
53.586 4.23e-09 0.986408 1.01378 0 0
53.646 4.23e-09 0.986423 1.01376 0 0
53.706 4.23e-09 0.986439 1.01375 0 0
53.766 4.23e-09 0.986454 1.01373 0 0
53.826 4.23e-09 0.986469 1.01372 0 0
53.886 4.23e-09 0.986484 1.0137 0 0
53.946 4.23e-09 0.986499 1.01369 0 0
54.006 4.23e-09 0.986514 1.01367 0 0
54.066 4.23e-09 0.986529 1.01366 0 0
54.126 4.23e-09 0.986544 1.01364 0 0
54.186 4.23e-09 0.986559 1.01362 0 0
54.246 4.23e-09 0.986574 1.01361 0 0
54.306 4.23e-09 0.986588 1.01359 0 0
54.366 4.23e-09 0.986603 1.01358 0 0
54.426 4.23e-09 0.986618 1.01356 0 0
54.486 4.23e-09 0.986633 1.01355 0 0
54.546 4.23e-09 0.986647 1.01353 0 0
54.606 4.23e-09 0.986662 1.01352 0 0
54.666 4.23e-09 0.986677 1.0135 0 0
54.726 4.23e-09 0.986691 1.01349 0 0
54.786 4.23e-09 0.986706 1.01347 0 0
54.846 4.23e-09 0.98672 1.01346 0 0
54.906 4.23e-09 0.986735 1.01344 0 0
54.966 4.23e-09 0.986749 1.01343 0 0
55.026 4.23e-09 0.986764 1.01341 0 0
55.086 4.23e-09 0.986778 1.0134 0 0
55.146 4.23e-09 0.986793 1.01338 0 0
55.206 4.23e-09 0.986807 1.01337 0 0
55.266 4.23e-09 0.986821 1.01335 0 0
55.326 4.23e-09 0.986836 1.01334 0 0
55.386 4.23e-09 0.98685 1.01333 0 0
55.446 4.23e-09 0.986864 1.01331 0 0
55.506 4.23e-09 0.986878 1.0133 0 0
55.566 4.23e-09 0.986892 1.01328 0 0
55.626 4.23e-09 0.986907 1.01327 0 0
55.686 4.23e-09 0.986921 1.01325 0 0
55.746 4.23e-09 0.986935 1.01324 0 0
55.806 4.23e-09 0.986949 1.01322 0 0
55.866 4.23e-09 0.986963 1.01321 0 0
55.926 4.23e-09 0.986977 1.01319 0 0
55.986 4.23e-09 0.986991 1.01318 0 0
56.046 4.23e-09 0.987005 1.01317 0 0
56.106 4.23e-09 0.987019 1.01315 0 0
56.166 4.23e-09 0.987033 1.01314 0 0
56.226 4.23e-09 0.987046 1.01312 0 0
56.286 4.23e-09 0.98706 1.01311 0 0
56.346 4.23e-09 0.987074 1.0131 0 0
56.406 4.23e-09 0.987088 1.01308 0 0
56.466 4.23e-09 0.987101 1.01307 0 0
56.526 4.23e-09 0.987115 1.01305 0 0
56.586 4.23e-09 0.987129 1.01304 0 0
56.646 4.23e-09 0.987142 1.01303 0 0
56.706 4.23e-09 0.987156 1.01301 0 0
56.766 4.23e-09 0.98717 1.013 0 0
56.826 4.23e-09 0.987183 1.01298 0 0
56.886 4.23e-09 0.987197 1.01297 0 0
56.946 4.23e-09 0.98721 1.01296 0 0
57.006 4.23e-09 0.987224 1.01294 0 0
57.066 4.23e-09 0.987237 1.01293 0 0
57.126 4.23e-09 0.98725 1.01291 0 0
57.186 4.23e-09 0.987264 1.0129 0 0
57.246 4.23e-09 0.987277 1.01289 0 0
57.306 4.23e-09 0.98729 1.01287 0 0
57.366 4.23e-09 0.987304 1.01286 0 0
57.426 4.23e-09 0.987317 1.01285 0 0
57.486 4.23e-09 0.98733 1.01283 0 0
57.546 4.23e-09 0.987343 1.01282 0 0
57.606 4.23e-09 0.987357 1.01281 0 0
57.666 4.23e-09 0.98737 1.01279 0 0
57.726 4.23e-09 0.987383 1.01278 0 0
57.786 4.23e-09 0.987396 1.01276 0 0
57.846 4.23e-09 0.987409 1.01275 0 0
57.906 4.23e-09 0.987422 1.01274 0 0
57.966 4.23e-09 0.987435 1.01272 0 0
58.026 4.23e-09 0.987448 1.01271 0 0
58.086 4.23e-09 0.987461 1.0127 0 0
58.146 4.23e-09 0.987474 1.01268 0 0
58.206 4.23e-09 0.987487 1.01267 0 0
58.266 4.23e-09 0.9875 1.01266 0 0
58.326 4.23e-09 0.987513 1.01265 0 0
58.386 4.23e-09 0.987526 1.01263 0 0
58.446 4.23e-09 0.987538 1.01262 0 0
58.506 4.23e-09 0.987551 1.01261 0 0
58.566 4.23e-09 0.987564 1.01259 0 0
58.626 4.23e-09 0.987577 1.01258 0 0
58.686 4.23e-09 0.987589 1.01257 0 0
58.746 4.23e-09 0.987602 1.01255 0 0
58.806 4.23e-09 0.987615 1.01254 0 0
58.866 4.23e-09 0.987627 1.01253 0 0
58.926 4.23e-09 0.98764 1.01251 0 0
58.986 4.23e-09 0.987652 1.0125 0 0
59.046 4.23e-09 0.987665 1.01249 0 0
59.106 4.23e-09 0.987678 1.01248 0 0
59.166 4.23e-09 0.98769 1.01246 0 0
59.226 4.23e-09 0.987702 1.01245 0 0
59.286 4.23e-09 0.987715 1.01244 0 0
59.346 4.23e-09 0.987727 1.01243 0 0
59.406 4.23e-09 0.98774 1.01241 0 0
59.466 4.23e-09 0.987752 1.0124 0 0
59.526 4.23e-09 0.987764 1.01239 0 0
59.586 4.23e-09 0.987777 1.01237 0 0
59.646 4.23e-09 0.987789 1.01236 0 0
59.706 4.23e-09 0.987801 1.01235 0 0
59.766 4.23e-09 0.987814 1.01234 0 0
59.826 4.23e-09 0.987826 1.01232 0 0
59.886 4.23e-09 0.987838 1.01231 0 0
59.946 4.23e-09 0.98785 1.0123 0 0

