0.06 0.794256
0.006 0.182051 0.0521385 1 0.00226481 0.004759
0.066 0.180629 0.0536024 1.01599 0.00213889 0.00462482
0.126 0.17689 0.057577 1.05729 0.00183756 0.00428667
0.186 0.171133 0.0641846 1.12114 0.00144071 0.00379567
0.246 0.163761 0.0735779 1.2028 0.00103366 0.00321506
0.306 0.155229 0.0858688 1.29596 0.000678308 0.00260443
0.366 0.145993 0.101065 1.39341 0.000403789 0.00200945
0.426 0.136457 0.11903 1.48814 0.000212833 0.00145888
0.486 0.126946 0.139473 1.57428 9.34643e-05 0.00096677
0.546 0.117705 0.161983 1.64783 2.88041e-05 0.000536694
0.606 0.108896 0.186069 1.70671 2.75316e-06 0.000165927
0.666 0.100617 0.211221 1.75071 0 0
0.726 0.0929136 0.236962 1.78137 0 0
0.786 0.0857967 0.262873 1.80038 0 0
0.846 0.0792524 0.288607 1.80955 0 0
0.906 0.0732531 0.31389 1.81072 0 0
0.966 0.0677632 0.338514 1.80559 0 0
1.026 0.0627441 0.362332 1.79562 0 0
1.086 0.0581562 0.385245 1.78205 0 0
1.146 0.0539615 0.407197 1.76588 0 0
1.206 0.0501236 0.428159 1.74794 0 0
1.266 0.0466092 0.448129 1.72884 0 0
1.326 0.0433876 0.467121 1.70907 0 0
1.386 0.040431 0.485159 1.68903 0 0
1.446 0.0377141 0.502277 1.66897 0 0
1.506 0.0352145 0.518516 1.64913 0 0
1.566 0.0329116 0.533916 1.62964 0 0
1.626 0.0307874 0.548522 1.61062 0 0
1.686 0.0288255 0.562377 1.59214 0 0
1.746 0.0270112 0.575523 1.57425 0 0
1.806 0.0253314 0.588003 1.55698 0 0
1.866 0.0237742 0.599855 1.54035 0 0
1.926 0.0223292 0.61112 1.52435 0 0
1.986 0.0209866 0.621831 1.50899 0 0
2.046 0.0197381 0.632023 1.49425 0 0
2.106 0.0185757 0.641729 1.48011 0 0
2.166 0.0174925 0.650978 1.46656 0 0
2.226 0.0164821 0.659797 1.45357 0 0
2.286 0.0155388 0.668214 1.44113 0 0
2.346 0.0146573 0.676252 1.42921 0 0
2.406 0.013833 0.683935 1.41778 0 0
2.466 0.0130614 0.691282 1.40684 0 0
2.526 0.0123388 0.698314 1.39635 0 0
2.586 0.0116613 0.70505 1.38629 0 0
2.646 0.0110259 0.711506 1.37664 0 0
2.706 0.0104294 0.717698 1.36739 0 0
2.766 0.00986921 0.723642 1.35851 0 0
2.826 0.00934265 0.72935 1.34999 0 0
2.886 0.00884746 0.734836 1.34181 0 0
2.946 0.00838149 0.740112 1.33394 0 0
3.006 0.00794277 0.74519 1.32639 0 0
3.066 0.0075295 0.750079 1.31912 0 0
3.126 0.00713998 0.754789 1.31213 0 0
3.186 0.00677268 0.75933 1.3054 0 0
3.246 0.00642615 0.76371 1.29893 0 0
3.306 0.00609907 0.767938 1.29269 0 0
3.366 0.00579021 0.77202 1.28668 0 0
3.426 0.00549844 0.775965 1.28089 0 0
3.486 0.00522268 0.779778 1.2753 0 0
3.546 0.00496196 0.783466 1.26991 0 0
3.606 0.00471535 0.787034 1.26471 0 0
3.666 0.00448202 0.790489 1.25968 0 0
3.726 0.00426115 0.793836 1.25483 0 0
3.786 0.00405202 0.797079 1.25014 0 0
3.846 0.00385392 0.800223 1.24561 0 0
3.906 0.00366622 0.803272 1.24122 0 0
3.966 0.00348831 0.806231 1.23698 0 0
4.026 0.00331964 0.809103 1.23287 0 0
4.086 0.00315966 0.811892 1.22889 0 0
4.146 0.00300789 0.814602 1.22504 0 0
4.206 0.00286386 0.817235 1.2213 0 0
4.266 0.00272714 0.819796 1.21769 0 0
4.326 0.00259733 0.822286 1.21418 0 0
4.386 0.00247404 0.824709 1.21077 0 0
4.446 0.00235692 0.827067 1.20747 0 0
4.506 0.00224562 0.829364 1.20426 0 0
4.566 0.00213984 0.8316 1.20114 0 0
4.626 0.00203927 0.833779 1.19812 0 0
4.686 0.00194363 0.835903 1.19517 0 0
4.746 0.00185267 0.837973 1.19232 0 0
4.806 0.00176613 0.839992 1.18954 0 0
4.866 0.00168377 0.841962 1.18683 0 0
4.926 0.00160539 0.843884 1.1842 0 0
4.986 0.00153077 0.84576 1.18164 0 0
5.046 0.00145971 0.847591 1.17915 0 0
5.106 0.00139204 0.84938 1.17672 0 0
5.166 0.00132757 0.851128 1.17435 0 0
5.226 0.00126614 0.852835 1.17205 0 0
5.286 0.0012076 0.854504 1.1698 0 0
5.346 0.00115179 0.856136 1.16761 0 0
5.406 0.00109859 0.857731 1.16547 0 0
5.466 0.00104785 0.859292 1.16339 0 0
5.526 0.000999459 0.860819 1.16135 0 0
5.586 0.000953291 0.862313 1.15937 0 0
5.646 0.000909237 0.863775 1.15743 0 0
5.706 0.000867192 0.865207 1.15554 0 0
5.766 0.000827055 0.866609 1.15369 0 0
5.826 0.000788731 0.867983 1.15188 0 0
5.886 0.000752131 0.869328 1.15012 0 0
5.946 0.000717169 0.870646 1.14839 0 0
6.006 0.000683765 0.871938 1.14671 0 0
6.066 0.000651842 0.873205 1.14506 0 0
6.126 0.000621327 0.874446 1.14344 0 0
6.186 0.000592151 0.875664 1.14187 0 0
6.246 0.000564248 0.876858 1.14032 0 0
6.306 0.000537556 0.87803 1.13881 0 0
6.366 0.000512017 0.879179 1.13733 0 0
6.426 0.000487572 0.880307 1.13588 0 0
6.486 0.00046417 0.881415 1.13446 0 0
6.546 0.000441759 0.882502 1.13307 0 0
6.606 0.000420291 0.883569 1.13171 0 0
6.666 0.00039972 0.884617 1.13037 0 0
6.726 0.000380001 0.885646 1.12906 0 0
6.786 0.000361094 0.886657 1.12778 0 0
6.846 0.000342958 0.887651 1.12652 0 0
6.906 0.000325556 0.888627 1.12529 0 0
6.966 0.000308851 0.889586 1.12408 0 0
7.026 0.000292809 0.890529 1.12289 0 0
7.086 0.000277398 0.891456 1.12173 0 0
7.146 0.000262585 0.892368 1.12058 0 0
7.206 0.000248342 0.893264 1.11946 0 0
7.266 0.000234639 0.894146 1.11836 0 0
7.326 0.00022145 0.895013 1.11728 0 0
7.386 0.000208748 0.895866 1.11622 0 0
7.446 0.000196509 0.896705 1.11518 0 0
7.506 0.000184708 0.897531 1.11415 0 0
7.566 0.000173324 0.898344 1.11314 0 0
7.626 0.000162334 0.899144 1.11216 0 0
7.686 0.000151717 0.899931 1.11118 0 0
7.746 0.000141454 0.900706 1.11023 0 0
7.806 0.000131525 0.90147 1.10929 0 0
7.866 0.000121913 0.902221 1.10837 0 0
7.926 0.000112598 0.902962 1.10746 0 0
7.986 0.000103566 0.903691 1.10657 0 0
8.046 9.47989e-05 0.904409 1.10569 0 0
8.106 8.62818e-05 0.905117 1.10482 0 0
8.166 7.79994e-05 0.905814 1.10397 0 0
8.226 6.99376e-05 0.906501 1.10314 0 0
8.286 6.20822e-05 0.907179 1.10231 0 0
8.346 5.44201e-05 0.907846 1.10151 0 0
8.406 4.69382e-05 0.908504 1.10071 0 0
8.466 3.9624e-05 0.909153 1.09992 0 0
8.526 3.24656e-05 0.909792 1.09915 0 0
8.586 2.54513e-05 0.910423 1.09839 0 0
8.646 1.85697e-05 0.911044 1.09764 0 0
8.706 1.18101e-05 0.911658 1.0969 0 0
8.766 5.16161e-06 0.912262 1.09618 0 0
8.826 1.82051e-09 0.912859 1.09546 0 0
8.886 1.82051e-09 0.913447 1.09475 0 0
8.946 1.82051e-09 0.914028 1.09406 0 0
9.006 1.82051e-09 0.914601 1.09337 0 0
9.066 1.82051e-09 0.915166 1.0927 0 0
9.126 1.82051e-09 0.915724 1.09203 0 0
9.186 1.82051e-09 0.916274 1.09138 0 0
9.246 1.82051e-09 0.916817 1.09073 0 0
9.306 1.82051e-09 0.917354 1.09009 0 0
9.366 1.82051e-09 0.917883 1.08946 0 0
9.426 1.82051e-09 0.918406 1.08884 0 0
9.486 1.82051e-09 0.918922 1.08823 0 0
9.546 1.82051e-09 0.919432 1.08763 0 0
9.606 1.82051e-09 0.919935 1.08703 0 0
9.666 1.82051e-09 0.920432 1.08645 0 0
9.726 1.82051e-09 0.920923 1.08587 0 0
9.786 1.82051e-09 0.921407 1.0853 0 0
9.846 1.82051e-09 0.921886 1.08473 0 0
9.906 1.82051e-09 0.92236 1.08418 0 0
9.966 1.82051e-09 0.922827 1.08363 0 0
10.026 1.82051e-09 0.923289 1.08308 0 0
10.086 1.82051e-09 0.923745 1.08255 0 0
10.146 1.82051e-09 0.924196 1.08202 0 0
10.206 1.82051e-09 0.924642 1.0815 0 0
10.266 1.82051e-09 0.925082 1.08099 0 0
10.326 1.82051e-09 0.925517 1.08048 0 0
10.386 1.82051e-09 0.925948 1.07997 0 0
10.446 1.82051e-09 0.926373 1.07948 0 0
10.506 1.82051e-09 0.926794 1.07899 0 0
10.566 1.82051e-09 0.927209 1.07851 0 0
10.626 1.82051e-09 0.92762 1.07803 0 0
10.686 1.82051e-09 0.928027 1.07756 0 0
10.746 1.82051e-09 0.928429 1.07709 0 0
10.806 1.82051e-09 0.928826 1.07663 0 0
10.866 1.82051e-09 0.929219 1.07617 0 0
10.926 1.82051e-09 0.929608 1.07572 0 0
10.986 1.82051e-09 0.929992 1.07528 0 0
11.046 1.82051e-09 0.930372 1.07484 0 0
11.106 1.82051e-09 0.930749 1.0744 0 0
11.166 1.82051e-09 0.931121 1.07397 0 0
11.226 1.82051e-09 0.931489 1.07355 0 0
11.286 1.82051e-09 0.931853 1.07313 0 0
11.346 1.82051e-09 0.932213 1.07272 0 0
11.406 1.82051e-09 0.93257 1.07231 0 0
11.466 1.82051e-09 0.932923 1.0719 0 0
11.526 1.82051e-09 0.933272 1.0715 0 0
11.586 1.82051e-09 0.933618 1.0711 0 0
11.646 1.82051e-09 0.93396 1.07071 0 0
11.706 1.82051e-09 0.934298 1.07032 0 0
11.766 1.82051e-09 0.934633 1.06994 0 0
11.826 1.82051e-09 0.934965 1.06956 0 0
11.886 1.82051e-09 0.935293 1.06918 0 0
11.946 1.82051e-09 0.935618 1.06881 0 0
12.006 1.82051e-09 0.93594 1.06844 0 0
12.066 1.82051e-09 0.936258 1.06808 0 0
12.126 1.82051e-09 0.936574 1.06772 0 0
12.186 1.82051e-09 0.936886 1.06737 0 0
12.246 1.82051e-09 0.937195 1.06701 0 0
12.306 1.82051e-09 0.937502 1.06666 0 0
12.366 1.82051e-09 0.937805 1.06632 0 0
12.426 1.82051e-09 0.938105 1.06598 0 0
12.486 1.82051e-09 0.938402 1.06564 0 0
12.546 1.82051e-09 0.938697 1.06531 0 0
12.606 1.82051e-09 0.938989 1.06498 0 0
12.666 1.82051e-09 0.939278 1.06465 0 0
12.726 1.82051e-09 0.939564 1.06432 0 0
12.786 1.82051e-09 0.939848 1.064 0 0
12.846 1.82051e-09 0.940129 1.06368 0 0
12.906 1.82051e-09 0.940407 1.06337 0 0
12.966 1.82051e-09 0.940683 1.06306 0 0
13.026 1.82051e-09 0.940956 1.06275 0 0
13.086 1.82051e-09 0.941227 1.06244 0 0
13.146 1.82051e-09 0.941495 1.06214 0 0
13.206 1.82051e-09 0.941761 1.06184 0 0
13.266 1.82051e-09 0.942024 1.06154 0 0
13.326 1.82051e-09 0.942285 1.06125 0 0
13.386 1.82051e-09 0.942544 1.06096 0 0
13.446 1.82051e-09 0.9428 1.06067 0 0
13.506 1.82051e-09 0.943054 1.06038 0 0
13.566 1.82051e-09 0.943306 1.0601 0 0
13.626 1.82051e-09 0.943556 1.05982 0 0
13.686 1.82051e-09 0.943803 1.05954 0 0
13.746 1.82051e-09 0.944049 1.05927 0 0
13.806 1.82051e-09 0.944292 1.05899 0 0
13.866 1.82051e-09 0.944533 1.05872 0 0
13.926 1.82051e-09 0.944772 1.05846 0 0
13.986 1.82051e-09 0.945009 1.05819 0 0
14.046 1.82051e-09 0.945244 1.05793 0 0
14.106 1.82051e-09 0.945477 1.05767 0 0
14.166 1.82051e-09 0.945708 1.05741 0 0
14.226 1.82051e-09 0.945937 1.05715 0 0
14.286 1.82051e-09 0.946164 1.0569 0 0
14.346 1.82051e-09 0.946389 1.05665 0 0
14.406 1.82051e-09 0.946612 1.0564 0 0
14.466 1.82051e-09 0.946834 1.05615 0 0
14.526 1.82051e-09 0.947053 1.05591 0 0
14.586 1.82051e-09 0.947271 1.05566 0 0
14.646 1.82051e-09 0.947487 1.05542 0 0
14.706 1.82051e-09 0.947701 1.05518 0 0
14.766 1.82051e-09 0.947914 1.05495 0 0
14.826 1.82051e-09 0.948124 1.05471 0 0
14.886 1.82051e-09 0.948334 1.05448 0 0
14.946 1.82051e-09 0.948541 1.05425 0 0
15.006 1.82051e-09 0.948747 1.05402 0 0
15.066 1.82051e-09 0.948951 1.0538 0 0
15.126 1.82051e-09 0.949153 1.05357 0 0
15.186 1.82051e-09 0.949354 1.05335 0 0
15.246 1.82051e-09 0.949554 1.05313 0 0
15.306 1.82051e-09 0.949751 1.05291 0 0
15.366 1.82051e-09 0.949948 1.05269 0 0
15.426 1.82051e-09 0.950142 1.05247 0 0
15.486 1.82051e-09 0.950335 1.05226 0 0
15.546 1.82051e-09 0.950527 1.05205 0 0
15.606 1.82051e-09 0.950717 1.05184 0 0
15.666 1.82051e-09 0.950906 1.05163 0 0
15.726 1.82051e-09 0.951093 1.05142 0 0
15.786 1.82051e-09 0.951279 1.05122 0 0
15.846 1.82051e-09 0.951464 1.05101 0 0
15.906 1.82051e-09 0.951647 1.05081 0 0
15.966 1.82051e-09 0.951828 1.05061 0 0
16.026 1.82051e-09 0.952009 1.05041 0 0
16.086 1.82051e-09 0.952188 1.05021 0 0
16.146 1.82051e-09 0.952366 1.05002 0 0
16.206 1.82051e-09 0.952542 1.04982 0 0
16.266 1.82051e-09 0.952717 1.04963 0 0
16.326 1.82051e-09 0.952891 1.04944 0 0
16.386 1.82051e-09 0.953063 1.04925 0 0
16.446 1.82051e-09 0.953234 1.04906 0 0
16.506 1.82051e-09 0.953404 1.04887 0 0
16.566 1.82051e-09 0.953573 1.04869 0 0
16.626 1.82051e-09 0.953741 1.0485 0 0
16.686 1.82051e-09 0.953907 1.04832 0 0
16.746 1.82051e-09 0.954072 1.04814 0 0
16.806 1.82051e-09 0.954236 1.04796 0 0
16.866 1.82051e-09 0.954399 1.04778 0 0
16.926 1.82051e-09 0.954561 1.0476 0 0
16.986 1.82051e-09 0.954721 1.04743 0 0
17.046 1.82051e-09 0.954881 1.04725 0 0
17.106 1.82051e-09 0.955039 1.04708 0 0
17.166 1.82051e-09 0.955196 1.04691 0 0
17.226 1.82051e-09 0.955352 1.04673 0 0
17.286 1.82051e-09 0.955507 1.04656 0 0
17.346 1.82051e-09 0.955661 1.0464 0 0
17.406 1.82051e-09 0.955814 1.04623 0 0
17.466 1.82051e-09 0.955966 1.04606 0 0
17.526 1.82051e-09 0.956116 1.0459 0 0
17.586 1.82051e-09 0.956266 1.04573 0 0
17.646 1.82051e-09 0.956415 1.04557 0 0
17.706 1.82051e-09 0.956562 1.04541 0 0
17.766 1.82051e-09 0.956709 1.04525 0 0
17.826 1.82051e-09 0.956855 1.04509 0 0
17.886 1.82051e-09 0.957 1.04493 0 0
17.946 1.82051e-09 0.957143 1.04478 0 0
18.006 1.82051e-09 0.957286 1.04462 0 0
18.066 1.82051e-09 0.957428 1.04447 0 0
18.126 1.82051e-09 0.957569 1.04431 0 0
18.186 1.82051e-09 0.957709 1.04416 0 0
18.246 1.82051e-09 0.957848 1.04401 0 0
18.306 1.82051e-09 0.957986 1.04386 0 0
18.366 1.82051e-09 0.958123 1.04371 0 0
18.426 1.82051e-09 0.95826 1.04356 0 0
18.486 1.82051e-09 0.958395 1.04341 0 0
18.546 1.82051e-09 0.95853 1.04326 0 0
18.606 1.82051e-09 0.958664 1.04312 0 0
18.666 1.82051e-09 0.958796 1.04297 0 0
18.726 1.82051e-09 0.958928 1.04283 0 0
18.786 1.82051e-09 0.95906 1.04269 0 0
18.846 1.82051e-09 0.95919 1.04255 0 0
18.906 1.82051e-09 0.959319 1.04241 0 0
18.966 1.82051e-09 0.959448 1.04227 0 0
19.026 1.82051e-09 0.959576 1.04213 0 0
19.086 1.82051e-09 0.959703 1.04199 0 0
19.146 1.82051e-09 0.959829 1.04185 0 0
19.206 1.82051e-09 0.959955 1.04172 0 0
19.266 1.82051e-09 0.96008 1.04158 0 0
19.326 1.82051e-09 0.960204 1.04145 0 0
19.386 1.82051e-09 0.960327 1.04131 0 0
19.446 1.82051e-09 0.960449 1.04118 0 0
19.506 1.82051e-09 0.960571 1.04105 0 0
19.566 1.82051e-09 0.960692 1.04092 0 0
19.626 1.82051e-09 0.960812 1.04079 0 0
19.686 1.82051e-09 0.960931 1.04066 0 0
19.746 1.82051e-09 0.96105 1.04053 0 0
19.806 1.82051e-09 0.961168 1.0404 0 0
19.866 1.82051e-09 0.961285 1.04027 0 0
19.926 1.82051e-09 0.961402 1.04015 0 0
19.986 1.82051e-09 0.961518 1.04002 0 0
20.046 1.82051e-09 0.961633 1.0399 0 0
20.106 1.82051e-09 0.961747 1.03977 0 0
20.166 1.82051e-09 0.961861 1.03965 0 0
20.226 1.82051e-09 0.961974 1.03953 0 0
20.286 1.82051e-09 0.962087 1.03941 0 0
20.346 1.82051e-09 0.962199 1.03929 0 0
20.406 1.82051e-09 0.96231 1.03917 0 0
20.466 1.82051e-09 0.96242 1.03905 0 0
20.526 1.82051e-09 0.96253 1.03893 0 0
20.586 1.82051e-09 0.962639 1.03881 0 0
20.646 1.82051e-09 0.962748 1.03869 0 0
20.706 1.82051e-09 0.962856 1.03858 0 0
20.766 1.82051e-09 0.962963 1.03846 0 0
20.826 1.82051e-09 0.96307 1.03835 0 0
20.886 1.82051e-09 0.963176 1.03823 0 0
20.946 1.82051e-09 0.963281 1.03812 0 0
21.006 1.82051e-09 0.963386 1.03801 0 0
21.066 1.82051e-09 0.963491 1.03789 0 0
21.126 1.82051e-09 0.963594 1.03778 0 0
21.186 1.82051e-09 0.963697 1.03767 0 0
21.246 1.82051e-09 0.9638 1.03756 0 0
21.306 1.82051e-09 0.963902 1.03745 0 0
21.366 1.82051e-09 0.964003 1.03734 0 0
21.426 1.82051e-09 0.964104 1.03723 0 0
21.486 1.82051e-09 0.964204 1.03712 0 0
21.546 1.82051e-09 0.964304 1.03702 0 0
21.606 1.82051e-09 0.964403 1.03691 0 0
21.666 1.82051e-09 0.964502 1.0368 0 0
21.726 1.82051e-09 0.9646 1.0367 0 0
21.786 1.82051e-09 0.964697 1.03659 0 0
21.846 1.82051e-09 0.964794 1.03649 0 0
21.906 1.82051e-09 0.964891 1.03639 0 0
21.966 1.82051e-09 0.964987 1.03628 0 0
22.026 1.82051e-09 0.965082 1.03618 0 0
22.086 1.82051e-09 0.965177 1.03608 0 0
22.146 1.82051e-09 0.965271 1.03598 0 0
22.206 1.82051e-09 0.965365 1.03588 0 0
22.266 1.82051e-09 0.965458 1.03578 0 0
22.326 1.82051e-09 0.965551 1.03568 0 0
22.386 1.82051e-09 0.965643 1.03558 0 0
22.446 1.82051e-09 0.965735 1.03548 0 0
22.506 1.82051e-09 0.965827 1.03538 0 0
22.566 1.82051e-09 0.965917 1.03529 0 0
22.626 1.82051e-09 0.966008 1.03519 0 0
22.686 1.82051e-09 0.966098 1.03509 0 0
22.746 1.82051e-09 0.966187 1.035 0 0
22.806 1.82051e-09 0.966276 1.0349 0 0
22.866 1.82051e-09 0.966365 1.03481 0 0
22.926 1.82051e-09 0.966453 1.03471 0 0
22.986 1.82051e-09 0.96654 1.03462 0 0
23.046 1.82051e-09 0.966627 1.03452 0 0
23.106 1.82051e-09 0.966714 1.03443 0 0
23.166 1.82051e-09 0.9668 1.03434 0 0
23.226 1.82051e-09 0.966886 1.03425 0 0
23.286 1.82051e-09 0.966971 1.03416 0 0
23.346 1.82051e-09 0.967056 1.03407 0 0
23.406 1.82051e-09 0.967141 1.03398 0 0
23.466 1.82051e-09 0.967225 1.03389 0 0
23.526 1.82051e-09 0.967308 1.0338 0 0
23.586 1.82051e-09 0.967391 1.03371 0 0
23.646 1.82051e-09 0.967474 1.03362 0 0
23.706 1.82051e-09 0.967556 1.03353 0 0
23.766 1.82051e-09 0.967638 1.03344 0 0
23.826 1.82051e-09 0.96772 1.03336 0 0
23.886 1.82051e-09 0.967801 1.03327 0 0
23.946 1.82051e-09 0.967882 1.03318 0 0
24.006 1.82051e-09 0.967962 1.0331 0 0
24.066 1.82051e-09 0.968042 1.03301 0 0
24.126 1.82051e-09 0.968121 1.03293 0 0
24.186 1.82051e-09 0.9682 1.03284 0 0
24.246 1.82051e-09 0.968279 1.03276 0 0
24.306 1.82051e-09 0.968357 1.03268 0 0
24.366 1.82051e-09 0.968435 1.03259 0 0
24.426 1.82051e-09 0.968513 1.03251 0 0
24.486 1.82051e-09 0.96859 1.03243 0 0
24.546 1.82051e-09 0.968667 1.03235 0 0
24.606 1.82051e-09 0.968743 1.03227 0 0
24.666 1.82051e-09 0.968819 1.03218 0 0
24.726 1.82051e-09 0.968895 1.0321 0 0
24.786 1.82051e-09 0.96897 1.03202 0 0
24.846 1.82051e-09 0.969045 1.03194 0 0
24.906 1.82051e-09 0.96912 1.03186 0 0
24.966 1.82051e-09 0.969194 1.03179 0 0
25.026 1.82051e-09 0.969268 1.03171 0 0
25.086 1.82051e-09 0.969341 1.03163 0 0
25.146 1.82051e-09 0.969414 1.03155 0 0
25.206 1.82051e-09 0.969487 1.03147 0 0
25.266 1.82051e-09 0.96956 1.0314 0 0
25.326 1.82051e-09 0.969632 1.03132 0 0
25.386 1.82051e-09 0.969704 1.03124 0 0
25.446 1.82051e-09 0.969775 1.03117 0 0
25.506 1.82051e-09 0.969846 1.03109 0 0
25.566 1.82051e-09 0.969917 1.03102 0 0
25.626 1.82051e-09 0.969987 1.03094 0 0
25.686 1.82051e-09 0.970057 1.03087 0 0
25.746 1.82051e-09 0.970127 1.03079 0 0
25.806 1.82051e-09 0.970197 1.03072 0 0
25.866 1.82051e-09 0.970266 1.03065 0 0
25.926 1.82051e-09 0.970335 1.03057 0 0
25.986 1.82051e-09 0.970403 1.0305 0 0
26.046 1.82051e-09 0.970471 1.03043 0 0
26.106 1.82051e-09 0.970539 1.03036 0 0
26.166 1.82051e-09 0.970607 1.03028 0 0
26.226 1.82051e-09 0.970674 1.03021 0 0
26.286 1.82051e-09 0.970741 1.03014 0 0
26.346 1.82051e-09 0.970807 1.03007 0 0
26.406 1.82051e-09 0.970874 1.03 0 0
26.466 1.82051e-09 0.97094 1.02993 0 0
26.526 1.82051e-09 0.971006 1.02986 0 0
26.586 1.82051e-09 0.971071 1.02979 0 0
26.646 1.82051e-09 0.971136 1.02972 0 0
26.706 1.82051e-09 0.971201 1.02965 0 0
26.766 1.82051e-09 0.971266 1.02958 0 0
26.826 1.82051e-09 0.97133 1.02952 0 0
26.886 1.82051e-09 0.971394 1.02945 0 0
26.946 1.82051e-09 0.971457 1.02938 0 0
27.006 1.82051e-09 0.971521 1.02931 0 0
27.066 1.82051e-09 0.971584 1.02925 0 0
27.126 1.82051e-09 0.971647 1.02918 0 0
27.186 1.82051e-09 0.971709 1.02911 0 0
27.246 1.82051e-09 0.971772 1.02905 0 0
27.306 1.82051e-09 0.971834 1.02898 0 0
27.366 1.82051e-09 0.971896 1.02892 0 0
27.426 1.82051e-09 0.971957 1.02885 0 0
27.486 1.82051e-09 0.972018 1.02879 0 0
27.546 1.82051e-09 0.972079 1.02872 0 0
27.606 1.82051e-09 0.97214 1.02866 0 0
27.666 1.82051e-09 0.9722 1.02859 0 0
27.726 1.82051e-09 0.97226 1.02853 0 0
27.786 1.82051e-09 0.97232 1.02847 0 0
27.846 1.82051e-09 0.97238 1.0284 0 0
27.906 1.82051e-09 0.972439 1.02834 0 0
27.966 1.82051e-09 0.972499 1.02828 0 0
28.026 1.82051e-09 0.972557 1.02822 0 0
28.086 1.82051e-09 0.972616 1.02815 0 0
28.146 1.82051e-09 0.972674 1.02809 0 0
28.206 1.82051e-09 0.972733 1.02803 0 0
28.266 1.82051e-09 0.97279 1.02797 0 0
28.326 1.82051e-09 0.972848 1.02791 0 0
28.386 1.82051e-09 0.972905 1.02785 0 0
28.446 1.82051e-09 0.972963 1.02779 0 0
28.506 1.82051e-09 0.973019 1.02773 0 0
28.566 1.82051e-09 0.973076 1.02767 0 0
28.626 1.82051e-09 0.973133 1.02761 0 0
28.686 1.82051e-09 0.973189 1.02755 0 0
28.746 1.82051e-09 0.973245 1.02749 0 0
28.806 1.82051e-09 0.9733 1.02743 0 0
28.866 1.82051e-09 0.973356 1.02737 0 0
28.926 1.82051e-09 0.973411 1.02732 0 0
28.986 1.82051e-09 0.973466 1.02726 0 0
29.046 1.82051e-09 0.973521 1.0272 0 0
29.106 1.82051e-09 0.973576 1.02714 0 0
29.166 1.82051e-09 0.97363 1.02708 0 0
29.226 1.82051e-09 0.973684 1.02703 0 0
29.286 1.82051e-09 0.973738 1.02697 0 0
29.346 1.82051e-09 0.973792 1.02691 0 0
29.406 1.82051e-09 0.973845 1.02686 0 0
29.466 1.82051e-09 0.973899 1.0268 0 0
29.526 1.82051e-09 0.973952 1.02675 0 0
29.586 1.82051e-09 0.974004 1.02669 0 0
29.646 1.82051e-09 0.974057 1.02663 0 0
29.706 1.82051e-09 0.974109 1.02658 0 0
29.766 1.82051e-09 0.974162 1.02652 0 0
29.826 1.82051e-09 0.974214 1.02647 0 0
29.886 1.82051e-09 0.974265 1.02641 0 0
29.946 1.82051e-09 0.974317 1.02636 0 0
30.006 1.82051e-09 0.974368 1.02631 0 0
30.066 1.82051e-09 0.974419 1.02625 0 0
30.126 1.82051e-09 0.97447 1.0262 0 0
30.186 1.82051e-09 0.974521 1.02615 0 0
30.246 1.82051e-09 0.974572 1.02609 0 0
30.306 1.82051e-09 0.974622 1.02604 0 0
30.366 1.82051e-09 0.974672 1.02599 0 0
30.426 1.82051e-09 0.974722 1.02593 0 0
30.486 1.82051e-09 0.974772 1.02588 0 0
30.546 1.82051e-09 0.974821 1.02583 0 0
30.606 1.82051e-09 0.974871 1.02578 0 0
30.666 1.82051e-09 0.97492 1.02573 0 0
30.726 1.82051e-09 0.974969 1.02567 0 0
30.786 1.82051e-09 0.975018 1.02562 0 0
30.846 1.82051e-09 0.975066 1.02557 0 0
30.906 1.82051e-09 0.975115 1.02552 0 0
30.966 1.82051e-09 0.975163 1.02547 0 0
31.026 1.82051e-09 0.975211 1.02542 0 0
31.086 1.82051e-09 0.975259 1.02537 0 0
31.146 1.82051e-09 0.975306 1.02532 0 0
31.206 1.82051e-09 0.975354 1.02527 0 0
31.266 1.82051e-09 0.975401 1.02522 0 0
31.326 1.82051e-09 0.975448 1.02517 0 0
31.386 1.82051e-09 0.975495 1.02512 0 0
31.446 1.82051e-09 0.975542 1.02507 0 0
31.506 1.82051e-09 0.975589 1.02502 0 0
31.566 1.82051e-09 0.975635 1.02497 0 0
31.626 1.82051e-09 0.975681 1.02492 0 0
31.686 1.82051e-09 0.975727 1.02488 0 0
31.746 1.82051e-09 0.975773 1.02483 0 0
31.806 1.82051e-09 0.975819 1.02478 0 0
31.866 1.82051e-09 0.975864 1.02473 0 0
31.926 1.82051e-09 0.97591 1.02468 0 0
31.986 1.82051e-09 0.975955 1.02464 0 0
32.046 1.82051e-09 0.976 1.02459 0 0
32.106 1.82051e-09 0.976045 1.02454 0 0
32.166 1.82051e-09 0.976089 1.0245 0 0
32.226 1.82051e-09 0.976134 1.02445 0 0
32.286 1.82051e-09 0.976178 1.0244 0 0
32.346 1.82051e-09 0.976223 1.02436 0 0
32.406 1.82051e-09 0.976267 1.02431 0 0
32.466 1.82051e-09 0.97631 1.02426 0 0
32.526 1.82051e-09 0.976354 1.02422 0 0
32.586 1.82051e-09 0.976398 1.02417 0 0
32.646 1.82051e-09 0.976441 1.02413 0 0
32.706 1.82051e-09 0.976484 1.02408 0 0
32.766 1.82051e-09 0.976527 1.02404 0 0
32.826 1.82051e-09 0.97657 1.02399 0 0
32.886 1.82051e-09 0.976613 1.02395 0 0
32.946 1.82051e-09 0.976656 1.0239 0 0
33.006 1.82051e-09 0.976698 1.02386 0 0
33.066 1.82051e-09 0.97674 1.02381 0 0
33.126 1.82051e-09 0.976782 1.02377 0 0
33.186 1.82051e-09 0.976824 1.02373 0 0
33.246 1.82051e-09 0.976866 1.02368 0 0
33.306 1.82051e-09 0.976908 1.02364 0 0
33.366 1.82051e-09 0.976949 1.02359 0 0
33.426 1.82051e-09 0.976991 1.02355 0 0
33.486 1.82051e-09 0.977032 1.02351 0 0
33.546 1.82051e-09 0.977073 1.02346 0 0
33.606 1.82051e-09 0.977114 1.02342 0 0
33.666 1.82051e-09 0.977155 1.02338 0 0
33.726 1.82051e-09 0.977195 1.02334 0 0
33.786 1.82051e-09 0.977236 1.02329 0 0
33.846 1.82051e-09 0.977276 1.02325 0 0
33.906 1.82051e-09 0.977317 1.02321 0 0
33.966 1.82051e-09 0.977357 1.02317 0 0
34.026 1.82051e-09 0.977397 1.02313 0 0
34.086 1.82051e-09 0.977436 1.02308 0 0
34.146 1.82051e-09 0.977476 1.02304 0 0
34.206 1.82051e-09 0.977515 1.023 0 0
34.266 1.82051e-09 0.977555 1.02296 0 0
34.326 1.82051e-09 0.977594 1.02292 0 0
34.386 1.82051e-09 0.977633 1.02288 0 0
34.446 1.82051e-09 0.977672 1.02284 0 0
34.506 1.82051e-09 0.977711 1.0228 0 0
34.566 1.82051e-09 0.97775 1.02276 0 0
34.626 1.82051e-09 0.977788 1.02272 0 0
34.686 1.82051e-09 0.977827 1.02268 0 0
34.746 1.82051e-09 0.977865 1.02264 0 0
34.806 1.82051e-09 0.977903 1.0226 0 0
34.866 1.82051e-09 0.977941 1.02256 0 0
34.926 1.82051e-09 0.977979 1.02252 0 0
34.986 1.82051e-09 0.978017 1.02248 0 0
35.046 1.82051e-09 0.978054 1.02244 0 0
35.106 1.82051e-09 0.978092 1.0224 0 0
35.166 1.82051e-09 0.978129 1.02236 0 0
35.226 1.82051e-09 0.978167 1.02232 0 0
35.286 1.82051e-09 0.978204 1.02228 0 0
35.346 1.82051e-09 0.978241 1.02224 0 0
35.406 1.82051e-09 0.978278 1.0222 0 0
35.466 1.82051e-09 0.978314 1.02217 0 0
35.526 1.82051e-09 0.978351 1.02213 0 0
35.586 1.82051e-09 0.978387 1.02209 0 0
35.646 1.82051e-09 0.978424 1.02205 0 0
35.706 1.82051e-09 0.97846 1.02201 0 0
35.766 1.82051e-09 0.978496 1.02198 0 0
35.826 1.82051e-09 0.978532 1.02194 0 0
35.886 1.82051e-09 0.978568 1.0219 0 0
35.946 1.82051e-09 0.978604 1.02186 0 0
36.006 1.82051e-09 0.978639 1.02183 0 0
36.066 1.82051e-09 0.978675 1.02179 0 0
36.126 1.82051e-09 0.97871 1.02175 0 0
36.186 1.82051e-09 0.978746 1.02172 0 0
36.246 1.82051e-09 0.978781 1.02168 0 0
36.306 1.82051e-09 0.978816 1.02164 0 0
36.366 1.82051e-09 0.978851 1.02161 0 0
36.426 1.82051e-09 0.978886 1.02157 0 0
36.486 1.82051e-09 0.978921 1.02153 0 0
36.546 1.82051e-09 0.978955 1.0215 0 0
36.606 1.82051e-09 0.97899 1.02146 0 0
36.666 1.82051e-09 0.979024 1.02143 0 0
36.726 1.82051e-09 0.979058 1.02139 0 0
36.786 1.82051e-09 0.979092 1.02135 0 0
36.846 1.82051e-09 0.979126 1.02132 0 0
36.906 1.82051e-09 0.97916 1.02128 0 0
36.966 1.82051e-09 0.979194 1.02125 0 0
37.026 1.82051e-09 0.979228 1.02121 0 0
37.086 1.82051e-09 0.979262 1.02118 0 0
37.146 1.82051e-09 0.979295 1.02114 0 0
37.206 1.82051e-09 0.979328 1.02111 0 0
37.266 1.82051e-09 0.979362 1.02107 0 0
37.326 1.82051e-09 0.979395 1.02104 0 0
37.386 1.82051e-09 0.979428 1.021 0 0
37.446 1.82051e-09 0.979461 1.02097 0 0
37.506 1.82051e-09 0.979494 1.02094 0 0
37.566 1.82051e-09 0.979527 1.0209 0 0
37.626 1.82051e-09 0.979559 1.02087 0 0
37.686 1.82051e-09 0.979592 1.02083 0 0
37.746 1.82051e-09 0.979624 1.0208 0 0
37.806 1.82051e-09 0.979656 1.02077 0 0
37.866 1.82051e-09 0.979689 1.02073 0 0
37.926 1.82051e-09 0.979721 1.0207 0 0
37.986 1.82051e-09 0.979753 1.02067 0 0
38.046 1.82051e-09 0.979785 1.02063 0 0
38.106 1.82051e-09 0.979817 1.0206 0 0
38.166 1.82051e-09 0.979848 1.02057 0 0
38.226 1.82051e-09 0.97988 1.02053 0 0
38.286 1.82051e-09 0.979912 1.0205 0 0
38.346 1.82051e-09 0.979943 1.02047 0 0
38.406 1.82051e-09 0.979974 1.02043 0 0
38.466 1.82051e-09 0.980006 1.0204 0 0
38.526 1.82051e-09 0.980037 1.02037 0 0
38.586 1.82051e-09 0.980068 1.02034 0 0
38.646 1.82051e-09 0.980099 1.02031 0 0
38.706 1.82051e-09 0.98013 1.02027 0 0
38.766 1.82051e-09 0.98016 1.02024 0 0
38.826 1.82051e-09 0.980191 1.02021 0 0
38.886 1.82051e-09 0.980222 1.02018 0 0
38.946 1.82051e-09 0.980252 1.02015 0 0
39.006 1.82051e-09 0.980282 1.02011 0 0
39.066 1.82051e-09 0.980313 1.02008 0 0
39.126 1.82051e-09 0.980343 1.02005 0 0
39.186 1.82051e-09 0.980373 1.02002 0 0
39.246 1.82051e-09 0.980403 1.01999 0 0
39.306 1.82051e-09 0.980433 1.01996 0 0
39.366 1.82051e-09 0.980463 1.01993 0 0
39.426 1.82051e-09 0.980492 1.0199 0 0
39.486 1.82051e-09 0.980522 1.01986 0 0
39.546 1.82051e-09 0.980552 1.01983 0 0
39.606 1.82051e-09 0.980581 1.0198 0 0
39.666 1.82051e-09 0.98061 1.01977 0 0
39.726 1.82051e-09 0.98064 1.01974 0 0
39.786 1.82051e-09 0.980669 1.01971 0 0
39.846 1.82051e-09 0.980698 1.01968 0 0
39.906 1.82051e-09 0.980727 1.01965 0 0
39.966 1.82051e-09 0.980756 1.01962 0 0
40.026 1.82051e-09 0.980785 1.01959 0 0
40.086 1.82051e-09 0.980814 1.01956 0 0
40.146 1.82051e-09 0.980842 1.01953 0 0
40.206 1.82051e-09 0.980871 1.0195 0 0
40.266 1.82051e-09 0.980899 1.01947 0 0
40.326 1.82051e-09 0.980928 1.01944 0 0
40.386 1.82051e-09 0.980956 1.01941 0 0
40.446 1.82051e-09 0.980984 1.01938 0 0
40.506 1.82051e-09 0.981013 1.01935 0 0
40.566 1.82051e-09 0.981041 1.01933 0 0
40.626 1.82051e-09 0.981069 1.0193 0 0
40.686 1.82051e-09 0.981097 1.01927 0 0
40.746 1.82051e-09 0.981124 1.01924 0 0
40.806 1.82051e-09 0.981152 1.01921 0 0
40.866 1.82051e-09 0.98118 1.01918 0 0
40.926 1.82051e-09 0.981207 1.01915 0 0
40.986 1.82051e-09 0.981235 1.01912 0 0
41.046 1.82051e-09 0.981262 1.0191 0 0
41.106 1.82051e-09 0.98129 1.01907 0 0
41.166 1.82051e-09 0.981317 1.01904 0 0
41.226 1.82051e-09 0.981344 1.01901 0 0
41.286 1.82051e-09 0.981371 1.01898 0 0
41.346 1.82051e-09 0.981398 1.01895 0 0
41.406 1.82051e-09 0.981425 1.01893 0 0
41.466 1.82051e-09 0.981452 1.0189 0 0
41.526 1.82051e-09 0.981479 1.01887 0 0
41.586 1.82051e-09 0.981506 1.01884 0 0
41.646 1.82051e-09 0.981532 1.01882 0 0
41.706 1.82051e-09 0.981559 1.01879 0 0
41.766 1.82051e-09 0.981585 1.01876 0 0
41.826 1.82051e-09 0.981612 1.01873 0 0
41.886 1.82051e-09 0.981638 1.01871 0 0
41.946 1.82051e-09 0.981664 1.01868 0 0
42.006 1.82051e-09 0.981691 1.01865 0 0
42.066 1.82051e-09 0.981717 1.01862 0 0
42.126 1.82051e-09 0.981743 1.0186 0 0
42.186 1.82051e-09 0.981769 1.01857 0 0
42.246 1.82051e-09 0.981795 1.01854 0 0
42.306 1.82051e-09 0.98182 1.01852 0 0
42.366 1.82051e-09 0.981846 1.01849 0 0
42.426 1.82051e-09 0.981872 1.01846 0 0
42.486 1.82051e-09 0.981897 1.01844 0 0
42.546 1.82051e-09 0.981923 1.01841 0 0
42.606 1.82051e-09 0.981948 1.01838 0 0
42.666 1.82051e-09 0.981974 1.01836 0 0
42.726 1.82051e-09 0.981999 1.01833 0 0
42.786 1.82051e-09 0.982024 1.0183 0 0
42.846 1.82051e-09 0.98205 1.01828 0 0
42.906 1.82051e-09 0.982075 1.01825 0 0
42.966 1.82051e-09 0.9821 1.01823 0 0
43.026 1.82051e-09 0.982125 1.0182 0 0
43.086 1.82051e-09 0.98215 1.01817 0 0
43.146 1.82051e-09 0.982174 1.01815 0 0
43.206 1.82051e-09 0.982199 1.01812 0 0
43.266 1.82051e-09 0.982224 1.0181 0 0
43.326 1.82051e-09 0.982248 1.01807 0 0
43.386 1.82051e-09 0.982273 1.01805 0 0
43.446 1.82051e-09 0.982297 1.01802 0 0
43.506 1.82051e-09 0.982322 1.018 0 0
43.566 1.82051e-09 0.982346 1.01797 0 0
43.626 1.82051e-09 0.98237 1.01795 0 0
43.686 1.82051e-09 0.982395 1.01792 0 0
43.746 1.82051e-09 0.982419 1.0179 0 0
43.806 1.82051e-09 0.982443 1.01787 0 0
43.866 1.82051e-09 0.982467 1.01785 0 0
43.926 1.82051e-09 0.982491 1.01782 0 0
43.986 1.82051e-09 0.982515 1.0178 0 0
44.046 1.82051e-09 0.982539 1.01777 0 0
44.106 1.82051e-09 0.982562 1.01775 0 0
44.166 1.82051e-09 0.982586 1.01772 0 0
44.226 1.82051e-09 0.98261 1.0177 0 0
44.286 1.82051e-09 0.982633 1.01767 0 0
44.346 1.82051e-09 0.982657 1.01765 0 0
44.406 1.82051e-09 0.98268 1.01763 0 0
44.466 1.82051e-09 0.982703 1.0176 0 0
44.526 1.82051e-09 0.982727 1.01758 0 0
44.586 1.82051e-09 0.98275 1.01755 0 0
44.646 1.82051e-09 0.982773 1.01753 0 0
44.706 1.82051e-09 0.982796 1.0175 0 0
44.766 1.82051e-09 0.982819 1.01748 0 0
44.826 1.82051e-09 0.982842 1.01746 0 0
44.886 1.82051e-09 0.982865 1.01743 0 0
44.946 1.82051e-09 0.982888 1.01741 0 0
45.006 1.82051e-09 0.982911 1.01739 0 0
45.066 1.82051e-09 0.982934 1.01736 0 0
45.126 1.82051e-09 0.982956 1.01734 0 0
45.186 1.82051e-09 0.982979 1.01732 0 0
45.246 1.82051e-09 0.983002 1.01729 0 0
45.306 1.82051e-09 0.983024 1.01727 0 0
45.366 1.82051e-09 0.983047 1.01725 0 0
45.426 1.82051e-09 0.983069 1.01722 0 0
45.486 1.82051e-09 0.983091 1.0172 0 0
45.546 1.82051e-09 0.983114 1.01718 0 0
45.606 1.82051e-09 0.983136 1.01715 0 0
45.666 1.82051e-09 0.983158 1.01713 0 0
45.726 1.82051e-09 0.98318 1.01711 0 0
45.786 1.82051e-09 0.983202 1.01708 0 0
45.846 1.82051e-09 0.983224 1.01706 0 0
45.906 1.82051e-09 0.983246 1.01704 0 0
45.966 1.82051e-09 0.983268 1.01702 0 0
46.026 1.82051e-09 0.98329 1.01699 0 0
46.086 1.82051e-09 0.983311 1.01697 0 0
46.146 1.82051e-09 0.983333 1.01695 0 0
46.206 1.82051e-09 0.983355 1.01693 0 0
46.266 1.82051e-09 0.983376 1.0169 0 0
46.326 1.82051e-09 0.983398 1.01688 0 0
46.386 1.82051e-09 0.983419 1.01686 0 0
46.446 1.82051e-09 0.983441 1.01684 0 0
46.506 1.82051e-09 0.983462 1.01682 0 0
46.566 1.82051e-09 0.983484 1.01679 0 0
46.626 1.82051e-09 0.983505 1.01677 0 0
46.686 1.82051e-09 0.983526 1.01675 0 0
46.746 1.82051e-09 0.983547 1.01673 0 0
46.806 1.82051e-09 0.983568 1.01671 0 0
46.866 1.82051e-09 0.983589 1.01668 0 0
46.926 1.82051e-09 0.98361 1.01666 0 0
46.986 1.82051e-09 0.983631 1.01664 0 0
47.046 1.82051e-09 0.983652 1.01662 0 0
47.106 1.82051e-09 0.983673 1.0166 0 0
47.166 1.82051e-09 0.983694 1.01658 0 0
47.226 1.82051e-09 0.983714 1.01656 0 0
47.286 1.82051e-09 0.983735 1.01653 0 0
47.346 1.82051e-09 0.983756 1.01651 0 0
47.406 1.82051e-09 0.983776 1.01649 0 0
47.466 1.82051e-09 0.983797 1.01647 0 0
47.526 1.82051e-09 0.983817 1.01645 0 0
47.586 1.82051e-09 0.983838 1.01643 0 0
47.646 1.82051e-09 0.983858 1.01641 0 0
47.706 1.82051e-09 0.983878 1.01639 0 0
47.766 1.82051e-09 0.983898 1.01637 0 0
47.826 1.82051e-09 0.983919 1.01634 0 0
47.886 1.82051e-09 0.983939 1.01632 0 0
47.946 1.82051e-09 0.983959 1.0163 0 0
48.006 1.82051e-09 0.983979 1.01628 0 0
48.066 1.82051e-09 0.983999 1.01626 0 0
48.126 1.82051e-09 0.984019 1.01624 0 0
48.186 1.82051e-09 0.984039 1.01622 0 0
48.246 1.82051e-09 0.984059 1.0162 0 0
48.306 1.82051e-09 0.984078 1.01618 0 0
48.366 1.82051e-09 0.984098 1.01616 0 0
48.426 1.82051e-09 0.984118 1.01614 0 0
48.486 1.82051e-09 0.984138 1.01612 0 0
48.546 1.82051e-09 0.984157 1.0161 0 0
48.606 1.82051e-09 0.984177 1.01608 0 0
48.666 1.82051e-09 0.984196 1.01606 0 0
48.726 1.82051e-09 0.984216 1.01604 0 0
48.786 1.82051e-09 0.984235 1.01602 0 0
48.846 1.82051e-09 0.984254 1.016 0 0
48.906 1.82051e-09 0.984274 1.01598 0 0
48.966 1.82051e-09 0.984293 1.01596 0 0
49.026 1.82051e-09 0.984312 1.01594 0 0
49.086 1.82051e-09 0.984331 1.01592 0 0
49.146 1.82051e-09 0.984351 1.0159 0 0
49.206 1.82051e-09 0.98437 1.01588 0 0
49.266 1.82051e-09 0.984389 1.01586 0 0
49.326 1.82051e-09 0.984408 1.01584 0 0
49.386 1.82051e-09 0.984427 1.01582 0 0
49.446 1.82051e-09 0.984446 1.0158 0 0
49.506 1.82051e-09 0.984464 1.01578 0 0
49.566 1.82051e-09 0.984483 1.01576 0 0
49.626 1.82051e-09 0.984502 1.01574 0 0
49.686 1.82051e-09 0.984521 1.01572 0 0
49.746 1.82051e-09 0.984539 1.0157 0 0
49.806 1.82051e-09 0.984558 1.01568 0 0
49.866 1.82051e-09 0.984577 1.01567 0 0
49.926 1.82051e-09 0.984595 1.01565 0 0
49.986 1.82051e-09 0.984614 1.01563 0 0
50.046 1.82051e-09 0.984632 1.01561 0 0
50.106 1.82051e-09 0.98465 1.01559 0 0
50.166 1.82051e-09 0.984669 1.01557 0 0
50.226 1.82051e-09 0.984687 1.01555 0 0
50.286 1.82051e-09 0.984705 1.01553 0 0
50.346 1.82051e-09 0.984724 1.01551 0 0
50.406 1.82051e-09 0.984742 1.01549 0 0
50.466 1.82051e-09 0.98476 1.01548 0 0
50.526 1.82051e-09 0.984778 1.01546 0 0
50.586 1.82051e-09 0.984796 1.01544 0 0
50.646 1.82051e-09 0.984814 1.01542 0 0
50.706 1.82051e-09 0.984832 1.0154 0 0
50.766 1.82051e-09 0.98485 1.01538 0 0
50.826 1.82051e-09 0.984868 1.01536 0 0
50.886 1.82051e-09 0.984886 1.01535 0 0
50.946 1.82051e-09 0.984903 1.01533 0 0
51.006 1.82051e-09 0.984921 1.01531 0 0
51.066 1.82051e-09 0.984939 1.01529 0 0
51.126 1.82051e-09 0.984957 1.01527 0 0
51.186 1.82051e-09 0.984974 1.01525 0 0
51.246 1.82051e-09 0.984992 1.01524 0 0
51.306 1.82051e-09 0.985009 1.01522 0 0
51.366 1.82051e-09 0.985027 1.0152 0 0
51.426 1.82051e-09 0.985044 1.01518 0 0
51.486 1.82051e-09 0.985062 1.01516 0 0
51.546 1.82051e-09 0.985079 1.01515 0 0
51.606 1.82051e-09 0.985097 1.01513 0 0
51.666 1.82051e-09 0.985114 1.01511 0 0
51.726 1.82051e-09 0.985131 1.01509 0 0
51.786 1.82051e-09 0.985148 1.01508 0 0
51.846 1.82051e-09 0.985166 1.01506 0 0
51.906 1.82051e-09 0.985183 1.01504 0 0
51.966 1.82051e-09 0.9852 1.01502 0 0
52.026 1.82051e-09 0.985217 1.015 0 0
52.086 1.82051e-09 0.985234 1.01499 0 0
52.146 1.82051e-09 0.985251 1.01497 0 0
52.206 1.82051e-09 0.985268 1.01495 0 0
52.266 1.82051e-09 0.985285 1.01494 0 0
52.326 1.82051e-09 0.985302 1.01492 0 0
52.386 1.82051e-09 0.985318 1.0149 0 0
52.446 1.82051e-09 0.985335 1.01488 0 0
52.506 1.82051e-09 0.985352 1.01487 0 0
52.566 1.82051e-09 0.985369 1.01485 0 0
52.626 1.82051e-09 0.985385 1.01483 0 0
52.686 1.82051e-09 0.985402 1.01481 0 0
52.746 1.82051e-09 0.985419 1.0148 0 0
52.806 1.82051e-09 0.985435 1.01478 0 0
52.866 1.82051e-09 0.985452 1.01476 0 0
52.926 1.82051e-09 0.985468 1.01475 0 0
52.986 1.82051e-09 0.985485 1.01473 0 0
53.046 1.82051e-09 0.985501 1.01471 0 0
53.106 1.82051e-09 0.985518 1.0147 0 0
53.166 1.82051e-09 0.985534 1.01468 0 0
53.226 1.82051e-09 0.98555 1.01466 0 0
53.286 1.82051e-09 0.985566 1.01464 0 0
53.346 1.82051e-09 0.985583 1.01463 0 0
53.406 1.82051e-09 0.985599 1.01461 0 0
53.466 1.82051e-09 0.985615 1.01459 0 0
53.526 1.82051e-09 0.985631 1.01458 0 0
53.586 1.82051e-09 0.985647 1.01456 0 0
53.646 1.82051e-09 0.985663 1.01455 0 0
53.706 1.82051e-09 0.985679 1.01453 0 0
53.766 1.82051e-09 0.985695 1.01451 0 0
53.826 1.82051e-09 0.985711 1.0145 0 0
53.886 1.82051e-09 0.985727 1.01448 0 0
53.946 1.82051e-09 0.985743 1.01446 0 0
54.006 1.82051e-09 0.985759 1.01445 0 0
54.066 1.82051e-09 0.985775 1.01443 0 0
54.126 1.82051e-09 0.98579 1.01441 0 0
54.186 1.82051e-09 0.985806 1.0144 0 0
54.246 1.82051e-09 0.985822 1.01438 0 0
54.306 1.82051e-09 0.985838 1.01437 0 0
54.366 1.82051e-09 0.985853 1.01435 0 0
54.426 1.82051e-09 0.985869 1.01433 0 0
54.486 1.82051e-09 0.985884 1.01432 0 0
54.546 1.82051e-09 0.9859 1.0143 0 0
54.606 1.82051e-09 0.985915 1.01429 0 0
54.666 1.82051e-09 0.985931 1.01427 0 0
54.726 1.82051e-09 0.985946 1.01425 0 0
54.786 1.82051e-09 0.985962 1.01424 0 0
54.846 1.82051e-09 0.985977 1.01422 0 0
54.906 1.82051e-09 0.985992 1.01421 0 0
54.966 1.82051e-09 0.986008 1.01419 0 0
55.026 1.82051e-09 0.986023 1.01418 0 0
55.086 1.82051e-09 0.986038 1.01416 0 0
55.146 1.82051e-09 0.986053 1.01414 0 0
55.206 1.82051e-09 0.986068 1.01413 0 0
55.266 1.82051e-09 0.986084 1.01411 0 0
55.326 1.82051e-09 0.986099 1.0141 0 0
55.386 1.82051e-09 0.986114 1.01408 0 0
55.446 1.82051e-09 0.986129 1.01407 0 0
55.506 1.82051e-09 0.986144 1.01405 0 0
55.566 1.82051e-09 0.986159 1.01404 0 0
55.626 1.82051e-09 0.986174 1.01402 0 0
55.686 1.82051e-09 0.986189 1.014 0 0
55.746 1.82051e-09 0.986203 1.01399 0 0
55.806 1.82051e-09 0.986218 1.01397 0 0
55.866 1.82051e-09 0.986233 1.01396 0 0
55.926 1.82051e-09 0.986248 1.01394 0 0
55.986 1.82051e-09 0.986263 1.01393 0 0
56.046 1.82051e-09 0.986277 1.01391 0 0
56.106 1.82051e-09 0.986292 1.0139 0 0
56.166 1.82051e-09 0.986307 1.01388 0 0
56.226 1.82051e-09 0.986321 1.01387 0 0
56.286 1.82051e-09 0.986336 1.01385 0 0
56.346 1.82051e-09 0.98635 1.01384 0 0
56.406 1.82051e-09 0.986365 1.01382 0 0
56.466 1.82051e-09 0.986379 1.01381 0 0
56.526 1.82051e-09 0.986394 1.01379 0 0
56.586 1.82051e-09 0.986408 1.01378 0 0
56.646 1.82051e-09 0.986423 1.01376 0 0
56.706 1.82051e-09 0.986437 1.01375 0 0
56.766 1.82051e-09 0.986451 1.01373 0 0
56.826 1.82051e-09 0.986466 1.01372 0 0
56.886 1.82051e-09 0.98648 1.01371 0 0
56.946 1.82051e-09 0.986494 1.01369 0 0
57.006 1.82051e-09 0.986508 1.01368 0 0
57.066 1.82051e-09 0.986523 1.01366 0 0
57.126 1.82051e-09 0.986537 1.01365 0 0
57.186 1.82051e-09 0.986551 1.01363 0 0
57.246 1.82051e-09 0.986565 1.01362 0 0
57.306 1.82051e-09 0.986579 1.0136 0 0
57.366 1.82051e-09 0.986593 1.01359 0 0
57.426 1.82051e-09 0.986607 1.01357 0 0
57.486 1.82051e-09 0.986621 1.01356 0 0
57.546 1.82051e-09 0.986635 1.01355 0 0
57.606 1.82051e-09 0.986649 1.01353 0 0
57.666 1.82051e-09 0.986663 1.01352 0 0
57.726 1.82051e-09 0.986677 1.0135 0 0
57.786 1.82051e-09 0.98669 1.01349 0 0
57.846 1.82051e-09 0.986704 1.01347 0 0
57.906 1.82051e-09 0.986718 1.01346 0 0
57.966 1.82051e-09 0.986732 1.01345 0 0
58.026 1.82051e-09 0.986745 1.01343 0 0
58.086 1.82051e-09 0.986759 1.01342 0 0
58.146 1.82051e-09 0.986773 1.0134 0 0
58.206 1.82051e-09 0.986786 1.01339 0 0
58.266 1.82051e-09 0.9868 1.01338 0 0
58.326 1.82051e-09 0.986814 1.01336 0 0
58.386 1.82051e-09 0.986827 1.01335 0 0
58.446 1.82051e-09 0.986841 1.01333 0 0
58.506 1.82051e-09 0.986854 1.01332 0 0
58.566 1.82051e-09 0.986868 1.01331 0 0
58.626 1.82051e-09 0.986881 1.01329 0 0
58.686 1.82051e-09 0.986895 1.01328 0 0
58.746 1.82051e-09 0.986908 1.01327 0 0
58.806 1.82051e-09 0.986921 1.01325 0 0
58.866 1.82051e-09 0.986935 1.01324 0 0
58.926 1.82051e-09 0.986948 1.01322 0 0
58.986 1.82051e-09 0.986961 1.01321 0 0
59.046 1.82051e-09 0.986974 1.0132 0 0
59.106 1.82051e-09 0.986988 1.01318 0 0
59.166 1.82051e-09 0.987001 1.01317 0 0
59.226 1.82051e-09 0.987014 1.01316 0 0
59.286 1.82051e-09 0.987027 1.01314 0 0
59.346 1.82051e-09 0.98704 1.01313 0 0
59.406 1.82051e-09 0.987053 1.01312 0 0
59.466 1.82051e-09 0.987066 1.0131 0 0
59.526 1.82051e-09 0.987079 1.01309 0 0
59.586 1.82051e-09 0.987092 1.01308 0 0
59.646 1.82051e-09 0.987105 1.01306 0 0
59.706 1.82051e-09 0.987118 1.01305 0 0
59.766 1.82051e-09 0.987131 1.01304 0 0
59.826 1.82051e-09 0.987144 1.01302 0 0
59.886 1.82051e-09 0.987157 1.01301 0 0
59.946 1.82051e-09 0.98717 1.013 0 0

