0.006 1.79045e-05
0.066 0.00106402
0.126 0.00126521
0.186 0.00109515
0.246 0.000949226
0.306 0.000845609
0.366 0.000773646
0.426 0.000722379
0.486 0.000685349
0.546 0.000659003
0.606 0.00064138
0.666 0.000631337
0.726 0.000628067
0.786 0.000630703
0.846 0.000637825
0.906 0.000646705
0.966 0.000652322
1.026 0.000647748
1.086 0.000628645
1.146 0.000597143
1.206 0.000558486
1.266 0.000517004
1.326 0.000475376
1.386 0.000435108
1.446 0.000397004
1.506 0.000361452
1.566 0.000328597
1.626 0.000298435
1.686 0.000270874
1.746 0.000245775
1.806 0.000222973
1.866 0.000202292
1.926 0.000183555
1.986 0.000166593
2.046 0.000151244
2.106 0.000137357
2.166 0.000124792
2.226 0.000113423
2.286 0.000103132
2.346 9.38141e-05
2.406 8.53745e-05
2.466 7.77267e-05
2.526 7.07934e-05
2.586 6.45046e-05
2.646 5.87977e-05
2.706 5.36163e-05
2.766 4.89096e-05
2.826 4.4632e-05
2.886 4.07425e-05
2.946 3.72042e-05
3.006 3.39839e-05
3.066 3.10517e-05
3.126 2.83806e-05
3.186 2.59464e-05
3.246 2.37272e-05
3.306 2.17031e-05
3.366 1.98563e-05
3.426 1.81707e-05
3.486 1.66316e-05
3.546 1.52259e-05
3.606 1.39415e-05
3.666 1.27677e-05
3.726 1.16945e-05
3.786 1.07131e-05
3.846 9.81545e-06
3.906 8.9941e-06
3.966 8.2424e-06
4.026 7.55429e-06
4.086 6.92424e-06
4.146 6.34723e-06
4.206 5.81868e-06
4.266 5.33442e-06
4.326 4.89067e-06
4.386 4.48395e-06
4.446 4.11112e-06
4.506 3.76929e-06
4.566 3.45584e-06
4.626 3.16837e-06
4.686 2.90468e-06
4.746 2.66279e-06
4.806 2.44086e-06
4.866 2.23721e-06
4.926 2.05033e-06
4.986 1.87882e-06
5.046 1.72139e-06
5.106 1.57688e-06
5.166 1.44423e-06
5.226 1.32244e-06
5.286 1.21063e-06
5.346 1.10797e-06
5.406 1.01371e-06
5.466 9.27166e-07
5.526 8.47704e-07
5.586 7.74748e-07
5.646 7.07768e-07
5.706 6.46279e-07
5.766 5.89837e-07
5.826 5.38034e-07
5.886 4.90498e-07
5.946 4.46887e-07
6.006 4.06887e-07
6.066 3.70212e-07
6.126 3.36599e-07
6.186 3.05808e-07
6.246 2.77619e-07
6.306 2.5183e-07
6.366 2.28258e-07
6.426 2.06734e-07
6.486 1.87105e-07
6.546 1.69231e-07
6.606 1.52985e-07
6.666 1.38251e-07
6.726 1.24923e-07
6.786 1.12906e-07
6.846 1.02115e-07
6.906 9.24721e-08
6.966 8.3908e-08
7.026 7.63611e-08
7.086 6.97766e-08
7.146 6.41067e-08
7.206 5.93097e-08
7.266 5.53501e-08
7.326 5.21979e-08
7.386 4.9829e-08
7.446 4.82244e-08
7.506 3.04913e-17
7.566 3.09617e-17
7.626 3.14357e-17
7.686 3.19134e-17
7.746 3.23947e-17
7.806 3.28796e-17
7.866 3.33681e-17
7.926 3.38603e-17
7.986 3.4356e-17
8.046 3.48554e-17
8.106 3.53585e-17
8.166 3.58651e-17
8.226 3.63754e-17
8.286 3.68893e-17
8.346 3.74068e-17
8.406 3.79279e-17
8.466 3.84527e-17
8.526 3.89811e-17
8.586 3.95131e-17
8.646 4.00487e-17
8.706 4.0588e-17
8.766 4.11308e-17
8.826 4.16773e-17
8.886 4.22274e-17
8.946 4.27812e-17
9.006 4.33386e-17
9.066 4.38995e-17
9.126 4.44642e-17
9.186 4.50324e-17
9.246 4.56042e-17
9.306 4.61797e-17
9.366 4.67588e-17
9.426 4.73415e-17
9.486 4.79279e-17
9.546 4.85178e-17
9.606 4.91114e-17
9.666 4.97086e-17
9.726 5.03095e-17
9.786 5.09139e-17
9.846 5.1522e-17
9.906 5.21337e-17
9.966 5.2749e-17
10.026 5.3368e-17
10.086 5.39905e-17
10.146 5.46167e-17
10.206 5.52465e-17
10.266 5.588e-17
10.326 5.6517e-17
10.386 5.71577e-17
10.446 5.7802e-17
10.506 5.84499e-17
10.566 5.91015e-17
10.626 5.97566e-17
10.686 6.04154e-17
10.746 6.10778e-17
10.806 6.17439e-17
10.866 6.24135e-17
10.926 6.30868e-17
10.986 6.37637e-17
11.046 6.44442e-17
11.106 6.51283e-17
11.166 6.58161e-17
11.226 6.65075e-17
11.286 6.72025e-17
11.346 6.79011e-17
11.406 6.86034e-17
11.466 6.93092e-17
11.526 7.00187e-17
11.586 7.07319e-17
11.646 7.14486e-17
11.706 7.2169e-17
11.766 7.28929e-17
11.826 7.36205e-17
11.886 7.43518e-17
11.946 7.50866e-17
12.006 7.58251e-17
12.066 7.65672e-17
12.126 7.73129e-17
12.186 7.80622e-17
12.246 7.88152e-17
12.306 7.95717e-17
12.366 8.03319e-17
12.426 8.10957e-17
12.486 8.18632e-17
12.546 8.26342e-17
12.606 8.34089e-17
12.666 8.41872e-17
12.726 8.49692e-17
12.786 8.57547e-17
12.846 8.65439e-17
12.906 8.73367e-17
12.966 8.81331e-17
13.026 8.89331e-17
13.086 8.97368e-17
13.146 9.05441e-17
13.206 9.1355e-17
13.266 9.21695e-17
13.326 9.29876e-17
13.386 9.38094e-17
13.446 9.46348e-17
13.506 9.54638e-17
13.566 9.62964e-17
13.626 9.71327e-17
13.686 9.79725e-17
13.746 9.8816e-17
13.806 9.96631e-17
13.866 1.00514e-16
13.926 1.01368e-16
13.986 1.02226e-16
14.046 1.03088e-16
14.106 1.03953e-16
14.166 1.04822e-16
14.226 1.05694e-16
14.286 1.0657e-16
14.346 1.0745e-16
14.406 1.08333e-16
14.466 1.0922e-16
14.526 1.10111e-16
14.586 1.11005e-16
14.646 1.11903e-16
14.706 1.12804e-16
14.766 1.13709e-16
14.826 1.14618e-16
14.886 1.1553e-16
14.946 1.16446e-16
15.006 1.17366e-16
15.066 1.18289e-16
15.126 1.19216e-16
15.186 1.20146e-16
15.246 1.2108e-16
15.306 1.22018e-16
15.366 1.22959e-16
15.426 1.23904e-16
15.486 1.24853e-16
15.546 1.25805e-16
15.606 1.26761e-16
15.666 1.2772e-16
15.726 1.28683e-16
15.786 1.2965e-16
15.846 1.3062e-16
15.906 1.31594e-16
15.966 1.32571e-16
16.026 1.33552e-16
16.086 1.34537e-16
16.146 1.35525e-16
16.206 1.36517e-16
16.266 1.37513e-16
16.326 1.38512e-16
16.386 1.39515e-16
16.446 1.40521e-16
16.506 1.41531e-16
16.566 1.42545e-16
16.626 1.43563e-16
16.686 1.44583e-16
16.746 1.45608e-16
16.806 1.46636e-16
16.866 1.47668e-16
16.926 1.48703e-16
16.986 1.49742e-16
17.046 1.50785e-16
17.106 1.51831e-16
17.166 1.52881e-16
17.226 1.53935e-16
17.286 1.54992e-16
17.346 1.56053e-16
17.406 1.57117e-16
17.466 1.58185e-16
17.526 1.59257e-16
17.586 1.60332e-16
17.646 1.61411e-16
17.706 1.62494e-16
17.766 1.6358e-16
17.826 1.64669e-16
17.886 1.65763e-16
17.946 1.6686e-16
18.006 1.6796e-16
18.066 1.69065e-16
18.126 1.70172e-16
18.186 1.71284e-16
18.246 1.72399e-16
18.306 1.73518e-16
18.366 1.7464e-16
18.426 1.75766e-16
18.486 1.76896e-16
18.546 1.78029e-16
18.606 1.79166e-16
18.666 1.80306e-16
18.726 1.8145e-16
18.786 1.82598e-16
18.846 1.83749e-16
18.906 1.84904e-16
18.966 1.86063e-16
19.026 1.87225e-16
19.086 1.88391e-16
19.146 1.8956e-16
19.206 1.90733e-16
19.266 1.9191e-16
19.326 1.9309e-16
19.386 1.94274e-16
19.446 1.95461e-16
19.506 1.96653e-16
19.566 1.97847e-16
19.626 1.99046e-16
19.686 2.00248e-16
19.746 2.01453e-16
19.806 2.02663e-16
19.866 2.03876e-16
19.926 2.05092e-16
19.986 2.06312e-16
20.046 2.07536e-16
20.106 2.08763e-16
20.166 2.09994e-16
20.226 2.11229e-16
20.286 2.12467e-16
20.346 2.13709e-16
20.406 2.14954e-16
20.466 2.16203e-16
20.526 2.17456e-16
20.586 2.18712e-16
20.646 2.19972e-16
20.706 2.21236e-16
20.766 2.22503e-16
20.826 2.23774e-16
20.886 2.25048e-16
20.946 2.26326e-16
21.006 2.27608e-16
21.066 2.28893e-16
21.126 2.30182e-16
21.186 2.31475e-16
21.246 2.32771e-16
21.306 2.34071e-16
21.366 2.35374e-16
21.426 2.36681e-16
21.486 2.37992e-16
21.546 2.39306e-16
21.606 2.40624e-16
21.666 2.41946e-16
21.726 2.43271e-16
21.786 2.44599e-16
21.846 2.45932e-16
21.906 2.47268e-16
21.966 2.48607e-16
22.026 2.49951e-16
22.086 2.51298e-16
22.146 2.52648e-16
22.206 2.54002e-16
22.266 2.5536e-16
22.326 2.56721e-16
22.386 2.58086e-16
22.446 2.59455e-16
22.506 2.60827e-16
22.566 2.62203e-16
22.626 2.63582e-16
22.686 2.64965e-16
22.746 2.66352e-16
22.806 2.67742e-16
22.866 2.69136e-16
22.926 2.70534e-16
22.986 2.71935e-16
23.046 2.7334e-16
23.106 2.74748e-16
23.166 2.7616e-16
23.226 2.77576e-16
23.286 2.78995e-16
23.346 2.80418e-16
23.406 2.81845e-16
23.466 2.83275e-16
23.526 2.84708e-16
23.586 2.86146e-16
23.646 2.87587e-16
23.706 2.89031e-16
23.766 2.9048e-16
23.826 2.91932e-16
23.886 2.93387e-16
23.946 2.94846e-16
24.006 2.96309e-16
24.066 2.97775e-16
24.126 2.99245e-16
24.186 3.00719e-16
24.246 3.02196e-16
24.306 3.03677e-16
24.366 3.05161e-16
24.426 3.0665e-16
24.486 3.08141e-16
24.546 3.09637e-16
24.606 3.11135e-16
24.666 3.12638e-16
24.726 3.14144e-16
24.786 3.15654e-16
24.846 3.17167e-16
24.906 3.18685e-16
24.966 3.20205e-16
25.026 3.2173e-16
25.086 3.23257e-16
25.146 3.24789e-16
25.206 3.26324e-16
25.266 3.27863e-16
25.326 3.29405e-16
25.386 3.30951e-16
25.446 3.32501e-16
25.506 3.34054e-16
25.566 3.35611e-16
25.626 3.37172e-16
25.686 3.38736e-16
25.746 3.40304e-16
25.806 3.41875e-16
25.866 3.4345e-16
25.926 3.45029e-16
25.986 3.46611e-16
26.046 3.48197e-16
26.106 3.49786e-16
26.166 3.51379e-16
26.226 3.52976e-16
26.286 3.54576e-16
26.346 3.5618e-16
26.406 3.57788e-16
26.466 3.59399e-16
26.526 3.61014e-16
26.586 3.62632e-16
26.646 3.64254e-16
26.706 3.6588e-16
26.766 3.67509e-16
26.826 3.69142e-16
26.886 3.70779e-16
26.946 3.72419e-16
27.006 3.74063e-16
27.066 3.7571e-16
27.126 3.77361e-16
27.186 3.79016e-16
27.246 3.80674e-16
27.306 3.82336e-16
27.366 3.84002e-16
27.426 3.85671e-16
27.486 3.87344e-16
27.546 3.8902e-16
27.606 3.907e-16
27.666 3.92384e-16
27.726 3.94071e-16
27.786 3.95762e-16
27.846 3.97456e-16
27.906 3.99154e-16
27.966 4.00856e-16
28.026 4.02561e-16
28.086 4.0427e-16
28.146 4.05983e-16
28.206 4.07699e-16
28.266 4.09419e-16
28.326 4.11143e-16
28.386 4.1287e-16
28.446 4.146e-16
28.506 4.16335e-16
28.566 4.18073e-16
28.626 4.19814e-16
28.686 4.21559e-16
28.746 4.23308e-16
28.806 4.25061e-16
28.866 4.26817e-16
28.926 4.28576e-16
28.986 4.3034e-16
29.046 4.32107e-16
29.106 4.33877e-16
29.166 4.35651e-16
29.226 4.37429e-16
29.286 4.3921e-16
29.346 4.40995e-16
29.406 4.42784e-16
29.466 4.44576e-16
29.526 4.46372e-16
29.586 4.48172e-16
29.646 4.49975e-16
29.706 4.51782e-16
29.766 4.53592e-16
29.826 4.55406e-16
29.886 4.57224e-16
29.946 4.59045e-16
30.006 4.6087e-16
30.066 4.62698e-16
30.126 4.6453e-16
30.186 4.66366e-16
30.246 4.68205e-16
30.306 4.70048e-16
30.366 4.71895e-16
30.426 4.73745e-16
30.486 4.75599e-16
30.546 4.77456e-16
30.606 4.79317e-16
30.666 4.81182e-16
30.726 4.8305e-16
30.786 4.84922e-16
30.846 4.86798e-16
30.906 4.88677e-16
30.966 4.9056e-16
31.026 4.92446e-16
31.086 4.94336e-16
31.146 4.9623e-16
31.206 4.98127e-16
31.266 5.00028e-16
31.326 5.01933e-16
31.386 5.03841e-16
31.446 5.05753e-16
31.506 5.07668e-16
31.566 5.09587e-16
31.626 5.1151e-16
31.686 5.13436e-16
31.746 5.15366e-16
31.806 5.17299e-16
31.866 5.19236e-16
31.926 5.21177e-16
31.986 5.23121e-16
32.046 5.25069e-16
32.106 5.27021e-16
32.166 5.28976e-16
32.226 5.30935e-16
32.286 5.32897e-16
32.346 5.34864e-16
32.406 5.36833e-16
32.466 5.38807e-16
32.526 5.40784e-16
32.586 5.42764e-16
32.646 5.44748e-16
32.706 5.46736e-16
32.766 5.48728e-16
32.826 5.50723e-16
32.886 5.52721e-16
32.946 5.54724e-16
33.006 5.56729e-16
33.066 5.58739e-16
33.126 5.60752e-16
33.186 5.62769e-16
33.246 5.64789e-16
33.306 5.66813e-16
33.366 5.68841e-16
33.426 5.70872e-16
33.486 5.72907e-16
33.546 5.74946e-16
33.606 5.76988e-16
33.666 5.79034e-16
33.726 5.81083e-16
33.786 5.83136e-16
33.846 5.85192e-16
33.906 5.87253e-16
33.966 5.89317e-16
34.026 5.91384e-16
34.086 5.93455e-16
34.146 5.9553e-16
34.206 5.97608e-16
34.266 5.9969e-16
34.326 6.01776e-16
34.386 6.03865e-16
34.446 6.05958e-16
34.506 6.08054e-16
34.566 6.10154e-16
34.626 6.12258e-16
34.686 6.14365e-16
34.746 6.16476e-16
34.806 6.18591e-16
34.866 6.20709e-16
34.926 6.22831e-16
34.986 6.24956e-16
35.046 6.27085e-16
35.106 6.29218e-16
35.166 6.31354e-16
35.226 6.33494e-16
35.286 6.35637e-16
35.346 6.37785e-16
35.406 6.39935e-16
35.466 6.4209e-16
35.526 6.44248e-16
35.586 6.46409e-16
35.646 6.48575e-16
35.706 6.50744e-16
35.766 6.52916e-16
35.826 6.55092e-16
35.886 6.57272e-16
35.946 6.59455e-16
36.006 6.61642e-16
36.066 6.63833e-16
36.126 6.66027e-16
36.186 6.68225e-16
36.246 6.70426e-16
36.306 6.72631e-16
36.366 6.7484e-16
36.426 6.77052e-16
36.486 6.79268e-16
36.546 6.81488e-16
36.606 6.83711e-16
36.666 6.85938e-16
36.726 6.88168e-16
36.786 6.90402e-16
36.846 6.9264e-16
36.906 6.94881e-16
36.966 6.97126e-16
37.026 6.99375e-16
37.086 7.01627e-16
37.146 7.03883e-16
37.206 7.06142e-16
37.266 7.08405e-16
37.326 7.10672e-16
37.386 7.12942e-16
37.446 7.15216e-16
37.506 7.17493e-16
37.566 7.19774e-16
37.626 7.22059e-16
37.686 7.24348e-16
37.746 7.2664e-16
37.806 7.28935e-16
37.866 7.31234e-16
37.926 7.33537e-16
37.986 7.35844e-16
38.046 7.38154e-16
38.106 7.40468e-16
38.166 7.42785e-16
38.226 7.45106e-16
38.286 7.4743e-16
38.346 7.49759e-16
38.406 7.5209e-16
38.466 7.54426e-16
38.526 7.56765e-16
38.586 7.59108e-16
38.646 7.61454e-16
38.706 7.63804e-16
38.766 7.66157e-16
38.826 7.68515e-16
38.886 7.70875e-16
38.946 7.7324e-16
39.006 7.75608e-16
39.066 7.77979e-16
39.126 7.80355e-16
39.186 7.82734e-16
39.246 7.85116e-16
39.306 7.87502e-16
39.366 7.89892e-16
39.426 7.92285e-16
39.486 7.94682e-16
39.546 7.97083e-16
39.606 7.99487e-16
39.666 8.01895e-16
39.726 8.04307e-16
39.786 8.06722e-16
39.846 8.0914e-16
39.906 8.11563e-16
39.966 8.13989e-16
40.026 8.16418e-16
40.086 8.18852e-16
40.146 8.21288e-16
40.206 8.23729e-16
40.266 8.26173e-16
40.326 8.28621e-16
40.386 8.31072e-16
40.446 8.33527e-16
40.506 8.35985e-16
40.566 8.38448e-16
40.626 8.40913e-16
40.686 8.43383e-16
40.746 8.45856e-16
40.806 8.48333e-16
40.866 8.50813e-16
40.926 8.53297e-16
40.986 8.55784e-16
41.046 8.58275e-16
41.106 8.6077e-16
41.166 8.63269e-16
41.226 8.65771e-16
41.286 8.68276e-16
41.346 8.70786e-16
41.406 8.73298e-16
41.466 8.75815e-16
41.526 8.78335e-16
41.586 8.80859e-16
41.646 8.83386e-16
41.706 8.85917e-16
41.766 8.88452e-16
41.826 8.9099e-16
41.886 8.93532e-16
41.946 8.96077e-16
42.006 8.98626e-16
42.066 9.01179e-16
42.126 9.03735e-16
42.186 9.06295e-16
42.246 9.08859e-16
42.306 9.11426e-16
42.366 9.13997e-16
42.426 9.16571e-16
42.486 9.19149e-16
42.546 9.21731e-16
42.606 9.24316e-16
42.666 9.26905e-16
42.726 9.29498e-16
42.786 9.32094e-16
42.846 9.34694e-16
42.906 9.37297e-16
42.966 9.39904e-16
43.026 9.42515e-16
43.086 9.45129e-16
43.146 9.47747e-16
43.206 9.50369e-16
43.266 9.52994e-16
43.326 9.55622e-16
43.386 9.58255e-16
43.446 9.60891e-16
43.506 9.6353e-16
43.566 9.66174e-16
43.626 9.68821e-16
43.686 9.71471e-16
43.746 9.74125e-16
43.806 9.76783e-16
43.866 9.79444e-16
43.926 9.82109e-16
43.986 9.84778e-16
44.046 9.8745e-16
44.106 9.90126e-16
44.166 9.92805e-16
44.226 9.95488e-16
44.286 9.98175e-16
44.346 1.00087e-15
44.406 1.00356e-15
44.466 1.00626e-15
44.526 1.00896e-15
44.586 1.01166e-15
44.646 1.01437e-15
44.706 1.01708e-15
44.766 1.0198e-15
44.826 1.02252e-15
44.886 1.02524e-15
44.946 1.02797e-15
45.006 1.0307e-15
45.066 1.03343e-15
45.126 1.03617e-15
45.186 1.03891e-15
45.246 1.04165e-15
45.306 1.0444e-15
45.366 1.04715e-15
45.426 1.04991e-15
45.486 1.05267e-15
45.546 1.05543e-15
45.606 1.0582e-15
45.666 1.06097e-15
45.726 1.06374e-15
45.786 1.06652e-15
45.846 1.0693e-15
45.906 1.07208e-15
45.966 1.07487e-15
46.026 1.07766e-15
46.086 1.08046e-15
46.146 1.08326e-15
46.206 1.08606e-15
46.266 1.08887e-15
46.326 1.09168e-15
46.386 1.09449e-15
46.446 1.09731e-15
46.506 1.10013e-15
46.566 1.10295e-15
46.626 1.10578e-15
46.686 1.10861e-15
46.746 1.11145e-15
46.806 1.11429e-15
46.866 1.11713e-15
46.926 1.11997e-15
46.986 1.12282e-15
47.046 1.12568e-15
47.106 1.12853e-15
47.166 1.13139e-15
47.226 1.13426e-15
47.286 1.13713e-15
47.346 1.14e-15
47.406 1.14287e-15
47.466 1.14575e-15
47.526 1.14863e-15
47.586 1.15152e-15
47.646 1.15441e-15
47.706 1.1573e-15
47.766 1.1602e-15
47.826 1.1631e-15
47.886 1.166e-15
47.946 1.16891e-15
48.006 1.17182e-15
48.066 1.17474e-15
48.126 1.17766e-15
48.186 1.18058e-15
48.246 1.1835e-15
48.306 1.18643e-15
48.366 1.18937e-15
48.426 1.1923e-15
48.486 1.19524e-15
48.546 1.19819e-15
48.606 1.20113e-15
48.666 1.20408e-15
48.726 1.20704e-15
48.786 1.21e-15
48.846 1.21296e-15
48.906 1.21592e-15
48.966 1.21889e-15
49.026 1.22187e-15
49.086 1.22484e-15
49.146 1.22782e-15
49.206 1.23081e-15
49.266 1.23379e-15
49.326 1.23678e-15
49.386 1.23978e-15
49.446 1.24278e-15
49.506 1.24578e-15
49.566 1.24878e-15
49.626 1.25179e-15
49.686 1.25481e-15
49.746 1.25782e-15
49.806 1.26084e-15
49.866 1.26387e-15
49.926 1.26689e-15
49.986 1.26992e-15
50.046 1.27296e-15
50.106 1.276e-15
50.166 1.27904e-15
50.226 1.28208e-15
50.286 1.28513e-15
50.346 1.28818e-15
50.406 1.29124e-15
50.466 1.2943e-15
50.526 1.29736e-15
50.586 1.30043e-15
50.646 1.3035e-15
50.706 1.30657e-15
50.766 1.30965e-15
50.826 1.31273e-15
50.886 1.31582e-15
50.946 1.31891e-15
51.006 1.322e-15
51.066 1.3251e-15
51.126 1.32819e-15
51.186 1.3313e-15
51.246 1.3344e-15
51.306 1.33751e-15
51.366 1.34063e-15
51.426 1.34375e-15
51.486 1.34687e-15
51.546 1.34999e-15
51.606 1.35312e-15
51.666 1.35625e-15
51.726 1.35939e-15
51.786 1.36253e-15
51.846 1.36567e-15
51.906 1.36882e-15
51.966 1.37197e-15
52.026 1.37512e-15
52.086 1.37828e-15
52.146 1.38144e-15
52.206 1.3846e-15
52.266 1.38777e-15
52.326 1.39095e-15
52.386 1.39412e-15
52.446 1.3973e-15
52.506 1.40048e-15
52.566 1.40367e-15
52.626 1.40686e-15
52.686 1.41005e-15
52.746 1.41325e-15
52.806 1.41645e-15
52.866 1.41966e-15
52.926 1.42286e-15
52.986 1.42608e-15
53.046 1.42929e-15
53.106 1.43251e-15
53.166 1.43573e-15
53.226 1.43896e-15
53.286 1.44219e-15
53.346 1.44542e-15
53.406 1.44866e-15
53.466 1.4519e-15
53.526 1.45514e-15
53.586 1.45839e-15
53.646 1.46164e-15
53.706 1.4649e-15
53.766 1.46816e-15
53.826 1.47142e-15
53.886 1.47469e-15
53.946 1.47796e-15
54.006 1.48123e-15
54.066 1.48451e-15
54.126 1.48779e-15
54.186 1.49107e-15
54.246 1.49436e-15
54.306 1.49765e-15
54.366 1.50095e-15
54.426 1.50424e-15
54.486 1.50755e-15
54.546 1.51085e-15
54.606 1.51416e-15
54.666 1.51747e-15
54.726 1.52079e-15
54.786 1.52411e-15
54.846 1.52744e-15
54.906 1.53076e-15
54.966 1.53409e-15
55.026 1.53743e-15
55.086 1.54077e-15
55.146 1.54411e-15
55.206 1.54746e-15
55.266 1.55081e-15
55.326 1.55416e-15
55.386 1.55752e-15
55.446 1.56088e-15
55.506 1.56424e-15
55.566 1.56761e-15
55.626 1.57098e-15
55.686 1.57435e-15
55.746 1.57773e-15
55.806 1.58111e-15
55.866 1.5845e-15
55.926 1.58789e-15
55.986 1.59128e-15
56.046 1.59468e-15
56.106 1.59808e-15
56.166 1.60148e-15
56.226 1.60489e-15
56.286 1.6083e-15
56.346 1.61171e-15
56.406 1.61513e-15
56.466 1.61855e-15
56.526 1.62198e-15
56.586 1.62541e-15
56.646 1.62884e-15
56.706 1.63228e-15
56.766 1.63572e-15
56.826 1.63916e-15
56.886 1.64261e-15
56.946 1.64606e-15
57.006 1.64951e-15
57.066 1.65297e-15
57.126 1.65643e-15
57.186 1.6599e-15
57.246 1.66337e-15
57.306 1.66684e-15
57.366 1.67031e-15
57.426 1.67379e-15
57.486 1.67728e-15
57.546 1.68076e-15
57.606 1.68426e-15
57.666 1.68775e-15
57.726 1.69125e-15
57.786 1.69475e-15
57.846 1.69825e-15
57.906 1.70176e-15
57.966 1.70527e-15
58.026 1.70879e-15
58.086 1.71231e-15
58.146 1.71583e-15
58.206 1.71936e-15
58.266 1.72289e-15
58.326 1.72642e-15
58.386 1.72996e-15
58.446 1.7335e-15
58.506 1.73705e-15
58.566 1.7406e-15
58.626 1.74415e-15
58.686 1.74771e-15
58.746 1.75126e-15
58.806 1.75483e-15
58.866 1.75839e-15
58.926 1.76196e-15
58.986 1.76554e-15
59.046 1.76912e-15
59.106 1.7727e-15
59.166 1.77628e-15
59.226 1.77987e-15
59.286 1.78346e-15
59.346 1.78706e-15
59.406 1.79066e-15
59.466 1.79426e-15
59.526 1.79787e-15
59.586 1.80148e-15
59.646 1.80509e-15
59.706 1.80871e-15
59.766 1.81233e-15
59.826 1.81595e-15
59.886 1.81958e-15
59.946 1.82321e-15

