0.006 3.37389e-07
0.066 4.00505e-05
0.126 0.000138732
0.186 0.000279028
0.246 0.00043882
0.306 0.000596923
0.366 0.000737284
0.426 0.000850573
0.486 0.000933649
0.546 0.000988006
0.606 0.00101803
0.666 0.00102949
0.726 0.00102847
0.786 0.00102061
0.846 0.00101075
0.906 0.00100277
0.966 0.000999656
1.026 0.00100299
1.086 0.0010128
1.146 0.00102678
1.206 0.00103867
1.266 0.00103677
1.326 0.00100843
1.386 0.000952201
1.446 0.000878193
1.506 0.000797178
1.566 0.000716095
1.626 0.000638743
1.686 0.000567012
1.746 0.000501687
1.806 0.000442918
1.866 0.000390489
1.926 0.000343992
1.986 0.000302925
2.046 0.000266756
2.106 0.000234961
2.166 0.000207041
2.226 0.00018254
2.286 0.000161042
2.346 0.000142177
2.406 0.000125617
2.466 0.000111072
2.526 9.82886e-05
2.586 8.70455e-05
2.646 7.71488e-05
2.706 6.843e-05
2.766 6.07422e-05
2.826 5.39576e-05
2.886 4.79648e-05
2.946 4.26669e-05
3.006 3.79792e-05
3.066 3.38281e-05
3.126 3.01491e-05
3.186 2.6886e-05
3.246 2.39895e-05
3.306 2.14166e-05
3.366 1.91295e-05
3.426 1.7095e-05
3.486 1.52841e-05
3.546 1.36712e-05
3.606 1.22337e-05
3.666 1.09519e-05
3.726 9.80817e-06
3.786 8.78718e-06
3.846 7.87526e-06
3.906 7.06036e-06
3.966 6.33182e-06
4.026 5.68019e-06
4.086 5.0971e-06
4.146 4.57512e-06
4.206 4.10766e-06
4.266 3.68887e-06
4.326 3.31354e-06
4.386 2.97705e-06
4.446 2.67526e-06
4.506 2.40453e-06
4.566 2.16157e-06
4.626 1.94347e-06
4.686 1.74764e-06
4.746 1.57174e-06
4.806 1.41372e-06
4.866 1.27171e-06
4.926 1.14407e-06
4.986 1.02931e-06
5.046 9.26119e-07
5.106 8.33301e-07
5.166 7.498e-07
5.226 6.74667e-07
5.286 6.07052e-07
5.346 5.46192e-07
5.406 4.91403e-07
5.466 4.42075e-07
5.526 3.97656e-07
5.586 3.57653e-07
5.646 3.21625e-07
5.706 2.89174e-07
5.766 2.59944e-07
5.826 2.33614e-07
5.886 2.09897e-07
5.946 1.88535e-07
6.006 1.69295e-07
6.066 1.51969e-07
6.126 1.36371e-07
6.186 1.22331e-07
6.246 1.09699e-07
6.306 9.83394e-08
6.366 8.81306e-08
6.426 7.89633e-08
6.486 7.07396e-08
6.546 6.33718e-08
6.606 5.67816e-08
6.666 5.08988e-08
6.726 4.56609e-08
6.786 4.10121e-08
6.846 3.69031e-08
6.906 3.32902e-08
6.966 3.01348e-08
7.026 2.74033e-08
7.086 2.50663e-08
7.146 2.30988e-08
7.206 2.14794e-08
7.266 2.01902e-08
7.326 1.9217e-08
7.386 1.85485e-08
7.446 1.15684e-17
7.506 1.17465e-17
7.566 1.1926e-17
7.626 1.21069e-17
7.686 1.22892e-17
7.746 1.24728e-17
7.806 1.26578e-17
7.866 1.28442e-17
7.926 1.3032e-17
7.986 1.32211e-17
8.046 1.34117e-17
8.106 1.36036e-17
8.166 1.37968e-17
8.226 1.39915e-17
8.286 1.41875e-17
8.346 1.43849e-17
8.406 1.45836e-17
8.466 1.47838e-17
8.526 1.49853e-17
8.586 1.51882e-17
8.646 1.53925e-17
8.706 1.55981e-17
8.766 1.58051e-17
8.826 1.60135e-17
8.886 1.62233e-17
8.946 1.64344e-17
9.006 1.66469e-17
9.066 1.68608e-17
9.126 1.70761e-17
9.186 1.72927e-17
9.246 1.75108e-17
9.306 1.77301e-17
9.366 1.79509e-17
9.426 1.81731e-17
9.486 1.83966e-17
9.546 1.86215e-17
9.606 1.88477e-17
9.666 1.90754e-17
9.726 1.93044e-17
9.786 1.95347e-17
9.846 1.97665e-17
9.906 1.99996e-17
9.966 2.02341e-17
10.026 2.047e-17
10.086 2.07073e-17
10.146 2.09459e-17
10.206 2.11859e-17
10.266 2.14273e-17
10.326 2.16701e-17
10.386 2.19142e-17
10.446 2.21597e-17
10.506 2.24066e-17
10.566 2.26548e-17
10.626 2.29044e-17
10.686 2.31554e-17
10.746 2.34078e-17
10.806 2.36616e-17
10.866 2.39167e-17
10.926 2.41732e-17
10.986 2.44311e-17
11.046 2.46903e-17
11.106 2.49509e-17
11.166 2.52129e-17
11.226 2.54763e-17
11.286 2.5741e-17
11.346 2.60071e-17
11.406 2.62746e-17
11.466 2.65435e-17
11.526 2.68137e-17
11.586 2.70853e-17
11.646 2.73583e-17
11.706 2.76327e-17
11.766 2.79084e-17
11.826 2.81855e-17
11.886 2.8464e-17
11.946 2.87439e-17
12.006 2.90251e-17
12.066 2.93077e-17
12.126 2.95917e-17
12.186 2.9877e-17
12.246 3.01637e-17
12.306 3.04518e-17
12.366 3.07413e-17
12.426 3.10322e-17
12.486 3.13244e-17
12.546 3.1618e-17
12.606 3.19129e-17
12.666 3.22093e-17
12.726 3.2507e-17
12.786 3.28061e-17
12.846 3.31066e-17
12.906 3.34084e-17
12.966 3.37116e-17
13.026 3.40162e-17
13.086 3.43222e-17
13.146 3.46295e-17
13.206 3.49382e-17
13.266 3.52483e-17
13.326 3.55597e-17
13.386 3.58726e-17
13.446 3.61868e-17
13.506 3.65024e-17
13.566 3.68193e-17
13.626 3.71376e-17
13.686 3.74573e-17
13.746 3.77784e-17
13.806 3.81008e-17
13.866 3.84247e-17
13.926 3.87499e-17
13.986 3.90764e-17
14.046 3.94044e-17
14.106 3.97337e-17
14.166 4.00644e-17
14.226 4.03964e-17
14.286 4.07299e-17
14.346 4.10647e-17
14.406 4.14009e-17
14.466 4.17384e-17
14.526 4.20774e-17
14.586 4.24177e-17
14.646 4.27594e-17
14.706 4.31024e-17
14.766 4.34468e-17
14.826 4.37926e-17
14.886 4.41398e-17
14.946 4.44884e-17
15.006 4.48383e-17
15.066 4.51896e-17
15.126 4.55423e-17
15.186 4.58963e-17
15.246 4.62517e-17
15.306 4.66085e-17
15.366 4.69667e-17
15.426 4.73262e-17
15.486 4.76871e-17
15.546 4.80494e-17
15.606 4.84131e-17
15.666 4.87781e-17
15.726 4.91445e-17
15.786 4.95123e-17
15.846 4.98815e-17
15.906 5.0252e-17
15.966 5.06239e-17
16.026 5.09972e-17
16.086 5.13718e-17
16.146 5.17478e-17
16.206 5.21252e-17
16.266 5.2504e-17
16.326 5.28841e-17
16.386 5.32657e-17
16.446 5.36486e-17
16.506 5.40328e-17
16.566 5.44185e-17
16.626 5.48055e-17
16.686 5.51939e-17
16.746 5.55836e-17
16.806 5.59748e-17
16.866 5.63673e-17
16.926 5.67612e-17
16.986 5.71564e-17
17.046 5.7553e-17
17.106 5.7951e-17
17.166 5.83504e-17
17.226 5.87512e-17
17.286 5.91533e-17
17.346 5.95568e-17
17.406 5.99617e-17
17.466 6.03679e-17
17.526 6.07755e-17
17.586 6.11845e-17
17.646 6.15949e-17
17.706 6.20066e-17
17.766 6.24198e-17
17.826 6.28342e-17
17.886 6.32501e-17
17.946 6.36673e-17
18.006 6.40859e-17
18.066 6.45059e-17
18.126 6.49273e-17
18.186 6.535e-17
18.246 6.57741e-17
18.306 6.61996e-17
18.366 6.66264e-17
18.426 6.70547e-17
18.486 6.74843e-17
18.546 6.79152e-17
18.606 6.83476e-17
18.666 6.87813e-17
18.726 6.92164e-17
18.786 6.96529e-17
18.846 7.00907e-17
18.906 7.05299e-17
18.966 7.09705e-17
19.026 7.14125e-17
19.086 7.18558e-17
19.146 7.23005e-17
19.206 7.27466e-17
19.266 7.31941e-17
19.326 7.36429e-17
19.386 7.40931e-17
19.446 7.45447e-17
19.506 7.49976e-17
19.566 7.54519e-17
19.626 7.59076e-17
19.686 7.63647e-17
19.746 7.68232e-17
19.806 7.7283e-17
19.866 7.77442e-17
19.926 7.82067e-17
19.986 7.86707e-17
20.046 7.9136e-17
20.106 7.96027e-17
20.166 8.00707e-17
20.226 8.05402e-17
20.286 8.1011e-17
20.346 8.14832e-17
20.406 8.19567e-17
20.466 8.24316e-17
20.526 8.29079e-17
20.586 8.33856e-17
20.646 8.38647e-17
20.706 8.43451e-17
20.766 8.48269e-17
20.826 8.53101e-17
20.886 8.57946e-17
20.946 8.62805e-17
21.006 8.67678e-17
21.066 8.72565e-17
21.126 8.77465e-17
21.186 8.82379e-17
21.246 8.87307e-17
21.306 8.92249e-17
21.366 8.97204e-17
21.426 9.02173e-17
21.486 9.07156e-17
21.546 9.12153e-17
21.606 9.17163e-17
21.666 9.22187e-17
21.726 9.27225e-17
21.786 9.32276e-17
21.846 9.37341e-17
21.906 9.4242e-17
21.966 9.47513e-17
22.026 9.52619e-17
22.086 9.5774e-17
22.146 9.62874e-17
22.206 9.68021e-17
22.266 9.73183e-17
22.326 9.78358e-17
22.386 9.83547e-17
22.446 9.88749e-17
22.506 9.93965e-17
22.566 9.99195e-17
22.626 1.00444e-16
22.686 1.0097e-16
22.746 1.01497e-16
22.806 1.02025e-16
22.866 1.02555e-16
22.926 1.03086e-16
22.986 1.03619e-16
23.046 1.04153e-16
23.106 1.04688e-16
23.166 1.05225e-16
23.226 1.05763e-16
23.286 1.06303e-16
23.346 1.06844e-16
23.406 1.07386e-16
23.466 1.07929e-16
23.526 1.08474e-16
23.586 1.09021e-16
23.646 1.09569e-16
23.706 1.10118e-16
23.766 1.10668e-16
23.826 1.1122e-16
23.886 1.11773e-16
23.946 1.12328e-16
24.006 1.12884e-16
24.066 1.13441e-16
24.126 1.14e-16
24.186 1.1456e-16
24.246 1.15121e-16
24.306 1.15684e-16
24.366 1.16248e-16
24.426 1.16814e-16
24.486 1.17381e-16
24.546 1.17949e-16
24.606 1.18519e-16
24.666 1.1909e-16
24.726 1.19663e-16
24.786 1.20236e-16
24.846 1.20812e-16
24.906 1.21388e-16
24.966 1.21966e-16
25.026 1.22545e-16
25.086 1.23126e-16
25.146 1.23708e-16
25.206 1.24292e-16
25.266 1.24877e-16
25.326 1.25463e-16
25.386 1.2605e-16
25.446 1.26639e-16
25.506 1.2723e-16
25.566 1.27821e-16
25.626 1.28414e-16
25.686 1.29009e-16
25.746 1.29605e-16
25.806 1.30202e-16
25.866 1.308e-16
25.926 1.314e-16
25.986 1.32001e-16
26.046 1.32604e-16
26.106 1.33208e-16
26.166 1.33814e-16
26.226 1.3442e-16
26.286 1.35029e-16
26.346 1.35638e-16
26.406 1.36249e-16
26.466 1.36861e-16
26.526 1.37475e-16
26.586 1.3809e-16
26.646 1.38706e-16
26.706 1.39324e-16
26.766 1.39943e-16
26.826 1.40564e-16
26.886 1.41186e-16
26.946 1.41809e-16
27.006 1.42434e-16
27.066 1.4306e-16
27.126 1.43687e-16
27.186 1.44316e-16
27.246 1.44946e-16
27.306 1.45578e-16
27.366 1.46211e-16
27.426 1.46845e-16
27.486 1.4748e-16
27.546 1.48117e-16
27.606 1.48756e-16
27.666 1.49396e-16
27.726 1.50037e-16
27.786 1.50679e-16
27.846 1.51323e-16
27.906 1.51968e-16
27.966 1.52615e-16
28.026 1.53263e-16
28.086 1.53912e-16
28.146 1.54563e-16
28.206 1.55215e-16
28.266 1.55869e-16
28.326 1.56524e-16
28.386 1.5718e-16
28.446 1.57838e-16
28.506 1.58497e-16
28.566 1.59157e-16
28.626 1.59819e-16
28.686 1.60482e-16
28.746 1.61146e-16
28.806 1.61812e-16
28.866 1.62479e-16
28.926 1.63148e-16
28.986 1.63818e-16
29.046 1.64489e-16
29.106 1.65162e-16
29.166 1.65836e-16
29.226 1.66512e-16
29.286 1.67188e-16
29.346 1.67867e-16
29.406 1.68546e-16
29.466 1.69227e-16
29.526 1.6991e-16
29.586 1.70593e-16
29.646 1.71278e-16
29.706 1.71965e-16
29.766 1.72653e-16
29.826 1.73342e-16
29.886 1.74032e-16
29.946 1.74724e-16
30.006 1.75418e-16
30.066 1.76112e-16
30.126 1.76809e-16
30.186 1.77506e-16
30.246 1.78205e-16
30.306 1.78905e-16
30.366 1.79607e-16
30.426 1.8031e-16
30.486 1.81014e-16
30.546 1.8172e-16
30.606 1.82427e-16
30.666 1.83135e-16
30.726 1.83845e-16
30.786 1.84556e-16
30.846 1.85269e-16
30.906 1.85983e-16
30.966 1.86698e-16
31.026 1.87415e-16
31.086 1.88133e-16
31.146 1.88852e-16
31.206 1.89573e-16
31.266 1.90295e-16
31.326 1.91019e-16
31.386 1.91744e-16
31.446 1.9247e-16
31.506 1.93198e-16
31.566 1.93927e-16
31.626 1.94657e-16
31.686 1.95389e-16
31.746 1.96122e-16
31.806 1.96856e-16
31.866 1.97592e-16
31.926 1.9833e-16
31.986 1.99068e-16
32.046 1.99808e-16
32.106 2.0055e-16
32.166 2.01293e-16
32.226 2.02037e-16
32.286 2.02782e-16
32.346 2.03529e-16
32.406 2.04277e-16
32.466 2.05027e-16
32.526 2.05778e-16
32.586 2.06531e-16
32.646 2.07284e-16
32.706 2.08039e-16
32.766 2.08796e-16
32.826 2.09554e-16
32.886 2.10313e-16
32.946 2.11074e-16
33.006 2.11836e-16
33.066 2.12599e-16
33.126 2.13364e-16
33.186 2.1413e-16
33.246 2.14898e-16
33.306 2.15666e-16
33.366 2.16437e-16
33.426 2.17208e-16
33.486 2.17981e-16
33.546 2.18756e-16
33.606 2.19531e-16
33.666 2.20309e-16
33.726 2.21087e-16
33.786 2.21867e-16
33.846 2.22648e-16
33.906 2.23431e-16
33.966 2.24215e-16
34.026 2.25e-16
34.086 2.25787e-16
34.146 2.26575e-16
34.206 2.27364e-16
34.266 2.28155e-16
34.326 2.28948e-16
34.386 2.29741e-16
34.446 2.30536e-16
34.506 2.31332e-16
34.566 2.3213e-16
34.626 2.32929e-16
34.686 2.3373e-16
34.746 2.34532e-16
34.806 2.35335e-16
34.866 2.36139e-16
34.926 2.36945e-16
34.986 2.37753e-16
35.046 2.38561e-16
35.106 2.39372e-16
35.166 2.40183e-16
35.226 2.40996e-16
35.286 2.4181e-16
35.346 2.42626e-16
35.406 2.43443e-16
35.466 2.44261e-16
35.526 2.45081e-16
35.586 2.45902e-16
35.646 2.46724e-16
35.706 2.47548e-16
35.766 2.48373e-16
35.826 2.492e-16
35.886 2.50028e-16
35.946 2.50857e-16
36.006 2.51688e-16
36.066 2.5252e-16
36.126 2.53353e-16
36.186 2.54188e-16
36.246 2.55024e-16
36.306 2.55862e-16
36.366 2.56701e-16
36.426 2.57541e-16
36.486 2.58383e-16
36.546 2.59226e-16
36.606 2.6007e-16
36.666 2.60916e-16
36.726 2.61763e-16
36.786 2.62612e-16
36.846 2.63462e-16
36.906 2.64313e-16
36.966 2.65166e-16
37.026 2.6602e-16
37.086 2.66875e-16
37.146 2.67732e-16
37.206 2.6859e-16
37.266 2.69449e-16
37.326 2.7031e-16
37.386 2.71173e-16
37.446 2.72036e-16
37.506 2.72901e-16
37.566 2.73768e-16
37.626 2.74636e-16
37.686 2.75505e-16
37.746 2.76375e-16
37.806 2.77247e-16
37.866 2.7812e-16
37.926 2.78995e-16
37.986 2.79871e-16
38.046 2.80748e-16
38.106 2.81627e-16
38.166 2.82507e-16
38.226 2.83389e-16
38.286 2.84272e-16
38.346 2.85156e-16
38.406 2.86042e-16
38.466 2.86929e-16
38.526 2.87817e-16
38.586 2.88707e-16
38.646 2.89598e-16
38.706 2.9049e-16
38.766 2.91384e-16
38.826 2.9228e-16
38.886 2.93176e-16
38.946 2.94074e-16
39.006 2.94974e-16
39.066 2.95874e-16
39.126 2.96776e-16
39.186 2.9768e-16
39.246 2.98585e-16
39.306 2.99491e-16
39.366 3.00399e-16
39.426 3.01308e-16
39.486 3.02218e-16
39.546 3.0313e-16
39.606 3.04043e-16
39.666 3.04957e-16
39.726 3.05873e-16
39.786 3.0679e-16
39.846 3.07709e-16
39.906 3.08629e-16
39.966 3.0955e-16
40.026 3.10473e-16
40.086 3.11397e-16
40.146 3.12323e-16
40.206 3.13249e-16
40.266 3.14178e-16
40.326 3.15107e-16
40.386 3.16038e-16
40.446 3.1697e-16
40.506 3.17904e-16
40.566 3.18839e-16
40.626 3.19776e-16
40.686 3.20714e-16
40.746 3.21653e-16
40.806 3.22593e-16
40.866 3.23535e-16
40.926 3.24479e-16
40.986 3.25423e-16
41.046 3.26369e-16
41.106 3.27317e-16
41.166 3.28266e-16
41.226 3.29216e-16
41.286 3.30167e-16
41.346 3.3112e-16
41.406 3.32075e-16
41.466 3.3303e-16
41.526 3.33987e-16
41.586 3.34946e-16
41.646 3.35906e-16
41.706 3.36867e-16
41.766 3.37829e-16
41.826 3.38793e-16
41.886 3.39759e-16
41.946 3.40725e-16
42.006 3.41693e-16
42.066 3.42663e-16
42.126 3.43634e-16
42.186 3.44606e-16
42.246 3.45579e-16
42.306 3.46554e-16
42.366 3.4753e-16
42.426 3.48508e-16
42.486 3.49487e-16
42.546 3.50468e-16
42.606 3.51449e-16
42.666 3.52433e-16
42.726 3.53417e-16
42.786 3.54403e-16
42.846 3.5539e-16
42.906 3.56379e-16
42.966 3.57369e-16
43.026 3.5836e-16
43.086 3.59353e-16
43.146 3.60347e-16
43.206 3.61343e-16
43.266 3.6234e-16
43.326 3.63338e-16
43.386 3.64338e-16
43.446 3.65339e-16
43.506 3.66341e-16
43.566 3.67345e-16
43.626 3.6835e-16
43.686 3.69356e-16
43.746 3.70364e-16
43.806 3.71373e-16
43.866 3.72384e-16
43.926 3.73396e-16
43.986 3.7441e-16
44.046 3.75424e-16
44.106 3.7644e-16
44.166 3.77458e-16
44.226 3.78477e-16
44.286 3.79497e-16
44.346 3.80519e-16
44.406 3.81542e-16
44.466 3.82566e-16
44.526 3.83592e-16
44.586 3.84619e-16
44.646 3.85647e-16
44.706 3.86677e-16
44.766 3.87708e-16
44.826 3.88741e-16
44.886 3.89775e-16
44.946 3.9081e-16
45.006 3.91847e-16
45.066 3.92885e-16
45.126 3.93925e-16
45.186 3.94965e-16
45.246 3.96008e-16
45.306 3.97051e-16
45.366 3.98096e-16
45.426 3.99143e-16
45.486 4.0019e-16
45.546 4.01239e-16
45.606 4.0229e-16
45.666 4.03342e-16
45.726 4.04395e-16
45.786 4.0545e-16
45.846 4.06505e-16
45.906 4.07563e-16
45.966 4.08621e-16
46.026 4.09682e-16
46.086 4.10743e-16
46.146 4.11806e-16
46.206 4.1287e-16
46.266 4.13936e-16
46.326 4.15003e-16
46.386 4.16071e-16
46.446 4.17141e-16
46.506 4.18212e-16
46.566 4.19284e-16
46.626 4.20358e-16
46.686 4.21433e-16
46.746 4.2251e-16
46.806 4.23588e-16
46.866 4.24667e-16
46.926 4.25748e-16
46.986 4.2683e-16
47.046 4.27913e-16
47.106 4.28998e-16
47.166 4.30084e-16
47.226 4.31172e-16
47.286 4.32261e-16
47.346 4.33351e-16
47.406 4.34442e-16
47.466 4.35536e-16
47.526 4.3663e-16
47.586 4.37726e-16
47.646 4.38823e-16
47.706 4.39921e-16
47.766 4.41021e-16
47.826 4.42123e-16
47.886 4.43225e-16
47.946 4.44329e-16
48.006 4.45435e-16
48.066 4.46541e-16
48.126 4.4765e-16
48.186 4.48759e-16
48.246 4.4987e-16
48.306 4.50982e-16
48.366 4.52096e-16
48.426 4.53211e-16
48.486 4.54327e-16
48.546 4.55445e-16
48.606 4.56564e-16
48.666 4.57685e-16
48.726 4.58807e-16
48.786 4.5993e-16
48.846 4.61055e-16
48.906 4.62181e-16
48.966 4.63308e-16
49.026 4.64437e-16
49.086 4.65567e-16
49.146 4.66698e-16
49.206 4.67831e-16
49.266 4.68966e-16
49.326 4.70101e-16
49.386 4.71238e-16
49.446 4.72377e-16
49.506 4.73516e-16
49.566 4.74657e-16
49.626 4.758e-16
49.686 4.76944e-16
49.746 4.78089e-16
49.806 4.79236e-16
49.866 4.80384e-16
49.926 4.81533e-16
49.986 4.82684e-16
50.046 4.83836e-16
50.106 4.84989e-16
50.166 4.86144e-16
50.226 4.873e-16
50.286 4.88458e-16
50.346 4.89617e-16
50.406 4.90777e-16
50.466 4.91939e-16
50.526 4.93102e-16
50.586 4.94267e-16
50.646 4.95432e-16
50.706 4.966e-16
50.766 4.97768e-16
50.826 4.98938e-16
50.886 5.0011e-16
50.946 5.01282e-16
51.006 5.02456e-16
51.066 5.03632e-16
51.126 5.04809e-16
51.186 5.05987e-16
51.246 5.07166e-16
51.306 5.08347e-16
51.366 5.0953e-16
51.426 5.10713e-16
51.486 5.11898e-16
51.546 5.13085e-16
51.606 5.14273e-16
51.666 5.15462e-16
51.726 5.16652e-16
51.786 5.17844e-16
51.846 5.19038e-16
51.906 5.20232e-16
51.966 5.21428e-16
52.026 5.22626e-16
52.086 5.23825e-16
52.146 5.25025e-16
52.206 5.26226e-16
52.266 5.27429e-16
52.326 5.28634e-16
52.386 5.29839e-16
52.446 5.31046e-16
52.506 5.32255e-16
52.566 5.33465e-16
52.626 5.34676e-16
52.686 5.35888e-16
52.746 5.37102e-16
52.806 5.38318e-16
52.866 5.39534e-16
52.926 5.40752e-16
52.986 5.41972e-16
53.046 5.43192e-16
53.106 5.44415e-16
53.166 5.45638e-16
53.226 5.46863e-16
53.286 5.48089e-16
53.346 5.49317e-16
53.406 5.50546e-16
53.466 5.51776e-16
53.526 5.53008e-16
53.586 5.54241e-16
53.646 5.55476e-16
53.706 5.56712e-16
53.766 5.57949e-16
53.826 5.59188e-16
53.886 5.60428e-16
53.946 5.61669e-16
54.006 5.62912e-16
54.066 5.64156e-16
54.126 5.65401e-16
54.186 5.66648e-16
54.246 5.67897e-16
54.306 5.69146e-16
54.366 5.70397e-16
54.426 5.7165e-16
54.486 5.72903e-16
54.546 5.74158e-16
54.606 5.75415e-16
54.666 5.76673e-16
54.726 5.77932e-16
54.786 5.79193e-16
54.846 5.80455e-16
54.906 5.81718e-16
54.966 5.82983e-16
55.026 5.84249e-16
55.086 5.85516e-16
55.146 5.86785e-16
55.206 5.88056e-16
55.266 5.89327e-16
55.326 5.906e-16
55.386 5.91874e-16
55.446 5.9315e-16
55.506 5.94427e-16
55.566 5.95706e-16
55.626 5.96986e-16
55.686 5.98267e-16
55.746 5.99549e-16
55.806 6.00833e-16
55.866 6.02119e-16
55.926 6.03405e-16
55.986 6.04694e-16
56.046 6.05983e-16
56.106 6.07274e-16
56.166 6.08566e-16
56.226 6.0986e-16
56.286 6.11155e-16
56.346 6.12451e-16
56.406 6.13749e-16
56.466 6.15048e-16
56.526 6.16348e-16
56.586 6.1765e-16
56.646 6.18953e-16
56.706 6.20258e-16
56.766 6.21564e-16
56.826 6.22871e-16
56.886 6.2418e-16
56.946 6.2549e-16
57.006 6.26801e-16
57.066 6.28114e-16
57.126 6.29428e-16
57.186 6.30744e-16
57.246 6.32061e-16
57.306 6.33379e-16
57.366 6.34699e-16
57.426 6.3602e-16
57.486 6.37342e-16
57.546 6.38666e-16
57.606 6.39991e-16
57.666 6.41318e-16
57.726 6.42646e-16
57.786 6.43975e-16
57.846 6.45306e-16
57.906 6.46638e-16
57.966 6.47971e-16
58.026 6.49306e-16
58.086 6.50642e-16
58.146 6.5198e-16
58.206 6.53318e-16
58.266 6.54659e-16
58.326 6.56e-16
58.386 6.57343e-16
58.446 6.58688e-16
58.506 6.60034e-16
58.566 6.61381e-16
58.626 6.62729e-16
58.686 6.64079e-16
58.746 6.65431e-16
58.806 6.66783e-16
58.866 6.68137e-16
58.926 6.69493e-16
58.986 6.70849e-16
59.046 6.72207e-16
59.106 6.73567e-16
59.166 6.74928e-16
59.226 6.7629e-16
59.286 6.77654e-16
59.346 6.79019e-16
59.406 6.80385e-16
59.466 6.81753e-16
59.526 6.83122e-16
59.586 6.84493e-16
59.646 6.85864e-16
59.706 6.87238e-16
59.766 6.88612e-16
59.826 6.89988e-16
59.886 6.91366e-16
59.946 6.92744e-16

