0.006 7.4184e-07
0.066 8.62624e-05
0.126 0.000283535
0.186 0.000528442
0.246 0.000759315
0.306 0.000937321
0.366 0.00104975
0.426 0.00110381
0.486 0.00111425
0.546 0.00109641
0.606 0.00106322
0.666 0.00102449
0.726 0.000987052
0.786 0.000955307
0.846 0.000931775
0.906 0.00091742
0.966 0.000911617
1.026 0.000911528
1.086 0.000910615
1.146 0.000897599
1.206 0.000862092
1.266 0.000805341
1.326 0.000737078
1.386 0.000665803
1.446 0.000596446
1.506 0.000531468
1.566 0.000471936
1.626 0.000418159
1.686 0.000370028
1.746 0.000327218
1.806 0.000289298
1.866 0.000255804
1.926 0.000226269
1.986 0.00020025
2.046 0.000177338
2.106 0.000157164
2.166 0.000139394
2.226 0.000123734
2.286 0.000109926
2.346 9.77391e-05
2.406 8.69754e-05
2.466 7.74597e-05
2.526 6.90397e-05
2.586 6.15821e-05
2.646 5.49707e-05
2.706 4.91042e-05
2.766 4.38938e-05
2.826 3.9262e-05
2.886 3.51411e-05
2.946 3.14715e-05
3.006 2.82013e-05
3.066 2.52846e-05
3.126 2.26814e-05
3.186 2.03562e-05
3.246 1.82779e-05
3.306 1.64191e-05
3.366 1.47555e-05
3.426 1.32657e-05
3.486 1.19309e-05
3.546 1.07341e-05
3.606 9.66063e-06
3.666 8.69722e-06
3.726 7.83217e-06
3.786 7.0551e-06
3.846 6.35674e-06
3.906 5.72885e-06
3.966 5.1641e-06
4.026 4.65593e-06
4.086 4.19853e-06
4.146 3.78666e-06
4.206 3.41567e-06
4.266 3.0814e-06
4.326 2.78013e-06
4.386 2.50851e-06
4.446 2.26356e-06
4.506 2.04261e-06
4.566 1.84325e-06
4.626 1.66334e-06
4.686 1.50094e-06
4.746 1.35432e-06
4.806 1.22192e-06
4.866 1.10234e-06
4.926 9.94324e-07
4.986 8.96744e-07
5.046 8.0858e-07
5.106 7.28918e-07
5.166 6.56934e-07
5.226 5.91887e-07
5.286 5.33109e-07
5.346 4.79999e-07
5.406 4.32016e-07
5.466 3.88672e-07
5.526 3.4953e-07
5.586 3.14193e-07
5.646 2.82305e-07
5.706 2.53547e-07
5.766 2.2763e-07
5.826 2.04293e-07
5.886 1.83306e-07
5.946 1.64457e-07
6.006 1.4756e-07
6.066 1.32446e-07
6.126 1.18965e-07
6.186 1.06983e-07
6.246 9.63807e-08
6.306 8.70522e-08
6.366 7.89045e-08
6.426 7.18561e-08
6.486 6.5836e-08
6.546 6.07833e-08
6.606 5.66463e-08
6.666 5.3382e-08
6.726 5.09558e-08
6.786 4.93409e-08
6.846 1.24557e-17
6.906 1.26644e-17
6.966 1.28748e-17
7.026 1.3087e-17
7.086 1.33009e-17
7.146 1.35166e-17
7.206 1.3734e-17
7.266 1.39532e-17
7.326 1.41742e-17
7.386 1.43968e-17
7.446 1.46213e-17
7.506 1.48475e-17
7.566 1.50754e-17
7.626 1.53051e-17
7.686 1.55365e-17
7.746 1.57697e-17
7.806 1.60046e-17
7.866 1.62413e-17
7.926 1.64798e-17
7.986 1.672e-17
8.046 1.69619e-17
8.106 1.72056e-17
8.166 1.7451e-17
8.226 1.76982e-17
8.286 1.79472e-17
8.346 1.81979e-17
8.406 1.84503e-17
8.466 1.87045e-17
8.526 1.89604e-17
8.586 1.92181e-17
8.646 1.94776e-17
8.706 1.97388e-17
8.766 2.00017e-17
8.826 2.02664e-17
8.886 2.05329e-17
8.946 2.08011e-17
9.006 2.1071e-17
9.066 2.13427e-17
9.126 2.16162e-17
9.186 2.18913e-17
9.246 2.21683e-17
9.306 2.2447e-17
9.366 2.27274e-17
9.426 2.30096e-17
9.486 2.32936e-17
9.546 2.35793e-17
9.606 2.38667e-17
9.666 2.41559e-17
9.726 2.44469e-17
9.786 2.47396e-17
9.846 2.5034e-17
9.906 2.53302e-17
9.966 2.56281e-17
10.026 2.59278e-17
10.086 2.62293e-17
10.146 2.65325e-17
10.206 2.68374e-17
10.266 2.71441e-17
10.326 2.74526e-17
10.386 2.77628e-17
10.446 2.80747e-17
10.506 2.83884e-17
10.566 2.87038e-17
10.626 2.9021e-17
10.686 2.934e-17
10.746 2.96607e-17
10.806 2.99831e-17
10.866 3.03073e-17
10.926 3.06332e-17
10.986 3.09609e-17
11.046 3.12904e-17
11.106 3.16216e-17
11.166 3.19545e-17
11.226 3.22892e-17
11.286 3.26256e-17
11.346 3.29638e-17
11.406 3.33038e-17
11.466 3.36454e-17
11.526 3.39889e-17
11.586 3.43341e-17
11.646 3.4681e-17
11.706 3.50297e-17
11.766 3.53801e-17
11.826 3.57323e-17
11.886 3.60862e-17
11.946 3.64419e-17
12.006 3.67994e-17
12.066 3.71585e-17
12.126 3.75195e-17
12.186 3.78821e-17
12.246 3.82466e-17
12.306 3.86128e-17
12.366 3.89807e-17
12.426 3.93504e-17
12.486 3.97218e-17
12.546 4.0095e-17
12.606 4.04699e-17
12.666 4.08466e-17
12.726 4.1225e-17
12.786 4.16052e-17
12.846 4.19871e-17
12.906 4.23708e-17
12.966 4.27562e-17
13.026 4.31434e-17
13.086 4.35323e-17
13.146 4.3923e-17
13.206 4.43154e-17
13.266 4.47096e-17
13.326 4.51055e-17
13.386 4.55032e-17
13.446 4.59026e-17
13.506 4.63037e-17
13.566 4.67067e-17
13.626 4.71113e-17
13.686 4.75177e-17
13.746 4.79259e-17
13.806 4.83358e-17
13.866 4.87475e-17
13.926 4.91609e-17
13.986 4.95761e-17
14.046 4.9993e-17
14.106 5.04116e-17
14.166 5.0832e-17
14.226 5.12542e-17
14.286 5.16781e-17
14.346 5.21038e-17
14.406 5.25312e-17
14.466 5.29603e-17
14.526 5.33912e-17
14.586 5.38239e-17
14.646 5.42583e-17
14.706 5.46945e-17
14.766 5.51324e-17
14.826 5.5572e-17
14.886 5.60134e-17
14.946 5.64566e-17
15.006 5.69015e-17
15.066 5.73481e-17
15.126 5.77965e-17
15.186 5.82467e-17
15.246 5.86986e-17
15.306 5.91522e-17
15.366 5.96076e-17
15.426 6.00648e-17
15.486 6.05236e-17
15.546 6.09843e-17
15.606 6.14467e-17
15.666 6.19108e-17
15.726 6.23767e-17
15.786 6.28444e-17
15.846 6.33137e-17
15.906 6.37849e-17
15.966 6.42578e-17
16.026 6.47324e-17
16.086 6.52088e-17
16.146 6.56869e-17
16.206 6.61668e-17
16.266 6.66485e-17
16.326 6.71318e-17
16.386 6.7617e-17
16.446 6.81039e-17
16.506 6.85925e-17
16.566 6.90829e-17
16.626 6.9575e-17
16.686 7.00689e-17
16.746 7.05645e-17
16.806 7.10619e-17
16.866 7.1561e-17
16.926 7.20619e-17
16.986 7.25645e-17
17.046 7.30689e-17
17.106 7.3575e-17
17.166 7.40829e-17
17.226 7.45925e-17
17.286 7.51039e-17
17.346 7.5617e-17
17.406 7.61319e-17
17.466 7.66485e-17
17.526 7.71669e-17
17.586 7.7687e-17
17.646 7.82088e-17
17.706 7.87325e-17
17.766 7.92578e-17
17.826 7.97849e-17
17.886 8.03138e-17
17.946 8.08444e-17
18.006 8.13768e-17
18.066 8.19109e-17
18.126 8.24467e-17
18.186 8.29844e-17
18.246 8.35237e-17
18.306 8.40648e-17
18.366 8.46077e-17
18.426 8.51523e-17
18.486 8.56986e-17
18.546 8.62467e-17
18.606 8.67966e-17
18.666 8.73482e-17
18.726 8.79016e-17
18.786 8.84567e-17
18.846 8.90135e-17
18.906 8.95721e-17
18.966 9.01325e-17
19.026 9.06946e-17
19.086 9.12584e-17
19.146 9.1824e-17
19.206 9.23913e-17
19.266 9.29604e-17
19.326 9.35313e-17
19.386 9.41039e-17
19.446 9.46782e-17
19.506 9.52543e-17
19.566 9.58321e-17
19.626 9.64117e-17
19.686 9.69931e-17
19.746 9.75762e-17
19.806 9.8161e-17
19.866 9.87476e-17
19.926 9.93359e-17
19.986 9.9926e-17
20.046 1.00518e-16
20.106 1.01111e-16
20.166 1.01707e-16
20.226 1.02304e-16
20.286 1.02903e-16
20.346 1.03503e-16
20.406 1.04106e-16
20.466 1.0471e-16
20.526 1.05315e-16
20.586 1.05923e-16
20.646 1.06532e-16
20.706 1.07143e-16
20.766 1.07756e-16
20.826 1.08371e-16
20.886 1.08987e-16
20.946 1.09605e-16
21.006 1.10225e-16
21.066 1.10847e-16
21.126 1.1147e-16
21.186 1.12095e-16
21.246 1.12722e-16
21.306 1.1335e-16
21.366 1.13981e-16
21.426 1.14613e-16
21.486 1.15247e-16
21.546 1.15882e-16
21.606 1.16519e-16
21.666 1.17159e-16
21.726 1.17799e-16
21.786 1.18442e-16
21.846 1.19086e-16
21.906 1.19732e-16
21.966 1.2038e-16
22.026 1.2103e-16
22.086 1.21681e-16
22.146 1.22334e-16
22.206 1.22989e-16
22.266 1.23645e-16
22.326 1.24304e-16
22.386 1.24964e-16
22.446 1.25625e-16
22.506 1.26289e-16
22.566 1.26954e-16
22.626 1.27621e-16
22.686 1.2829e-16
22.746 1.28961e-16
22.806 1.29633e-16
22.866 1.30307e-16
22.926 1.30983e-16
22.986 1.3166e-16
23.046 1.3234e-16
23.106 1.33021e-16
23.166 1.33703e-16
23.226 1.34388e-16
23.286 1.35074e-16
23.346 1.35762e-16
23.406 1.36452e-16
23.466 1.37144e-16
23.526 1.37837e-16
23.586 1.38532e-16
23.646 1.39229e-16
23.706 1.39927e-16
23.766 1.40628e-16
23.826 1.4133e-16
23.886 1.42033e-16
23.946 1.42739e-16
24.006 1.43446e-16
24.066 1.44155e-16
24.126 1.44866e-16
24.186 1.45579e-16
24.246 1.46293e-16
24.306 1.47009e-16
24.366 1.47727e-16
24.426 1.48446e-16
24.486 1.49167e-16
24.546 1.4989e-16
24.606 1.50615e-16
24.666 1.51342e-16
24.726 1.5207e-16
24.786 1.528e-16
24.846 1.53532e-16
24.906 1.54265e-16
24.966 1.55e-16
25.026 1.55737e-16
25.086 1.56476e-16
25.146 1.57217e-16
25.206 1.57959e-16
25.266 1.58703e-16
25.326 1.59449e-16
25.386 1.60196e-16
25.446 1.60946e-16
25.506 1.61697e-16
25.566 1.62449e-16
25.626 1.63204e-16
25.686 1.6396e-16
25.746 1.64718e-16
25.806 1.65478e-16
25.866 1.66239e-16
25.926 1.67003e-16
25.986 1.67768e-16
26.046 1.68534e-16
26.106 1.69303e-16
26.166 1.70073e-16
26.226 1.70845e-16
26.286 1.71619e-16
26.346 1.72394e-16
26.406 1.73172e-16
26.466 1.7395e-16
26.526 1.74731e-16
26.586 1.75514e-16
26.646 1.76298e-16
26.706 1.77084e-16
26.766 1.77872e-16
26.826 1.78661e-16
26.886 1.79452e-16
26.946 1.80245e-16
27.006 1.8104e-16
27.066 1.81837e-16
27.126 1.82635e-16
27.186 1.83435e-16
27.246 1.84237e-16
27.306 1.8504e-16
27.366 1.85845e-16
27.426 1.86652e-16
27.486 1.87461e-16
27.546 1.88271e-16
27.606 1.89084e-16
27.666 1.89898e-16
27.726 1.90713e-16
27.786 1.91531e-16
27.846 1.9235e-16
27.906 1.93171e-16
27.966 1.93994e-16
28.026 1.94818e-16
28.086 1.95644e-16
28.146 1.96472e-16
28.206 1.97302e-16
28.266 1.98134e-16
28.326 1.98967e-16
28.386 1.99802e-16
28.446 2.00638e-16
28.506 2.01477e-16
28.566 2.02317e-16
28.626 2.03159e-16
28.686 2.04003e-16
28.746 2.04848e-16
28.806 2.05695e-16
28.866 2.06544e-16
28.926 2.07395e-16
28.986 2.08248e-16
29.046 2.09102e-16
29.106 2.09958e-16
29.166 2.10815e-16
29.226 2.11675e-16
29.286 2.12536e-16
29.346 2.13399e-16
29.406 2.14264e-16
29.466 2.1513e-16
29.526 2.15998e-16
29.586 2.16868e-16
29.646 2.1774e-16
29.706 2.18613e-16
29.766 2.19489e-16
29.826 2.20365e-16
29.886 2.21244e-16
29.946 2.22125e-16
30.006 2.23007e-16
30.066 2.23891e-16
30.126 2.24776e-16
30.186 2.25664e-16
30.246 2.26553e-16
30.306 2.27444e-16
30.366 2.28337e-16
30.426 2.29231e-16
30.486 2.30127e-16
30.546 2.31025e-16
30.606 2.31925e-16
30.666 2.32826e-16
30.726 2.33729e-16
30.786 2.34634e-16
30.846 2.35541e-16
30.906 2.36449e-16
30.966 2.3736e-16
31.026 2.38272e-16
31.086 2.39185e-16
31.146 2.40101e-16
31.206 2.41018e-16
31.266 2.41937e-16
31.326 2.42857e-16
31.386 2.4378e-16
31.446 2.44704e-16
31.506 2.4563e-16
31.566 2.46558e-16
31.626 2.47487e-16
31.686 2.48418e-16
31.746 2.49351e-16
31.806 2.50286e-16
31.866 2.51222e-16
31.926 2.5216e-16
31.986 2.531e-16
32.046 2.54042e-16
32.106 2.54985e-16
32.166 2.5593e-16
32.226 2.56877e-16
32.286 2.57826e-16
32.346 2.58776e-16
32.406 2.59729e-16
32.466 2.60682e-16
32.526 2.61638e-16
32.586 2.62595e-16
32.646 2.63555e-16
32.706 2.64516e-16
32.766 2.65478e-16
32.826 2.66443e-16
32.886 2.67409e-16
32.946 2.68377e-16
33.006 2.69346e-16
33.066 2.70318e-16
33.126 2.71291e-16
33.186 2.72266e-16
33.246 2.73242e-16
33.306 2.74221e-16
33.366 2.75201e-16
33.426 2.76183e-16
33.486 2.77166e-16
33.546 2.78152e-16
33.606 2.79139e-16
33.666 2.80128e-16
33.726 2.81118e-16
33.786 2.82111e-16
33.846 2.83105e-16
33.906 2.84101e-16
33.966 2.85098e-16
34.026 2.86098e-16
34.086 2.87099e-16
34.146 2.88102e-16
34.206 2.89106e-16
34.266 2.90113e-16
34.326 2.91121e-16
34.386 2.92131e-16
34.446 2.93142e-16
34.506 2.94156e-16
34.566 2.95171e-16
34.626 2.96188e-16
34.686 2.97206e-16
34.746 2.98227e-16
34.806 2.99249e-16
34.866 3.00273e-16
34.926 3.01298e-16
34.986 3.02326e-16
35.046 3.03355e-16
35.106 3.04386e-16
35.166 3.05418e-16
35.226 3.06453e-16
35.286 3.07489e-16
35.346 3.08527e-16
35.406 3.09566e-16
35.466 3.10607e-16
35.526 3.11651e-16
35.586 3.12695e-16
35.646 3.13742e-16
35.706 3.1479e-16
35.766 3.1584e-16
35.826 3.16892e-16
35.886 3.17946e-16
35.946 3.19001e-16
36.006 3.20058e-16
36.066 3.21117e-16
36.126 3.22178e-16
36.186 3.2324e-16
36.246 3.24304e-16
36.306 3.2537e-16
36.366 3.26438e-16
36.426 3.27507e-16
36.486 3.28578e-16
36.546 3.29651e-16
36.606 3.30726e-16
36.666 3.31802e-16
36.726 3.3288e-16
36.786 3.3396e-16
36.846 3.35041e-16
36.906 3.36125e-16
36.966 3.3721e-16
37.026 3.38297e-16
37.086 3.39385e-16
37.146 3.40476e-16
37.206 3.41568e-16
37.266 3.42661e-16
37.326 3.43757e-16
37.386 3.44854e-16
37.446 3.45953e-16
37.506 3.47054e-16
37.566 3.48157e-16
37.626 3.49261e-16
37.686 3.50367e-16
37.746 3.51475e-16
37.806 3.52585e-16
37.866 3.53696e-16
37.926 3.54809e-16
37.986 3.55924e-16
38.046 3.5704e-16
38.106 3.58159e-16
38.166 3.59279e-16
38.226 3.60401e-16
38.286 3.61524e-16
38.346 3.62649e-16
38.406 3.63776e-16
38.466 3.64905e-16
38.526 3.66036e-16
38.586 3.67168e-16
38.646 3.68302e-16
38.706 3.69438e-16
38.766 3.70576e-16
38.826 3.71715e-16
38.886 3.72856e-16
38.946 3.73999e-16
39.006 3.75143e-16
39.066 3.7629e-16
39.126 3.77438e-16
39.186 3.78587e-16
39.246 3.79739e-16
39.306 3.80892e-16
39.366 3.82047e-16
39.426 3.83204e-16
39.486 3.84363e-16
39.546 3.85523e-16
39.606 3.86685e-16
39.666 3.87849e-16
39.726 3.89014e-16
39.786 3.90182e-16
39.846 3.91351e-16
39.906 3.92521e-16
39.966 3.93694e-16
40.026 3.94868e-16
40.086 3.96044e-16
40.146 3.97222e-16
40.206 3.98402e-16
40.266 3.99583e-16
40.326 4.00766e-16
40.386 4.01951e-16
40.446 4.03137e-16
40.506 4.04325e-16
40.566 4.05515e-16
40.626 4.06707e-16
40.686 4.07901e-16
40.746 4.09096e-16
40.806 4.10293e-16
40.866 4.11492e-16
40.926 4.12692e-16
40.986 4.13895e-16
41.046 4.15099e-16
41.106 4.16304e-16
41.166 4.17512e-16
41.226 4.18721e-16
41.286 4.19932e-16
41.346 4.21145e-16
41.406 4.22359e-16
41.466 4.23576e-16
41.526 4.24794e-16
41.586 4.26013e-16
41.646 4.27235e-16
41.706 4.28458e-16
41.766 4.29683e-16
41.826 4.3091e-16
41.886 4.32139e-16
41.946 4.33369e-16
42.006 4.34601e-16
42.066 4.35835e-16
42.126 4.3707e-16
42.186 4.38307e-16
42.246 4.39546e-16
42.306 4.40787e-16
42.366 4.4203e-16
42.426 4.43274e-16
42.486 4.4452e-16
42.546 4.45768e-16
42.606 4.47017e-16
42.666 4.48268e-16
42.726 4.49521e-16
42.786 4.50776e-16
42.846 4.52032e-16
42.906 4.53291e-16
42.966 4.54551e-16
43.026 4.55812e-16
43.086 4.57076e-16
43.146 4.58341e-16
43.206 4.59608e-16
43.266 4.60877e-16
43.326 4.62147e-16
43.386 4.6342e-16
43.446 4.64694e-16
43.506 4.65969e-16
43.566 4.67247e-16
43.626 4.68526e-16
43.686 4.69807e-16
43.746 4.7109e-16
43.806 4.72374e-16
43.866 4.7366e-16
43.926 4.74948e-16
43.986 4.76238e-16
44.046 4.7753e-16
44.106 4.78823e-16
44.166 4.80118e-16
44.226 4.81415e-16
44.286 4.82713e-16
44.346 4.84013e-16
44.406 4.85315e-16
44.466 4.86619e-16
44.526 4.87924e-16
44.586 4.89232e-16
44.646 4.90541e-16
44.706 4.91851e-16
44.766 4.93164e-16
44.826 4.94478e-16
44.886 4.95794e-16
44.946 4.97112e-16
45.006 4.98431e-16
45.066 4.99752e-16
45.126 5.01075e-16
45.186 5.024e-16
45.246 5.03726e-16
45.306 5.05055e-16
45.366 5.06385e-16
45.426 5.07716e-16
45.486 5.0905e-16
45.546 5.10385e-16
45.606 5.11722e-16
45.666 5.13061e-16
45.726 5.14401e-16
45.786 5.15743e-16
45.846 5.17087e-16
45.906 5.18433e-16
45.966 5.1978e-16
46.026 5.21129e-16
46.086 5.2248e-16
46.146 5.23833e-16
46.206 5.25187e-16
46.266 5.26544e-16
46.326 5.27902e-16
46.386 5.29261e-16
46.446 5.30623e-16
46.506 5.31986e-16
46.566 5.33351e-16
46.626 5.34718e-16
46.686 5.36086e-16
46.746 5.37456e-16
46.806 5.38828e-16
46.866 5.40202e-16
46.926 5.41577e-16
46.986 5.42954e-16
47.046 5.44333e-16
47.106 5.45714e-16
47.166 5.47096e-16
47.226 5.48481e-16
47.286 5.49866e-16
47.346 5.51254e-16
47.406 5.52644e-16
47.466 5.54035e-16
47.526 5.55428e-16
47.586 5.56822e-16
47.646 5.58219e-16
47.706 5.59617e-16
47.766 5.61017e-16
47.826 5.62418e-16
47.886 5.63822e-16
47.946 5.65227e-16
48.006 5.66634e-16
48.066 5.68043e-16
48.126 5.69453e-16
48.186 5.70865e-16
48.246 5.72279e-16
48.306 5.73695e-16
48.366 5.75112e-16
48.426 5.76531e-16
48.486 5.77952e-16
48.546 5.79375e-16
48.606 5.80799e-16
48.666 5.82225e-16
48.726 5.83653e-16
48.786 5.85083e-16
48.846 5.86514e-16
48.906 5.87948e-16
48.966 5.89382e-16
49.026 5.90819e-16
49.086 5.92257e-16
49.146 5.93698e-16
49.206 5.9514e-16
49.266 5.96583e-16
49.326 5.98029e-16
49.386 5.99476e-16
49.446 6.00925e-16
49.506 6.02375e-16
49.566 6.03828e-16
49.626 6.05282e-16
49.686 6.06738e-16
49.746 6.08195e-16
49.806 6.09655e-16
49.866 6.11116e-16
49.926 6.12579e-16
49.986 6.14043e-16
50.046 6.1551e-16
50.106 6.16978e-16
50.166 6.18448e-16
50.226 6.19919e-16
50.286 6.21393e-16
50.346 6.22868e-16
50.406 6.24345e-16
50.466 6.25823e-16
50.526 6.27304e-16
50.586 6.28786e-16
50.646 6.3027e-16
50.706 6.31755e-16
50.766 6.33243e-16
50.826 6.34732e-16
50.886 6.36223e-16
50.946 6.37715e-16
51.006 6.3921e-16
51.066 6.40706e-16
51.126 6.42204e-16
51.186 6.43703e-16
51.246 6.45205e-16
51.306 6.46708e-16
51.366 6.48213e-16
51.426 6.49719e-16
51.486 6.51228e-16
51.546 6.52738e-16
51.606 6.54249e-16
51.666 6.55763e-16
51.726 6.57278e-16
51.786 6.58796e-16
51.846 6.60314e-16
51.906 6.61835e-16
51.966 6.63357e-16
52.026 6.64881e-16
52.086 6.66407e-16
52.146 6.67935e-16
52.206 6.69464e-16
52.266 6.70995e-16
52.326 6.72528e-16
52.386 6.74063e-16
52.446 6.75599e-16
52.506 6.77137e-16
52.566 6.78677e-16
52.626 6.80219e-16
52.686 6.81762e-16
52.746 6.83307e-16
52.806 6.84854e-16
52.866 6.86402e-16
52.926 6.87953e-16
52.986 6.89505e-16
53.046 6.91059e-16
53.106 6.92614e-16
53.166 6.94172e-16
53.226 6.95731e-16
53.286 6.97292e-16
53.346 6.98854e-16
53.406 7.00418e-16
53.466 7.01985e-16
53.526 7.03552e-16
53.586 7.05122e-16
53.646 7.06693e-16
53.706 7.08266e-16
53.766 7.09841e-16
53.826 7.11418e-16
53.886 7.12996e-16
53.946 7.14576e-16
54.006 7.16158e-16
54.066 7.17742e-16
54.126 7.19327e-16
54.186 7.20914e-16
54.246 7.22503e-16
54.306 7.24093e-16
54.366 7.25686e-16
54.426 7.2728e-16
54.486 7.28875e-16
54.546 7.30473e-16
54.606 7.32072e-16
54.666 7.33673e-16
54.726 7.35276e-16
54.786 7.36881e-16
54.846 7.38487e-16
54.906 7.40095e-16
54.966 7.41705e-16
55.026 7.43316e-16
55.086 7.4493e-16
55.146 7.46545e-16
55.206 7.48162e-16
55.266 7.4978e-16
55.326 7.514e-16
55.386 7.53023e-16
55.446 7.54646e-16
55.506 7.56272e-16
55.566 7.57899e-16
55.626 7.59528e-16
55.686 7.61159e-16
55.746 7.62792e-16
55.806 7.64426e-16
55.866 7.66062e-16
55.926 7.677e-16
55.986 7.69339e-16
56.046 7.7098e-16
56.106 7.72624e-16
56.166 7.74268e-16
56.226 7.75915e-16
56.286 7.77563e-16
56.346 7.79213e-16
56.406 7.80865e-16
56.466 7.82518e-16
56.526 7.84174e-16
56.586 7.85831e-16
56.646 7.8749e-16
56.706 7.8915e-16
56.766 7.90812e-16
56.826 7.92476e-16
56.886 7.94142e-16
56.946 7.9581e-16
57.006 7.97479e-16
57.066 7.9915e-16
57.126 8.00823e-16
57.186 8.02497e-16
57.246 8.04174e-16
57.306 8.05852e-16
57.366 8.07531e-16
57.426 8.09213e-16
57.486 8.10896e-16
57.546 8.12581e-16
57.606 8.14268e-16
57.666 8.15956e-16
57.726 8.17647e-16
57.786 8.19339e-16
57.846 8.21032e-16
57.906 8.22728e-16
57.966 8.24425e-16
58.026 8.26124e-16
58.086 8.27825e-16
58.146 8.29527e-16
58.206 8.31232e-16
58.266 8.32938e-16
58.326 8.34645e-16
58.386 8.36355e-16
58.446 8.38066e-16
58.506 8.39779e-16
58.566 8.41494e-16
58.626 8.4321e-16
58.686 8.44929e-16
58.746 8.46649e-16
58.806 8.4837e-16
58.866 8.50094e-16
58.926 8.51819e-16
58.986 8.53546e-16
59.046 8.55275e-16
59.106 8.57005e-16
59.166 8.58738e-16
59.226 8.60472e-16
59.286 8.62207e-16
59.346 8.63945e-16
59.406 8.65684e-16
59.466 8.67425e-16
59.526 8.69168e-16
59.586 8.70912e-16
59.646 8.72659e-16
59.706 8.74407e-16
59.766 8.76156e-16
59.826 8.77908e-16
59.886 8.79661e-16
59.946 8.81416e-16

