0.006 4.04542e-08
0.066 4.87663e-06
0.126 1.75942e-05
0.186 3.77195e-05
0.246 6.45263e-05
0.306 9.70934e-05
0.366 0.000134376
0.426 0.000175286
0.486 0.00021877
0.546 0.000263881
0.606 0.000309844
0.666 0.000356092
0.726 0.000402291
0.786 0.000448332
0.846 0.000494285
0.906 0.000540311
0.966 0.000586496
1.026 0.000632562
1.086 0.000677388
1.146 0.000718319
1.206 0.000750704
1.266 0.000769023
1.326 0.000770153
1.386 0.000755281
1.446 0.00072815
1.506 0.000692694
1.566 0.000652097
1.626 0.000608739
1.686 0.000564364
1.746 0.000520235
1.806 0.000477252
1.866 0.000436038
1.926 0.000397005
1.986 0.000360398
2.046 0.00032634
2.106 0.000294862
2.166 0.000265927
2.226 0.000239449
2.286 0.000215313
2.346 0.000193381
2.406 0.000173507
2.466 0.000155538
2.526 0.000139324
2.586 0.000124717
2.646 0.000111577
2.706 9.97701e-05
2.766 8.91727e-05
2.826 7.96691e-05
2.886 7.11531e-05
2.946 6.35273e-05
3.006 5.67025e-05
3.066 5.05977e-05
3.126 4.51395e-05
3.186 4.02614e-05
3.246 3.59032e-05
3.306 3.20108e-05
3.366 2.85355e-05
3.426 2.54333e-05
3.486 2.26649e-05
3.546 2.01949e-05
3.606 1.79917e-05
3.666 1.60267e-05
3.726 1.42746e-05
3.786 1.27125e-05
3.846 1.13201e-05
3.906 1.00791e-05
3.966 8.97329e-06
4.026 7.988e-06
4.086 7.11025e-06
4.146 6.32839e-06
4.206 5.63204e-06
4.266 5.01192e-06
4.326 4.45975e-06
4.386 3.96814e-06
4.446 3.53049e-06
4.506 3.14093e-06
4.566 2.79419e-06
4.626 2.48561e-06
4.686 2.21101e-06
4.746 1.96666e-06
4.806 1.74926e-06
4.866 1.55584e-06
4.926 1.38377e-06
4.986 1.23071e-06
5.046 1.09456e-06
5.106 9.73464e-07
5.166 8.6576e-07
5.226 7.69973e-07
5.286 6.84787e-07
5.346 6.09032e-07
5.406 5.41667e-07
5.466 4.81763e-07
5.526 4.28496e-07
5.586 3.8113e-07
5.646 3.39013e-07
5.706 3.01563e-07
5.766 2.68262e-07
5.826 2.38652e-07
5.886 2.12322e-07
5.946 1.8891e-07
6.006 1.6809e-07
6.066 1.49576e-07
6.126 1.33112e-07
6.186 1.1847e-07
6.246 1.05448e-07
6.306 9.3866e-08
6.366 8.35645e-08
6.426 7.44012e-08
6.486 6.625e-08
6.546 5.89985e-08
6.606 5.25477e-08
6.666 4.68114e-08
6.726 4.17095e-08
6.786 3.71708e-08
6.846 3.31321e-08
6.906 2.95376e-08
6.966 2.63378e-08
7.026 2.34886e-08
7.086 2.09513e-08
7.146 1.86911e-08
7.206 1.66774e-08
7.266 1.4883e-08
7.326 1.32838e-08
7.386 1.18581e-08
7.446 1.05871e-08
7.506 9.4536e-09
7.566 8.44267e-09
7.626 7.54088e-09
7.686 6.73632e-09
7.746 6.0184e-09
7.806 5.37768e-09
7.866 4.80578e-09
7.926 4.29523e-09
7.986 3.83939e-09
8.046 3.43233e-09
8.106 3.06878e-09
8.166 2.74406e-09
8.226 2.45396e-09
8.286 2.19478e-09
8.346 1.96318e-09
8.406 1.75621e-09
8.466 1.57121e-09
8.526 1.40585e-09
8.586 1.25802e-09
8.646 1.12584e-09
8.706 1.00764e-09
8.766 9.01942e-10
8.826 8.07403e-10
8.886 7.22839e-10
8.946 6.47189e-10
9.006 5.79508e-10
9.066 5.18948e-10
9.126 4.64757e-10
9.186 4.16259e-10
9.246 3.72852e-10
9.306 3.33998e-10
9.366 2.99216e-10
9.426 2.68078e-10
9.486 2.40198e-10
9.546 2.15234e-10
9.606 1.92878e-10
9.666 1.72857e-10
9.726 1.54925e-10
9.786 1.38863e-10
9.846 1.24475e-10
9.906 1.11585e-10
9.966 1.00037e-10
10.026 8.96898e-11
10.086 8.0418e-11
10.146 7.21093e-11
10.206 6.46631e-11
10.266 5.79893e-11
10.326 5.20075e-11
10.386 4.66456e-11
10.446 4.18389e-11
10.506 3.75297e-11
10.566 3.36662e-11
10.626 3.02022e-11
10.686 2.70961e-11
10.746 2.43107e-11
10.806 2.18129e-11
10.866 1.95727e-11
10.926 1.75635e-11
10.986 1.57614e-11
11.046 1.41449e-11
11.106 1.26948e-11
11.166 1.13939e-11
11.226 1.02269e-11
11.286 9.17978e-12
11.346 8.24028e-12
11.406 7.39728e-12
11.466 6.64081e-12
11.526 5.96197e-12
11.586 5.35276e-12
11.646 4.80601e-12
11.706 4.31528e-12
11.766 3.87482e-12
11.826 3.47947e-12
11.886 3.12457e-12
11.946 2.80599e-12
12.006 2.51998e-12
12.066 2.26321e-12
12.126 2.03268e-12
12.186 1.8257e-12
12.246 1.63985e-12
12.306 1.47297e-12
12.366 1.32311e-12
12.426 1.18854e-12
12.486 1.06769e-12
12.546 9.59158e-13
12.606 8.61681e-13
12.666 7.74131e-13
12.726 6.95494e-13
12.786 6.2486e-13
12.846 5.61413e-13
12.906 5.04418e-13
12.966 4.53218e-13
13.026 4.07222e-13
13.086 3.65899e-13
13.146 3.28773e-13
13.206 2.95417e-13
13.266 2.65447e-13
13.326 2.38518e-13
13.386 2.14322e-13
13.446 1.92579e-13
13.506 1.7304e-13
13.566 1.55482e-13
13.626 1.39704e-13
13.686 1.25523e-13
13.746 1.12779e-13
13.806 1.01326e-13
13.866 9.10314e-14
13.926 8.17791e-14
13.986 7.34631e-14
14.046 6.59884e-14
14.106 5.92697e-14
14.166 5.32307e-14
14.226 4.78023e-14
14.286 4.29229e-14
14.346 3.85369e-14
14.406 3.45945e-14
14.466 3.10508e-14
14.526 2.78656e-14
14.586 2.50027e-14
14.646 2.24297e-14
14.706 2.01172e-14
14.766 1.80393e-14
14.826 1.61722e-14
14.886 1.44948e-14
14.946 1.29883e-14
15.006 1.16354e-14
15.066 1.04209e-14
15.126 9.33105e-15
15.186 8.35358e-15
15.246 7.47741e-15
15.306 6.69264e-15
15.366 5.99043e-15
15.426 5.36283e-15
15.486 4.80276e-15
15.546 4.3039e-15
15.606 3.86062e-15
15.666 3.46791e-15
15.726 3.12134e-15
15.786 2.817e-15
15.846 2.55144e-15
15.906 2.32165e-15
15.966 2.12505e-15
16.026 1.95938e-15
16.086 1.82277e-15
16.146 1.71366e-15
16.206 1.63079e-15
16.266 1.57318e-15
16.326 1.54017e-15
16.386 1.97374e-17
16.446 1.98755e-17
16.506 2.0014e-17
16.566 2.01531e-17
16.626 2.02926e-17
16.686 2.04326e-17
16.746 2.05731e-17
16.806 2.0714e-17
16.866 2.08555e-17
16.926 2.09974e-17
16.986 2.11399e-17
17.046 2.12828e-17
17.106 2.14262e-17
17.166 2.15701e-17
17.226 2.17144e-17
17.286 2.18593e-17
17.346 2.20046e-17
17.406 2.21505e-17
17.466 2.22968e-17
17.526 2.24436e-17
17.586 2.25909e-17
17.646 2.27387e-17
17.706 2.28869e-17
17.766 2.30357e-17
17.826 2.31849e-17
17.886 2.33346e-17
17.946 2.34848e-17
18.006 2.36355e-17
18.066 2.37867e-17
18.126 2.39384e-17
18.186 2.40905e-17
18.246 2.42431e-17
18.306 2.43963e-17
18.366 2.45499e-17
18.426 2.4704e-17
18.486 2.48585e-17
18.546 2.50136e-17
18.606 2.51692e-17
18.666 2.53252e-17
18.726 2.54817e-17
18.786 2.56387e-17
18.846 2.57962e-17
18.906 2.59542e-17
18.966 2.61127e-17
19.026 2.62716e-17
19.086 2.6431e-17
19.146 2.6591e-17
19.206 2.67514e-17
19.266 2.69123e-17
19.326 2.70736e-17
19.386 2.72355e-17
19.446 2.73979e-17
19.506 2.75607e-17
19.566 2.7724e-17
19.626 2.78878e-17
19.686 2.80521e-17
19.746 2.82169e-17
19.806 2.83822e-17
19.866 2.85479e-17
19.926 2.87142e-17
19.986 2.88809e-17
20.046 2.90481e-17
20.106 2.92158e-17
20.166 2.9384e-17
20.226 2.95526e-17
20.286 2.97218e-17
20.346 2.98914e-17
20.406 3.00616e-17
20.466 3.02322e-17
20.526 3.04033e-17
20.586 3.05748e-17
20.646 3.07469e-17
20.706 3.09195e-17
20.766 3.10925e-17
20.826 3.1266e-17
20.886 3.144e-17
20.946 3.16145e-17
21.006 3.17895e-17
21.066 3.1965e-17
21.126 3.21409e-17
21.186 3.23174e-17
21.246 3.24943e-17
21.306 3.26717e-17
21.366 3.28496e-17
21.426 3.3028e-17
21.486 3.32068e-17
21.546 3.33862e-17
21.606 3.3566e-17
21.666 3.37464e-17
21.726 3.39272e-17
21.786 3.41085e-17
21.846 3.42903e-17
21.906 3.44725e-17
21.966 3.46553e-17
22.026 3.48385e-17
22.086 3.50222e-17
22.146 3.52064e-17
22.206 3.53911e-17
22.266 3.55763e-17
22.326 3.5762e-17
22.386 3.59481e-17
22.446 3.61348e-17
22.506 3.63219e-17
22.566 3.65095e-17
22.626 3.66976e-17
22.686 3.68862e-17
22.746 3.70752e-17
22.806 3.72648e-17
22.866 3.74548e-17
22.926 3.76454e-17
22.986 3.78364e-17
23.046 3.80279e-17
23.106 3.82198e-17
23.166 3.84123e-17
23.226 3.86053e-17
23.286 3.87987e-17
23.346 3.89926e-17
23.406 3.9187e-17
23.466 3.93819e-17
23.526 3.95773e-17
23.586 3.97732e-17
23.646 3.99695e-17
23.706 4.01664e-17
23.766 4.03637e-17
23.826 4.05615e-17
23.886 4.07598e-17
23.946 4.09586e-17
24.006 4.11578e-17
24.066 4.13576e-17
24.126 4.15578e-17
24.186 4.17585e-17
24.246 4.19597e-17
24.306 4.21614e-17
24.366 4.23636e-17
24.426 4.25663e-17
24.486 4.27694e-17
24.546 4.2973e-17
24.606 4.31772e-17
24.666 4.33818e-17
24.726 4.35869e-17
24.786 4.37924e-17
24.846 4.39985e-17
24.906 4.4205e-17
24.966 4.44121e-17
25.026 4.46196e-17
25.086 4.48276e-17
25.146 4.50361e-17
25.206 4.52451e-17
25.266 4.54545e-17
25.326 4.56645e-17
25.386 4.58749e-17
25.446 4.60858e-17
25.506 4.62972e-17
25.566 4.65091e-17
25.626 4.67215e-17
25.686 4.69344e-17
25.746 4.71477e-17
25.806 4.73615e-17
25.866 4.75759e-17
25.926 4.77907e-17
25.986 4.80059e-17
26.046 4.82217e-17
26.106 4.8438e-17
26.166 4.86547e-17
26.226 4.8872e-17
26.286 4.90897e-17
26.346 4.93079e-17
26.406 4.95266e-17
26.466 4.97457e-17
26.526 4.99654e-17
26.586 5.01855e-17
26.646 5.04062e-17
26.706 5.06273e-17
26.766 5.08489e-17
26.826 5.1071e-17
26.886 5.12935e-17
26.946 5.15166e-17
27.006 5.17401e-17
27.066 5.19642e-17
27.126 5.21887e-17
27.186 5.24137e-17
27.246 5.26392e-17
27.306 5.28651e-17
27.366 5.30916e-17
27.426 5.33185e-17
27.486 5.3546e-17
27.546 5.37739e-17
27.606 5.40023e-17
27.666 5.42312e-17
27.726 5.44605e-17
27.786 5.46904e-17
27.846 5.49207e-17
27.906 5.51515e-17
27.966 5.53829e-17
28.026 5.56147e-17
28.086 5.58469e-17
28.146 5.60797e-17
28.206 5.6313e-17
28.266 5.65467e-17
28.326 5.67809e-17
28.386 5.70156e-17
28.446 5.72508e-17
28.506 5.74865e-17
28.566 5.77227e-17
28.626 5.79593e-17
28.686 5.81965e-17
28.746 5.84341e-17
28.806 5.86722e-17
28.866 5.89108e-17
28.926 5.91499e-17
28.986 5.93894e-17
29.046 5.96295e-17
29.106 5.987e-17
29.166 6.0111e-17
29.226 6.03526e-17
29.286 6.05945e-17
29.346 6.0837e-17
29.406 6.108e-17
29.466 6.13234e-17
29.526 6.15674e-17
29.586 6.18118e-17
29.646 6.20567e-17
29.706 6.23021e-17
29.766 6.2548e-17
29.826 6.27943e-17
29.886 6.30412e-17
29.946 6.32885e-17
30.006 6.35363e-17
30.066 6.37846e-17
30.126 6.40334e-17
30.186 6.42827e-17
30.246 6.45325e-17
30.306 6.47827e-17
30.366 6.50334e-17
30.426 6.52847e-17
30.486 6.55364e-17
30.546 6.57885e-17
30.606 6.60412e-17
30.666 6.62944e-17
30.726 6.6548e-17
30.786 6.68022e-17
30.846 6.70568e-17
30.906 6.73119e-17
30.966 6.75675e-17
31.026 6.78235e-17
31.086 6.80801e-17
31.146 6.83371e-17
31.206 6.85947e-17
31.266 6.88527e-17
31.326 6.91112e-17
31.386 6.93702e-17
31.446 6.96296e-17
31.506 6.98896e-17
31.566 7.015e-17
31.626 7.0411e-17
31.686 7.06724e-17
31.746 7.09343e-17
31.806 7.11966e-17
31.866 7.14595e-17
31.926 7.17229e-17
31.986 7.19867e-17
32.046 7.2251e-17
32.106 7.25158e-17
32.166 7.27811e-17
32.226 7.30469e-17
32.286 7.33132e-17
32.346 7.35799e-17
32.406 7.38472e-17
32.466 7.41149e-17
32.526 7.43831e-17
32.586 7.46518e-17
32.646 7.4921e-17
32.706 7.51907e-17
32.766 7.54608e-17
32.826 7.57314e-17
32.886 7.60026e-17
32.946 7.62742e-17
33.006 7.65463e-17
33.066 7.68188e-17
33.126 7.70919e-17
33.186 7.73655e-17
33.246 7.76395e-17
33.306 7.7914e-17
33.366 7.8189e-17
33.426 7.84645e-17
33.486 7.87405e-17
33.546 7.9017e-17
33.606 7.92939e-17
33.666 7.95713e-17
33.726 7.98493e-17
33.786 8.01277e-17
33.846 8.04066e-17
33.906 8.06859e-17
33.966 8.09658e-17
34.026 8.12461e-17
34.086 8.1527e-17
34.146 8.18083e-17
34.206 8.20901e-17
34.266 8.23724e-17
34.326 8.26551e-17
34.386 8.29384e-17
34.446 8.32222e-17
34.506 8.35064e-17
34.566 8.37911e-17
34.626 8.40763e-17
34.686 8.4362e-17
34.746 8.46482e-17
34.806 8.49348e-17
34.866 8.5222e-17
34.926 8.55096e-17
34.986 8.57977e-17
35.046 8.60863e-17
35.106 8.63754e-17
35.166 8.6665e-17
35.226 8.6955e-17
35.286 8.72456e-17
35.346 8.75366e-17
35.406 8.78281e-17
35.466 8.81201e-17
35.526 8.84126e-17
35.586 8.87055e-17
35.646 8.8999e-17
35.706 8.92929e-17
35.766 8.95874e-17
35.826 8.98823e-17
35.886 9.01777e-17
35.946 9.04735e-17
36.006 9.07699e-17
36.066 9.10668e-17
36.126 9.13641e-17
36.186 9.16619e-17
36.246 9.19602e-17
36.306 9.2259e-17
36.366 9.25583e-17
36.426 9.28581e-17
36.486 9.31583e-17
36.546 9.34591e-17
36.606 9.37603e-17
36.666 9.4062e-17
36.726 9.43642e-17
36.786 9.46669e-17
36.846 9.497e-17
36.906 9.52737e-17
36.966 9.55778e-17
37.026 9.58824e-17
37.086 9.61875e-17
37.146 9.64931e-17
37.206 9.67992e-17
37.266 9.71058e-17
37.326 9.74128e-17
37.386 9.77203e-17
37.446 9.80284e-17
37.506 9.83369e-17
37.566 9.86458e-17
37.626 9.89553e-17
37.686 9.92653e-17
37.746 9.95757e-17
37.806 9.98867e-17
37.866 1.00198e-16
37.926 1.0051e-16
37.986 1.00822e-16
38.046 1.01135e-16
38.106 1.01449e-16
38.166 1.01762e-16
38.226 1.02077e-16
38.286 1.02392e-16
38.346 1.02707e-16
38.406 1.03023e-16
38.466 1.03339e-16
38.526 1.03656e-16
38.586 1.03973e-16
38.646 1.04291e-16
38.706 1.04609e-16
38.766 1.04928e-16
38.826 1.05247e-16
38.886 1.05566e-16
38.946 1.05887e-16
39.006 1.06207e-16
39.066 1.06528e-16
39.126 1.0685e-16
39.186 1.07172e-16
39.246 1.07495e-16
39.306 1.07818e-16
39.366 1.08141e-16
39.426 1.08465e-16
39.486 1.0879e-16
39.546 1.09115e-16
39.606 1.0944e-16
39.666 1.09766e-16
39.726 1.10093e-16
39.786 1.1042e-16
39.846 1.10747e-16
39.906 1.11075e-16
39.966 1.11403e-16
40.026 1.11732e-16
40.086 1.12062e-16
40.146 1.12392e-16
40.206 1.12722e-16
40.266 1.13053e-16
40.326 1.13384e-16
40.386 1.13716e-16
40.446 1.14048e-16
40.506 1.14381e-16
40.566 1.14714e-16
40.626 1.15048e-16
40.686 1.15382e-16
40.746 1.15717e-16
40.806 1.16052e-16
40.866 1.16388e-16
40.926 1.16724e-16
40.986 1.17061e-16
41.046 1.17398e-16
41.106 1.17735e-16
41.166 1.18074e-16
41.226 1.18412e-16
41.286 1.18751e-16
41.346 1.19091e-16
41.406 1.19431e-16
41.466 1.19771e-16
41.526 1.20112e-16
41.586 1.20454e-16
41.646 1.20796e-16
41.706 1.21138e-16
41.766 1.21481e-16
41.826 1.21825e-16
41.886 1.22169e-16
41.946 1.22513e-16
42.006 1.22858e-16
42.066 1.23204e-16
42.126 1.23549e-16
42.186 1.23896e-16
42.246 1.24243e-16
42.306 1.2459e-16
42.366 1.24938e-16
42.426 1.25286e-16
42.486 1.25635e-16
42.546 1.25984e-16
42.606 1.26334e-16
42.666 1.26684e-16
42.726 1.27035e-16
42.786 1.27386e-16
42.846 1.27738e-16
42.906 1.2809e-16
42.966 1.28443e-16
43.026 1.28796e-16
43.086 1.2915e-16
43.146 1.29504e-16
43.206 1.29858e-16
43.266 1.30213e-16
43.326 1.30569e-16
43.386 1.30925e-16
43.446 1.31282e-16
43.506 1.31639e-16
43.566 1.31996e-16
43.626 1.32354e-16
43.686 1.32713e-16
43.746 1.33072e-16
43.806 1.33431e-16
43.866 1.33791e-16
43.926 1.34152e-16
43.986 1.34513e-16
44.046 1.34874e-16
44.106 1.35236e-16
44.166 1.35598e-16
44.226 1.35961e-16
44.286 1.36324e-16
44.346 1.36688e-16
44.406 1.37053e-16
44.466 1.37417e-16
44.526 1.37783e-16
44.586 1.38149e-16
44.646 1.38515e-16
44.706 1.38882e-16
44.766 1.39249e-16
44.826 1.39617e-16
44.886 1.39985e-16
44.946 1.40353e-16
45.006 1.40723e-16
45.066 1.41092e-16
45.126 1.41462e-16
45.186 1.41833e-16
45.246 1.42204e-16
45.306 1.42576e-16
45.366 1.42948e-16
45.426 1.43321e-16
45.486 1.43694e-16
45.546 1.44067e-16
45.606 1.44441e-16
45.666 1.44816e-16
45.726 1.45191e-16
45.786 1.45566e-16
45.846 1.45942e-16
45.906 1.46319e-16
45.966 1.46696e-16
46.026 1.47073e-16
46.086 1.47451e-16
46.146 1.47829e-16
46.206 1.48208e-16
46.266 1.48588e-16
46.326 1.48967e-16
46.386 1.49348e-16
46.446 1.49729e-16
46.506 1.5011e-16
46.566 1.50492e-16
46.626 1.50874e-16
46.686 1.51257e-16
46.746 1.5164e-16
46.806 1.52024e-16
46.866 1.52408e-16
46.926 1.52793e-16
46.986 1.53178e-16
47.046 1.53564e-16
47.106 1.5395e-16
47.166 1.54337e-16
47.226 1.54724e-16
47.286 1.55111e-16
47.346 1.55499e-16
47.406 1.55888e-16
47.466 1.56277e-16
47.526 1.56667e-16
47.586 1.57057e-16
47.646 1.57447e-16
47.706 1.57838e-16
47.766 1.5823e-16
47.826 1.58622e-16
47.886 1.59014e-16
47.946 1.59407e-16
48.006 1.59801e-16
48.066 1.60195e-16
48.126 1.60589e-16
48.186 1.60984e-16
48.246 1.61379e-16
48.306 1.61775e-16
48.366 1.62172e-16
48.426 1.62569e-16
48.486 1.62966e-16
48.546 1.63364e-16
48.606 1.63762e-16
48.666 1.64161e-16
48.726 1.6456e-16
48.786 1.6496e-16
48.846 1.6536e-16
48.906 1.65761e-16
48.966 1.66162e-16
49.026 1.66564e-16
49.086 1.66966e-16
49.146 1.67369e-16
49.206 1.67772e-16
49.266 1.68175e-16
49.326 1.6858e-16
49.386 1.68984e-16
49.446 1.69389e-16
49.506 1.69795e-16
49.566 1.70201e-16
49.626 1.70608e-16
49.686 1.71015e-16
49.746 1.71422e-16
49.806 1.7183e-16
49.866 1.72239e-16
49.926 1.72648e-16
49.986 1.73057e-16
50.046 1.73467e-16
50.106 1.73877e-16
50.166 1.74288e-16
50.226 1.747e-16
50.286 1.75112e-16
50.346 1.75524e-16
50.406 1.75937e-16
50.466 1.7635e-16
50.526 1.76764e-16
50.586 1.77179e-16
50.646 1.77593e-16
50.706 1.78009e-16
50.766 1.78424e-16
50.826 1.78841e-16
50.886 1.79257e-16
50.946 1.79675e-16
51.006 1.80092e-16
51.066 1.80511e-16
51.126 1.80929e-16
51.186 1.81349e-16
51.246 1.81768e-16
51.306 1.82188e-16
51.366 1.82609e-16
51.426 1.8303e-16
51.486 1.83452e-16
51.546 1.83874e-16
51.606 1.84296e-16
51.666 1.84719e-16
51.726 1.85143e-16
51.786 1.85567e-16
51.846 1.85992e-16
51.906 1.86417e-16
51.966 1.86842e-16
52.026 1.87268e-16
52.086 1.87694e-16
52.146 1.88121e-16
52.206 1.88549e-16
52.266 1.88977e-16
52.326 1.89405e-16
52.386 1.89834e-16
52.446 1.90263e-16
52.506 1.90693e-16
52.566 1.91124e-16
52.626 1.91555e-16
52.686 1.91986e-16
52.746 1.92418e-16
52.806 1.9285e-16
52.866 1.93283e-16
52.926 1.93716e-16
52.986 1.9415e-16
53.046 1.94584e-16
53.106 1.95019e-16
53.166 1.95454e-16
53.226 1.9589e-16
53.286 1.96326e-16
53.346 1.96762e-16
53.406 1.972e-16
53.466 1.97637e-16
53.526 1.98075e-16
53.586 1.98514e-16
53.646 1.98953e-16
53.706 1.99393e-16
53.766 1.99833e-16
53.826 2.00273e-16
53.886 2.00714e-16
53.946 2.01156e-16
54.006 2.01598e-16
54.066 2.0204e-16
54.126 2.02483e-16
54.186 2.02927e-16
54.246 2.0337e-16
54.306 2.03815e-16
54.366 2.0426e-16
54.426 2.04705e-16
54.486 2.05151e-16
54.546 2.05597e-16
54.606 2.06044e-16
54.666 2.06492e-16
54.726 2.06939e-16
54.786 2.07388e-16
54.846 2.07837e-16
54.906 2.08286e-16
54.966 2.08736e-16
55.026 2.09186e-16
55.086 2.09637e-16
55.146 2.10088e-16
55.206 2.1054e-16
55.266 2.10992e-16
55.326 2.11444e-16
55.386 2.11898e-16
55.446 2.12351e-16
55.506 2.12805e-16
55.566 2.1326e-16
55.626 2.13715e-16
55.686 2.14171e-16
55.746 2.14627e-16
55.806 2.15083e-16
55.866 2.1554e-16
55.926 2.15998e-16
55.986 2.16456e-16
56.046 2.16914e-16
56.106 2.17373e-16
56.166 2.17833e-16
56.226 2.18293e-16
56.286 2.18753e-16
56.346 2.19214e-16
56.406 2.19676e-16
56.466 2.20137e-16
56.526 2.206e-16
56.586 2.21063e-16
56.646 2.21526e-16
56.706 2.2199e-16
56.766 2.22454e-16
56.826 2.22919e-16
56.886 2.23384e-16
56.946 2.2385e-16
57.006 2.24316e-16
57.066 2.24783e-16
57.126 2.2525e-16
57.186 2.25718e-16
57.246 2.26186e-16
57.306 2.26655e-16
57.366 2.27124e-16
57.426 2.27594e-16
57.486 2.28064e-16
57.546 2.28535e-16
57.606 2.29006e-16
57.666 2.29477e-16
57.726 2.2995e-16
57.786 2.30422e-16
57.846 2.30895e-16
57.906 2.31369e-16
57.966 2.31843e-16
58.026 2.32317e-16
58.086 2.32792e-16
58.146 2.33268e-16
58.206 2.33744e-16
58.266 2.3422e-16
58.326 2.34697e-16
58.386 2.35175e-16
58.446 2.35653e-16
58.506 2.36131e-16
58.566 2.3661e-16
58.626 2.37089e-16
58.686 2.37569e-16
58.746 2.38049e-16
58.806 2.3853e-16
58.866 2.39012e-16
58.926 2.39493e-16
58.986 2.39976e-16
59.046 2.40458e-16
59.106 2.40942e-16
59.166 2.41425e-16
59.226 2.4191e-16
59.286 2.42394e-16
59.346 2.4288e-16
59.406 2.43365e-16
59.466 2.43851e-16
59.526 2.44338e-16
59.586 2.44825e-16
59.646 2.45313e-16
59.706 2.45801e-16
59.766 2.4629e-16
59.826 2.46779e-16
59.886 2.47268e-16
59.946 2.47758e-16

