0.006 4.60883e-09
0.066 5.57165e-07
0.126 2.02568e-06
0.186 4.39663e-06
0.246 7.64826e-06
0.306 1.17508e-05
0.366 1.66666e-05
0.426 2.23511e-05
0.486 2.87527e-05
0.546 3.58136e-05
0.606 4.34707e-05
0.666 5.16558e-05
0.726 6.02968e-05
0.786 6.93182e-05
0.846 7.86421e-05
0.906 8.81889e-05
0.966 9.78784e-05
1.026 0.00010763
1.086 0.000117366
1.146 0.000127007
1.206 0.000136478
1.266 0.000145708
1.326 0.000154629
1.386 0.000163177
1.446 0.000171294
1.506 0.000178927
1.566 0.000186027
1.626 0.000192555
1.686 0.000198475
1.746 0.000203759
1.806 0.000208384
1.866 0.000212335
1.926 0.000215603
1.986 0.000218183
2.046 0.000220079
2.106 0.000221299
2.166 0.000221854
2.226 0.000221765
2.286 0.000221051
2.346 0.00021974
2.406 0.00021786
2.466 0.000215443
2.526 0.000212525
2.586 0.000209141
2.646 0.000205329
2.706 0.000201127
2.766 0.000196576
2.826 0.000191714
2.886 0.00018658
2.946 0.000181213
3.006 0.000175651
3.066 0.000169929
3.126 0.000164083
3.186 0.000158147
3.246 0.000152152
3.306 0.000146128
3.366 0.000140102
3.426 0.000134101
3.486 0.000128147
3.546 0.000122263
3.606 0.000116469
3.666 0.00011078
3.726 0.000105213
3.786 9.97811e-05
3.846 9.44956e-05
3.906 8.93663e-05
3.966 8.4401e-05
4.026 7.96063e-05
4.086 7.49868e-05
4.146 7.05461e-05
4.206 6.62864e-05
4.266 6.22085e-05
4.326 5.83126e-05
4.386 5.45974e-05
4.446 5.10612e-05
4.506 4.77013e-05
4.566 4.45144e-05
4.626 4.14965e-05
4.686 3.86433e-05
4.746 3.595e-05
4.806 3.34115e-05
4.866 3.10223e-05
4.926 2.8777e-05
4.986 2.66696e-05
5.046 2.46945e-05
5.106 2.28457e-05
5.166 2.11173e-05
5.226 1.95034e-05
5.286 1.79983e-05
5.346 1.65963e-05
5.406 1.52917e-05
5.466 1.40792e-05
5.526 1.29534e-05
5.586 1.19092e-05
5.646 1.09417e-05
5.706 1.00461e-05
5.766 9.21786e-06
5.826 8.45261e-06
5.886 7.7462e-06
5.946 7.09467e-06
6.006 6.49425e-06
6.066 5.9414e-06
6.126 5.43274e-06
6.186 4.9651e-06
6.246 4.53549e-06
6.306 4.1411e-06
6.366 3.77929e-06
6.426 3.4476e-06
6.486 3.14371e-06
6.546 2.86546e-06
6.606 2.61085e-06
6.666 2.378e-06
6.726 2.16517e-06
6.786 1.97074e-06
6.846 1.79322e-06
6.906 1.6312e-06
6.966 1.48342e-06
7.026 1.34867e-06
7.086 1.22586e-06
7.146 1.11398e-06
7.206 1.0121e-06
7.266 9.1935e-07
7.326 8.3495e-07
7.386 7.58171e-07
7.446 6.88347e-07
7.506 6.24868e-07
7.566 5.67172e-07
7.626 5.14747e-07
7.686 4.67122e-07
7.746 4.23874e-07
7.806 3.84639e-07
7.866 3.49049e-07
7.926 3.16764e-07
7.986 2.87476e-07
8.046 2.60906e-07
8.106 2.36801e-07
8.166 2.14931e-07
8.226 1.95089e-07
8.286 1.77084e-07
8.346 1.60748e-07
8.406 1.45924e-07
8.466 1.32472e-07
8.526 1.20265e-07
8.586 1.09186e-07
8.646 9.91318e-08
8.706 9.00065e-08
8.766 8.17242e-08
8.826 7.42067e-08
8.886 6.7383e-08
8.946 6.1189e-08
9.006 5.55663e-08
9.066 5.0462e-08
9.126 4.58281e-08
9.186 4.16212e-08
9.246 3.78017e-08
9.306 3.43339e-08
9.366 3.11852e-08
9.426 2.83262e-08
9.486 2.57301e-08
9.546 2.33728e-08
9.606 2.1232e-08
9.666 1.9288e-08
9.726 1.75224e-08
9.786 1.5919e-08
9.846 1.44628e-08
9.906 1.31401e-08
9.966 1.19388e-08
10.026 1.08476e-08
10.086 9.85642e-09
10.146 8.95607e-09
10.206 8.13819e-09
10.266 7.39521e-09
10.326 6.72025e-09
10.386 6.10706e-09
10.446 5.54996e-09
10.506 5.04382e-09
10.566 4.58396e-09
10.626 4.16613e-09
10.686 3.78648e-09
10.746 3.44152e-09
10.806 3.12806e-09
10.866 2.84322e-09
10.926 2.58438e-09
10.986 2.34916e-09
11.046 2.1354e-09
11.106 1.94113e-09
11.166 1.76458e-09
11.226 1.60412e-09
11.286 1.45828e-09
11.346 1.32573e-09
11.406 1.20525e-09
11.466 1.09574e-09
11.526 9.96202e-10
11.586 9.05723e-10
11.646 8.23477e-10
11.706 7.48712e-10
11.766 6.80747e-10
11.826 6.18962e-10
11.886 5.62793e-10
11.946 5.11729e-10
12.006 4.65305e-10
12.066 4.23098e-10
12.126 3.84724e-10
12.186 3.49835e-10
12.246 3.18112e-10
12.306 2.89269e-10
12.366 2.63044e-10
12.426 2.39197e-10
12.486 2.17513e-10
12.546 1.97796e-10
12.606 1.79866e-10
12.666 1.63562e-10
12.726 1.48735e-10
12.786 1.35252e-10
12.846 1.2299e-10
12.906 1.11839e-10
12.966 1.01698e-10
13.026 9.24748e-11
13.086 8.40866e-11
13.146 7.64577e-11
13.206 6.95191e-11
13.266 6.32083e-11
13.326 5.74684e-11
13.386 5.22477e-11
13.446 4.74992e-11
13.506 4.318e-11
13.566 3.92513e-11
13.626 3.56778e-11
13.686 3.24272e-11
13.746 2.94705e-11
13.806 2.67809e-11
13.866 2.43344e-11
13.926 2.21089e-11
13.986 2.00846e-11
14.046 1.82431e-11
14.106 1.6568e-11
14.166 1.50442e-11
14.226 1.36582e-11
14.286 1.23974e-11
14.346 1.12505e-11
14.406 1.02074e-11
14.466 9.25857e-12
14.526 8.39561e-12
14.586 7.61077e-12
14.646 6.89702e-12
14.706 6.24798e-12
14.766 5.65783e-12
14.826 5.12131e-12
14.886 4.63361e-12
14.946 4.19037e-12
15.006 3.78763e-12
15.066 3.42179e-12
15.126 3.08957e-12
15.186 2.788e-12
15.246 2.5144e-12
15.306 2.26631e-12
15.366 2.04151e-12
15.426 1.838e-12
15.486 1.65396e-12
15.546 1.48773e-12
15.606 1.33783e-12
15.666 1.20291e-12
15.726 1.08178e-12
15.786 9.73333e-13
15.846 8.76603e-13
15.906 7.90719e-13
15.966 7.14906e-13
16.026 6.48481e-13
16.086 5.90841e-13
16.146 5.41462e-13
16.206 4.99892e-13
16.266 4.65749e-13
16.326 4.38716e-13
16.386 4.18538e-13
16.446 4.05019e-13
16.506 3.98023e-13
16.566 2.37605e-18
16.626 2.39194e-18
16.686 2.40788e-18
16.746 2.42387e-18
16.806 2.43992e-18
16.866 2.45602e-18
16.926 2.47218e-18
16.986 2.48839e-18
17.046 2.50466e-18
17.106 2.52098e-18
17.166 2.53735e-18
17.226 2.55378e-18
17.286 2.57027e-18
17.346 2.58681e-18
17.406 2.6034e-18
17.466 2.62005e-18
17.526 2.63675e-18
17.586 2.65351e-18
17.646 2.67032e-18
17.706 2.68718e-18
17.766 2.7041e-18
17.826 2.72108e-18
17.886 2.73811e-18
17.946 2.75519e-18
18.006 2.77233e-18
18.066 2.78952e-18
18.126 2.80676e-18
18.186 2.82406e-18
18.246 2.84142e-18
18.306 2.85883e-18
18.366 2.87629e-18
18.426 2.89381e-18
18.486 2.91138e-18
18.546 2.92901e-18
18.606 2.94669e-18
18.666 2.96443e-18
18.726 2.98221e-18
18.786 3.00006e-18
18.846 3.01796e-18
18.906 3.03591e-18
18.966 3.05392e-18
19.026 3.07198e-18
19.086 3.0901e-18
19.146 3.10827e-18
19.206 3.12649e-18
19.266 3.14477e-18
19.326 3.1631e-18
19.386 3.18149e-18
19.446 3.19993e-18
19.506 3.21843e-18
19.566 3.23698e-18
19.626 3.25558e-18
19.686 3.27424e-18
19.746 3.29296e-18
19.806 3.31173e-18
19.866 3.33055e-18
19.926 3.34942e-18
19.986 3.36836e-18
20.046 3.38734e-18
20.106 3.40638e-18
20.166 3.42547e-18
20.226 3.44462e-18
20.286 3.46383e-18
20.346 3.48308e-18
20.406 3.50239e-18
20.466 3.52176e-18
20.526 3.54118e-18
20.586 3.56065e-18
20.646 3.58018e-18
20.706 3.59976e-18
20.766 3.6194e-18
20.826 3.63909e-18
20.886 3.65884e-18
20.946 3.67864e-18
21.006 3.69849e-18
21.066 3.7184e-18
21.126 3.73836e-18
21.186 3.75838e-18
21.246 3.77845e-18
21.306 3.79858e-18
21.366 3.81876e-18
21.426 3.83899e-18
21.486 3.85928e-18
21.546 3.87962e-18
21.606 3.90002e-18
21.666 3.92047e-18
21.726 3.94098e-18
21.786 3.96154e-18
21.846 3.98215e-18
21.906 4.00282e-18
21.966 4.02354e-18
22.026 4.04432e-18
22.086 4.06515e-18
22.146 4.08603e-18
22.206 4.10697e-18
22.266 4.12797e-18
22.326 4.14902e-18
22.386 4.17012e-18
22.446 4.19128e-18
22.506 4.21249e-18
22.566 4.23375e-18
22.626 4.25507e-18
22.686 4.27645e-18
22.746 4.29787e-18
22.806 4.31936e-18
22.866 4.34089e-18
22.926 4.36248e-18
22.986 4.38413e-18
23.046 4.40583e-18
23.106 4.42758e-18
23.166 4.44939e-18
23.226 4.47125e-18
23.286 4.49317e-18
23.346 4.51514e-18
23.406 4.53716e-18
23.466 4.55924e-18
23.526 4.58138e-18
23.586 4.60356e-18
23.646 4.62581e-18
23.706 4.6481e-18
23.766 4.67045e-18
23.826 4.69286e-18
23.886 4.71532e-18
23.946 4.73783e-18
24.006 4.7604e-18
24.066 4.78302e-18
24.126 4.80569e-18
24.186 4.82842e-18
24.246 4.85121e-18
24.306 4.87405e-18
24.366 4.89694e-18
24.426 4.91989e-18
24.486 4.94289e-18
24.546 4.96594e-18
24.606 4.98905e-18
24.666 5.01222e-18
24.726 5.03544e-18
24.786 5.05871e-18
24.846 5.08203e-18
24.906 5.10542e-18
24.966 5.12885e-18
25.026 5.15234e-18
25.086 5.17588e-18
25.146 5.19948e-18
25.206 5.22313e-18
25.266 5.24684e-18
25.326 5.2706e-18
25.386 5.29442e-18
25.446 5.31828e-18
25.506 5.34221e-18
25.566 5.36618e-18
25.626 5.39022e-18
25.686 5.4143e-18
25.746 5.43844e-18
25.806 5.46264e-18
25.866 5.48688e-18
25.926 5.51119e-18
25.986 5.53554e-18
26.046 5.55996e-18
26.106 5.58442e-18
26.166 5.60894e-18
26.226 5.63351e-18
26.286 5.65814e-18
26.346 5.68282e-18
26.406 5.70756e-18
26.466 5.73235e-18
26.526 5.7572e-18
26.586 5.7821e-18
26.646 5.80705e-18
26.706 5.83206e-18
26.766 5.85712e-18
26.826 5.88223e-18
26.886 5.9074e-18
26.946 5.93263e-18
27.006 5.95791e-18
27.066 5.98324e-18
27.126 6.00863e-18
27.186 6.03407e-18
27.246 6.05956e-18
27.306 6.08511e-18
27.366 6.11072e-18
27.426 6.13638e-18
27.486 6.16209e-18
27.546 6.18785e-18
27.606 6.21367e-18
27.666 6.23955e-18
27.726 6.26548e-18
27.786 6.29146e-18
27.846 6.3175e-18
27.906 6.34359e-18
27.966 6.36974e-18
28.026 6.39594e-18
28.086 6.42219e-18
28.146 6.4485e-18
28.206 6.47486e-18
28.266 6.50128e-18
28.326 6.52775e-18
28.386 6.55428e-18
28.446 6.58086e-18
28.506 6.60749e-18
28.566 6.63418e-18
28.626 6.66092e-18
28.686 6.68772e-18
28.746 6.71457e-18
28.806 6.74147e-18
28.866 6.76843e-18
28.926 6.79544e-18
28.986 6.82251e-18
29.046 6.84963e-18
29.106 6.87681e-18
29.166 6.90404e-18
29.226 6.93132e-18
29.286 6.95866e-18
29.346 6.98605e-18
29.406 7.0135e-18
29.466 7.041e-18
29.526 7.06856e-18
29.586 7.09616e-18
29.646 7.12383e-18
29.706 7.15155e-18
29.766 7.17932e-18
29.826 7.20714e-18
29.886 7.23502e-18
29.946 7.26296e-18
30.006 7.29095e-18
30.066 7.31899e-18
30.126 7.34709e-18
30.186 7.37524e-18
30.246 7.40344e-18
30.306 7.4317e-18
30.366 7.46002e-18
30.426 7.48839e-18
30.486 7.51681e-18
30.546 7.54528e-18
30.606 7.57381e-18
30.666 7.6024e-18
30.726 7.63104e-18
30.786 7.65973e-18
30.846 7.68848e-18
30.906 7.71728e-18
30.966 7.74614e-18
31.026 7.77505e-18
31.086 7.80401e-18
31.146 7.83303e-18
31.206 7.8621e-18
31.266 7.89123e-18
31.326 7.92041e-18
31.386 7.94964e-18
31.446 7.97893e-18
31.506 8.00828e-18
31.566 8.03767e-18
31.626 8.06713e-18
31.686 8.09663e-18
31.746 8.12619e-18
31.806 8.15581e-18
31.866 8.18547e-18
31.926 8.2152e-18
31.986 8.24497e-18
32.046 8.2748e-18
32.106 8.30469e-18
32.166 8.33463e-18
32.226 8.36462e-18
32.286 8.39467e-18
32.346 8.42477e-18
32.406 8.45493e-18
32.466 8.48514e-18
32.526 8.5154e-18
32.586 8.54572e-18
32.646 8.5761e-18
32.706 8.60652e-18
32.766 8.637e-18
32.826 8.66754e-18
32.886 8.69813e-18
32.946 8.72877e-18
33.006 8.75947e-18
33.066 8.79022e-18
33.126 8.82103e-18
33.186 8.85189e-18
33.246 8.8828e-18
33.306 8.91377e-18
33.366 8.9448e-18
33.426 8.97587e-18
33.486 9.00701e-18
33.546 9.03819e-18
33.606 9.06943e-18
33.666 9.10072e-18
33.726 9.13207e-18
33.786 9.16348e-18
33.846 9.19493e-18
33.906 9.22644e-18
33.966 9.25801e-18
34.026 9.28963e-18
34.086 9.3213e-18
34.146 9.35303e-18
34.206 9.38481e-18
34.266 9.41664e-18
34.326 9.44853e-18
34.386 9.48048e-18
34.446 9.51248e-18
34.506 9.54453e-18
34.566 9.57664e-18
34.626 9.6088e-18
34.686 9.64101e-18
34.746 9.67328e-18
34.806 9.7056e-18
34.866 9.73798e-18
34.926 9.77041e-18
34.986 9.8029e-18
35.046 9.83544e-18
35.106 9.86803e-18
35.166 9.90068e-18
35.226 9.93339e-18
35.286 9.96614e-18
35.346 9.99895e-18
35.406 1.00318e-17
35.466 1.00647e-17
35.526 1.00977e-17
35.586 1.01307e-17
35.646 1.01638e-17
35.706 1.0197e-17
35.766 1.02301e-17
35.826 1.02634e-17
35.886 1.02967e-17
35.946 1.033e-17
36.006 1.03634e-17
36.066 1.03969e-17
36.126 1.04304e-17
36.186 1.0464e-17
36.246 1.04976e-17
36.306 1.05313e-17
36.366 1.0565e-17
36.426 1.05988e-17
36.486 1.06327e-17
36.546 1.06665e-17
36.606 1.07005e-17
36.666 1.07345e-17
36.726 1.07686e-17
36.786 1.08027e-17
36.846 1.08368e-17
36.906 1.08711e-17
36.966 1.09053e-17
37.026 1.09397e-17
37.086 1.0974e-17
37.146 1.10085e-17
37.206 1.1043e-17
37.266 1.10775e-17
37.326 1.11121e-17
37.386 1.11468e-17
37.446 1.11815e-17
37.506 1.12162e-17
37.566 1.1251e-17
37.626 1.12859e-17
37.686 1.13208e-17
37.746 1.13558e-17
37.806 1.13908e-17
37.866 1.14259e-17
37.926 1.14611e-17
37.986 1.14963e-17
38.046 1.15315e-17
38.106 1.15668e-17
38.166 1.16022e-17
38.226 1.16376e-17
38.286 1.16731e-17
38.346 1.17086e-17
38.406 1.17441e-17
38.466 1.17798e-17
38.526 1.18155e-17
38.586 1.18512e-17
38.646 1.1887e-17
38.706 1.19228e-17
38.766 1.19587e-17
38.826 1.19947e-17
38.886 1.20307e-17
38.946 1.20667e-17
39.006 1.21029e-17
39.066 1.2139e-17
39.126 1.21753e-17
39.186 1.22115e-17
39.246 1.22479e-17
39.306 1.22843e-17
39.366 1.23207e-17
39.426 1.23572e-17
39.486 1.23937e-17
39.546 1.24303e-17
39.606 1.2467e-17
39.666 1.25037e-17
39.726 1.25405e-17
39.786 1.25773e-17
39.846 1.26142e-17
39.906 1.26511e-17
39.966 1.26881e-17
40.026 1.27251e-17
40.086 1.27622e-17
40.146 1.27993e-17
40.206 1.28365e-17
40.266 1.28738e-17
40.326 1.29111e-17
40.386 1.29485e-17
40.446 1.29859e-17
40.506 1.30234e-17
40.566 1.30609e-17
40.626 1.30985e-17
40.686 1.31361e-17
40.746 1.31738e-17
40.806 1.32115e-17
40.866 1.32493e-17
40.926 1.32872e-17
40.986 1.33251e-17
41.046 1.3363e-17
41.106 1.3401e-17
41.166 1.34391e-17
41.226 1.34772e-17
41.286 1.35154e-17
41.346 1.35536e-17
41.406 1.35919e-17
41.466 1.36302e-17
41.526 1.36686e-17
41.586 1.37071e-17
41.646 1.37456e-17
41.706 1.37841e-17
41.766 1.38227e-17
41.826 1.38614e-17
41.886 1.39001e-17
41.946 1.39389e-17
42.006 1.39777e-17
42.066 1.40166e-17
42.126 1.40555e-17
42.186 1.40945e-17
42.246 1.41335e-17
42.306 1.41726e-17
42.366 1.42118e-17
42.426 1.4251e-17
42.486 1.42902e-17
42.546 1.43295e-17
42.606 1.43689e-17
42.666 1.44083e-17
42.726 1.44478e-17
42.786 1.44873e-17
42.846 1.45269e-17
42.906 1.45666e-17
42.966 1.46062e-17
43.026 1.4646e-17
43.086 1.46858e-17
43.146 1.47256e-17
43.206 1.47655e-17
43.266 1.48055e-17
43.326 1.48455e-17
43.386 1.48856e-17
43.446 1.49257e-17
43.506 1.49659e-17
43.566 1.50061e-17
43.626 1.50464e-17
43.686 1.50868e-17
43.746 1.51271e-17
43.806 1.51676e-17
43.866 1.52081e-17
43.926 1.52487e-17
43.986 1.52893e-17
44.046 1.53299e-17
44.106 1.53707e-17
44.166 1.54114e-17
44.226 1.54523e-17
44.286 1.54931e-17
44.346 1.55341e-17
44.406 1.55751e-17
44.466 1.56161e-17
44.526 1.56572e-17
44.586 1.56984e-17
44.646 1.57396e-17
44.706 1.57808e-17
44.766 1.58221e-17
44.826 1.58635e-17
44.886 1.59049e-17
44.946 1.59464e-17
45.006 1.59879e-17
45.066 1.60295e-17
45.126 1.60712e-17
45.186 1.61129e-17
45.246 1.61546e-17
45.306 1.61964e-17
45.366 1.62383e-17
45.426 1.62802e-17
45.486 1.63222e-17
45.546 1.63642e-17
45.606 1.64062e-17
45.666 1.64484e-17
45.726 1.64906e-17
45.786 1.65328e-17
45.846 1.65751e-17
45.906 1.66174e-17
45.966 1.66598e-17
46.026 1.67023e-17
46.086 1.67448e-17
46.146 1.67873e-17
46.206 1.683e-17
46.266 1.68726e-17
46.326 1.69154e-17
46.386 1.69581e-17
46.446 1.7001e-17
46.506 1.70438e-17
46.566 1.70868e-17
46.626 1.71298e-17
46.686 1.71728e-17
46.746 1.72159e-17
46.806 1.72591e-17
46.866 1.73023e-17
46.926 1.73456e-17
46.986 1.73889e-17
47.046 1.74323e-17
47.106 1.74757e-17
47.166 1.75192e-17
47.226 1.75627e-17
47.286 1.76063e-17
47.346 1.76499e-17
47.406 1.76936e-17
47.466 1.77374e-17
47.526 1.77812e-17
47.586 1.78251e-17
47.646 1.7869e-17
47.706 1.79129e-17
47.766 1.7957e-17
47.826 1.8001e-17
47.886 1.80452e-17
47.946 1.80894e-17
48.006 1.81336e-17
48.066 1.81779e-17
48.126 1.82222e-17
48.186 1.82666e-17
48.246 1.83111e-17
48.306 1.83556e-17
48.366 1.84002e-17
48.426 1.84448e-17
48.486 1.84895e-17
48.546 1.85342e-17
48.606 1.8579e-17
48.666 1.86238e-17
48.726 1.86687e-17
48.786 1.87136e-17
48.846 1.87586e-17
48.906 1.88037e-17
48.966 1.88488e-17
49.026 1.8894e-17
49.086 1.89392e-17
49.146 1.89844e-17
49.206 1.90298e-17
49.266 1.90751e-17
49.326 1.91206e-17
49.386 1.91661e-17
49.446 1.92116e-17
49.506 1.92572e-17
49.566 1.93028e-17
49.626 1.93485e-17
49.686 1.93943e-17
49.746 1.94401e-17
49.806 1.9486e-17
49.866 1.95319e-17
49.926 1.95779e-17
49.986 1.96239e-17
50.046 1.967e-17
50.106 1.97161e-17
50.166 1.97623e-17
50.226 1.98086e-17
50.286 1.98548e-17
50.346 1.99012e-17
50.406 1.99476e-17
50.466 1.99941e-17
50.526 2.00406e-17
50.586 2.00872e-17
50.646 2.01338e-17
50.706 2.01805e-17
50.766 2.02272e-17
50.826 2.0274e-17
50.886 2.03208e-17
50.946 2.03677e-17
51.006 2.04147e-17
51.066 2.04617e-17
51.126 2.05087e-17
51.186 2.05558e-17
51.246 2.0603e-17
51.306 2.06502e-17
51.366 2.06975e-17
51.426 2.07448e-17
51.486 2.07922e-17
51.546 2.08396e-17
51.606 2.08871e-17
51.666 2.09347e-17
51.726 2.09822e-17
51.786 2.10299e-17
51.846 2.10776e-17
51.906 2.11254e-17
51.966 2.11732e-17
52.026 2.12211e-17
52.086 2.1269e-17
52.146 2.1317e-17
52.206 2.1365e-17
52.266 2.14131e-17
52.326 2.14612e-17
52.386 2.15094e-17
52.446 2.15576e-17
52.506 2.16059e-17
52.566 2.16543e-17
52.626 2.17027e-17
52.686 2.17512e-17
52.746 2.17997e-17
52.806 2.18483e-17
52.866 2.18969e-17
52.926 2.19456e-17
52.986 2.19943e-17
53.046 2.20431e-17
53.106 2.20919e-17
53.166 2.21408e-17
53.226 2.21898e-17
53.286 2.22388e-17
53.346 2.22879e-17
53.406 2.2337e-17
53.466 2.23861e-17
53.526 2.24354e-17
53.586 2.24846e-17
53.646 2.2534e-17
53.706 2.25834e-17
53.766 2.26328e-17
53.826 2.26823e-17
53.886 2.27318e-17
53.946 2.27814e-17
54.006 2.28311e-17
54.066 2.28808e-17
54.126 2.29306e-17
54.186 2.29804e-17
54.246 2.30303e-17
54.306 2.30802e-17
54.366 2.31302e-17
54.426 2.31802e-17
54.486 2.32303e-17
54.546 2.32804e-17
54.606 2.33306e-17
54.666 2.33809e-17
54.726 2.34312e-17
54.786 2.34816e-17
54.846 2.3532e-17
54.906 2.35824e-17
54.966 2.3633e-17
55.026 2.36835e-17
55.086 2.37342e-17
55.146 2.37848e-17
55.206 2.38356e-17
55.266 2.38864e-17
55.326 2.39372e-17
55.386 2.39881e-17
55.446 2.40391e-17
55.506 2.40901e-17
55.566 2.41412e-17
55.626 2.41923e-17
55.686 2.42434e-17
55.746 2.42947e-17
55.806 2.4346e-17
55.866 2.43973e-17
55.926 2.44487e-17
55.986 2.45001e-17
56.046 2.45516e-17
56.106 2.46032e-17
56.166 2.46548e-17
56.226 2.47064e-17
56.286 2.47581e-17
56.346 2.48099e-17
56.406 2.48617e-17
56.466 2.49136e-17
56.526 2.49655e-17
56.586 2.50175e-17
56.646 2.50696e-17
56.706 2.51217e-17
56.766 2.51738e-17
56.826 2.5226e-17
56.886 2.52783e-17
56.946 2.53306e-17
57.006 2.53829e-17
57.066 2.54354e-17
57.126 2.54878e-17
57.186 2.55404e-17
57.246 2.55929e-17
57.306 2.56456e-17
57.366 2.56983e-17
57.426 2.5751e-17
57.486 2.58038e-17
57.546 2.58566e-17
57.606 2.59096e-17
57.666 2.59625e-17
57.726 2.60155e-17
57.786 2.60686e-17
57.846 2.61217e-17
57.906 2.61749e-17
57.966 2.62281e-17
58.026 2.62814e-17
58.086 2.63347e-17
58.146 2.63881e-17
58.206 2.64416e-17
58.266 2.64951e-17
58.326 2.65486e-17
58.386 2.66022e-17
58.446 2.66559e-17
58.506 2.67096e-17
58.566 2.67634e-17
58.626 2.68172e-17
58.686 2.68711e-17
58.746 2.6925e-17
58.806 2.6979e-17
58.866 2.70331e-17
58.926 2.70872e-17
58.986 2.71413e-17
59.046 2.71955e-17
59.106 2.72498e-17
59.166 2.73041e-17
59.226 2.73585e-17
59.286 2.74129e-17
59.346 2.74674e-17
59.406 2.75219e-17
59.466 2.75765e-17
59.526 2.76311e-17
59.586 2.76858e-17
59.646 2.77406e-17
59.706 2.77954e-17
59.766 2.78502e-17
59.826 2.79051e-17
59.886 2.79601e-17
59.946 2.80151e-17

