0.006 1.46459e-08
0.066 1.76978e-06
0.126 6.42646e-06
0.186 1.392e-05
0.246 2.4145e-05
0.306 3.69543e-05
0.366 5.21565e-05
0.426 6.9513e-05
0.486 8.87333e-05
0.546 0.000109472
0.606 0.000131333
0.666 0.000153874
0.726 0.000176634
0.786 0.000199152
0.846 0.000220999
0.906 0.000241793
0.966 0.000261217
1.026 0.000279013
1.086 0.000294989
1.146 0.000309003
1.206 0.000320968
1.266 0.000330836
1.326 0.000338599
1.386 0.000344283
1.446 0.000347941
1.506 0.000349652
1.566 0.000349516
1.626 0.00034765
1.686 0.000344182
1.746 0.000339252
1.806 0.000333005
1.866 0.00032559
1.926 0.000317155
1.986 0.000307849
2.046 0.000297815
2.106 0.000287189
2.166 0.000276102
2.226 0.000264677
2.286 0.000253026
2.346 0.000241251
2.406 0.000229448
2.466 0.000217698
2.526 0.000206077
2.586 0.000194648
2.646 0.000183465
2.706 0.000172577
2.766 0.00016202
2.826 0.000151827
2.886 0.000142021
2.946 0.00013262
3.006 0.000123636
3.066 0.000115077
3.126 0.000106946
3.186 9.92414e-05
3.246 9.19603e-05
3.306 8.50953e-05
3.366 7.86373e-05
3.426 7.25751e-05
3.486 6.68962e-05
3.546 6.15866e-05
3.606 5.66316e-05
3.666 5.20156e-05
3.726 4.77229e-05
3.786 4.37373e-05
3.846 4.00426e-05
3.906 3.66227e-05
3.966 3.3462e-05
4.026 3.05447e-05
4.086 2.78558e-05
4.146 2.53806e-05
4.206 2.31051e-05
4.266 2.10157e-05
4.326 1.90994e-05
4.386 1.73439e-05
4.446 1.57374e-05
4.506 1.4269e-05
4.566 1.29281e-05
4.626 1.17048e-05
4.686 1.059e-05
4.746 9.57504e-06
4.806 8.65175e-06
4.866 7.81261e-06
4.926 7.05061e-06
4.986 6.35924e-06
5.046 5.73245e-06
5.106 5.16465e-06
5.166 4.65067e-06
5.226 4.18576e-06
5.286 3.76552e-06
5.346 3.38591e-06
5.406 3.04324e-06
5.466 2.73409e-06
5.526 2.45537e-06
5.586 2.20422e-06
5.646 1.97804e-06
5.706 1.77446e-06
5.766 1.59131e-06
5.826 1.42663e-06
5.886 1.27862e-06
5.946 1.14566e-06
6.006 1.02626e-06
6.066 9.19089e-07
6.126 8.22928e-07
6.186 7.36679e-07
6.246 6.59347e-07
6.306 5.90033e-07
6.366 5.27924e-07
6.426 4.72288e-07
6.486 4.22464e-07
6.546 3.77856e-07
6.606 3.37927e-07
6.666 3.02193e-07
6.726 2.70222e-07
6.786 2.41621e-07
6.846 2.1604e-07
6.906 1.93163e-07
6.966 1.72707e-07
7.026 1.54418e-07
7.086 1.38068e-07
7.146 1.23453e-07
7.206 1.10397e-07
7.266 9.87382e-08
7.326 8.83249e-08
7.386 7.90222e-08
7.446 7.07102e-08
7.506 6.32821e-08
7.566 5.66426e-08
7.626 5.07071e-08
7.686 4.54e-08
7.746 4.0654e-08
7.806 3.64091e-08
7.866 3.26117e-08
7.926 2.92143e-08
7.986 2.61741e-08
8.046 2.34533e-08
8.106 2.10179e-08
8.166 1.88377e-08
8.226 1.68856e-08
8.286 1.51376e-08
8.346 1.35721e-08
8.406 1.21698e-08
8.466 1.09137e-08
8.526 9.78825e-09
8.586 8.7798e-09
8.646 7.87607e-09
8.706 7.06608e-09
8.766 6.34004e-09
8.826 5.68916e-09
8.886 5.10559e-09
8.946 4.58233e-09
9.006 4.11308e-09
9.066 3.69222e-09
9.126 3.31473e-09
9.186 2.97609e-09
9.246 2.67229e-09
9.306 2.3997e-09
9.366 2.15511e-09
9.426 1.9356e-09
9.486 1.7386e-09
9.546 1.56177e-09
9.606 1.40304e-09
9.666 1.26054e-09
9.726 1.1326e-09
9.786 1.01772e-09
9.846 9.14567e-10
9.906 8.21926e-10
9.966 7.38723e-10
10.026 6.63989e-10
10.086 5.96858e-10
10.146 5.36551e-10
10.206 4.82371e-10
10.266 4.3369e-10
10.326 3.89948e-10
10.386 3.50641e-10
10.446 3.15316e-10
10.506 2.83568e-10
10.566 2.55032e-10
10.626 2.29382e-10
10.686 2.06324e-10
10.746 1.85595e-10
10.806 1.66959e-10
10.866 1.50202e-10
10.926 1.35135e-10
10.986 1.21586e-10
11.046 1.09402e-10
11.106 9.84441e-11
11.166 8.85886e-11
11.226 7.97239e-11
11.286 7.17501e-11
11.346 6.45771e-11
11.406 5.81242e-11
11.466 5.23187e-11
11.526 4.70954e-11
11.586 4.23957e-11
11.646 3.81668e-11
11.706 3.43614e-11
11.766 3.09368e-11
11.826 2.78548e-11
11.886 2.5081e-11
11.946 2.25845e-11
12.006 2.03373e-11
12.066 1.83145e-11
12.126 1.64937e-11
12.186 1.48545e-11
12.246 1.33787e-11
12.306 1.20501e-11
12.366 1.08538e-11
12.426 9.77674e-12
12.486 8.80686e-12
12.546 7.93351e-12
12.606 7.14703e-12
12.666 6.43875e-12
12.726 5.80088e-12
12.786 5.22638e-12
12.846 4.70895e-12
12.906 4.24288e-12
12.966 3.82307e-12
13.026 3.44491e-12
13.086 3.10425e-12
13.146 2.79736e-12
13.206 2.52089e-12
13.266 2.2718e-12
13.326 2.04738e-12
13.386 1.84518e-12
13.446 1.66299e-12
13.506 1.49882e-12
13.566 1.35089e-12
13.626 1.21758e-12
13.686 1.09745e-12
13.746 9.89182e-13
13.806 8.91612e-13
13.866 8.03675e-13
13.926 7.24418e-13
13.986 6.52982e-13
14.046 5.88592e-13
14.106 5.30553e-13
14.166 4.78236e-13
14.226 4.31075e-13
14.286 3.88561e-13
14.346 3.50234e-13
14.406 3.15682e-13
14.466 2.84532e-13
14.526 2.56448e-13
14.586 2.31127e-13
14.646 2.08298e-13
14.706 1.87714e-13
14.766 1.69154e-13
14.826 1.52419e-13
14.886 1.37329e-13
14.946 1.23722e-13
15.006 1.11452e-13
15.066 1.00388e-13
15.126 9.04106e-14
15.186 8.14138e-14
15.246 7.33009e-14
15.306 6.59852e-14
15.366 5.93884e-14
15.426 5.34401e-14
15.486 4.80767e-14
15.546 4.3241e-14
15.606 3.88814e-14
15.666 3.49513e-14
15.726 3.14088e-14
15.786 2.82163e-14
15.846 2.53397e-14
15.906 2.27483e-14
15.966 2.04146e-14
16.026 1.83137e-14
16.086 1.64233e-14
16.146 1.47233e-14
16.206 1.31956e-14
16.266 1.1824e-14
16.326 1.05939e-14
16.386 9.49213e-15
16.446 8.50708e-15
16.506 7.62825e-15
16.566 6.84628e-15
16.626 6.15288e-15
16.686 5.54064e-15
16.746 5.00304e-15
16.806 4.53435e-15
16.866 4.12956e-15
16.926 3.78433e-15
16.986 3.49495e-15
17.046 3.25829e-15
17.106 3.07179e-15
17.166 2.93339e-15
17.226 2.84155e-15
17.286 2.7952e-15
17.346 8.26283e-18
17.406 8.31632e-18
17.466 8.37e-18
17.526 8.42385e-18
17.586 8.47788e-18
17.646 8.53208e-18
17.706 8.58646e-18
17.766 8.64102e-18
17.826 8.69575e-18
17.886 8.75066e-18
17.946 8.80574e-18
18.006 8.861e-18
18.066 8.91644e-18
18.126 8.97205e-18
18.186 9.02784e-18
18.246 9.0838e-18
18.306 9.13994e-18
18.366 9.19626e-18
18.426 9.25275e-18
18.486 9.30942e-18
18.546 9.36627e-18
18.606 9.42329e-18
18.666 9.48049e-18
18.726 9.53786e-18
18.786 9.59541e-18
18.846 9.65314e-18
18.906 9.71104e-18
18.966 9.76912e-18
19.026 9.82737e-18
19.086 9.8858e-18
19.146 9.9444e-18
19.206 1.00032e-17
19.266 1.00621e-17
19.326 1.01213e-17
19.386 1.01806e-17
19.446 1.02401e-17
19.506 1.02997e-17
19.566 1.03596e-17
19.626 1.04196e-17
19.686 1.04798e-17
19.746 1.05401e-17
19.806 1.06007e-17
19.866 1.06614e-17
19.926 1.07223e-17
19.986 1.07834e-17
20.046 1.08446e-17
20.106 1.0906e-17
20.166 1.09676e-17
20.226 1.10294e-17
20.286 1.10914e-17
20.346 1.11535e-17
20.406 1.12158e-17
20.466 1.12783e-17
20.526 1.13409e-17
20.586 1.14037e-17
20.646 1.14667e-17
20.706 1.15299e-17
20.766 1.15933e-17
20.826 1.16568e-17
20.886 1.17205e-17
20.946 1.17844e-17
21.006 1.18485e-17
21.066 1.19127e-17
21.126 1.19771e-17
21.186 1.20417e-17
21.246 1.21065e-17
21.306 1.21714e-17
21.366 1.22365e-17
21.426 1.23018e-17
21.486 1.23673e-17
21.546 1.24329e-17
21.606 1.24987e-17
21.666 1.25647e-17
21.726 1.26309e-17
21.786 1.26973e-17
21.846 1.27638e-17
21.906 1.28305e-17
21.966 1.28974e-17
22.026 1.29644e-17
22.086 1.30316e-17
22.146 1.3099e-17
22.206 1.31666e-17
22.266 1.32344e-17
22.326 1.33023e-17
22.386 1.33704e-17
22.446 1.34387e-17
22.506 1.35071e-17
22.566 1.35758e-17
22.626 1.36446e-17
22.686 1.37136e-17
22.746 1.37827e-17
22.806 1.38521e-17
22.866 1.39216e-17
22.926 1.39913e-17
22.986 1.40611e-17
23.046 1.41312e-17
23.106 1.42014e-17
23.166 1.42718e-17
23.226 1.43423e-17
23.286 1.44131e-17
23.346 1.4484e-17
23.406 1.45551e-17
23.466 1.46264e-17
23.526 1.46978e-17
23.586 1.47694e-17
23.646 1.48412e-17
23.706 1.49132e-17
23.766 1.49853e-17
23.826 1.50577e-17
23.886 1.51302e-17
23.946 1.52028e-17
24.006 1.52757e-17
24.066 1.53487e-17
24.126 1.54219e-17
24.186 1.54953e-17
24.246 1.55689e-17
24.306 1.56426e-17
24.366 1.57165e-17
24.426 1.57906e-17
24.486 1.58648e-17
24.546 1.59393e-17
24.606 1.60139e-17
24.666 1.60887e-17
24.726 1.61636e-17
24.786 1.62388e-17
24.846 1.63141e-17
24.906 1.63896e-17
24.966 1.64652e-17
25.026 1.65411e-17
25.086 1.66171e-17
25.146 1.66933e-17
25.206 1.67696e-17
25.266 1.68462e-17
25.326 1.69229e-17
25.386 1.69998e-17
25.446 1.70769e-17
25.506 1.71541e-17
25.566 1.72315e-17
25.626 1.73091e-17
25.686 1.73869e-17
25.746 1.74648e-17
25.806 1.7543e-17
25.866 1.76213e-17
25.926 1.76997e-17
25.986 1.77784e-17
26.046 1.78572e-17
26.106 1.79362e-17
26.166 1.80154e-17
26.226 1.80948e-17
26.286 1.81743e-17
26.346 1.8254e-17
26.406 1.83339e-17
26.466 1.84139e-17
26.526 1.84942e-17
26.586 1.85746e-17
26.646 1.86552e-17
26.706 1.87359e-17
26.766 1.88168e-17
26.826 1.8898e-17
26.886 1.89792e-17
26.946 1.90607e-17
27.006 1.91423e-17
27.066 1.92242e-17
27.126 1.93062e-17
27.186 1.93883e-17
27.246 1.94707e-17
27.306 1.95532e-17
27.366 1.96359e-17
27.426 1.97187e-17
27.486 1.98018e-17
27.546 1.9885e-17
27.606 1.99684e-17
27.666 2.0052e-17
27.726 2.01357e-17
27.786 2.02196e-17
27.846 2.03037e-17
27.906 2.0388e-17
27.966 2.04725e-17
28.026 2.05571e-17
28.086 2.06419e-17
28.146 2.07269e-17
28.206 2.0812e-17
28.266 2.08973e-17
28.326 2.09828e-17
28.386 2.10685e-17
28.446 2.11544e-17
28.506 2.12404e-17
28.566 2.13266e-17
28.626 2.1413e-17
28.686 2.14995e-17
28.746 2.15863e-17
28.806 2.16732e-17
28.866 2.17603e-17
28.926 2.18475e-17
28.986 2.1935e-17
29.046 2.20226e-17
29.106 2.21104e-17
29.166 2.21983e-17
29.226 2.22865e-17
29.286 2.23748e-17
29.346 2.24633e-17
29.406 2.25519e-17
29.466 2.26408e-17
29.526 2.27298e-17
29.586 2.2819e-17
29.646 2.29084e-17
29.706 2.29979e-17
29.766 2.30876e-17
29.826 2.31775e-17
29.886 2.32676e-17
29.946 2.33578e-17
30.006 2.34482e-17
30.066 2.35388e-17
30.126 2.36296e-17
30.186 2.37206e-17
30.246 2.38117e-17
30.306 2.3903e-17
30.366 2.39945e-17
30.426 2.40861e-17
30.486 2.41779e-17
30.546 2.42699e-17
30.606 2.43621e-17
30.666 2.44545e-17
30.726 2.4547e-17
30.786 2.46397e-17
30.846 2.47326e-17
30.906 2.48257e-17
30.966 2.49189e-17
31.026 2.50123e-17
31.086 2.51059e-17
31.146 2.51996e-17
31.206 2.52936e-17
31.266 2.53877e-17
31.326 2.5482e-17
31.386 2.55764e-17
31.446 2.56711e-17
31.506 2.57659e-17
31.566 2.58609e-17
31.626 2.5956e-17
31.686 2.60514e-17
31.746 2.61469e-17
31.806 2.62426e-17
31.866 2.63384e-17
31.926 2.64345e-17
31.986 2.65307e-17
32.046 2.66271e-17
32.106 2.67237e-17
32.166 2.68204e-17
32.226 2.69173e-17
32.286 2.70144e-17
32.346 2.71117e-17
32.406 2.72092e-17
32.466 2.73068e-17
32.526 2.74046e-17
32.586 2.75025e-17
32.646 2.76007e-17
32.706 2.7699e-17
32.766 2.77975e-17
32.826 2.78962e-17
32.886 2.79951e-17
32.946 2.80941e-17
33.006 2.81933e-17
33.066 2.82927e-17
33.126 2.83922e-17
33.186 2.8492e-17
33.246 2.85919e-17
33.306 2.86919e-17
33.366 2.87922e-17
33.426 2.88926e-17
33.486 2.89932e-17
33.546 2.9094e-17
33.606 2.9195e-17
33.666 2.92961e-17
33.726 2.93974e-17
33.786 2.94989e-17
33.846 2.96006e-17
33.906 2.97024e-17
33.966 2.98044e-17
34.026 2.99066e-17
34.086 3.0009e-17
34.146 3.01115e-17
34.206 3.02142e-17
34.266 3.03171e-17
34.326 3.04202e-17
34.386 3.05234e-17
34.446 3.06269e-17
34.506 3.07305e-17
34.566 3.08342e-17
34.626 3.09382e-17
34.686 3.10423e-17
34.746 3.11466e-17
34.806 3.12511e-17
34.866 3.13557e-17
34.926 3.14605e-17
34.986 3.15655e-17
35.046 3.16707e-17
35.106 3.17761e-17
35.166 3.18816e-17
35.226 3.19873e-17
35.286 3.20932e-17
35.346 3.21992e-17
35.406 3.23054e-17
35.466 3.24118e-17
35.526 3.25184e-17
35.586 3.26252e-17
35.646 3.27321e-17
35.706 3.28392e-17
35.766 3.29465e-17
35.826 3.3054e-17
35.886 3.31616e-17
35.946 3.32694e-17
36.006 3.33774e-17
36.066 3.34855e-17
36.126 3.35939e-17
36.186 3.37024e-17
36.246 3.38111e-17
36.306 3.39199e-17
36.366 3.4029e-17
36.426 3.41382e-17
36.486 3.42476e-17
36.546 3.43572e-17
36.606 3.44669e-17
36.666 3.45768e-17
36.726 3.46869e-17
36.786 3.47972e-17
36.846 3.49076e-17
36.906 3.50182e-17
36.966 3.5129e-17
37.026 3.524e-17
37.086 3.53511e-17
37.146 3.54625e-17
37.206 3.5574e-17
37.266 3.56856e-17
37.326 3.57975e-17
37.386 3.59095e-17
37.446 3.60217e-17
37.506 3.61341e-17
37.566 3.62466e-17
37.626 3.63594e-17
37.686 3.64723e-17
37.746 3.65853e-17
37.806 3.66986e-17
37.866 3.6812e-17
37.926 3.69256e-17
37.986 3.70394e-17
38.046 3.71533e-17
38.106 3.72675e-17
38.166 3.73818e-17
38.226 3.74963e-17
38.286 3.76109e-17
38.346 3.77258e-17
38.406 3.78408e-17
38.466 3.79559e-17
38.526 3.80713e-17
38.586 3.81868e-17
38.646 3.83026e-17
38.706 3.84184e-17
38.766 3.85345e-17
38.826 3.86507e-17
38.886 3.87672e-17
38.946 3.88837e-17
39.006 3.90005e-17
39.066 3.91174e-17
39.126 3.92346e-17
39.186 3.93519e-17
39.246 3.94693e-17
39.306 3.9587e-17
39.366 3.97048e-17
39.426 3.98228e-17
39.486 3.99409e-17
39.546 4.00593e-17
39.606 4.01778e-17
39.666 4.02965e-17
39.726 4.04154e-17
39.786 4.05344e-17
39.846 4.06537e-17
39.906 4.0773e-17
39.966 4.08926e-17
40.026 4.10124e-17
40.086 4.11323e-17
40.146 4.12524e-17
40.206 4.13727e-17
40.266 4.14931e-17
40.326 4.16138e-17
40.386 4.17346e-17
40.446 4.18555e-17
40.506 4.19767e-17
40.566 4.2098e-17
40.626 4.22195e-17
40.686 4.23412e-17
40.746 4.24631e-17
40.806 4.25851e-17
40.866 4.27073e-17
40.926 4.28297e-17
40.986 4.29522e-17
41.046 4.3075e-17
41.106 4.31979e-17
41.166 4.3321e-17
41.226 4.34442e-17
41.286 4.35677e-17
41.346 4.36913e-17
41.406 4.38151e-17
41.466 4.3939e-17
41.526 4.40632e-17
41.586 4.41875e-17
41.646 4.4312e-17
41.706 4.44367e-17
41.766 4.45615e-17
41.826 4.46865e-17
41.886 4.48117e-17
41.946 4.49371e-17
42.006 4.50626e-17
42.066 4.51883e-17
42.126 4.53142e-17
42.186 4.54403e-17
42.246 4.55665e-17
42.306 4.5693e-17
42.366 4.58196e-17
42.426 4.59463e-17
42.486 4.60733e-17
42.546 4.62004e-17
42.606 4.63277e-17
42.666 4.64552e-17
42.726 4.65828e-17
42.786 4.67107e-17
42.846 4.68387e-17
42.906 4.69668e-17
42.966 4.70952e-17
43.026 4.72237e-17
43.086 4.73524e-17
43.146 4.74813e-17
43.206 4.76104e-17
43.266 4.77396e-17
43.326 4.7869e-17
43.386 4.79986e-17
43.446 4.81283e-17
43.506 4.82583e-17
43.566 4.83884e-17
43.626 4.85187e-17
43.686 4.86491e-17
43.746 4.87798e-17
43.806 4.89106e-17
43.866 4.90416e-17
43.926 4.91727e-17
43.986 4.93041e-17
44.046 4.94356e-17
44.106 4.95673e-17
44.166 4.96991e-17
44.226 4.98312e-17
44.286 4.99634e-17
44.346 5.00958e-17
44.406 5.02284e-17
44.466 5.03611e-17
44.526 5.0494e-17
44.586 5.06271e-17
44.646 5.07604e-17
44.706 5.08938e-17
44.766 5.10274e-17
44.826 5.11612e-17
44.886 5.12952e-17
44.946 5.14294e-17
45.006 5.15637e-17
45.066 5.16982e-17
45.126 5.18329e-17
45.186 5.19677e-17
45.246 5.21027e-17
45.306 5.22379e-17
45.366 5.23733e-17
45.426 5.25089e-17
45.486 5.26446e-17
45.546 5.27805e-17
45.606 5.29166e-17
45.666 5.30528e-17
45.726 5.31893e-17
45.786 5.33259e-17
45.846 5.34626e-17
45.906 5.35996e-17
45.966 5.37367e-17
46.026 5.3874e-17
46.086 5.40115e-17
46.146 5.41492e-17
46.206 5.4287e-17
46.266 5.4425e-17
46.326 5.45632e-17
46.386 5.47016e-17
46.446 5.48401e-17
46.506 5.49788e-17
46.566 5.51177e-17
46.626 5.52568e-17
46.686 5.5396e-17
46.746 5.55354e-17
46.806 5.5675e-17
46.866 5.58148e-17
46.926 5.59547e-17
46.986 5.60948e-17
47.046 5.62351e-17
47.106 5.63756e-17
47.166 5.65162e-17
47.226 5.66571e-17
47.286 5.67981e-17
47.346 5.69392e-17
47.406 5.70806e-17
47.466 5.72221e-17
47.526 5.73638e-17
47.586 5.75057e-17
47.646 5.76477e-17
47.706 5.77899e-17
47.766 5.79323e-17
47.826 5.80749e-17
47.886 5.82177e-17
47.946 5.83606e-17
48.006 5.85037e-17
48.066 5.8647e-17
48.126 5.87904e-17
48.186 5.8934e-17
48.246 5.90779e-17
48.306 5.92218e-17
48.366 5.9366e-17
48.426 5.95103e-17
48.486 5.96548e-17
48.546 5.97995e-17
48.606 5.99444e-17
48.666 6.00894e-17
48.726 6.02346e-17
48.786 6.038e-17
48.846 6.05256e-17
48.906 6.06713e-17
48.966 6.08172e-17
49.026 6.09633e-17
49.086 6.11095e-17
49.146 6.1256e-17
49.206 6.14026e-17
49.266 6.15494e-17
49.326 6.16963e-17
49.386 6.18435e-17
49.446 6.19908e-17
49.506 6.21383e-17
49.566 6.2286e-17
49.626 6.24338e-17
49.686 6.25818e-17
49.746 6.273e-17
49.806 6.28784e-17
49.866 6.30269e-17
49.926 6.31756e-17
49.986 6.33245e-17
50.046 6.34736e-17
50.106 6.36229e-17
50.166 6.37723e-17
50.226 6.39219e-17
50.286 6.40717e-17
50.346 6.42216e-17
50.406 6.43717e-17
50.466 6.4522e-17
50.526 6.46725e-17
50.586 6.48232e-17
50.646 6.4974e-17
50.706 6.5125e-17
50.766 6.52762e-17
50.826 6.54275e-17
50.886 6.5579e-17
50.946 6.57308e-17
51.006 6.58826e-17
51.066 6.60347e-17
51.126 6.61869e-17
51.186 6.63393e-17
51.246 6.64919e-17
51.306 6.66447e-17
51.366 6.67976e-17
51.426 6.69507e-17
51.486 6.7104e-17
51.546 6.72575e-17
51.606 6.74111e-17
51.666 6.75649e-17
51.726 6.77189e-17
51.786 6.78731e-17
51.846 6.80274e-17
51.906 6.81819e-17
51.966 6.83366e-17
52.026 6.84915e-17
52.086 6.86465e-17
52.146 6.88017e-17
52.206 6.89571e-17
52.266 6.91127e-17
52.326 6.92684e-17
52.386 6.94243e-17
52.446 6.95804e-17
52.506 6.97367e-17
52.566 6.98931e-17
52.626 7.00498e-17
52.686 7.02066e-17
52.746 7.03635e-17
52.806 7.05207e-17
52.866 7.0678e-17
52.926 7.08355e-17
52.986 7.09932e-17
53.046 7.1151e-17
53.106 7.1309e-17
53.166 7.14672e-17
53.226 7.16256e-17
53.286 7.17842e-17
53.346 7.19429e-17
53.406 7.21018e-17
53.466 7.22609e-17
53.526 7.24201e-17
53.586 7.25796e-17
53.646 7.27392e-17
53.706 7.2899e-17
53.766 7.30589e-17
53.826 7.3219e-17
53.886 7.33793e-17
53.946 7.35398e-17
54.006 7.37005e-17
54.066 7.38613e-17
54.126 7.40223e-17
54.186 7.41835e-17
54.246 7.43449e-17
54.306 7.45064e-17
54.366 7.46681e-17
54.426 7.483e-17
54.486 7.49921e-17
54.546 7.51543e-17
54.606 7.53167e-17
54.666 7.54793e-17
54.726 7.56421e-17
54.786 7.5805e-17
54.846 7.59681e-17
54.906 7.61314e-17
54.966 7.62949e-17
55.026 7.64585e-17
55.086 7.66224e-17
55.146 7.67864e-17
55.206 7.69505e-17
55.266 7.71149e-17
55.326 7.72794e-17
55.386 7.74441e-17
55.446 7.7609e-17
55.506 7.7774e-17
55.566 7.79392e-17
55.626 7.81046e-17
55.686 7.82702e-17
55.746 7.8436e-17
55.806 7.86019e-17
55.866 7.8768e-17
55.926 7.89343e-17
55.986 7.91007e-17
56.046 7.92673e-17
56.106 7.94341e-17
56.166 7.96011e-17
56.226 7.97683e-17
56.286 7.99356e-17
56.346 8.01031e-17
56.406 8.02708e-17
56.466 8.04387e-17
56.526 8.06067e-17
56.586 8.07749e-17
56.646 8.09433e-17
56.706 8.11118e-17
56.766 8.12806e-17
56.826 8.14495e-17
56.886 8.16186e-17
56.946 8.17878e-17
57.006 8.19573e-17
57.066 8.21269e-17
57.126 8.22967e-17
57.186 8.24666e-17
57.246 8.26368e-17
57.306 8.28071e-17
57.366 8.29776e-17
57.426 8.31482e-17
57.486 8.33191e-17
57.546 8.34901e-17
57.606 8.36613e-17
57.666 8.38327e-17
57.726 8.40042e-17
57.786 8.41759e-17
57.846 8.43478e-17
57.906 8.45199e-17
57.966 8.46921e-17
58.026 8.48646e-17
58.086 8.50371e-17
58.146 8.52099e-17
58.206 8.53829e-17
58.266 8.5556e-17
58.326 8.57293e-17
58.386 8.59028e-17
58.446 8.60764e-17
58.506 8.62502e-17
58.566 8.64242e-17
58.626 8.65984e-17
58.686 8.67728e-17
58.746 8.69473e-17
58.806 8.7122e-17
58.866 8.72969e-17
58.926 8.74719e-17
58.986 8.76472e-17
59.046 8.78226e-17
59.106 8.79982e-17
59.166 8.81739e-17
59.226 8.83498e-17
59.286 8.8526e-17
59.346 8.87022e-17
59.406 8.88787e-17
59.466 8.90553e-17
59.526 8.92321e-17
59.586 8.94091e-17
59.646 8.95863e-17
59.706 8.97636e-17
59.766 8.99411e-17
59.826 9.01188e-17
59.886 9.02967e-17
59.946 9.04747e-17

