0.006 5.80149e-09
0.066 7.00766e-07
0.126 2.54203e-06
0.186 5.49717e-06
0.246 9.51434e-06
0.306 1.45234e-05
0.366 2.04374e-05
0.426 2.71547e-05
0.486 3.45608e-05
0.546 4.25312e-05
0.606 5.09336e-05
0.666 5.96312e-05
0.726 6.84849e-05
0.786 7.73563e-05
0.846 8.61106e-05
0.906 9.46186e-05
0.966 0.000102759
1.026 0.000110422
1.086 0.000117507
1.146 0.000123929
1.206 0.000129616
1.266 0.00013451
1.326 0.000138571
1.386 0.000141771
1.446 0.000144098
1.506 0.000145554
1.566 0.000146154
1.626 0.000145924
1.686 0.000144904
1.746 0.000143139
1.806 0.000140684
1.866 0.0001376
1.926 0.000133952
1.986 0.00012981
2.046 0.000125242
2.106 0.000120321
2.166 0.000115114
2.226 0.00010969
2.286 0.000104114
2.346 9.84458e-05
2.406 9.27421e-05
2.466 8.70547e-05
2.526 8.14299e-05
2.586 7.59088e-05
2.646 7.05271e-05
2.706 6.53151e-05
2.766 6.02978e-05
2.826 5.54953e-05
2.886 5.09229e-05
2.946 4.65915e-05
3.006 4.25081e-05
3.066 3.8676e-05
3.126 3.50956e-05
3.186 3.1764e-05
3.246 2.86764e-05
3.306 2.58258e-05
3.366 2.32037e-05
3.426 2.08001e-05
3.486 1.86043e-05
3.546 1.66048e-05
3.606 1.47897e-05
3.666 1.31469e-05
3.726 1.16643e-05
3.786 1.033e-05
3.846 9.13228e-06
3.906 8.05988e-06
3.966 7.10201e-06
4.026 6.24841e-06
4.086 5.48942e-06
4.146 4.81598e-06
4.206 4.21964e-06
4.266 3.69258e-06
4.326 3.2276e-06
4.386 2.8181e-06
4.446 2.45805e-06
4.506 2.14196e-06
4.566 1.86487e-06
4.626 1.6223e-06
4.686 1.41021e-06
4.746 1.22501e-06
4.806 1.06347e-06
4.866 9.22707e-07
4.926 8.00169e-07
4.986 6.93592e-07
5.046 6.00973e-07
5.106 5.20545e-07
5.166 4.5075e-07
5.226 3.90219e-07
5.286 3.37753e-07
5.346 2.92298e-07
5.406 2.52936e-07
5.466 2.18861e-07
5.526 1.89374e-07
5.586 1.63863e-07
5.646 1.41798e-07
5.706 1.22715e-07
5.766 1.06215e-07
5.826 9.19475e-08
5.886 7.96122e-08
5.946 6.89471e-08
6.006 5.97256e-08
6.066 5.17517e-08
6.126 4.48559e-08
6.186 3.8893e-08
6.246 3.37418e-08
6.306 2.92895e-08
6.366 2.54389e-08
6.426 2.21064e-08
6.486 1.92205e-08
6.546 1.67198e-08
6.606 1.45517e-08
6.666 1.26707e-08
6.726 1.1038e-08
6.786 9.6201e-09
6.846 8.388e-09
6.906 7.31683e-09
6.966 6.38511e-09
7.026 5.57429e-09
7.086 4.86836e-09
7.146 4.25347e-09
7.206 3.71763e-09
7.266 3.25049e-09
7.326 2.84305e-09
7.386 2.48756e-09
7.446 2.17725e-09
7.506 1.90628e-09
7.566 1.66957e-09
7.626 1.46272e-09
7.686 1.28189e-09
7.746 1.12376e-09
7.806 9.85418e-10
7.866 8.64358e-10
7.926 7.58384e-10
7.986 6.65585e-10
8.046 5.84298e-10
8.106 5.13074e-10
8.166 4.50648e-10
8.226 3.95917e-10
8.286 3.47918e-10
8.346 3.05813e-10
8.406 2.68867e-10
8.466 2.36439e-10
8.526 2.07969e-10
8.586 1.82968e-10
8.646 1.61008e-10
8.706 1.41713e-10
8.766 1.24757e-10
8.826 1.09852e-10
8.886 9.67478e-11
8.946 8.52233e-11
9.006 7.50862e-11
9.066 6.61675e-11
9.126 5.8319e-11
9.186 5.14109e-11
9.246 4.53292e-11
9.306 3.99741e-11
9.366 3.52577e-11
9.426 3.11031e-11
9.486 2.74426e-11
9.546 2.4217e-11
9.606 2.13739e-11
9.666 1.88677e-11
9.726 1.66579e-11
9.786 1.47092e-11
9.846 1.29904e-11
9.906 1.14742e-11
9.966 1.01365e-11
10.026 8.95596e-12
10.086 7.91407e-12
10.146 6.99438e-12
10.206 6.18242e-12
10.266 5.46546e-12
10.326 4.8323e-12
10.386 4.27305e-12
10.446 3.77902e-12
10.506 3.34255e-12
10.566 2.95686e-12
10.626 2.61601e-12
10.686 2.31474e-12
10.746 2.04842e-12
10.806 1.81296e-12
10.866 1.60477e-12
10.926 1.42065e-12
10.986 1.25781e-12
11.046 1.11377e-12
11.106 9.86341e-13
11.166 8.73596e-13
11.226 7.73831e-13
11.286 6.85542e-13
11.346 6.07398e-13
11.406 5.38228e-13
11.466 4.76992e-13
11.526 4.22776e-13
11.586 3.7477e-13
11.646 3.32257e-13
11.706 2.94605e-13
11.766 2.61255e-13
11.826 2.31712e-13
11.886 2.0554e-13
11.946 1.82351e-13
12.006 1.61804e-13
12.066 1.43595e-13
12.126 1.27458e-13
12.186 1.13155e-13
12.246 1.00477e-13
12.306 8.92391e-14
12.366 7.9276e-14
12.426 7.0443e-14
12.486 6.26114e-14
12.546 5.56675e-14
12.606 4.95104e-14
12.666 4.40509e-14
12.726 3.92101e-14
12.786 3.49179e-14
12.846 3.11124e-14
12.906 2.77388e-14
12.966 2.47486e-14
13.026 2.20988e-14
13.086 1.97513e-14
13.146 1.76725e-14
13.206 1.58327e-14
13.266 1.42055e-14
13.326 1.27678e-14
13.386 1.1499e-14
13.446 1.03809e-14
13.506 9.39782e-15
13.566 8.5356e-15
13.626 7.78203e-15
13.686 7.12638e-15
13.746 6.55933e-15
13.806 6.0728e-15
13.866 5.65987e-15
13.926 5.31464e-15
13.986 5.03217e-15
14.046 4.80837e-15
14.106 4.64e-15
14.166 4.52458e-15
14.226 4.46035e-15
14.286 4.44625e-15
14.346 1.52843e-18
14.406 1.54012e-18
14.466 1.55186e-18
14.526 1.56365e-18
14.586 1.57549e-18
14.646 1.58737e-18
14.706 1.59929e-18
14.766 1.61127e-18
14.826 1.62329e-18
14.886 1.63535e-18
14.946 1.64747e-18
15.006 1.65963e-18
15.066 1.67183e-18
15.126 1.68408e-18
15.186 1.69638e-18
15.246 1.70872e-18
15.306 1.72111e-18
15.366 1.73355e-18
15.426 1.74603e-18
15.486 1.75856e-18
15.546 1.77114e-18
15.606 1.78376e-18
15.666 1.79643e-18
15.726 1.80914e-18
15.786 1.8219e-18
15.846 1.83471e-18
15.906 1.84756e-18
15.966 1.86046e-18
16.026 1.87341e-18
16.086 1.8864e-18
16.146 1.89944e-18
16.206 1.91252e-18
16.266 1.92565e-18
16.326 1.93883e-18
16.386 1.95205e-18
16.446 1.96532e-18
16.506 1.97864e-18
16.566 1.992e-18
16.626 2.00541e-18
16.686 2.01886e-18
16.746 2.03236e-18
16.806 2.04591e-18
16.866 2.0595e-18
16.926 2.07314e-18
16.986 2.08682e-18
17.046 2.10055e-18
17.106 2.11433e-18
17.166 2.12816e-18
17.226 2.14202e-18
17.286 2.15594e-18
17.346 2.1699e-18
17.406 2.18391e-18
17.466 2.19797e-18
17.526 2.21207e-18
17.586 2.22621e-18
17.646 2.2404e-18
17.706 2.25464e-18
17.766 2.26893e-18
17.826 2.28326e-18
17.886 2.29764e-18
17.946 2.31206e-18
18.006 2.32653e-18
18.066 2.34105e-18
18.126 2.35561e-18
18.186 2.37022e-18
18.246 2.38487e-18
18.306 2.39957e-18
18.366 2.41432e-18
18.426 2.42911e-18
18.486 2.44395e-18
18.546 2.45883e-18
18.606 2.47376e-18
18.666 2.48874e-18
18.726 2.50377e-18
18.786 2.51883e-18
18.846 2.53395e-18
18.906 2.54911e-18
18.966 2.56432e-18
19.026 2.57957e-18
19.086 2.59487e-18
19.146 2.61022e-18
19.206 2.62561e-18
19.266 2.64105e-18
19.326 2.65653e-18
19.386 2.67206e-18
19.446 2.68764e-18
19.506 2.70326e-18
19.566 2.71893e-18
19.626 2.73465e-18
19.686 2.75041e-18
19.746 2.76621e-18
19.806 2.78207e-18
19.866 2.79796e-18
19.926 2.81391e-18
19.986 2.8299e-18
20.046 2.84594e-18
20.106 2.86202e-18
20.166 2.87815e-18
20.226 2.89433e-18
20.286 2.91055e-18
20.346 2.92682e-18
20.406 2.94313e-18
20.466 2.95949e-18
20.526 2.97589e-18
20.586 2.99235e-18
20.646 3.00884e-18
20.706 3.02539e-18
20.766 3.04198e-18
20.826 3.05861e-18
20.886 3.0753e-18
20.946 3.09202e-18
21.006 3.1088e-18
21.066 3.12562e-18
21.126 3.14249e-18
21.186 3.1594e-18
21.246 3.17636e-18
21.306 3.19336e-18
21.366 3.21041e-18
21.426 3.22751e-18
21.486 3.24465e-18
21.546 3.26184e-18
21.606 3.27907e-18
21.666 3.29636e-18
21.726 3.31368e-18
21.786 3.33106e-18
21.846 3.34847e-18
21.906 3.36594e-18
21.966 3.38345e-18
22.026 3.40101e-18
22.086 3.41861e-18
22.146 3.43626e-18
22.206 3.45395e-18
22.266 3.4717e-18
22.326 3.48948e-18
22.386 3.50732e-18
22.446 3.5252e-18
22.506 3.54312e-18
22.566 3.56109e-18
22.626 3.57911e-18
22.686 3.59717e-18
22.746 3.61528e-18
22.806 3.63344e-18
22.866 3.65164e-18
22.926 3.66989e-18
22.986 3.68818e-18
23.046 3.70652e-18
23.106 3.72491e-18
23.166 3.74334e-18
23.226 3.76182e-18
23.286 3.78034e-18
23.346 3.79891e-18
23.406 3.81753e-18
23.466 3.83619e-18
23.526 3.85489e-18
23.586 3.87365e-18
23.646 3.89245e-18
23.706 3.91129e-18
23.766 3.93019e-18
23.826 3.94912e-18
23.886 3.96811e-18
23.946 3.98714e-18
24.006 4.00621e-18
24.066 4.02534e-18
24.126 4.0445e-18
24.186 4.06372e-18
24.246 4.08298e-18
24.306 4.10228e-18
24.366 4.12164e-18
24.426 4.14103e-18
24.486 4.16048e-18
24.546 4.17997e-18
24.606 4.1995e-18
24.666 4.21909e-18
24.726 4.23871e-18
24.786 4.25839e-18
24.846 4.27811e-18
24.906 4.29787e-18
24.966 4.31769e-18
25.026 4.33754e-18
25.086 4.35745e-18
25.146 4.3774e-18
25.206 4.39739e-18
25.266 4.41744e-18
25.326 4.43752e-18
25.386 4.45766e-18
25.446 4.47784e-18
25.506 4.49806e-18
25.566 4.51834e-18
25.626 4.53865e-18
25.686 4.55902e-18
25.746 4.57943e-18
25.806 4.59989e-18
25.866 4.62039e-18
25.926 4.64094e-18
25.986 4.66153e-18
26.046 4.68217e-18
26.106 4.70286e-18
26.166 4.72359e-18
26.226 4.74437e-18
26.286 4.76519e-18
26.346 4.78606e-18
26.406 4.80698e-18
26.466 4.82794e-18
26.526 4.84895e-18
26.586 4.87e-18
26.646 4.8911e-18
26.706 4.91225e-18
26.766 4.93344e-18
26.826 4.95468e-18
26.886 4.97596e-18
26.946 4.99729e-18
27.006 5.01867e-18
27.066 5.04009e-18
27.126 5.06156e-18
27.186 5.08307e-18
27.246 5.10463e-18
27.306 5.12624e-18
27.366 5.14789e-18
27.426 5.16959e-18
27.486 5.19133e-18
27.546 5.21312e-18
27.606 5.23496e-18
27.666 5.25684e-18
27.726 5.27877e-18
27.786 5.30074e-18
27.846 5.32276e-18
27.906 5.34482e-18
27.966 5.36694e-18
28.026 5.38909e-18
28.086 5.4113e-18
28.146 5.43355e-18
28.206 5.45584e-18
28.266 5.47819e-18
28.326 5.50057e-18
28.386 5.52301e-18
28.446 5.54549e-18
28.506 5.56801e-18
28.566 5.59058e-18
28.626 5.6132e-18
28.686 5.63586e-18
28.746 5.65857e-18
28.806 5.68133e-18
28.866 5.70413e-18
28.926 5.72698e-18
28.986 5.74987e-18
29.046 5.77281e-18
29.106 5.7958e-18
29.166 5.81883e-18
29.226 5.84191e-18
29.286 5.86503e-18
29.346 5.8882e-18
29.406 5.91141e-18
29.466 5.93468e-18
29.526 5.95798e-18
29.586 5.98134e-18
29.646 6.00474e-18
29.706 6.02818e-18
29.766 6.05167e-18
29.826 6.07521e-18
29.886 6.09879e-18
29.946 6.12242e-18
30.006 6.1461e-18
30.066 6.16982e-18
30.126 6.19358e-18
30.186 6.2174e-18
30.246 6.24126e-18
30.306 6.26516e-18
30.366 6.28911e-18
30.426 6.31311e-18
30.486 6.33715e-18
30.546 6.36124e-18
30.606 6.38538e-18
30.666 6.40956e-18
30.726 6.43378e-18
30.786 6.45806e-18
30.846 6.48238e-18
30.906 6.50674e-18
30.966 6.53115e-18
31.026 6.55561e-18
31.086 6.58011e-18
31.146 6.60466e-18
31.206 6.62925e-18
31.266 6.65389e-18
31.326 6.67858e-18
31.386 6.70331e-18
31.446 6.72809e-18
31.506 6.75292e-18
31.566 6.77779e-18
31.626 6.8027e-18
31.686 6.82767e-18
31.746 6.85267e-18
31.806 6.87773e-18
31.866 6.90283e-18
31.926 6.92797e-18
31.986 6.95317e-18
32.046 6.9784e-18
32.106 7.00369e-18
32.166 7.02902e-18
32.226 7.0544e-18
32.286 7.07982e-18
32.346 7.10529e-18
32.406 7.1308e-18
32.466 7.15636e-18
32.526 7.18197e-18
32.586 7.20762e-18
32.646 7.23331e-18
32.706 7.25906e-18
32.766 7.28485e-18
32.826 7.31068e-18
32.886 7.33657e-18
32.946 7.36249e-18
33.006 7.38847e-18
33.066 7.41449e-18
33.126 7.44055e-18
33.186 7.46666e-18
33.246 7.49282e-18
33.306 7.51903e-18
33.366 7.54527e-18
33.426 7.57157e-18
33.486 7.59791e-18
33.546 7.6243e-18
33.606 7.65073e-18
33.666 7.67721e-18
33.726 7.70374e-18
33.786 7.73031e-18
33.846 7.75693e-18
33.906 7.78359e-18
33.966 7.8103e-18
34.026 7.83705e-18
34.086 7.86385e-18
34.146 7.8907e-18
34.206 7.91759e-18
34.266 7.94453e-18
34.326 7.97152e-18
34.386 7.99855e-18
34.446 8.02563e-18
34.506 8.05275e-18
34.566 8.07992e-18
34.626 8.10713e-18
34.686 8.13439e-18
34.746 8.1617e-18
34.806 8.18905e-18
34.866 8.21645e-18
34.926 8.2439e-18
34.986 8.27139e-18
35.046 8.29892e-18
35.106 8.3265e-18
35.166 8.35413e-18
35.226 8.38181e-18
35.286 8.40953e-18
35.346 8.43729e-18
35.406 8.46511e-18
35.466 8.49296e-18
35.526 8.52087e-18
35.586 8.54882e-18
35.646 8.57682e-18
35.706 8.60486e-18
35.766 8.63295e-18
35.826 8.66108e-18
35.886 8.68926e-18
35.946 8.71749e-18
36.006 8.74576e-18
36.066 8.77407e-18
36.126 8.80244e-18
36.186 8.83085e-18
36.246 8.8593e-18
36.306 8.88781e-18
36.366 8.91635e-18
36.426 8.94495e-18
36.486 8.97359e-18
36.546 9.00227e-18
36.606 9.031e-18
36.666 9.05978e-18
36.726 9.0886e-18
36.786 9.11747e-18
36.846 9.14639e-18
36.906 9.17535e-18
36.966 9.20436e-18
37.026 9.23341e-18
37.086 9.26251e-18
37.146 9.29166e-18
37.206 9.32085e-18
37.266 9.35008e-18
37.326 9.37937e-18
37.386 9.4087e-18
37.446 9.43807e-18
37.506 9.46749e-18
37.566 9.49696e-18
37.626 9.52647e-18
37.686 9.55603e-18
37.746 9.58563e-18
37.806 9.61528e-18
37.866 9.64498e-18
37.926 9.67472e-18
37.986 9.70451e-18
38.046 9.73435e-18
38.106 9.76423e-18
38.166 9.79415e-18
38.226 9.82413e-18
38.286 9.85414e-18
38.346 9.88421e-18
38.406 9.91432e-18
38.466 9.94448e-18
38.526 9.97468e-18
38.586 1.00049e-17
38.646 1.00352e-17
38.706 1.00656e-17
38.766 1.00959e-17
38.826 1.01264e-17
38.886 1.01569e-17
38.946 1.01874e-17
39.006 1.02179e-17
39.066 1.02486e-17
39.126 1.02792e-17
39.186 1.03099e-17
39.246 1.03407e-17
39.306 1.03715e-17
39.366 1.04023e-17
39.426 1.04332e-17
39.486 1.04642e-17
39.546 1.04951e-17
39.606 1.05262e-17
39.666 1.05573e-17
39.726 1.05884e-17
39.786 1.06195e-17
39.846 1.06508e-17
39.906 1.0682e-17
39.966 1.07133e-17
40.026 1.07447e-17
40.086 1.07761e-17
40.146 1.08075e-17
40.206 1.0839e-17
40.266 1.08705e-17
40.326 1.09021e-17
40.386 1.09337e-17
40.446 1.09654e-17
40.506 1.09971e-17
40.566 1.10289e-17
40.626 1.10607e-17
40.686 1.10926e-17
40.746 1.11245e-17
40.806 1.11564e-17
40.866 1.11884e-17
40.926 1.12204e-17
40.986 1.12525e-17
41.046 1.12847e-17
41.106 1.13168e-17
41.166 1.13491e-17
41.226 1.13813e-17
41.286 1.14137e-17
41.346 1.1446e-17
41.406 1.14784e-17
41.466 1.15109e-17
41.526 1.15434e-17
41.586 1.15759e-17
41.646 1.16085e-17
41.706 1.16412e-17
41.766 1.16738e-17
41.826 1.17066e-17
41.886 1.17393e-17
41.946 1.17722e-17
42.006 1.1805e-17
42.066 1.18379e-17
42.126 1.18709e-17
42.186 1.19039e-17
42.246 1.1937e-17
42.306 1.19701e-17
42.366 1.20032e-17
42.426 1.20364e-17
42.486 1.20696e-17
42.546 1.21029e-17
42.606 1.21362e-17
42.666 1.21696e-17
42.726 1.2203e-17
42.786 1.22365e-17
42.846 1.227e-17
42.906 1.23036e-17
42.966 1.23372e-17
43.026 1.23708e-17
43.086 1.24045e-17
43.146 1.24382e-17
43.206 1.2472e-17
43.266 1.25059e-17
43.326 1.25397e-17
43.386 1.25737e-17
43.446 1.26076e-17
43.506 1.26417e-17
43.566 1.26757e-17
43.626 1.27098e-17
43.686 1.2744e-17
43.746 1.27782e-17
43.806 1.28124e-17
43.866 1.28467e-17
43.926 1.28811e-17
43.986 1.29154e-17
44.046 1.29499e-17
44.106 1.29843e-17
44.166 1.30189e-17
44.226 1.30534e-17
44.286 1.30881e-17
44.346 1.31227e-17
44.406 1.31574e-17
44.466 1.31922e-17
44.526 1.3227e-17
44.586 1.32618e-17
44.646 1.32967e-17
44.706 1.33316e-17
44.766 1.33666e-17
44.826 1.34016e-17
44.886 1.34367e-17
44.946 1.34718e-17
45.006 1.3507e-17
45.066 1.35422e-17
45.126 1.35775e-17
45.186 1.36128e-17
45.246 1.36481e-17
45.306 1.36835e-17
45.366 1.3719e-17
45.426 1.37544e-17
45.486 1.379e-17
45.546 1.38256e-17
45.606 1.38612e-17
45.666 1.38969e-17
45.726 1.39326e-17
45.786 1.39683e-17
45.846 1.40041e-17
45.906 1.404e-17
45.966 1.40759e-17
46.026 1.41118e-17
46.086 1.41478e-17
46.146 1.41839e-17
46.206 1.422e-17
46.266 1.42561e-17
46.326 1.42923e-17
46.386 1.43285e-17
46.446 1.43648e-17
46.506 1.44011e-17
46.566 1.44374e-17
46.626 1.44738e-17
46.686 1.45103e-17
46.746 1.45468e-17
46.806 1.45833e-17
46.866 1.46199e-17
46.926 1.46565e-17
46.986 1.46932e-17
47.046 1.473e-17
47.106 1.47667e-17
47.166 1.48036e-17
47.226 1.48404e-17
47.286 1.48773e-17
47.346 1.49143e-17
47.406 1.49513e-17
47.466 1.49883e-17
47.526 1.50254e-17
47.586 1.50626e-17
47.646 1.50998e-17
47.706 1.5137e-17
47.766 1.51743e-17
47.826 1.52116e-17
47.886 1.5249e-17
47.946 1.52864e-17
48.006 1.53238e-17
48.066 1.53614e-17
48.126 1.53989e-17
48.186 1.54365e-17
48.246 1.54742e-17
48.306 1.55119e-17
48.366 1.55496e-17
48.426 1.55874e-17
48.486 1.56252e-17
48.546 1.56631e-17
48.606 1.5701e-17
48.666 1.5739e-17
48.726 1.5777e-17
48.786 1.5815e-17
48.846 1.58532e-17
48.906 1.58913e-17
48.966 1.59295e-17
49.026 1.59677e-17
49.086 1.6006e-17
49.146 1.60444e-17
49.206 1.60828e-17
49.266 1.61212e-17
49.326 1.61597e-17
49.386 1.61982e-17
49.446 1.62367e-17
49.506 1.62753e-17
49.566 1.6314e-17
49.626 1.63527e-17
49.686 1.63915e-17
49.746 1.64303e-17
49.806 1.64691e-17
49.866 1.6508e-17
49.926 1.65469e-17
49.986 1.65859e-17
50.046 1.66249e-17
50.106 1.6664e-17
50.166 1.67031e-17
50.226 1.67423e-17
50.286 1.67815e-17
50.346 1.68207e-17
50.406 1.686e-17
50.466 1.68994e-17
50.526 1.69388e-17
50.586 1.69782e-17
50.646 1.70177e-17
50.706 1.70572e-17
50.766 1.70968e-17
50.826 1.71364e-17
50.886 1.71761e-17
50.946 1.72158e-17
51.006 1.72556e-17
51.066 1.72954e-17
51.126 1.73352e-17
51.186 1.73751e-17
51.246 1.74151e-17
51.306 1.74551e-17
51.366 1.74951e-17
51.426 1.75352e-17
51.486 1.75753e-17
51.546 1.76155e-17
51.606 1.76557e-17
51.666 1.7696e-17
51.726 1.77363e-17
51.786 1.77766e-17
51.846 1.7817e-17
51.906 1.78575e-17
51.966 1.7898e-17
52.026 1.79385e-17
52.086 1.79791e-17
52.146 1.80197e-17
52.206 1.80604e-17
52.266 1.81011e-17
52.326 1.81419e-17
52.386 1.81827e-17
52.446 1.82236e-17
52.506 1.82645e-17
52.566 1.83055e-17
52.626 1.83465e-17
52.686 1.83875e-17
52.746 1.84286e-17
52.806 1.84697e-17
52.866 1.85109e-17
52.926 1.85522e-17
52.986 1.85934e-17
53.046 1.86348e-17
53.106 1.86761e-17
53.166 1.87175e-17
53.226 1.8759e-17
53.286 1.88005e-17
53.346 1.88421e-17
53.406 1.88837e-17
53.466 1.89253e-17
53.526 1.8967e-17
53.586 1.90087e-17
53.646 1.90505e-17
53.706 1.90923e-17
53.766 1.91342e-17
53.826 1.91761e-17
53.886 1.92181e-17
53.946 1.92601e-17
54.006 1.93022e-17
54.066 1.93443e-17
54.126 1.93864e-17
54.186 1.94286e-17
54.246 1.94709e-17
54.306 1.95131e-17
54.366 1.95555e-17
54.426 1.95979e-17
54.486 1.96403e-17
54.546 1.96827e-17
54.606 1.97253e-17
54.666 1.97678e-17
54.726 1.98104e-17
54.786 1.98531e-17
54.846 1.98958e-17
54.906 1.99385e-17
54.966 1.99813e-17
55.026 2.00242e-17
55.086 2.00671e-17
55.146 2.011e-17
55.206 2.0153e-17
55.266 2.0196e-17
55.326 2.02391e-17
55.386 2.02822e-17
55.446 2.03253e-17
55.506 2.03685e-17
55.566 2.04118e-17
55.626 2.04551e-17
55.686 2.04984e-17
55.746 2.05418e-17
55.806 2.05853e-17
55.866 2.06287e-17
55.926 2.06723e-17
55.986 2.07158e-17
56.046 2.07595e-17
56.106 2.08031e-17
56.166 2.08468e-17
56.226 2.08906e-17
56.286 2.09344e-17
56.346 2.09782e-17
56.406 2.10221e-17
56.466 2.10661e-17
56.526 2.11101e-17
56.586 2.11541e-17
56.646 2.11982e-17
56.706 2.12423e-17
56.766 2.12865e-17
56.826 2.13307e-17
56.886 2.1375e-17
56.946 2.14193e-17
57.006 2.14636e-17
57.066 2.1508e-17
57.126 2.15525e-17
57.186 2.1597e-17
57.246 2.16415e-17
57.306 2.16861e-17
57.366 2.17307e-17
57.426 2.17754e-17
57.486 2.18201e-17
57.546 2.18649e-17
57.606 2.19097e-17
57.666 2.19546e-17
57.726 2.19995e-17
57.786 2.20444e-17
57.846 2.20894e-17
57.906 2.21345e-17
57.966 2.21796e-17
58.026 2.22247e-17
58.086 2.22699e-17
58.146 2.23151e-17
58.206 2.23604e-17
58.266 2.24057e-17
58.326 2.24511e-17
58.386 2.24965e-17
58.446 2.25419e-17
58.506 2.25874e-17
58.566 2.2633e-17
58.626 2.26786e-17
58.686 2.27242e-17
58.746 2.27699e-17
58.806 2.28156e-17
58.866 2.28614e-17
58.926 2.29072e-17
58.986 2.29531e-17
59.046 2.2999e-17
59.106 2.3045e-17
59.166 2.3091e-17
59.226 2.31371e-17
59.286 2.31832e-17
59.346 2.32293e-17
59.406 2.32755e-17
59.466 2.33217e-17
59.526 2.3368e-17
59.586 2.34144e-17
59.646 2.34607e-17
59.706 2.35071e-17
59.766 2.35536e-17
59.826 2.36001e-17
59.886 2.36467e-17
59.946 2.36933e-17

