0.006 4.22906e-06
0.066 0.000418235
0.126 0.000965775
0.186 0.00120727
0.246 0.00121834
0.306 0.00113306
0.366 0.0010284
0.426 0.000933409
0.486 0.000855195
0.546 0.000794016
0.606 0.000748274
0.666 0.000716073
0.726 0.000695533
0.786 0.000684615
0.846 0.000680551
0.906 0.000678787
0.966 0.000671954
1.026 0.000652194
1.086 0.000618034
1.146 0.000574728
1.206 0.000527984
1.266 0.000481387
1.326 0.000436825
1.386 0.000395197
1.446 0.000356861
1.506 0.000321877
1.566 0.000290145
1.626 0.000261478
1.686 0.000235649
1.746 0.000212418
1.806 0.000191544
1.866 0.0001728
1.926 0.000155971
1.986 0.00014086
2.046 0.000127288
2.106 0.000115093
2.166 0.000104129
2.226 9.42669e-05
2.286 8.53891e-05
2.346 7.73924e-05
2.406 7.01841e-05
2.466 6.36819e-05
2.526 5.78126e-05
2.586 5.25108e-05
2.646 4.77184e-05
2.706 4.33836e-05
2.766 3.946e-05
2.826 3.59065e-05
2.886 3.26862e-05
2.946 2.97661e-05
3.006 2.71168e-05
3.066 2.47118e-05
3.126 2.25275e-05
3.186 2.05426e-05
3.246 1.87381e-05
3.306 1.70969e-05
3.366 1.56034e-05
3.426 1.42439e-05
3.486 1.30058e-05
3.546 1.18779e-05
3.606 1.085e-05
3.666 9.91289e-06
3.726 9.05826e-06
3.786 8.27862e-06
3.846 7.56718e-06
3.906 6.91778e-06
3.966 6.32486e-06
4.026 5.78335e-06
4.086 5.28868e-06
4.146 4.83669e-06
4.206 4.4236e-06
4.266 4.04598e-06
4.326 3.70073e-06
4.386 3.38499e-06
4.446 3.09621e-06
4.506 2.83202e-06
4.566 2.59029e-06
4.626 2.36909e-06
4.686 2.16663e-06
4.746 1.98131e-06
4.806 1.81165e-06
4.866 1.65631e-06
4.926 1.51407e-06
4.986 1.38381e-06
5.046 1.2645e-06
5.106 1.15523e-06
5.166 1.05514e-06
5.226 9.63457e-07
5.286 8.79469e-07
5.346 8.02532e-07
5.406 7.32054e-07
5.466 6.67495e-07
5.526 6.08361e-07
5.586 5.54201e-07
5.646 5.04603e-07
5.706 4.5919e-07
5.766 4.17617e-07
5.826 3.7957e-07
5.886 3.44762e-07
5.946 3.12929e-07
6.006 2.83833e-07
6.066 2.57253e-07
6.126 2.3299e-07
6.186 2.10861e-07
6.246 1.90702e-07
6.306 1.7236e-07
6.366 1.55698e-07
6.426 1.40591e-07
6.486 1.26926e-07
6.546 1.14599e-07
6.606 1.0352e-07
6.666 9.36033e-08
6.726 8.47755e-08
6.786 7.69694e-08
6.846 7.0126e-08
6.906 6.41931e-08
6.966 5.91251e-08
7.026 5.48829e-08
7.086 5.14333e-08
7.146 4.87488e-08
7.206 4.68073e-08
7.266 4.55922e-08
7.326 2.18807e-17
7.386 2.22264e-17
7.446 2.25749e-17
7.506 2.29262e-17
7.566 2.32801e-17
7.626 2.36368e-17
7.686 2.39962e-17
7.746 2.43584e-17
7.806 2.47232e-17
7.866 2.50908e-17
7.926 2.54611e-17
7.986 2.58342e-17
8.046 2.621e-17
8.106 2.65885e-17
8.166 2.69697e-17
8.226 2.73537e-17
8.286 2.77403e-17
8.346 2.81298e-17
8.406 2.85219e-17
8.466 2.89168e-17
8.526 2.93144e-17
8.586 2.97147e-17
8.646 3.01177e-17
8.706 3.05235e-17
8.766 3.0932e-17
8.826 3.13433e-17
8.886 3.17572e-17
8.946 3.21739e-17
9.006 3.25933e-17
9.066 3.30155e-17
9.126 3.34403e-17
9.186 3.38679e-17
9.246 3.42983e-17
9.306 3.47313e-17
9.366 3.51671e-17
9.426 3.56056e-17
9.486 3.60468e-17
9.546 3.64908e-17
9.606 3.69375e-17
9.666 3.73869e-17
9.726 3.7839e-17
9.786 3.82939e-17
9.846 3.87515e-17
9.906 3.92118e-17
9.966 3.96749e-17
10.026 4.01406e-17
10.086 4.06091e-17
10.146 4.10804e-17
10.206 4.15543e-17
10.266 4.2031e-17
10.326 4.25104e-17
10.386 4.29925e-17
10.446 4.34774e-17
10.506 4.3965e-17
10.566 4.44553e-17
10.626 4.49484e-17
10.686 4.54441e-17
10.746 4.59426e-17
10.806 4.64439e-17
10.866 4.69478e-17
10.926 4.74545e-17
10.986 4.79639e-17
11.046 4.8476e-17
11.106 4.89909e-17
11.166 4.95085e-17
11.226 5.00288e-17
11.286 5.05518e-17
11.346 5.10776e-17
11.406 5.16061e-17
11.466 5.21373e-17
11.526 5.26712e-17
11.586 5.32079e-17
11.646 5.37473e-17
11.706 5.42894e-17
11.766 5.48343e-17
11.826 5.53818e-17
11.886 5.59321e-17
11.946 5.64852e-17
12.006 5.70409e-17
12.066 5.75994e-17
12.126 5.81606e-17
12.186 5.87246e-17
12.246 5.92912e-17
12.306 5.98606e-17
12.366 6.04327e-17
12.426 6.10076e-17
12.486 6.15851e-17
12.546 6.21654e-17
12.606 6.27485e-17
12.666 6.33342e-17
12.726 6.39227e-17
12.786 6.45139e-17
12.846 6.51078e-17
12.906 6.57045e-17
12.966 6.63039e-17
13.026 6.6906e-17
13.086 6.75108e-17
13.146 6.81184e-17
13.206 6.87286e-17
13.266 6.93417e-17
13.326 6.99574e-17
13.386 7.05759e-17
13.446 7.11971e-17
13.506 7.1821e-17
13.566 7.24476e-17
13.626 7.3077e-17
13.686 7.37091e-17
13.746 7.43439e-17
13.806 7.49815e-17
13.866 7.56218e-17
13.926 7.62648e-17
13.986 7.69105e-17
14.046 7.7559e-17
14.106 7.82101e-17
14.166 7.88641e-17
14.226 7.95207e-17
14.286 8.01801e-17
14.346 8.08421e-17
14.406 8.1507e-17
14.466 8.21745e-17
14.526 8.28448e-17
14.586 8.35178e-17
14.646 8.41935e-17
14.706 8.48719e-17
14.766 8.55531e-17
14.826 8.6237e-17
14.886 8.69236e-17
14.946 8.7613e-17
15.006 8.83051e-17
15.066 8.89999e-17
15.126 8.96974e-17
15.186 9.03977e-17
15.246 9.11007e-17
15.306 9.18064e-17
15.366 9.25148e-17
15.426 9.3226e-17
15.486 9.39399e-17
15.546 9.46565e-17
15.606 9.53758e-17
15.666 9.60979e-17
15.726 9.68227e-17
15.786 9.75502e-17
15.846 9.82805e-17
15.906 9.90135e-17
15.966 9.97492e-17
16.026 1.00488e-16
16.086 1.01229e-16
16.146 1.01973e-16
16.206 1.02719e-16
16.266 1.03469e-16
16.326 1.04221e-16
16.386 1.04975e-16
16.446 1.05733e-16
16.506 1.06493e-16
16.566 1.07256e-16
16.626 1.08022e-16
16.686 1.0879e-16
16.746 1.09561e-16
16.806 1.10335e-16
16.866 1.11112e-16
16.926 1.11891e-16
16.986 1.12673e-16
17.046 1.13458e-16
17.106 1.14246e-16
17.166 1.15036e-16
17.226 1.15829e-16
17.286 1.16624e-16
17.346 1.17423e-16
17.406 1.18224e-16
17.466 1.19028e-16
17.526 1.19834e-16
17.586 1.20644e-16
17.646 1.21456e-16
17.706 1.2227e-16
17.766 1.23088e-16
17.826 1.23908e-16
17.886 1.24731e-16
17.946 1.25557e-16
18.006 1.26385e-16
18.066 1.27216e-16
18.126 1.2805e-16
18.186 1.28887e-16
18.246 1.29726e-16
18.306 1.30568e-16
18.366 1.31413e-16
18.426 1.3226e-16
18.486 1.33111e-16
18.546 1.33963e-16
18.606 1.34819e-16
18.666 1.35678e-16
18.726 1.36539e-16
18.786 1.37402e-16
18.846 1.38269e-16
18.906 1.39138e-16
18.966 1.4001e-16
19.026 1.40885e-16
19.086 1.41763e-16
19.146 1.42643e-16
19.206 1.43526e-16
19.266 1.44411e-16
19.326 1.453e-16
19.386 1.46191e-16
19.446 1.47085e-16
19.506 1.47981e-16
19.566 1.4888e-16
19.626 1.49782e-16
19.686 1.50687e-16
19.746 1.51595e-16
19.806 1.52505e-16
19.866 1.53418e-16
19.926 1.54333e-16
19.986 1.55252e-16
20.046 1.56173e-16
20.106 1.57097e-16
20.166 1.58023e-16
20.226 1.58953e-16
20.286 1.59884e-16
20.346 1.60819e-16
20.406 1.61757e-16
20.466 1.62697e-16
20.526 1.6364e-16
20.586 1.64585e-16
20.646 1.65534e-16
20.706 1.66485e-16
20.766 1.67439e-16
20.826 1.68395e-16
20.886 1.69354e-16
20.946 1.70316e-16
21.006 1.71281e-16
21.066 1.72249e-16
21.126 1.73219e-16
21.186 1.74192e-16
21.246 1.75167e-16
21.306 1.76146e-16
21.366 1.77127e-16
21.426 1.7811e-16
21.486 1.79097e-16
21.546 1.80086e-16
21.606 1.81078e-16
21.666 1.82073e-16
21.726 1.8307e-16
21.786 1.8407e-16
21.846 1.85073e-16
21.906 1.86079e-16
21.966 1.87087e-16
22.026 1.88098e-16
22.086 1.89112e-16
22.146 1.90129e-16
22.206 1.91148e-16
22.266 1.9217e-16
22.326 1.93194e-16
22.386 1.94222e-16
22.446 1.95252e-16
22.506 1.96285e-16
22.566 1.97321e-16
22.626 1.98359e-16
22.686 1.994e-16
22.746 2.00444e-16
22.806 2.0149e-16
22.866 2.02539e-16
22.926 2.03591e-16
22.986 2.04646e-16
23.046 2.05703e-16
23.106 2.06764e-16
23.166 2.07826e-16
23.226 2.08892e-16
23.286 2.0996e-16
23.346 2.11031e-16
23.406 2.12105e-16
23.466 2.13182e-16
23.526 2.14261e-16
23.586 2.15343e-16
23.646 2.16427e-16
23.706 2.17515e-16
23.766 2.18605e-16
23.826 2.19698e-16
23.886 2.20793e-16
23.946 2.21892e-16
24.006 2.22993e-16
24.066 2.24096e-16
24.126 2.25203e-16
24.186 2.26312e-16
24.246 2.27424e-16
24.306 2.28539e-16
24.366 2.29656e-16
24.426 2.30776e-16
24.486 2.31899e-16
24.546 2.33025e-16
24.606 2.34153e-16
24.666 2.35284e-16
24.726 2.36418e-16
24.786 2.37554e-16
24.846 2.38693e-16
24.906 2.39835e-16
24.966 2.4098e-16
25.026 2.42127e-16
25.086 2.43277e-16
25.146 2.4443e-16
25.206 2.45586e-16
25.266 2.46744e-16
25.326 2.47905e-16
25.386 2.49069e-16
25.446 2.50235e-16
25.506 2.51404e-16
25.566 2.52576e-16
25.626 2.53751e-16
25.686 2.54928e-16
25.746 2.56108e-16
25.806 2.57291e-16
25.866 2.58477e-16
25.926 2.59665e-16
25.986 2.60856e-16
26.046 2.6205e-16
26.106 2.63246e-16
26.166 2.64445e-16
26.226 2.65647e-16
26.286 2.66852e-16
26.346 2.68059e-16
26.406 2.69269e-16
26.466 2.70482e-16
26.526 2.71697e-16
26.586 2.72916e-16
26.646 2.74137e-16
26.706 2.7536e-16
26.766 2.76587e-16
26.826 2.77816e-16
26.886 2.79048e-16
26.946 2.80282e-16
27.006 2.8152e-16
27.066 2.8276e-16
27.126 2.84003e-16
27.186 2.85248e-16
27.246 2.86496e-16
27.306 2.87747e-16
27.366 2.89001e-16
27.426 2.90257e-16
27.486 2.91517e-16
27.546 2.92778e-16
27.606 2.94043e-16
27.666 2.9531e-16
27.726 2.9658e-16
27.786 2.97853e-16
27.846 2.99129e-16
27.906 3.00407e-16
27.966 3.01688e-16
28.026 3.02972e-16
28.086 3.04258e-16
28.146 3.05547e-16
28.206 3.06839e-16
28.266 3.08134e-16
28.326 3.09431e-16
28.386 3.10731e-16
28.446 3.12034e-16
28.506 3.13339e-16
28.566 3.14647e-16
28.626 3.15958e-16
28.686 3.17272e-16
28.746 3.18588e-16
28.806 3.19907e-16
28.866 3.21229e-16
28.926 3.22554e-16
28.986 3.23881e-16
29.046 3.25211e-16
29.106 3.26544e-16
29.166 3.27879e-16
29.226 3.29218e-16
29.286 3.30559e-16
29.346 3.31902e-16
29.406 3.33249e-16
29.466 3.34598e-16
29.526 3.3595e-16
29.586 3.37304e-16
29.646 3.38661e-16
29.706 3.40021e-16
29.766 3.41384e-16
29.826 3.4275e-16
29.886 3.44118e-16
29.946 3.45489e-16
30.006 3.46862e-16
30.066 3.48239e-16
30.126 3.49618e-16
30.186 3.51e-16
30.246 3.52384e-16
30.306 3.53772e-16
30.366 3.55162e-16
30.426 3.56554e-16
30.486 3.5795e-16
30.546 3.59348e-16
30.606 3.60749e-16
30.666 3.62152e-16
30.726 3.63559e-16
30.786 3.64968e-16
30.846 3.6638e-16
30.906 3.67794e-16
30.966 3.69212e-16
31.026 3.70632e-16
31.086 3.72054e-16
31.146 3.7348e-16
31.206 3.74908e-16
31.266 3.76339e-16
31.326 3.77772e-16
31.386 3.79209e-16
31.446 3.80648e-16
31.506 3.8209e-16
31.566 3.83534e-16
31.626 3.84981e-16
31.686 3.86431e-16
31.746 3.87884e-16
31.806 3.89339e-16
31.866 3.90798e-16
31.926 3.92259e-16
31.986 3.93722e-16
32.046 3.95188e-16
32.106 3.96658e-16
32.166 3.98129e-16
32.226 3.99604e-16
32.286 4.01081e-16
32.346 4.02561e-16
32.406 4.04044e-16
32.466 4.05529e-16
32.526 4.07017e-16
32.586 4.08508e-16
32.646 4.10002e-16
32.706 4.11498e-16
32.766 4.12997e-16
32.826 4.14499e-16
32.886 4.16003e-16
32.946 4.17511e-16
33.006 4.19021e-16
33.066 4.20533e-16
33.126 4.22049e-16
33.186 4.23567e-16
33.246 4.25088e-16
33.306 4.26611e-16
33.366 4.28138e-16
33.426 4.29667e-16
33.486 4.31198e-16
33.546 4.32733e-16
33.606 4.3427e-16
33.666 4.3581e-16
33.726 4.37353e-16
33.786 4.38898e-16
33.846 4.40446e-16
33.906 4.41997e-16
33.966 4.43551e-16
34.026 4.45107e-16
34.086 4.46666e-16
34.146 4.48228e-16
34.206 4.49792e-16
34.266 4.51359e-16
34.326 4.52929e-16
34.386 4.54502e-16
34.446 4.56077e-16
34.506 4.57656e-16
34.566 4.59236e-16
34.626 4.6082e-16
34.686 4.62406e-16
34.746 4.63995e-16
34.806 4.65587e-16
34.866 4.67181e-16
34.926 4.68779e-16
34.986 4.70379e-16
35.046 4.71981e-16
35.106 4.73587e-16
35.166 4.75195e-16
35.226 4.76805e-16
35.286 4.78419e-16
35.346 4.80035e-16
35.406 4.81654e-16
35.466 4.83276e-16
35.526 4.84901e-16
35.586 4.86528e-16
35.646 4.88158e-16
35.706 4.8979e-16
35.766 4.91426e-16
35.826 4.93064e-16
35.886 4.94705e-16
35.946 4.96348e-16
36.006 4.97994e-16
36.066 4.99643e-16
36.126 5.01295e-16
36.186 5.02949e-16
36.246 5.04607e-16
36.306 5.06267e-16
36.366 5.07929e-16
36.426 5.09595e-16
36.486 5.11263e-16
36.546 5.12933e-16
36.606 5.14607e-16
36.666 5.16283e-16
36.726 5.17962e-16
36.786 5.19644e-16
36.846 5.21328e-16
36.906 5.23015e-16
36.966 5.24705e-16
37.026 5.26398e-16
37.086 5.28093e-16
37.146 5.29791e-16
37.206 5.31492e-16
37.266 5.33196e-16
37.326 5.34902e-16
37.386 5.36611e-16
37.446 5.38323e-16
37.506 5.40037e-16
37.566 5.41754e-16
37.626 5.43474e-16
37.686 5.45197e-16
37.746 5.46922e-16
37.806 5.4865e-16
37.866 5.50381e-16
37.926 5.52114e-16
37.986 5.5385e-16
38.046 5.55589e-16
38.106 5.57331e-16
38.166 5.59076e-16
38.226 5.60823e-16
38.286 5.62573e-16
38.346 5.64325e-16
38.406 5.6608e-16
38.466 5.67838e-16
38.526 5.69599e-16
38.586 5.71363e-16
38.646 5.73129e-16
38.706 5.74898e-16
38.766 5.7667e-16
38.826 5.78444e-16
38.886 5.80221e-16
38.946 5.82001e-16
39.006 5.83784e-16
39.066 5.85569e-16
39.126 5.87357e-16
39.186 5.89148e-16
39.246 5.90941e-16
39.306 5.92737e-16
39.366 5.94536e-16
39.426 5.96338e-16
39.486 5.98142e-16
39.546 5.99949e-16
39.606 6.01759e-16
39.666 6.03572e-16
39.726 6.05387e-16
39.786 6.07205e-16
39.846 6.09026e-16
39.906 6.10849e-16
39.966 6.12675e-16
40.026 6.14504e-16
40.086 6.16336e-16
40.146 6.1817e-16
40.206 6.20008e-16
40.266 6.21847e-16
40.326 6.2369e-16
40.386 6.25535e-16
40.446 6.27383e-16
40.506 6.29234e-16
40.566 6.31087e-16
40.626 6.32944e-16
40.686 6.34802e-16
40.746 6.36664e-16
40.806 6.38528e-16
40.866 6.40396e-16
40.926 6.42265e-16
40.986 6.44138e-16
41.046 6.46013e-16
41.106 6.47891e-16
41.166 6.49772e-16
41.226 6.51655e-16
41.286 6.53542e-16
41.346 6.5543e-16
41.406 6.57322e-16
41.466 6.59216e-16
41.526 6.61113e-16
41.586 6.63013e-16
41.646 6.64916e-16
41.706 6.66821e-16
41.766 6.68729e-16
41.826 6.7064e-16
41.886 6.72553e-16
41.946 6.74469e-16
42.006 6.76388e-16
42.066 6.7831e-16
42.126 6.80234e-16
42.186 6.82161e-16
42.246 6.84091e-16
42.306 6.86024e-16
42.366 6.87959e-16
42.426 6.89897e-16
42.486 6.91837e-16
42.546 6.93781e-16
42.606 6.95727e-16
42.666 6.97676e-16
42.726 6.99627e-16
42.786 7.01582e-16
42.846 7.03539e-16
42.906 7.05499e-16
42.966 7.07461e-16
43.026 7.09426e-16
43.086 7.11394e-16
43.146 7.13365e-16
43.206 7.15338e-16
43.266 7.17315e-16
43.326 7.19293e-16
43.386 7.21275e-16
43.446 7.23259e-16
43.506 7.25246e-16
43.566 7.27236e-16
43.626 7.29229e-16
43.686 7.31224e-16
43.746 7.33222e-16
43.806 7.35222e-16
43.866 7.37226e-16
43.926 7.39232e-16
43.986 7.41241e-16
44.046 7.43252e-16
44.106 7.45267e-16
44.166 7.47284e-16
44.226 7.49303e-16
44.286 7.51326e-16
44.346 7.53351e-16
44.406 7.55379e-16
44.466 7.5741e-16
44.526 7.59443e-16
44.586 7.61479e-16
44.646 7.63518e-16
44.706 7.6556e-16
44.766 7.67604e-16
44.826 7.69651e-16
44.886 7.71701e-16
44.946 7.73753e-16
45.006 7.75808e-16
45.066 7.77866e-16
45.126 7.79927e-16
45.186 7.8199e-16
45.246 7.84056e-16
45.306 7.86125e-16
45.366 7.88197e-16
45.426 7.90271e-16
45.486 7.92348e-16
45.546 7.94428e-16
45.606 7.9651e-16
45.666 7.98595e-16
45.726 8.00683e-16
45.786 8.02774e-16
45.846 8.04867e-16
45.906 8.06963e-16
45.966 8.09062e-16
46.026 8.11164e-16
46.086 8.13268e-16
46.146 8.15375e-16
46.206 8.17485e-16
46.266 8.19597e-16
46.326 8.21712e-16
46.386 8.2383e-16
46.446 8.25951e-16
46.506 8.28074e-16
46.566 8.302e-16
46.626 8.32329e-16
46.686 8.34461e-16
46.746 8.36595e-16
46.806 8.38732e-16
46.866 8.40872e-16
46.926 8.43014e-16
46.986 8.45159e-16
47.046 8.47307e-16
47.106 8.49458e-16
47.166 8.51611e-16
47.226 8.53767e-16
47.286 8.55926e-16
47.346 8.58087e-16
47.406 8.60252e-16
47.466 8.62419e-16
47.526 8.64588e-16
47.586 8.66761e-16
47.646 8.68936e-16
47.706 8.71114e-16
47.766 8.73294e-16
47.826 8.75478e-16
47.886 8.77664e-16
47.946 8.79853e-16
48.006 8.82044e-16
48.066 8.84238e-16
48.126 8.86435e-16
48.186 8.88635e-16
48.246 8.90837e-16
48.306 8.93042e-16
48.366 8.9525e-16
48.426 8.97461e-16
48.486 8.99674e-16
48.546 9.0189e-16
48.606 9.04109e-16
48.666 9.06331e-16
48.726 9.08555e-16
48.786 9.10782e-16
48.846 9.13011e-16
48.906 9.15244e-16
48.966 9.17479e-16
49.026 9.19717e-16
49.086 9.21957e-16
49.146 9.24201e-16
49.206 9.26447e-16
49.266 9.28695e-16
49.326 9.30947e-16
49.386 9.33201e-16
49.446 9.35458e-16
49.506 9.37718e-16
49.566 9.3998e-16
49.626 9.42245e-16
49.686 9.44513e-16
49.746 9.46784e-16
49.806 9.49057e-16
49.866 9.51333e-16
49.926 9.53612e-16
49.986 9.55893e-16
50.046 9.58177e-16
50.106 9.60464e-16
50.166 9.62754e-16
50.226 9.65046e-16
50.286 9.67341e-16
50.346 9.69639e-16
50.406 9.7194e-16
50.466 9.74243e-16
50.526 9.76549e-16
50.586 9.78858e-16
50.646 9.81169e-16
50.706 9.83483e-16
50.766 9.858e-16
50.826 9.8812e-16
50.886 9.90442e-16
50.946 9.92767e-16
51.006 9.95095e-16
51.066 9.97426e-16
51.126 9.99759e-16
51.186 1.0021e-15
51.246 1.00443e-15
51.306 1.00678e-15
51.366 1.00912e-15
51.426 1.01147e-15
51.486 1.01382e-15
51.546 1.01617e-15
51.606 1.01852e-15
51.666 1.02088e-15
51.726 1.02324e-15
51.786 1.0256e-15
51.846 1.02797e-15
51.906 1.03034e-15
51.966 1.03271e-15
52.026 1.03509e-15
52.086 1.03746e-15
52.146 1.03984e-15
52.206 1.04222e-15
52.266 1.04461e-15
52.326 1.047e-15
52.386 1.04939e-15
52.446 1.05178e-15
52.506 1.05418e-15
52.566 1.05658e-15
52.626 1.05898e-15
52.686 1.06138e-15
52.746 1.06379e-15
52.806 1.0662e-15
52.866 1.06861e-15
52.926 1.07102e-15
52.986 1.07344e-15
53.046 1.07586e-15
53.106 1.07829e-15
53.166 1.08071e-15
53.226 1.08314e-15
53.286 1.08557e-15
53.346 1.08801e-15
53.406 1.09044e-15
53.466 1.09288e-15
53.526 1.09533e-15
53.586 1.09777e-15
53.646 1.10022e-15
53.706 1.10267e-15
53.766 1.10512e-15
53.826 1.10758e-15
53.886 1.11004e-15
53.946 1.1125e-15
54.006 1.11496e-15
54.066 1.11743e-15
54.126 1.1199e-15
54.186 1.12237e-15
54.246 1.12485e-15
54.306 1.12732e-15
54.366 1.1298e-15
54.426 1.13229e-15
54.486 1.13477e-15
54.546 1.13726e-15
54.606 1.13975e-15
54.666 1.14225e-15
54.726 1.14474e-15
54.786 1.14724e-15
54.846 1.14975e-15
54.906 1.15225e-15
54.966 1.15476e-15
55.026 1.15727e-15
55.086 1.15978e-15
55.146 1.1623e-15
55.206 1.16482e-15
55.266 1.16734e-15
55.326 1.16986e-15
55.386 1.17239e-15
55.446 1.17492e-15
55.506 1.17745e-15
55.566 1.17999e-15
55.626 1.18252e-15
55.686 1.18506e-15
55.746 1.18761e-15
55.806 1.19015e-15
55.866 1.1927e-15
55.926 1.19525e-15
55.986 1.19781e-15
56.046 1.20036e-15
56.106 1.20292e-15
56.166 1.20549e-15
56.226 1.20805e-15
56.286 1.21062e-15
56.346 1.21319e-15
56.406 1.21576e-15
56.466 1.21834e-15
56.526 1.22092e-15
56.586 1.2235e-15
56.646 1.22608e-15
56.706 1.22867e-15
56.766 1.23126e-15
56.826 1.23385e-15
56.886 1.23645e-15
56.946 1.23904e-15
57.006 1.24164e-15
57.066 1.24425e-15
57.126 1.24685e-15
57.186 1.24946e-15
57.246 1.25207e-15
57.306 1.25469e-15
57.366 1.2573e-15
57.426 1.25992e-15
57.486 1.26255e-15
57.546 1.26517e-15
57.606 1.2678e-15
57.666 1.27043e-15
57.726 1.27306e-15
57.786 1.2757e-15
57.846 1.27834e-15
57.906 1.28098e-15
57.966 1.28362e-15
58.026 1.28627e-15
58.086 1.28892e-15
58.146 1.29157e-15
58.206 1.29423e-15
58.266 1.29688e-15
58.326 1.29954e-15
58.386 1.30221e-15
58.446 1.30487e-15
58.506 1.30754e-15
58.566 1.31021e-15
58.626 1.31289e-15
58.686 1.31556e-15
58.746 1.31824e-15
58.806 1.32092e-15
58.866 1.32361e-15
58.926 1.3263e-15
58.986 1.32899e-15
59.046 1.33168e-15
59.106 1.33438e-15
59.166 1.33708e-15
59.226 1.33978e-15
59.286 1.34248e-15
59.346 1.34519e-15
59.406 1.3479e-15
59.466 1.35061e-15
59.526 1.35332e-15
59.586 1.35604e-15
59.646 1.35876e-15
59.706 1.36149e-15
59.766 1.36421e-15
59.826 1.36694e-15
59.886 1.36967e-15
59.946 1.3724e-15

