0.006 1.47984e-08
0.066 1.78738e-06
0.126 6.48218e-06
0.186 1.40117e-05
0.246 2.42337e-05
0.306 3.69513e-05
0.366 5.19136e-05
0.426 6.88172e-05
0.486 8.73105e-05
0.546 0.000107002
0.606 0.00012747
0.666 0.000148283
0.726 0.000169013
0.786 0.000189252
0.846 0.000208625
0.906 0.000226804
0.966 0.000243505
1.026 0.0002585
1.086 0.000271608
1.146 0.000282703
1.206 0.000291704
1.266 0.000298576
1.326 0.000303325
1.386 0.000305995
1.446 0.000306663
1.506 0.000305432
1.566 0.00030243
1.626 0.000297804
1.686 0.000291711
1.746 0.00028432
1.806 0.000275803
1.866 0.000266334
1.926 0.000256082
1.986 0.000245213
2.046 0.000233883
2.106 0.000222239
2.166 0.000210415
2.226 0.000198534
2.286 0.000186707
2.346 0.000175028
2.406 0.000163582
2.466 0.000152438
2.526 0.000141656
2.586 0.000131283
2.646 0.000121354
2.706 0.000111896
2.766 0.000102928
2.826 9.44603e-05
2.886 8.64959e-05
2.946 7.90329e-05
3.006 7.20642e-05
3.066 6.55787e-05
3.126 5.95617e-05
3.186 5.39961e-05
3.246 4.88626e-05
3.306 4.41404e-05
3.366 3.98077e-05
3.426 3.58423e-05
3.486 3.22215e-05
3.546 2.89228e-05
3.606 2.59242e-05
3.666 2.32039e-05
3.726 2.0741e-05
3.786 1.85154e-05
3.846 1.65079e-05
3.906 1.47004e-05
3.966 1.30757e-05
4.026 1.16177e-05
4.086 1.03112e-05
4.146 9.14235e-06
4.206 8.0981e-06
4.266 7.16644e-06
4.326 6.33635e-06
4.386 5.59767e-06
4.446 4.94114e-06
4.506 4.35829e-06
4.566 3.84142e-06
4.626 3.38354e-06
4.686 2.97834e-06
4.746 2.62008e-06
4.806 2.30361e-06
4.866 2.02431e-06
4.926 1.778e-06
4.986 1.56095e-06
5.046 1.36982e-06
5.106 1.20164e-06
5.166 1.05374e-06
5.226 9.23754e-07
5.286 8.09573e-07
5.346 7.09328e-07
5.406 6.21358e-07
5.466 5.44196e-07
5.526 4.7654e-07
5.586 4.1724e-07
5.646 3.65281e-07
5.706 3.19769e-07
5.766 2.79913e-07
5.826 2.45019e-07
5.886 2.14474e-07
5.946 1.87742e-07
6.006 1.64349e-07
6.066 1.43881e-07
6.126 1.25973e-07
6.186 1.10307e-07
6.246 9.66012e-08
6.306 8.46111e-08
6.366 7.41217e-08
6.426 6.49447e-08
6.486 5.69164e-08
6.546 4.98988e-08
6.606 4.37638e-08
6.666 3.83977e-08
6.726 3.37022e-08
6.786 2.95916e-08
6.846 2.59915e-08
6.906 2.28373e-08
6.966 2.00726e-08
7.026 1.76483e-08
7.086 1.55218e-08
7.146 1.36558e-08
7.206 1.20177e-08
7.266 1.05793e-08
7.326 9.31572e-09
7.386 8.20538e-09
7.446 7.22936e-09
7.506 6.37115e-09
7.566 5.6163e-09
7.626 4.95215e-09
7.686 4.36763e-09
7.746 3.85305e-09
7.806 3.39992e-09
7.866 3.00077e-09
7.926 2.6491e-09
7.986 2.33916e-09
8.046 2.06594e-09
8.106 1.82502e-09
8.166 1.61254e-09
8.226 1.42509e-09
8.286 1.25969e-09
8.346 1.1137e-09
8.406 9.84824e-10
8.466 8.71026e-10
8.526 7.70522e-10
8.586 6.8174e-10
8.646 6.03295e-10
8.706 5.33971e-10
8.766 4.72694e-10
8.826 4.1852e-10
8.886 3.70617e-10
8.946 3.2825e-10
9.006 2.90773e-10
9.066 2.57616e-10
9.126 2.28275e-10
9.186 2.02306e-10
9.246 1.79319e-10
9.306 1.58967e-10
9.366 1.40945e-10
9.426 1.24985e-10
9.486 1.10847e-10
9.546 9.83221e-11
9.606 8.72243e-11
9.666 7.73896e-11
9.726 6.86729e-11
9.786 6.0946e-11
9.846 5.40955e-11
9.906 4.80212e-11
9.966 4.26343e-11
10.026 3.78565e-11
10.086 3.36183e-11
10.146 2.98583e-11
10.206 2.65221e-11
10.266 2.35615e-11
10.326 2.09339e-11
10.386 1.86016e-11
10.446 1.65312e-11
10.506 1.4693e-11
10.566 1.30608e-11
10.626 1.16113e-11
10.686 1.0324e-11
10.746 9.1805e-12
10.806 8.16472e-12
10.866 7.26226e-12
10.926 6.46041e-12
10.986 5.74786e-12
11.046 5.11462e-12
11.106 4.55179e-12
11.166 4.0515e-12
11.226 3.60675e-12
11.286 3.21135e-12
11.346 2.85979e-12
11.406 2.54717e-12
11.466 2.26916e-12
11.526 2.02191e-12
11.586 1.802e-12
11.646 1.60639e-12
11.706 1.43239e-12
11.766 1.27759e-12
11.826 1.13988e-12
11.886 1.01736e-12
11.946 9.08357e-13
12.006 8.11374e-13
12.066 7.25089e-13
12.126 6.48325e-13
12.186 5.80037e-13
12.246 5.19296e-13
12.306 4.65277e-13
12.366 4.17246e-13
12.426 3.74555e-13
12.486 3.36624e-13
12.546 3.02942e-13
12.606 2.73054e-13
12.666 2.46557e-13
12.726 2.23095e-13
12.786 2.02351e-13
12.846 1.84048e-13
12.906 1.67938e-13
12.966 1.53807e-13
13.026 1.41463e-13
13.086 1.30742e-13
13.146 1.215e-13
13.206 1.13612e-13
13.266 1.06972e-13
13.326 1.0149e-13
13.386 9.70919e-14
13.446 9.37176e-14
13.506 9.13202e-14
13.566 8.98655e-14
13.626 8.93316e-14
13.686 4.21302e-18
13.746 4.24676e-18
13.806 4.28063e-18
13.866 4.31465e-18
13.926 4.34881e-18
13.986 4.3831e-18
14.046 4.41754e-18
14.106 4.45212e-18
14.166 4.48684e-18
14.226 4.52169e-18
14.286 4.55669e-18
14.346 4.59183e-18
14.406 4.6271e-18
14.466 4.66252e-18
14.526 4.69808e-18
14.586 4.73377e-18
14.646 4.76961e-18
14.706 4.80559e-18
14.766 4.8417e-18
14.826 4.87796e-18
14.886 4.91435e-18
14.946 4.95089e-18
15.006 4.98756e-18
15.066 5.02438e-18
15.126 5.06133e-18
15.186 5.09843e-18
15.246 5.13566e-18
15.306 5.17304e-18
15.366 5.21055e-18
15.426 5.2482e-18
15.486 5.28599e-18
15.546 5.32393e-18
15.606 5.362e-18
15.666 5.40021e-18
15.726 5.43856e-18
15.786 5.47705e-18
15.846 5.51568e-18
15.906 5.55445e-18
15.966 5.59336e-18
16.026 5.63241e-18
16.086 5.6716e-18
16.146 5.71092e-18
16.206 5.75039e-18
16.266 5.79e-18
16.326 5.82974e-18
16.386 5.86963e-18
16.446 5.90965e-18
16.506 5.94982e-18
16.566 5.99012e-18
16.626 6.03057e-18
16.686 6.07115e-18
16.746 6.11187e-18
16.806 6.15273e-18
16.866 6.19373e-18
16.926 6.23487e-18
16.986 6.27615e-18
17.046 6.31757e-18
17.106 6.35913e-18
17.166 6.40083e-18
17.226 6.44267e-18
17.286 6.48464e-18
17.346 6.52676e-18
17.406 6.56901e-18
17.466 6.61141e-18
17.526 6.65394e-18
17.586 6.69662e-18
17.646 6.73943e-18
17.706 6.78238e-18
17.766 6.82547e-18
17.826 6.8687e-18
17.886 6.91207e-18
17.946 6.95558e-18
18.006 6.99923e-18
18.066 7.04302e-18
18.126 7.08694e-18
18.186 7.13101e-18
18.246 7.17521e-18
18.306 7.21956e-18
18.366 7.26404e-18
18.426 7.30866e-18
18.486 7.35343e-18
18.546 7.39833e-18
18.606 7.44337e-18
18.666 7.48855e-18
18.726 7.53387e-18
18.786 7.57932e-18
18.846 7.62492e-18
18.906 7.67066e-18
18.966 7.71653e-18
19.026 7.76255e-18
19.086 7.8087e-18
19.146 7.85499e-18
19.206 7.90143e-18
19.266 7.948e-18
19.326 7.99471e-18
19.386 8.04156e-18
19.446 8.08855e-18
19.506 8.13568e-18
19.566 8.18294e-18
19.626 8.23035e-18
19.686 8.27789e-18
19.746 8.32558e-18
19.806 8.3734e-18
19.866 8.42136e-18
19.926 8.46947e-18
19.986 8.51771e-18
20.046 8.56609e-18
20.106 8.61461e-18
20.166 8.66326e-18
20.226 8.71206e-18
20.286 8.761e-18
20.346 8.81007e-18
20.406 8.85929e-18
20.466 8.90864e-18
20.526 8.95813e-18
20.586 9.00777e-18
20.646 9.05754e-18
20.706 9.10745e-18
20.766 9.1575e-18
20.826 9.20768e-18
20.886 9.25801e-18
20.946 9.30848e-18
21.006 9.35908e-18
21.066 9.40983e-18
21.126 9.46071e-18
21.186 9.51173e-18
21.246 9.56289e-18
21.306 9.61419e-18
21.366 9.66563e-18
21.426 9.71721e-18
21.486 9.76893e-18
21.546 9.82078e-18
21.606 9.87278e-18
21.666 9.92491e-18
21.726 9.97719e-18
21.786 1.00296e-17
21.846 1.00822e-17
21.906 1.01348e-17
21.966 1.01877e-17
22.026 1.02406e-17
22.086 1.02937e-17
22.146 1.0347e-17
22.206 1.04004e-17
22.266 1.04539e-17
22.326 1.05076e-17
22.386 1.05614e-17
22.446 1.06153e-17
22.506 1.06694e-17
22.566 1.07236e-17
22.626 1.0778e-17
22.686 1.08325e-17
22.746 1.08871e-17
22.806 1.09419e-17
22.866 1.09968e-17
22.926 1.10518e-17
22.986 1.1107e-17
23.046 1.11624e-17
23.106 1.12178e-17
23.166 1.12734e-17
23.226 1.13292e-17
23.286 1.13851e-17
23.346 1.14411e-17
23.406 1.14973e-17
23.466 1.15536e-17
23.526 1.161e-17
23.586 1.16666e-17
23.646 1.17233e-17
23.706 1.17802e-17
23.766 1.18372e-17
23.826 1.18943e-17
23.886 1.19516e-17
23.946 1.2009e-17
24.006 1.20666e-17
24.066 1.21243e-17
24.126 1.21821e-17
24.186 1.22401e-17
24.246 1.22982e-17
24.306 1.23564e-17
24.366 1.24148e-17
24.426 1.24733e-17
24.486 1.2532e-17
24.546 1.25908e-17
24.606 1.26498e-17
24.666 1.27088e-17
24.726 1.27681e-17
24.786 1.28274e-17
24.846 1.28869e-17
24.906 1.29466e-17
24.966 1.30063e-17
25.026 1.30662e-17
25.086 1.31263e-17
25.146 1.31865e-17
25.206 1.32468e-17
25.266 1.33073e-17
25.326 1.33679e-17
25.386 1.34287e-17
25.446 1.34895e-17
25.506 1.35506e-17
25.566 1.36117e-17
25.626 1.3673e-17
25.686 1.37345e-17
25.746 1.37961e-17
25.806 1.38578e-17
25.866 1.39197e-17
25.926 1.39817e-17
25.986 1.40438e-17
26.046 1.41061e-17
26.106 1.41685e-17
26.166 1.4231e-17
26.226 1.42937e-17
26.286 1.43566e-17
26.346 1.44195e-17
26.406 1.44827e-17
26.466 1.45459e-17
26.526 1.46093e-17
26.586 1.46728e-17
26.646 1.47365e-17
26.706 1.48003e-17
26.766 1.48642e-17
26.826 1.49283e-17
26.886 1.49925e-17
26.946 1.50569e-17
27.006 1.51214e-17
27.066 1.5186e-17
27.126 1.52508e-17
27.186 1.53157e-17
27.246 1.53808e-17
27.306 1.5446e-17
27.366 1.55113e-17
27.426 1.55768e-17
27.486 1.56424e-17
27.546 1.57081e-17
27.606 1.5774e-17
27.666 1.58401e-17
27.726 1.59062e-17
27.786 1.59725e-17
27.846 1.6039e-17
27.906 1.61056e-17
27.966 1.61723e-17
28.026 1.62391e-17
28.086 1.63061e-17
28.146 1.63733e-17
28.206 1.64406e-17
28.266 1.6508e-17
28.326 1.65755e-17
28.386 1.66432e-17
28.446 1.67111e-17
28.506 1.6779e-17
28.566 1.68471e-17
28.626 1.69154e-17
28.686 1.69838e-17
28.746 1.70523e-17
28.806 1.7121e-17
28.866 1.71898e-17
28.926 1.72587e-17
28.986 1.73278e-17
29.046 1.7397e-17
29.106 1.74664e-17
29.166 1.75359e-17
29.226 1.76055e-17
29.286 1.76753e-17
29.346 1.77452e-17
29.406 1.78153e-17
29.466 1.78854e-17
29.526 1.79558e-17
29.586 1.80262e-17
29.646 1.80969e-17
29.706 1.81676e-17
29.766 1.82385e-17
29.826 1.83095e-17
29.886 1.83807e-17
29.946 1.8452e-17
30.006 1.85234e-17
30.066 1.8595e-17
30.126 1.86667e-17
30.186 1.87386e-17
30.246 1.88106e-17
30.306 1.88827e-17
30.366 1.8955e-17
30.426 1.90274e-17
30.486 1.91e-17
30.546 1.91727e-17
30.606 1.92455e-17
30.666 1.93185e-17
30.726 1.93916e-17
30.786 1.94648e-17
30.846 1.95382e-17
30.906 1.96117e-17
30.966 1.96854e-17
31.026 1.97592e-17
31.086 1.98331e-17
31.146 1.99072e-17
31.206 1.99814e-17
31.266 2.00558e-17
31.326 2.01303e-17
31.386 2.02049e-17
31.446 2.02797e-17
31.506 2.03546e-17
31.566 2.04297e-17
31.626 2.05048e-17
31.686 2.05802e-17
31.746 2.06556e-17
31.806 2.07313e-17
31.866 2.0807e-17
31.926 2.08829e-17
31.986 2.09589e-17
32.046 2.10351e-17
32.106 2.11114e-17
32.166 2.11878e-17
32.226 2.12644e-17
32.286 2.13411e-17
32.346 2.1418e-17
32.406 2.1495e-17
32.466 2.15721e-17
32.526 2.16494e-17
32.586 2.17268e-17
32.646 2.18043e-17
32.706 2.1882e-17
32.766 2.19598e-17
32.826 2.20378e-17
32.886 2.21159e-17
32.946 2.21942e-17
33.006 2.22725e-17
33.066 2.23511e-17
33.126 2.24297e-17
33.186 2.25085e-17
33.246 2.25875e-17
33.306 2.26665e-17
33.366 2.27458e-17
33.426 2.28251e-17
33.486 2.29046e-17
33.546 2.29842e-17
33.606 2.3064e-17
33.666 2.31439e-17
33.726 2.3224e-17
33.786 2.33042e-17
33.846 2.33845e-17
33.906 2.3465e-17
33.966 2.35456e-17
34.026 2.36263e-17
34.086 2.37072e-17
34.146 2.37882e-17
34.206 2.38694e-17
34.266 2.39507e-17
34.326 2.40321e-17
34.386 2.41137e-17
34.446 2.41954e-17
34.506 2.42773e-17
34.566 2.43592e-17
34.626 2.44414e-17
34.686 2.45236e-17
34.746 2.46061e-17
34.806 2.46886e-17
34.866 2.47713e-17
34.926 2.48541e-17
34.986 2.49371e-17
35.046 2.50202e-17
35.106 2.51034e-17
35.166 2.51868e-17
35.226 2.52703e-17
35.286 2.5354e-17
35.346 2.54378e-17
35.406 2.55217e-17
35.466 2.56058e-17
35.526 2.569e-17
35.586 2.57744e-17
35.646 2.58588e-17
35.706 2.59435e-17
35.766 2.60282e-17
35.826 2.61132e-17
35.886 2.61982e-17
35.946 2.62834e-17
36.006 2.63687e-17
36.066 2.64542e-17
36.126 2.65398e-17
36.186 2.66255e-17
36.246 2.67114e-17
36.306 2.67974e-17
36.366 2.68836e-17
36.426 2.69699e-17
36.486 2.70563e-17
36.546 2.71429e-17
36.606 2.72296e-17
36.666 2.73164e-17
36.726 2.74034e-17
36.786 2.74905e-17
36.846 2.75778e-17
36.906 2.76652e-17
36.966 2.77528e-17
37.026 2.78404e-17
37.086 2.79283e-17
37.146 2.80162e-17
37.206 2.81043e-17
37.266 2.81926e-17
37.326 2.82809e-17
37.386 2.83695e-17
37.446 2.84581e-17
37.506 2.85469e-17
37.566 2.86358e-17
37.626 2.87249e-17
37.686 2.88141e-17
37.746 2.89035e-17
37.806 2.8993e-17
37.866 2.90826e-17
37.926 2.91724e-17
37.986 2.92623e-17
38.046 2.93523e-17
38.106 2.94425e-17
38.166 2.95328e-17
38.226 2.96233e-17
38.286 2.97139e-17
38.346 2.98046e-17
38.406 2.98955e-17
38.466 2.99865e-17
38.526 3.00776e-17
38.586 3.01689e-17
38.646 3.02604e-17
38.706 3.03519e-17
38.766 3.04436e-17
38.826 3.05355e-17
38.886 3.06275e-17
38.946 3.07196e-17
39.006 3.08119e-17
39.066 3.09043e-17
39.126 3.09968e-17
39.186 3.10895e-17
39.246 3.11823e-17
39.306 3.12753e-17
39.366 3.13684e-17
39.426 3.14616e-17
39.486 3.1555e-17
39.546 3.16485e-17
39.606 3.17421e-17
39.666 3.18359e-17
39.726 3.19298e-17
39.786 3.20239e-17
39.846 3.21181e-17
39.906 3.22125e-17
39.966 3.23069e-17
40.026 3.24016e-17
40.086 3.24963e-17
40.146 3.25912e-17
40.206 3.26863e-17
40.266 3.27814e-17
40.326 3.28768e-17
40.386 3.29722e-17
40.446 3.30678e-17
40.506 3.31635e-17
40.566 3.32594e-17
40.626 3.33554e-17
40.686 3.34516e-17
40.746 3.35479e-17
40.806 3.36443e-17
40.866 3.37409e-17
40.926 3.38376e-17
40.986 3.39344e-17
41.046 3.40314e-17
41.106 3.41285e-17
41.166 3.42258e-17
41.226 3.43232e-17
41.286 3.44207e-17
41.346 3.45184e-17
41.406 3.46162e-17
41.466 3.47141e-17
41.526 3.48122e-17
41.586 3.49105e-17
41.646 3.50088e-17
41.706 3.51074e-17
41.766 3.5206e-17
41.826 3.53048e-17
41.886 3.54037e-17
41.946 3.55028e-17
42.006 3.5602e-17
42.066 3.57013e-17
42.126 3.58008e-17
42.186 3.59004e-17
42.246 3.60002e-17
42.306 3.61001e-17
42.366 3.62001e-17
42.426 3.63003e-17
42.486 3.64006e-17
42.546 3.6501e-17
42.606 3.66016e-17
42.666 3.67024e-17
42.726 3.68032e-17
42.786 3.69042e-17
42.846 3.70054e-17
42.906 3.71067e-17
42.966 3.72081e-17
43.026 3.73097e-17
43.086 3.74114e-17
43.146 3.75132e-17
43.206 3.76152e-17
43.266 3.77173e-17
43.326 3.78195e-17
43.386 3.79219e-17
43.446 3.80245e-17
43.506 3.81271e-17
43.566 3.823e-17
43.626 3.83329e-17
43.686 3.8436e-17
43.746 3.85392e-17
43.806 3.86426e-17
43.866 3.87461e-17
43.926 3.88497e-17
43.986 3.89535e-17
44.046 3.90574e-17
44.106 3.91615e-17
44.166 3.92657e-17
44.226 3.937e-17
44.286 3.94745e-17
44.346 3.95791e-17
44.406 3.96839e-17
44.466 3.97888e-17
44.526 3.98938e-17
44.586 3.9999e-17
44.646 4.01043e-17
44.706 4.02097e-17
44.766 4.03153e-17
44.826 4.0421e-17
44.886 4.05269e-17
44.946 4.06329e-17
45.006 4.0739e-17
45.066 4.08453e-17
45.126 4.09517e-17
45.186 4.10583e-17
45.246 4.1165e-17
45.306 4.12718e-17
45.366 4.13788e-17
45.426 4.14859e-17
45.486 4.15932e-17
45.546 4.17006e-17
45.606 4.18081e-17
45.666 4.19158e-17
45.726 4.20236e-17
45.786 4.21315e-17
45.846 4.22396e-17
45.906 4.23478e-17
45.966 4.24562e-17
46.026 4.25647e-17
46.086 4.26733e-17
46.146 4.27821e-17
46.206 4.2891e-17
46.266 4.30001e-17
46.326 4.31093e-17
46.386 4.32186e-17
46.446 4.33281e-17
46.506 4.34377e-17
46.566 4.35474e-17
46.626 4.36573e-17
46.686 4.37673e-17
46.746 4.38775e-17
46.806 4.39878e-17
46.866 4.40982e-17
46.926 4.42088e-17
46.986 4.43196e-17
47.046 4.44304e-17
47.106 4.45414e-17
47.166 4.46525e-17
47.226 4.47638e-17
47.286 4.48752e-17
47.346 4.49868e-17
47.406 4.50985e-17
47.466 4.52103e-17
47.526 4.53223e-17
47.586 4.54344e-17
47.646 4.55466e-17
47.706 4.5659e-17
47.766 4.57715e-17
47.826 4.58842e-17
47.886 4.5997e-17
47.946 4.611e-17
48.006 4.6223e-17
48.066 4.63363e-17
48.126 4.64496e-17
48.186 4.65631e-17
48.246 4.66767e-17
48.306 4.67905e-17
48.366 4.69044e-17
48.426 4.70185e-17
48.486 4.71327e-17
48.546 4.7247e-17
48.606 4.73615e-17
48.666 4.74761e-17
48.726 4.75908e-17
48.786 4.77057e-17
48.846 4.78207e-17
48.906 4.79359e-17
48.966 4.80512e-17
49.026 4.81666e-17
49.086 4.82822e-17
49.146 4.83979e-17
49.206 4.85138e-17
49.266 4.86298e-17
49.326 4.87459e-17
49.386 4.88622e-17
49.446 4.89786e-17
49.506 4.90951e-17
49.566 4.92118e-17
49.626 4.93286e-17
49.686 4.94456e-17
49.746 4.95627e-17
49.806 4.968e-17
49.866 4.97973e-17
49.926 4.99149e-17
49.986 5.00325e-17
50.046 5.01503e-17
50.106 5.02682e-17
50.166 5.03863e-17
50.226 5.05045e-17
50.286 5.06229e-17
50.346 5.07414e-17
50.406 5.086e-17
50.466 5.09788e-17
50.526 5.10977e-17
50.586 5.12167e-17
50.646 5.13359e-17
50.706 5.14552e-17
50.766 5.15747e-17
50.826 5.16943e-17
50.886 5.18141e-17
50.946 5.19339e-17
51.006 5.2054e-17
51.066 5.21741e-17
51.126 5.22944e-17
51.186 5.24148e-17
51.246 5.25354e-17
51.306 5.26561e-17
51.366 5.2777e-17
51.426 5.2898e-17
51.486 5.30191e-17
51.546 5.31404e-17
51.606 5.32618e-17
51.666 5.33833e-17
51.726 5.3505e-17
51.786 5.36268e-17
51.846 5.37488e-17
51.906 5.38709e-17
51.966 5.39931e-17
52.026 5.41155e-17
52.086 5.4238e-17
52.146 5.43607e-17
52.206 5.44835e-17
52.266 5.46064e-17
52.326 5.47295e-17
52.386 5.48527e-17
52.446 5.4976e-17
52.506 5.50995e-17
52.566 5.52231e-17
52.626 5.53469e-17
52.686 5.54708e-17
52.746 5.55948e-17
52.806 5.5719e-17
52.866 5.58433e-17
52.926 5.59678e-17
52.986 5.60924e-17
53.046 5.62171e-17
53.106 5.6342e-17
53.166 5.6467e-17
53.226 5.65922e-17
53.286 5.67175e-17
53.346 5.68429e-17
53.406 5.69685e-17
53.466 5.70942e-17
53.526 5.722e-17
53.586 5.7346e-17
53.646 5.74721e-17
53.706 5.75984e-17
53.766 5.77248e-17
53.826 5.78513e-17
53.886 5.7978e-17
53.946 5.81048e-17
54.006 5.82318e-17
54.066 5.83589e-17
54.126 5.84861e-17
54.186 5.86135e-17
54.246 5.8741e-17
54.306 5.88686e-17
54.366 5.89964e-17
54.426 5.91244e-17
54.486 5.92524e-17
54.546 5.93806e-17
54.606 5.9509e-17
54.666 5.96375e-17
54.726 5.97661e-17
54.786 5.98948e-17
54.846 6.00237e-17
54.906 6.01528e-17
54.966 6.02819e-17
55.026 6.04113e-17
55.086 6.05407e-17
55.146 6.06703e-17
55.206 6.08e-17
55.266 6.09299e-17
55.326 6.10599e-17
55.386 6.11901e-17
55.446 6.13204e-17
55.506 6.14508e-17
55.566 6.15813e-17
55.626 6.1712e-17
55.686 6.18429e-17
55.746 6.19739e-17
55.806 6.2105e-17
55.866 6.22362e-17
55.926 6.23676e-17
55.986 6.24992e-17
56.046 6.26309e-17
56.106 6.27627e-17
56.166 6.28946e-17
56.226 6.30267e-17
56.286 6.31589e-17
56.346 6.32913e-17
56.406 6.34238e-17
56.466 6.35565e-17
56.526 6.36892e-17
56.586 6.38222e-17
56.646 6.39552e-17
56.706 6.40884e-17
56.766 6.42218e-17
56.826 6.43552e-17
56.886 6.44889e-17
56.946 6.46226e-17
57.006 6.47565e-17
57.066 6.48905e-17
57.126 6.50247e-17
57.186 6.5159e-17
57.246 6.52935e-17
57.306 6.54281e-17
57.366 6.55628e-17
57.426 6.56977e-17
57.486 6.58327e-17
57.546 6.59678e-17
57.606 6.61031e-17
57.666 6.62385e-17
57.726 6.63741e-17
57.786 6.65098e-17
57.846 6.66456e-17
57.906 6.67816e-17
57.966 6.69177e-17
58.026 6.70539e-17
58.086 6.71903e-17
58.146 6.73269e-17
58.206 6.74635e-17
58.266 6.76003e-17
58.326 6.77373e-17
58.386 6.78744e-17
58.446 6.80116e-17
58.506 6.8149e-17
58.566 6.82865e-17
58.626 6.84241e-17
58.686 6.85619e-17
58.746 6.86998e-17
58.806 6.88379e-17
58.866 6.89761e-17
58.926 6.91144e-17
58.986 6.92529e-17
59.046 6.93915e-17
59.106 6.95302e-17
59.166 6.96691e-17
59.226 6.98081e-17
59.286 6.99473e-17
59.346 7.00866e-17
59.406 7.02261e-17
59.466 7.03656e-17
59.526 7.05054e-17
59.586 7.06452e-17
59.646 7.07852e-17
59.706 7.09254e-17
59.766 7.10656e-17
59.826 7.12061e-17
59.886 7.13466e-17
59.946 7.14873e-17

