0.006 2.64261e-07
0.066 3.14967e-05
0.126 0.00011026
0.186 0.000225374
0.246 0.000361838
0.306 0.000504106
0.366 0.000638861
0.426 0.00075663
0.486 0.000852171
0.546 0.000924006
0.606 0.000973538
0.666 0.00100407
0.726 0.00101994
0.786 0.0010258
0.846 0.00102615
0.906 0.00102505
0.966 0.00102583
1.026 0.00103104
1.086 0.00104215
1.146 0.00105922
1.206 0.00107993
1.266 0.00109785
1.326 0.00110088
1.386 0.00107561
1.446 0.00101975
1.506 0.00094353
1.566 0.000858498
1.626 0.000772398
1.686 0.000689609
1.746 0.000612407
1.806 0.000541818
1.866 0.000478134
1.926 0.000421212
1.986 0.000370672
2.046 0.000326009
2.106 0.00028667
2.166 0.000252098
2.226 0.000221761
2.286 0.000195162
2.346 0.00017185
2.406 0.000151422
2.466 0.000133515
2.526 0.000117813
2.586 0.000104036
2.646 9.19412e-05
2.706 8.13145e-05
2.766 7.19705e-05
2.826 6.37477e-05
2.886 5.65055e-05
2.946 5.01215e-05
3.006 4.44893e-05
3.066 3.95161e-05
3.126 3.51214e-05
3.186 3.12346e-05
3.246 2.77944e-05
3.306 2.47472e-05
3.366 2.20461e-05
3.426 1.965e-05
3.486 1.75231e-05
3.546 1.56339e-05
3.606 1.39547e-05
3.666 1.24613e-05
3.726 1.11324e-05
3.786 9.94914e-06
3.846 8.89501e-06
3.906 7.95543e-06
3.966 7.11754e-06
4.026 6.36997e-06
4.086 5.70268e-06
4.146 5.10679e-06
4.206 4.57442e-06
4.266 4.09862e-06
4.326 3.67321e-06
4.386 3.29271e-06
4.446 2.95226e-06
4.506 2.64753e-06
4.566 2.3747e-06
4.626 2.13033e-06
4.686 1.91141e-06
4.746 1.71521e-06
4.806 1.53934e-06
4.866 1.38164e-06
4.926 1.2402e-06
4.986 1.11332e-06
5.046 9.99465e-07
5.106 8.97281e-07
5.166 8.05551e-07
5.226 7.2319e-07
5.286 6.49228e-07
5.346 5.82798e-07
5.406 5.23123e-07
5.466 4.6951e-07
5.526 4.21336e-07
5.586 3.78048e-07
5.646 3.39145e-07
5.706 3.04184e-07
5.766 2.72764e-07
5.826 2.44527e-07
5.886 2.19154e-07
5.946 1.96357e-07
6.006 1.75879e-07
6.066 1.57489e-07
6.126 1.40982e-07
6.186 1.26171e-07
6.246 1.12893e-07
6.306 1.00997e-07
6.366 9.03529e-08
6.426 8.08414e-08
6.486 7.2357e-08
6.546 6.48057e-08
6.606 5.81037e-08
6.666 5.21768e-08
6.726 4.69593e-08
6.786 4.23933e-08
6.846 3.8428e-08
6.906 3.50193e-08
6.966 3.2129e-08
7.026 2.97246e-08
7.086 2.77787e-08
7.146 2.62688e-08
7.206 2.51772e-08
7.266 2.44904e-08
7.326 1.05082e-17
7.386 1.06721e-17
7.446 1.08374e-17
7.506 1.10039e-17
7.566 1.11717e-17
7.626 1.13408e-17
7.686 1.15112e-17
7.746 1.16829e-17
7.806 1.18558e-17
7.866 1.20301e-17
7.926 1.22056e-17
7.986 1.23824e-17
8.046 1.25605e-17
8.106 1.27398e-17
8.166 1.29205e-17
8.226 1.31024e-17
8.286 1.32857e-17
8.346 1.34702e-17
8.406 1.3656e-17
8.466 1.38431e-17
8.526 1.40314e-17
8.586 1.42211e-17
8.646 1.4412e-17
8.706 1.46042e-17
8.766 1.47977e-17
8.826 1.49925e-17
8.886 1.51885e-17
8.946 1.53859e-17
9.006 1.55845e-17
9.066 1.57844e-17
9.126 1.59856e-17
9.186 1.61881e-17
9.246 1.63919e-17
9.306 1.65969e-17
9.366 1.68033e-17
9.426 1.70109e-17
9.486 1.72198e-17
9.546 1.743e-17
9.606 1.76414e-17
9.666 1.78542e-17
9.726 1.80682e-17
9.786 1.82835e-17
9.846 1.85001e-17
9.906 1.8718e-17
9.966 1.89372e-17
10.026 1.91576e-17
10.086 1.93793e-17
10.146 1.96024e-17
10.206 1.98267e-17
10.266 2.00522e-17
10.326 2.02791e-17
10.386 2.05072e-17
10.446 2.07367e-17
10.506 2.09674e-17
10.566 2.11994e-17
10.626 2.14327e-17
10.686 2.16672e-17
10.746 2.19031e-17
10.806 2.21402e-17
10.866 2.23786e-17
10.926 2.26183e-17
10.986 2.28593e-17
11.046 2.31015e-17
11.106 2.33451e-17
11.166 2.35899e-17
11.226 2.3836e-17
11.286 2.40834e-17
11.346 2.43321e-17
11.406 2.45821e-17
11.466 2.48333e-17
11.526 2.50858e-17
11.586 2.53396e-17
11.646 2.55947e-17
11.706 2.58511e-17
11.766 2.61088e-17
11.826 2.63677e-17
11.886 2.66279e-17
11.946 2.68894e-17
12.006 2.71522e-17
12.066 2.74163e-17
12.126 2.76816e-17
12.186 2.79483e-17
12.246 2.82162e-17
12.306 2.84854e-17
12.366 2.87559e-17
12.426 2.90276e-17
12.486 2.93007e-17
12.546 2.9575e-17
12.606 2.98506e-17
12.666 3.01275e-17
12.726 3.04057e-17
12.786 3.06852e-17
12.846 3.09659e-17
12.906 3.1248e-17
12.966 3.15313e-17
13.026 3.18159e-17
13.086 3.21018e-17
13.146 3.23889e-17
13.206 3.26774e-17
13.266 3.29671e-17
13.326 3.32581e-17
13.386 3.35504e-17
13.446 3.3844e-17
13.506 3.41388e-17
13.566 3.4435e-17
13.626 3.47324e-17
13.686 3.50311e-17
13.746 3.53311e-17
13.806 3.56323e-17
13.866 3.59349e-17
13.926 3.62387e-17
13.986 3.65439e-17
14.046 3.68503e-17
14.106 3.71579e-17
14.166 3.74669e-17
14.226 3.77772e-17
14.286 3.80887e-17
14.346 3.84015e-17
14.406 3.87156e-17
14.466 3.9031e-17
14.526 3.93476e-17
14.586 3.96656e-17
14.646 3.99848e-17
14.706 4.03053e-17
14.766 4.06271e-17
14.826 4.09502e-17
14.886 4.12746e-17
14.946 4.16002e-17
15.006 4.19271e-17
15.066 4.22553e-17
15.126 4.25848e-17
15.186 4.29156e-17
15.246 4.32477e-17
15.306 4.3581e-17
15.366 4.39156e-17
15.426 4.42515e-17
15.486 4.45887e-17
15.546 4.49272e-17
15.606 4.52669e-17
15.666 4.56079e-17
15.726 4.59503e-17
15.786 4.62939e-17
15.846 4.66387e-17
15.906 4.69849e-17
15.966 4.73323e-17
16.026 4.76811e-17
16.086 4.80311e-17
16.146 4.83824e-17
16.206 4.8735e-17
16.266 4.90888e-17
16.326 4.9444e-17
16.386 4.98004e-17
16.446 5.01581e-17
16.506 5.05171e-17
16.566 5.08773e-17
16.626 5.12389e-17
16.686 5.16017e-17
16.746 5.19659e-17
16.806 5.23313e-17
16.866 5.26979e-17
16.926 5.30659e-17
16.986 5.34352e-17
17.046 5.38057e-17
17.106 5.41775e-17
17.166 5.45506e-17
17.226 5.4925e-17
17.286 5.53006e-17
17.346 5.56776e-17
17.406 5.60558e-17
17.466 5.64353e-17
17.526 5.68161e-17
17.586 5.71982e-17
17.646 5.75816e-17
17.706 5.79662e-17
17.766 5.83521e-17
17.826 5.87393e-17
17.886 5.91278e-17
17.946 5.95176e-17
18.006 5.99086e-17
18.066 6.0301e-17
18.126 6.06946e-17
18.186 6.10895e-17
18.246 6.14857e-17
18.306 6.18831e-17
18.366 6.22819e-17
18.426 6.26819e-17
18.486 6.30832e-17
18.546 6.34858e-17
18.606 6.38897e-17
18.666 6.42949e-17
18.726 6.47013e-17
18.786 6.5109e-17
18.846 6.5518e-17
18.906 6.59283e-17
18.966 6.63399e-17
19.026 6.67528e-17
19.086 6.71669e-17
19.146 6.75823e-17
19.206 6.7999e-17
19.266 6.8417e-17
19.326 6.88363e-17
19.386 6.92568e-17
19.446 6.96787e-17
19.506 7.01018e-17
19.566 7.05262e-17
19.626 7.09518e-17
19.686 7.13788e-17
19.746 7.18071e-17
19.806 7.22366e-17
19.866 7.26674e-17
19.926 7.30995e-17
19.986 7.35329e-17
20.046 7.39675e-17
20.106 7.44035e-17
20.166 7.48407e-17
20.226 7.52792e-17
20.286 7.5719e-17
20.346 7.616e-17
20.406 7.66024e-17
20.466 7.7046e-17
20.526 7.7491e-17
20.586 7.79372e-17
20.646 7.83846e-17
20.706 7.88334e-17
20.766 7.92834e-17
20.826 7.97348e-17
20.886 8.01874e-17
20.946 8.06413e-17
21.006 8.10965e-17
21.066 8.15529e-17
21.126 8.20107e-17
21.186 8.24697e-17
21.246 8.293e-17
21.306 8.33916e-17
21.366 8.38545e-17
21.426 8.43186e-17
21.486 8.47841e-17
21.546 8.52508e-17
21.606 8.57188e-17
21.666 8.61881e-17
21.726 8.66586e-17
21.786 8.71305e-17
21.846 8.76036e-17
21.906 8.8078e-17
21.966 8.85537e-17
22.026 8.90307e-17
22.086 8.9509e-17
22.146 8.99885e-17
22.206 9.04693e-17
22.266 9.09514e-17
22.326 9.14348e-17
22.386 9.19195e-17
22.446 9.24055e-17
22.506 9.28927e-17
22.566 9.33812e-17
22.626 9.3871e-17
22.686 9.43621e-17
22.746 9.48545e-17
22.806 9.53481e-17
22.866 9.58431e-17
22.926 9.63393e-17
22.986 9.68368e-17
23.046 9.73356e-17
23.106 9.78356e-17
23.166 9.8337e-17
23.226 9.88396e-17
23.286 9.93435e-17
23.346 9.98487e-17
23.406 1.00355e-16
23.466 1.00863e-16
23.526 1.01372e-16
23.586 1.01882e-16
23.646 1.02394e-16
23.706 1.02907e-16
23.766 1.03421e-16
23.826 1.03936e-16
23.886 1.04453e-16
23.946 1.04971e-16
24.006 1.0549e-16
24.066 1.06011e-16
24.126 1.06533e-16
24.186 1.07056e-16
24.246 1.07581e-16
24.306 1.08106e-16
24.366 1.08633e-16
24.426 1.09162e-16
24.486 1.09691e-16
24.546 1.10222e-16
24.606 1.10754e-16
24.666 1.11287e-16
24.726 1.11822e-16
24.786 1.12358e-16
24.846 1.12895e-16
24.906 1.13434e-16
24.966 1.13974e-16
25.026 1.14515e-16
25.086 1.15057e-16
25.146 1.15601e-16
25.206 1.16146e-16
25.266 1.16692e-16
25.326 1.1724e-16
25.386 1.17788e-16
25.446 1.18338e-16
25.506 1.1889e-16
25.566 1.19442e-16
25.626 1.19996e-16
25.686 1.20552e-16
25.746 1.21108e-16
25.806 1.21666e-16
25.866 1.22225e-16
25.926 1.22785e-16
25.986 1.23347e-16
26.046 1.2391e-16
26.106 1.24474e-16
26.166 1.25039e-16
26.226 1.25606e-16
26.286 1.26174e-16
26.346 1.26744e-16
26.406 1.27314e-16
26.466 1.27886e-16
26.526 1.28459e-16
26.586 1.29034e-16
26.646 1.29609e-16
26.706 1.30186e-16
26.766 1.30765e-16
26.826 1.31344e-16
26.886 1.31925e-16
26.946 1.32507e-16
27.006 1.33091e-16
27.066 1.33675e-16
27.126 1.34261e-16
27.186 1.34849e-16
27.246 1.35437e-16
27.306 1.36027e-16
27.366 1.36618e-16
27.426 1.37211e-16
27.486 1.37804e-16
27.546 1.38399e-16
27.606 1.38995e-16
27.666 1.39593e-16
27.726 1.40192e-16
27.786 1.40792e-16
27.846 1.41393e-16
27.906 1.41996e-16
27.966 1.426e-16
28.026 1.43205e-16
28.086 1.43812e-16
28.146 1.44419e-16
28.206 1.45028e-16
28.266 1.45639e-16
28.326 1.4625e-16
28.386 1.46863e-16
28.446 1.47478e-16
28.506 1.48093e-16
28.566 1.4871e-16
28.626 1.49328e-16
28.686 1.49947e-16
28.746 1.50568e-16
28.806 1.5119e-16
28.866 1.51813e-16
28.926 1.52437e-16
28.986 1.53063e-16
29.046 1.5369e-16
29.106 1.54318e-16
29.166 1.54948e-16
29.226 1.55579e-16
29.286 1.56211e-16
29.346 1.56844e-16
29.406 1.57479e-16
29.466 1.58115e-16
29.526 1.58752e-16
29.586 1.59391e-16
29.646 1.60031e-16
29.706 1.60672e-16
29.766 1.61314e-16
29.826 1.61958e-16
29.886 1.62603e-16
29.946 1.63249e-16
30.006 1.63897e-16
30.066 1.64546e-16
30.126 1.65196e-16
30.186 1.65847e-16
30.246 1.665e-16
30.306 1.67154e-16
30.366 1.67809e-16
30.426 1.68466e-16
30.486 1.69123e-16
30.546 1.69783e-16
30.606 1.70443e-16
30.666 1.71105e-16
30.726 1.71767e-16
30.786 1.72432e-16
30.846 1.73097e-16
30.906 1.73764e-16
30.966 1.74432e-16
31.026 1.75101e-16
31.086 1.75772e-16
31.146 1.76444e-16
31.206 1.77117e-16
31.266 1.77792e-16
31.326 1.78467e-16
31.386 1.79144e-16
31.446 1.79823e-16
31.506 1.80502e-16
31.566 1.81183e-16
31.626 1.81865e-16
31.686 1.82549e-16
31.746 1.83234e-16
31.806 1.8392e-16
31.866 1.84607e-16
31.926 1.85295e-16
31.986 1.85985e-16
32.046 1.86676e-16
32.106 1.87369e-16
32.166 1.88063e-16
32.226 1.88758e-16
32.286 1.89454e-16
32.346 1.90151e-16
32.406 1.9085e-16
32.466 1.9155e-16
32.526 1.92252e-16
32.586 1.92955e-16
32.646 1.93658e-16
32.706 1.94364e-16
32.766 1.9507e-16
32.826 1.95778e-16
32.886 1.96487e-16
32.946 1.97198e-16
33.006 1.97909e-16
33.066 1.98622e-16
33.126 1.99336e-16
33.186 2.00052e-16
33.246 2.00769e-16
33.306 2.01487e-16
33.366 2.02206e-16
33.426 2.02927e-16
33.486 2.03649e-16
33.546 2.04372e-16
33.606 2.05096e-16
33.666 2.05822e-16
33.726 2.06549e-16
33.786 2.07278e-16
33.846 2.08007e-16
33.906 2.08738e-16
33.966 2.0947e-16
34.026 2.10204e-16
34.086 2.10939e-16
34.146 2.11675e-16
34.206 2.12412e-16
34.266 2.1315e-16
34.326 2.1389e-16
34.386 2.14632e-16
34.446 2.15374e-16
34.506 2.16118e-16
34.566 2.16863e-16
34.626 2.17609e-16
34.686 2.18357e-16
34.746 2.19105e-16
34.806 2.19856e-16
34.866 2.20607e-16
34.926 2.2136e-16
34.986 2.22114e-16
35.046 2.22869e-16
35.106 2.23625e-16
35.166 2.24383e-16
35.226 2.25142e-16
35.286 2.25903e-16
35.346 2.26665e-16
35.406 2.27427e-16
35.466 2.28192e-16
35.526 2.28957e-16
35.586 2.29724e-16
35.646 2.30492e-16
35.706 2.31262e-16
35.766 2.32032e-16
35.826 2.32804e-16
35.886 2.33577e-16
35.946 2.34352e-16
36.006 2.35128e-16
36.066 2.35905e-16
36.126 2.36683e-16
36.186 2.37463e-16
36.246 2.38244e-16
36.306 2.39026e-16
36.366 2.39809e-16
36.426 2.40594e-16
36.486 2.4138e-16
36.546 2.42167e-16
36.606 2.42956e-16
36.666 2.43746e-16
36.726 2.44537e-16
36.786 2.4533e-16
36.846 2.46123e-16
36.906 2.46918e-16
36.966 2.47715e-16
37.026 2.48512e-16
37.086 2.49311e-16
37.146 2.50111e-16
37.206 2.50913e-16
37.266 2.51715e-16
37.326 2.52519e-16
37.386 2.53325e-16
37.446 2.54131e-16
37.506 2.54939e-16
37.566 2.55748e-16
37.626 2.56559e-16
37.686 2.5737e-16
37.746 2.58183e-16
37.806 2.58998e-16
37.866 2.59813e-16
37.926 2.6063e-16
37.986 2.61448e-16
38.046 2.62267e-16
38.106 2.63088e-16
38.166 2.6391e-16
38.226 2.64733e-16
38.286 2.65558e-16
38.346 2.66384e-16
38.406 2.67211e-16
38.466 2.68039e-16
38.526 2.68869e-16
38.586 2.697e-16
38.646 2.70532e-16
38.706 2.71365e-16
38.766 2.722e-16
38.826 2.73036e-16
38.886 2.73874e-16
38.946 2.74712e-16
39.006 2.75552e-16
39.066 2.76393e-16
39.126 2.77236e-16
39.186 2.78079e-16
39.246 2.78925e-16
39.306 2.79771e-16
39.366 2.80618e-16
39.426 2.81467e-16
39.486 2.82317e-16
39.546 2.83169e-16
39.606 2.84022e-16
39.666 2.84876e-16
39.726 2.85731e-16
39.786 2.86588e-16
39.846 2.87445e-16
39.906 2.88305e-16
39.966 2.89165e-16
40.026 2.90027e-16
40.086 2.9089e-16
40.146 2.91754e-16
40.206 2.9262e-16
40.266 2.93486e-16
40.326 2.94354e-16
40.386 2.95224e-16
40.446 2.96095e-16
40.506 2.96967e-16
40.566 2.9784e-16
40.626 2.98714e-16
40.686 2.9959e-16
40.746 3.00467e-16
40.806 3.01346e-16
40.866 3.02225e-16
40.926 3.03106e-16
40.986 3.03988e-16
41.046 3.04872e-16
41.106 3.05757e-16
41.166 3.06643e-16
41.226 3.0753e-16
41.286 3.08419e-16
41.346 3.09309e-16
41.406 3.102e-16
41.466 3.11092e-16
41.526 3.11986e-16
41.586 3.12881e-16
41.646 3.13778e-16
41.706 3.14675e-16
41.766 3.15574e-16
41.826 3.16474e-16
41.886 3.17376e-16
41.946 3.18278e-16
42.006 3.19183e-16
42.066 3.20088e-16
42.126 3.20994e-16
42.186 3.21902e-16
42.246 3.22811e-16
42.306 3.23722e-16
42.366 3.24634e-16
42.426 3.25547e-16
42.486 3.26461e-16
42.546 3.27376e-16
42.606 3.28293e-16
42.666 3.29211e-16
42.726 3.30131e-16
42.786 3.31052e-16
42.846 3.31974e-16
42.906 3.32897e-16
42.966 3.33821e-16
43.026 3.34747e-16
43.086 3.35674e-16
43.146 3.36603e-16
43.206 3.37532e-16
43.266 3.38463e-16
43.326 3.39396e-16
43.386 3.40329e-16
43.446 3.41264e-16
43.506 3.422e-16
43.566 3.43137e-16
43.626 3.44076e-16
43.686 3.45016e-16
43.746 3.45957e-16
43.806 3.469e-16
43.866 3.47843e-16
43.926 3.48789e-16
43.986 3.49735e-16
44.046 3.50682e-16
44.106 3.51631e-16
44.166 3.52582e-16
44.226 3.53533e-16
44.286 3.54486e-16
44.346 3.5544e-16
44.406 3.56395e-16
44.466 3.57352e-16
44.526 3.5831e-16
44.586 3.59269e-16
44.646 3.60229e-16
44.706 3.61191e-16
44.766 3.62154e-16
44.826 3.63118e-16
44.886 3.64084e-16
44.946 3.65051e-16
45.006 3.66019e-16
45.066 3.66988e-16
45.126 3.67959e-16
45.186 3.68931e-16
45.246 3.69904e-16
45.306 3.70879e-16
45.366 3.71855e-16
45.426 3.72832e-16
45.486 3.7381e-16
45.546 3.7479e-16
45.606 3.75771e-16
45.666 3.76753e-16
45.726 3.77737e-16
45.786 3.78722e-16
45.846 3.79708e-16
45.906 3.80695e-16
45.966 3.81684e-16
46.026 3.82674e-16
46.086 3.83665e-16
46.146 3.84657e-16
46.206 3.85651e-16
46.266 3.86646e-16
46.326 3.87643e-16
46.386 3.8864e-16
46.446 3.89639e-16
46.506 3.90639e-16
46.566 3.91641e-16
46.626 3.92644e-16
46.686 3.93648e-16
46.746 3.94653e-16
46.806 3.9566e-16
46.866 3.96668e-16
46.926 3.97677e-16
46.986 3.98687e-16
47.046 3.99699e-16
47.106 4.00712e-16
47.166 4.01726e-16
47.226 4.02742e-16
47.286 4.03759e-16
47.346 4.04777e-16
47.406 4.05797e-16
47.466 4.06817e-16
47.526 4.07839e-16
47.586 4.08863e-16
47.646 4.09887e-16
47.706 4.10913e-16
47.766 4.1194e-16
47.826 4.12969e-16
47.886 4.13998e-16
47.946 4.15029e-16
48.006 4.16061e-16
48.066 4.17095e-16
48.126 4.1813e-16
48.186 4.19166e-16
48.246 4.20203e-16
48.306 4.21242e-16
48.366 4.22282e-16
48.426 4.23323e-16
48.486 4.24366e-16
48.546 4.2541e-16
48.606 4.26455e-16
48.666 4.27501e-16
48.726 4.28549e-16
48.786 4.29598e-16
48.846 4.30648e-16
48.906 4.31699e-16
48.966 4.32752e-16
49.026 4.33806e-16
49.086 4.34862e-16
49.146 4.35918e-16
49.206 4.36976e-16
49.266 4.38035e-16
49.326 4.39096e-16
49.386 4.40158e-16
49.446 4.41221e-16
49.506 4.42285e-16
49.566 4.43351e-16
49.626 4.44418e-16
49.686 4.45486e-16
49.746 4.46555e-16
49.806 4.47626e-16
49.866 4.48698e-16
49.926 4.49771e-16
49.986 4.50846e-16
50.046 4.51922e-16
50.106 4.52999e-16
50.166 4.54077e-16
50.226 4.55157e-16
50.286 4.56238e-16
50.346 4.5732e-16
50.406 4.58404e-16
50.466 4.59489e-16
50.526 4.60575e-16
50.586 4.61662e-16
50.646 4.62751e-16
50.706 4.63841e-16
50.766 4.64932e-16
50.826 4.66025e-16
50.886 4.67119e-16
50.946 4.68214e-16
51.006 4.6931e-16
51.066 4.70408e-16
51.126 4.71507e-16
51.186 4.72607e-16
51.246 4.73708e-16
51.306 4.74811e-16
51.366 4.75915e-16
51.426 4.77021e-16
51.486 4.78127e-16
51.546 4.79235e-16
51.606 4.80344e-16
51.666 4.81455e-16
51.726 4.82567e-16
51.786 4.8368e-16
51.846 4.84794e-16
51.906 4.8591e-16
51.966 4.87027e-16
52.026 4.88145e-16
52.086 4.89264e-16
52.146 4.90385e-16
52.206 4.91507e-16
52.266 4.9263e-16
52.326 4.93755e-16
52.386 4.94881e-16
52.446 4.96008e-16
52.506 4.97137e-16
52.566 4.98266e-16
52.626 4.99397e-16
52.686 5.0053e-16
52.746 5.01663e-16
52.806 5.02798e-16
52.866 5.03934e-16
52.926 5.05072e-16
52.986 5.0621e-16
53.046 5.0735e-16
53.106 5.08492e-16
53.166 5.09634e-16
53.226 5.10778e-16
53.286 5.11923e-16
53.346 5.13069e-16
53.406 5.14217e-16
53.466 5.15366e-16
53.526 5.16516e-16
53.586 5.17668e-16
53.646 5.18821e-16
53.706 5.19975e-16
53.766 5.2113e-16
53.826 5.22287e-16
53.886 5.23445e-16
53.946 5.24604e-16
54.006 5.25765e-16
54.066 5.26926e-16
54.126 5.28089e-16
54.186 5.29254e-16
54.246 5.30419e-16
54.306 5.31586e-16
54.366 5.32755e-16
54.426 5.33924e-16
54.486 5.35095e-16
54.546 5.36267e-16
54.606 5.3744e-16
54.666 5.38615e-16
54.726 5.39791e-16
54.786 5.40968e-16
54.846 5.42146e-16
54.906 5.43326e-16
54.966 5.44507e-16
55.026 5.45689e-16
55.086 5.46873e-16
55.146 5.48058e-16
55.206 5.49244e-16
55.266 5.50432e-16
55.326 5.5162e-16
55.386 5.5281e-16
55.446 5.54002e-16
55.506 5.55194e-16
55.566 5.56388e-16
55.626 5.57583e-16
55.686 5.58779e-16
55.746 5.59977e-16
55.806 5.61176e-16
55.866 5.62376e-16
55.926 5.63578e-16
55.986 5.64781e-16
56.046 5.65985e-16
56.106 5.6719e-16
56.166 5.68397e-16
56.226 5.69605e-16
56.286 5.70814e-16
56.346 5.72025e-16
56.406 5.73237e-16
56.466 5.7445e-16
56.526 5.75664e-16
56.586 5.7688e-16
56.646 5.78097e-16
56.706 5.79315e-16
56.766 5.80534e-16
56.826 5.81755e-16
56.886 5.82977e-16
56.946 5.842e-16
57.006 5.85425e-16
57.066 5.86651e-16
57.126 5.87878e-16
57.186 5.89107e-16
57.246 5.90336e-16
57.306 5.91568e-16
57.366 5.928e-16
57.426 5.94033e-16
57.486 5.95268e-16
57.546 5.96505e-16
57.606 5.97742e-16
57.666 5.98981e-16
57.726 6.00221e-16
57.786 6.01462e-16
57.846 6.02705e-16
57.906 6.03948e-16
57.966 6.05194e-16
58.026 6.0644e-16
58.086 6.07688e-16
58.146 6.08937e-16
58.206 6.10187e-16
58.266 6.11439e-16
58.326 6.12691e-16
58.386 6.13946e-16
58.446 6.15201e-16
58.506 6.16458e-16
58.566 6.17716e-16
58.626 6.18975e-16
58.686 6.20235e-16
58.746 6.21497e-16
58.806 6.2276e-16
58.866 6.24025e-16
58.926 6.2529e-16
58.986 6.26557e-16
59.046 6.27826e-16
59.106 6.29095e-16
59.166 6.30366e-16
59.226 6.31638e-16
59.286 6.32911e-16
59.346 6.34186e-16
59.406 6.35462e-16
59.466 6.36739e-16
59.526 6.38018e-16
59.586 6.39297e-16
59.646 6.40578e-16
59.706 6.41861e-16
59.766 6.43144e-16
59.826 6.44429e-16
59.886 6.45715e-16
59.946 6.47003e-16

