0.006 1.33785e-08
0.066 1.6156e-06
0.126 5.85654e-06
0.186 1.26502e-05
0.246 2.18578e-05
0.306 3.32901e-05
0.366 4.67102e-05
0.426 6.18385e-05
0.486 7.83588e-05
0.546 9.59274e-05
0.606 0.000114183
0.666 0.000132757
0.726 0.000151285
0.786 0.000169419
0.846 0.000186832
0.906 0.000203229
0.966 0.000218353
1.026 0.000231986
1.086 0.000243953
1.146 0.000254121
1.206 0.000262404
1.266 0.000268752
1.326 0.000273159
1.386 0.000275652
1.446 0.000276293
1.506 0.000275169
1.566 0.000272393
1.626 0.000268096
1.686 0.000262425
1.746 0.000255534
1.806 0.000247586
1.866 0.000238744
1.926 0.00022917
1.986 0.000219021
2.046 0.000208447
2.106 0.000197588
2.166 0.000186575
2.226 0.000175525
2.286 0.000164544
2.346 0.000153724
2.406 0.000143145
2.466 0.000132873
2.526 0.000122964
2.586 0.000113461
2.646 0.000104398
2.706 9.57988e-05
2.766 8.76778e-05
2.826 8.00431e-05
2.886 7.28957e-05
2.946 6.6231e-05
3.006 6.00398e-05
3.066 5.43088e-05
3.126 4.90217e-05
3.186 4.41597e-05
3.246 3.97024e-05
3.306 3.56278e-05
3.366 3.19135e-05
3.426 2.85367e-05
3.486 2.54743e-05
3.546 2.27039e-05
3.606 2.02034e-05
3.666 1.79516e-05
3.726 1.5928e-05
3.786 1.41132e-05
3.846 1.24888e-05
3.906 1.10376e-05
3.966 9.74332e-06
4.026 8.59106e-06
4.086 7.56687e-06
4.146 6.65793e-06
4.206 5.85246e-06
4.266 5.1397e-06
4.326 4.50982e-06
4.386 3.95389e-06
4.446 3.46383e-06
4.506 3.03232e-06
4.566 2.65279e-06
4.626 2.31931e-06
4.686 2.02658e-06
4.746 1.76985e-06
4.806 1.54489e-06
4.866 1.34792e-06
4.926 1.17559e-06
4.986 1.02493e-06
5.046 8.93279e-07
5.106 7.78322e-07
5.166 6.77992e-07
5.226 5.90472e-07
5.286 5.14161e-07
5.346 4.4765e-07
5.406 3.89702e-07
5.466 3.3923e-07
5.526 2.95283e-07
5.586 2.57026e-07
5.646 2.23729e-07
5.706 1.94755e-07
5.766 1.69545e-07
5.826 1.47613e-07
5.886 1.28533e-07
5.946 1.11936e-07
6.006 9.74989e-08
6.066 8.49398e-08
6.126 7.4014e-08
6.186 6.45085e-08
6.246 5.62377e-08
6.306 4.90424e-08
6.366 4.27877e-08
6.426 3.73483e-08
6.486 3.26152e-08
6.546 2.84947e-08
6.606 2.49055e-08
6.666 2.17775e-08
6.726 1.90502e-08
6.786 1.66711e-08
6.846 1.45947e-08
6.906 1.27817e-08
6.966 1.11981e-08
7.026 9.81418e-09
7.086 8.60429e-09
7.146 7.54611e-09
7.206 6.62026e-09
7.266 5.80988e-09
7.326 5.1003e-09
7.386 4.47876e-09
7.446 3.93414e-09
7.506 3.45676e-09
7.566 3.03817e-09
7.626 2.67102e-09
7.686 2.34888e-09
7.746 2.06614e-09
7.806 1.8179e-09
7.866 1.5999e-09
7.926 1.4084e-09
7.986 1.24011e-09
8.046 1.0922e-09
8.106 9.62151e-10
8.166 8.47781e-10
8.226 7.47174e-10
8.286 6.5865e-10
8.346 5.80739e-10
8.406 5.12151e-10
8.466 4.51756e-10
8.526 3.98564e-10
8.586 3.51705e-10
8.646 3.10415e-10
8.706 2.74024e-10
8.766 2.41944e-10
8.826 2.13659e-10
8.886 1.88715e-10
8.946 1.66712e-10
9.006 1.473e-10
9.066 1.3017e-10
9.126 1.15051e-10
9.186 1.01705e-10
9.246 8.99211e-11
9.306 7.95151e-11
9.366 7.03242e-11
9.426 6.22049e-11
9.486 5.50313e-11
9.546 4.86919e-11
9.606 4.3089e-11
9.666 3.81361e-11
9.726 3.37571e-11
9.786 2.9885e-11
9.846 2.64604e-11
9.906 2.34314e-11
9.966 2.07517e-11
10.026 1.83807e-11
10.086 1.62826e-11
10.146 1.44257e-11
10.206 1.2782e-11
10.266 1.13269e-11
10.326 1.00386e-11
10.386 8.89769e-12
10.446 7.8873e-12
10.506 6.99236e-12
10.566 6.19956e-12
10.626 5.49717e-12
10.686 4.87481e-12
10.746 4.32328e-12
10.806 3.83447e-12
10.866 3.4012e-12
10.926 3.01711e-12
10.986 2.67658e-12
11.046 2.37464e-12
11.106 2.10689e-12
11.166 1.86943e-12
11.226 1.65882e-12
11.286 1.47199e-12
11.346 1.30625e-12
11.406 1.15921e-12
11.466 1.02873e-12
11.526 9.12955e-13
11.586 8.10208e-13
11.646 7.19018e-13
11.706 6.3808e-13
11.766 5.66236e-13
11.826 5.0246e-13
11.886 4.45845e-13
11.946 3.95584e-13
12.006 3.50963e-13
12.066 3.1135e-13
12.126 2.76182e-13
12.186 2.44963e-13
12.246 2.17251e-13
12.306 1.92656e-13
12.366 1.70831e-13
12.426 1.51469e-13
12.486 1.34298e-13
12.546 1.19076e-13
12.606 1.05592e-13
12.666 9.36544e-14
12.726 8.30976e-14
12.786 7.37738e-14
12.846 6.55526e-14
12.906 5.83191e-14
12.966 5.19724e-14
13.026 4.64239e-14
13.086 4.15961e-14
13.146 3.74214e-14
13.206 3.38415e-14
13.266 3.08062e-14
13.326 2.82727e-14
13.386 2.62052e-14
13.446 2.45742e-14
13.506 2.33562e-14
13.566 2.25331e-14
13.626 2.20925e-14
13.686 3.47885e-18
13.746 3.50673e-18
13.806 3.53473e-18
13.866 3.56285e-18
13.926 3.59107e-18
13.986 3.61942e-18
14.046 3.64788e-18
14.106 3.67646e-18
14.166 3.70515e-18
14.226 3.73396e-18
14.286 3.76288e-18
14.346 3.79192e-18
14.406 3.82108e-18
14.466 3.85035e-18
14.526 3.87973e-18
14.586 3.90923e-18
14.646 3.93885e-18
14.706 3.96859e-18
14.766 3.99843e-18
14.826 4.0284e-18
14.886 4.05848e-18
14.946 4.08867e-18
15.006 4.11899e-18
15.066 4.14941e-18
15.126 4.17995e-18
15.186 4.21061e-18
15.246 4.24139e-18
15.306 4.27227e-18
15.366 4.30328e-18
15.426 4.3344e-18
15.486 4.36563e-18
15.546 4.39698e-18
15.606 4.42845e-18
15.666 4.46003e-18
15.726 4.49173e-18
15.786 4.52354e-18
15.846 4.55547e-18
15.906 4.58751e-18
15.966 4.61967e-18
16.026 4.65194e-18
16.086 4.68433e-18
16.146 4.71684e-18
16.206 4.74946e-18
16.266 4.78219e-18
16.326 4.81504e-18
16.386 4.84801e-18
16.446 4.88109e-18
16.506 4.91429e-18
16.566 4.9476e-18
16.626 4.98103e-18
16.686 5.01457e-18
16.746 5.04823e-18
16.806 5.082e-18
16.866 5.11589e-18
16.926 5.14989e-18
16.986 5.18401e-18
17.046 5.21825e-18
17.106 5.25259e-18
17.166 5.28706e-18
17.226 5.32164e-18
17.286 5.35633e-18
17.346 5.39114e-18
17.406 5.42607e-18
17.466 5.46111e-18
17.526 5.49627e-18
17.586 5.53154e-18
17.646 5.56692e-18
17.706 5.60243e-18
17.766 5.63804e-18
17.826 5.67377e-18
17.886 5.70962e-18
17.946 5.74558e-18
18.006 5.78166e-18
18.066 5.81785e-18
18.126 5.85416e-18
18.186 5.89058e-18
18.246 5.92712e-18
18.306 5.96377e-18
18.366 6.00054e-18
18.426 6.03743e-18
18.486 6.07442e-18
18.546 6.11154e-18
18.606 6.14877e-18
18.666 6.18611e-18
18.726 6.22357e-18
18.786 6.26114e-18
18.846 6.29883e-18
18.906 6.33664e-18
18.966 6.37455e-18
19.026 6.41259e-18
19.086 6.45074e-18
19.146 6.489e-18
19.206 6.52738e-18
19.266 6.56588e-18
19.326 6.60449e-18
19.386 6.64321e-18
19.446 6.68205e-18
19.506 6.72101e-18
19.566 6.76008e-18
19.626 6.79926e-18
19.686 6.83856e-18
19.746 6.87798e-18
19.806 6.91751e-18
19.866 6.95715e-18
19.926 6.99691e-18
19.986 7.03679e-18
20.046 7.07678e-18
20.106 7.11688e-18
20.166 7.1571e-18
20.226 7.19744e-18
20.286 7.23789e-18
20.346 7.27845e-18
20.406 7.31913e-18
20.466 7.35993e-18
20.526 7.40084e-18
20.586 7.44186e-18
20.646 7.483e-18
20.706 7.52426e-18
20.766 7.56563e-18
20.826 7.60711e-18
20.886 7.64871e-18
20.946 7.69043e-18
21.006 7.73226e-18
21.066 7.7742e-18
21.126 7.81626e-18
21.186 7.85844e-18
21.246 7.90073e-18
21.306 7.94313e-18
21.366 7.98565e-18
21.426 8.02829e-18
21.486 8.07104e-18
21.546 8.1139e-18
21.606 8.15688e-18
21.666 8.19998e-18
21.726 8.24319e-18
21.786 8.28651e-18
21.846 8.32995e-18
21.906 8.37351e-18
21.966 8.41718e-18
22.026 8.46096e-18
22.086 8.50486e-18
22.146 8.54888e-18
22.206 8.593e-18
22.266 8.63725e-18
22.326 8.68161e-18
22.386 8.72608e-18
22.446 8.77067e-18
22.506 8.81538e-18
22.566 8.86019e-18
22.626 8.90513e-18
22.686 8.95018e-18
22.746 8.99534e-18
22.806 9.04062e-18
22.866 9.08601e-18
22.926 9.13152e-18
22.986 9.17714e-18
23.046 9.22288e-18
23.106 9.26874e-18
23.166 9.3147e-18
23.226 9.36079e-18
23.286 9.40699e-18
23.346 9.4533e-18
23.406 9.49973e-18
23.466 9.54627e-18
23.526 9.59293e-18
23.586 9.6397e-18
23.646 9.68659e-18
23.706 9.73359e-18
23.766 9.7807e-18
23.826 9.82794e-18
23.886 9.87528e-18
23.946 9.92275e-18
24.006 9.97032e-18
24.066 1.0018e-17
24.126 1.00658e-17
24.186 1.01137e-17
24.246 1.01618e-17
24.306 1.02099e-17
24.366 1.02582e-17
24.426 1.03066e-17
24.486 1.03551e-17
24.546 1.04037e-17
24.606 1.04524e-17
24.666 1.05012e-17
24.726 1.05502e-17
24.786 1.05993e-17
24.846 1.06485e-17
24.906 1.06978e-17
24.966 1.07472e-17
25.026 1.07967e-17
25.086 1.08463e-17
25.146 1.08961e-17
25.206 1.0946e-17
25.266 1.0996e-17
25.326 1.10461e-17
25.386 1.10963e-17
25.446 1.11466e-17
25.506 1.11971e-17
25.566 1.12476e-17
25.626 1.12983e-17
25.686 1.13491e-17
25.746 1.14e-17
25.806 1.1451e-17
25.866 1.15022e-17
25.926 1.15534e-17
25.986 1.16048e-17
26.046 1.16563e-17
26.106 1.17079e-17
26.166 1.17596e-17
26.226 1.18114e-17
26.286 1.18634e-17
26.346 1.19154e-17
26.406 1.19676e-17
26.466 1.20199e-17
26.526 1.20723e-17
26.586 1.21248e-17
26.646 1.21774e-17
26.706 1.22302e-17
26.766 1.2283e-17
26.826 1.2336e-17
26.886 1.23891e-17
26.946 1.24423e-17
27.006 1.24956e-17
27.066 1.25491e-17
27.126 1.26026e-17
27.186 1.26563e-17
27.246 1.271e-17
27.306 1.27639e-17
27.366 1.28179e-17
27.426 1.28721e-17
27.486 1.29263e-17
27.546 1.29807e-17
27.606 1.30351e-17
27.666 1.30897e-17
27.726 1.31444e-17
27.786 1.31992e-17
27.846 1.32542e-17
27.906 1.33092e-17
27.966 1.33644e-17
28.026 1.34196e-17
28.086 1.3475e-17
28.146 1.35305e-17
28.206 1.35861e-17
28.266 1.36419e-17
28.326 1.36977e-17
28.386 1.37537e-17
28.446 1.38097e-17
28.506 1.38659e-17
28.566 1.39222e-17
28.626 1.39787e-17
28.686 1.40352e-17
28.746 1.40918e-17
28.806 1.41486e-17
28.866 1.42055e-17
28.926 1.42625e-17
28.986 1.43196e-17
29.046 1.43768e-17
29.106 1.44342e-17
29.166 1.44916e-17
29.226 1.45492e-17
29.286 1.46069e-17
29.346 1.46647e-17
29.406 1.47226e-17
29.466 1.47806e-17
29.526 1.48387e-17
29.586 1.4897e-17
29.646 1.49554e-17
29.706 1.50139e-17
29.766 1.50725e-17
29.826 1.51312e-17
29.886 1.519e-17
29.946 1.5249e-17
30.006 1.5308e-17
30.066 1.53672e-17
30.126 1.54265e-17
30.186 1.54859e-17
30.246 1.55454e-17
30.306 1.5605e-17
30.366 1.56648e-17
30.426 1.57247e-17
30.486 1.57846e-17
30.546 1.58447e-17
30.606 1.59049e-17
30.666 1.59653e-17
30.726 1.60257e-17
30.786 1.60863e-17
30.846 1.61469e-17
30.906 1.62077e-17
30.966 1.62686e-17
31.026 1.63296e-17
31.086 1.63908e-17
31.146 1.6452e-17
31.206 1.65134e-17
31.266 1.65748e-17
31.326 1.66364e-17
31.386 1.66981e-17
31.446 1.67599e-17
31.506 1.68219e-17
31.566 1.68839e-17
31.626 1.69461e-17
31.686 1.70083e-17
31.746 1.70707e-17
31.806 1.71332e-17
31.866 1.71959e-17
31.926 1.72586e-17
31.986 1.73214e-17
32.046 1.73844e-17
32.106 1.74475e-17
32.166 1.75107e-17
32.226 1.7574e-17
32.286 1.76374e-17
32.346 1.77009e-17
32.406 1.77646e-17
32.466 1.78284e-17
32.526 1.78923e-17
32.586 1.79562e-17
32.646 1.80204e-17
32.706 1.80846e-17
32.766 1.81489e-17
32.826 1.82134e-17
32.886 1.8278e-17
32.946 1.83426e-17
33.006 1.84074e-17
33.066 1.84724e-17
33.126 1.85374e-17
33.186 1.86025e-17
33.246 1.86678e-17
33.306 1.87332e-17
33.366 1.87987e-17
33.426 1.88643e-17
33.486 1.893e-17
33.546 1.89958e-17
33.606 1.90618e-17
33.666 1.91278e-17
33.726 1.9194e-17
33.786 1.92603e-17
33.846 1.93267e-17
33.906 1.93932e-17
33.966 1.94599e-17
34.026 1.95266e-17
34.086 1.95935e-17
34.146 1.96605e-17
34.206 1.97276e-17
34.266 1.97948e-17
34.326 1.98621e-17
34.386 1.99296e-17
34.446 1.99971e-17
34.506 2.00648e-17
34.566 2.01326e-17
34.626 2.02005e-17
34.686 2.02685e-17
34.746 2.03366e-17
34.806 2.04049e-17
34.866 2.04732e-17
34.926 2.05417e-17
34.986 2.06103e-17
35.046 2.0679e-17
35.106 2.07478e-17
35.166 2.08167e-17
35.226 2.08858e-17
35.286 2.09549e-17
35.346 2.10242e-17
35.406 2.10936e-17
35.466 2.11631e-17
35.526 2.12327e-17
35.586 2.13025e-17
35.646 2.13723e-17
35.706 2.14423e-17
35.766 2.15124e-17
35.826 2.15826e-17
35.886 2.16529e-17
35.946 2.17233e-17
36.006 2.17938e-17
36.066 2.18645e-17
36.126 2.19353e-17
36.186 2.20062e-17
36.246 2.20772e-17
36.306 2.21483e-17
36.366 2.22195e-17
36.426 2.22908e-17
36.486 2.23623e-17
36.546 2.24339e-17
36.606 2.25056e-17
36.666 2.25774e-17
36.726 2.26493e-17
36.786 2.27213e-17
36.846 2.27935e-17
36.906 2.28657e-17
36.966 2.29381e-17
37.026 2.30106e-17
37.086 2.30832e-17
37.146 2.31559e-17
37.206 2.32288e-17
37.266 2.33017e-17
37.326 2.33748e-17
37.386 2.34479e-17
37.446 2.35212e-17
37.506 2.35947e-17
37.566 2.36682e-17
37.626 2.37418e-17
37.686 2.38156e-17
37.746 2.38894e-17
37.806 2.39634e-17
37.866 2.40375e-17
37.926 2.41117e-17
37.986 2.41861e-17
38.046 2.42605e-17
38.106 2.43351e-17
38.166 2.44097e-17
38.226 2.44845e-17
38.286 2.45594e-17
38.346 2.46344e-17
38.406 2.47096e-17
38.466 2.47848e-17
38.526 2.48602e-17
38.586 2.49357e-17
38.646 2.50112e-17
38.706 2.50869e-17
38.766 2.51628e-17
38.826 2.52387e-17
38.886 2.53147e-17
38.946 2.53909e-17
39.006 2.54672e-17
39.066 2.55436e-17
39.126 2.56201e-17
39.186 2.56967e-17
39.246 2.57735e-17
39.306 2.58503e-17
39.366 2.59273e-17
39.426 2.60044e-17
39.486 2.60816e-17
39.546 2.61589e-17
39.606 2.62363e-17
39.666 2.63138e-17
39.726 2.63915e-17
39.786 2.64693e-17
39.846 2.65471e-17
39.906 2.66251e-17
39.966 2.67033e-17
40.026 2.67815e-17
40.086 2.68598e-17
40.146 2.69383e-17
40.206 2.70169e-17
40.266 2.70956e-17
40.326 2.71744e-17
40.386 2.72533e-17
40.446 2.73323e-17
40.506 2.74115e-17
40.566 2.74907e-17
40.626 2.75701e-17
40.686 2.76496e-17
40.746 2.77292e-17
40.806 2.78089e-17
40.866 2.78888e-17
40.926 2.79687e-17
40.986 2.80488e-17
41.046 2.8129e-17
41.106 2.82093e-17
41.166 2.82897e-17
41.226 2.83702e-17
41.286 2.84508e-17
41.346 2.85316e-17
41.406 2.86125e-17
41.466 2.86934e-17
41.526 2.87745e-17
41.586 2.88557e-17
41.646 2.89371e-17
41.706 2.90185e-17
41.766 2.91001e-17
41.826 2.91817e-17
41.886 2.92635e-17
41.946 2.93454e-17
42.006 2.94275e-17
42.066 2.95096e-17
42.126 2.95918e-17
42.186 2.96742e-17
42.246 2.97567e-17
42.306 2.98393e-17
42.366 2.9922e-17
42.426 3.00048e-17
42.486 3.00877e-17
42.546 3.01708e-17
42.606 3.02539e-17
42.666 3.03372e-17
42.726 3.04206e-17
42.786 3.05041e-17
42.846 3.05877e-17
42.906 3.06715e-17
42.966 3.07553e-17
43.026 3.08393e-17
43.086 3.09234e-17
43.146 3.10076e-17
43.206 3.10919e-17
43.266 3.11763e-17
43.326 3.12609e-17
43.386 3.13455e-17
43.446 3.14303e-17
43.506 3.15152e-17
43.566 3.16002e-17
43.626 3.16853e-17
43.686 3.17705e-17
43.746 3.18559e-17
43.806 3.19413e-17
43.866 3.20269e-17
43.926 3.21126e-17
43.986 3.21984e-17
44.046 3.22843e-17
44.106 3.23703e-17
44.166 3.24565e-17
44.226 3.25428e-17
44.286 3.26291e-17
44.346 3.27156e-17
44.406 3.28022e-17
44.466 3.2889e-17
44.526 3.29758e-17
44.586 3.30627e-17
44.646 3.31498e-17
44.706 3.3237e-17
44.766 3.33243e-17
44.826 3.34117e-17
44.886 3.34992e-17
44.946 3.35869e-17
45.006 3.36746e-17
45.066 3.37625e-17
45.126 3.38505e-17
45.186 3.39386e-17
45.246 3.40268e-17
45.306 3.41151e-17
45.366 3.42036e-17
45.426 3.42921e-17
45.486 3.43808e-17
45.546 3.44696e-17
45.606 3.45585e-17
45.666 3.46475e-17
45.726 3.47366e-17
45.786 3.48259e-17
45.846 3.49152e-17
45.906 3.50047e-17
45.966 3.50943e-17
46.026 3.5184e-17
46.086 3.52738e-17
46.146 3.53638e-17
46.206 3.54538e-17
46.266 3.5544e-17
46.326 3.56343e-17
46.386 3.57247e-17
46.446 3.58152e-17
46.506 3.59058e-17
46.566 3.59965e-17
46.626 3.60874e-17
46.686 3.61784e-17
46.746 3.62694e-17
46.806 3.63606e-17
46.866 3.64519e-17
46.926 3.65434e-17
46.986 3.66349e-17
47.046 3.67266e-17
47.106 3.68183e-17
47.166 3.69102e-17
47.226 3.70022e-17
47.286 3.70943e-17
47.346 3.71866e-17
47.406 3.72789e-17
47.466 3.73714e-17
47.526 3.7464e-17
47.586 3.75566e-17
47.646 3.76494e-17
47.706 3.77424e-17
47.766 3.78354e-17
47.826 3.79285e-17
47.886 3.80218e-17
47.946 3.81152e-17
48.006 3.82087e-17
48.066 3.83023e-17
48.126 3.8396e-17
48.186 3.84898e-17
48.246 3.85838e-17
48.306 3.86779e-17
48.366 3.8772e-17
48.426 3.88663e-17
48.486 3.89608e-17
48.546 3.90553e-17
48.606 3.91499e-17
48.666 3.92447e-17
48.726 3.93395e-17
48.786 3.94345e-17
48.846 3.95296e-17
48.906 3.96248e-17
48.966 3.97202e-17
49.026 3.98156e-17
49.086 3.99112e-17
49.146 4.00068e-17
49.206 4.01026e-17
49.266 4.01985e-17
49.326 4.02945e-17
49.386 4.03907e-17
49.446 4.04869e-17
49.506 4.05833e-17
49.566 4.06798e-17
49.626 4.07764e-17
49.686 4.08731e-17
49.746 4.09699e-17
49.806 4.10668e-17
49.866 4.11639e-17
49.926 4.1261e-17
49.986 4.13583e-17
50.046 4.14557e-17
50.106 4.15532e-17
50.166 4.16508e-17
50.226 4.17486e-17
50.286 4.18464e-17
50.346 4.19444e-17
50.406 4.20425e-17
50.466 4.21407e-17
50.526 4.2239e-17
50.586 4.23374e-17
50.646 4.2436e-17
50.706 4.25346e-17
50.766 4.26334e-17
50.826 4.27323e-17
50.886 4.28313e-17
50.946 4.29304e-17
51.006 4.30296e-17
51.066 4.3129e-17
51.126 4.32284e-17
51.186 4.3328e-17
51.246 4.34277e-17
51.306 4.35275e-17
51.366 4.36274e-17
51.426 4.37274e-17
51.486 4.38276e-17
51.546 4.39279e-17
51.606 4.40282e-17
51.666 4.41287e-17
51.726 4.42293e-17
51.786 4.43301e-17
51.846 4.44309e-17
51.906 4.45318e-17
51.966 4.46329e-17
52.026 4.47341e-17
52.086 4.48354e-17
52.146 4.49368e-17
52.206 4.50383e-17
52.266 4.514e-17
52.326 4.52417e-17
52.386 4.53436e-17
52.446 4.54456e-17
52.506 4.55477e-17
52.566 4.56499e-17
52.626 4.57522e-17
52.686 4.58547e-17
52.746 4.59572e-17
52.806 4.60599e-17
52.866 4.61627e-17
52.926 4.62656e-17
52.986 4.63686e-17
53.046 4.64717e-17
53.106 4.6575e-17
53.166 4.66783e-17
53.226 4.67818e-17
53.286 4.68854e-17
53.346 4.69891e-17
53.406 4.70929e-17
53.466 4.71969e-17
53.526 4.73009e-17
53.586 4.74051e-17
53.646 4.75093e-17
53.706 4.76137e-17
53.766 4.77182e-17
53.826 4.78229e-17
53.886 4.79276e-17
53.946 4.80325e-17
54.006 4.81374e-17
54.066 4.82425e-17
54.126 4.83477e-17
54.186 4.8453e-17
54.246 4.85584e-17
54.306 4.8664e-17
54.366 4.87696e-17
54.426 4.88754e-17
54.486 4.89813e-17
54.546 4.90873e-17
54.606 4.91934e-17
54.666 4.92996e-17
54.726 4.9406e-17
54.786 4.95125e-17
54.846 4.9619e-17
54.906 4.97257e-17
54.966 4.98325e-17
55.026 4.99394e-17
55.086 5.00465e-17
55.146 5.01536e-17
55.206 5.02609e-17
55.266 5.03683e-17
55.326 5.04757e-17
55.386 5.05834e-17
55.446 5.06911e-17
55.506 5.07989e-17
55.566 5.09069e-17
55.626 5.10149e-17
55.686 5.11231e-17
55.746 5.12314e-17
55.806 5.13398e-17
55.866 5.14483e-17
55.926 5.1557e-17
55.986 5.16657e-17
56.046 5.17746e-17
56.106 5.18836e-17
56.166 5.19927e-17
56.226 5.21019e-17
56.286 5.22112e-17
56.346 5.23207e-17
56.406 5.24302e-17
56.466 5.25399e-17
56.526 5.26497e-17
56.586 5.27596e-17
56.646 5.28696e-17
56.706 5.29797e-17
56.766 5.309e-17
56.826 5.32003e-17
56.886 5.33108e-17
56.946 5.34214e-17
57.006 5.35321e-17
57.066 5.36429e-17
57.126 5.37539e-17
57.186 5.38649e-17
57.246 5.39761e-17
57.306 5.40874e-17
57.366 5.41988e-17
57.426 5.43103e-17
57.486 5.44219e-17
57.546 5.45336e-17
57.606 5.46455e-17
57.666 5.47574e-17
57.726 5.48695e-17
57.786 5.49817e-17
57.846 5.5094e-17
57.906 5.52065e-17
57.966 5.5319e-17
58.026 5.54317e-17
58.086 5.55444e-17
58.146 5.56573e-17
58.206 5.57703e-17
58.266 5.58834e-17
58.326 5.59967e-17
58.386 5.611e-17
58.446 5.62235e-17
58.506 5.6337e-17
58.566 5.64507e-17
58.626 5.65645e-17
58.686 5.66784e-17
58.746 5.67925e-17
58.806 5.69066e-17
58.866 5.70209e-17
58.926 5.71353e-17
58.986 5.72497e-17
59.046 5.73644e-17
59.106 5.74791e-17
59.166 5.75939e-17
59.226 5.77089e-17
59.286 5.78239e-17
59.346 5.79391e-17
59.406 5.80544e-17
59.466 5.81698e-17
59.526 5.82853e-17
59.586 5.8401e-17
59.646 5.85167e-17
59.706 5.86326e-17
59.766 5.87486e-17
59.826 5.88647e-17
59.886 5.89809e-17
59.946 5.90972e-17

