0.006 5.55277e-09
0.066 6.71354e-07
0.126 2.44158e-06
0.186 5.30197e-06
0.246 9.2295e-06
0.306 1.41926e-05
0.366 2.01516e-05
0.426 2.70589e-05
0.486 3.48595e-05
0.546 4.34917e-05
0.606 5.28876e-05
0.666 6.29739e-05
0.726 7.36724e-05
0.786 8.49009e-05
0.846 9.65742e-05
0.906 0.000108605
0.966 0.000120904
1.026 0.000133382
1.086 0.000145949
1.146 0.000158518
1.206 0.000171003
1.266 0.000183319
1.326 0.000195388
1.386 0.000207133
1.446 0.000218483
1.506 0.000229372
1.566 0.00023974
1.626 0.000249532
1.686 0.0002587
1.746 0.000267203
1.806 0.000275005
1.866 0.000282077
1.926 0.000288398
1.986 0.000293952
2.046 0.000298729
2.106 0.000302727
2.166 0.000305947
2.226 0.000308398
2.286 0.000310091
2.346 0.000311045
2.406 0.00031128
2.466 0.000310822
2.526 0.0003097
2.586 0.000307943
2.646 0.000305587
2.706 0.000302666
2.766 0.000299217
2.826 0.000295278
2.886 0.000290887
2.946 0.000286084
3.006 0.000280908
3.066 0.000275396
3.126 0.000269586
3.186 0.000263517
3.246 0.000257223
3.306 0.000250739
3.366 0.000244099
3.426 0.000237334
3.486 0.000230475
3.546 0.00022355
3.606 0.000216585
3.666 0.000209605
3.726 0.000202634
3.786 0.000195693
3.846 0.000188801
3.906 0.000181975
3.966 0.000175233
4.026 0.000168588
4.086 0.000162054
4.146 0.000155641
4.206 0.000149359
4.266 0.000143218
4.326 0.000137224
4.386 0.000131383
4.446 0.000125701
4.506 0.000120181
4.566 0.000114826
4.626 0.000109638
4.686 0.000104618
4.746 9.9767e-05
4.806 9.50847e-05
4.866 9.05701e-05
4.926 8.62218e-05
4.986 8.20381e-05
5.046 7.80167e-05
5.106 7.41548e-05
5.166 7.04496e-05
5.226 6.68976e-05
5.286 6.34955e-05
5.346 6.02395e-05
5.406 5.71258e-05
5.466 5.41503e-05
5.526 5.13089e-05
5.586 4.85975e-05
5.646 4.60118e-05
5.706 4.35476e-05
5.766 4.12007e-05
5.826 3.89667e-05
5.886 3.68414e-05
5.946 3.48208e-05
6.006 3.29006e-05
6.066 3.10768e-05
6.126 2.93455e-05
6.186 2.77027e-05
6.246 2.61447e-05
6.306 2.46678e-05
6.366 2.32682e-05
6.426 2.19427e-05
6.486 2.06876e-05
6.546 1.94999e-05
6.606 1.83762e-05
6.666 1.73135e-05
6.726 1.63089e-05
6.786 1.53595e-05
6.846 1.44626e-05
6.906 1.36155e-05
6.966 1.28157e-05
7.026 1.20609e-05
7.086 1.13487e-05
7.146 1.06768e-05
7.206 1.00432e-05
7.266 9.44579e-06
7.326 8.88277e-06
7.386 8.3525e-06
7.446 7.85318e-06
7.506 7.38306e-06
7.566 6.9405e-06
7.626 6.52392e-06
7.686 6.13185e-06
7.746 5.76288e-06
7.806 5.4157e-06
7.866 5.08904e-06
7.926 4.78174e-06
7.986 4.49267e-06
8.046 4.22077e-06
8.106 3.96506e-06
8.166 3.72458e-06
8.226 3.49846e-06
8.286 3.28585e-06
8.346 3.08597e-06
8.406 2.89806e-06
8.466 2.72144e-06
8.526 2.55542e-06
8.586 2.39939e-06
8.646 2.25276e-06
8.706 2.11496e-06
8.766 1.98549e-06
8.826 1.86384e-06
8.886 1.74955e-06
8.946 1.64219e-06
9.006 1.54133e-06
9.066 1.44659e-06
9.126 1.35761e-06
9.186 1.27404e-06
9.246 1.19556e-06
9.306 1.12185e-06
9.366 1.05265e-06
9.426 9.87663e-07
9.486 9.2665e-07
9.546 8.69367e-07
9.606 8.1559e-07
9.666 7.65106e-07
9.726 7.17717e-07
9.786 6.73235e-07
9.846 6.31484e-07
9.906 5.92298e-07
9.966 5.55521e-07
10.026 5.21008e-07
10.086 4.8862e-07
10.146 4.58228e-07
10.206 4.2971e-07
10.266 4.02952e-07
10.326 3.77846e-07
10.386 3.54292e-07
10.446 3.32194e-07
10.506 3.11463e-07
10.566 2.92016e-07
10.626 2.73774e-07
10.686 2.56663e-07
10.746 2.40613e-07
10.806 2.25559e-07
10.866 2.1144e-07
10.926 1.98199e-07
10.986 1.85781e-07
11.046 1.74135e-07
11.106 1.63214e-07
11.166 1.52974e-07
11.226 1.43372e-07
11.286 1.34368e-07
11.346 1.25926e-07
11.406 1.18011e-07
11.466 1.1059e-07
11.526 1.03632e-07
11.586 9.71099e-08
11.646 9.09954e-08
11.706 8.52634e-08
11.766 7.98903e-08
11.826 7.48537e-08
11.886 7.01326e-08
11.946 6.57075e-08
12.006 6.15599e-08
12.066 5.76725e-08
12.126 5.40291e-08
12.186 5.06145e-08
12.246 4.74145e-08
12.306 4.44155e-08
12.366 4.16051e-08
12.426 3.89715e-08
12.486 3.65036e-08
12.546 3.41911e-08
12.606 3.20242e-08
12.666 2.99939e-08
12.726 2.80915e-08
12.786 2.63091e-08
12.846 2.4639e-08
12.906 2.30744e-08
12.966 2.16085e-08
13.026 2.02352e-08
13.086 1.89487e-08
13.146 1.77434e-08
13.206 1.66144e-08
13.266 1.55567e-08
13.326 1.45659e-08
13.386 1.36379e-08
13.446 1.27685e-08
13.506 1.19543e-08
13.566 1.11916e-08
13.626 1.04772e-08
13.686 9.80815e-09
13.746 9.18149e-09
13.806 8.59458e-09
13.866 8.04491e-09
13.926 7.53013e-09
13.986 7.04802e-09
14.046 6.59654e-09
14.106 6.17373e-09
14.166 5.7778e-09
14.226 5.40703e-09
14.286 5.05983e-09
14.346 4.73472e-09
14.406 4.43029e-09
14.466 4.14524e-09
14.526 3.87833e-09
14.586 3.62842e-09
14.646 3.39443e-09
14.706 3.17535e-09
14.766 2.97023e-09
14.826 2.77818e-09
14.886 2.59838e-09
14.946 2.43006e-09
15.006 2.27247e-09
15.066 2.12494e-09
15.126 1.98683e-09
15.186 1.85754e-09
15.246 1.73651e-09
15.306 1.62321e-09
15.366 1.51716e-09
15.426 1.41789e-09
15.486 1.32496e-09
15.546 1.23798e-09
15.606 1.15657e-09
15.666 1.08037e-09
15.726 1.00906e-09
15.786 9.42307e-10
15.846 8.79837e-10
15.906 8.21372e-10
15.966 7.66657e-10
16.026 7.15453e-10
16.086 6.67537e-10
16.146 6.227e-10
16.206 5.80743e-10
16.266 5.41485e-10
16.326 5.04753e-10
16.386 4.70387e-10
16.446 4.38234e-10
16.506 4.08155e-10
16.566 3.80017e-10
16.626 3.53698e-10
16.686 3.2908e-10
16.746 3.06056e-10
16.806 2.84524e-10
16.866 2.64391e-10
16.926 2.45567e-10
16.986 2.27969e-10
17.046 2.11519e-10
17.106 1.96146e-10
17.166 1.81781e-10
17.226 1.6836e-10
17.286 1.55826e-10
17.346 1.44121e-10
17.406 1.33194e-10
17.466 1.22998e-10
17.526 1.13486e-10
17.586 1.04617e-10
17.646 9.63515e-11
17.706 8.86523e-11
17.766 8.14855e-11
17.826 7.48193e-11
17.886 6.86239e-11
17.946 6.28719e-11
18.006 5.75375e-11
18.066 5.25969e-11
18.126 4.80283e-11
18.186 4.3811e-11
18.246 3.99262e-11
18.306 3.63566e-11
18.366 3.3086e-11
18.426 3.00999e-11
18.486 2.73848e-11
18.546 2.49284e-11
18.606 2.27197e-11
18.666 2.07486e-11
18.726 1.90061e-11
18.786 1.74844e-11
18.846 1.61765e-11
18.906 1.50763e-11
18.966 1.41788e-11
19.026 1.34796e-11
19.086 1.29756e-11
19.146 1.26642e-11
19.206 4.56685e-18
19.266 4.59432e-18
19.326 4.62187e-18
19.386 4.64951e-18
19.446 4.67723e-18
19.506 4.70503e-18
19.566 4.73292e-18
19.626 4.76089e-18
19.686 4.78894e-18
19.746 4.81707e-18
19.806 4.84529e-18
19.866 4.87359e-18
19.926 4.90198e-18
19.986 4.93044e-18
20.046 4.95899e-18
20.106 4.98762e-18
20.166 5.01634e-18
20.226 5.04514e-18
20.286 5.07402e-18
20.346 5.10298e-18
20.406 5.13203e-18
20.466 5.16115e-18
20.526 5.19037e-18
20.586 5.21966e-18
20.646 5.24904e-18
20.706 5.2785e-18
20.766 5.30804e-18
20.826 5.33767e-18
20.886 5.36738e-18
20.946 5.39717e-18
21.006 5.42705e-18
21.066 5.457e-18
21.126 5.48704e-18
21.186 5.51717e-18
21.246 5.54737e-18
21.306 5.57766e-18
21.366 5.60803e-18
21.426 5.63849e-18
21.486 5.66903e-18
21.546 5.69965e-18
21.606 5.73035e-18
21.666 5.76114e-18
21.726 5.79201e-18
21.786 5.82296e-18
21.846 5.85399e-18
21.906 5.88511e-18
21.966 5.91631e-18
22.026 5.9476e-18
22.086 5.97896e-18
22.146 6.01041e-18
22.206 6.04194e-18
22.266 6.07356e-18
22.326 6.10526e-18
22.386 6.13704e-18
22.446 6.1689e-18
22.506 6.20085e-18
22.566 6.23288e-18
22.626 6.26499e-18
22.686 6.29718e-18
22.746 6.32946e-18
22.806 6.36182e-18
22.866 6.39427e-18
22.926 6.42679e-18
22.986 6.4594e-18
23.046 6.49209e-18
23.106 6.52487e-18
23.166 6.55773e-18
23.226 6.59067e-18
23.286 6.62369e-18
23.346 6.6568e-18
23.406 6.68999e-18
23.466 6.72326e-18
23.526 6.75661e-18
23.586 6.79005e-18
23.646 6.82357e-18
23.706 6.85718e-18
23.766 6.89086e-18
23.826 6.92463e-18
23.886 6.95848e-18
23.946 6.99242e-18
24.006 7.02644e-18
24.066 7.06054e-18
24.126 7.09472e-18
24.186 7.12899e-18
24.246 7.16334e-18
24.306 7.19777e-18
24.366 7.23228e-18
24.426 7.26688e-18
24.486 7.30156e-18
24.546 7.33632e-18
24.606 7.37117e-18
24.666 7.4061e-18
24.726 7.44111e-18
24.786 7.47621e-18
24.846 7.51138e-18
24.906 7.54664e-18
24.966 7.58199e-18
25.026 7.61741e-18
25.086 7.65292e-18
25.146 7.68852e-18
25.206 7.72419e-18
25.266 7.75995e-18
25.326 7.79579e-18
25.386 7.83171e-18
25.446 7.86772e-18
25.506 7.90381e-18
25.566 7.93998e-18
25.626 7.97623e-18
25.686 8.01257e-18
25.746 8.04899e-18
25.806 8.08549e-18
25.866 8.12208e-18
25.926 8.15875e-18
25.986 8.1955e-18
26.046 8.23234e-18
26.106 8.26925e-18
26.166 8.30625e-18
26.226 8.34334e-18
26.286 8.3805e-18
26.346 8.41775e-18
26.406 8.45508e-18
26.466 8.4925e-18
26.526 8.52999e-18
26.586 8.56757e-18
26.646 8.60524e-18
26.706 8.64298e-18
26.766 8.68081e-18
26.826 8.71872e-18
26.886 8.75672e-18
26.946 8.7948e-18
27.006 8.83296e-18
27.066 8.8712e-18
27.126 8.90952e-18
27.186 8.94793e-18
27.246 8.98642e-18
27.306 9.025e-18
27.366 9.06366e-18
27.426 9.1024e-18
27.486 9.14122e-18
27.546 9.18013e-18
27.606 9.21911e-18
27.666 9.25818e-18
27.726 9.29734e-18
27.786 9.33658e-18
27.846 9.3759e-18
27.906 9.4153e-18
27.966 9.45478e-18
28.026 9.49435e-18
28.086 9.534e-18
28.146 9.57374e-18
28.206 9.61356e-18
28.266 9.65346e-18
28.326 9.69344e-18
28.386 9.7335e-18
28.446 9.77365e-18
28.506 9.81388e-18
28.566 9.8542e-18
28.626 9.89459e-18
28.686 9.93507e-18
28.746 9.97564e-18
28.806 1.00163e-17
28.866 1.0057e-17
28.926 1.00978e-17
28.986 1.01387e-17
29.046 1.01797e-17
29.106 1.02208e-17
29.166 1.02619e-17
29.226 1.03031e-17
29.286 1.03444e-17
29.346 1.03858e-17
29.406 1.04273e-17
29.466 1.04688e-17
29.526 1.05105e-17
29.586 1.05522e-17
29.646 1.0594e-17
29.706 1.06359e-17
29.766 1.06779e-17
29.826 1.07199e-17
29.886 1.07621e-17
29.946 1.08043e-17
30.006 1.08466e-17
30.066 1.0889e-17
30.126 1.09314e-17
30.186 1.0974e-17
30.246 1.10166e-17
30.306 1.10593e-17
30.366 1.11021e-17
30.426 1.1145e-17
30.486 1.1188e-17
30.546 1.1231e-17
30.606 1.12742e-17
30.666 1.13174e-17
30.726 1.13607e-17
30.786 1.14041e-17
30.846 1.14475e-17
30.906 1.14911e-17
30.966 1.15347e-17
31.026 1.15784e-17
31.086 1.16222e-17
31.146 1.16661e-17
31.206 1.171e-17
31.266 1.17541e-17
31.326 1.17982e-17
31.386 1.18424e-17
31.446 1.18867e-17
31.506 1.19311e-17
31.566 1.19755e-17
31.626 1.20201e-17
31.686 1.20647e-17
31.746 1.21094e-17
31.806 1.21542e-17
31.866 1.2199e-17
31.926 1.2244e-17
31.986 1.2289e-17
32.046 1.23341e-17
32.106 1.23793e-17
32.166 1.24246e-17
32.226 1.247e-17
32.286 1.25154e-17
32.346 1.2561e-17
32.406 1.26066e-17
32.466 1.26523e-17
32.526 1.26981e-17
32.586 1.27439e-17
32.646 1.27899e-17
32.706 1.28359e-17
32.766 1.2882e-17
32.826 1.29282e-17
32.886 1.29745e-17
32.946 1.30209e-17
33.006 1.30673e-17
33.066 1.31138e-17
33.126 1.31604e-17
33.186 1.32071e-17
33.246 1.32539e-17
33.306 1.33008e-17
33.366 1.33477e-17
33.426 1.33947e-17
33.486 1.34418e-17
33.546 1.3489e-17
33.606 1.35363e-17
33.666 1.35837e-17
33.726 1.36311e-17
33.786 1.36786e-17
33.846 1.37262e-17
33.906 1.37739e-17
33.966 1.38217e-17
34.026 1.38695e-17
34.086 1.39175e-17
34.146 1.39655e-17
34.206 1.40136e-17
34.266 1.40618e-17
34.326 1.411e-17
34.386 1.41584e-17
34.446 1.42068e-17
34.506 1.42553e-17
34.566 1.43039e-17
34.626 1.43526e-17
34.686 1.44014e-17
34.746 1.44502e-17
34.806 1.44991e-17
34.866 1.45482e-17
34.926 1.45973e-17
34.986 1.46464e-17
35.046 1.46957e-17
35.106 1.4745e-17
35.166 1.47945e-17
35.226 1.4844e-17
35.286 1.48936e-17
35.346 1.49432e-17
35.406 1.4993e-17
35.466 1.50428e-17
35.526 1.50928e-17
35.586 1.51428e-17
35.646 1.51928e-17
35.706 1.5243e-17
35.766 1.52933e-17
35.826 1.53436e-17
35.886 1.5394e-17
35.946 1.54445e-17
36.006 1.54951e-17
36.066 1.55458e-17
36.126 1.55965e-17
36.186 1.56474e-17
36.246 1.56983e-17
36.306 1.57493e-17
36.366 1.58004e-17
36.426 1.58515e-17
36.486 1.59028e-17
36.546 1.59541e-17
36.606 1.60055e-17
36.666 1.6057e-17
36.726 1.61086e-17
36.786 1.61603e-17
36.846 1.6212e-17
36.906 1.62638e-17
36.966 1.63158e-17
37.026 1.63677e-17
37.086 1.64198e-17
37.146 1.6472e-17
37.206 1.65242e-17
37.266 1.65766e-17
37.326 1.6629e-17
37.386 1.66814e-17
37.446 1.6734e-17
37.506 1.67867e-17
37.566 1.68394e-17
37.626 1.68922e-17
37.686 1.69451e-17
37.746 1.69981e-17
37.806 1.70512e-17
37.866 1.71044e-17
37.926 1.71576e-17
37.986 1.72109e-17
38.046 1.72643e-17
38.106 1.73178e-17
38.166 1.73714e-17
38.226 1.7425e-17
38.286 1.74788e-17
38.346 1.75326e-17
38.406 1.75865e-17
38.466 1.76404e-17
38.526 1.76945e-17
38.586 1.77487e-17
38.646 1.78029e-17
38.706 1.78572e-17
38.766 1.79116e-17
38.826 1.79661e-17
38.886 1.80206e-17
38.946 1.80753e-17
39.006 1.813e-17
39.066 1.81848e-17
39.126 1.82397e-17
39.186 1.82947e-17
39.246 1.83497e-17
39.306 1.84049e-17
39.366 1.84601e-17
39.426 1.85154e-17
39.486 1.85708e-17
39.546 1.86263e-17
39.606 1.86818e-17
39.666 1.87375e-17
39.726 1.87932e-17
39.786 1.8849e-17
39.846 1.89049e-17
39.906 1.89609e-17
39.966 1.90169e-17
40.026 1.9073e-17
40.086 1.91293e-17
40.146 1.91856e-17
40.206 1.92419e-17
40.266 1.92984e-17
40.326 1.9355e-17
40.386 1.94116e-17
40.446 1.94683e-17
40.506 1.95251e-17
40.566 1.9582e-17
40.626 1.9639e-17
40.686 1.9696e-17
40.746 1.97531e-17
40.806 1.98103e-17
40.866 1.98676e-17
40.926 1.9925e-17
40.986 1.99825e-17
41.046 2.004e-17
41.106 2.00976e-17
41.166 2.01554e-17
41.226 2.02131e-17
41.286 2.0271e-17
41.346 2.0329e-17
41.406 2.0387e-17
41.466 2.04451e-17
41.526 2.05033e-17
41.586 2.05616e-17
41.646 2.062e-17
41.706 2.06785e-17
41.766 2.0737e-17
41.826 2.07956e-17
41.886 2.08543e-17
41.946 2.09131e-17
42.006 2.0972e-17
42.066 2.10309e-17
42.126 2.109e-17
42.186 2.11491e-17
42.246 2.12083e-17
42.306 2.12676e-17
42.366 2.13269e-17
42.426 2.13864e-17
42.486 2.14459e-17
42.546 2.15055e-17
42.606 2.15652e-17
42.666 2.1625e-17
42.726 2.16849e-17
42.786 2.17448e-17
42.846 2.18048e-17
42.906 2.18649e-17
42.966 2.19251e-17
43.026 2.19854e-17
43.086 2.20458e-17
43.146 2.21062e-17
43.206 2.21667e-17
43.266 2.22274e-17
43.326 2.2288e-17
43.386 2.23488e-17
43.446 2.24097e-17
43.506 2.24706e-17
43.566 2.25316e-17
43.626 2.25927e-17
43.686 2.26539e-17
43.746 2.27152e-17
43.806 2.27766e-17
43.866 2.2838e-17
43.926 2.28995e-17
43.986 2.29611e-17
44.046 2.30228e-17
44.106 2.30846e-17
44.166 2.31464e-17
44.226 2.32083e-17
44.286 2.32704e-17
44.346 2.33325e-17
44.406 2.33946e-17
44.466 2.34569e-17
44.526 2.35193e-17
44.586 2.35817e-17
44.646 2.36442e-17
44.706 2.37068e-17
44.766 2.37695e-17
44.826 2.38322e-17
44.886 2.38951e-17
44.946 2.3958e-17
45.006 2.4021e-17
45.066 2.40841e-17
45.126 2.41473e-17
45.186 2.42105e-17
45.246 2.42739e-17
45.306 2.43373e-17
45.366 2.44008e-17
45.426 2.44644e-17
45.486 2.45281e-17
45.546 2.45918e-17
45.606 2.46557e-17
45.666 2.47196e-17
45.726 2.47836e-17
45.786 2.48477e-17
45.846 2.49119e-17
45.906 2.49761e-17
45.966 2.50404e-17
46.026 2.51049e-17
46.086 2.51694e-17
46.146 2.5234e-17
46.206 2.52986e-17
46.266 2.53634e-17
46.326 2.54282e-17
46.386 2.54931e-17
46.446 2.55581e-17
46.506 2.56232e-17
46.566 2.56884e-17
46.626 2.57536e-17
46.686 2.58189e-17
46.746 2.58843e-17
46.806 2.59498e-17
46.866 2.60154e-17
46.926 2.60811e-17
46.986 2.61468e-17
47.046 2.62127e-17
47.106 2.62786e-17
47.166 2.63446e-17
47.226 2.64106e-17
47.286 2.64768e-17
47.346 2.6543e-17
47.406 2.66093e-17
47.466 2.66758e-17
47.526 2.67422e-17
47.586 2.68088e-17
47.646 2.68755e-17
47.706 2.69422e-17
47.766 2.7009e-17
47.826 2.70759e-17
47.886 2.71429e-17
47.946 2.721e-17
48.006 2.72771e-17
48.066 2.73444e-17
48.126 2.74117e-17
48.186 2.74791e-17
48.246 2.75466e-17
48.306 2.76141e-17
48.366 2.76818e-17
48.426 2.77495e-17
48.486 2.78173e-17
48.546 2.78852e-17
48.606 2.79532e-17
48.666 2.80213e-17
48.726 2.80894e-17
48.786 2.81576e-17
48.846 2.8226e-17
48.906 2.82943e-17
48.966 2.83628e-17
49.026 2.84314e-17
49.086 2.85e-17
49.146 2.85688e-17
49.206 2.86376e-17
49.266 2.87065e-17
49.326 2.87754e-17
49.386 2.88445e-17
49.446 2.89136e-17
49.506 2.89828e-17
49.566 2.90522e-17
49.626 2.91215e-17
49.686 2.9191e-17
49.746 2.92606e-17
49.806 2.93302e-17
49.866 2.93999e-17
49.926 2.94697e-17
49.986 2.95396e-17
50.046 2.96096e-17
50.106 2.96796e-17
50.166 2.97498e-17
50.226 2.982e-17
50.286 2.98903e-17
50.346 2.99607e-17
50.406 3.00311e-17
50.466 3.01017e-17
50.526 3.01723e-17
50.586 3.0243e-17
50.646 3.03138e-17
50.706 3.03847e-17
50.766 3.04556e-17
50.826 3.05267e-17
50.886 3.05978e-17
50.946 3.0669e-17
51.006 3.07403e-17
51.066 3.08117e-17
51.126 3.08832e-17
51.186 3.09547e-17
51.246 3.10263e-17
51.306 3.1098e-17
51.366 3.11698e-17
51.426 3.12417e-17
51.486 3.13136e-17
51.546 3.13857e-17
51.606 3.14578e-17
51.666 3.153e-17
51.726 3.16023e-17
51.786 3.16747e-17
51.846 3.17471e-17
51.906 3.18197e-17
51.966 3.18923e-17
52.026 3.1965e-17
52.086 3.20378e-17
52.146 3.21106e-17
52.206 3.21836e-17
52.266 3.22566e-17
52.326 3.23297e-17
52.386 3.24029e-17
52.446 3.24762e-17
52.506 3.25496e-17
52.566 3.2623e-17
52.626 3.26965e-17
52.686 3.27702e-17
52.746 3.28438e-17
52.806 3.29176e-17
52.866 3.29915e-17
52.926 3.30654e-17
52.986 3.31395e-17
53.046 3.32136e-17
53.106 3.32878e-17
53.166 3.3362e-17
53.226 3.34364e-17
53.286 3.35108e-17
53.346 3.35854e-17
53.406 3.366e-17
53.466 3.37346e-17
53.526 3.38094e-17
53.586 3.38843e-17
53.646 3.39592e-17
53.706 3.40342e-17
53.766 3.41093e-17
53.826 3.41845e-17
53.886 3.42598e-17
53.946 3.43351e-17
54.006 3.44106e-17
54.066 3.44861e-17
54.126 3.45617e-17
54.186 3.46374e-17
54.246 3.47131e-17
54.306 3.4789e-17
54.366 3.48649e-17
54.426 3.49409e-17
54.486 3.5017e-17
54.546 3.50932e-17
54.606 3.51695e-17
54.666 3.52458e-17
54.726 3.53222e-17
54.786 3.53988e-17
54.846 3.54754e-17
54.906 3.5552e-17
54.966 3.56288e-17
55.026 3.57056e-17
55.086 3.57826e-17
55.146 3.58596e-17
55.206 3.59367e-17
55.266 3.60138e-17
55.326 3.60911e-17
55.386 3.61684e-17
55.446 3.62458e-17
55.506 3.63234e-17
55.566 3.64009e-17
55.626 3.64786e-17
55.686 3.65564e-17
55.746 3.66342e-17
55.806 3.67121e-17
55.866 3.67901e-17
55.926 3.68682e-17
55.986 3.69464e-17
56.046 3.70246e-17
56.106 3.7103e-17
56.166 3.71814e-17
56.226 3.72599e-17
56.286 3.73385e-17
56.346 3.74171e-17
56.406 3.74959e-17
56.466 3.75747e-17
56.526 3.76536e-17
56.586 3.77326e-17
56.646 3.78117e-17
56.706 3.78908e-17
56.766 3.79701e-17
56.826 3.80494e-17
56.886 3.81288e-17
56.946 3.82083e-17
57.006 3.82879e-17
57.066 3.83676e-17
57.126 3.84473e-17
57.186 3.85271e-17
57.246 3.8607e-17
57.306 3.8687e-17
57.366 3.87671e-17
57.426 3.88472e-17
57.486 3.89275e-17
57.546 3.90078e-17
57.606 3.90882e-17
57.666 3.91687e-17
57.726 3.92493e-17
57.786 3.93299e-17
57.846 3.94107e-17
57.906 3.94915e-17
57.966 3.95724e-17
58.026 3.96534e-17
58.086 3.97344e-17
58.146 3.98156e-17
58.206 3.98968e-17
58.266 3.99781e-17
58.326 4.00595e-17
58.386 4.0141e-17
58.446 4.02226e-17
58.506 4.03042e-17
58.566 4.03859e-17
58.626 4.04678e-17
58.686 4.05496e-17
58.746 4.06316e-17
58.806 4.07137e-17
58.866 4.07958e-17
58.926 4.08781e-17
58.986 4.09604e-17
59.046 4.10428e-17
59.106 4.11252e-17
59.166 4.12078e-17
59.226 4.12904e-17
59.286 4.13732e-17
59.346 4.1456e-17
59.406 4.15388e-17
59.466 4.16218e-17
59.526 4.17049e-17
59.586 4.1788e-17
59.646 4.18712e-17
59.706 4.19545e-17
59.766 4.20379e-17
59.826 4.21214e-17
59.886 4.22049e-17
59.946 4.22886e-17

