0 9.3243
0 8.68597
0 7.24364
0 5.52933
0 3.97214
0 2.75922
0 1.89449
0 1.30554
0 0.911388
0 0.647538
0 0.469039
0 0.346333
0 0.260418
0 0.199116
0 0.154565
0 0.121623
0 0.0968702
0 0.0779962
0 0.0634108
0 0.0520017
0 0.0429785
0 0.0357704
0 0.0299599
0 0.0252373
0 0.0213699
0 0.018181
0 0.015535
0 0.013327
0 0.0114745
0 0.00991279
0 0.00859029
0 0.00746568
0 0.00650566
0 0.00568321
0 0.00497625
0 0.00436669
0 0.00383957
0 0.00338251
0 0.00298518
0 0.00263896
0 0.00233658
0 0.00207195
0 0.00183988
0 0.00163598
0 0.00145652
0 0.0012983
0 0.00115858
0 0.00103502
0 0.000925585
0 0.00082853
0 0.000742343
0 0.000665711
0 0.000597495
0 0.000536702
0 0.000482467
0 0.000434031
0 0.000390733
0 0.00035199
0 0.000317293
0 0.000286192
0 0.000258291
0 0.000233241
0 0.000210733
0 0.000190496
0 0.000172286
0 0.00015589
0 0.000141117
0 0.000127799
0 0.000115785
0 0.00010494
0 9.51465e-05
0 8.62967e-05
0 7.82958e-05
0 7.10588e-05
0 6.45096e-05
0 5.85801e-05
0 5.32092e-05
0 4.83422e-05
0 4.393e-05
0 3.99285e-05
0 3.62982e-05
0 3.30032e-05
0 3.00117e-05
0 2.72948e-05
0 2.48263e-05
0 2.2583e-05
0 2.05436e-05
0 1.86891e-05
0 1.70022e-05
0 1.54675e-05
0 1.40708e-05
0 1.27994e-05
0 1.16419e-05
0 1.05877e-05
0 9.6276e-06
0 8.75291e-06
0 7.95594e-06
0 7.22967e-06
0 6.56775e-06
0 5.96439e-06
0 5.41437e-06
0 4.91293e-06
0 4.45574e-06
0 4.03889e-06
0 3.65881e-06
0 3.31226e-06
0 2.99629e-06
0 2.70821e-06
0 2.4456e-06
0 2.20623e-06
0 1.98808e-06
0 1.7893e-06
0 1.60823e-06
0 1.44334e-06
0 1.29323e-06
0 1.15665e-06
0 1.03243e-06
0 9.19528e-07
0 8.16981e-07
0 7.23916e-07
0 6.39537e-07
0 5.63116e-07
0 4.93994e-07
0 4.31566e-07
0 3.75283e-07
0 3.24645e-07
0 2.79196e-07
0 2.3852e-07
0 2.0224e-07
0 1.70013e-07
0 1.41526e-07
0 1.16496e-07
0 9.46657e-08
0 7.58027e-08
0 5.96961e-08
0 4.61555e-08
0 3.50097e-08
0 2.61046e-08
0 1.93023e-08
0 1.44795e-08
0 1.15271e-08
0 1.03483e-08
0 3.78621e-17
0 3.78376e-17
0 3.78135e-17
0 3.77898e-17
0 3.77664e-17
0 3.77434e-17
0 3.77207e-17
0 3.76983e-17
0 3.76763e-17
0 3.76545e-17
0 3.76331e-17
0 3.7612e-17
0 3.75912e-17
0 3.75707e-17
0 3.75504e-17
0 3.75305e-17
0 3.75108e-17
0 3.74914e-17
0 3.74722e-17
0 3.74533e-17
0 3.74347e-17
0 3.74163e-17
0 3.73981e-17
0 3.73802e-17
0 3.73625e-17
0 3.73451e-17
0 3.73278e-17
0 3.73108e-17
0 3.7294e-17
0 3.72774e-17
0 3.72611e-17
0 3.72449e-17
0 3.72289e-17
0 3.72131e-17
0 3.71975e-17
0 3.71821e-17
0 3.71669e-17
0 3.71519e-17
0 3.7137e-17
0 3.71224e-17
0 3.71078e-17
0 3.70935e-17
0 3.70793e-17
0 3.70653e-17
0 3.70515e-17
0 3.70378e-17
0 3.70243e-17
0 3.70109e-17
0 3.69977e-17
0 3.69846e-17
0 3.69717e-17
0 3.69589e-17
0 3.69462e-17
0 3.69337e-17
0 3.69213e-17
0 3.69091e-17
0 3.6897e-17
0 3.6885e-17
0 3.68731e-17
0 3.68614e-17
0 3.68498e-17
0 3.68383e-17
0 3.68269e-17
0 3.68157e-17
0 3.68046e-17
0 3.67935e-17
0 3.67826e-17
0 3.67718e-17
0 3.67612e-17
0 3.67506e-17
0 3.67401e-17
0 3.67297e-17
0 3.67195e-17
0 3.67093e-17
0 3.66992e-17
0 3.66893e-17
0 3.66794e-17
0 3.66696e-17
0 3.666e-17
0 3.66504e-17
0 3.66409e-17
0 3.66315e-17
0 3.66221e-17
0 3.66129e-17
0 3.66038e-17
0 3.65947e-17
0 3.65857e-17
0 3.65768e-17
0 3.6568e-17
0 3.65593e-17
0 3.65506e-17
0 3.65421e-17
0 3.65336e-17
0 3.65252e-17
0 3.65168e-17
0 3.65085e-17
0 3.65003e-17
0 3.64922e-17
0 3.64842e-17
0 3.64762e-17
0 3.64683e-17
0 3.64604e-17
0 3.64526e-17
0 3.64449e-17
0 3.64373e-17
0 3.64297e-17
0 3.64222e-17
0 3.64147e-17
0 3.64073e-17
0 3.64e-17
0 3.63928e-17
0 3.63855e-17
0 3.63784e-17
0 3.63713e-17
0 3.63643e-17
0 3.63573e-17
0 3.63504e-17
0 3.63435e-17
0 3.63367e-17
0 3.633e-17
0 3.63233e-17
0 3.63166e-17
0 3.631e-17
0 3.63035e-17
0 3.6297e-17
0 3.62906e-17
0 3.62842e-17
0 3.62779e-17
0 3.62716e-17
0 3.62653e-17
0 3.62591e-17
0 3.6253e-17
0 3.62469e-17
0 3.62409e-17
0 3.62349e-17
0 3.62289e-17
0 3.6223e-17
0 3.62171e-17
0 3.62113e-17
0 3.62055e-17
0 3.61998e-17
0 3.61941e-17
0 3.61884e-17
0 3.61828e-17
0 3.61772e-17
0 3.61717e-17
0 3.61662e-17
0 3.61607e-17
0 3.61553e-17
0 3.615e-17
0 3.61446e-17
0 3.61393e-17
0 3.61341e-17
0 3.61288e-17
0 3.61237e-17
0 3.61185e-17
0 3.61134e-17
0 3.61083e-17
0 3.61033e-17
0 3.60983e-17
0 3.60933e-17
0 3.60883e-17
0 3.60834e-17
0 3.60786e-17
0 3.60737e-17
0 3.60689e-17
0 3.60641e-17
0 3.60594e-17
0 3.60547e-17
0 3.605e-17
0 3.60454e-17
0 3.60407e-17
0 3.60362e-17
0 3.60316e-17
0 3.60271e-17
0 3.60226e-17
0 3.60181e-17
0 3.60137e-17
0 3.60093e-17
0 3.60049e-17
0 3.60005e-17
0 3.59962e-17
0 3.59919e-17
0 3.59876e-17
0 3.59834e-17
0 3.59792e-17
0 3.5975e-17
0 3.59708e-17
0 3.59667e-17
0 3.59626e-17
0 3.59585e-17
0 3.59545e-17
0 3.59504e-17
0 3.59464e-17
0 3.59424e-17
0 3.59385e-17
0 3.59345e-17
0 3.59306e-17
0 3.59267e-17
0 3.59229e-17
0 3.5919e-17
0 3.59152e-17
0 3.59114e-17
0 3.59076e-17
0 3.59039e-17
0 3.59002e-17
0 3.58965e-17
0 3.58928e-17
0 3.58891e-17
0 3.58855e-17
0 3.58819e-17
0 3.58783e-17
0 3.58747e-17
0 3.58711e-17
0 3.58676e-17
0 3.58641e-17
0 3.58606e-17
0 3.58571e-17
0 3.58537e-17
0 3.58502e-17
0 3.58468e-17
0 3.58434e-17
0 3.58401e-17
0 3.58367e-17
0 3.58334e-17
0 3.58301e-17
0 3.58268e-17
0 3.58235e-17
0 3.58202e-17
0 3.5817e-17
0 3.58137e-17
0 3.58105e-17
0 3.58073e-17
0 3.58042e-17
0 3.5801e-17
0 3.57979e-17
0 3.57948e-17
0 3.57917e-17
0 3.57886e-17
0 3.57855e-17
0 3.57824e-17
0 3.57794e-17
0 3.57764e-17
0 3.57734e-17
0 3.57704e-17
0 3.57674e-17
0 3.57645e-17
0 3.57615e-17
0 3.57586e-17
0 3.57557e-17
0 3.57528e-17
0 3.57499e-17
0 3.5747e-17
0 3.57442e-17
0 3.57414e-17
0 3.57385e-17
0 3.57357e-17
0 3.57329e-17
0 3.57302e-17
0 3.57274e-17
0 3.57247e-17
0 3.57219e-17
0 3.57192e-17
0 3.57165e-17
0 3.57138e-17
0 3.57111e-17
0 3.57085e-17
0 3.57058e-17
0 3.57032e-17
0 3.57005e-17
0 3.56979e-17
0 3.56953e-17
0 3.56927e-17
0 3.56902e-17
0 3.56876e-17
0 3.56851e-17
0 3.56825e-17
0 3.568e-17
0 3.56775e-17
0 3.5675e-17
0 3.56725e-17
0 3.567e-17
0 3.56676e-17
0 3.56651e-17
0 3.56627e-17
0 3.56603e-17
0 3.56578e-17
0 3.56554e-17
0 3.5653e-17
0 3.56507e-17
0 3.56483e-17
0 3.56459e-17
0 3.56436e-17
0 3.56413e-17
0 3.56389e-17
0 3.56366e-17
0 3.56343e-17
0 3.5632e-17
0 3.56297e-17
0 3.56275e-17
0 3.56252e-17
0 3.5623e-17
0 3.56207e-17
0 3.56185e-17
0 3.56163e-17
0 3.56141e-17
0 3.56119e-17
0 3.56097e-17
0 3.56075e-17
0 3.56053e-17
0 3.56032e-17
0 3.5601e-17
0 3.55989e-17
0 3.55968e-17
0 3.55946e-17
0 3.55925e-17
0 3.55904e-17
0 3.55883e-17
0 3.55863e-17
0 3.55842e-17
0 3.55821e-17
0 3.55801e-17
0 3.5578e-17
0 3.5576e-17
0 3.5574e-17
0 3.55719e-17
0 3.55699e-17
0 3.55679e-17
0 3.55659e-17
0 3.55639e-17
0 3.5562e-17
0 3.556e-17
0 3.55581e-17
0 3.55561e-17
0 3.55542e-17
0 3.55522e-17
0 3.55503e-17
0 3.55484e-17
0 3.55465e-17
0 3.55446e-17
0 3.55427e-17
0 3.55408e-17
0 3.55389e-17
0 3.55371e-17
0 3.55352e-17
0 3.55334e-17
0 3.55315e-17
0 3.55297e-17
0 3.55278e-17
0 3.5526e-17
0 3.55242e-17
0 3.55224e-17
0 3.55206e-17
0 3.55188e-17
0 3.5517e-17
0 3.55153e-17
0 3.55135e-17
0 3.55117e-17
0 3.551e-17
0 3.55082e-17
0 3.55065e-17
0 3.55047e-17
0 3.5503e-17
0 3.55013e-17
0 3.54996e-17
0 3.54979e-17
0 3.54962e-17
0 3.54945e-17
0 3.54928e-17
0 3.54911e-17
0 3.54895e-17
0 3.54878e-17
0 3.54861e-17
0 3.54845e-17
0 3.54828e-17
0 3.54812e-17
0 3.54796e-17
0 3.54779e-17
0 3.54763e-17
0 3.54747e-17
0 3.54731e-17
0 3.54715e-17
0 3.54699e-17
0 3.54683e-17
0 3.54667e-17
0 3.54652e-17
0 3.54636e-17
0 3.5462e-17
0 3.54605e-17
0 3.54589e-17
0 3.54574e-17
0 3.54558e-17
0 3.54543e-17
0 3.54528e-17
0 3.54513e-17
0 3.54497e-17
0 3.54482e-17
0 3.54467e-17
0 3.54452e-17
0 3.54437e-17
0 3.54423e-17
0 3.54408e-17
0 3.54393e-17
0 3.54378e-17
0 3.54364e-17
0 3.54349e-17
0 3.54334e-17
0 3.5432e-17
0 3.54306e-17
0 3.54291e-17
0 3.54277e-17
0 3.54263e-17
0 3.54248e-17
0 3.54234e-17
0 3.5422e-17
0 3.54206e-17
0 3.54192e-17
0 3.54178e-17
0 3.54164e-17
0 3.5415e-17
0 3.54136e-17
0 3.54123e-17
0 3.54109e-17
0 3.54095e-17
0 3.54082e-17
0 3.54068e-17
0 3.54055e-17
0 3.54041e-17
0 3.54028e-17
0 3.54014e-17
0 3.54001e-17
0 3.53988e-17
0 3.53975e-17
0 3.53961e-17
0 3.53948e-17
0 3.53935e-17
0 3.53922e-17
0 3.53909e-17
0 3.53896e-17
0 3.53883e-17
0 3.5387e-17
0 3.53858e-17
0 3.53845e-17
0 3.53832e-17
0 3.53819e-17
0 3.53807e-17
0 3.53794e-17
0 3.53782e-17
0 3.53769e-17
0 3.53757e-17
0 3.53744e-17
0 3.53732e-17
0 3.5372e-17
0 3.53707e-17
0 3.53695e-17
0 3.53683e-17
0 3.53671e-17
0 3.53659e-17
0 3.53647e-17
0 3.53634e-17
0 3.53622e-17
0 3.53611e-17
0 3.53599e-17
0 3.53587e-17
0 3.53575e-17
0 3.53563e-17
0 3.53551e-17
0 3.5354e-17
0 3.53528e-17
0 3.53516e-17
0 3.53505e-17
0 3.53493e-17
0 3.53482e-17
0 3.5347e-17
0 3.53459e-17
0 3.53447e-17
0 3.53436e-17
0 3.53425e-17
0 3.53413e-17
0 3.53402e-17
0 3.53391e-17
0 3.5338e-17
0 3.53368e-17
0 3.53357e-17
0 3.53346e-17
0 3.53335e-17
0 3.53324e-17
0 3.53313e-17
0 3.53302e-17
0 3.53291e-17
0 3.53281e-17
0 3.5327e-17
0 3.53259e-17
0 3.53248e-17
0 3.53237e-17
0 3.53227e-17
0 3.53216e-17
0 3.53205e-17
0 3.53195e-17
0 3.53184e-17
0 3.53174e-17
0 3.53163e-17
0 3.53153e-17
0 3.53142e-17
0 3.53132e-17
0 3.53122e-17
0 3.53111e-17
0 3.53101e-17
0 3.53091e-17
0 3.53081e-17
0 3.5307e-17
0 3.5306e-17
0 3.5305e-17
0 3.5304e-17
0 3.5303e-17
0 3.5302e-17
0 3.5301e-17
0 3.53e-17
0 3.5299e-17
0 3.5298e-17
0 3.5297e-17
0 3.5296e-17
0 3.5295e-17
0 3.52941e-17
0 3.52931e-17
0 3.52921e-17
0 3.52911e-17
0 3.52902e-17
0 3.52892e-17
0 3.52882e-17
0 3.52873e-17
0 3.52863e-17
0 3.52854e-17
0 3.52844e-17
0 3.52835e-17
0 3.52825e-17
0 3.52816e-17
0 3.52807e-17
0 3.52797e-17
0 3.52788e-17
0 3.52779e-17
0 3.52769e-17
0 3.5276e-17
0 3.52751e-17
0 3.52742e-17
0 3.52732e-17
0 3.52723e-17
0 3.52714e-17
0 3.52705e-17
0 3.52696e-17
0 3.52687e-17
0 3.52678e-17
0 3.52669e-17
0 3.5266e-17
0 3.52651e-17
0 3.52642e-17
0 3.52633e-17
0 3.52625e-17
0 3.52616e-17
0 3.52607e-17
0 3.52598e-17
0 3.52589e-17
0 3.52581e-17
0 3.52572e-17
0 3.52563e-17
0 3.52555e-17
0 3.52546e-17
0 3.52537e-17
0 3.52529e-17
0 3.5252e-17
0 3.52512e-17
0 3.52503e-17
0 3.52495e-17
0 3.52486e-17
0 3.52478e-17
0 3.5247e-17
0 3.52461e-17
0 3.52453e-17
0 3.52445e-17
0 3.52436e-17
0 3.52428e-17
0 3.5242e-17
0 3.52411e-17
0 3.52403e-17
0 3.52395e-17
0 3.52387e-17
0 3.52379e-17
0 3.52371e-17
0 3.52363e-17
0 3.52354e-17
0 3.52346e-17
0 3.52338e-17
0 3.5233e-17
0 3.52322e-17
0 3.52314e-17
0 3.52306e-17
0 3.52299e-17
0 3.52291e-17
0 3.52283e-17
0 3.52275e-17
0 3.52267e-17
0 3.52259e-17
0 3.52251e-17
0 3.52244e-17
0 3.52236e-17
0 3.52228e-17
0 3.5222e-17
0 3.52213e-17
0 3.52205e-17
0 3.52197e-17
0 3.5219e-17
0 3.52182e-17
0 3.52175e-17
0 3.52167e-17
0 3.5216e-17
0 3.52152e-17
0 3.52145e-17
0 3.52137e-17
0 3.5213e-17
0 3.52122e-17
0 3.52115e-17
0 3.52107e-17
0 3.521e-17
0 3.52093e-17
0 3.52085e-17
0 3.52078e-17
0 3.52071e-17
0 3.52063e-17
0 3.52056e-17
0 3.52049e-17
0 3.52042e-17
0 3.52034e-17
0 3.52027e-17
0 3.5202e-17
0 3.52013e-17
0 3.52006e-17
0 3.51999e-17
0 3.51991e-17
0 3.51984e-17
0 3.51977e-17
0 3.5197e-17
0 3.51963e-17
0 3.51956e-17
0 3.51949e-17
0 3.51942e-17
0 3.51935e-17
0 3.51928e-17
0 3.51922e-17
0 3.51915e-17
0 3.51908e-17
0 3.51901e-17
0 3.51894e-17
0 3.51887e-17
0 3.5188e-17
0 3.51874e-17
0 3.51867e-17
0 3.5186e-17
0 3.51853e-17
0 3.51847e-17
0 3.5184e-17
0 3.51833e-17
0 3.51827e-17
0 3.5182e-17
0 3.51813e-17
0 3.51807e-17
0 3.518e-17
0 3.51793e-17
0 3.51787e-17
0 3.5178e-17
0 3.51774e-17
0 3.51767e-17
0 3.51761e-17
0 3.51754e-17
0 3.51748e-17
0 3.51741e-17
0 3.51735e-17
0 3.51728e-17
0 3.51722e-17
0 3.51716e-17
0 3.51709e-17
0 3.51703e-17
0 3.51697e-17
0 3.5169e-17
0 3.51684e-17
0 3.51678e-17
0 3.51671e-17
0 3.51665e-17
0 3.51659e-17
0 3.51653e-17
0 3.51646e-17
0 3.5164e-17
0 3.51634e-17
0 3.51628e-17
0 3.51622e-17
0 3.51615e-17
0 3.51609e-17
0 3.51603e-17
0 3.51597e-17
0 3.51591e-17
0 3.51585e-17
0 3.51579e-17
0 3.51573e-17
0 3.51567e-17
0 3.51561e-17
0 3.51555e-17
0 3.51549e-17
0 3.51543e-17
0 3.51537e-17
0 3.51531e-17
0 3.51525e-17
0 3.51519e-17
0 3.51513e-17
0 3.51507e-17
0 3.51501e-17
0 3.51495e-17
0 3.5149e-17
0 3.51484e-17
0 3.51478e-17
0 3.51472e-17
0 3.51466e-17
0 3.51461e-17
0 3.51455e-17
0 3.51449e-17
0 3.51443e-17
0 3.51438e-17
0 3.51432e-17
0 3.51426e-17
0 3.51421e-17
0 3.51415e-17
0 3.51409e-17
0 3.51404e-17
0 3.51398e-17
0 3.51392e-17
0 3.51387e-17
0 3.51381e-17
0 3.51376e-17
0 3.5137e-17
0 3.51364e-17
0 3.51359e-17
0 3.51353e-17
0 3.51348e-17
0 3.51342e-17
0 3.51337e-17
0 3.51331e-17
0 3.51326e-17
0 3.5132e-17
0 3.51315e-17
0 3.5131e-17
0 3.51304e-17
0 3.51299e-17
0 3.51293e-17
0 3.51288e-17
0 3.51283e-17
0 3.51277e-17
0 3.51272e-17
0 3.51267e-17
0 3.51261e-17
0 3.51256e-17
0 3.51251e-17
0 3.51245e-17
0 3.5124e-17
0 3.51235e-17
0 3.5123e-17
0 3.51224e-17
0 3.51219e-17
0 3.51214e-17
0 3.51209e-17
0 3.51204e-17
0 3.51198e-17
0 3.51193e-17
0 3.51188e-17
0 3.51183e-17
0 3.51178e-17
0 3.51173e-17
0 3.51168e-17
0 3.51162e-17
0 3.51157e-17
0 3.51152e-17
0 3.51147e-17
0 3.51142e-17
0 3.51137e-17
0 3.51132e-17
0 3.51127e-17
0 3.51122e-17
0 3.51117e-17
0 3.51112e-17
0 3.51107e-17
0 3.51102e-17
0 3.51097e-17
0 3.51092e-17
0 3.51087e-17
0 3.51082e-17
0 3.51077e-17
0 3.51073e-17
0 3.51068e-17
0 3.51063e-17
0 3.51058e-17
0 3.51053e-17
0 3.51048e-17
0 3.51043e-17
0 3.51039e-17
0 3.51034e-17
0 3.51029e-17
0 3.51024e-17
0 3.51019e-17
0 3.51015e-17
0 3.5101e-17
0 3.51005e-17
0 3.51e-17
0 3.50996e-17
0 3.50991e-17
0 3.50986e-17
0 3.50981e-17
0 3.50977e-17
0 3.50972e-17
0 3.50967e-17
0 3.50963e-17
0 3.50958e-17
0 3.50953e-17
0 3.50949e-17
0 3.50944e-17
0 3.5094e-17
0 3.50935e-17
0 3.5093e-17
0 3.50926e-17
0 3.50921e-17
0 3.50917e-17
0 3.50912e-17
0 3.50908e-17
0 3.50903e-17
0 3.50898e-17
0 3.50894e-17
0 3.50889e-17
0 3.50885e-17
0 3.5088e-17
0 3.50876e-17
0 3.50871e-17
0 3.50867e-17
0 3.50863e-17
0 3.50858e-17
0 3.50854e-17
0 3.50849e-17
0 3.50845e-17
0 3.5084e-17
0 3.50836e-17
0 3.50832e-17
0 3.50827e-17
0 3.50823e-17
0 3.50818e-17
0 3.50814e-17
0 3.5081e-17
0 3.50805e-17
0 3.50801e-17
0 3.50797e-17
0 3.50792e-17
0 3.50788e-17
0 3.50784e-17
0 3.5078e-17

