0 38817.1
0 2255.57
0 440.947
0 179.182
0 96.0917
0 59.2331
0 39.6726
0 28.0761
0 20.6652
0 15.6658
0 12.1521
0 9.60231
0 7.70357
0 6.25936
0 5.14118
0 4.26225
0 3.56235
0 2.99867
0 2.54018
0 2.16396
0 1.85281
0 1.59367
0 1.37648
0 1.19339
0 1.03825
0 0.906158
0 0.793197
0 0.696205
0 0.612614
0 0.540324
0 0.477606
0 0.423031
0 0.375408
0 0.333744
0 0.297204
0 0.265085
0 0.236791
0 0.211816
0 0.189728
0 0.170159
0 0.152791
0 0.137352
0 0.123607
0 0.111352
0 0.10041
0 0.0906276
0 0.0818713
0 0.0740238
0 0.0669829
0 0.0606588
0 0.0549725
0 0.0498546
0 0.045244
0 0.0410865
0 0.0373344
0 0.0339452
0 0.0308815
0 0.0281097
0 0.0256003
0 0.0233267
0 0.0212654
0 0.0193953
0 0.0176976
0 0.0161555
0 0.0147538
0 0.0134791
0 0.0123193
0 0.0112633
0 0.0103015
0 0.00942494
0 0.00862574
0 0.00789674
0 0.00723146
0 0.00662408
0 0.00606933
0 0.00556244
0 0.00509911
0 0.00467543
0 0.00428787
0 0.00393322
0 0.00360859
0 0.00331133
0 0.00303905
0 0.00278958
0 0.00256093
0 0.00235132
0 0.0021591
0 0.00198278
0 0.00182101
0 0.00167254
0 0.00153627
0 0.00141114
0 0.00129624
0 0.00119069
0 0.00109373
0 0.00100463
0 0.000922738
0 0.000847467
0 0.000778266
0 0.000714636
0 0.000656121
0 0.000602303
0 0.000552798
0 0.000507256
0 0.000465355
0 0.000426801
0 0.000391324
0 0.000358677
0 0.000328631
0 0.00030098
0 0.000275531
0 0.000252109
0 0.000230552
0 0.000210714
0 0.000192457
0 0.000175656
0 0.000160198
0 0.000145977
0 0.000132894
0 0.000120862
0 0.000109798
0 9.96273e-05
0 9.02796e-05
0 8.16916e-05
0 7.38043e-05
0 6.65639e-05
0 5.99206e-05
0 5.38285e-05
0 4.82457e-05
0 4.31334e-05
0 3.84559e-05
0 3.41803e-05
0 3.02765e-05
0 2.67168e-05
0 2.34754e-05
0 2.0529e-05
0 1.78559e-05
0 1.54362e-05
0 1.32517e-05
0 1.12855e-05
0 9.52232e-06
0 7.94799e-06
0 6.54955e-06
0 5.31512e-06
0 4.23383e-06
0 3.29577e-06
0 2.49185e-06
0 1.81383e-06
0 1.25418e-06
0 8.06099e-07
0 4.63405e-07
0 2.20536e-07
0 7.24929e-08
0 1.48036e-08
0 4.10905e-15
0 4.10666e-15
0 4.10431e-15
0 4.10199e-15
0 4.0997e-15
0 4.09745e-15
0 4.09522e-15
0 4.09303e-15
0 4.09086e-15
0 4.08873e-15
0 4.08662e-15
0 4.08454e-15
0 4.08248e-15
0 4.08045e-15
0 4.07845e-15
0 4.07648e-15
0 4.07453e-15
0 4.0726e-15
0 4.0707e-15
0 4.06882e-15
0 4.06697e-15
0 4.06513e-15
0 4.06333e-15
0 4.06154e-15
0 4.05977e-15
0 4.05803e-15
0 4.0563e-15
0 4.0546e-15
0 4.05292e-15
0 4.05125e-15
0 4.04961e-15
0 4.04799e-15
0 4.04638e-15
0 4.04479e-15
0 4.04322e-15
0 4.04167e-15
0 4.04014e-15
0 4.03862e-15
0 4.03712e-15
0 4.03563e-15
0 4.03417e-15
0 4.03272e-15
0 4.03128e-15
0 4.02986e-15
0 4.02846e-15
0 4.02707e-15
0 4.02569e-15
0 4.02433e-15
0 4.02299e-15
0 4.02166e-15
0 4.02034e-15
0 4.01903e-15
0 4.01774e-15
0 4.01647e-15
0 4.0152e-15
0 4.01395e-15
0 4.01271e-15
0 4.01149e-15
0 4.01027e-15
0 4.00907e-15
0 4.00788e-15
0 4.00671e-15
0 4.00554e-15
0 4.00438e-15
0 4.00324e-15
0 4.00211e-15
0 4.00099e-15
0 3.99988e-15
0 3.99878e-15
0 3.99769e-15
0 3.99661e-15
0 3.99554e-15
0 3.99448e-15
0 3.99343e-15
0 3.99239e-15
0 3.99136e-15
0 3.99034e-15
0 3.98933e-15
0 3.98833e-15
0 3.98733e-15
0 3.98635e-15
0 3.98537e-15
0 3.98441e-15
0 3.98345e-15
0 3.9825e-15
0 3.98156e-15
0 3.98063e-15
0 3.9797e-15
0 3.97879e-15
0 3.97788e-15
0 3.97698e-15
0 3.97608e-15
0 3.9752e-15
0 3.97432e-15
0 3.97345e-15
0 3.97259e-15
0 3.97173e-15
0 3.97089e-15
0 3.97004e-15
0 3.96921e-15
0 3.96838e-15
0 3.96756e-15
0 3.96675e-15
0 3.96594e-15
0 3.96514e-15
0 3.96435e-15
0 3.96356e-15
0 3.96278e-15
0 3.962e-15
0 3.96123e-15
0 3.96047e-15
0 3.95972e-15
0 3.95896e-15
0 3.95822e-15
0 3.95748e-15
0 3.95675e-15
0 3.95602e-15
0 3.9553e-15
0 3.95458e-15
0 3.95387e-15
0 3.95317e-15
0 3.95247e-15
0 3.95177e-15
0 3.95108e-15
0 3.9504e-15
0 3.94972e-15
0 3.94905e-15
0 3.94838e-15
0 3.94771e-15
0 3.94705e-15
0 3.9464e-15
0 3.94575e-15
0 3.94511e-15
0 3.94447e-15
0 3.94383e-15
0 3.9432e-15
0 3.94257e-15
0 3.94195e-15
0 3.94133e-15
0 3.94072e-15
0 3.94011e-15
0 3.93951e-15
0 3.93891e-15
0 3.93831e-15
0 3.93772e-15
0 3.93714e-15
0 3.93655e-15
0 3.93597e-15
0 3.9354e-15
0 3.93483e-15
0 3.93426e-15
0 3.9337e-15
0 3.93314e-15
0 3.93258e-15
0 3.93203e-15
0 3.93148e-15
0 3.93094e-15
0 3.93039e-15
0 3.92986e-15
0 3.92932e-15
0 3.92879e-15
0 3.92827e-15
0 3.92774e-15
0 3.92722e-15
0 3.92671e-15
0 3.92619e-15
0 3.92568e-15
0 3.92518e-15
0 3.92467e-15
0 3.92417e-15
0 3.92368e-15
0 3.92318e-15
0 3.92269e-15
0 3.92221e-15
0 3.92172e-15
0 3.92124e-15
0 3.92076e-15
0 3.92029e-15
0 3.91982e-15
0 3.91935e-15
0 3.91888e-15
0 3.91842e-15
0 3.91796e-15
0 3.9175e-15
0 3.91705e-15
0 3.91659e-15
0 3.91614e-15
0 3.9157e-15
0 3.91525e-15
0 3.91481e-15
0 3.91437e-15
0 3.91394e-15
0 3.91351e-15
0 3.91307e-15
0 3.91265e-15
0 3.91222e-15
0 3.9118e-15
0 3.91138e-15
0 3.91096e-15
0 3.91054e-15
0 3.91013e-15
0 3.90972e-15
0 3.90931e-15
0 3.90891e-15
0 3.9085e-15
0 3.9081e-15
0 3.9077e-15
0 3.90731e-15
0 3.90691e-15
0 3.90652e-15
0 3.90613e-15
0 3.90574e-15
0 3.90536e-15
0 3.90497e-15
0 3.90459e-15
0 3.90421e-15
0 3.90384e-15
0 3.90346e-15
0 3.90309e-15
0 3.90272e-15
0 3.90235e-15
0 3.90198e-15
0 3.90162e-15
0 3.90126e-15
0 3.9009e-15
0 3.90054e-15
0 3.90018e-15
0 3.89983e-15
0 3.89947e-15
0 3.89912e-15
0 3.89877e-15
0 3.89843e-15
0 3.89808e-15
0 3.89774e-15
0 3.8974e-15
0 3.89706e-15
0 3.89672e-15
0 3.89638e-15
0 3.89605e-15
0 3.89572e-15
0 3.89538e-15
0 3.89506e-15
0 3.89473e-15
0 3.8944e-15
0 3.89408e-15
0 3.89376e-15
0 3.89343e-15
0 3.89312e-15
0 3.8928e-15
0 3.89248e-15
0 3.89217e-15
0 3.89186e-15
0 3.89154e-15
0 3.89124e-15
0 3.89093e-15
0 3.89062e-15
0 3.89032e-15
0 3.89001e-15
0 3.88971e-15
0 3.88941e-15
0 3.88911e-15
0 3.88882e-15
0 3.88852e-15
0 3.88823e-15
0 3.88793e-15
0 3.88764e-15
0 3.88735e-15
0 3.88706e-15
0 3.88678e-15
0 3.88649e-15
0 3.88621e-15
0 3.88592e-15
0 3.88564e-15
0 3.88536e-15
0 3.88508e-15
0 3.8848e-15
0 3.88453e-15
0 3.88425e-15
0 3.88398e-15
0 3.88371e-15
0 3.88344e-15
0 3.88317e-15
0 3.8829e-15
0 3.88263e-15
0 3.88237e-15
0 3.8821e-15
0 3.88184e-15
0 3.88158e-15
0 3.88131e-15
0 3.88106e-15
0 3.8808e-15
0 3.88054e-15
0 3.88028e-15
0 3.88003e-15
0 3.87977e-15
0 3.87952e-15
0 3.87927e-15
0 3.87902e-15
0 3.87877e-15
0 3.87852e-15
0 3.87828e-15
0 3.87803e-15
0 3.87779e-15
0 3.87754e-15
0 3.8773e-15
0 3.87706e-15
0 3.87682e-15
0 3.87658e-15
0 3.87634e-15
0 3.8761e-15
0 3.87587e-15
0 3.87563e-15
0 3.8754e-15
0 3.87516e-15
0 3.87493e-15
0 3.8747e-15
0 3.87447e-15
0 3.87424e-15
0 3.87401e-15
0 3.87379e-15
0 3.87356e-15
0 3.87334e-15
0 3.87311e-15
0 3.87289e-15
0 3.87267e-15
0 3.87245e-15
0 3.87223e-15
0 3.87201e-15
0 3.87179e-15
0 3.87157e-15
0 3.87135e-15
0 3.87114e-15
0 3.87092e-15
0 3.87071e-15
0 3.8705e-15
0 3.87029e-15
0 3.87007e-15
0 3.86986e-15
0 3.86966e-15
0 3.86945e-15
0 3.86924e-15
0 3.86903e-15
0 3.86883e-15
0 3.86862e-15
0 3.86842e-15
0 3.86821e-15
0 3.86801e-15
0 3.86781e-15
0 3.86761e-15
0 3.86741e-15
0 3.86721e-15
0 3.86701e-15
0 3.86681e-15
0 3.86662e-15
0 3.86642e-15
0 3.86623e-15
0 3.86603e-15
0 3.86584e-15
0 3.86565e-15
0 3.86545e-15
0 3.86526e-15
0 3.86507e-15
0 3.86488e-15
0 3.86469e-15
0 3.8645e-15
0 3.86432e-15
0 3.86413e-15
0 3.86394e-15
0 3.86376e-15
0 3.86357e-15
0 3.86339e-15
0 3.86321e-15
0 3.86302e-15
0 3.86284e-15
0 3.86266e-15
0 3.86248e-15
0 3.8623e-15
0 3.86212e-15
0 3.86194e-15
0 3.86177e-15
0 3.86159e-15
0 3.86141e-15
0 3.86124e-15
0 3.86106e-15
0 3.86089e-15
0 3.86072e-15
0 3.86054e-15
0 3.86037e-15
0 3.8602e-15
0 3.86003e-15
0 3.85986e-15
0 3.85969e-15
0 3.85952e-15
0 3.85935e-15
0 3.85918e-15
0 3.85901e-15
0 3.85885e-15
0 3.85868e-15
0 3.85852e-15
0 3.85835e-15
0 3.85819e-15
0 3.85803e-15
0 3.85786e-15
0 3.8577e-15
0 3.85754e-15
0 3.85738e-15
0 3.85722e-15
0 3.85706e-15
0 3.8569e-15
0 3.85674e-15
0 3.85658e-15
0 3.85642e-15
0 3.85627e-15
0 3.85611e-15
0 3.85595e-15
0 3.8558e-15
0 3.85564e-15
0 3.85549e-15
0 3.85534e-15
0 3.85518e-15
0 3.85503e-15
0 3.85488e-15
0 3.85473e-15
0 3.85458e-15
0 3.85442e-15
0 3.85428e-15
0 3.85413e-15
0 3.85398e-15
0 3.85383e-15
0 3.85368e-15
0 3.85353e-15
0 3.85339e-15
0 3.85324e-15
0 3.85309e-15
0 3.85295e-15
0 3.8528e-15
0 3.85266e-15
0 3.85252e-15
0 3.85237e-15
0 3.85223e-15
0 3.85209e-15
0 3.85195e-15
0 3.85181e-15
0 3.85166e-15
0 3.85152e-15
0 3.85138e-15
0 3.85125e-15
0 3.85111e-15
0 3.85097e-15
0 3.85083e-15
0 3.85069e-15
0 3.85056e-15
0 3.85042e-15
0 3.85028e-15
0 3.85015e-15
0 3.85001e-15
0 3.84988e-15
0 3.84974e-15
0 3.84961e-15
0 3.84948e-15
0 3.84934e-15
0 3.84921e-15
0 3.84908e-15
0 3.84895e-15
0 3.84882e-15
0 3.84868e-15
0 3.84855e-15
0 3.84842e-15
0 3.8483e-15
0 3.84817e-15
0 3.84804e-15
0 3.84791e-15
0 3.84778e-15
0 3.84765e-15
0 3.84753e-15
0 3.8474e-15
0 3.84727e-15
0 3.84715e-15
0 3.84702e-15
0 3.8469e-15
0 3.84677e-15
0 3.84665e-15
0 3.84653e-15
0 3.8464e-15
0 3.84628e-15
0 3.84616e-15
0 3.84604e-15
0 3.84591e-15
0 3.84579e-15
0 3.84567e-15
0 3.84555e-15
0 3.84543e-15
0 3.84531e-15
0 3.84519e-15
0 3.84507e-15
0 3.84495e-15
0 3.84483e-15
0 3.84472e-15
0 3.8446e-15
0 3.84448e-15
0 3.84437e-15
0 3.84425e-15
0 3.84413e-15
0 3.84402e-15
0 3.8439e-15
0 3.84379e-15
0 3.84367e-15
0 3.84356e-15
0 3.84344e-15
0 3.84333e-15
0 3.84322e-15
0 3.8431e-15
0 3.84299e-15
0 3.84288e-15
0 3.84277e-15
0 3.84266e-15
0 3.84254e-15
0 3.84243e-15
0 3.84232e-15
0 3.84221e-15
0 3.8421e-15
0 3.84199e-15
0 3.84188e-15
0 3.84177e-15
0 3.84167e-15
0 3.84156e-15
0 3.84145e-15
0 3.84134e-15
0 3.84123e-15
0 3.84113e-15
0 3.84102e-15
0 3.84091e-15
0 3.84081e-15
0 3.8407e-15
0 3.8406e-15
0 3.84049e-15
0 3.84039e-15
0 3.84028e-15
0 3.84018e-15
0 3.84008e-15
0 3.83997e-15
0 3.83987e-15
0 3.83977e-15
0 3.83966e-15
0 3.83956e-15
0 3.83946e-15
0 3.83936e-15
0 3.83926e-15
0 3.83915e-15
0 3.83905e-15
0 3.83895e-15
0 3.83885e-15
0 3.83875e-15
0 3.83865e-15
0 3.83855e-15
0 3.83845e-15
0 3.83836e-15
0 3.83826e-15
0 3.83816e-15
0 3.83806e-15
0 3.83796e-15
0 3.83787e-15
0 3.83777e-15
0 3.83767e-15
0 3.83758e-15
0 3.83748e-15
0 3.83738e-15
0 3.83729e-15
0 3.83719e-15
0 3.8371e-15
0 3.837e-15
0 3.83691e-15
0 3.83681e-15
0 3.83672e-15
0 3.83662e-15
0 3.83653e-15
0 3.83644e-15
0 3.83634e-15
0 3.83625e-15
0 3.83616e-15
0 3.83607e-15
0 3.83597e-15
0 3.83588e-15
0 3.83579e-15
0 3.8357e-15
0 3.83561e-15
0 3.83552e-15
0 3.83543e-15
0 3.83534e-15
0 3.83525e-15
0 3.83516e-15
0 3.83507e-15
0 3.83498e-15
0 3.83489e-15
0 3.8348e-15
0 3.83471e-15
0 3.83462e-15
0 3.83453e-15
0 3.83445e-15
0 3.83436e-15
0 3.83427e-15
0 3.83418e-15
0 3.8341e-15
0 3.83401e-15
0 3.83392e-15
0 3.83384e-15
0 3.83375e-15
0 3.83367e-15
0 3.83358e-15
0 3.83349e-15
0 3.83341e-15
0 3.83332e-15
0 3.83324e-15
0 3.83316e-15
0 3.83307e-15
0 3.83299e-15
0 3.8329e-15
0 3.83282e-15
0 3.83274e-15
0 3.83265e-15
0 3.83257e-15
0 3.83249e-15
0 3.83241e-15
0 3.83232e-15
0 3.83224e-15
0 3.83216e-15
0 3.83208e-15
0 3.832e-15
0 3.83192e-15
0 3.83183e-15
0 3.83175e-15
0 3.83167e-15
0 3.83159e-15
0 3.83151e-15
0 3.83143e-15
0 3.83135e-15
0 3.83127e-15
0 3.83119e-15
0 3.83111e-15
0 3.83104e-15
0 3.83096e-15
0 3.83088e-15
0 3.8308e-15
0 3.83072e-15
0 3.83064e-15
0 3.83057e-15
0 3.83049e-15
0 3.83041e-15
0 3.83033e-15
0 3.83026e-15
0 3.83018e-15
0 3.8301e-15
0 3.83003e-15
0 3.82995e-15
0 3.82988e-15
0 3.8298e-15
0 3.82972e-15
0 3.82965e-15
0 3.82957e-15
0 3.8295e-15
0 3.82942e-15
0 3.82935e-15
0 3.82927e-15
0 3.8292e-15
0 3.82913e-15
0 3.82905e-15
0 3.82898e-15
0 3.82891e-15
0 3.82883e-15
0 3.82876e-15
0 3.82869e-15
0 3.82861e-15
0 3.82854e-15
0 3.82847e-15
0 3.8284e-15
0 3.82832e-15
0 3.82825e-15
0 3.82818e-15
0 3.82811e-15
0 3.82804e-15
0 3.82797e-15
0 3.82789e-15
0 3.82782e-15
0 3.82775e-15
0 3.82768e-15
0 3.82761e-15
0 3.82754e-15
0 3.82747e-15
0 3.8274e-15
0 3.82733e-15
0 3.82726e-15
0 3.82719e-15
0 3.82712e-15
0 3.82706e-15
0 3.82699e-15
0 3.82692e-15
0 3.82685e-15
0 3.82678e-15
0 3.82671e-15
0 3.82664e-15
0 3.82658e-15
0 3.82651e-15
0 3.82644e-15
0 3.82637e-15
0 3.82631e-15
0 3.82624e-15
0 3.82617e-15
0 3.82611e-15
0 3.82604e-15
0 3.82597e-15
0 3.82591e-15
0 3.82584e-15
0 3.82577e-15
0 3.82571e-15
0 3.82564e-15
0 3.82558e-15
0 3.82551e-15
0 3.82545e-15
0 3.82538e-15
0 3.82532e-15
0 3.82525e-15
0 3.82519e-15
0 3.82512e-15
0 3.82506e-15
0 3.82499e-15
0 3.82493e-15
0 3.82487e-15
0 3.8248e-15
0 3.82474e-15
0 3.82468e-15
0 3.82461e-15
0 3.82455e-15
0 3.82449e-15
0 3.82442e-15
0 3.82436e-15
0 3.8243e-15
0 3.82424e-15
0 3.82417e-15
0 3.82411e-15
0 3.82405e-15
0 3.82399e-15
0 3.82393e-15
0 3.82386e-15
0 3.8238e-15
0 3.82374e-15
0 3.82368e-15
0 3.82362e-15
0 3.82356e-15
0 3.8235e-15
0 3.82344e-15
0 3.82338e-15
0 3.82332e-15
0 3.82326e-15
0 3.8232e-15
0 3.82314e-15
0 3.82308e-15
0 3.82302e-15
0 3.82296e-15
0 3.8229e-15
0 3.82284e-15
0 3.82278e-15
0 3.82272e-15
0 3.82266e-15
0 3.8226e-15
0 3.82254e-15
0 3.82249e-15
0 3.82243e-15
0 3.82237e-15
0 3.82231e-15
0 3.82225e-15
0 3.82219e-15
0 3.82214e-15
0 3.82208e-15
0 3.82202e-15
0 3.82196e-15
0 3.82191e-15
0 3.82185e-15
0 3.82179e-15
0 3.82174e-15
0 3.82168e-15
0 3.82162e-15
0 3.82157e-15
0 3.82151e-15
0 3.82145e-15
0 3.8214e-15
0 3.82134e-15
0 3.82129e-15
0 3.82123e-15
0 3.82117e-15
0 3.82112e-15
0 3.82106e-15
0 3.82101e-15
0 3.82095e-15
0 3.8209e-15
0 3.82084e-15
0 3.82079e-15
0 3.82073e-15
0 3.82068e-15
0 3.82063e-15
0 3.82057e-15
0 3.82052e-15
0 3.82046e-15
0 3.82041e-15
0 3.82035e-15
0 3.8203e-15
0 3.82025e-15
0 3.82019e-15
0 3.82014e-15
0 3.82009e-15
0 3.82003e-15
0 3.81998e-15
0 3.81993e-15
0 3.81987e-15
0 3.81982e-15
0 3.81977e-15
0 3.81972e-15
0 3.81966e-15
0 3.81961e-15
0 3.81956e-15
0 3.81951e-15
0 3.81946e-15
0 3.8194e-15
0 3.81935e-15
0 3.8193e-15
0 3.81925e-15
0 3.8192e-15
0 3.81915e-15
0 3.8191e-15
0 3.81904e-15
0 3.81899e-15
0 3.81894e-15
0 3.81889e-15
0 3.81884e-15
0 3.81879e-15
0 3.81874e-15
0 3.81869e-15
0 3.81864e-15
0 3.81859e-15
0 3.81854e-15
0 3.81849e-15
0 3.81844e-15
0 3.81839e-15
0 3.81834e-15
0 3.81829e-15
0 3.81824e-15
0 3.81819e-15

