0 0.220012
0 0.218345
0 0.213927
0 0.206984
0 0.197831
0 0.186862
0 0.17452
0 0.16126
0 0.147523
0 0.133707
0 0.120154
0 0.10714
0 0.0948704
0 0.0834853
0 0.0730661
0 0.0636443
0 0.0552126
0 0.0477339
0 0.0411512
0 0.0353947
0 0.0303883
0 0.0260541
0 0.0223159
0 0.0191015
0 0.0163442
0 0.0139834
0 0.0119649
0 0.0102407
0 0.00876875
0 0.00751262
0 0.00644068
0 0.00552578
0 0.00474465
0 0.00407741
0 0.0035071
0 0.00301929
0 0.00260174
0 0.00224402
0 0.00193729
0 0.00167404
0 0.00144789
0 0.00125344
0 0.00108607
0 0.00094189
0 0.000817555
0 0.000710237
0 0.00061752
0 0.000537344
0 0.00046795
0 0.000407835
0 0.000355713
0 0.000310483
0 0.0002712
0 0.000237055
0 0.000207353
0 0.000181494
0 0.000158966
0 0.000139323
0 0.000122185
0 0.000107221
0 9.41466e-05
0 8.27154e-05
0 7.27143e-05
0 6.39587e-05
0 5.62888e-05
0 4.95657e-05
0 4.36691e-05
0 3.84943e-05
0 3.39503e-05
0 2.99579e-05
0 2.64483e-05
0 2.33614e-05
0 2.06448e-05
0 1.82528e-05
0 1.61457e-05
0 1.42884e-05
0 1.26506e-05
0 1.12057e-05
0 9.93019e-06
0 8.80381e-06
0 7.80862e-06
0 6.92894e-06
0 6.151e-06
0 5.46272e-06
0 4.8535e-06
0 4.31402e-06
0 3.83605e-06
0 3.41238e-06
0 3.03667e-06
0 2.70333e-06
0 2.40746e-06
0 2.14473e-06
0 1.91133e-06
0 1.7039e-06
0 1.51948e-06
0 1.35546e-06
0 1.20952e-06
0 1.07963e-06
0 9.63966e-07
0 8.60947e-07
0 7.69157e-07
0 6.87344e-07
0 6.144e-07
0 5.49343e-07
0 4.91302e-07
0 4.39505e-07
0 3.93267e-07
0 3.51979e-07
0 3.151e-07
0 2.82152e-07
0 2.52706e-07
0 2.26384e-07
0 2.02848e-07
0 1.81798e-07
0 1.62967e-07
0 1.46116e-07
0 1.31034e-07
0 1.17533e-07
0 1.05443e-07
0 9.46145e-08
0 8.49141e-08
0 7.62222e-08
0 6.84324e-08
0 6.14496e-08
0 5.51889e-08
0 4.95745e-08
0 4.45388e-08
0 4.00211e-08
0 3.59675e-08
0 3.23296e-08
0 2.90642e-08
0 2.61327e-08
0 2.35003e-08
0 2.11363e-08
0 1.90128e-08
0 1.71051e-08
0 1.5391e-08
0 1.38506e-08
0 1.2466e-08
0 1.12214e-08
0 1.01023e-08
0 9.09606e-09
0 8.19105e-09
0 7.37701e-09
0 6.64469e-09
0 5.98579e-09
0 5.39286e-09
0 4.85924e-09
0 4.37892e-09
0 3.94652e-09
0 3.55721e-09
0 3.20666e-09
0 2.89095e-09
0 2.60661e-09
0 2.35047e-09
0 2.11971e-09
0 1.9118e-09
0 1.72445e-09
0 1.5556e-09
0 1.40342e-09
0 1.26624e-09
0 1.14257e-09
0 1.03107e-09
0 9.30522e-10
0 8.39852e-10
0 7.58076e-10
0 6.84315e-10
0 6.17777e-10
0 5.57749e-10
0 5.03588e-10
0 4.54717e-10
0 4.10614e-10
0 3.70811e-10
0 3.34885e-10
0 3.02455e-10
0 2.7318e-10
0 2.46749e-10
0 2.22884e-10
0 2.01335e-10
0 1.81875e-10
0 1.643e-10
0 1.48427e-10
0 1.34089e-10
0 1.21137e-10
0 1.09436e-10
0 9.88643e-11
0 8.93128e-11
0 8.06821e-11
0 7.2883e-11
0 6.5835e-11
0 5.94652e-11
0 5.37081e-11
0 4.85044e-11
0 4.38007e-11
0 3.95487e-11
0 3.5705e-11
0 3.223e-11
0 2.90884e-11
0 2.6248e-11
0 2.36798e-11
0 2.13578e-11
0 1.92583e-11
0 1.73599e-11
0 1.56433e-11
0 1.40912e-11
0 1.26877e-11
0 1.14188e-11
0 1.02714e-11
0 9.23413e-12
0 8.29633e-12
0 7.44859e-12
0 6.68231e-12
0 5.98975e-12
0 5.3639e-12
0 4.79849e-12
0 4.28776e-12
0 3.82653e-12
0 3.41018e-12
0 3.03444e-12
0 2.69555e-12
0 2.39003e-12
0 2.11481e-12
0 1.86705e-12
0 1.64422e-12
0 1.44406e-12
0 1.26451e-12
0 1.10367e-12
0 9.59898e-13
0 8.31716e-13
0 7.17725e-13
0 6.1674e-13
0 5.27681e-13
0 4.49542e-13
0 3.815e-13
0 3.22766e-13
0 2.72674e-13
0 2.30599e-13
0 1.96056e-13
0 1.68566e-13
0 1.47731e-13
0 1.33249e-13
0 1.24819e-13
0 2.75073e-18
0 2.74955e-18
0 2.74839e-18
0 2.74723e-18
0 2.74608e-18
0 2.74495e-18
0 2.74382e-18
0 2.74271e-18
0 2.7416e-18
0 2.74051e-18
0 2.73942e-18
0 2.73834e-18
0 2.73727e-18
0 2.73621e-18
0 2.73517e-18
0 2.73412e-18
0 2.73309e-18
0 2.73207e-18
0 2.73106e-18
0 2.73005e-18
0 2.72905e-18
0 2.72806e-18
0 2.72708e-18
0 2.72611e-18
0 2.72514e-18
0 2.72419e-18
0 2.72324e-18
0 2.7223e-18
0 2.72136e-18
0 2.72044e-18
0 2.71952e-18
0 2.7186e-18
0 2.7177e-18
0 2.7168e-18
0 2.71591e-18
0 2.71503e-18
0 2.71415e-18
0 2.71328e-18
0 2.71242e-18
0 2.71157e-18
0 2.71072e-18
0 2.70987e-18
0 2.70904e-18
0 2.70821e-18
0 2.70738e-18
0 2.70657e-18
0 2.70575e-18
0 2.70495e-18
0 2.70415e-18
0 2.70336e-18
0 2.70257e-18
0 2.70179e-18
0 2.70101e-18
0 2.70024e-18
0 2.69948e-18
0 2.69872e-18
0 2.69797e-18
0 2.69722e-18
0 2.69648e-18
0 2.69574e-18
0 2.69501e-18
0 2.69428e-18
0 2.69356e-18
0 2.69284e-18
0 2.69213e-18
0 2.69143e-18
0 2.69072e-18
0 2.69003e-18
0 2.68934e-18
0 2.68865e-18
0 2.68797e-18
0 2.68729e-18
0 2.68662e-18
0 2.68595e-18
0 2.68529e-18
0 2.68463e-18
0 2.68397e-18
0 2.68332e-18
0 2.68268e-18
0 2.68203e-18
0 2.6814e-18
0 2.68076e-18
0 2.68014e-18
0 2.67951e-18
0 2.67889e-18
0 2.67827e-18
0 2.67766e-18
0 2.67705e-18
0 2.67645e-18
0 2.67585e-18
0 2.67525e-18
0 2.67466e-18
0 2.67407e-18
0 2.67349e-18
0 2.6729e-18
0 2.67233e-18
0 2.67175e-18
0 2.67118e-18
0 2.67062e-18
0 2.67005e-18
0 2.66949e-18
0 2.66894e-18
0 2.66838e-18
0 2.66783e-18
0 2.66729e-18
0 2.66675e-18
0 2.66621e-18
0 2.66567e-18
0 2.66514e-18
0 2.66461e-18
0 2.66408e-18
0 2.66356e-18
0 2.66304e-18
0 2.66252e-18
0 2.66201e-18
0 2.6615e-18
0 2.66099e-18
0 2.66049e-18
0 2.65999e-18
0 2.65949e-18
0 2.65899e-18
0 2.6585e-18
0 2.65801e-18
0 2.65752e-18
0 2.65704e-18
0 2.65656e-18
0 2.65608e-18
0 2.6556e-18
0 2.65513e-18
0 2.65466e-18
0 2.65419e-18
0 2.65373e-18
0 2.65327e-18
0 2.65281e-18
0 2.65235e-18
0 2.65189e-18
0 2.65144e-18
0 2.65099e-18
0 2.65055e-18
0 2.6501e-18
0 2.64966e-18
0 2.64922e-18
0 2.64878e-18
0 2.64835e-18
0 2.64792e-18
0 2.64749e-18
0 2.64706e-18
0 2.64664e-18
0 2.64621e-18
0 2.64579e-18
0 2.64537e-18
0 2.64496e-18
0 2.64454e-18
0 2.64413e-18
0 2.64372e-18
0 2.64332e-18
0 2.64291e-18
0 2.64251e-18
0 2.64211e-18
0 2.64171e-18
0 2.64131e-18
0 2.64092e-18
0 2.64053e-18
0 2.64014e-18
0 2.63975e-18
0 2.63936e-18
0 2.63898e-18
0 2.6386e-18
0 2.63822e-18
0 2.63784e-18
0 2.63746e-18
0 2.63709e-18
0 2.63671e-18
0 2.63634e-18
0 2.63597e-18
0 2.63561e-18
0 2.63524e-18
0 2.63488e-18
0 2.63452e-18
0 2.63416e-18
0 2.6338e-18
0 2.63345e-18
0 2.63309e-18
0 2.63274e-18
0 2.63239e-18
0 2.63204e-18
0 2.63169e-18
0 2.63135e-18
0 2.631e-18
0 2.63066e-18
0 2.63032e-18
0 2.62998e-18
0 2.62965e-18
0 2.62931e-18
0 2.62898e-18
0 2.62864e-18
0 2.62831e-18
0 2.62798e-18
0 2.62766e-18
0 2.62733e-18
0 2.62701e-18
0 2.62668e-18
0 2.62636e-18
0 2.62604e-18
0 2.62572e-18
0 2.62541e-18
0 2.62509e-18
0 2.62478e-18
0 2.62447e-18
0 2.62416e-18
0 2.62385e-18
0 2.62354e-18
0 2.62323e-18
0 2.62293e-18
0 2.62262e-18
0 2.62232e-18
0 2.62202e-18
0 2.62172e-18
0 2.62142e-18
0 2.62113e-18
0 2.62083e-18
0 2.62054e-18
0 2.62024e-18
0 2.61995e-18
0 2.61966e-18
0 2.61937e-18
0 2.61909e-18
0 2.6188e-18
0 2.61852e-18
0 2.61823e-18
0 2.61795e-18
0 2.61767e-18
0 2.61739e-18
0 2.61711e-18
0 2.61683e-18
0 2.61656e-18
0 2.61628e-18
0 2.61601e-18
0 2.61573e-18
0 2.61546e-18
0 2.61519e-18
0 2.61492e-18
0 2.61466e-18
0 2.61439e-18
0 2.61412e-18
0 2.61386e-18
0 2.6136e-18
0 2.61333e-18
0 2.61307e-18
0 2.61281e-18
0 2.61255e-18
0 2.6123e-18
0 2.61204e-18
0 2.61178e-18
0 2.61153e-18
0 2.61128e-18
0 2.61102e-18
0 2.61077e-18
0 2.61052e-18
0 2.61027e-18
0 2.61003e-18
0 2.60978e-18
0 2.60953e-18
0 2.60929e-18
0 2.60904e-18
0 2.6088e-18
0 2.60856e-18
0 2.60832e-18
0 2.60808e-18
0 2.60784e-18
0 2.6076e-18
0 2.60736e-18
0 2.60713e-18
0 2.60689e-18
0 2.60666e-18
0 2.60642e-18
0 2.60619e-18
0 2.60596e-18
0 2.60573e-18
0 2.6055e-18
0 2.60527e-18
0 2.60504e-18
0 2.60482e-18
0 2.60459e-18
0 2.60437e-18
0 2.60414e-18
0 2.60392e-18
0 2.6037e-18
0 2.60348e-18
0 2.60325e-18
0 2.60303e-18
0 2.60282e-18
0 2.6026e-18
0 2.60238e-18
0 2.60216e-18
0 2.60195e-18
0 2.60173e-18
0 2.60152e-18
0 2.60131e-18
0 2.6011e-18
0 2.60088e-18
0 2.60067e-18
0 2.60046e-18
0 2.60026e-18
0 2.60005e-18
0 2.59984e-18
0 2.59963e-18
0 2.59943e-18
0 2.59922e-18
0 2.59902e-18
0 2.59881e-18
0 2.59861e-18
0 2.59841e-18
0 2.59821e-18
0 2.59801e-18
0 2.59781e-18
0 2.59761e-18
0 2.59741e-18
0 2.59721e-18
0 2.59702e-18
0 2.59682e-18
0 2.59663e-18
0 2.59643e-18
0 2.59624e-18
0 2.59605e-18
0 2.59585e-18
0 2.59566e-18
0 2.59547e-18
0 2.59528e-18
0 2.59509e-18
0 2.5949e-18
0 2.59471e-18
0 2.59453e-18
0 2.59434e-18
0 2.59415e-18
0 2.59397e-18
0 2.59378e-18
0 2.5936e-18
0 2.59342e-18
0 2.59323e-18
0 2.59305e-18
0 2.59287e-18
0 2.59269e-18
0 2.59251e-18
0 2.59233e-18
0 2.59215e-18
0 2.59197e-18
0 2.59179e-18
0 2.59162e-18
0 2.59144e-18
0 2.59126e-18
0 2.59109e-18
0 2.59091e-18
0 2.59074e-18
0 2.59057e-18
0 2.59039e-18
0 2.59022e-18
0 2.59005e-18
0 2.58988e-18
0 2.58971e-18
0 2.58954e-18
0 2.58937e-18
0 2.5892e-18
0 2.58903e-18
0 2.58887e-18
0 2.5887e-18
0 2.58853e-18
0 2.58837e-18
0 2.5882e-18
0 2.58804e-18
0 2.58787e-18
0 2.58771e-18
0 2.58755e-18
0 2.58738e-18
0 2.58722e-18
0 2.58706e-18
0 2.5869e-18
0 2.58674e-18
0 2.58658e-18
0 2.58642e-18
0 2.58626e-18
0 2.58611e-18
0 2.58595e-18
0 2.58579e-18
0 2.58563e-18
0 2.58548e-18
0 2.58532e-18
0 2.58517e-18
0 2.58501e-18
0 2.58486e-18
0 2.58471e-18
0 2.58455e-18
0 2.5844e-18
0 2.58425e-18
0 2.5841e-18
0 2.58395e-18
0 2.5838e-18
0 2.58365e-18
0 2.5835e-18
0 2.58335e-18
0 2.5832e-18
0 2.58305e-18
0 2.5829e-18
0 2.58276e-18
0 2.58261e-18
0 2.58246e-18
0 2.58232e-18
0 2.58217e-18
0 2.58203e-18
0 2.58188e-18
0 2.58174e-18
0 2.5816e-18
0 2.58145e-18
0 2.58131e-18
0 2.58117e-18
0 2.58103e-18
0 2.58089e-18
0 2.58074e-18
0 2.5806e-18
0 2.58046e-18
0 2.58033e-18
0 2.58019e-18
0 2.58005e-18
0 2.57991e-18
0 2.57977e-18
0 2.57963e-18
0 2.5795e-18
0 2.57936e-18
0 2.57923e-18
0 2.57909e-18
0 2.57895e-18
0 2.57882e-18
0 2.57869e-18
0 2.57855e-18
0 2.57842e-18
0 2.57829e-18
0 2.57815e-18
0 2.57802e-18
0 2.57789e-18
0 2.57776e-18
0 2.57763e-18
0 2.5775e-18
0 2.57737e-18
0 2.57724e-18
0 2.57711e-18
0 2.57698e-18
0 2.57685e-18
0 2.57672e-18
0 2.57659e-18
0 2.57646e-18
0 2.57634e-18
0 2.57621e-18
0 2.57608e-18
0 2.57596e-18
0 2.57583e-18
0 2.57571e-18
0 2.57558e-18
0 2.57546e-18
0 2.57533e-18
0 2.57521e-18
0 2.57509e-18
0 2.57496e-18
0 2.57484e-18
0 2.57472e-18
0 2.5746e-18
0 2.57447e-18
0 2.57435e-18
0 2.57423e-18
0 2.57411e-18
0 2.57399e-18
0 2.57387e-18
0 2.57375e-18
0 2.57363e-18
0 2.57351e-18
0 2.5734e-18
0 2.57328e-18
0 2.57316e-18
0 2.57304e-18
0 2.57292e-18
0 2.57281e-18
0 2.57269e-18
0 2.57258e-18
0 2.57246e-18
0 2.57234e-18
0 2.57223e-18
0 2.57211e-18
0 2.572e-18
0 2.57189e-18
0 2.57177e-18
0 2.57166e-18
0 2.57154e-18
0 2.57143e-18
0 2.57132e-18
0 2.57121e-18
0 2.5711e-18
0 2.57098e-18
0 2.57087e-18
0 2.57076e-18
0 2.57065e-18
0 2.57054e-18
0 2.57043e-18
0 2.57032e-18
0 2.57021e-18
0 2.5701e-18
0 2.56999e-18
0 2.56988e-18
0 2.56978e-18
0 2.56967e-18
0 2.56956e-18
0 2.56945e-18
0 2.56935e-18
0 2.56924e-18
0 2.56913e-18
0 2.56903e-18
0 2.56892e-18
0 2.56881e-18
0 2.56871e-18
0 2.5686e-18
0 2.5685e-18
0 2.5684e-18
0 2.56829e-18
0 2.56819e-18
0 2.56808e-18
0 2.56798e-18
0 2.56788e-18
0 2.56777e-18
0 2.56767e-18
0 2.56757e-18
0 2.56747e-18
0 2.56737e-18
0 2.56726e-18
0 2.56716e-18
0 2.56706e-18
0 2.56696e-18
0 2.56686e-18
0 2.56676e-18
0 2.56666e-18
0 2.56656e-18
0 2.56646e-18
0 2.56636e-18
0 2.56626e-18
0 2.56617e-18
0 2.56607e-18
0 2.56597e-18
0 2.56587e-18
0 2.56577e-18
0 2.56568e-18
0 2.56558e-18
0 2.56548e-18
0 2.56539e-18
0 2.56529e-18
0 2.56519e-18
0 2.5651e-18
0 2.565e-18
0 2.56491e-18
0 2.56481e-18
0 2.56472e-18
0 2.56462e-18
0 2.56453e-18
0 2.56444e-18
0 2.56434e-18
0 2.56425e-18
0 2.56416e-18
0 2.56406e-18
0 2.56397e-18
0 2.56388e-18
0 2.56378e-18
0 2.56369e-18
0 2.5636e-18
0 2.56351e-18
0 2.56342e-18
0 2.56333e-18
0 2.56324e-18
0 2.56314e-18
0 2.56305e-18
0 2.56296e-18
0 2.56287e-18
0 2.56278e-18
0 2.56269e-18
0 2.5626e-18
0 2.56252e-18
0 2.56243e-18
0 2.56234e-18
0 2.56225e-18
0 2.56216e-18
0 2.56207e-18
0 2.56199e-18
0 2.5619e-18
0 2.56181e-18
0 2.56172e-18
0 2.56164e-18
0 2.56155e-18
0 2.56146e-18
0 2.56138e-18
0 2.56129e-18
0 2.56121e-18
0 2.56112e-18
0 2.56103e-18
0 2.56095e-18
0 2.56086e-18
0 2.56078e-18
0 2.56069e-18
0 2.56061e-18
0 2.56053e-18
0 2.56044e-18
0 2.56036e-18
0 2.56027e-18
0 2.56019e-18
0 2.56011e-18
0 2.56002e-18
0 2.55994e-18
0 2.55986e-18
0 2.55978e-18
0 2.55969e-18
0 2.55961e-18
0 2.55953e-18
0 2.55945e-18
0 2.55937e-18
0 2.55929e-18
0 2.55921e-18
0 2.55912e-18
0 2.55904e-18
0 2.55896e-18
0 2.55888e-18
0 2.5588e-18
0 2.55872e-18
0 2.55864e-18
0 2.55856e-18
0 2.55848e-18
0 2.55841e-18
0 2.55833e-18
0 2.55825e-18
0 2.55817e-18
0 2.55809e-18
0 2.55801e-18
0 2.55793e-18
0 2.55786e-18
0 2.55778e-18
0 2.5577e-18
0 2.55762e-18
0 2.55755e-18
0 2.55747e-18
0 2.55739e-18
0 2.55732e-18
0 2.55724e-18
0 2.55716e-18
0 2.55709e-18
0 2.55701e-18
0 2.55694e-18
0 2.55686e-18
0 2.55679e-18
0 2.55671e-18
0 2.55664e-18
0 2.55656e-18
0 2.55649e-18
0 2.55641e-18
0 2.55634e-18
0 2.55626e-18
0 2.55619e-18
0 2.55612e-18
0 2.55604e-18
0 2.55597e-18
0 2.55589e-18
0 2.55582e-18
0 2.55575e-18
0 2.55568e-18
0 2.5556e-18
0 2.55553e-18
0 2.55546e-18
0 2.55539e-18
0 2.55531e-18
0 2.55524e-18
0 2.55517e-18
0 2.5551e-18
0 2.55503e-18
0 2.55496e-18
0 2.55489e-18
0 2.55481e-18
0 2.55474e-18
0 2.55467e-18
0 2.5546e-18
0 2.55453e-18
0 2.55446e-18
0 2.55439e-18
0 2.55432e-18
0 2.55425e-18
0 2.55418e-18
0 2.55411e-18
0 2.55405e-18
0 2.55398e-18
0 2.55391e-18
0 2.55384e-18
0 2.55377e-18
0 2.5537e-18
0 2.55363e-18
0 2.55357e-18
0 2.5535e-18
0 2.55343e-18
0 2.55336e-18
0 2.55329e-18
0 2.55323e-18
0 2.55316e-18
0 2.55309e-18
0 2.55303e-18
0 2.55296e-18
0 2.55289e-18
0 2.55283e-18
0 2.55276e-18
0 2.55269e-18
0 2.55263e-18
0 2.55256e-18
0 2.5525e-18
0 2.55243e-18
0 2.55236e-18
0 2.5523e-18
0 2.55223e-18
0 2.55217e-18
0 2.5521e-18
0 2.55204e-18
0 2.55197e-18
0 2.55191e-18
0 2.55185e-18
0 2.55178e-18
0 2.55172e-18
0 2.55165e-18
0 2.55159e-18
0 2.55153e-18
0 2.55146e-18
0 2.5514e-18
0 2.55134e-18
0 2.55127e-18
0 2.55121e-18
0 2.55115e-18
0 2.55108e-18
0 2.55102e-18
0 2.55096e-18
0 2.5509e-18
0 2.55083e-18
0 2.55077e-18
0 2.55071e-18
0 2.55065e-18
0 2.55059e-18
0 2.55052e-18
0 2.55046e-18
0 2.5504e-18
0 2.55034e-18
0 2.55028e-18
0 2.55022e-18
0 2.55016e-18
0 2.5501e-18
0 2.55004e-18
0 2.54998e-18
0 2.54991e-18
0 2.54985e-18
0 2.54979e-18
0 2.54973e-18
0 2.54967e-18
0 2.54962e-18

