0 1.44798e+07
0 26701.2
0 7801.47
0 3427.28
0 1829.61
0 1099.31
0 715.087
0 492.297
0 353.579
0 262.392
0 199.841
0 155.438
0 123.019
0 98.7907
0 80.3219
0 66.0041
0 54.7414
0 45.7688
0 38.5407
0 32.6602
0 27.8342
0 23.8422
0 20.517
0 17.7293
0 15.3788
0 13.3864
0 11.6895
0 10.2378
0 8.99079
0 7.91563
0 6.98539
0 6.17794
0 5.47496
0 4.86123
0 4.32401
0 3.85261
0 3.43802
0 3.07261
0 2.74988
0 2.46432
0 2.21117
0 1.98639
0 1.78646
0 1.60837
0 1.44951
0 1.3076
0 1.18066
0 1.06699
0 0.965059
0 0.873565
0 0.791346
0 0.717386
0 0.65079
0 0.590769
0 0.536624
0 0.487738
0 0.443564
0 0.403615
0 0.36746
0 0.334715
0 0.305036
0 0.27812
0 0.253692
0 0.23151
0 0.211353
0 0.193028
0 0.176357
0 0.161184
0 0.147367
0 0.134777
0 0.123302
0 0.112837
0 0.103289
0 0.0945733
0 0.086615
0 0.0793449
0 0.072701
0 0.066627
0 0.0610721
0 0.0559901
0 0.0513392
0 0.0470815
0 0.0431825
0 0.0396109
0 0.0363383
0 0.0333389
0 0.030589
0 0.0280673
0 0.0257543
0 0.0236323
0 0.0216849
0 0.0198975
0 0.0182567
0 0.01675
0 0.0153663
0 0.0140953
0 0.0129277
0 0.0118548
0 0.010869
0 0.00996293
0 0.00913013
0 0.00836458
0 0.0076608
0 0.00701376
0 0.00641884
0 0.00587184
0 0.00536887
0 0.00490639
0 0.00448114
0 0.00409015
0 0.00373066
0 0.00340018
0 0.00309638
0 0.00281715
0 0.00256055
0 0.00232479
0 0.00210822
0 0.00190934
0 0.00172676
0 0.0015592
0 0.0014055
0 0.00126458
0 0.00113545
0 0.00101719
0 0.000908976
0 0.000810034
0 0.000719657
0 0.000637193
0 0.000562046
0 0.000493664
0 0.000431544
0 0.000375221
0 0.000324268
0 0.000278293
0 0.000236937
0 0.00019987
0 0.00016679
0 0.000137417
0 0.0001115
0 8.8805e-05
0 6.91198e-05
0 5.22508e-05
0 3.80212e-05
0 2.62703e-05
0 1.68523e-05
0 9.63519e-06
0 4.49971e-06
0 1.33871e-06
0 5.62147e-08
0 9.40604e-14
0 9.4004e-14
0 9.39484e-14
0 9.38936e-14
0 9.38396e-14
0 9.37863e-14
0 9.37338e-14
0 9.3682e-14
0 9.36309e-14
0 9.35806e-14
0 9.35309e-14
0 9.34819e-14
0 9.34335e-14
0 9.33858e-14
0 9.33387e-14
0 9.32923e-14
0 9.32464e-14
0 9.32012e-14
0 9.31565e-14
0 9.31124e-14
0 9.30689e-14
0 9.30259e-14
0 9.29835e-14
0 9.29416e-14
0 9.29002e-14
0 9.28593e-14
0 9.28189e-14
0 9.27791e-14
0 9.27397e-14
0 9.27007e-14
0 9.26623e-14
0 9.26243e-14
0 9.25868e-14
0 9.25497e-14
0 9.2513e-14
0 9.24768e-14
0 9.24409e-14
0 9.24055e-14
0 9.23705e-14
0 9.23359e-14
0 9.23017e-14
0 9.22679e-14
0 9.22344e-14
0 9.22014e-14
0 9.21686e-14
0 9.21363e-14
0 9.21043e-14
0 9.20726e-14
0 9.20413e-14
0 9.20104e-14
0 9.19797e-14
0 9.19494e-14
0 9.19194e-14
0 9.18898e-14
0 9.18604e-14
0 9.18313e-14
0 9.18026e-14
0 9.17741e-14
0 9.1746e-14
0 9.17181e-14
0 9.16905e-14
0 9.16632e-14
0 9.16361e-14
0 9.16093e-14
0 9.15828e-14
0 9.15566e-14
0 9.15306e-14
0 9.15049e-14
0 9.14794e-14
0 9.14542e-14
0 9.14292e-14
0 9.14045e-14
0 9.138e-14
0 9.13557e-14
0 9.13316e-14
0 9.13078e-14
0 9.12842e-14
0 9.12609e-14
0 9.12377e-14
0 9.12148e-14
0 9.1192e-14
0 9.11695e-14
0 9.11472e-14
0 9.11251e-14
0 9.11032e-14
0 9.10815e-14
0 9.106e-14
0 9.10386e-14
0 9.10175e-14
0 9.09965e-14
0 9.09758e-14
0 9.09552e-14
0 9.09348e-14
0 9.09146e-14
0 9.08945e-14
0 9.08746e-14
0 9.08549e-14
0 9.08354e-14
0 9.0816e-14
0 9.07968e-14
0 9.07778e-14
0 9.07589e-14
0 9.07402e-14
0 9.07216e-14
0 9.07032e-14
0 9.06849e-14
0 9.06668e-14
0 9.06489e-14
0 9.06311e-14
0 9.06134e-14
0 9.05959e-14
0 9.05785e-14
0 9.05612e-14
0 9.05441e-14
0 9.05271e-14
0 9.05103e-14
0 9.04936e-14
0 9.0477e-14
0 9.04606e-14
0 9.04443e-14
0 9.04281e-14
0 9.0412e-14
0 9.03961e-14
0 9.03803e-14
0 9.03646e-14
0 9.0349e-14
0 9.03335e-14
0 9.03182e-14
0 9.0303e-14
0 9.02879e-14
0 9.02729e-14
0 9.0258e-14
0 9.02432e-14
0 9.02286e-14
0 9.0214e-14
0 9.01996e-14
0 9.01852e-14
0 9.0171e-14
0 9.01569e-14
0 9.01428e-14
0 9.01289e-14
0 9.01151e-14
0 9.01014e-14
0 9.00877e-14
0 9.00742e-14
0 9.00608e-14
0 9.00474e-14
0 9.00342e-14
0 9.0021e-14
0 9.00079e-14
0 8.9995e-14
0 8.99821e-14
0 8.99693e-14
0 8.99566e-14
0 8.9944e-14
0 8.99314e-14
0 8.9919e-14
0 8.99066e-14
0 8.98944e-14
0 8.98822e-14
0 8.98701e-14
0 8.9858e-14
0 8.98461e-14
0 8.98342e-14
0 8.98224e-14
0 8.98107e-14
0 8.97991e-14
0 8.97875e-14
0 8.9776e-14
0 8.97646e-14
0 8.97533e-14
0 8.9742e-14
0 8.97309e-14
0 8.97197e-14
0 8.97087e-14
0 8.96977e-14
0 8.96868e-14
0 8.9676e-14
0 8.96652e-14
0 8.96545e-14
0 8.96439e-14
0 8.96333e-14
0 8.96228e-14
0 8.96124e-14
0 8.96021e-14
0 8.95918e-14
0 8.95815e-14
0 8.95713e-14
0 8.95612e-14
0 8.95512e-14
0 8.95412e-14
0 8.95313e-14
0 8.95214e-14
0 8.95116e-14
0 8.95019e-14
0 8.94922e-14
0 8.94825e-14
0 8.9473e-14
0 8.94635e-14
0 8.9454e-14
0 8.94446e-14
0 8.94353e-14
0 8.9426e-14
0 8.94167e-14
0 8.94075e-14
0 8.93984e-14
0 8.93893e-14
0 8.93803e-14
0 8.93714e-14
0 8.93624e-14
0 8.93536e-14
0 8.93448e-14
0 8.9336e-14
0 8.93273e-14
0 8.93186e-14
0 8.931e-14
0 8.93014e-14
0 8.92929e-14
0 8.92844e-14
0 8.9276e-14
0 8.92676e-14
0 8.92593e-14
0 8.9251e-14
0 8.92428e-14
0 8.92346e-14
0 8.92265e-14
0 8.92184e-14
0 8.92103e-14
0 8.92023e-14
0 8.91943e-14
0 8.91864e-14
0 8.91785e-14
0 8.91707e-14
0 8.91629e-14
0 8.91551e-14
0 8.91474e-14
0 8.91398e-14
0 8.91321e-14
0 8.91245e-14
0 8.9117e-14
0 8.91095e-14
0 8.9102e-14
0 8.90946e-14
0 8.90872e-14
0 8.90798e-14
0 8.90725e-14
0 8.90652e-14
0 8.9058e-14
0 8.90508e-14
0 8.90437e-14
0 8.90365e-14
0 8.90294e-14
0 8.90224e-14
0 8.90154e-14
0 8.90084e-14
0 8.90014e-14
0 8.89945e-14
0 8.89877e-14
0 8.89808e-14
0 8.8974e-14
0 8.89673e-14
0 8.89605e-14
0 8.89538e-14
0 8.89471e-14
0 8.89405e-14
0 8.89339e-14
0 8.89273e-14
0 8.89208e-14
0 8.89143e-14
0 8.89078e-14
0 8.89014e-14
0 8.8895e-14
0 8.88886e-14
0 8.88823e-14
0 8.88759e-14
0 8.88697e-14
0 8.88634e-14
0 8.88572e-14
0 8.8851e-14
0 8.88448e-14
0 8.88387e-14
0 8.88326e-14
0 8.88265e-14
0 8.88205e-14
0 8.88144e-14
0 8.88084e-14
0 8.88025e-14
0 8.87965e-14
0 8.87906e-14
0 8.87848e-14
0 8.87789e-14
0 8.87731e-14
0 8.87673e-14
0 8.87615e-14
0 8.87558e-14
0 8.87501e-14
0 8.87444e-14
0 8.87387e-14
0 8.87331e-14
0 8.87275e-14
0 8.87219e-14
0 8.87163e-14
0 8.87108e-14
0 8.87053e-14
0 8.86998e-14
0 8.86943e-14
0 8.86889e-14
0 8.86835e-14
0 8.86781e-14
0 8.86727e-14
0 8.86674e-14
0 8.86621e-14
0 8.86568e-14
0 8.86515e-14
0 8.86463e-14
0 8.86411e-14
0 8.86359e-14
0 8.86307e-14
0 8.86255e-14
0 8.86204e-14
0 8.86153e-14
0 8.86102e-14
0 8.86052e-14
0 8.86001e-14
0 8.85951e-14
0 8.85901e-14
0 8.85851e-14
0 8.85802e-14
0 8.85752e-14
0 8.85703e-14
0 8.85654e-14
0 8.85606e-14
0 8.85557e-14
0 8.85509e-14
0 8.85461e-14
0 8.85413e-14
0 8.85365e-14
0 8.85318e-14
0 8.85271e-14
0 8.85224e-14
0 8.85177e-14
0 8.8513e-14
0 8.85084e-14
0 8.85037e-14
0 8.84991e-14
0 8.84945e-14
0 8.849e-14
0 8.84854e-14
0 8.84809e-14
0 8.84764e-14
0 8.84719e-14
0 8.84674e-14
0 8.84629e-14
0 8.84585e-14
0 8.84541e-14
0 8.84497e-14
0 8.84453e-14
0 8.84409e-14
0 8.84366e-14
0 8.84322e-14
0 8.84279e-14
0 8.84236e-14
0 8.84193e-14
0 8.84151e-14
0 8.84108e-14
0 8.84066e-14
0 8.84024e-14
0 8.83982e-14
0 8.8394e-14
0 8.83898e-14
0 8.83857e-14
0 8.83816e-14
0 8.83774e-14
0 8.83733e-14
0 8.83693e-14
0 8.83652e-14
0 8.83611e-14
0 8.83571e-14
0 8.83531e-14
0 8.83491e-14
0 8.83451e-14
0 8.83411e-14
0 8.83372e-14
0 8.83332e-14
0 8.83293e-14
0 8.83254e-14
0 8.83215e-14
0 8.83176e-14
0 8.83137e-14
0 8.83099e-14
0 8.8306e-14
0 8.83022e-14
0 8.82984e-14
0 8.82946e-14
0 8.82908e-14
0 8.82871e-14
0 8.82833e-14
0 8.82796e-14
0 8.82758e-14
0 8.82721e-14
0 8.82684e-14
0 8.82648e-14
0 8.82611e-14
0 8.82574e-14
0 8.82538e-14
0 8.82502e-14
0 8.82465e-14
0 8.82429e-14
0 8.82394e-14
0 8.82358e-14
0 8.82322e-14
0 8.82287e-14
0 8.82251e-14
0 8.82216e-14
0 8.82181e-14
0 8.82146e-14
0 8.82111e-14
0 8.82076e-14
0 8.82042e-14
0 8.82007e-14
0 8.81973e-14
0 8.81939e-14
0 8.81905e-14
0 8.81871e-14
0 8.81837e-14
0 8.81803e-14
0 8.81769e-14
0 8.81736e-14
0 8.81703e-14
0 8.81669e-14
0 8.81636e-14
0 8.81603e-14
0 8.8157e-14
0 8.81537e-14
0 8.81505e-14
0 8.81472e-14
0 8.8144e-14
0 8.81407e-14
0 8.81375e-14
0 8.81343e-14
0 8.81311e-14
0 8.81279e-14
0 8.81247e-14
0 8.81216e-14
0 8.81184e-14
0 8.81152e-14
0 8.81121e-14
0 8.8109e-14
0 8.81059e-14
0 8.81028e-14
0 8.80997e-14
0 8.80966e-14
0 8.80935e-14
0 8.80905e-14
0 8.80874e-14
0 8.80844e-14
0 8.80813e-14
0 8.80783e-14
0 8.80753e-14
0 8.80723e-14
0 8.80693e-14
0 8.80663e-14
0 8.80634e-14
0 8.80604e-14
0 8.80575e-14
0 8.80545e-14
0 8.80516e-14
0 8.80487e-14
0 8.80458e-14
0 8.80429e-14
0 8.804e-14
0 8.80371e-14
0 8.80342e-14
0 8.80313e-14
0 8.80285e-14
0 8.80256e-14
0 8.80228e-14
0 8.802e-14
0 8.80172e-14
0 8.80144e-14
0 8.80116e-14
0 8.80088e-14
0 8.8006e-14
0 8.80032e-14
0 8.80004e-14
0 8.79977e-14
0 8.79949e-14
0 8.79922e-14
0 8.79895e-14
0 8.79868e-14
0 8.79841e-14
0 8.79814e-14
0 8.79787e-14
0 8.7976e-14
0 8.79733e-14
0 8.79706e-14
0 8.7968e-14
0 8.79653e-14
0 8.79627e-14
0 8.796e-14
0 8.79574e-14
0 8.79548e-14
0 8.79522e-14
0 8.79496e-14
0 8.7947e-14
0 8.79444e-14
0 8.79418e-14
0 8.79393e-14
0 8.79367e-14
0 8.79342e-14
0 8.79316e-14
0 8.79291e-14
0 8.79265e-14
0 8.7924e-14
0 8.79215e-14
0 8.7919e-14
0 8.79165e-14
0 8.7914e-14
0 8.79115e-14
0 8.7909e-14
0 8.79066e-14
0 8.79041e-14
0 8.79017e-14
0 8.78992e-14
0 8.78968e-14
0 8.78944e-14
0 8.78919e-14
0 8.78895e-14
0 8.78871e-14
0 8.78847e-14
0 8.78823e-14
0 8.78799e-14
0 8.78775e-14
0 8.78752e-14
0 8.78728e-14
0 8.78704e-14
0 8.78681e-14
0 8.78657e-14
0 8.78634e-14
0 8.78611e-14
0 8.78587e-14
0 8.78564e-14
0 8.78541e-14
0 8.78518e-14
0 8.78495e-14
0 8.78472e-14
0 8.78449e-14
0 8.78427e-14
0 8.78404e-14
0 8.78381e-14
0 8.78359e-14
0 8.78336e-14
0 8.78314e-14
0 8.78291e-14
0 8.78269e-14
0 8.78247e-14
0 8.78225e-14
0 8.78203e-14
0 8.7818e-14
0 8.78159e-14
0 8.78137e-14
0 8.78115e-14
0 8.78093e-14
0 8.78071e-14
0 8.78049e-14
0 8.78028e-14
0 8.78006e-14
0 8.77985e-14
0 8.77963e-14
0 8.77942e-14
0 8.77921e-14
0 8.77899e-14
0 8.77878e-14
0 8.77857e-14
0 8.77836e-14
0 8.77815e-14
0 8.77794e-14
0 8.77773e-14
0 8.77752e-14
0 8.77732e-14
0 8.77711e-14
0 8.7769e-14
0 8.7767e-14
0 8.77649e-14
0 8.77629e-14
0 8.77608e-14
0 8.77588e-14
0 8.77567e-14
0 8.77547e-14
0 8.77527e-14
0 8.77507e-14
0 8.77487e-14
0 8.77467e-14
0 8.77447e-14
0 8.77427e-14
0 8.77407e-14
0 8.77387e-14
0 8.77367e-14
0 8.77348e-14
0 8.77328e-14
0 8.77308e-14
0 8.77289e-14
0 8.77269e-14
0 8.7725e-14
0 8.7723e-14
0 8.77211e-14
0 8.77192e-14
0 8.77172e-14
0 8.77153e-14
0 8.77134e-14
0 8.77115e-14
0 8.77096e-14
0 8.77077e-14
0 8.77058e-14
0 8.77039e-14
0 8.7702e-14
0 8.77002e-14
0 8.76983e-14
0 8.76964e-14
0 8.76946e-14
0 8.76927e-14
0 8.76908e-14
0 8.7689e-14
0 8.76871e-14
0 8.76853e-14
0 8.76835e-14
0 8.76816e-14
0 8.76798e-14
0 8.7678e-14
0 8.76762e-14
0 8.76744e-14
0 8.76726e-14
0 8.76708e-14
0 8.7669e-14
0 8.76672e-14
0 8.76654e-14
0 8.76636e-14
0 8.76618e-14
0 8.76601e-14
0 8.76583e-14
0 8.76565e-14
0 8.76548e-14
0 8.7653e-14
0 8.76513e-14
0 8.76495e-14
0 8.76478e-14
0 8.7646e-14
0 8.76443e-14
0 8.76426e-14
0 8.76408e-14
0 8.76391e-14
0 8.76374e-14
0 8.76357e-14
0 8.7634e-14
0 8.76323e-14
0 8.76306e-14
0 8.76289e-14
0 8.76272e-14
0 8.76255e-14
0 8.76238e-14
0 8.76222e-14
0 8.76205e-14
0 8.76188e-14
0 8.76172e-14
0 8.76155e-14
0 8.76138e-14
0 8.76122e-14
0 8.76105e-14
0 8.76089e-14
0 8.76073e-14
0 8.76056e-14
0 8.7604e-14
0 8.76024e-14
0 8.76007e-14
0 8.75991e-14
0 8.75975e-14
0 8.75959e-14
0 8.75943e-14
0 8.75927e-14
0 8.75911e-14
0 8.75895e-14
0 8.75879e-14
0 8.75863e-14
0 8.75847e-14
0 8.75832e-14
0 8.75816e-14
0 8.758e-14
0 8.75784e-14
0 8.75769e-14
0 8.75753e-14
0 8.75738e-14
0 8.75722e-14
0 8.75707e-14
0 8.75691e-14
0 8.75676e-14
0 8.7566e-14
0 8.75645e-14
0 8.7563e-14
0 8.75614e-14
0 8.75599e-14
0 8.75584e-14
0 8.75569e-14
0 8.75554e-14
0 8.75539e-14
0 8.75523e-14
0 8.75508e-14
0 8.75493e-14
0 8.75478e-14
0 8.75464e-14
0 8.75449e-14
0 8.75434e-14
0 8.75419e-14
0 8.75404e-14
0 8.7539e-14
0 8.75375e-14
0 8.7536e-14
0 8.75346e-14
0 8.75331e-14
0 8.75316e-14
0 8.75302e-14
0 8.75287e-14
0 8.75273e-14
0 8.75258e-14
0 8.75244e-14
0 8.7523e-14
0 8.75215e-14
0 8.75201e-14
0 8.75187e-14
0 8.75173e-14
0 8.75158e-14
0 8.75144e-14
0 8.7513e-14
0 8.75116e-14
0 8.75102e-14
0 8.75088e-14
0 8.75074e-14
0 8.7506e-14
0 8.75046e-14
0 8.75032e-14
0 8.75018e-14
0 8.75004e-14
0 8.7499e-14
0 8.74977e-14
0 8.74963e-14
0 8.74949e-14
0 8.74936e-14
0 8.74922e-14
0 8.74908e-14
0 8.74895e-14
0 8.74881e-14
0 8.74868e-14
0 8.74854e-14
0 8.74841e-14
0 8.74827e-14
0 8.74814e-14
0 8.748e-14
0 8.74787e-14
0 8.74774e-14
0 8.7476e-14
0 8.74747e-14
0 8.74734e-14
0 8.74721e-14
0 8.74707e-14
0 8.74694e-14
0 8.74681e-14
0 8.74668e-14
0 8.74655e-14
0 8.74642e-14
0 8.74629e-14
0 8.74616e-14
0 8.74603e-14
0 8.7459e-14
0 8.74577e-14
0 8.74564e-14
0 8.74552e-14
0 8.74539e-14
0 8.74526e-14
0 8.74513e-14
0 8.74501e-14
0 8.74488e-14
0 8.74475e-14
0 8.74463e-14
0 8.7445e-14
0 8.74437e-14
0 8.74425e-14
0 8.74412e-14
0 8.744e-14
0 8.74387e-14
0 8.74375e-14
0 8.74363e-14
0 8.7435e-14
0 8.74338e-14
0 8.74325e-14
0 8.74313e-14
0 8.74301e-14
0 8.74289e-14
0 8.74276e-14
0 8.74264e-14
0 8.74252e-14
0 8.7424e-14
0 8.74228e-14
0 8.74216e-14
0 8.74204e-14
0 8.74191e-14
0 8.74179e-14
0 8.74167e-14
0 8.74155e-14
0 8.74144e-14
0 8.74132e-14
0 8.7412e-14
0 8.74108e-14
0 8.74096e-14
0 8.74084e-14
0 8.74072e-14
0 8.74061e-14
0 8.74049e-14
0 8.74037e-14
0 8.74025e-14
0 8.74014e-14
0 8.74002e-14
0 8.7399e-14
0 8.73979e-14
0 8.73967e-14
0 8.73956e-14
0 8.73944e-14
0 8.73933e-14
0 8.73921e-14
0 8.7391e-14
0 8.73898e-14
0 8.73887e-14
0 8.73876e-14
0 8.73864e-14
0 8.73853e-14
0 8.73842e-14
0 8.7383e-14
0 8.73819e-14
0 8.73808e-14
0 8.73796e-14
0 8.73785e-14
0 8.73774e-14
0 8.73763e-14
0 8.73752e-14
0 8.73741e-14
0 8.7373e-14
0 8.73719e-14
0 8.73708e-14
0 8.73697e-14
0 8.73686e-14
0 8.73675e-14
0 8.73664e-14
0 8.73653e-14

