0 740.054
0 369.016
0 114.196
0 41.5785
0 19.231
0 10.5761
0 6.52983
0 4.3629
0 3.08304
0 2.27041
0 1.72531
0 1.34369
0 1.06728
0 0.861462
0 0.704683
0 0.582961
0 0.48692
0 0.410087
0 0.347881
0 0.296991
0 0.254974
0 0.220001
0 0.190681
0 0.165939
0 0.14494
0 0.127022
0 0.111661
0 0.098433
0 0.0869971
0 0.077074
0 0.0684342
0 0.0608881
0 0.0542782
0 0.0484727
0 0.0433608
0 0.038849
0 0.0348582
0 0.031321
0 0.0281796
0 0.0253848
0 0.022894
0 0.0206705
0 0.0186826
0 0.0169028
0 0.0153071
0 0.0138746
0 0.012587
0 0.0114283
0 0.0103843
0 0.00944283
0 0.00859285
0 0.00782472
0 0.00712993
0 0.00650092
0 0.00593096
0 0.00541409
0 0.004945
0 0.00451894
0 0.0041317
0 0.00377949
0 0.00345893
0 0.00316699
0 0.00290095
0 0.00265836
0 0.00243703
0 0.00223499
0 0.00205045
0 0.00188182
0 0.00172765
0 0.00158663
0 0.00145757
0 0.00133942
0 0.00123119
0 0.00113203
0 0.00104112
0 0.000957761
0 0.000881285
0 0.000811102
0 0.00074667
0 0.000687499
0 0.00063314
0 0.000583187
0 0.000537268
0 0.000495046
0 0.00045621
0 0.00042048
0 0.000387599
0 0.000357331
0 0.000329461
0 0.000303794
0 0.00028015
0 0.000258364
0 0.000238286
0 0.000219778
0 0.000202714
0 0.000186979
0 0.000172466
0 0.000159078
0 0.000146725
0 0.000135326
0 0.000124806
0 0.000115095
0 0.000106129
0 9.78516e-05
0 9.02076e-05
0 8.31482e-05
0 7.6628e-05
0 7.06052e-05
0 6.50414e-05
0 5.99012e-05
0 5.51521e-05
0 5.07641e-05
0 4.67096e-05
0 4.29631e-05
0 3.95012e-05
0 3.63022e-05
0 3.33462e-05
0 3.06148e-05
0 2.8091e-05
0 2.57592e-05
0 2.3605e-05
0 2.1615e-05
0 1.97769e-05
0 1.80794e-05
0 1.6512e-05
0 1.50651e-05
0 1.37296e-05
0 1.24973e-05
0 1.13607e-05
0 1.03126e-05
0 9.34653e-06
0 8.4565e-06
0 7.63695e-06
0 6.88273e-06
0 6.18912e-06
0 5.55171e-06
0 4.96647e-06
0 4.42965e-06
0 3.93779e-06
0 3.4877e-06
0 3.07644e-06
0 2.70127e-06
0 2.35969e-06
0 2.04938e-06
0 1.76818e-06
0 1.51414e-06
0 1.28543e-06
0 1.08038e-06
0 8.97444e-07
0 7.35202e-07
0 5.92352e-07
0 4.67699e-07
0 3.60145e-07
0 2.68687e-07
0 1.92409e-07
0 1.30474e-07
0 8.21224e-08
0 4.66647e-08
0 2.34782e-08
0 1.20025e-08
0 4.76499e-16
0 4.7626e-16
0 4.76024e-16
0 4.75791e-16
0 4.75561e-16
0 4.75335e-16
0 4.75111e-16
0 4.7489e-16
0 4.74672e-16
0 4.74456e-16
0 4.74244e-16
0 4.74034e-16
0 4.73827e-16
0 4.73622e-16
0 4.7342e-16
0 4.7322e-16
0 4.73023e-16
0 4.72828e-16
0 4.72635e-16
0 4.72445e-16
0 4.72257e-16
0 4.72071e-16
0 4.71887e-16
0 4.71706e-16
0 4.71527e-16
0 4.71349e-16
0 4.71174e-16
0 4.71001e-16
0 4.7083e-16
0 4.7066e-16
0 4.70493e-16
0 4.70327e-16
0 4.70164e-16
0 4.70002e-16
0 4.69842e-16
0 4.69683e-16
0 4.69527e-16
0 4.69372e-16
0 4.69218e-16
0 4.69067e-16
0 4.68917e-16
0 4.68768e-16
0 4.68621e-16
0 4.68476e-16
0 4.68332e-16
0 4.6819e-16
0 4.68049e-16
0 4.67909e-16
0 4.67771e-16
0 4.67635e-16
0 4.67499e-16
0 4.67366e-16
0 4.67233e-16
0 4.67102e-16
0 4.66972e-16
0 4.66843e-16
0 4.66716e-16
0 4.6659e-16
0 4.66465e-16
0 4.66341e-16
0 4.66218e-16
0 4.66097e-16
0 4.65977e-16
0 4.65858e-16
0 4.6574e-16
0 4.65623e-16
0 4.65507e-16
0 4.65393e-16
0 4.65279e-16
0 4.65166e-16
0 4.65055e-16
0 4.64944e-16
0 4.64835e-16
0 4.64726e-16
0 4.64619e-16
0 4.64512e-16
0 4.64407e-16
0 4.64302e-16
0 4.64198e-16
0 4.64095e-16
0 4.63993e-16
0 4.63892e-16
0 4.63792e-16
0 4.63693e-16
0 4.63594e-16
0 4.63497e-16
0 4.634e-16
0 4.63304e-16
0 4.63209e-16
0 4.63115e-16
0 4.63021e-16
0 4.62928e-16
0 4.62836e-16
0 4.62745e-16
0 4.62655e-16
0 4.62565e-16
0 4.62476e-16
0 4.62388e-16
0 4.623e-16
0 4.62213e-16
0 4.62127e-16
0 4.62042e-16
0 4.61957e-16
0 4.61873e-16
0 4.61789e-16
0 4.61707e-16
0 4.61624e-16
0 4.61543e-16
0 4.61462e-16
0 4.61382e-16
0 4.61302e-16
0 4.61223e-16
0 4.61145e-16
0 4.61067e-16
0 4.6099e-16
0 4.60913e-16
0 4.60837e-16
0 4.60762e-16
0 4.60687e-16
0 4.60613e-16
0 4.60539e-16
0 4.60466e-16
0 4.60393e-16
0 4.60321e-16
0 4.6025e-16
0 4.60178e-16
0 4.60108e-16
0 4.60038e-16
0 4.59968e-16
0 4.59899e-16
0 4.59831e-16
0 4.59763e-16
0 4.59695e-16
0 4.59628e-16
0 4.59562e-16
0 4.59495e-16
0 4.5943e-16
0 4.59365e-16
0 4.593e-16
0 4.59236e-16
0 4.59172e-16
0 4.59108e-16
0 4.59045e-16
0 4.58983e-16
0 4.58921e-16
0 4.58859e-16
0 4.58798e-16
0 4.58737e-16
0 4.58676e-16
0 4.58616e-16
0 4.58557e-16
0 4.58497e-16
0 4.58439e-16
0 4.5838e-16
0 4.58322e-16
0 4.58264e-16
0 4.58207e-16
0 4.5815e-16
0 4.58094e-16
0 4.58038e-16
0 4.57982e-16
0 4.57926e-16
0 4.57871e-16
0 4.57816e-16
0 4.57762e-16
0 4.57708e-16
0 4.57654e-16
0 4.57601e-16
0 4.57548e-16
0 4.57495e-16
0 4.57443e-16
0 4.57391e-16
0 4.57339e-16
0 4.57288e-16
0 4.57237e-16
0 4.57186e-16
0 4.57135e-16
0 4.57085e-16
0 4.57036e-16
0 4.56986e-16
0 4.56937e-16
0 4.56888e-16
0 4.56839e-16
0 4.56791e-16
0 4.56743e-16
0 4.56695e-16
0 4.56648e-16
0 4.56601e-16
0 4.56554e-16
0 4.56507e-16
0 4.56461e-16
0 4.56415e-16
0 4.56369e-16
0 4.56323e-16
0 4.56278e-16
0 4.56233e-16
0 4.56188e-16
0 4.56144e-16
0 4.561e-16
0 4.56056e-16
0 4.56012e-16
0 4.55969e-16
0 4.55925e-16
0 4.55882e-16
0 4.5584e-16
0 4.55797e-16
0 4.55755e-16
0 4.55713e-16
0 4.55671e-16
0 4.5563e-16
0 4.55588e-16
0 4.55547e-16
0 4.55506e-16
0 4.55466e-16
0 4.55425e-16
0 4.55385e-16
0 4.55345e-16
0 4.55306e-16
0 4.55266e-16
0 4.55227e-16
0 4.55188e-16
0 4.55149e-16
0 4.5511e-16
0 4.55072e-16
0 4.55033e-16
0 4.54995e-16
0 4.54958e-16
0 4.5492e-16
0 4.54882e-16
0 4.54845e-16
0 4.54808e-16
0 4.54771e-16
0 4.54735e-16
0 4.54698e-16
0 4.54662e-16
0 4.54626e-16
0 4.5459e-16
0 4.54554e-16
0 4.54519e-16
0 4.54483e-16
0 4.54448e-16
0 4.54413e-16
0 4.54379e-16
0 4.54344e-16
0 4.54309e-16
0 4.54275e-16
0 4.54241e-16
0 4.54207e-16
0 4.54173e-16
0 4.5414e-16
0 4.54106e-16
0 4.54073e-16
0 4.5404e-16
0 4.54007e-16
0 4.53975e-16
0 4.53942e-16
0 4.5391e-16
0 4.53877e-16
0 4.53845e-16
0 4.53813e-16
0 4.53781e-16
0 4.5375e-16
0 4.53718e-16
0 4.53687e-16
0 4.53656e-16
0 4.53625e-16
0 4.53594e-16
0 4.53563e-16
0 4.53533e-16
0 4.53502e-16
0 4.53472e-16
0 4.53442e-16
0 4.53412e-16
0 4.53382e-16
0 4.53352e-16
0 4.53323e-16
0 4.53293e-16
0 4.53264e-16
0 4.53235e-16
0 4.53206e-16
0 4.53177e-16
0 4.53148e-16
0 4.53119e-16
0 4.53091e-16
0 4.53063e-16
0 4.53034e-16
0 4.53006e-16
0 4.52978e-16
0 4.5295e-16
0 4.52923e-16
0 4.52895e-16
0 4.52868e-16
0 4.5284e-16
0 4.52813e-16
0 4.52786e-16
0 4.52759e-16
0 4.52732e-16
0 4.52706e-16
0 4.52679e-16
0 4.52653e-16
0 4.52626e-16
0 4.526e-16
0 4.52574e-16
0 4.52548e-16
0 4.52522e-16
0 4.52496e-16
0 4.5247e-16
0 4.52445e-16
0 4.52419e-16
0 4.52394e-16
0 4.52369e-16
0 4.52344e-16
0 4.52319e-16
0 4.52294e-16
0 4.52269e-16
0 4.52244e-16
0 4.5222e-16
0 4.52195e-16
0 4.52171e-16
0 4.52147e-16
0 4.52123e-16
0 4.52099e-16
0 4.52075e-16
0 4.52051e-16
0 4.52027e-16
0 4.52003e-16
0 4.5198e-16
0 4.51956e-16
0 4.51933e-16
0 4.5191e-16
0 4.51887e-16
0 4.51864e-16
0 4.51841e-16
0 4.51818e-16
0 4.51795e-16
0 4.51772e-16
0 4.5175e-16
0 4.51727e-16
0 4.51705e-16
0 4.51683e-16
0 4.5166e-16
0 4.51638e-16
0 4.51616e-16
0 4.51594e-16
0 4.51572e-16
0 4.51551e-16
0 4.51529e-16
0 4.51507e-16
0 4.51486e-16
0 4.51464e-16
0 4.51443e-16
0 4.51422e-16
0 4.51401e-16
0 4.5138e-16
0 4.51359e-16
0 4.51338e-16
0 4.51317e-16
0 4.51296e-16
0 4.51275e-16
0 4.51255e-16
0 4.51234e-16
0 4.51214e-16
0 4.51194e-16
0 4.51173e-16
0 4.51153e-16
0 4.51133e-16
0 4.51113e-16
0 4.51093e-16
0 4.51073e-16
0 4.51053e-16
0 4.51034e-16
0 4.51014e-16
0 4.50995e-16
0 4.50975e-16
0 4.50956e-16
0 4.50936e-16
0 4.50917e-16
0 4.50898e-16
0 4.50879e-16
0 4.5086e-16
0 4.50841e-16
0 4.50822e-16
0 4.50803e-16
0 4.50784e-16
0 4.50766e-16
0 4.50747e-16
0 4.50728e-16
0 4.5071e-16
0 4.50691e-16
0 4.50673e-16
0 4.50655e-16
0 4.50637e-16
0 4.50619e-16
0 4.506e-16
0 4.50582e-16
0 4.50565e-16
0 4.50547e-16
0 4.50529e-16
0 4.50511e-16
0 4.50493e-16
0 4.50476e-16
0 4.50458e-16
0 4.50441e-16
0 4.50423e-16
0 4.50406e-16
0 4.50389e-16
0 4.50371e-16
0 4.50354e-16
0 4.50337e-16
0 4.5032e-16
0 4.50303e-16
0 4.50286e-16
0 4.50269e-16
0 4.50253e-16
0 4.50236e-16
0 4.50219e-16
0 4.50202e-16
0 4.50186e-16
0 4.50169e-16
0 4.50153e-16
0 4.50137e-16
0 4.5012e-16
0 4.50104e-16
0 4.50088e-16
0 4.50072e-16
0 4.50055e-16
0 4.50039e-16
0 4.50023e-16
0 4.50007e-16
0 4.49992e-16
0 4.49976e-16
0 4.4996e-16
0 4.49944e-16
0 4.49929e-16
0 4.49913e-16
0 4.49897e-16
0 4.49882e-16
0 4.49866e-16
0 4.49851e-16
0 4.49836e-16
0 4.4982e-16
0 4.49805e-16
0 4.4979e-16
0 4.49775e-16
0 4.4976e-16
0 4.49745e-16
0 4.4973e-16
0 4.49715e-16
0 4.497e-16
0 4.49685e-16
0 4.4967e-16
0 4.49655e-16
0 4.49641e-16
0 4.49626e-16
0 4.49612e-16
0 4.49597e-16
0 4.49583e-16
0 4.49568e-16
0 4.49554e-16
0 4.49539e-16
0 4.49525e-16
0 4.49511e-16
0 4.49497e-16
0 4.49482e-16
0 4.49468e-16
0 4.49454e-16
0 4.4944e-16
0 4.49426e-16
0 4.49412e-16
0 4.49398e-16
0 4.49385e-16
0 4.49371e-16
0 4.49357e-16
0 4.49343e-16
0 4.4933e-16
0 4.49316e-16
0 4.49302e-16
0 4.49289e-16
0 4.49275e-16
0 4.49262e-16
0 4.49248e-16
0 4.49235e-16
0 4.49222e-16
0 4.49208e-16
0 4.49195e-16
0 4.49182e-16
0 4.49169e-16
0 4.49156e-16
0 4.49143e-16
0 4.4913e-16
0 4.49117e-16
0 4.49104e-16
0 4.49091e-16
0 4.49078e-16
0 4.49065e-16
0 4.49052e-16
0 4.4904e-16
0 4.49027e-16
0 4.49014e-16
0 4.49002e-16
0 4.48989e-16
0 4.48976e-16
0 4.48964e-16
0 4.48951e-16
0 4.48939e-16
0 4.48927e-16
0 4.48914e-16
0 4.48902e-16
0 4.4889e-16
0 4.48877e-16
0 4.48865e-16
0 4.48853e-16
0 4.48841e-16
0 4.48829e-16
0 4.48817e-16
0 4.48805e-16
0 4.48793e-16
0 4.48781e-16
0 4.48769e-16
0 4.48757e-16
0 4.48745e-16
0 4.48733e-16
0 4.48721e-16
0 4.4871e-16
0 4.48698e-16
0 4.48686e-16
0 4.48675e-16
0 4.48663e-16
0 4.48651e-16
0 4.4864e-16
0 4.48628e-16
0 4.48617e-16
0 4.48606e-16
0 4.48594e-16
0 4.48583e-16
0 4.48571e-16
0 4.4856e-16
0 4.48549e-16
0 4.48538e-16
0 4.48526e-16
0 4.48515e-16
0 4.48504e-16
0 4.48493e-16
0 4.48482e-16
0 4.48471e-16
0 4.4846e-16
0 4.48449e-16
0 4.48438e-16
0 4.48427e-16
0 4.48416e-16
0 4.48405e-16
0 4.48394e-16
0 4.48384e-16
0 4.48373e-16
0 4.48362e-16
0 4.48351e-16
0 4.48341e-16
0 4.4833e-16
0 4.4832e-16
0 4.48309e-16
0 4.48298e-16
0 4.48288e-16
0 4.48277e-16
0 4.48267e-16
0 4.48257e-16
0 4.48246e-16
0 4.48236e-16
0 4.48225e-16
0 4.48215e-16
0 4.48205e-16
0 4.48195e-16
0 4.48184e-16
0 4.48174e-16
0 4.48164e-16
0 4.48154e-16
0 4.48144e-16
0 4.48134e-16
0 4.48124e-16
0 4.48114e-16
0 4.48104e-16
0 4.48094e-16
0 4.48084e-16
0 4.48074e-16
0 4.48064e-16
0 4.48054e-16
0 4.48044e-16
0 4.48034e-16
0 4.48024e-16
0 4.48015e-16
0 4.48005e-16
0 4.47995e-16
0 4.47986e-16
0 4.47976e-16
0 4.47966e-16
0 4.47957e-16
0 4.47947e-16
0 4.47938e-16
0 4.47928e-16
0 4.47919e-16
0 4.47909e-16
0 4.479e-16
0 4.4789e-16
0 4.47881e-16
0 4.47871e-16
0 4.47862e-16
0 4.47853e-16
0 4.47843e-16
0 4.47834e-16
0 4.47825e-16
0 4.47816e-16
0 4.47807e-16
0 4.47797e-16
0 4.47788e-16
0 4.47779e-16
0 4.4777e-16
0 4.47761e-16
0 4.47752e-16
0 4.47743e-16
0 4.47734e-16
0 4.47725e-16
0 4.47716e-16
0 4.47707e-16
0 4.47698e-16
0 4.47689e-16
0 4.4768e-16
0 4.47671e-16
0 4.47663e-16
0 4.47654e-16
0 4.47645e-16
0 4.47636e-16
0 4.47627e-16
0 4.47619e-16
0 4.4761e-16
0 4.47601e-16
0 4.47593e-16
0 4.47584e-16
0 4.47575e-16
0 4.47567e-16
0 4.47558e-16
0 4.4755e-16
0 4.47541e-16
0 4.47533e-16
0 4.47524e-16
0 4.47516e-16
0 4.47507e-16
0 4.47499e-16
0 4.47491e-16
0 4.47482e-16
0 4.47474e-16
0 4.47466e-16
0 4.47457e-16
0 4.47449e-16
0 4.47441e-16
0 4.47433e-16
0 4.47424e-16
0 4.47416e-16
0 4.47408e-16
0 4.474e-16
0 4.47392e-16
0 4.47384e-16
0 4.47375e-16
0 4.47367e-16
0 4.47359e-16
0 4.47351e-16
0 4.47343e-16
0 4.47335e-16
0 4.47327e-16
0 4.47319e-16
0 4.47311e-16
0 4.47303e-16
0 4.47296e-16
0 4.47288e-16
0 4.4728e-16
0 4.47272e-16
0 4.47264e-16
0 4.47256e-16
0 4.47249e-16
0 4.47241e-16
0 4.47233e-16
0 4.47225e-16
0 4.47218e-16
0 4.4721e-16
0 4.47202e-16
0 4.47195e-16
0 4.47187e-16
0 4.47179e-16
0 4.47172e-16
0 4.47164e-16
0 4.47157e-16
0 4.47149e-16
0 4.47141e-16
0 4.47134e-16
0 4.47126e-16
0 4.47119e-16
0 4.47112e-16
0 4.47104e-16
0 4.47097e-16
0 4.47089e-16
0 4.47082e-16
0 4.47075e-16
0 4.47067e-16
0 4.4706e-16
0 4.47053e-16
0 4.47045e-16
0 4.47038e-16
0 4.47031e-16
0 4.47023e-16
0 4.47016e-16
0 4.47009e-16
0 4.47002e-16
0 4.46995e-16
0 4.46987e-16
0 4.4698e-16
0 4.46973e-16
0 4.46966e-16
0 4.46959e-16
0 4.46952e-16
0 4.46945e-16
0 4.46938e-16
0 4.46931e-16
0 4.46924e-16
0 4.46917e-16
0 4.4691e-16
0 4.46903e-16
0 4.46896e-16
0 4.46889e-16
0 4.46882e-16
0 4.46875e-16
0 4.46868e-16
0 4.46861e-16
0 4.46854e-16
0 4.46848e-16
0 4.46841e-16
0 4.46834e-16
0 4.46827e-16
0 4.4682e-16
0 4.46814e-16
0 4.46807e-16
0 4.468e-16
0 4.46793e-16
0 4.46787e-16
0 4.4678e-16
0 4.46773e-16
0 4.46767e-16
0 4.4676e-16
0 4.46753e-16
0 4.46747e-16
0 4.4674e-16
0 4.46734e-16
0 4.46727e-16
0 4.4672e-16
0 4.46714e-16
0 4.46707e-16
0 4.46701e-16
0 4.46694e-16
0 4.46688e-16
0 4.46681e-16
0 4.46675e-16
0 4.46669e-16
0 4.46662e-16
0 4.46656e-16
0 4.46649e-16
0 4.46643e-16
0 4.46637e-16
0 4.4663e-16
0 4.46624e-16
0 4.46618e-16
0 4.46611e-16
0 4.46605e-16
0 4.46599e-16
0 4.46592e-16
0 4.46586e-16
0 4.4658e-16
0 4.46574e-16
0 4.46567e-16
0 4.46561e-16
0 4.46555e-16
0 4.46549e-16
0 4.46543e-16
0 4.46537e-16
0 4.4653e-16
0 4.46524e-16
0 4.46518e-16
0 4.46512e-16
0 4.46506e-16
0 4.465e-16
0 4.46494e-16
0 4.46488e-16
0 4.46482e-16
0 4.46476e-16
0 4.4647e-16
0 4.46464e-16
0 4.46458e-16
0 4.46452e-16
0 4.46446e-16
0 4.4644e-16
0 4.46434e-16
0 4.46428e-16
0 4.46422e-16
0 4.46416e-16
0 4.4641e-16
0 4.46404e-16
0 4.46399e-16
0 4.46393e-16
0 4.46387e-16
0 4.46381e-16
0 4.46375e-16
0 4.4637e-16
0 4.46364e-16
0 4.46358e-16
0 4.46352e-16
0 4.46346e-16
0 4.46341e-16
0 4.46335e-16
0 4.46329e-16
0 4.46324e-16
0 4.46318e-16
0 4.46312e-16
0 4.46307e-16
0 4.46301e-16
0 4.46295e-16
0 4.4629e-16
0 4.46284e-16
0 4.46278e-16
0 4.46273e-16
0 4.46267e-16
0 4.46262e-16
0 4.46256e-16
0 4.46251e-16
0 4.46245e-16
0 4.46239e-16
0 4.46234e-16
0 4.46228e-16
0 4.46223e-16
0 4.46217e-16
0 4.46212e-16
0 4.46207e-16
0 4.46201e-16
0 4.46196e-16
0 4.4619e-16

