0 3.26183e+07
0 39690.9
0 12172.1
0 5041.61
0 2553.42
0 1479.16
0 939.309
0 636.674
0 452.764
0 333.945
0 253.433
0 196.768
0 155.641
0 125.025
0 101.743
0 83.7189
0 69.5474
0 58.256
0 49.1543
0 41.7422
0 35.6514
0 30.6059
0 26.3961
0 22.8606
0 19.8741
0 17.3377
0 15.1732
0 13.3178
0 11.7209
0 10.3412
0 9.14508
0 8.10475
0 7.19722
0 6.40332
0 5.70702
0 5.09484
0 4.55538
0 4.07901
0 3.65748
0 3.28378
0 2.9519
0 2.65666
0 2.39359
0 2.15883
0 1.94905
0 1.76131
0 1.5931
0 1.4422
0 1.30666
0 1.1848
0 1.0751
0 0.976255
0 0.887108
0 0.80663
0 0.733914
0 0.668155
0 0.608639
0 0.554731
0 0.505866
0 0.46154
0 0.421304
0 0.384755
0 0.351535
0 0.321322
0 0.293827
0 0.268791
0 0.245982
0 0.225191
0 0.206229
0 0.188927
0 0.173132
0 0.158706
0 0.145525
0 0.133476
0 0.122456
0 0.112375
0 0.103149
0 0.0947014
0 0.0869643
0 0.0798755
0 0.0733784
0 0.0674217
0 0.0619586
0 0.0569468
0 0.0523477
0 0.048126
0 0.0442497
0 0.0406897
0 0.0374192
0 0.034414
0 0.031652
0 0.0291129
0 0.0267781
0 0.0246309
0 0.0226557
0 0.0208384
0 0.0191661
0 0.0176269
0 0.0162101
0 0.0149057
0 0.0137046
0 0.0125985
0 0.0115798
0 0.0106414
0 0.00977688
0 0.00898041
0 0.00824656
0 0.00757034
0 0.00694721
0 0.00637297
0 0.00584377
0 0.00535606
0 0.0049066
0 0.00449238
0 0.00411067
0 0.00375893
0 0.00343483
0 0.00313623
0 0.00286116
0 0.00260779
0 0.00237446
0 0.00215964
0 0.00196189
0 0.00177992
0 0.00161252
0 0.00145858
0 0.00131709
0 0.00118711
0 0.00106775
0 0.000958237
0 0.000857821
0 0.000765827
0 0.00068163
0 0.000604654
0 0.000534367
0 0.000470281
0 0.000411945
0 0.000358946
0 0.0003109
0 0.000267458
0 0.000228295
0 0.000193115
0 0.000161645
0 0.000133633
0 0.000108851
0 8.70863e-05
0 6.81471e-05
0 5.18567e-05
0 3.80539e-05
0 2.65918e-05
0 1.7337e-05
0 1.01685e-05
0 4.97667e-06
0 1.66296e-06
0 1.38899e-07
0 1.57238e-13
0 1.57153e-13
0 1.57069e-13
0 1.56985e-13
0 1.56903e-13
0 1.56822e-13
0 1.56743e-13
0 1.56664e-13
0 1.56586e-13
0 1.56509e-13
0 1.56434e-13
0 1.56359e-13
0 1.56285e-13
0 1.56212e-13
0 1.5614e-13
0 1.56069e-13
0 1.55999e-13
0 1.5593e-13
0 1.55862e-13
0 1.55794e-13
0 1.55728e-13
0 1.55662e-13
0 1.55597e-13
0 1.55532e-13
0 1.55469e-13
0 1.55406e-13
0 1.55344e-13
0 1.55283e-13
0 1.55222e-13
0 1.55162e-13
0 1.55103e-13
0 1.55045e-13
0 1.54987e-13
0 1.5493e-13
0 1.54873e-13
0 1.54817e-13
0 1.54762e-13
0 1.54707e-13
0 1.54653e-13
0 1.546e-13
0 1.54547e-13
0 1.54495e-13
0 1.54443e-13
0 1.54392e-13
0 1.54341e-13
0 1.54291e-13
0 1.54242e-13
0 1.54193e-13
0 1.54144e-13
0 1.54096e-13
0 1.54049e-13
0 1.54002e-13
0 1.53955e-13
0 1.53909e-13
0 1.53863e-13
0 1.53818e-13
0 1.53774e-13
0 1.53729e-13
0 1.53686e-13
0 1.53642e-13
0 1.53599e-13
0 1.53557e-13
0 1.53515e-13
0 1.53473e-13
0 1.53432e-13
0 1.53391e-13
0 1.5335e-13
0 1.5331e-13
0 1.53271e-13
0 1.53231e-13
0 1.53192e-13
0 1.53154e-13
0 1.53115e-13
0 1.53077e-13
0 1.5304e-13
0 1.53003e-13
0 1.52966e-13
0 1.52929e-13
0 1.52893e-13
0 1.52857e-13
0 1.52822e-13
0 1.52786e-13
0 1.52751e-13
0 1.52717e-13
0 1.52682e-13
0 1.52648e-13
0 1.52615e-13
0 1.52581e-13
0 1.52548e-13
0 1.52515e-13
0 1.52483e-13
0 1.5245e-13
0 1.52418e-13
0 1.52387e-13
0 1.52355e-13
0 1.52324e-13
0 1.52293e-13
0 1.52262e-13
0 1.52232e-13
0 1.52202e-13
0 1.52172e-13
0 1.52142e-13
0 1.52113e-13
0 1.52084e-13
0 1.52055e-13
0 1.52026e-13
0 1.51997e-13
0 1.51969e-13
0 1.51941e-13
0 1.51913e-13
0 1.51886e-13
0 1.51858e-13
0 1.51831e-13
0 1.51804e-13
0 1.51777e-13
0 1.51751e-13
0 1.51724e-13
0 1.51698e-13
0 1.51672e-13
0 1.51647e-13
0 1.51621e-13
0 1.51596e-13
0 1.5157e-13
0 1.51545e-13
0 1.51521e-13
0 1.51496e-13
0 1.51472e-13
0 1.51447e-13
0 1.51423e-13
0 1.514e-13
0 1.51376e-13
0 1.51352e-13
0 1.51329e-13
0 1.51306e-13
0 1.51283e-13
0 1.5126e-13
0 1.51237e-13
0 1.51215e-13
0 1.51192e-13
0 1.5117e-13
0 1.51148e-13
0 1.51126e-13
0 1.51104e-13
0 1.51083e-13
0 1.51061e-13
0 1.5104e-13
0 1.51019e-13
0 1.50998e-13
0 1.50977e-13
0 1.50956e-13
0 1.50936e-13
0 1.50915e-13
0 1.50895e-13
0 1.50875e-13
0 1.50855e-13
0 1.50835e-13
0 1.50815e-13
0 1.50796e-13
0 1.50776e-13
0 1.50757e-13
0 1.50737e-13
0 1.50718e-13
0 1.50699e-13
0 1.5068e-13
0 1.50662e-13
0 1.50643e-13
0 1.50625e-13
0 1.50606e-13
0 1.50588e-13
0 1.5057e-13
0 1.50552e-13
0 1.50534e-13
0 1.50516e-13
0 1.50498e-13
0 1.50481e-13
0 1.50463e-13
0 1.50446e-13
0 1.50429e-13
0 1.50412e-13
0 1.50395e-13
0 1.50378e-13
0 1.50361e-13
0 1.50344e-13
0 1.50328e-13
0 1.50311e-13
0 1.50295e-13
0 1.50278e-13
0 1.50262e-13
0 1.50246e-13
0 1.5023e-13
0 1.50214e-13
0 1.50198e-13
0 1.50183e-13
0 1.50167e-13
0 1.50151e-13
0 1.50136e-13
0 1.50121e-13
0 1.50105e-13
0 1.5009e-13
0 1.50075e-13
0 1.5006e-13
0 1.50045e-13
0 1.5003e-13
0 1.50015e-13
0 1.50001e-13
0 1.49986e-13
0 1.49972e-13
0 1.49957e-13
0 1.49943e-13
0 1.49929e-13
0 1.49915e-13
0 1.49901e-13
0 1.49886e-13
0 1.49873e-13
0 1.49859e-13
0 1.49845e-13
0 1.49831e-13
0 1.49818e-13
0 1.49804e-13
0 1.49791e-13
0 1.49777e-13
0 1.49764e-13
0 1.49751e-13
0 1.49737e-13
0 1.49724e-13
0 1.49711e-13
0 1.49698e-13
0 1.49685e-13
0 1.49673e-13
0 1.4966e-13
0 1.49647e-13
0 1.49635e-13
0 1.49622e-13
0 1.4961e-13
0 1.49597e-13
0 1.49585e-13
0 1.49573e-13
0 1.4956e-13
0 1.49548e-13
0 1.49536e-13
0 1.49524e-13
0 1.49512e-13
0 1.495e-13
0 1.49488e-13
0 1.49477e-13
0 1.49465e-13
0 1.49453e-13
0 1.49442e-13
0 1.4943e-13
0 1.49419e-13
0 1.49407e-13
0 1.49396e-13
0 1.49384e-13
0 1.49373e-13
0 1.49362e-13
0 1.49351e-13
0 1.4934e-13
0 1.49329e-13
0 1.49318e-13
0 1.49307e-13
0 1.49296e-13
0 1.49285e-13
0 1.49274e-13
0 1.49264e-13
0 1.49253e-13
0 1.49242e-13
0 1.49232e-13
0 1.49221e-13
0 1.49211e-13
0 1.49201e-13
0 1.4919e-13
0 1.4918e-13
0 1.4917e-13
0 1.49159e-13
0 1.49149e-13
0 1.49139e-13
0 1.49129e-13
0 1.49119e-13
0 1.49109e-13
0 1.49099e-13
0 1.49089e-13
0 1.4908e-13
0 1.4907e-13
0 1.4906e-13
0 1.4905e-13
0 1.49041e-13
0 1.49031e-13
0 1.49022e-13
0 1.49012e-13
0 1.49003e-13
0 1.48993e-13
0 1.48984e-13
0 1.48975e-13
0 1.48965e-13
0 1.48956e-13
0 1.48947e-13
0 1.48938e-13
0 1.48929e-13
0 1.4892e-13
0 1.48911e-13
0 1.48902e-13
0 1.48893e-13
0 1.48884e-13
0 1.48875e-13
0 1.48866e-13
0 1.48857e-13
0 1.48849e-13
0 1.4884e-13
0 1.48831e-13
0 1.48822e-13
0 1.48814e-13
0 1.48805e-13
0 1.48797e-13
0 1.48788e-13
0 1.4878e-13
0 1.48771e-13
0 1.48763e-13
0 1.48755e-13
0 1.48746e-13
0 1.48738e-13
0 1.4873e-13
0 1.48722e-13
0 1.48714e-13
0 1.48706e-13
0 1.48697e-13
0 1.48689e-13
0 1.48681e-13
0 1.48673e-13
0 1.48665e-13
0 1.48658e-13
0 1.4865e-13
0 1.48642e-13
0 1.48634e-13
0 1.48626e-13
0 1.48618e-13
0 1.48611e-13
0 1.48603e-13
0 1.48595e-13
0 1.48588e-13
0 1.4858e-13
0 1.48573e-13
0 1.48565e-13
0 1.48558e-13
0 1.4855e-13
0 1.48543e-13
0 1.48535e-13
0 1.48528e-13
0 1.48521e-13
0 1.48513e-13
0 1.48506e-13
0 1.48499e-13
0 1.48491e-13
0 1.48484e-13
0 1.48477e-13
0 1.4847e-13
0 1.48463e-13
0 1.48456e-13
0 1.48449e-13
0 1.48442e-13
0 1.48435e-13
0 1.48428e-13
0 1.48421e-13
0 1.48414e-13
0 1.48407e-13
0 1.484e-13
0 1.48393e-13
0 1.48386e-13
0 1.4838e-13
0 1.48373e-13
0 1.48366e-13
0 1.48359e-13
0 1.48353e-13
0 1.48346e-13
0 1.4834e-13
0 1.48333e-13
0 1.48326e-13
0 1.4832e-13
0 1.48313e-13
0 1.48307e-13
0 1.483e-13
0 1.48294e-13
0 1.48287e-13
0 1.48281e-13
0 1.48275e-13
0 1.48268e-13
0 1.48262e-13
0 1.48256e-13
0 1.48249e-13
0 1.48243e-13
0 1.48237e-13
0 1.48231e-13
0 1.48225e-13
0 1.48218e-13
0 1.48212e-13
0 1.48206e-13
0 1.482e-13
0 1.48194e-13
0 1.48188e-13
0 1.48182e-13
0 1.48176e-13
0 1.4817e-13
0 1.48164e-13
0 1.48158e-13
0 1.48152e-13
0 1.48146e-13
0 1.4814e-13
0 1.48135e-13
0 1.48129e-13
0 1.48123e-13
0 1.48117e-13
0 1.48111e-13
0 1.48106e-13
0 1.481e-13
0 1.48094e-13
0 1.48088e-13
0 1.48083e-13
0 1.48077e-13
0 1.48072e-13
0 1.48066e-13
0 1.4806e-13
0 1.48055e-13
0 1.48049e-13
0 1.48044e-13
0 1.48038e-13
0 1.48033e-13
0 1.48027e-13
0 1.48022e-13
0 1.48016e-13
0 1.48011e-13
0 1.48006e-13
0 1.48e-13
0 1.47995e-13
0 1.4799e-13
0 1.47984e-13
0 1.47979e-13
0 1.47974e-13
0 1.47968e-13
0 1.47963e-13
0 1.47958e-13
0 1.47953e-13
0 1.47948e-13
0 1.47942e-13
0 1.47937e-13
0 1.47932e-13
0 1.47927e-13
0 1.47922e-13
0 1.47917e-13
0 1.47912e-13
0 1.47907e-13
0 1.47902e-13
0 1.47897e-13
0 1.47892e-13
0 1.47887e-13
0 1.47882e-13
0 1.47877e-13
0 1.47872e-13
0 1.47867e-13
0 1.47862e-13
0 1.47857e-13
0 1.47852e-13
0 1.47847e-13
0 1.47843e-13
0 1.47838e-13
0 1.47833e-13
0 1.47828e-13
0 1.47823e-13
0 1.47819e-13
0 1.47814e-13
0 1.47809e-13
0 1.47805e-13
0 1.478e-13
0 1.47795e-13
0 1.4779e-13
0 1.47786e-13
0 1.47781e-13
0 1.47777e-13
0 1.47772e-13
0 1.47767e-13
0 1.47763e-13
0 1.47758e-13
0 1.47754e-13
0 1.47749e-13
0 1.47745e-13
0 1.4774e-13
0 1.47736e-13
0 1.47731e-13
0 1.47727e-13
0 1.47722e-13
0 1.47718e-13
0 1.47714e-13
0 1.47709e-13
0 1.47705e-13
0 1.477e-13
0 1.47696e-13
0 1.47692e-13
0 1.47687e-13
0 1.47683e-13
0 1.47679e-13
0 1.47674e-13
0 1.4767e-13
0 1.47666e-13
0 1.47662e-13
0 1.47657e-13
0 1.47653e-13
0 1.47649e-13
0 1.47645e-13
0 1.47641e-13
0 1.47636e-13
0 1.47632e-13
0 1.47628e-13
0 1.47624e-13
0 1.4762e-13
0 1.47616e-13
0 1.47612e-13
0 1.47608e-13
0 1.47603e-13
0 1.47599e-13
0 1.47595e-13
0 1.47591e-13
0 1.47587e-13
0 1.47583e-13
0 1.47579e-13
0 1.47575e-13
0 1.47571e-13
0 1.47567e-13
0 1.47563e-13
0 1.47559e-13
0 1.47556e-13
0 1.47552e-13
0 1.47548e-13
0 1.47544e-13
0 1.4754e-13
0 1.47536e-13
0 1.47532e-13
0 1.47528e-13
0 1.47525e-13
0 1.47521e-13
0 1.47517e-13
0 1.47513e-13
0 1.47509e-13
0 1.47506e-13
0 1.47502e-13
0 1.47498e-13
0 1.47494e-13
0 1.47491e-13
0 1.47487e-13
0 1.47483e-13
0 1.47479e-13
0 1.47476e-13
0 1.47472e-13
0 1.47468e-13
0 1.47465e-13
0 1.47461e-13
0 1.47457e-13
0 1.47454e-13
0 1.4745e-13
0 1.47447e-13
0 1.47443e-13
0 1.47439e-13
0 1.47436e-13
0 1.47432e-13
0 1.47429e-13
0 1.47425e-13
0 1.47422e-13
0 1.47418e-13
0 1.47415e-13
0 1.47411e-13
0 1.47408e-13
0 1.47404e-13
0 1.47401e-13
0 1.47397e-13
0 1.47394e-13
0 1.4739e-13
0 1.47387e-13
0 1.47383e-13
0 1.4738e-13
0 1.47377e-13
0 1.47373e-13
0 1.4737e-13
0 1.47366e-13
0 1.47363e-13
0 1.4736e-13
0 1.47356e-13
0 1.47353e-13
0 1.4735e-13
0 1.47346e-13
0 1.47343e-13
0 1.4734e-13
0 1.47336e-13
0 1.47333e-13
0 1.4733e-13
0 1.47327e-13
0 1.47323e-13
0 1.4732e-13
0 1.47317e-13
0 1.47314e-13
0 1.4731e-13
0 1.47307e-13
0 1.47304e-13
0 1.47301e-13
0 1.47297e-13
0 1.47294e-13
0 1.47291e-13
0 1.47288e-13
0 1.47285e-13
0 1.47282e-13
0 1.47279e-13
0 1.47275e-13
0 1.47272e-13
0 1.47269e-13
0 1.47266e-13
0 1.47263e-13
0 1.4726e-13
0 1.47257e-13
0 1.47254e-13
0 1.47251e-13
0 1.47248e-13
0 1.47245e-13
0 1.47241e-13
0 1.47238e-13
0 1.47235e-13
0 1.47232e-13
0 1.47229e-13
0 1.47226e-13
0 1.47223e-13
0 1.4722e-13
0 1.47217e-13
0 1.47214e-13
0 1.47211e-13
0 1.47209e-13
0 1.47206e-13
0 1.47203e-13
0 1.472e-13
0 1.47197e-13
0 1.47194e-13
0 1.47191e-13
0 1.47188e-13
0 1.47185e-13
0 1.47182e-13
0 1.47179e-13
0 1.47176e-13
0 1.47174e-13
0 1.47171e-13
0 1.47168e-13
0 1.47165e-13
0 1.47162e-13
0 1.47159e-13
0 1.47157e-13
0 1.47154e-13
0 1.47151e-13
0 1.47148e-13
0 1.47145e-13
0 1.47143e-13
0 1.4714e-13
0 1.47137e-13
0 1.47134e-13
0 1.47131e-13
0 1.47129e-13
0 1.47126e-13
0 1.47123e-13
0 1.47121e-13
0 1.47118e-13
0 1.47115e-13
0 1.47112e-13
0 1.4711e-13
0 1.47107e-13
0 1.47104e-13
0 1.47102e-13
0 1.47099e-13
0 1.47096e-13
0 1.47094e-13
0 1.47091e-13
0 1.47088e-13
0 1.47086e-13
0 1.47083e-13
0 1.4708e-13
0 1.47078e-13
0 1.47075e-13
0 1.47072e-13
0 1.4707e-13
0 1.47067e-13
0 1.47065e-13
0 1.47062e-13
0 1.47059e-13
0 1.47057e-13
0 1.47054e-13
0 1.47052e-13
0 1.47049e-13
0 1.47047e-13
0 1.47044e-13
0 1.47042e-13
0 1.47039e-13
0 1.47037e-13
0 1.47034e-13
0 1.47031e-13
0 1.47029e-13
0 1.47026e-13
0 1.47024e-13
0 1.47021e-13
0 1.47019e-13
0 1.47017e-13
0 1.47014e-13
0 1.47012e-13
0 1.47009e-13
0 1.47007e-13
0 1.47004e-13
0 1.47002e-13
0 1.46999e-13
0 1.46997e-13
0 1.46994e-13
0 1.46992e-13
0 1.4699e-13
0 1.46987e-13
0 1.46985e-13
0 1.46982e-13
0 1.4698e-13
0 1.46978e-13
0 1.46975e-13
0 1.46973e-13
0 1.4697e-13
0 1.46968e-13
0 1.46966e-13
0 1.46963e-13
0 1.46961e-13
0 1.46959e-13
0 1.46956e-13
0 1.46954e-13
0 1.46952e-13
0 1.46949e-13
0 1.46947e-13
0 1.46945e-13
0 1.46942e-13
0 1.4694e-13
0 1.46938e-13
0 1.46936e-13
0 1.46933e-13
0 1.46931e-13
0 1.46929e-13
0 1.46926e-13
0 1.46924e-13
0 1.46922e-13
0 1.4692e-13
0 1.46917e-13
0 1.46915e-13
0 1.46913e-13
0 1.46911e-13
0 1.46908e-13
0 1.46906e-13
0 1.46904e-13
0 1.46902e-13
0 1.469e-13
0 1.46897e-13
0 1.46895e-13
0 1.46893e-13
0 1.46891e-13
0 1.46889e-13
0 1.46886e-13
0 1.46884e-13
0 1.46882e-13
0 1.4688e-13
0 1.46878e-13
0 1.46876e-13
0 1.46873e-13
0 1.46871e-13
0 1.46869e-13
0 1.46867e-13
0 1.46865e-13
0 1.46863e-13
0 1.46861e-13
0 1.46859e-13
0 1.46856e-13
0 1.46854e-13
0 1.46852e-13
0 1.4685e-13
0 1.46848e-13
0 1.46846e-13
0 1.46844e-13
0 1.46842e-13
0 1.4684e-13
0 1.46838e-13
0 1.46836e-13
0 1.46834e-13
0 1.46831e-13
0 1.46829e-13
0 1.46827e-13
0 1.46825e-13
0 1.46823e-13
0 1.46821e-13
0 1.46819e-13
0 1.46817e-13
0 1.46815e-13
0 1.46813e-13
0 1.46811e-13
0 1.46809e-13
0 1.46807e-13
0 1.46805e-13
0 1.46803e-13
0 1.46801e-13
0 1.46799e-13
0 1.46797e-13
0 1.46795e-13
0 1.46793e-13
0 1.46791e-13
0 1.46789e-13
0 1.46787e-13
0 1.46785e-13
0 1.46783e-13
0 1.46781e-13
0 1.46779e-13
0 1.46777e-13
0 1.46776e-13
0 1.46774e-13
0 1.46772e-13
0 1.4677e-13
0 1.46768e-13
0 1.46766e-13
0 1.46764e-13
0 1.46762e-13
0 1.4676e-13
0 1.46758e-13
0 1.46756e-13
0 1.46754e-13
0 1.46753e-13
0 1.46751e-13
0 1.46749e-13
0 1.46747e-13
0 1.46745e-13
0 1.46743e-13
0 1.46741e-13
0 1.46739e-13
0 1.46738e-13
0 1.46736e-13
0 1.46734e-13
0 1.46732e-13
0 1.4673e-13
0 1.46728e-13
0 1.46727e-13
0 1.46725e-13
0 1.46723e-13
0 1.46721e-13
0 1.46719e-13
0 1.46717e-13
0 1.46716e-13
0 1.46714e-13
0 1.46712e-13

