0 178.47
0 125.702
0 60.0825
0 26.5937
0 12.7953
0 6.90436
0 4.11525
0 2.65043
0 1.81084
0 1.29456
0 0.958719
0 0.730165
0 0.568804
0 0.451387
0 0.36377
0 0.29699
0 0.245168
0 0.204326
0 0.171703
0 0.145339
0 0.123814
0 0.106079
0 0.0913479
0 0.0790231
0 0.0686443
0 0.0598528
0 0.052366
0 0.0459593
0 0.0404526
0 0.0357
0 0.031583
0 0.0280043
0 0.0248834
0 0.0221539
0 0.0197599
0 0.0176549
0 0.0157995
0 0.0141605
0 0.0127096
0 0.0114227
0 0.0102791
0 0.00926099
0 0.00835322
0 0.00754252
0 0.00681745
0 0.00616805
0 0.00558565
0 0.00506267
0 0.0045925
0 0.00416932
0 0.00378801
0 0.00344408
0 0.00313356
0 0.00285293
0 0.00259908
0 0.00236927
0 0.00216104
0 0.00197221
0 0.00180086
0 0.00164524
0 0.00150381
0 0.00137519
0 0.00125815
0 0.00115157
0 0.00105447
0 0.000965944
0 0.000885195
0 0.000811498
0 0.000744204
0 0.000682725
0 0.000626532
0 0.000575145
0 0.000528133
0 0.000485105
0 0.000445706
0 0.000409616
0 0.000376543
0 0.000346224
0 0.00031842
0 0.000292913
0 0.000269504
0 0.000248015
0 0.000228281
0 0.000210153
0 0.000193497
0 0.000178187
0 0.000164111
0 0.000151166
0 0.000139259
0 0.000128302
0 0.000118218
0 0.000108936
0 0.000100388
0 9.25166e-05
0 8.52655e-05
0 7.85846e-05
0 7.24281e-05
0 6.67536e-05
0 6.15225e-05
0 5.66993e-05
0 5.22516e-05
0 4.81494e-05
0 4.43654e-05
0 4.08745e-05
0 3.76534e-05
0 3.46811e-05
0 3.19379e-05
0 2.9406e-05
0 2.7069e-05
0 2.49115e-05
0 2.29198e-05
0 2.10809e-05
0 1.9383e-05
0 1.78153e-05
0 1.63678e-05
0 1.50312e-05
0 1.37971e-05
0 1.26576e-05
0 1.16055e-05
0 1.06341e-05
0 9.73742e-06
0 8.90966e-06
0 8.14566e-06
0 7.44061e-06
0 6.79008e-06
0 6.18996e-06
0 5.63649e-06
0 5.12618e-06
0 4.65581e-06
0 4.22241e-06
0 3.82324e-06
0 3.45577e-06
0 3.11766e-06
0 2.80675e-06
0 2.52106e-06
0 2.25875e-06
0 2.01811e-06
0 1.79759e-06
0 1.59573e-06
0 1.41119e-06
0 1.24276e-06
0 1.08928e-06
0 9.49715e-07
0 8.23097e-07
0 7.08533e-07
0 6.05203e-07
0 5.12352e-07
0 4.29283e-07
0 3.55358e-07
0 2.8999e-07
0 2.32639e-07
0 1.82811e-07
0 1.40055e-07
0 1.03958e-07
0 7.41413e-08
0 5.02637e-08
0 3.20138e-08
0 1.91103e-08
0 1.12996e-08
0 8.3545e-09
0 2.14087e-16
0 2.13984e-16
0 2.13883e-16
0 2.13783e-16
0 2.13684e-16
0 2.13586e-16
0 2.1349e-16
0 2.13395e-16
0 2.13302e-16
0 2.13209e-16
0 2.13118e-16
0 2.13027e-16
0 2.12938e-16
0 2.1285e-16
0 2.12763e-16
0 2.12678e-16
0 2.12593e-16
0 2.12509e-16
0 2.12426e-16
0 2.12344e-16
0 2.12264e-16
0 2.12184e-16
0 2.12105e-16
0 2.12027e-16
0 2.1195e-16
0 2.11873e-16
0 2.11798e-16
0 2.11724e-16
0 2.1165e-16
0 2.11577e-16
0 2.11505e-16
0 2.11434e-16
0 2.11364e-16
0 2.11294e-16
0 2.11225e-16
0 2.11157e-16
0 2.1109e-16
0 2.11023e-16
0 2.10957e-16
0 2.10892e-16
0 2.10827e-16
0 2.10763e-16
0 2.107e-16
0 2.10638e-16
0 2.10576e-16
0 2.10514e-16
0 2.10454e-16
0 2.10394e-16
0 2.10334e-16
0 2.10276e-16
0 2.10217e-16
0 2.1016e-16
0 2.10103e-16
0 2.10046e-16
0 2.0999e-16
0 2.09935e-16
0 2.0988e-16
0 2.09826e-16
0 2.09772e-16
0 2.09719e-16
0 2.09666e-16
0 2.09614e-16
0 2.09562e-16
0 2.09511e-16
0 2.0946e-16
0 2.0941e-16
0 2.0936e-16
0 2.09311e-16
0 2.09262e-16
0 2.09213e-16
0 2.09165e-16
0 2.09118e-16
0 2.09071e-16
0 2.09024e-16
0 2.08978e-16
0 2.08932e-16
0 2.08886e-16
0 2.08841e-16
0 2.08797e-16
0 2.08752e-16
0 2.08708e-16
0 2.08665e-16
0 2.08622e-16
0 2.08579e-16
0 2.08537e-16
0 2.08495e-16
0 2.08453e-16
0 2.08412e-16
0 2.08371e-16
0 2.0833e-16
0 2.0829e-16
0 2.0825e-16
0 2.0821e-16
0 2.08171e-16
0 2.08132e-16
0 2.08093e-16
0 2.08055e-16
0 2.08017e-16
0 2.07979e-16
0 2.07942e-16
0 2.07905e-16
0 2.07868e-16
0 2.07831e-16
0 2.07795e-16
0 2.07759e-16
0 2.07724e-16
0 2.07688e-16
0 2.07653e-16
0 2.07618e-16
0 2.07584e-16
0 2.07549e-16
0 2.07515e-16
0 2.07482e-16
0 2.07448e-16
0 2.07415e-16
0 2.07382e-16
0 2.07349e-16
0 2.07317e-16
0 2.07284e-16
0 2.07252e-16
0 2.07221e-16
0 2.07189e-16
0 2.07158e-16
0 2.07127e-16
0 2.07096e-16
0 2.07065e-16
0 2.07035e-16
0 2.07005e-16
0 2.06975e-16
0 2.06945e-16
0 2.06915e-16
0 2.06886e-16
0 2.06857e-16
0 2.06828e-16
0 2.06799e-16
0 2.06771e-16
0 2.06743e-16
0 2.06714e-16
0 2.06687e-16
0 2.06659e-16
0 2.06631e-16
0 2.06604e-16
0 2.06577e-16
0 2.0655e-16
0 2.06523e-16
0 2.06497e-16
0 2.0647e-16
0 2.06444e-16
0 2.06418e-16
0 2.06392e-16
0 2.06366e-16
0 2.06341e-16
0 2.06315e-16
0 2.0629e-16
0 2.06265e-16
0 2.0624e-16
0 2.06216e-16
0 2.06191e-16
0 2.06167e-16
0 2.06143e-16
0 2.06119e-16
0 2.06095e-16
0 2.06071e-16
0 2.06047e-16
0 2.06024e-16
0 2.06001e-16
0 2.05977e-16
0 2.05954e-16
0 2.05931e-16
0 2.05909e-16
0 2.05886e-16
0 2.05864e-16
0 2.05841e-16
0 2.05819e-16
0 2.05797e-16
0 2.05775e-16
0 2.05754e-16
0 2.05732e-16
0 2.05711e-16
0 2.05689e-16
0 2.05668e-16
0 2.05647e-16
0 2.05626e-16
0 2.05605e-16
0 2.05584e-16
0 2.05564e-16
0 2.05543e-16
0 2.05523e-16
0 2.05503e-16
0 2.05483e-16
0 2.05463e-16
0 2.05443e-16
0 2.05423e-16
0 2.05404e-16
0 2.05384e-16
0 2.05365e-16
0 2.05345e-16
0 2.05326e-16
0 2.05307e-16
0 2.05288e-16
0 2.05269e-16
0 2.05251e-16
0 2.05232e-16
0 2.05213e-16
0 2.05195e-16
0 2.05177e-16
0 2.05158e-16
0 2.0514e-16
0 2.05122e-16
0 2.05104e-16
0 2.05087e-16
0 2.05069e-16
0 2.05051e-16
0 2.05034e-16
0 2.05016e-16
0 2.04999e-16
0 2.04982e-16
0 2.04965e-16
0 2.04948e-16
0 2.04931e-16
0 2.04914e-16
0 2.04897e-16
0 2.0488e-16
0 2.04864e-16
0 2.04847e-16
0 2.04831e-16
0 2.04815e-16
0 2.04798e-16
0 2.04782e-16
0 2.04766e-16
0 2.0475e-16
0 2.04734e-16
0 2.04718e-16
0 2.04703e-16
0 2.04687e-16
0 2.04672e-16
0 2.04656e-16
0 2.04641e-16
0 2.04625e-16
0 2.0461e-16
0 2.04595e-16
0 2.0458e-16
0 2.04565e-16
0 2.0455e-16
0 2.04535e-16
0 2.0452e-16
0 2.04506e-16
0 2.04491e-16
0 2.04476e-16
0 2.04462e-16
0 2.04448e-16
0 2.04433e-16
0 2.04419e-16
0 2.04405e-16
0 2.04391e-16
0 2.04377e-16
0 2.04363e-16
0 2.04349e-16
0 2.04335e-16
0 2.04321e-16
0 2.04307e-16
0 2.04294e-16
0 2.0428e-16
0 2.04267e-16
0 2.04253e-16
0 2.0424e-16
0 2.04226e-16
0 2.04213e-16
0 2.042e-16
0 2.04187e-16
0 2.04174e-16
0 2.04161e-16
0 2.04148e-16
0 2.04135e-16
0 2.04122e-16
0 2.04109e-16
0 2.04097e-16
0 2.04084e-16
0 2.04071e-16
0 2.04059e-16
0 2.04046e-16
0 2.04034e-16
0 2.04022e-16
0 2.04009e-16
0 2.03997e-16
0 2.03985e-16
0 2.03973e-16
0 2.03961e-16
0 2.03949e-16
0 2.03937e-16
0 2.03925e-16
0 2.03913e-16
0 2.03901e-16
0 2.0389e-16
0 2.03878e-16
0 2.03866e-16
0 2.03855e-16
0 2.03843e-16
0 2.03832e-16
0 2.0382e-16
0 2.03809e-16
0 2.03798e-16
0 2.03786e-16
0 2.03775e-16
0 2.03764e-16
0 2.03753e-16
0 2.03742e-16
0 2.03731e-16
0 2.0372e-16
0 2.03709e-16
0 2.03698e-16
0 2.03687e-16
0 2.03676e-16
0 2.03666e-16
0 2.03655e-16
0 2.03644e-16
0 2.03634e-16
0 2.03623e-16
0 2.03612e-16
0 2.03602e-16
0 2.03592e-16
0 2.03581e-16
0 2.03571e-16
0 2.03561e-16
0 2.0355e-16
0 2.0354e-16
0 2.0353e-16
0 2.0352e-16
0 2.0351e-16
0 2.035e-16
0 2.0349e-16
0 2.0348e-16
0 2.0347e-16
0 2.0346e-16
0 2.0345e-16
0 2.0344e-16
0 2.03431e-16
0 2.03421e-16
0 2.03411e-16
0 2.03402e-16
0 2.03392e-16
0 2.03383e-16
0 2.03373e-16
0 2.03364e-16
0 2.03354e-16
0 2.03345e-16
0 2.03335e-16
0 2.03326e-16
0 2.03317e-16
0 2.03308e-16
0 2.03298e-16
0 2.03289e-16
0 2.0328e-16
0 2.03271e-16
0 2.03262e-16
0 2.03253e-16
0 2.03244e-16
0 2.03235e-16
0 2.03226e-16
0 2.03217e-16
0 2.03208e-16
0 2.03199e-16
0 2.03191e-16
0 2.03182e-16
0 2.03173e-16
0 2.03165e-16
0 2.03156e-16
0 2.03147e-16
0 2.03139e-16
0 2.0313e-16
0 2.03122e-16
0 2.03113e-16
0 2.03105e-16
0 2.03096e-16
0 2.03088e-16
0 2.0308e-16
0 2.03071e-16
0 2.03063e-16
0 2.03055e-16
0 2.03047e-16
0 2.03038e-16
0 2.0303e-16
0 2.03022e-16
0 2.03014e-16
0 2.03006e-16
0 2.02998e-16
0 2.0299e-16
0 2.02982e-16
0 2.02974e-16
0 2.02966e-16
0 2.02958e-16
0 2.0295e-16
0 2.02942e-16
0 2.02935e-16
0 2.02927e-16
0 2.02919e-16
0 2.02911e-16
0 2.02904e-16
0 2.02896e-16
0 2.02888e-16
0 2.02881e-16
0 2.02873e-16
0 2.02866e-16
0 2.02858e-16
0 2.02851e-16
0 2.02843e-16
0 2.02836e-16
0 2.02828e-16
0 2.02821e-16
0 2.02814e-16
0 2.02806e-16
0 2.02799e-16
0 2.02792e-16
0 2.02785e-16
0 2.02777e-16
0 2.0277e-16
0 2.02763e-16
0 2.02756e-16
0 2.02749e-16
0 2.02742e-16
0 2.02734e-16
0 2.02727e-16
0 2.0272e-16
0 2.02713e-16
0 2.02706e-16
0 2.02699e-16
0 2.02693e-16
0 2.02686e-16
0 2.02679e-16
0 2.02672e-16
0 2.02665e-16
0 2.02658e-16
0 2.02651e-16
0 2.02645e-16
0 2.02638e-16
0 2.02631e-16
0 2.02625e-16
0 2.02618e-16
0 2.02611e-16
0 2.02605e-16
0 2.02598e-16
0 2.02591e-16
0 2.02585e-16
0 2.02578e-16
0 2.02572e-16
0 2.02565e-16
0 2.02559e-16
0 2.02552e-16
0 2.02546e-16
0 2.0254e-16
0 2.02533e-16
0 2.02527e-16
0 2.0252e-16
0 2.02514e-16
0 2.02508e-16
0 2.02502e-16
0 2.02495e-16
0 2.02489e-16
0 2.02483e-16
0 2.02477e-16
0 2.0247e-16
0 2.02464e-16
0 2.02458e-16
0 2.02452e-16
0 2.02446e-16
0 2.0244e-16
0 2.02434e-16
0 2.02428e-16
0 2.02422e-16
0 2.02416e-16
0 2.0241e-16
0 2.02404e-16
0 2.02398e-16
0 2.02392e-16
0 2.02386e-16
0 2.0238e-16
0 2.02374e-16
0 2.02368e-16
0 2.02363e-16
0 2.02357e-16
0 2.02351e-16
0 2.02345e-16
0 2.0234e-16
0 2.02334e-16
0 2.02328e-16
0 2.02322e-16
0 2.02317e-16
0 2.02311e-16
0 2.02305e-16
0 2.023e-16
0 2.02294e-16
0 2.02289e-16
0 2.02283e-16
0 2.02277e-16
0 2.02272e-16
0 2.02266e-16
0 2.02261e-16
0 2.02255e-16
0 2.0225e-16
0 2.02244e-16
0 2.02239e-16
0 2.02234e-16
0 2.02228e-16
0 2.02223e-16
0 2.02217e-16
0 2.02212e-16
0 2.02207e-16
0 2.02201e-16
0 2.02196e-16
0 2.02191e-16
0 2.02186e-16
0 2.0218e-16
0 2.02175e-16
0 2.0217e-16
0 2.02165e-16
0 2.02159e-16
0 2.02154e-16
0 2.02149e-16
0 2.02144e-16
0 2.02139e-16
0 2.02134e-16
0 2.02129e-16
0 2.02124e-16
0 2.02118e-16
0 2.02113e-16
0 2.02108e-16
0 2.02103e-16
0 2.02098e-16
0 2.02093e-16
0 2.02088e-16
0 2.02083e-16
0 2.02078e-16
0 2.02073e-16
0 2.02069e-16
0 2.02064e-16
0 2.02059e-16
0 2.02054e-16
0 2.02049e-16
0 2.02044e-16
0 2.02039e-16
0 2.02034e-16
0 2.0203e-16
0 2.02025e-16
0 2.0202e-16
0 2.02015e-16
0 2.02011e-16
0 2.02006e-16
0 2.02001e-16
0 2.01996e-16
0 2.01992e-16
0 2.01987e-16
0 2.01982e-16
0 2.01978e-16
0 2.01973e-16
0 2.01968e-16
0 2.01964e-16
0 2.01959e-16
0 2.01955e-16
0 2.0195e-16
0 2.01945e-16
0 2.01941e-16
0 2.01936e-16
0 2.01932e-16
0 2.01927e-16
0 2.01923e-16
0 2.01918e-16
0 2.01914e-16
0 2.01909e-16
0 2.01905e-16
0 2.019e-16
0 2.01896e-16
0 2.01892e-16
0 2.01887e-16
0 2.01883e-16
0 2.01878e-16
0 2.01874e-16
0 2.0187e-16
0 2.01865e-16
0 2.01861e-16
0 2.01857e-16
0 2.01852e-16
0 2.01848e-16
0 2.01844e-16
0 2.0184e-16
0 2.01835e-16
0 2.01831e-16
0 2.01827e-16
0 2.01823e-16
0 2.01818e-16
0 2.01814e-16
0 2.0181e-16
0 2.01806e-16
0 2.01802e-16
0 2.01797e-16
0 2.01793e-16
0 2.01789e-16
0 2.01785e-16
0 2.01781e-16
0 2.01777e-16
0 2.01773e-16
0 2.01769e-16
0 2.01765e-16
0 2.01761e-16
0 2.01756e-16
0 2.01752e-16
0 2.01748e-16
0 2.01744e-16
0 2.0174e-16
0 2.01736e-16
0 2.01732e-16
0 2.01728e-16
0 2.01724e-16
0 2.01721e-16
0 2.01717e-16
0 2.01713e-16
0 2.01709e-16
0 2.01705e-16
0 2.01701e-16
0 2.01697e-16
0 2.01693e-16
0 2.01689e-16
0 2.01685e-16
0 2.01682e-16
0 2.01678e-16
0 2.01674e-16
0 2.0167e-16
0 2.01666e-16
0 2.01662e-16
0 2.01659e-16
0 2.01655e-16
0 2.01651e-16
0 2.01647e-16
0 2.01644e-16
0 2.0164e-16
0 2.01636e-16
0 2.01632e-16
0 2.01629e-16
0 2.01625e-16
0 2.01621e-16
0 2.01618e-16
0 2.01614e-16
0 2.0161e-16
0 2.01607e-16
0 2.01603e-16
0 2.01599e-16
0 2.01596e-16
0 2.01592e-16
0 2.01588e-16
0 2.01585e-16
0 2.01581e-16
0 2.01578e-16
0 2.01574e-16
0 2.0157e-16
0 2.01567e-16
0 2.01563e-16
0 2.0156e-16
0 2.01556e-16
0 2.01553e-16
0 2.01549e-16
0 2.01546e-16
0 2.01542e-16
0 2.01539e-16
0 2.01535e-16
0 2.01532e-16
0 2.01528e-16
0 2.01525e-16
0 2.01521e-16
0 2.01518e-16
0 2.01515e-16
0 2.01511e-16
0 2.01508e-16
0 2.01504e-16
0 2.01501e-16
0 2.01498e-16
0 2.01494e-16
0 2.01491e-16
0 2.01487e-16
0 2.01484e-16
0 2.01481e-16
0 2.01477e-16
0 2.01474e-16
0 2.01471e-16
0 2.01467e-16
0 2.01464e-16
0 2.01461e-16
0 2.01458e-16
0 2.01454e-16
0 2.01451e-16
0 2.01448e-16
0 2.01444e-16
0 2.01441e-16
0 2.01438e-16
0 2.01435e-16
0 2.01432e-16
0 2.01428e-16
0 2.01425e-16
0 2.01422e-16
0 2.01419e-16
0 2.01415e-16
0 2.01412e-16
0 2.01409e-16
0 2.01406e-16
0 2.01403e-16
0 2.014e-16
0 2.01397e-16
0 2.01393e-16
0 2.0139e-16
0 2.01387e-16
0 2.01384e-16
0 2.01381e-16
0 2.01378e-16
0 2.01375e-16
0 2.01372e-16
0 2.01369e-16
0 2.01365e-16
0 2.01362e-16
0 2.01359e-16
0 2.01356e-16
0 2.01353e-16
0 2.0135e-16
0 2.01347e-16
0 2.01344e-16
0 2.01341e-16
0 2.01338e-16
0 2.01335e-16
0 2.01332e-16
0 2.01329e-16
0 2.01326e-16
0 2.01323e-16
0 2.0132e-16
0 2.01317e-16
0 2.01314e-16
0 2.01311e-16
0 2.01308e-16
0 2.01305e-16
0 2.01303e-16
0 2.013e-16
0 2.01297e-16
0 2.01294e-16
0 2.01291e-16
0 2.01288e-16
0 2.01285e-16
0 2.01282e-16
0 2.01279e-16
0 2.01276e-16
0 2.01274e-16
0 2.01271e-16
0 2.01268e-16
0 2.01265e-16
0 2.01262e-16
0 2.01259e-16
0 2.01257e-16
0 2.01254e-16
0 2.01251e-16
0 2.01248e-16
0 2.01245e-16
0 2.01243e-16
0 2.0124e-16
0 2.01237e-16
0 2.01234e-16
0 2.01231e-16
0 2.01229e-16
0 2.01226e-16
0 2.01223e-16
0 2.0122e-16
0 2.01218e-16
0 2.01215e-16
0 2.01212e-16
0 2.01209e-16
0 2.01207e-16
0 2.01204e-16
0 2.01201e-16
0 2.01199e-16
0 2.01196e-16
0 2.01193e-16
0 2.01191e-16
0 2.01188e-16
0 2.01185e-16
0 2.01183e-16
0 2.0118e-16
0 2.01177e-16
0 2.01175e-16
0 2.01172e-16
0 2.01169e-16
0 2.01167e-16
0 2.01164e-16
0 2.01161e-16
0 2.01159e-16
0 2.01156e-16
0 2.01154e-16
0 2.01151e-16
0 2.01148e-16
0 2.01146e-16
0 2.01143e-16
0 2.01141e-16
0 2.01138e-16
0 2.01136e-16
0 2.01133e-16
0 2.0113e-16
0 2.01128e-16
0 2.01125e-16
0 2.01123e-16
0 2.0112e-16
0 2.01118e-16
0 2.01115e-16
0 2.01113e-16
0 2.0111e-16
0 2.01108e-16
0 2.01105e-16
0 2.01103e-16
0 2.011e-16
0 2.01098e-16
0 2.01095e-16
0 2.01093e-16
0 2.0109e-16
0 2.01088e-16
0 2.01085e-16
0 2.01083e-16
0 2.01081e-16
0 2.01078e-16
0 2.01076e-16
0 2.01073e-16
0 2.01071e-16
0 2.01068e-16
0 2.01066e-16
0 2.01064e-16
0 2.01061e-16
0 2.01059e-16
0 2.01056e-16
0 2.01054e-16
0 2.01052e-16
0 2.01049e-16
0 2.01047e-16
0 2.01044e-16
0 2.01042e-16
0 2.0104e-16
0 2.01037e-16
0 2.01035e-16
0 2.01033e-16
0 2.0103e-16

