0 0.0518875
0 0.0517174
0 0.0512617
0 0.0505316
0 0.0495418
0 0.0483117
0 0.0468649
0 0.0452282
0 0.0434304
0 0.0415018
0 0.0394731
0 0.0373744
0 0.0352345
0 0.0330803
0 0.0309362
0 0.0288237
0 0.0267614
0 0.024765
0 0.0228471
0 0.0210173
0 0.0192829
0 0.0176484
0 0.0161163
0 0.0146871
0 0.0133599
0 0.0121323
0 0.0110011
0 0.00996218
0 0.00901083
0 0.00814204
0 0.00735055
0 0.00663103
0 0.00597818
0 0.00538683
0 0.00485195
0 0.00436877
0 0.00393277
0 0.00353972
0 0.00318565
0 0.00286691
0 0.00258013
0 0.0023222
0 0.0020903
0 0.00188185
0 0.0016945
0 0.00152613
0 0.00137483
0 0.00123884
0 0.00111662
0 0.00100676
0 0.000907978
0 0.000819149
0 0.00073925
0 0.000667365
0 0.000602671
0 0.000544432
0 0.000491987
0 0.000444745
0 0.000402175
0 0.000363803
0 0.000329202
0 0.000297991
0 0.000269827
0 0.000244405
0 0.000221449
0 0.000200713
0 0.000181975
0 0.000165037
0 0.000149721
0 0.000135866
0 0.000123329
0 0.000111981
0 0.000101705
0 9.23978e-05
0 8.39645e-05
0 7.63209e-05
0 6.93908e-05
0 6.31057e-05
0 5.74038e-05
0 5.22295e-05
0 4.75326e-05
0 4.32678e-05
0 3.93944e-05
0 3.58753e-05
0 3.26773e-05
0 2.97705e-05
0 2.71274e-05
0 2.47238e-05
0 2.25372e-05
0 2.05476e-05
0 1.87369e-05
0 1.70885e-05
0 1.55877e-05
0 1.42208e-05
0 1.29756e-05
0 1.18411e-05
0 1.08073e-05
0 9.86491e-06
0 9.00578e-06
0 8.22238e-06
0 7.50791e-06
0 6.85618e-06
0 6.26157e-06
0 5.71899e-06
0 5.2238e-06
0 4.77179e-06
0 4.35912e-06
0 3.98231e-06
0 3.63821e-06
0 3.32391e-06
0 3.03681e-06
0 2.77451e-06
0 2.53484e-06
0 2.31581e-06
0 2.11564e-06
0 1.93267e-06
0 1.76541e-06
0 1.61249e-06
0 1.47267e-06
0 1.34482e-06
0 1.2279e-06
0 1.12097e-06
0 1.02317e-06
0 9.33713e-07
0 8.51885e-07
0 7.77032e-07
0 7.08556e-07
0 6.45913e-07
0 5.88605e-07
0 5.36177e-07
0 4.88215e-07
0 4.44339e-07
0 4.04202e-07
0 3.67489e-07
0 3.33909e-07
0 3.03198e-07
0 2.75115e-07
0 2.49438e-07
0 2.25965e-07
0 2.04513e-07
0 1.8491e-07
0 1.67004e-07
0 1.50653e-07
0 1.35728e-07
0 1.2211e-07
0 1.09692e-07
0 9.83741e-08
0 8.80672e-08
0 7.86881e-08
0 7.01615e-08
0 6.24184e-08
0 5.53957e-08
0 4.90358e-08
0 4.32862e-08
0 3.80989e-08
0 3.34302e-08
0 2.924e-08
0 2.5492e-08
0 2.21533e-08
0 1.91936e-08
0 1.65857e-08
0 1.43048e-08
0 1.23286e-08
0 1.06367e-08
0 9.21104e-09
0 8.0352e-09
0 7.09457e-09
0 6.37616e-09
0 5.86846e-09
0 5.56137e-09
0 1.31741e-18
0 1.31643e-18
0 1.31546e-18
0 1.31451e-18
0 1.31357e-18
0 1.31264e-18
0 1.31172e-18
0 1.31081e-18
0 1.30991e-18
0 1.30903e-18
0 1.30816e-18
0 1.30729e-18
0 1.30644e-18
0 1.3056e-18
0 1.30477e-18
0 1.30395e-18
0 1.30314e-18
0 1.30233e-18
0 1.30154e-18
0 1.30076e-18
0 1.29998e-18
0 1.29922e-18
0 1.29846e-18
0 1.29772e-18
0 1.29698e-18
0 1.29625e-18
0 1.29552e-18
0 1.29481e-18
0 1.2941e-18
0 1.29341e-18
0 1.29271e-18
0 1.29203e-18
0 1.29136e-18
0 1.29069e-18
0 1.29003e-18
0 1.28937e-18
0 1.28873e-18
0 1.28809e-18
0 1.28745e-18
0 1.28683e-18
0 1.28621e-18
0 1.28559e-18
0 1.28499e-18
0 1.28439e-18
0 1.28379e-18
0 1.2832e-18
0 1.28262e-18
0 1.28204e-18
0 1.28147e-18
0 1.28091e-18
0 1.28035e-18
0 1.27979e-18
0 1.27925e-18
0 1.2787e-18
0 1.27816e-18
0 1.27763e-18
0 1.2771e-18
0 1.27658e-18
0 1.27606e-18
0 1.27555e-18
0 1.27504e-18
0 1.27454e-18
0 1.27404e-18
0 1.27355e-18
0 1.27306e-18
0 1.27258e-18
0 1.2721e-18
0 1.27162e-18
0 1.27115e-18
0 1.27068e-18
0 1.27022e-18
0 1.26976e-18
0 1.26931e-18
0 1.26886e-18
0 1.26841e-18
0 1.26797e-18
0 1.26753e-18
0 1.2671e-18
0 1.26667e-18
0 1.26624e-18
0 1.26582e-18
0 1.2654e-18
0 1.26498e-18
0 1.26457e-18
0 1.26416e-18
0 1.26375e-18
0 1.26335e-18
0 1.26295e-18
0 1.26256e-18
0 1.26216e-18
0 1.26178e-18
0 1.26139e-18
0 1.26101e-18
0 1.26063e-18
0 1.26025e-18
0 1.25988e-18
0 1.25951e-18
0 1.25914e-18
0 1.25878e-18
0 1.25842e-18
0 1.25806e-18
0 1.2577e-18
0 1.25735e-18
0 1.257e-18
0 1.25665e-18
0 1.25631e-18
0 1.25597e-18
0 1.25563e-18
0 1.25529e-18
0 1.25496e-18
0 1.25462e-18
0 1.2543e-18
0 1.25397e-18
0 1.25365e-18
0 1.25332e-18
0 1.25301e-18
0 1.25269e-18
0 1.25237e-18
0 1.25206e-18
0 1.25175e-18
0 1.25145e-18
0 1.25114e-18
0 1.25084e-18
0 1.25054e-18
0 1.25024e-18
0 1.24994e-18
0 1.24965e-18
0 1.24936e-18
0 1.24907e-18
0 1.24878e-18
0 1.24849e-18
0 1.24821e-18
0 1.24793e-18
0 1.24765e-18
0 1.24737e-18
0 1.24709e-18
0 1.24682e-18
0 1.24655e-18
0 1.24628e-18
0 1.24601e-18
0 1.24574e-18
0 1.24548e-18
0 1.24522e-18
0 1.24495e-18
0 1.2447e-18
0 1.24444e-18
0 1.24418e-18
0 1.24393e-18
0 1.24368e-18
0 1.24342e-18
0 1.24318e-18
0 1.24293e-18
0 1.24268e-18
0 1.24244e-18
0 1.2422e-18
0 1.24196e-18
0 1.24172e-18
0 1.24148e-18
0 1.24124e-18
0 1.24101e-18
0 1.24077e-18
0 1.24054e-18
0 1.24031e-18
0 1.24008e-18
0 1.23986e-18
0 1.23963e-18
0 1.23941e-18
0 1.23918e-18
0 1.23896e-18
0 1.23874e-18
0 1.23852e-18
0 1.2383e-18
0 1.23809e-18
0 1.23787e-18
0 1.23766e-18
0 1.23745e-18
0 1.23724e-18
0 1.23703e-18
0 1.23682e-18
0 1.23661e-18
0 1.23641e-18
0 1.2362e-18
0 1.236e-18
0 1.2358e-18
0 1.23559e-18
0 1.23539e-18
0 1.2352e-18
0 1.235e-18
0 1.2348e-18
0 1.23461e-18
0 1.23441e-18
0 1.23422e-18
0 1.23403e-18
0 1.23384e-18
0 1.23365e-18
0 1.23346e-18
0 1.23327e-18
0 1.23309e-18
0 1.2329e-18
0 1.23272e-18
0 1.23254e-18
0 1.23235e-18
0 1.23217e-18
0 1.23199e-18
0 1.23181e-18
0 1.23164e-18
0 1.23146e-18
0 1.23128e-18
0 1.23111e-18
0 1.23093e-18
0 1.23076e-18
0 1.23059e-18
0 1.23042e-18
0 1.23025e-18
0 1.23008e-18
0 1.22991e-18
0 1.22974e-18
0 1.22958e-18
0 1.22941e-18
0 1.22925e-18
0 1.22908e-18
0 1.22892e-18
0 1.22876e-18
0 1.2286e-18
0 1.22844e-18
0 1.22828e-18
0 1.22812e-18
0 1.22796e-18
0 1.2278e-18
0 1.22765e-18
0 1.22749e-18
0 1.22734e-18
0 1.22718e-18
0 1.22703e-18
0 1.22688e-18
0 1.22673e-18
0 1.22658e-18
0 1.22643e-18
0 1.22628e-18
0 1.22613e-18
0 1.22598e-18
0 1.22584e-18
0 1.22569e-18
0 1.22555e-18
0 1.2254e-18
0 1.22526e-18
0 1.22511e-18
0 1.22497e-18
0 1.22483e-18
0 1.22469e-18
0 1.22455e-18
0 1.22441e-18
0 1.22427e-18
0 1.22413e-18
0 1.224e-18
0 1.22386e-18
0 1.22372e-18
0 1.22359e-18
0 1.22345e-18
0 1.22332e-18
0 1.22319e-18
0 1.22305e-18
0 1.22292e-18
0 1.22279e-18
0 1.22266e-18
0 1.22253e-18
0 1.2224e-18
0 1.22227e-18
0 1.22214e-18
0 1.22201e-18
0 1.22189e-18
0 1.22176e-18
0 1.22163e-18
0 1.22151e-18
0 1.22138e-18
0 1.22126e-18
0 1.22114e-18
0 1.22101e-18
0 1.22089e-18
0 1.22077e-18
0 1.22065e-18
0 1.22053e-18
0 1.22041e-18
0 1.22029e-18
0 1.22017e-18
0 1.22005e-18
0 1.21993e-18
0 1.21981e-18
0 1.2197e-18
0 1.21958e-18
0 1.21946e-18
0 1.21935e-18
0 1.21923e-18
0 1.21912e-18
0 1.21901e-18
0 1.21889e-18
0 1.21878e-18
0 1.21867e-18
0 1.21856e-18
0 1.21845e-18
0 1.21833e-18
0 1.21822e-18
0 1.21811e-18
0 1.21801e-18
0 1.2179e-18
0 1.21779e-18
0 1.21768e-18
0 1.21757e-18
0 1.21747e-18
0 1.21736e-18
0 1.21725e-18
0 1.21715e-18
0 1.21704e-18
0 1.21694e-18
0 1.21683e-18
0 1.21673e-18
0 1.21663e-18
0 1.21652e-18
0 1.21642e-18
0 1.21632e-18
0 1.21622e-18
0 1.21612e-18
0 1.21602e-18
0 1.21592e-18
0 1.21582e-18
0 1.21572e-18
0 1.21562e-18
0 1.21552e-18
0 1.21542e-18
0 1.21532e-18
0 1.21523e-18
0 1.21513e-18
0 1.21503e-18
0 1.21494e-18
0 1.21484e-18
0 1.21475e-18
0 1.21465e-18
0 1.21456e-18
0 1.21446e-18
0 1.21437e-18
0 1.21427e-18
0 1.21418e-18
0 1.21409e-18
0 1.214e-18
0 1.2139e-18
0 1.21381e-18
0 1.21372e-18
0 1.21363e-18
0 1.21354e-18
0 1.21345e-18
0 1.21336e-18
0 1.21327e-18
0 1.21318e-18
0 1.21309e-18
0 1.213e-18
0 1.21292e-18
0 1.21283e-18
0 1.21274e-18
0 1.21266e-18
0 1.21257e-18
0 1.21248e-18
0 1.2124e-18
0 1.21231e-18
0 1.21223e-18
0 1.21214e-18
0 1.21206e-18
0 1.21197e-18
0 1.21189e-18
0 1.2118e-18
0 1.21172e-18
0 1.21164e-18
0 1.21156e-18
0 1.21147e-18
0 1.21139e-18
0 1.21131e-18
0 1.21123e-18
0 1.21115e-18
0 1.21107e-18
0 1.21099e-18
0 1.21091e-18
0 1.21083e-18
0 1.21075e-18
0 1.21067e-18
0 1.21059e-18
0 1.21051e-18
0 1.21043e-18
0 1.21035e-18
0 1.21027e-18
0 1.2102e-18
0 1.21012e-18
0 1.21004e-18
0 1.20997e-18
0 1.20989e-18
0 1.20981e-18
0 1.20974e-18
0 1.20966e-18
0 1.20959e-18
0 1.20951e-18
0 1.20944e-18
0 1.20936e-18
0 1.20929e-18
0 1.20922e-18
0 1.20914e-18
0 1.20907e-18
0 1.209e-18
0 1.20892e-18
0 1.20885e-18
0 1.20878e-18
0 1.20871e-18
0 1.20863e-18
0 1.20856e-18
0 1.20849e-18
0 1.20842e-18
0 1.20835e-18
0 1.20828e-18
0 1.20821e-18
0 1.20814e-18
0 1.20807e-18
0 1.208e-18
0 1.20793e-18
0 1.20786e-18
0 1.20779e-18
0 1.20772e-18
0 1.20765e-18
0 1.20759e-18
0 1.20752e-18
0 1.20745e-18
0 1.20738e-18
0 1.20732e-18
0 1.20725e-18
0 1.20718e-18
0 1.20712e-18
0 1.20705e-18
0 1.20698e-18
0 1.20692e-18
0 1.20685e-18
0 1.20679e-18
0 1.20672e-18
0 1.20666e-18
0 1.20659e-18
0 1.20653e-18
0 1.20646e-18
0 1.2064e-18
0 1.20634e-18
0 1.20627e-18
0 1.20621e-18
0 1.20615e-18
0 1.20608e-18
0 1.20602e-18
0 1.20596e-18
0 1.2059e-18
0 1.20583e-18
0 1.20577e-18
0 1.20571e-18
0 1.20565e-18
0 1.20559e-18
0 1.20553e-18
0 1.20547e-18
0 1.2054e-18
0 1.20534e-18
0 1.20528e-18
0 1.20522e-18
0 1.20516e-18
0 1.2051e-18
0 1.20504e-18
0 1.20498e-18
0 1.20493e-18
0 1.20487e-18
0 1.20481e-18
0 1.20475e-18
0 1.20469e-18
0 1.20463e-18
0 1.20457e-18
0 1.20452e-18
0 1.20446e-18
0 1.2044e-18
0 1.20434e-18
0 1.20429e-18
0 1.20423e-18
0 1.20417e-18
0 1.20412e-18
0 1.20406e-18
0 1.20401e-18
0 1.20395e-18
0 1.20389e-18
0 1.20384e-18
0 1.20378e-18
0 1.20373e-18
0 1.20367e-18
0 1.20362e-18
0 1.20356e-18
0 1.20351e-18
0 1.20345e-18
0 1.2034e-18
0 1.20334e-18
0 1.20329e-18
0 1.20324e-18
0 1.20318e-18
0 1.20313e-18
0 1.20308e-18
0 1.20302e-18
0 1.20297e-18
0 1.20292e-18
0 1.20287e-18
0 1.20281e-18
0 1.20276e-18
0 1.20271e-18
0 1.20266e-18
0 1.2026e-18
0 1.20255e-18
0 1.2025e-18
0 1.20245e-18
0 1.2024e-18
0 1.20235e-18
0 1.2023e-18
0 1.20225e-18
0 1.2022e-18
0 1.20214e-18
0 1.20209e-18
0 1.20204e-18
0 1.20199e-18
0 1.20194e-18
0 1.20189e-18
0 1.20185e-18
0 1.2018e-18
0 1.20175e-18
0 1.2017e-18
0 1.20165e-18
0 1.2016e-18
0 1.20155e-18
0 1.2015e-18
0 1.20145e-18
0 1.20141e-18
0 1.20136e-18
0 1.20131e-18
0 1.20126e-18
0 1.20121e-18
0 1.20117e-18
0 1.20112e-18
0 1.20107e-18
0 1.20102e-18
0 1.20098e-18
0 1.20093e-18
0 1.20088e-18
0 1.20084e-18
0 1.20079e-18
0 1.20074e-18
0 1.2007e-18
0 1.20065e-18
0 1.20061e-18
0 1.20056e-18
0 1.20052e-18
0 1.20047e-18
0 1.20042e-18
0 1.20038e-18
0 1.20033e-18
0 1.20029e-18
0 1.20024e-18
0 1.2002e-18
0 1.20015e-18
0 1.20011e-18
0 1.20007e-18
0 1.20002e-18
0 1.19998e-18
0 1.19993e-18
0 1.19989e-18
0 1.19985e-18
0 1.1998e-18
0 1.19976e-18
0 1.19971e-18
0 1.19967e-18
0 1.19963e-18
0 1.19959e-18
0 1.19954e-18
0 1.1995e-18
0 1.19946e-18
0 1.19941e-18
0 1.19937e-18
0 1.19933e-18
0 1.19929e-18
0 1.19925e-18
0 1.1992e-18
0 1.19916e-18
0 1.19912e-18
0 1.19908e-18
0 1.19904e-18
0 1.19899e-18
0 1.19895e-18
0 1.19891e-18
0 1.19887e-18
0 1.19883e-18
0 1.19879e-18
0 1.19875e-18
0 1.19871e-18
0 1.19867e-18
0 1.19863e-18
0 1.19859e-18
0 1.19855e-18
0 1.19851e-18
0 1.19847e-18
0 1.19843e-18
0 1.19839e-18
0 1.19835e-18
0 1.19831e-18
0 1.19827e-18
0 1.19823e-18
0 1.19819e-18
0 1.19815e-18
0 1.19811e-18
0 1.19807e-18
0 1.19803e-18
0 1.19799e-18
0 1.19796e-18
0 1.19792e-18
0 1.19788e-18
0 1.19784e-18
0 1.1978e-18
0 1.19776e-18
0 1.19773e-18
0 1.19769e-18
0 1.19765e-18
0 1.19761e-18
0 1.19757e-18
0 1.19754e-18
0 1.1975e-18
0 1.19746e-18
0 1.19743e-18
0 1.19739e-18
0 1.19735e-18
0 1.19731e-18
0 1.19728e-18
0 1.19724e-18
0 1.1972e-18
0 1.19717e-18
0 1.19713e-18
0 1.19709e-18
0 1.19706e-18
0 1.19702e-18
0 1.19699e-18
0 1.19695e-18
0 1.19691e-18
0 1.19688e-18
0 1.19684e-18
0 1.19681e-18
0 1.19677e-18
0 1.19673e-18
0 1.1967e-18
0 1.19666e-18
0 1.19663e-18
0 1.19659e-18
0 1.19656e-18
0 1.19652e-18
0 1.19649e-18
0 1.19645e-18
0 1.19642e-18
0 1.19638e-18
0 1.19635e-18
0 1.19632e-18
0 1.19628e-18
0 1.19625e-18
0 1.19621e-18
0 1.19618e-18
0 1.19614e-18
0 1.19611e-18
0 1.19608e-18
0 1.19604e-18
0 1.19601e-18
0 1.19598e-18
0 1.19594e-18
0 1.19591e-18
0 1.19588e-18
0 1.19584e-18
0 1.19581e-18
0 1.19578e-18
0 1.19574e-18
0 1.19571e-18
0 1.19568e-18
0 1.19564e-18
0 1.19561e-18
0 1.19558e-18
0 1.19555e-18
0 1.19551e-18
0 1.19548e-18
0 1.19545e-18
0 1.19542e-18
0 1.19538e-18
0 1.19535e-18
0 1.19532e-18
0 1.19529e-18
0 1.19526e-18
0 1.19522e-18
0 1.19519e-18
0 1.19516e-18
0 1.19513e-18
0 1.1951e-18
0 1.19507e-18
0 1.19503e-18
0 1.195e-18
0 1.19497e-18
0 1.19494e-18
0 1.19491e-18
0 1.19488e-18
0 1.19485e-18
0 1.19482e-18
0 1.19479e-18
0 1.19476e-18
0 1.19473e-18
0 1.19469e-18
0 1.19466e-18
0 1.19463e-18
0 1.1946e-18
0 1.19457e-18
0 1.19454e-18
0 1.19451e-18
0 1.19448e-18
0 1.19445e-18
0 1.19442e-18
0 1.19439e-18
0 1.19436e-18
0 1.19433e-18
0 1.1943e-18
0 1.19427e-18
0 1.19424e-18
0 1.19422e-18
0 1.19419e-18
0 1.19416e-18
0 1.19413e-18
0 1.1941e-18
0 1.19407e-18
0 1.19404e-18
0 1.19401e-18
0 1.19398e-18
0 1.19395e-18
0 1.19392e-18
0 1.1939e-18
0 1.19387e-18
0 1.19384e-18
0 1.19381e-18
0 1.19378e-18
0 1.19375e-18
0 1.19372e-18
0 1.1937e-18
0 1.19367e-18
0 1.19364e-18
0 1.19361e-18
0 1.19358e-18
0 1.19356e-18
0 1.19353e-18
0 1.1935e-18
0 1.19347e-18
0 1.19344e-18
0 1.19342e-18
0 1.19339e-18
0 1.19336e-18
0 1.19333e-18
0 1.19331e-18
0 1.19328e-18
0 1.19325e-18
0 1.19323e-18
0 1.1932e-18
0 1.19317e-18
0 1.19314e-18
0 1.19312e-18
0 1.19309e-18
0 1.19306e-18
0 1.19304e-18
0 1.19301e-18
0 1.19298e-18
0 1.19296e-18
0 1.19293e-18
0 1.1929e-18
0 1.19288e-18
0 1.19285e-18
0 1.19282e-18
0 1.1928e-18
0 1.19277e-18
0 1.19275e-18
0 1.19272e-18
0 1.19269e-18
0 1.19267e-18
0 1.19264e-18
0 1.19262e-18
0 1.19259e-18
0 1.19256e-18
0 1.19254e-18
0 1.19251e-18
0 1.19249e-18
0 1.19246e-18
0 1.19244e-18
0 1.19241e-18
0 1.19238e-18
0 1.19236e-18
0 1.19233e-18
0 1.19231e-18
0 1.19228e-18
0 1.19226e-18
0 1.19223e-18
0 1.19221e-18
0 1.19218e-18
0 1.19216e-18
0 1.19213e-18
0 1.19211e-18
0 1.19208e-18
0 1.19206e-18
0 1.19203e-18
0 1.19201e-18
0 1.19199e-18
0 1.19196e-18
0 1.19194e-18
0 1.19191e-18
0 1.19189e-18
0 1.19186e-18
0 1.19184e-18
0 1.19181e-18
0 1.19179e-18
0 1.19177e-18
0 1.19174e-18
0 1.19172e-18
0 1.19169e-18
0 1.19167e-18
0 1.19165e-18
0 1.19162e-18
0 1.1916e-18
0 1.19158e-18
0 1.19155e-18
0 1.19153e-18
0 1.1915e-18
0 1.19148e-18
0 1.19146e-18
0 1.19143e-18

