0 2.37862e+06
0 10995.5
0 3039.03
0 1366.29
0 748.951
0 459.467
0 303.456
0 211.198
0 152.866
0 114.065
0 87.2065
0 68.0086
0 53.9188
0 43.347
0 35.2646
0 28.9852
0 24.0381
0 20.0927
0 16.9123
0 14.3239
0 12.1994
0 10.4422
0 8.97883
0 7.7525
0 6.71897
0 5.84341
0 5.09814
0 4.461
0 3.9141
0 3.44291
0 3.03555
0 2.68224
0 2.3749
0 2.10679
0 1.87231
0 1.66672
0 1.48606
0 1.32697
0 1.18658
0 1.06245
0 0.952513
0 0.854971
0 0.768288
0 0.691137
0 0.62237
0 0.560992
0 0.506135
0 0.457047
0 0.413068
0 0.373621
0 0.338201
0 0.306363
0 0.277718
0 0.251921
0 0.228666
0 0.207686
0 0.188742
0 0.171623
0 0.156142
0 0.14213
0 0.12944
0 0.117939
0 0.107509
0 0.0980441
0 0.0894499
0 0.0816417
0 0.0745436
0 0.0680875
0 0.0622123
0 0.056863
0 0.0519902
0 0.0475493
0 0.0435002
0 0.0398067
0 0.0364362
0 0.0333592
0 0.0305491
0 0.0279816
0 0.025635
0 0.0234896
0 0.0215274
0 0.0197321
0 0.0180891
0 0.016585
0 0.0152077
0 0.013946
0 0.01279
0 0.0117306
0 0.0107594
0 0.00986891
0 0.00905219
0 0.00830298
0 0.00761556
0 0.00698471
0 0.00640566
0 0.00587407
0 0.00538597
0 0.00493773
0 0.00452604
0 0.00414786
0 0.00380043
0 0.00348122
0 0.0031879
0 0.00291835
0 0.00267063
0 0.00244296
0 0.00223371
0 0.00204138
0 0.00186461
0 0.00170214
0 0.00155282
0 0.00141559
0 0.00128948
0 0.00117361
0 0.00106715
0 0.000969364
0 0.000879559
0 0.000797104
0 0.000721418
0 0.000651968
0 0.000588264
0 0.000529857
0 0.000476333
0 0.000427313
0 0.000382446
0 0.000341413
0 0.000303918
0 0.00026969
0 0.000238479
0 0.000210058
0 0.000184216
0 0.000160759
0 0.00013951
0 0.000120306
0 0.000102998
0 8.74482e-05
0 7.35309e-05
0 6.11307e-05
0 5.01421e-05
0 4.04685e-05
0 3.20214e-05
0 2.47204e-05
0 1.84918e-05
0 1.32686e-05
0 8.99028e-06
0 5.60154e-06
0 3.05265e-06
0 1.29877e-06
0 2.99638e-07
0 3.64462e-14
0 3.6424e-14
0 3.64022e-14
0 3.63808e-14
0 3.63596e-14
0 3.63387e-14
0 3.63181e-14
0 3.62978e-14
0 3.62778e-14
0 3.6258e-14
0 3.62386e-14
0 3.62194e-14
0 3.62004e-14
0 3.61817e-14
0 3.61633e-14
0 3.6145e-14
0 3.61271e-14
0 3.61093e-14
0 3.60918e-14
0 3.60746e-14
0 3.60575e-14
0 3.60407e-14
0 3.6024e-14
0 3.60076e-14
0 3.59914e-14
0 3.59754e-14
0 3.59595e-14
0 3.59439e-14
0 3.59285e-14
0 3.59132e-14
0 3.58982e-14
0 3.58833e-14
0 3.58686e-14
0 3.5854e-14
0 3.58396e-14
0 3.58254e-14
0 3.58114e-14
0 3.57975e-14
0 3.57838e-14
0 3.57703e-14
0 3.57569e-14
0 3.57436e-14
0 3.57305e-14
0 3.57175e-14
0 3.57047e-14
0 3.5692e-14
0 3.56795e-14
0 3.56671e-14
0 3.56548e-14
0 3.56427e-14
0 3.56307e-14
0 3.56188e-14
0 3.56071e-14
0 3.55954e-14
0 3.55839e-14
0 3.55725e-14
0 3.55613e-14
0 3.55501e-14
0 3.55391e-14
0 3.55282e-14
0 3.55174e-14
0 3.55067e-14
0 3.54961e-14
0 3.54856e-14
0 3.54752e-14
0 3.54649e-14
0 3.54547e-14
0 3.54447e-14
0 3.54347e-14
0 3.54248e-14
0 3.5415e-14
0 3.54053e-14
0 3.53957e-14
0 3.53862e-14
0 3.53768e-14
0 3.53674e-14
0 3.53582e-14
0 3.53491e-14
0 3.534e-14
0 3.5331e-14
0 3.53221e-14
0 3.53133e-14
0 3.53045e-14
0 3.52959e-14
0 3.52873e-14
0 3.52788e-14
0 3.52704e-14
0 3.5262e-14
0 3.52537e-14
0 3.52455e-14
0 3.52374e-14
0 3.52293e-14
0 3.52213e-14
0 3.52134e-14
0 3.52056e-14
0 3.51978e-14
0 3.519e-14
0 3.51824e-14
0 3.51748e-14
0 3.51673e-14
0 3.51598e-14
0 3.51524e-14
0 3.51451e-14
0 3.51378e-14
0 3.51306e-14
0 3.51235e-14
0 3.51164e-14
0 3.51093e-14
0 3.51024e-14
0 3.50954e-14
0 3.50886e-14
0 3.50818e-14
0 3.5075e-14
0 3.50683e-14
0 3.50617e-14
0 3.50551e-14
0 3.50485e-14
0 3.5042e-14
0 3.50356e-14
0 3.50292e-14
0 3.50229e-14
0 3.50166e-14
0 3.50103e-14
0 3.50041e-14
0 3.4998e-14
0 3.49919e-14
0 3.49858e-14
0 3.49798e-14
0 3.49739e-14
0 3.49679e-14
0 3.49621e-14
0 3.49562e-14
0 3.49505e-14
0 3.49447e-14
0 3.4939e-14
0 3.49334e-14
0 3.49277e-14
0 3.49222e-14
0 3.49166e-14
0 3.49111e-14
0 3.49057e-14
0 3.49003e-14
0 3.48949e-14
0 3.48896e-14
0 3.48843e-14
0 3.4879e-14
0 3.48738e-14
0 3.48686e-14
0 3.48634e-14
0 3.48583e-14
0 3.48532e-14
0 3.48482e-14
0 3.48432e-14
0 3.48382e-14
0 3.48333e-14
0 3.48284e-14
0 3.48235e-14
0 3.48186e-14
0 3.48138e-14
0 3.48091e-14
0 3.48043e-14
0 3.47996e-14
0 3.47949e-14
0 3.47903e-14
0 3.47857e-14
0 3.47811e-14
0 3.47765e-14
0 3.4772e-14
0 3.47675e-14
0 3.4763e-14
0 3.47586e-14
0 3.47542e-14
0 3.47498e-14
0 3.47455e-14
0 3.47411e-14
0 3.47368e-14
0 3.47326e-14
0 3.47283e-14
0 3.47241e-14
0 3.47199e-14
0 3.47158e-14
0 3.47116e-14
0 3.47075e-14
0 3.47034e-14
0 3.46994e-14
0 3.46953e-14
0 3.46913e-14
0 3.46873e-14
0 3.46834e-14
0 3.46795e-14
0 3.46755e-14
0 3.46717e-14
0 3.46678e-14
0 3.4664e-14
0 3.46601e-14
0 3.46563e-14
0 3.46526e-14
0 3.46488e-14
0 3.46451e-14
0 3.46414e-14
0 3.46377e-14
0 3.46341e-14
0 3.46304e-14
0 3.46268e-14
0 3.46232e-14
0 3.46196e-14
0 3.46161e-14
0 3.46126e-14
0 3.4609e-14
0 3.46055e-14
0 3.46021e-14
0 3.45986e-14
0 3.45952e-14
0 3.45918e-14
0 3.45884e-14
0 3.4585e-14
0 3.45817e-14
0 3.45783e-14
0 3.4575e-14
0 3.45717e-14
0 3.45684e-14
0 3.45652e-14
0 3.45619e-14
0 3.45587e-14
0 3.45555e-14
0 3.45523e-14
0 3.45491e-14
0 3.4546e-14
0 3.45428e-14
0 3.45397e-14
0 3.45366e-14
0 3.45335e-14
0 3.45305e-14
0 3.45274e-14
0 3.45244e-14
0 3.45214e-14
0 3.45184e-14
0 3.45154e-14
0 3.45124e-14
0 3.45094e-14
0 3.45065e-14
0 3.45036e-14
0 3.45007e-14
0 3.44978e-14
0 3.44949e-14
0 3.4492e-14
0 3.44892e-14
0 3.44864e-14
0 3.44835e-14
0 3.44807e-14
0 3.44779e-14
0 3.44752e-14
0 3.44724e-14
0 3.44697e-14
0 3.44669e-14
0 3.44642e-14
0 3.44615e-14
0 3.44588e-14
0 3.44561e-14
0 3.44535e-14
0 3.44508e-14
0 3.44482e-14
0 3.44456e-14
0 3.4443e-14
0 3.44404e-14
0 3.44378e-14
0 3.44352e-14
0 3.44326e-14
0 3.44301e-14
0 3.44276e-14
0 3.4425e-14
0 3.44225e-14
0 3.442e-14
0 3.44175e-14
0 3.44151e-14
0 3.44126e-14
0 3.44102e-14
0 3.44077e-14
0 3.44053e-14
0 3.44029e-14
0 3.44005e-14
0 3.43981e-14
0 3.43957e-14
0 3.43933e-14
0 3.4391e-14
0 3.43886e-14
0 3.43863e-14
0 3.4384e-14
0 3.43817e-14
0 3.43794e-14
0 3.43771e-14
0 3.43748e-14
0 3.43725e-14
0 3.43703e-14
0 3.4368e-14
0 3.43658e-14
0 3.43636e-14
0 3.43614e-14
0 3.43591e-14
0 3.43569e-14
0 3.43548e-14
0 3.43526e-14
0 3.43504e-14
0 3.43483e-14
0 3.43461e-14
0 3.4344e-14
0 3.43418e-14
0 3.43397e-14
0 3.43376e-14
0 3.43355e-14
0 3.43334e-14
0 3.43314e-14
0 3.43293e-14
0 3.43272e-14
0 3.43252e-14
0 3.43231e-14
0 3.43211e-14
0 3.43191e-14
0 3.4317e-14
0 3.4315e-14
0 3.4313e-14
0 3.4311e-14
0 3.43091e-14
0 3.43071e-14
0 3.43051e-14
0 3.43032e-14
0 3.43012e-14
0 3.42993e-14
0 3.42974e-14
0 3.42954e-14
0 3.42935e-14
0 3.42916e-14
0 3.42897e-14
0 3.42878e-14
0 3.42859e-14
0 3.42841e-14
0 3.42822e-14
0 3.42803e-14
0 3.42785e-14
0 3.42767e-14
0 3.42748e-14
0 3.4273e-14
0 3.42712e-14
0 3.42694e-14
0 3.42676e-14
0 3.42658e-14
0 3.4264e-14
0 3.42622e-14
0 3.42604e-14
0 3.42586e-14
0 3.42569e-14
0 3.42551e-14
0 3.42534e-14
0 3.42517e-14
0 3.42499e-14
0 3.42482e-14
0 3.42465e-14
0 3.42448e-14
0 3.42431e-14
0 3.42414e-14
0 3.42397e-14
0 3.4238e-14
0 3.42363e-14
0 3.42347e-14
0 3.4233e-14
0 3.42313e-14
0 3.42297e-14
0 3.4228e-14
0 3.42264e-14
0 3.42248e-14
0 3.42232e-14
0 3.42215e-14
0 3.42199e-14
0 3.42183e-14
0 3.42167e-14
0 3.42151e-14
0 3.42135e-14
0 3.4212e-14
0 3.42104e-14
0 3.42088e-14
0 3.42073e-14
0 3.42057e-14
0 3.42042e-14
0 3.42026e-14
0 3.42011e-14
0 3.41995e-14
0 3.4198e-14
0 3.41965e-14
0 3.4195e-14
0 3.41935e-14
0 3.4192e-14
0 3.41905e-14
0 3.4189e-14
0 3.41875e-14
0 3.4186e-14
0 3.41845e-14
0 3.41831e-14
0 3.41816e-14
0 3.41802e-14
0 3.41787e-14
0 3.41773e-14
0 3.41758e-14
0 3.41744e-14
0 3.41729e-14
0 3.41715e-14
0 3.41701e-14
0 3.41687e-14
0 3.41673e-14
0 3.41659e-14
0 3.41645e-14
0 3.41631e-14
0 3.41617e-14
0 3.41603e-14
0 3.41589e-14
0 3.41576e-14
0 3.41562e-14
0 3.41548e-14
0 3.41535e-14
0 3.41521e-14
0 3.41508e-14
0 3.41494e-14
0 3.41481e-14
0 3.41467e-14
0 3.41454e-14
0 3.41441e-14
0 3.41428e-14
0 3.41414e-14
0 3.41401e-14
0 3.41388e-14
0 3.41375e-14
0 3.41362e-14
0 3.41349e-14
0 3.41336e-14
0 3.41324e-14
0 3.41311e-14
0 3.41298e-14
0 3.41285e-14
0 3.41273e-14
0 3.4126e-14
0 3.41247e-14
0 3.41235e-14
0 3.41222e-14
0 3.4121e-14
0 3.41198e-14
0 3.41185e-14
0 3.41173e-14
0 3.41161e-14
0 3.41148e-14
0 3.41136e-14
0 3.41124e-14
0 3.41112e-14
0 3.411e-14
0 3.41088e-14
0 3.41076e-14
0 3.41064e-14
0 3.41052e-14
0 3.4104e-14
0 3.41028e-14
0 3.41017e-14
0 3.41005e-14
0 3.40993e-14
0 3.40981e-14
0 3.4097e-14
0 3.40958e-14
0 3.40947e-14
0 3.40935e-14
0 3.40924e-14
0 3.40912e-14
0 3.40901e-14
0 3.4089e-14
0 3.40878e-14
0 3.40867e-14
0 3.40856e-14
0 3.40845e-14
0 3.40833e-14
0 3.40822e-14
0 3.40811e-14
0 3.408e-14
0 3.40789e-14
0 3.40778e-14
0 3.40767e-14
0 3.40756e-14
0 3.40745e-14
0 3.40734e-14
0 3.40724e-14
0 3.40713e-14
0 3.40702e-14
0 3.40691e-14
0 3.40681e-14
0 3.4067e-14
0 3.40659e-14
0 3.40649e-14
0 3.40638e-14
0 3.40628e-14
0 3.40617e-14
0 3.40607e-14
0 3.40596e-14
0 3.40586e-14
0 3.40576e-14
0 3.40565e-14
0 3.40555e-14
0 3.40545e-14
0 3.40535e-14
0 3.40525e-14
0 3.40514e-14
0 3.40504e-14
0 3.40494e-14
0 3.40484e-14
0 3.40474e-14
0 3.40464e-14
0 3.40454e-14
0 3.40444e-14
0 3.40434e-14
0 3.40424e-14
0 3.40415e-14
0 3.40405e-14
0 3.40395e-14
0 3.40385e-14
0 3.40376e-14
0 3.40366e-14
0 3.40356e-14
0 3.40347e-14
0 3.40337e-14
0 3.40327e-14
0 3.40318e-14
0 3.40308e-14
0 3.40299e-14
0 3.40289e-14
0 3.4028e-14
0 3.40271e-14
0 3.40261e-14
0 3.40252e-14
0 3.40242e-14
0 3.40233e-14
0 3.40224e-14
0 3.40215e-14
0 3.40206e-14
0 3.40196e-14
0 3.40187e-14
0 3.40178e-14
0 3.40169e-14
0 3.4016e-14
0 3.40151e-14
0 3.40142e-14
0 3.40133e-14
0 3.40124e-14
0 3.40115e-14
0 3.40106e-14
0 3.40097e-14
0 3.40088e-14
0 3.40079e-14
0 3.40071e-14
0 3.40062e-14
0 3.40053e-14
0 3.40044e-14
0 3.40036e-14
0 3.40027e-14
0 3.40018e-14
0 3.4001e-14
0 3.40001e-14
0 3.39992e-14
0 3.39984e-14
0 3.39975e-14
0 3.39967e-14
0 3.39958e-14
0 3.3995e-14
0 3.39941e-14
0 3.39933e-14
0 3.39925e-14
0 3.39916e-14
0 3.39908e-14
0 3.399e-14
0 3.39891e-14
0 3.39883e-14
0 3.39875e-14
0 3.39867e-14
0 3.39858e-14
0 3.3985e-14
0 3.39842e-14
0 3.39834e-14
0 3.39826e-14
0 3.39818e-14
0 3.3981e-14
0 3.39802e-14
0 3.39794e-14
0 3.39786e-14
0 3.39778e-14
0 3.3977e-14
0 3.39762e-14
0 3.39754e-14
0 3.39746e-14
0 3.39738e-14
0 3.3973e-14
0 3.39722e-14
0 3.39715e-14
0 3.39707e-14
0 3.39699e-14
0 3.39691e-14
0 3.39684e-14
0 3.39676e-14
0 3.39668e-14
0 3.39661e-14
0 3.39653e-14
0 3.39645e-14
0 3.39638e-14
0 3.3963e-14
0 3.39623e-14
0 3.39615e-14
0 3.39608e-14
0 3.396e-14
0 3.39593e-14
0 3.39585e-14
0 3.39578e-14
0 3.3957e-14
0 3.39563e-14
0 3.39556e-14
0 3.39548e-14
0 3.39541e-14
0 3.39534e-14
0 3.39526e-14
0 3.39519e-14
0 3.39512e-14
0 3.39505e-14
0 3.39497e-14
0 3.3949e-14
0 3.39483e-14
0 3.39476e-14
0 3.39469e-14
0 3.39462e-14
0 3.39454e-14
0 3.39447e-14
0 3.3944e-14
0 3.39433e-14
0 3.39426e-14
0 3.39419e-14
0 3.39412e-14
0 3.39405e-14
0 3.39398e-14
0 3.39391e-14
0 3.39384e-14
0 3.39377e-14
0 3.39371e-14
0 3.39364e-14
0 3.39357e-14
0 3.3935e-14
0 3.39343e-14
0 3.39336e-14
0 3.3933e-14
0 3.39323e-14
0 3.39316e-14
0 3.39309e-14
0 3.39303e-14
0 3.39296e-14
0 3.39289e-14
0 3.39283e-14
0 3.39276e-14
0 3.39269e-14
0 3.39263e-14
0 3.39256e-14
0 3.3925e-14
0 3.39243e-14
0 3.39236e-14
0 3.3923e-14
0 3.39223e-14
0 3.39217e-14
0 3.3921e-14
0 3.39204e-14
0 3.39198e-14
0 3.39191e-14
0 3.39185e-14
0 3.39178e-14
0 3.39172e-14
0 3.39166e-14
0 3.39159e-14
0 3.39153e-14
0 3.39147e-14
0 3.3914e-14
0 3.39134e-14
0 3.39128e-14
0 3.39121e-14
0 3.39115e-14
0 3.39109e-14
0 3.39103e-14
0 3.39097e-14
0 3.3909e-14
0 3.39084e-14
0 3.39078e-14
0 3.39072e-14
0 3.39066e-14
0 3.3906e-14
0 3.39054e-14
0 3.39047e-14
0 3.39041e-14
0 3.39035e-14
0 3.39029e-14
0 3.39023e-14
0 3.39017e-14
0 3.39011e-14
0 3.39005e-14
0 3.38999e-14
0 3.38993e-14
0 3.38987e-14
0 3.38982e-14
0 3.38976e-14
0 3.3897e-14
0 3.38964e-14
0 3.38958e-14
0 3.38952e-14
0 3.38946e-14
0 3.38941e-14
0 3.38935e-14
0 3.38929e-14
0 3.38923e-14
0 3.38917e-14
0 3.38912e-14
0 3.38906e-14
0 3.389e-14
0 3.38894e-14
0 3.38889e-14
0 3.38883e-14
0 3.38877e-14
0 3.38872e-14
0 3.38866e-14
0 3.3886e-14
0 3.38855e-14
0 3.38849e-14
0 3.38844e-14
0 3.38838e-14
0 3.38832e-14
0 3.38827e-14
0 3.38821e-14
0 3.38816e-14
0 3.3881e-14
0 3.38805e-14
0 3.38799e-14
0 3.38794e-14
0 3.38788e-14
0 3.38783e-14
0 3.38777e-14
0 3.38772e-14
0 3.38767e-14
0 3.38761e-14
0 3.38756e-14
0 3.3875e-14
0 3.38745e-14
0 3.3874e-14
0 3.38734e-14
0 3.38729e-14
0 3.38724e-14
0 3.38718e-14
0 3.38713e-14
0 3.38708e-14
0 3.38703e-14
0 3.38697e-14
0 3.38692e-14
0 3.38687e-14
0 3.38682e-14
0 3.38676e-14
0 3.38671e-14
0 3.38666e-14
0 3.38661e-14
0 3.38656e-14
0 3.3865e-14
0 3.38645e-14
0 3.3864e-14
0 3.38635e-14
0 3.3863e-14
0 3.38625e-14
0 3.3862e-14
0 3.38615e-14
0 3.3861e-14
0 3.38605e-14
0 3.38599e-14
0 3.38594e-14
0 3.38589e-14
0 3.38584e-14
0 3.38579e-14
0 3.38574e-14
0 3.38569e-14
0 3.38564e-14
0 3.3856e-14
0 3.38555e-14
0 3.3855e-14
0 3.38545e-14
0 3.3854e-14
0 3.38535e-14
0 3.3853e-14
0 3.38525e-14
0 3.3852e-14
0 3.38515e-14
0 3.38511e-14
0 3.38506e-14
0 3.38501e-14
0 3.38496e-14
0 3.38491e-14
0 3.38486e-14
0 3.38482e-14
0 3.38477e-14
0 3.38472e-14
0 3.38467e-14
0 3.38463e-14
0 3.38458e-14
0 3.38453e-14
0 3.38448e-14
0 3.38444e-14
0 3.38439e-14
0 3.38434e-14
0 3.3843e-14
0 3.38425e-14
0 3.3842e-14
0 3.38416e-14
0 3.38411e-14
0 3.38406e-14
0 3.38402e-14
0 3.38397e-14
0 3.38393e-14
0 3.38388e-14
0 3.38383e-14
0 3.38379e-14
0 3.38374e-14
0 3.3837e-14
0 3.38365e-14
0 3.38361e-14
0 3.38356e-14
0 3.38352e-14
0 3.38347e-14
0 3.38343e-14
0 3.38338e-14
0 3.38334e-14
0 3.38329e-14
0 3.38325e-14
0 3.3832e-14
0 3.38316e-14
0 3.38312e-14
0 3.38307e-14
0 3.38303e-14
0 3.38298e-14
0 3.38294e-14
0 3.3829e-14
0 3.38285e-14
0 3.38281e-14
0 3.38276e-14
0 3.38272e-14
0 3.38268e-14
0 3.38263e-14
0 3.38259e-14
0 3.38255e-14
0 3.3825e-14
0 3.38246e-14
0 3.38242e-14
0 3.38238e-14

