0 24.1143
0 21.3631
0 15.8383
0 10.4216
0 6.48064
0 3.99664
0 2.51467
0 1.63461
0 1.10098
0 0.767103
0 0.550976
0 0.406387
0 0.306686
0 0.236046
0 0.184782
0 0.146782
0 0.118087
0 0.0960597
0 0.0789042
0 0.0653705
0 0.0545714
0 0.0458662
0 0.0387844
0 0.0329759
0 0.0281761
0 0.0241832
0 0.0208411
0 0.0180281
0 0.0156483
0 0.0136256
0 0.0118989
0 0.010419
0 0.00914607
0 0.0080473
0 0.00709588
0 0.00626963
0 0.00555008
0 0.00492184
0 0.00437201
0 0.0038897
0 0.00346571
0 0.00309226
0 0.00276269
0 0.00247132
0 0.0022133
0 0.00198445
0 0.00178115
0 0.00160031
0 0.00143921
0 0.00129551
0 0.00116719
0 0.00105245
0 0.000949745
0 0.000857717
0 0.000775171
0 0.000701056
0 0.000634449
0 0.000574536
0 0.000520599
0 0.000472001
0 0.00042818
0 0.000388635
0 0.000352925
0 0.000320653
0 0.000291471
0 0.000265064
0 0.000241154
0 0.000219492
0 0.000199856
0 0.000182046
0 0.000165883
0 0.000151208
0 0.000137876
0 0.00012576
0 0.000114743
0 0.000104722
0 9.56011e-05
0 8.72973e-05
0 7.9734e-05
0 7.28425e-05
0 6.65608e-05
0 6.08329e-05
0 5.56081e-05
0 5.08406e-05
0 4.6489e-05
0 4.25157e-05
0 3.88868e-05
0 3.55714e-05
0 3.25416e-05
0 2.97721e-05
0 2.72399e-05
0 2.4924e-05
0 2.28055e-05
0 2.0867e-05
0 1.9093e-05
0 1.74691e-05
0 1.59824e-05
0 1.46209e-05
0 1.3374e-05
0 1.22318e-05
0 1.11853e-05
0 1.02264e-05
0 9.3477e-06
0 8.54234e-06
0 7.80413e-06
0 7.12743e-06
0 6.50705e-06
0 5.93827e-06
0 5.41679e-06
0 4.93865e-06
0 4.50026e-06
0 4.0983e-06
0 3.72976e-06
0 3.39189e-06
0 3.08216e-06
0 2.79825e-06
0 2.53805e-06
0 2.29962e-06
0 2.08118e-06
0 1.88111e-06
0 1.69791e-06
0 1.53023e-06
0 1.37681e-06
0 1.2365e-06
0 1.10825e-06
0 9.91102e-07
0 8.84169e-07
0 7.86643e-07
0 6.97781e-07
0 6.16903e-07
0 5.43387e-07
0 4.7666e-07
0 4.162e-07
0 3.61527e-07
0 3.12202e-07
0 2.67824e-07
0 2.28024e-07
0 1.92468e-07
0 1.60847e-07
0 1.32881e-07
0 1.08315e-07
0 8.69159e-08
0 6.84709e-08
0 5.27878e-08
0 3.96921e-08
0 2.90259e-08
0 2.06466e-08
0 1.44263e-08
0 1.02503e-08
0 8.01642e-09
0 6.68303e-17
0 6.67936e-17
0 6.67574e-17
0 6.67217e-17
0 6.66865e-17
0 6.66518e-17
0 6.66176e-17
0 6.65839e-17
0 6.65506e-17
0 6.65178e-17
0 6.64854e-17
0 6.64535e-17
0 6.64219e-17
0 6.63908e-17
0 6.63601e-17
0 6.63298e-17
0 6.62999e-17
0 6.62704e-17
0 6.62412e-17
0 6.62124e-17
0 6.6184e-17
0 6.6156e-17
0 6.61283e-17
0 6.61009e-17
0 6.60739e-17
0 6.60472e-17
0 6.60208e-17
0 6.59947e-17
0 6.5969e-17
0 6.59435e-17
0 6.59184e-17
0 6.58936e-17
0 6.5869e-17
0 6.58448e-17
0 6.58208e-17
0 6.57971e-17
0 6.57736e-17
0 6.57505e-17
0 6.57276e-17
0 6.57049e-17
0 6.56825e-17
0 6.56604e-17
0 6.56385e-17
0 6.56168e-17
0 6.55954e-17
0 6.55742e-17
0 6.55533e-17
0 6.55325e-17
0 6.5512e-17
0 6.54917e-17
0 6.54717e-17
0 6.54518e-17
0 6.54321e-17
0 6.54127e-17
0 6.53934e-17
0 6.53744e-17
0 6.53555e-17
0 6.53369e-17
0 6.53184e-17
0 6.53001e-17
0 6.5282e-17
0 6.52641e-17
0 6.52464e-17
0 6.52288e-17
0 6.52114e-17
0 6.51942e-17
0 6.51771e-17
0 6.51603e-17
0 6.51435e-17
0 6.5127e-17
0 6.51106e-17
0 6.50943e-17
0 6.50782e-17
0 6.50623e-17
0 6.50465e-17
0 6.50309e-17
0 6.50154e-17
0 6.5e-17
0 6.49848e-17
0 6.49697e-17
0 6.49548e-17
0 6.494e-17
0 6.49254e-17
0 6.49108e-17
0 6.48964e-17
0 6.48822e-17
0 6.4868e-17
0 6.4854e-17
0 6.48401e-17
0 6.48263e-17
0 6.48127e-17
0 6.47992e-17
0 6.47857e-17
0 6.47724e-17
0 6.47593e-17
0 6.47462e-17
0 6.47332e-17
0 6.47204e-17
0 6.47076e-17
0 6.4695e-17
0 6.46825e-17
0 6.467e-17
0 6.46577e-17
0 6.46455e-17
0 6.46334e-17
0 6.46214e-17
0 6.46094e-17
0 6.45976e-17
0 6.45859e-17
0 6.45743e-17
0 6.45627e-17
0 6.45513e-17
0 6.45399e-17
0 6.45287e-17
0 6.45175e-17
0 6.45064e-17
0 6.44954e-17
0 6.44845e-17
0 6.44736e-17
0 6.44629e-17
0 6.44522e-17
0 6.44417e-17
0 6.44312e-17
0 6.44207e-17
0 6.44104e-17
0 6.44001e-17
0 6.439e-17
0 6.43799e-17
0 6.43698e-17
0 6.43599e-17
0 6.435e-17
0 6.43402e-17
0 6.43304e-17
0 6.43208e-17
0 6.43112e-17
0 6.43017e-17
0 6.42922e-17
0 6.42828e-17
0 6.42735e-17
0 6.42643e-17
0 6.42551e-17
0 6.4246e-17
0 6.42369e-17
0 6.42279e-17
0 6.4219e-17
0 6.42101e-17
0 6.42013e-17
0 6.41926e-17
0 6.41839e-17
0 6.41753e-17
0 6.41667e-17
0 6.41582e-17
0 6.41498e-17
0 6.41414e-17
0 6.41331e-17
0 6.41248e-17
0 6.41166e-17
0 6.41085e-17
0 6.41004e-17
0 6.40923e-17
0 6.40843e-17
0 6.40764e-17
0 6.40685e-17
0 6.40607e-17
0 6.40529e-17
0 6.40451e-17
0 6.40375e-17
0 6.40298e-17
0 6.40223e-17
0 6.40147e-17
0 6.40072e-17
0 6.39998e-17
0 6.39924e-17
0 6.39851e-17
0 6.39778e-17
0 6.39705e-17
0 6.39633e-17
0 6.39562e-17
0 6.39491e-17
0 6.3942e-17
0 6.3935e-17
0 6.3928e-17
0 6.39211e-17
0 6.39142e-17
0 6.39074e-17
0 6.39006e-17
0 6.38938e-17
0 6.38871e-17
0 6.38804e-17
0 6.38738e-17
0 6.38672e-17
0 6.38606e-17
0 6.38541e-17
0 6.38476e-17
0 6.38412e-17
0 6.38348e-17
0 6.38284e-17
0 6.38221e-17
0 6.38158e-17
0 6.38095e-17
0 6.38033e-17
0 6.37972e-17
0 6.3791e-17
0 6.37849e-17
0 6.37788e-17
0 6.37728e-17
0 6.37668e-17
0 6.37608e-17
0 6.37549e-17
0 6.3749e-17
0 6.37432e-17
0 6.37373e-17
0 6.37315e-17
0 6.37258e-17
0 6.372e-17
0 6.37143e-17
0 6.37087e-17
0 6.3703e-17
0 6.36974e-17
0 6.36919e-17
0 6.36863e-17
0 6.36808e-17
0 6.36754e-17
0 6.36699e-17
0 6.36645e-17
0 6.36591e-17
0 6.36537e-17
0 6.36484e-17
0 6.36431e-17
0 6.36378e-17
0 6.36326e-17
0 6.36274e-17
0 6.36222e-17
0 6.36171e-17
0 6.36119e-17
0 6.36068e-17
0 6.36017e-17
0 6.35967e-17
0 6.35917e-17
0 6.35867e-17
0 6.35817e-17
0 6.35768e-17
0 6.35719e-17
0 6.3567e-17
0 6.35621e-17
0 6.35573e-17
0 6.35524e-17
0 6.35477e-17
0 6.35429e-17
0 6.35382e-17
0 6.35334e-17
0 6.35287e-17
0 6.35241e-17
0 6.35194e-17
0 6.35148e-17
0 6.35102e-17
0 6.35056e-17
0 6.35011e-17
0 6.34966e-17
0 6.34921e-17
0 6.34876e-17
0 6.34831e-17
0 6.34787e-17
0 6.34743e-17
0 6.34699e-17
0 6.34655e-17
0 6.34612e-17
0 6.34568e-17
0 6.34525e-17
0 6.34482e-17
0 6.3444e-17
0 6.34397e-17
0 6.34355e-17
0 6.34313e-17
0 6.34271e-17
0 6.3423e-17
0 6.34188e-17
0 6.34147e-17
0 6.34106e-17
0 6.34065e-17
0 6.34025e-17
0 6.33984e-17
0 6.33944e-17
0 6.33904e-17
0 6.33864e-17
0 6.33824e-17
0 6.33785e-17
0 6.33745e-17
0 6.33706e-17
0 6.33667e-17
0 6.33629e-17
0 6.3359e-17
0 6.33552e-17
0 6.33513e-17
0 6.33475e-17
0 6.33438e-17
0 6.334e-17
0 6.33362e-17
0 6.33325e-17
0 6.33288e-17
0 6.33251e-17
0 6.33214e-17
0 6.33177e-17
0 6.33141e-17
0 6.33104e-17
0 6.33068e-17
0 6.33032e-17
0 6.32996e-17
0 6.32961e-17
0 6.32925e-17
0 6.3289e-17
0 6.32855e-17
0 6.3282e-17
0 6.32785e-17
0 6.3275e-17
0 6.32715e-17
0 6.32681e-17
0 6.32647e-17
0 6.32612e-17
0 6.32578e-17
0 6.32545e-17
0 6.32511e-17
0 6.32477e-17
0 6.32444e-17
0 6.32411e-17
0 6.32378e-17
0 6.32345e-17
0 6.32312e-17
0 6.32279e-17
0 6.32247e-17
0 6.32214e-17
0 6.32182e-17
0 6.3215e-17
0 6.32118e-17
0 6.32086e-17
0 6.32054e-17
0 6.32023e-17
0 6.31991e-17
0 6.3196e-17
0 6.31929e-17
0 6.31897e-17
0 6.31866e-17
0 6.31836e-17
0 6.31805e-17
0 6.31774e-17
0 6.31744e-17
0 6.31714e-17
0 6.31684e-17
0 6.31653e-17
0 6.31624e-17
0 6.31594e-17
0 6.31564e-17
0 6.31534e-17
0 6.31505e-17
0 6.31476e-17
0 6.31446e-17
0 6.31417e-17
0 6.31388e-17
0 6.3136e-17
0 6.31331e-17
0 6.31302e-17
0 6.31274e-17
0 6.31245e-17
0 6.31217e-17
0 6.31189e-17
0 6.31161e-17
0 6.31133e-17
0 6.31105e-17
0 6.31077e-17
0 6.3105e-17
0 6.31022e-17
0 6.30995e-17
0 6.30967e-17
0 6.3094e-17
0 6.30913e-17
0 6.30886e-17
0 6.30859e-17
0 6.30833e-17
0 6.30806e-17
0 6.30779e-17
0 6.30753e-17
0 6.30726e-17
0 6.307e-17
0 6.30674e-17
0 6.30648e-17
0 6.30622e-17
0 6.30596e-17
0 6.3057e-17
0 6.30545e-17
0 6.30519e-17
0 6.30494e-17
0 6.30468e-17
0 6.30443e-17
0 6.30418e-17
0 6.30393e-17
0 6.30368e-17
0 6.30343e-17
0 6.30318e-17
0 6.30293e-17
0 6.30269e-17
0 6.30244e-17
0 6.3022e-17
0 6.30195e-17
0 6.30171e-17
0 6.30147e-17
0 6.30123e-17
0 6.30099e-17
0 6.30075e-17
0 6.30051e-17
0 6.30028e-17
0 6.30004e-17
0 6.2998e-17
0 6.29957e-17
0 6.29934e-17
0 6.2991e-17
0 6.29887e-17
0 6.29864e-17
0 6.29841e-17
0 6.29818e-17
0 6.29795e-17
0 6.29772e-17
0 6.29749e-17
0 6.29727e-17
0 6.29704e-17
0 6.29682e-17
0 6.29659e-17
0 6.29637e-17
0 6.29615e-17
0 6.29593e-17
0 6.29571e-17
0 6.29549e-17
0 6.29527e-17
0 6.29505e-17
0 6.29483e-17
0 6.29461e-17
0 6.2944e-17
0 6.29418e-17
0 6.29397e-17
0 6.29375e-17
0 6.29354e-17
0 6.29333e-17
0 6.29311e-17
0 6.2929e-17
0 6.29269e-17
0 6.29248e-17
0 6.29227e-17
0 6.29207e-17
0 6.29186e-17
0 6.29165e-17
0 6.29145e-17
0 6.29124e-17
0 6.29104e-17
0 6.29083e-17
0 6.29063e-17
0 6.29043e-17
0 6.29022e-17
0 6.29002e-17
0 6.28982e-17
0 6.28962e-17
0 6.28942e-17
0 6.28923e-17
0 6.28903e-17
0 6.28883e-17
0 6.28863e-17
0 6.28844e-17
0 6.28824e-17
0 6.28805e-17
0 6.28785e-17
0 6.28766e-17
0 6.28747e-17
0 6.28728e-17
0 6.28708e-17
0 6.28689e-17
0 6.2867e-17
0 6.28651e-17
0 6.28632e-17
0 6.28614e-17
0 6.28595e-17
0 6.28576e-17
0 6.28558e-17
0 6.28539e-17
0 6.2852e-17
0 6.28502e-17
0 6.28484e-17
0 6.28465e-17
0 6.28447e-17
0 6.28429e-17
0 6.2841e-17
0 6.28392e-17
0 6.28374e-17
0 6.28356e-17
0 6.28338e-17
0 6.2832e-17
0 6.28303e-17
0 6.28285e-17
0 6.28267e-17
0 6.28249e-17
0 6.28232e-17
0 6.28214e-17
0 6.28197e-17
0 6.28179e-17
0 6.28162e-17
0 6.28145e-17
0 6.28127e-17
0 6.2811e-17
0 6.28093e-17
0 6.28076e-17
0 6.28059e-17
0 6.28042e-17
0 6.28025e-17
0 6.28008e-17
0 6.27991e-17
0 6.27974e-17
0 6.27957e-17
0 6.27941e-17
0 6.27924e-17
0 6.27908e-17
0 6.27891e-17
0 6.27874e-17
0 6.27858e-17
0 6.27842e-17
0 6.27825e-17
0 6.27809e-17
0 6.27793e-17
0 6.27777e-17
0 6.2776e-17
0 6.27744e-17
0 6.27728e-17
0 6.27712e-17
0 6.27696e-17
0 6.2768e-17
0 6.27664e-17
0 6.27649e-17
0 6.27633e-17
0 6.27617e-17
0 6.27601e-17
0 6.27586e-17
0 6.2757e-17
0 6.27555e-17
0 6.27539e-17
0 6.27524e-17
0 6.27508e-17
0 6.27493e-17
0 6.27478e-17
0 6.27462e-17
0 6.27447e-17
0 6.27432e-17
0 6.27417e-17
0 6.27402e-17
0 6.27387e-17
0 6.27372e-17
0 6.27357e-17
0 6.27342e-17
0 6.27327e-17
0 6.27312e-17
0 6.27297e-17
0 6.27283e-17
0 6.27268e-17
0 6.27253e-17
0 6.27239e-17
0 6.27224e-17
0 6.2721e-17
0 6.27195e-17
0 6.27181e-17
0 6.27166e-17
0 6.27152e-17
0 6.27138e-17
0 6.27123e-17
0 6.27109e-17
0 6.27095e-17
0 6.27081e-17
0 6.27067e-17
0 6.27052e-17
0 6.27038e-17
0 6.27024e-17
0 6.2701e-17
0 6.26997e-17
0 6.26983e-17
0 6.26969e-17
0 6.26955e-17
0 6.26941e-17
0 6.26927e-17
0 6.26914e-17
0 6.269e-17
0 6.26887e-17
0 6.26873e-17
0 6.26859e-17
0 6.26846e-17
0 6.26832e-17
0 6.26819e-17
0 6.26806e-17
0 6.26792e-17
0 6.26779e-17
0 6.26766e-17
0 6.26752e-17
0 6.26739e-17
0 6.26726e-17
0 6.26713e-17
0 6.267e-17
0 6.26687e-17
0 6.26674e-17
0 6.26661e-17
0 6.26648e-17
0 6.26635e-17
0 6.26622e-17
0 6.26609e-17
0 6.26596e-17
0 6.26583e-17
0 6.26571e-17
0 6.26558e-17
0 6.26545e-17
0 6.26532e-17
0 6.2652e-17
0 6.26507e-17
0 6.26495e-17
0 6.26482e-17
0 6.2647e-17
0 6.26457e-17
0 6.26445e-17
0 6.26432e-17
0 6.2642e-17
0 6.26408e-17
0 6.26395e-17
0 6.26383e-17
0 6.26371e-17
0 6.26359e-17
0 6.26347e-17
0 6.26334e-17
0 6.26322e-17
0 6.2631e-17
0 6.26298e-17
0 6.26286e-17
0 6.26274e-17
0 6.26262e-17
0 6.2625e-17
0 6.26239e-17
0 6.26227e-17
0 6.26215e-17
0 6.26203e-17
0 6.26191e-17
0 6.2618e-17
0 6.26168e-17
0 6.26156e-17
0 6.26145e-17
0 6.26133e-17
0 6.26121e-17
0 6.2611e-17
0 6.26098e-17
0 6.26087e-17
0 6.26075e-17
0 6.26064e-17
0 6.26053e-17
0 6.26041e-17
0 6.2603e-17
0 6.26018e-17
0 6.26007e-17
0 6.25996e-17
0 6.25985e-17
0 6.25973e-17
0 6.25962e-17
0 6.25951e-17
0 6.2594e-17
0 6.25929e-17
0 6.25918e-17
0 6.25907e-17
0 6.25896e-17
0 6.25885e-17
0 6.25874e-17
0 6.25863e-17
0 6.25852e-17
0 6.25841e-17
0 6.2583e-17
0 6.25819e-17
0 6.25809e-17
0 6.25798e-17
0 6.25787e-17
0 6.25776e-17
0 6.25766e-17
0 6.25755e-17
0 6.25744e-17
0 6.25734e-17
0 6.25723e-17
0 6.25713e-17
0 6.25702e-17
0 6.25692e-17
0 6.25681e-17
0 6.25671e-17
0 6.2566e-17
0 6.2565e-17
0 6.2564e-17
0 6.25629e-17
0 6.25619e-17
0 6.25609e-17
0 6.25598e-17
0 6.25588e-17
0 6.25578e-17
0 6.25568e-17
0 6.25557e-17
0 6.25547e-17
0 6.25537e-17
0 6.25527e-17
0 6.25517e-17
0 6.25507e-17
0 6.25497e-17
0 6.25487e-17
0 6.25477e-17
0 6.25467e-17
0 6.25457e-17
0 6.25447e-17
0 6.25437e-17
0 6.25427e-17
0 6.25417e-17
0 6.25407e-17
0 6.25398e-17
0 6.25388e-17
0 6.25378e-17
0 6.25368e-17
0 6.25359e-17
0 6.25349e-17
0 6.25339e-17
0 6.2533e-17
0 6.2532e-17
0 6.2531e-17
0 6.25301e-17
0 6.25291e-17
0 6.25282e-17
0 6.25272e-17
0 6.25263e-17
0 6.25253e-17
0 6.25244e-17
0 6.25234e-17
0 6.25225e-17
0 6.25216e-17
0 6.25206e-17
0 6.25197e-17
0 6.25188e-17
0 6.25178e-17
0 6.25169e-17
0 6.2516e-17
0 6.25151e-17
0 6.25141e-17
0 6.25132e-17
0 6.25123e-17
0 6.25114e-17
0 6.25105e-17
0 6.25096e-17
0 6.25087e-17
0 6.25077e-17
0 6.25068e-17
0 6.25059e-17
0 6.2505e-17
0 6.25041e-17
0 6.25032e-17
0 6.25024e-17
0 6.25015e-17
0 6.25006e-17
0 6.24997e-17
0 6.24988e-17
0 6.24979e-17
0 6.2497e-17
0 6.24961e-17
0 6.24953e-17
0 6.24944e-17
0 6.24935e-17
0 6.24926e-17
0 6.24918e-17
0 6.24909e-17
0 6.249e-17
0 6.24892e-17
0 6.24883e-17
0 6.24874e-17
0 6.24866e-17
0 6.24857e-17
0 6.24849e-17
0 6.2484e-17
0 6.24832e-17
0 6.24823e-17
0 6.24815e-17
0 6.24806e-17
0 6.24798e-17
0 6.24789e-17
0 6.24781e-17
0 6.24773e-17
0 6.24764e-17
0 6.24756e-17
0 6.24748e-17
0 6.24739e-17
0 6.24731e-17
0 6.24723e-17
0 6.24714e-17
0 6.24706e-17
0 6.24698e-17
0 6.2469e-17
0 6.24681e-17
0 6.24673e-17
0 6.24665e-17
0 6.24657e-17
0 6.24649e-17
0 6.24641e-17
0 6.24633e-17
0 6.24625e-17
0 6.24617e-17
0 6.24609e-17
0 6.24601e-17
0 6.24593e-17
0 6.24585e-17
0 6.24577e-17
0 6.24569e-17
0 6.24561e-17
0 6.24553e-17
0 6.24545e-17
0 6.24537e-17
0 6.24529e-17
0 6.24521e-17
0 6.24513e-17
0 6.24506e-17
0 6.24498e-17
0 6.2449e-17
0 6.24482e-17
0 6.24474e-17
0 6.24467e-17
0 6.24459e-17
0 6.24451e-17
0 6.24444e-17
0 6.24436e-17
0 6.24428e-17
0 6.24421e-17
0 6.24413e-17
0 6.24405e-17
0 6.24398e-17
0 6.2439e-17
0 6.24383e-17
0 6.24375e-17
0 6.24368e-17
0 6.2436e-17
0 6.24353e-17
0 6.24345e-17
0 6.24338e-17
0 6.2433e-17
0 6.24323e-17
0 6.24315e-17
0 6.24308e-17
0 6.24301e-17
0 6.24293e-17
0 6.24286e-17
0 6.24278e-17
0 6.24271e-17
0 6.24264e-17
0 6.24256e-17
0 6.24249e-17

