0 0.0684677
0 0.0681975
0 0.067475
0 0.0663209
0 0.0647633
0 0.0628389
0 0.0605916
0 0.0580703
0 0.0553273
0 0.052416
0 0.0493891
0 0.046297
0 0.0431862
0 0.0400988
0 0.0370712
0 0.0341341
0 0.0313124
0 0.0286253
0 0.0260865
0 0.0237051
0 0.0214858
0 0.0194295
0 0.0175344
0 0.015796
0 0.0142081
0 0.0127632
0 0.0114525
0 0.0102668
0 0.00919689
0 0.00823343
0 0.00736742
0 0.00659021
0 0.00589359
0 0.0052699
0 0.00471201
0 0.00421332
0 0.0037678
0 0.00336995
0 0.00301478
0 0.00269775
0 0.00241479
0 0.00216224
0 0.00193681
0 0.00173556
0 0.00155585
0 0.00139534
0 0.00125193
0 0.00112376
0 0.00100916
0 0.000906663
0 0.000814944
0 0.000732836
0 0.000659301
0 0.000593411
0 0.000534346
0 0.000481374
0 0.000433843
0 0.000391174
0 0.000352852
0 0.000318418
0 0.000287463
0 0.000259623
0 0.000234572
0 0.00021202
0 0.00019171
0 0.000173411
0 0.000156915
0 0.00014204
0 0.00012862
0 0.000116507
0 0.000105571
0 9.56925e-05
0 8.6766e-05
0 7.86968e-05
0 7.13997e-05
0 6.47984e-05
0 5.88245e-05
0 5.34165e-05
0 4.8519e-05
0 4.40823e-05
0 4.00618e-05
0 3.64173e-05
0 3.31125e-05
0 3.0115e-05
0 2.73952e-05
0 2.49267e-05
0 2.26857e-05
0 2.06507e-05
0 1.88021e-05
0 1.71225e-05
0 1.55961e-05
0 1.42084e-05
0 1.29466e-05
0 1.1799e-05
0 1.07549e-05
0 9.80492e-06
0 8.94026e-06
0 8.15311e-06
0 7.43637e-06
0 6.78361e-06
0 6.18898e-06
0 5.64721e-06
0 5.1535e-06
0 4.7035e-06
0 4.29326e-06
0 3.9192e-06
0 3.57807e-06
0 3.26691e-06
0 2.98306e-06
0 2.72406e-06
0 2.4877e-06
0 2.27198e-06
0 2.07505e-06
0 1.89527e-06
0 1.7311e-06
0 1.58118e-06
0 1.44425e-06
0 1.31916e-06
0 1.20489e-06
0 1.10048e-06
0 1.00507e-06
0 9.17881e-07
0 8.38189e-07
0 7.65345e-07
0 6.98755e-07
0 6.37878e-07
0 5.82218e-07
0 5.31324e-07
0 4.84787e-07
0 4.4223e-07
0 4.03311e-07
0 3.67719e-07
0 3.35167e-07
0 3.05395e-07
0 2.78166e-07
0 2.53263e-07
0 2.30487e-07
0 2.09657e-07
0 1.90608e-07
0 1.73189e-07
0 1.57262e-07
0 1.42701e-07
0 1.29389e-07
0 1.17223e-07
0 1.06104e-07
0 9.59466e-08
0 8.66687e-08
0 7.81972e-08
0 7.04647e-08
0 6.34097e-08
0 5.69761e-08
0 5.11123e-08
0 4.57715e-08
0 4.09107e-08
0 3.64907e-08
0 3.24756e-08
0 2.88327e-08
0 2.55321e-08
0 2.25465e-08
0 1.98509e-08
0 1.74227e-08
0 1.52411e-08
0 1.32874e-08
0 1.15443e-08
0 9.99631e-09
0 8.62922e-09
0 7.43022e-09
0 6.38771e-09
0 5.49122e-09
0 4.73132e-09
0 4.09956e-09
0 3.58837e-09
0 3.19102e-09
0 2.90158e-09
0 2.71481e-09
0 1.59047e-18
0 1.5894e-18
0 1.58833e-18
0 1.58728e-18
0 1.58625e-18
0 1.58523e-18
0 1.58422e-18
0 1.58322e-18
0 1.58223e-18
0 1.58126e-18
0 1.5803e-18
0 1.57935e-18
0 1.57841e-18
0 1.57748e-18
0 1.57656e-18
0 1.57566e-18
0 1.57476e-18
0 1.57387e-18
0 1.573e-18
0 1.57213e-18
0 1.57128e-18
0 1.57043e-18
0 1.56959e-18
0 1.56877e-18
0 1.56795e-18
0 1.56714e-18
0 1.56634e-18
0 1.56555e-18
0 1.56477e-18
0 1.56399e-18
0 1.56323e-18
0 1.56247e-18
0 1.56172e-18
0 1.56098e-18
0 1.56024e-18
0 1.55951e-18
0 1.5588e-18
0 1.55808e-18
0 1.55738e-18
0 1.55668e-18
0 1.55599e-18
0 1.55531e-18
0 1.55463e-18
0 1.55396e-18
0 1.5533e-18
0 1.55265e-18
0 1.552e-18
0 1.55135e-18
0 1.55072e-18
0 1.55008e-18
0 1.54946e-18
0 1.54884e-18
0 1.54823e-18
0 1.54762e-18
0 1.54702e-18
0 1.54643e-18
0 1.54584e-18
0 1.54525e-18
0 1.54467e-18
0 1.5441e-18
0 1.54353e-18
0 1.54297e-18
0 1.54241e-18
0 1.54186e-18
0 1.54131e-18
0 1.54077e-18
0 1.54023e-18
0 1.5397e-18
0 1.53917e-18
0 1.53865e-18
0 1.53813e-18
0 1.53761e-18
0 1.5371e-18
0 1.5366e-18
0 1.5361e-18
0 1.5356e-18
0 1.53511e-18
0 1.53462e-18
0 1.53413e-18
0 1.53365e-18
0 1.53318e-18
0 1.53271e-18
0 1.53224e-18
0 1.53178e-18
0 1.53132e-18
0 1.53086e-18
0 1.53041e-18
0 1.52996e-18
0 1.52951e-18
0 1.52907e-18
0 1.52863e-18
0 1.5282e-18
0 1.52777e-18
0 1.52734e-18
0 1.52692e-18
0 1.5265e-18
0 1.52608e-18
0 1.52566e-18
0 1.52525e-18
0 1.52485e-18
0 1.52444e-18
0 1.52404e-18
0 1.52364e-18
0 1.52325e-18
0 1.52285e-18
0 1.52247e-18
0 1.52208e-18
0 1.5217e-18
0 1.52132e-18
0 1.52094e-18
0 1.52056e-18
0 1.52019e-18
0 1.51982e-18
0 1.51946e-18
0 1.51909e-18
0 1.51873e-18
0 1.51837e-18
0 1.51802e-18
0 1.51767e-18
0 1.51732e-18
0 1.51697e-18
0 1.51662e-18
0 1.51628e-18
0 1.51594e-18
0 1.5156e-18
0 1.51526e-18
0 1.51493e-18
0 1.5146e-18
0 1.51427e-18
0 1.51395e-18
0 1.51362e-18
0 1.5133e-18
0 1.51298e-18
0 1.51266e-18
0 1.51235e-18
0 1.51204e-18
0 1.51172e-18
0 1.51142e-18
0 1.51111e-18
0 1.5108e-18
0 1.5105e-18
0 1.5102e-18
0 1.5099e-18
0 1.50961e-18
0 1.50931e-18
0 1.50902e-18
0 1.50873e-18
0 1.50844e-18
0 1.50815e-18
0 1.50787e-18
0 1.50759e-18
0 1.5073e-18
0 1.50703e-18
0 1.50675e-18
0 1.50647e-18
0 1.5062e-18
0 1.50593e-18
0 1.50566e-18
0 1.50539e-18
0 1.50512e-18
0 1.50485e-18
0 1.50459e-18
0 1.50433e-18
0 1.50407e-18
0 1.50381e-18
0 1.50355e-18
0 1.5033e-18
0 1.50304e-18
0 1.50279e-18
0 1.50254e-18
0 1.50229e-18
0 1.50204e-18
0 1.5018e-18
0 1.50155e-18
0 1.50131e-18
0 1.50107e-18
0 1.50082e-18
0 1.50059e-18
0 1.50035e-18
0 1.50011e-18
0 1.49988e-18
0 1.49964e-18
0 1.49941e-18
0 1.49918e-18
0 1.49895e-18
0 1.49872e-18
0 1.4985e-18
0 1.49827e-18
0 1.49805e-18
0 1.49783e-18
0 1.4976e-18
0 1.49738e-18
0 1.49717e-18
0 1.49695e-18
0 1.49673e-18
0 1.49652e-18
0 1.4963e-18
0 1.49609e-18
0 1.49588e-18
0 1.49567e-18
0 1.49546e-18
0 1.49525e-18
0 1.49504e-18
0 1.49484e-18
0 1.49463e-18
0 1.49443e-18
0 1.49423e-18
0 1.49403e-18
0 1.49383e-18
0 1.49363e-18
0 1.49343e-18
0 1.49323e-18
0 1.49304e-18
0 1.49284e-18
0 1.49265e-18
0 1.49246e-18
0 1.49227e-18
0 1.49208e-18
0 1.49189e-18
0 1.4917e-18
0 1.49151e-18
0 1.49132e-18
0 1.49114e-18
0 1.49095e-18
0 1.49077e-18
0 1.49059e-18
0 1.49041e-18
0 1.49023e-18
0 1.49005e-18
0 1.48987e-18
0 1.48969e-18
0 1.48951e-18
0 1.48934e-18
0 1.48916e-18
0 1.48899e-18
0 1.48881e-18
0 1.48864e-18
0 1.48847e-18
0 1.4883e-18
0 1.48813e-18
0 1.48796e-18
0 1.48779e-18
0 1.48762e-18
0 1.48746e-18
0 1.48729e-18
0 1.48713e-18
0 1.48696e-18
0 1.4868e-18
0 1.48664e-18
0 1.48648e-18
0 1.48632e-18
0 1.48616e-18
0 1.486e-18
0 1.48584e-18
0 1.48568e-18
0 1.48552e-18
0 1.48537e-18
0 1.48521e-18
0 1.48506e-18
0 1.4849e-18
0 1.48475e-18
0 1.4846e-18
0 1.48445e-18
0 1.4843e-18
0 1.48415e-18
0 1.484e-18
0 1.48385e-18
0 1.4837e-18
0 1.48355e-18
0 1.48341e-18
0 1.48326e-18
0 1.48311e-18
0 1.48297e-18
0 1.48283e-18
0 1.48268e-18
0 1.48254e-18
0 1.4824e-18
0 1.48226e-18
0 1.48212e-18
0 1.48198e-18
0 1.48184e-18
0 1.4817e-18
0 1.48156e-18
0 1.48142e-18
0 1.48128e-18
0 1.48115e-18
0 1.48101e-18
0 1.48088e-18
0 1.48074e-18
0 1.48061e-18
0 1.48048e-18
0 1.48034e-18
0 1.48021e-18
0 1.48008e-18
0 1.47995e-18
0 1.47982e-18
0 1.47969e-18
0 1.47956e-18
0 1.47943e-18
0 1.4793e-18
0 1.47918e-18
0 1.47905e-18
0 1.47892e-18
0 1.4788e-18
0 1.47867e-18
0 1.47855e-18
0 1.47842e-18
0 1.4783e-18
0 1.47818e-18
0 1.47805e-18
0 1.47793e-18
0 1.47781e-18
0 1.47769e-18
0 1.47757e-18
0 1.47745e-18
0 1.47733e-18
0 1.47721e-18
0 1.47709e-18
0 1.47697e-18
0 1.47686e-18
0 1.47674e-18
0 1.47662e-18
0 1.47651e-18
0 1.47639e-18
0 1.47628e-18
0 1.47616e-18
0 1.47605e-18
0 1.47593e-18
0 1.47582e-18
0 1.47571e-18
0 1.4756e-18
0 1.47548e-18
0 1.47537e-18
0 1.47526e-18
0 1.47515e-18
0 1.47504e-18
0 1.47493e-18
0 1.47482e-18
0 1.47472e-18
0 1.47461e-18
0 1.4745e-18
0 1.47439e-18
0 1.47429e-18
0 1.47418e-18
0 1.47407e-18
0 1.47397e-18
0 1.47386e-18
0 1.47376e-18
0 1.47365e-18
0 1.47355e-18
0 1.47345e-18
0 1.47334e-18
0 1.47324e-18
0 1.47314e-18
0 1.47304e-18
0 1.47293e-18
0 1.47283e-18
0 1.47273e-18
0 1.47263e-18
0 1.47253e-18
0 1.47243e-18
0 1.47233e-18
0 1.47223e-18
0 1.47214e-18
0 1.47204e-18
0 1.47194e-18
0 1.47184e-18
0 1.47175e-18
0 1.47165e-18
0 1.47155e-18
0 1.47146e-18
0 1.47136e-18
0 1.47127e-18
0 1.47117e-18
0 1.47108e-18
0 1.47098e-18
0 1.47089e-18
0 1.4708e-18
0 1.47071e-18
0 1.47061e-18
0 1.47052e-18
0 1.47043e-18
0 1.47034e-18
0 1.47025e-18
0 1.47015e-18
0 1.47006e-18
0 1.46997e-18
0 1.46988e-18
0 1.46979e-18
0 1.46971e-18
0 1.46962e-18
0 1.46953e-18
0 1.46944e-18
0 1.46935e-18
0 1.46926e-18
0 1.46918e-18
0 1.46909e-18
0 1.469e-18
0 1.46892e-18
0 1.46883e-18
0 1.46875e-18
0 1.46866e-18
0 1.46857e-18
0 1.46849e-18
0 1.46841e-18
0 1.46832e-18
0 1.46824e-18
0 1.46815e-18
0 1.46807e-18
0 1.46799e-18
0 1.4679e-18
0 1.46782e-18
0 1.46774e-18
0 1.46766e-18
0 1.46758e-18
0 1.4675e-18
0 1.46741e-18
0 1.46733e-18
0 1.46725e-18
0 1.46717e-18
0 1.46709e-18
0 1.46701e-18
0 1.46693e-18
0 1.46686e-18
0 1.46678e-18
0 1.4667e-18
0 1.46662e-18
0 1.46654e-18
0 1.46646e-18
0 1.46639e-18
0 1.46631e-18
0 1.46623e-18
0 1.46616e-18
0 1.46608e-18
0 1.466e-18
0 1.46593e-18
0 1.46585e-18
0 1.46578e-18
0 1.4657e-18
0 1.46563e-18
0 1.46555e-18
0 1.46548e-18
0 1.4654e-18
0 1.46533e-18
0 1.46526e-18
0 1.46518e-18
0 1.46511e-18
0 1.46504e-18
0 1.46496e-18
0 1.46489e-18
0 1.46482e-18
0 1.46475e-18
0 1.46468e-18
0 1.4646e-18
0 1.46453e-18
0 1.46446e-18
0 1.46439e-18
0 1.46432e-18
0 1.46425e-18
0 1.46418e-18
0 1.46411e-18
0 1.46404e-18
0 1.46397e-18
0 1.4639e-18
0 1.46383e-18
0 1.46377e-18
0 1.4637e-18
0 1.46363e-18
0 1.46356e-18
0 1.46349e-18
0 1.46343e-18
0 1.46336e-18
0 1.46329e-18
0 1.46322e-18
0 1.46316e-18
0 1.46309e-18
0 1.46302e-18
0 1.46296e-18
0 1.46289e-18
0 1.46283e-18
0 1.46276e-18
0 1.4627e-18
0 1.46263e-18
0 1.46257e-18
0 1.4625e-18
0 1.46244e-18
0 1.46237e-18
0 1.46231e-18
0 1.46224e-18
0 1.46218e-18
0 1.46212e-18
0 1.46205e-18
0 1.46199e-18
0 1.46193e-18
0 1.46186e-18
0 1.4618e-18
0 1.46174e-18
0 1.46168e-18
0 1.46162e-18
0 1.46155e-18
0 1.46149e-18
0 1.46143e-18
0 1.46137e-18
0 1.46131e-18
0 1.46125e-18
0 1.46119e-18
0 1.46113e-18
0 1.46107e-18
0 1.46101e-18
0 1.46095e-18
0 1.46089e-18
0 1.46083e-18
0 1.46077e-18
0 1.46071e-18
0 1.46065e-18
0 1.46059e-18
0 1.46053e-18
0 1.46047e-18
0 1.46042e-18
0 1.46036e-18
0 1.4603e-18
0 1.46024e-18
0 1.46018e-18
0 1.46013e-18
0 1.46007e-18
0 1.46001e-18
0 1.45995e-18
0 1.4599e-18
0 1.45984e-18
0 1.45978e-18
0 1.45973e-18
0 1.45967e-18
0 1.45962e-18
0 1.45956e-18
0 1.45951e-18
0 1.45945e-18
0 1.45939e-18
0 1.45934e-18
0 1.45928e-18
0 1.45923e-18
0 1.45917e-18
0 1.45912e-18
0 1.45907e-18
0 1.45901e-18
0 1.45896e-18
0 1.4589e-18
0 1.45885e-18
0 1.4588e-18
0 1.45874e-18
0 1.45869e-18
0 1.45864e-18
0 1.45858e-18
0 1.45853e-18
0 1.45848e-18
0 1.45842e-18
0 1.45837e-18
0 1.45832e-18
0 1.45827e-18
0 1.45822e-18
0 1.45816e-18
0 1.45811e-18
0 1.45806e-18
0 1.45801e-18
0 1.45796e-18
0 1.45791e-18
0 1.45786e-18
0 1.45781e-18
0 1.45775e-18
0 1.4577e-18
0 1.45765e-18
0 1.4576e-18
0 1.45755e-18
0 1.4575e-18
0 1.45745e-18
0 1.4574e-18
0 1.45735e-18
0 1.4573e-18
0 1.45726e-18
0 1.45721e-18
0 1.45716e-18
0 1.45711e-18
0 1.45706e-18
0 1.45701e-18
0 1.45696e-18
0 1.45691e-18
0 1.45687e-18
0 1.45682e-18
0 1.45677e-18
0 1.45672e-18
0 1.45667e-18
0 1.45663e-18
0 1.45658e-18
0 1.45653e-18
0 1.45648e-18
0 1.45644e-18
0 1.45639e-18
0 1.45634e-18
0 1.4563e-18
0 1.45625e-18
0 1.4562e-18
0 1.45616e-18
0 1.45611e-18
0 1.45606e-18
0 1.45602e-18
0 1.45597e-18
0 1.45593e-18
0 1.45588e-18
0 1.45584e-18
0 1.45579e-18
0 1.45575e-18
0 1.4557e-18
0 1.45566e-18
0 1.45561e-18
0 1.45557e-18
0 1.45552e-18
0 1.45548e-18
0 1.45543e-18
0 1.45539e-18
0 1.45534e-18
0 1.4553e-18
0 1.45525e-18
0 1.45521e-18
0 1.45517e-18
0 1.45512e-18
0 1.45508e-18
0 1.45504e-18
0 1.45499e-18
0 1.45495e-18
0 1.45491e-18
0 1.45486e-18
0 1.45482e-18
0 1.45478e-18
0 1.45474e-18
0 1.45469e-18
0 1.45465e-18
0 1.45461e-18
0 1.45457e-18
0 1.45452e-18
0 1.45448e-18
0 1.45444e-18
0 1.4544e-18
0 1.45436e-18
0 1.45431e-18
0 1.45427e-18
0 1.45423e-18
0 1.45419e-18
0 1.45415e-18
0 1.45411e-18
0 1.45407e-18
0 1.45403e-18
0 1.45399e-18
0 1.45394e-18
0 1.4539e-18
0 1.45386e-18
0 1.45382e-18
0 1.45378e-18
0 1.45374e-18
0 1.4537e-18
0 1.45366e-18
0 1.45362e-18
0 1.45358e-18
0 1.45354e-18
0 1.4535e-18
0 1.45346e-18
0 1.45343e-18
0 1.45339e-18
0 1.45335e-18
0 1.45331e-18
0 1.45327e-18
0 1.45323e-18
0 1.45319e-18
0 1.45315e-18
0 1.45311e-18
0 1.45307e-18
0 1.45304e-18
0 1.453e-18
0 1.45296e-18
0 1.45292e-18
0 1.45288e-18
0 1.45285e-18
0 1.45281e-18
0 1.45277e-18
0 1.45273e-18
0 1.45269e-18
0 1.45266e-18
0 1.45262e-18
0 1.45258e-18
0 1.45254e-18
0 1.45251e-18
0 1.45247e-18
0 1.45243e-18
0 1.4524e-18
0 1.45236e-18
0 1.45232e-18
0 1.45229e-18
0 1.45225e-18
0 1.45221e-18
0 1.45218e-18
0 1.45214e-18
0 1.4521e-18
0 1.45207e-18
0 1.45203e-18
0 1.452e-18
0 1.45196e-18
0 1.45192e-18
0 1.45189e-18
0 1.45185e-18
0 1.45182e-18
0 1.45178e-18
0 1.45175e-18
0 1.45171e-18
0 1.45168e-18
0 1.45164e-18
0 1.45161e-18
0 1.45157e-18
0 1.45154e-18
0 1.4515e-18
0 1.45147e-18
0 1.45143e-18
0 1.4514e-18
0 1.45136e-18
0 1.45133e-18
0 1.45129e-18
0 1.45126e-18
0 1.45122e-18
0 1.45119e-18
0 1.45116e-18
0 1.45112e-18
0 1.45109e-18
0 1.45105e-18
0 1.45102e-18
0 1.45099e-18
0 1.45095e-18
0 1.45092e-18
0 1.45089e-18
0 1.45085e-18
0 1.45082e-18
0 1.45079e-18
0 1.45075e-18
0 1.45072e-18
0 1.45069e-18
0 1.45065e-18
0 1.45062e-18
0 1.45059e-18
0 1.45056e-18
0 1.45052e-18
0 1.45049e-18
0 1.45046e-18
0 1.45043e-18
0 1.45039e-18
0 1.45036e-18
0 1.45033e-18
0 1.4503e-18
0 1.45026e-18
0 1.45023e-18
0 1.4502e-18
0 1.45017e-18
0 1.45014e-18
0 1.45011e-18
0 1.45007e-18
0 1.45004e-18
0 1.45001e-18
0 1.44998e-18
0 1.44995e-18
0 1.44992e-18
0 1.44989e-18
0 1.44985e-18
0 1.44982e-18
0 1.44979e-18
0 1.44976e-18
0 1.44973e-18
0 1.4497e-18
0 1.44967e-18
0 1.44964e-18
0 1.44961e-18
0 1.44958e-18
0 1.44955e-18
0 1.44952e-18
0 1.44949e-18
0 1.44946e-18
0 1.44943e-18
0 1.44939e-18
0 1.44936e-18
0 1.44933e-18
0 1.4493e-18
0 1.44927e-18
0 1.44924e-18
0 1.44922e-18
0 1.44919e-18
0 1.44916e-18
0 1.44913e-18
0 1.4491e-18
0 1.44907e-18
0 1.44904e-18
0 1.44901e-18
0 1.44898e-18
0 1.44895e-18
0 1.44892e-18
0 1.44889e-18
0 1.44886e-18
0 1.44883e-18
0 1.4488e-18
0 1.44878e-18
0 1.44875e-18
0 1.44872e-18
0 1.44869e-18
0 1.44866e-18
0 1.44863e-18
0 1.4486e-18
0 1.44858e-18
0 1.44855e-18
0 1.44852e-18
0 1.44849e-18
0 1.44846e-18
0 1.44843e-18
0 1.44841e-18
0 1.44838e-18
0 1.44835e-18
0 1.44832e-18
0 1.44829e-18
0 1.44827e-18
0 1.44824e-18
0 1.44821e-18
0 1.44818e-18
0 1.44816e-18

