0 0.409126
0 0.404458
0 0.392229
0 0.37337
0 0.34918
0 0.321187
0 0.290973
0 0.260008
0 0.229541
0 0.200533
0 0.17365
0 0.149284
0 0.127598
0 0.108583
0 0.0921059
0 0.0779611
0 0.0659059
0 0.0556876
0 0.0470606
0 0.0397967
0 0.0336904
0 0.0285613
0 0.0242531
0 0.0206325
0 0.0175869
0 0.0150215
0 0.0128571
0 0.0110277
0 0.00947847
0 0.00816374
0 0.00704569
0 0.00609284
0 0.00527904
0 0.00458251
0 0.00398508
0 0.0034716
0 0.00302937
0 0.00264776
0 0.00231782
0 0.00203202
0 0.00178402
0 0.00156844
0 0.00138074
0 0.00121703
0 0.00107404
0 0.00094895
0 0.000839366
0 0.000743233
0 0.000658787
0 0.000584512
0 0.000519103
0 0.000461432
0 0.000410528
0 0.000365546
0 0.000325755
0 0.000290521
0 0.000259292
0 0.000231586
0 0.000206983
0 0.000185117
0 0.000165667
0 0.000148352
0 0.000132926
0 0.000119172
0 0.0001069
0 9.59421e-05
0 8.61517e-05
0 7.73985e-05
0 6.95676e-05
0 6.25575e-05
0 5.62784e-05
0 5.0651e-05
0 4.56049e-05
0 4.10774e-05
0 3.70133e-05
0 3.33633e-05
0 3.00836e-05
0 2.71353e-05
0 2.44836e-05
0 2.20977e-05
0 1.995e-05
0 1.8016e-05
0 1.62737e-05
0 1.47034e-05
0 1.32878e-05
0 1.2011e-05
0 1.0859e-05
0 9.81941e-06
0 8.88082e-06
0 8.03318e-06
0 7.26746e-06
0 6.57552e-06
0 5.95008e-06
0 5.3846e-06
0 4.8732e-06
0 4.41057e-06
0 3.99198e-06
0 3.61314e-06
0 3.27021e-06
0 2.9597e-06
0 2.67851e-06
0 2.42381e-06
0 2.19307e-06
0 1.984e-06
0 1.79454e-06
0 1.62282e-06
0 1.46716e-06
0 1.32604e-06
0 1.1981e-06
0 1.08209e-06
0 9.76894e-07
0 8.815e-07
0 7.94991e-07
0 7.1654e-07
0 6.45399e-07
0 5.80888e-07
0 5.22396e-07
0 4.69365e-07
0 4.21294e-07
0 3.77727e-07
0 3.38252e-07
0 3.02494e-07
0 2.70115e-07
0 2.40808e-07
0 2.14295e-07
0 1.90324e-07
0 1.68667e-07
0 1.49117e-07
0 1.31485e-07
0 1.15602e-07
0 1.01314e-07
0 8.84822e-08
0 7.69789e-08
0 6.66903e-08
0 5.7513e-08
0 4.93532e-08
0 4.21264e-08
0 3.57562e-08
0 3.01738e-08
0 2.53172e-08
0 2.11305e-08
0 1.75637e-08
0 1.4572e-08
0 1.21153e-08
0 1.01581e-08
0 8.66887e-09
0 7.61978e-09
0 6.98655e-09
0 5.35564e-18
0 5.35132e-18
0 5.34707e-18
0 5.34288e-18
0 5.33876e-18
0 5.33469e-18
0 5.33068e-18
0 5.32673e-18
0 5.32284e-18
0 5.319e-18
0 5.31522e-18
0 5.31149e-18
0 5.30781e-18
0 5.30418e-18
0 5.3006e-18
0 5.29707e-18
0 5.29359e-18
0 5.29015e-18
0 5.28676e-18
0 5.28341e-18
0 5.28011e-18
0 5.27685e-18
0 5.27364e-18
0 5.27046e-18
0 5.26733e-18
0 5.26423e-18
0 5.26118e-18
0 5.25816e-18
0 5.25518e-18
0 5.25224e-18
0 5.24934e-18
0 5.24646e-18
0 5.24363e-18
0 5.24083e-18
0 5.23806e-18
0 5.23533e-18
0 5.23263e-18
0 5.22996e-18
0 5.22732e-18
0 5.22471e-18
0 5.22213e-18
0 5.21958e-18
0 5.21707e-18
0 5.21458e-18
0 5.21212e-18
0 5.20968e-18
0 5.20728e-18
0 5.2049e-18
0 5.20254e-18
0 5.20022e-18
0 5.19791e-18
0 5.19564e-18
0 5.19339e-18
0 5.19116e-18
0 5.18896e-18
0 5.18678e-18
0 5.18462e-18
0 5.18249e-18
0 5.18037e-18
0 5.17829e-18
0 5.17622e-18
0 5.17417e-18
0 5.17215e-18
0 5.17014e-18
0 5.16816e-18
0 5.16619e-18
0 5.16425e-18
0 5.16233e-18
0 5.16042e-18
0 5.15853e-18
0 5.15667e-18
0 5.15482e-18
0 5.15299e-18
0 5.15117e-18
0 5.14938e-18
0 5.1476e-18
0 5.14584e-18
0 5.14409e-18
0 5.14236e-18
0 5.14065e-18
0 5.13896e-18
0 5.13728e-18
0 5.13561e-18
0 5.13397e-18
0 5.13233e-18
0 5.13072e-18
0 5.12911e-18
0 5.12752e-18
0 5.12595e-18
0 5.12439e-18
0 5.12284e-18
0 5.12131e-18
0 5.11979e-18
0 5.11829e-18
0 5.1168e-18
0 5.11532e-18
0 5.11385e-18
0 5.1124e-18
0 5.11096e-18
0 5.10953e-18
0 5.10812e-18
0 5.10671e-18
0 5.10532e-18
0 5.10394e-18
0 5.10258e-18
0 5.10122e-18
0 5.09987e-18
0 5.09854e-18
0 5.09722e-18
0 5.09591e-18
0 5.09461e-18
0 5.09332e-18
0 5.09204e-18
0 5.09077e-18
0 5.08951e-18
0 5.08826e-18
0 5.08702e-18
0 5.08579e-18
0 5.08457e-18
0 5.08337e-18
0 5.08217e-18
0 5.08098e-18
0 5.0798e-18
0 5.07863e-18
0 5.07746e-18
0 5.07631e-18
0 5.07517e-18
0 5.07403e-18
0 5.0729e-18
0 5.07179e-18
0 5.07068e-18
0 5.06958e-18
0 5.06848e-18
0 5.0674e-18
0 5.06632e-18
0 5.06525e-18
0 5.06419e-18
0 5.06314e-18
0 5.0621e-18
0 5.06106e-18
0 5.06003e-18
0 5.05901e-18
0 5.05799e-18
0 5.05699e-18
0 5.05599e-18
0 5.055e-18
0 5.05401e-18
0 5.05303e-18
0 5.05206e-18
0 5.0511e-18
0 5.05014e-18
0 5.04919e-18
0 5.04824e-18
0 5.04731e-18
0 5.04638e-18
0 5.04545e-18
0 5.04453e-18
0 5.04362e-18
0 5.04272e-18
0 5.04182e-18
0 5.04092e-18
0 5.04004e-18
0 5.03916e-18
0 5.03828e-18
0 5.03741e-18
0 5.03655e-18
0 5.03569e-18
0 5.03484e-18
0 5.03399e-18
0 5.03315e-18
0 5.03232e-18
0 5.03149e-18
0 5.03067e-18
0 5.02985e-18
0 5.02903e-18
0 5.02823e-18
0 5.02742e-18
0 5.02663e-18
0 5.02583e-18
0 5.02505e-18
0 5.02427e-18
0 5.02349e-18
0 5.02272e-18
0 5.02195e-18
0 5.02119e-18
0 5.02043e-18
0 5.01968e-18
0 5.01893e-18
0 5.01818e-18
0 5.01745e-18
0 5.01671e-18
0 5.01598e-18
0 5.01526e-18
0 5.01454e-18
0 5.01382e-18
0 5.01311e-18
0 5.0124e-18
0 5.0117e-18
0 5.011e-18
0 5.0103e-18
0 5.00961e-18
0 5.00893e-18
0 5.00824e-18
0 5.00757e-18
0 5.00689e-18
0 5.00622e-18
0 5.00555e-18
0 5.00489e-18
0 5.00423e-18
0 5.00358e-18
0 5.00293e-18
0 5.00228e-18
0 5.00164e-18
0 5.001e-18
0 5.00036e-18
0 4.99973e-18
0 4.9991e-18
0 4.99848e-18
0 4.99786e-18
0 4.99724e-18
0 4.99662e-18
0 4.99601e-18
0 4.99541e-18
0 4.9948e-18
0 4.9942e-18
0 4.9936e-18
0 4.99301e-18
0 4.99242e-18
0 4.99183e-18
0 4.99125e-18
0 4.99067e-18
0 4.99009e-18
0 4.98952e-18
0 4.98894e-18
0 4.98838e-18
0 4.98781e-18
0 4.98725e-18
0 4.98669e-18
0 4.98613e-18
0 4.98558e-18
0 4.98503e-18
0 4.98448e-18
0 4.98394e-18
0 4.9834e-18
0 4.98286e-18
0 4.98233e-18
0 4.98179e-18
0 4.98126e-18
0 4.98074e-18
0 4.98021e-18
0 4.97969e-18
0 4.97917e-18
0 4.97866e-18
0 4.97814e-18
0 4.97763e-18
0 4.97712e-18
0 4.97662e-18
0 4.97611e-18
0 4.97561e-18
0 4.97512e-18
0 4.97462e-18
0 4.97413e-18
0 4.97364e-18
0 4.97315e-18
0 4.97267e-18
0 4.97218e-18
0 4.9717e-18
0 4.97122e-18
0 4.97075e-18
0 4.97027e-18
0 4.9698e-18
0 4.96934e-18
0 4.96887e-18
0 4.96841e-18
0 4.96794e-18
0 4.96748e-18
0 4.96703e-18
0 4.96657e-18
0 4.96612e-18
0 4.96567e-18
0 4.96522e-18
0 4.96477e-18
0 4.96433e-18
0 4.96389e-18
0 4.96345e-18
0 4.96301e-18
0 4.96258e-18
0 4.96214e-18
0 4.96171e-18
0 4.96128e-18
0 4.96085e-18
0 4.96043e-18
0 4.96001e-18
0 4.95958e-18
0 4.95917e-18
0 4.95875e-18
0 4.95833e-18
0 4.95792e-18
0 4.95751e-18
0 4.9571e-18
0 4.95669e-18
0 4.95628e-18
0 4.95588e-18
0 4.95548e-18
0 4.95508e-18
0 4.95468e-18
0 4.95428e-18
0 4.95389e-18
0 4.9535e-18
0 4.9531e-18
0 4.95271e-18
0 4.95233e-18
0 4.95194e-18
0 4.95156e-18
0 4.95117e-18
0 4.95079e-18
0 4.95041e-18
0 4.95004e-18
0 4.94966e-18
0 4.94929e-18
0 4.94891e-18
0 4.94854e-18
0 4.94818e-18
0 4.94781e-18
0 4.94744e-18
0 4.94708e-18
0 4.94671e-18
0 4.94635e-18
0 4.94599e-18
0 4.94564e-18
0 4.94528e-18
0 4.94492e-18
0 4.94457e-18
0 4.94422e-18
0 4.94387e-18
0 4.94352e-18
0 4.94317e-18
0 4.94283e-18
0 4.94248e-18
0 4.94214e-18
0 4.9418e-18
0 4.94146e-18
0 4.94112e-18
0 4.94078e-18
0 4.94045e-18
0 4.94011e-18
0 4.93978e-18
0 4.93945e-18
0 4.93912e-18
0 4.93879e-18
0 4.93846e-18
0 4.93813e-18
0 4.93781e-18
0 4.93749e-18
0 4.93716e-18
0 4.93684e-18
0 4.93652e-18
0 4.93621e-18
0 4.93589e-18
0 4.93557e-18
0 4.93526e-18
0 4.93495e-18
0 4.93463e-18
0 4.93432e-18
0 4.93401e-18
0 4.93371e-18
0 4.9334e-18
0 4.93309e-18
0 4.93279e-18
0 4.93249e-18
0 4.93219e-18
0 4.93188e-18
0 4.93159e-18
0 4.93129e-18
0 4.93099e-18
0 4.93069e-18
0 4.9304e-18
0 4.93011e-18
0 4.92981e-18
0 4.92952e-18
0 4.92923e-18
0 4.92894e-18
0 4.92865e-18
0 4.92837e-18
0 4.92808e-18
0 4.9278e-18
0 4.92751e-18
0 4.92723e-18
0 4.92695e-18
0 4.92667e-18
0 4.92639e-18
0 4.92611e-18
0 4.92584e-18
0 4.92556e-18
0 4.92528e-18
0 4.92501e-18
0 4.92474e-18
0 4.92447e-18
0 4.9242e-18
0 4.92393e-18
0 4.92366e-18
0 4.92339e-18
0 4.92312e-18
0 4.92286e-18
0 4.92259e-18
0 4.92233e-18
0 4.92206e-18
0 4.9218e-18
0 4.92154e-18
0 4.92128e-18
0 4.92102e-18
0 4.92077e-18
0 4.92051e-18
0 4.92025e-18
0 4.92e-18
0 4.91974e-18
0 4.91949e-18
0 4.91924e-18
0 4.91899e-18
0 4.91873e-18
0 4.91849e-18
0 4.91824e-18
0 4.91799e-18
0 4.91774e-18
0 4.9175e-18
0 4.91725e-18
0 4.91701e-18
0 4.91676e-18
0 4.91652e-18
0 4.91628e-18
0 4.91604e-18
0 4.9158e-18
0 4.91556e-18
0 4.91532e-18
0 4.91508e-18
0 4.91485e-18
0 4.91461e-18
0 4.91438e-18
0 4.91414e-18
0 4.91391e-18
0 4.91368e-18
0 4.91344e-18
0 4.91321e-18
0 4.91298e-18
0 4.91275e-18
0 4.91253e-18
0 4.9123e-18
0 4.91207e-18
0 4.91184e-18
0 4.91162e-18
0 4.91139e-18
0 4.91117e-18
0 4.91095e-18
0 4.91073e-18
0 4.9105e-18
0 4.91028e-18
0 4.91006e-18
0 4.90984e-18
0 4.90963e-18
0 4.90941e-18
0 4.90919e-18
0 4.90897e-18
0 4.90876e-18
0 4.90854e-18
0 4.90833e-18
0 4.90812e-18
0 4.9079e-18
0 4.90769e-18
0 4.90748e-18
0 4.90727e-18
0 4.90706e-18
0 4.90685e-18
0 4.90664e-18
0 4.90643e-18
0 4.90623e-18
0 4.90602e-18
0 4.90582e-18
0 4.90561e-18
0 4.90541e-18
0 4.9052e-18
0 4.905e-18
0 4.9048e-18
0 4.9046e-18
0 4.90439e-18
0 4.90419e-18
0 4.90399e-18
0 4.90379e-18
0 4.9036e-18
0 4.9034e-18
0 4.9032e-18
0 4.903e-18
0 4.90281e-18
0 4.90261e-18
0 4.90242e-18
0 4.90222e-18
0 4.90203e-18
0 4.90184e-18
0 4.90165e-18
0 4.90145e-18
0 4.90126e-18
0 4.90107e-18
0 4.90088e-18
0 4.90069e-18
0 4.90051e-18
0 4.90032e-18
0 4.90013e-18
0 4.89994e-18
0 4.89976e-18
0 4.89957e-18
0 4.89939e-18
0 4.8992e-18
0 4.89902e-18
0 4.89883e-18
0 4.89865e-18
0 4.89847e-18
0 4.89829e-18
0 4.89811e-18
0 4.89793e-18
0 4.89775e-18
0 4.89757e-18
0 4.89739e-18
0 4.89721e-18
0 4.89703e-18
0 4.89685e-18
0 4.89668e-18
0 4.8965e-18
0 4.89632e-18
0 4.89615e-18
0 4.89598e-18
0 4.8958e-18
0 4.89563e-18
0 4.89545e-18
0 4.89528e-18
0 4.89511e-18
0 4.89494e-18
0 4.89477e-18
0 4.8946e-18
0 4.89443e-18
0 4.89426e-18
0 4.89409e-18
0 4.89392e-18
0 4.89375e-18
0 4.89359e-18
0 4.89342e-18
0 4.89325e-18
0 4.89309e-18
0 4.89292e-18
0 4.89276e-18
0 4.89259e-18
0 4.89243e-18
0 4.89226e-18
0 4.8921e-18
0 4.89194e-18
0 4.89178e-18
0 4.89161e-18
0 4.89145e-18
0 4.89129e-18
0 4.89113e-18
0 4.89097e-18
0 4.89081e-18
0 4.89065e-18
0 4.8905e-18
0 4.89034e-18
0 4.89018e-18
0 4.89002e-18
0 4.88987e-18
0 4.88971e-18
0 4.88956e-18
0 4.8894e-18
0 4.88925e-18
0 4.88909e-18
0 4.88894e-18
0 4.88878e-18
0 4.88863e-18
0 4.88848e-18
0 4.88833e-18
0 4.88817e-18
0 4.88802e-18
0 4.88787e-18
0 4.88772e-18
0 4.88757e-18
0 4.88742e-18
0 4.88727e-18
0 4.88712e-18
0 4.88698e-18
0 4.88683e-18
0 4.88668e-18
0 4.88653e-18
0 4.88639e-18
0 4.88624e-18
0 4.88609e-18
0 4.88595e-18
0 4.8858e-18
0 4.88566e-18
0 4.88552e-18
0 4.88537e-18
0 4.88523e-18
0 4.88508e-18
0 4.88494e-18
0 4.8848e-18
0 4.88466e-18
0 4.88452e-18
0 4.88437e-18
0 4.88423e-18
0 4.88409e-18
0 4.88395e-18
0 4.88381e-18
0 4.88367e-18
0 4.88354e-18
0 4.8834e-18
0 4.88326e-18
0 4.88312e-18
0 4.88298e-18
0 4.88285e-18
0 4.88271e-18
0 4.88257e-18
0 4.88244e-18
0 4.8823e-18
0 4.88217e-18
0 4.88203e-18
0 4.8819e-18
0 4.88176e-18
0 4.88163e-18
0 4.8815e-18
0 4.88136e-18
0 4.88123e-18
0 4.8811e-18
0 4.88097e-18
0 4.88084e-18
0 4.8807e-18
0 4.88057e-18
0 4.88044e-18
0 4.88031e-18
0 4.88018e-18
0 4.88005e-18
0 4.87992e-18
0 4.87979e-18
0 4.87967e-18
0 4.87954e-18
0 4.87941e-18
0 4.87928e-18
0 4.87915e-18
0 4.87903e-18
0 4.8789e-18
0 4.87877e-18
0 4.87865e-18
0 4.87852e-18
0 4.8784e-18
0 4.87827e-18
0 4.87815e-18
0 4.87802e-18
0 4.8779e-18
0 4.87778e-18
0 4.87765e-18
0 4.87753e-18
0 4.87741e-18
0 4.87728e-18
0 4.87716e-18
0 4.87704e-18
0 4.87692e-18
0 4.8768e-18
0 4.87668e-18
0 4.87656e-18
0 4.87644e-18
0 4.87632e-18
0 4.8762e-18
0 4.87608e-18
0 4.87596e-18
0 4.87584e-18
0 4.87572e-18
0 4.8756e-18
0 4.87548e-18
0 4.87537e-18
0 4.87525e-18
0 4.87513e-18
0 4.87502e-18
0 4.8749e-18
0 4.87478e-18
0 4.87467e-18
0 4.87455e-18
0 4.87444e-18
0 4.87432e-18
0 4.87421e-18
0 4.87409e-18
0 4.87398e-18
0 4.87386e-18
0 4.87375e-18
0 4.87364e-18
0 4.87352e-18
0 4.87341e-18
0 4.8733e-18
0 4.87319e-18
0 4.87307e-18
0 4.87296e-18
0 4.87285e-18
0 4.87274e-18
0 4.87263e-18
0 4.87252e-18
0 4.87241e-18
0 4.8723e-18
0 4.87219e-18
0 4.87208e-18
0 4.87197e-18
0 4.87186e-18
0 4.87175e-18
0 4.87164e-18
0 4.87153e-18
0 4.87143e-18
0 4.87132e-18
0 4.87121e-18
0 4.8711e-18
0 4.871e-18
0 4.87089e-18
0 4.87078e-18
0 4.87068e-18
0 4.87057e-18
0 4.87047e-18
0 4.87036e-18
0 4.87025e-18
0 4.87015e-18
0 4.87004e-18
0 4.86994e-18
0 4.86984e-18
0 4.86973e-18
0 4.86963e-18
0 4.86952e-18
0 4.86942e-18
0 4.86932e-18
0 4.86922e-18
0 4.86911e-18
0 4.86901e-18
0 4.86891e-18
0 4.86881e-18
0 4.8687e-18
0 4.8686e-18
0 4.8685e-18
0 4.8684e-18
0 4.8683e-18
0 4.8682e-18
0 4.8681e-18
0 4.868e-18
0 4.8679e-18
0 4.8678e-18
0 4.8677e-18
0 4.8676e-18
0 4.8675e-18
0 4.8674e-18
0 4.86731e-18
0 4.86721e-18
0 4.86711e-18
0 4.86701e-18
0 4.86692e-18
0 4.86682e-18
0 4.86672e-18
0 4.86662e-18
0 4.86653e-18
0 4.86643e-18
0 4.86633e-18
0 4.86624e-18
0 4.86614e-18
0 4.86605e-18
0 4.86595e-18
0 4.86586e-18
0 4.86576e-18
0 4.86567e-18
0 4.86557e-18
0 4.86548e-18
0 4.86538e-18
0 4.86529e-18
0 4.8652e-18
0 4.8651e-18
0 4.86501e-18
0 4.86492e-18
0 4.86482e-18
0 4.86473e-18
0 4.86464e-18
0 4.86455e-18
0 4.86445e-18
0 4.86436e-18
0 4.86427e-18
0 4.86418e-18
0 4.86409e-18
0 4.864e-18
0 4.86391e-18
0 4.86382e-18
0 4.86373e-18
0 4.86364e-18
0 4.86355e-18
0 4.86346e-18
0 4.86337e-18
0 4.86328e-18
0 4.86319e-18
0 4.8631e-18
0 4.86301e-18
0 4.86292e-18
0 4.86283e-18
0 4.86274e-18
0 4.86266e-18
0 4.86257e-18
0 4.86248e-18
0 4.86239e-18
0 4.86231e-18
0 4.86222e-18
0 4.86213e-18
0 4.86204e-18
0 4.86196e-18
0 4.86187e-18
0 4.86179e-18
0 4.8617e-18
0 4.86161e-18
0 4.86153e-18
0 4.86144e-18
0 4.86136e-18
0 4.86127e-18
0 4.86119e-18
0 4.8611e-18
0 4.86102e-18
0 4.86093e-18
0 4.86085e-18
0 4.86076e-18
0 4.86068e-18
0 4.8606e-18
0 4.86051e-18
0 4.86043e-18
0 4.86035e-18
0 4.86026e-18
0 4.86018e-18
0 4.8601e-18
0 4.86002e-18
0 4.85993e-18
0 4.85985e-18
0 4.85977e-18
0 4.85969e-18
0 4.85961e-18
0 4.85952e-18
0 4.85944e-18
0 4.85936e-18
0 4.85928e-18
0 4.8592e-18
0 4.85912e-18
0 4.85904e-18
0 4.85896e-18
0 4.85888e-18
0 4.8588e-18
0 4.85872e-18
0 4.85864e-18
0 4.85856e-18
0 4.85848e-18
0 4.8584e-18
0 4.85832e-18
0 4.85824e-18
0 4.85816e-18

