0 63.8785
0 52.0223
0 32.263
0 17.5707
0 9.44125
0 5.3103
0 3.18093
0 2.02479
0 1.35816
0 0.951353
0 0.690438
0 0.515837
0 0.394724
0 0.30812
0 0.244575
0 0.196909
0 0.160471
0 0.132156
0 0.109836
0 0.0920208
0 0.0776425
0 0.0659242
0 0.0562901
0 0.0483073
0 0.041646
0 0.036052
0 0.0313272
0 0.0273154
0 0.0238927
0 0.0209596
0 0.018436
0 0.0162566
0 0.0143678
0 0.0127258
0 0.011294
0 0.010042
0 0.00894448
0 0.00797999
0 0.0071305
0 0.00638071
0 0.0057176
0 0.00513004
0 0.0046085
0 0.00414478
0 0.00373183
0 0.00336353
0 0.00303459
0 0.00274041
0 0.00247697
0 0.00224078
0 0.00202877
0 0.00183825
0 0.00166687
0 0.00151255
0 0.00137345
0 0.00124796
0 0.00113465
0 0.00103224
0 0.000939625
0 0.000855788
0 0.000779846
0 0.000711006
0 0.000648559
0 0.000591876
0 0.000540391
0 0.000493598
0 0.000451046
0 0.000412327
0 0.000377078
0 0.000344969
0 0.000315707
0 0.000289025
0 0.000264686
0 0.000242472
0 0.000222189
0 0.000203661
0 0.00018673
0 0.000171252
0 0.000157096
0 0.000144145
0 0.000132291
0 0.000121439
0 0.000111499
0 0.000102393
0 9.40478e-05
0 8.63972e-05
0 7.93814e-05
0 7.2946e-05
0 6.70413e-05
0 6.16221e-05
0 5.66472e-05
0 5.20789e-05
0 4.78831e-05
0 4.40285e-05
0 4.04866e-05
0 3.72312e-05
0 3.42386e-05
0 3.1487e-05
0 2.89565e-05
0 2.6629e-05
0 2.44877e-05
0 2.25175e-05
0 2.07043e-05
0 1.90355e-05
0 1.74993e-05
0 1.60851e-05
0 1.47828e-05
0 1.35836e-05
0 1.24792e-05
0 1.1462e-05
0 1.0525e-05
0 9.66191e-06
0 8.86675e-06
0 8.13417e-06
0 7.45923e-06
0 6.83737e-06
0 6.26443e-06
0 5.73655e-06
0 5.2502e-06
0 4.80213e-06
0 4.38936e-06
0 4.00914e-06
0 3.65893e-06
0 3.33641e-06
0 3.03944e-06
0 2.76605e-06
0 2.51442e-06
0 2.28287e-06
0 2.06987e-06
0 1.874e-06
0 1.69396e-06
0 1.52854e-06
0 1.37664e-06
0 1.23723e-06
0 1.10937e-06
0 9.92205e-07
0 8.84928e-07
0 7.86806e-07
0 6.97165e-07
0 6.15379e-07
0 5.40877e-07
0 4.73129e-07
0 4.11651e-07
0 3.55994e-07
0 3.0575e-07
0 2.60539e-07
0 2.20015e-07
0 1.8386e-07
0 1.51782e-07
0 1.23514e-07
0 9.88107e-08
0 7.74491e-08
0 5.92251e-08
0 4.39531e-08
0 3.14643e-08
0 2.16058e-08
0 1.42397e-08
0 9.24163e-09
0 6.50036e-09
0 1.18379e-16
0 1.18323e-16
0 1.18267e-16
0 1.18211e-16
0 1.18157e-16
0 1.18103e-16
0 1.1805e-16
0 1.17998e-16
0 1.17946e-16
0 1.17895e-16
0 1.17845e-16
0 1.17795e-16
0 1.17746e-16
0 1.17697e-16
0 1.17649e-16
0 1.17602e-16
0 1.17555e-16
0 1.17509e-16
0 1.17463e-16
0 1.17418e-16
0 1.17374e-16
0 1.1733e-16
0 1.17286e-16
0 1.17243e-16
0 1.17201e-16
0 1.17159e-16
0 1.17117e-16
0 1.17076e-16
0 1.17036e-16
0 1.16995e-16
0 1.16956e-16
0 1.16917e-16
0 1.16878e-16
0 1.16839e-16
0 1.16801e-16
0 1.16764e-16
0 1.16727e-16
0 1.1669e-16
0 1.16654e-16
0 1.16618e-16
0 1.16582e-16
0 1.16547e-16
0 1.16512e-16
0 1.16478e-16
0 1.16444e-16
0 1.1641e-16
0 1.16377e-16
0 1.16344e-16
0 1.16311e-16
0 1.16279e-16
0 1.16247e-16
0 1.16215e-16
0 1.16184e-16
0 1.16152e-16
0 1.16122e-16
0 1.16091e-16
0 1.16061e-16
0 1.16031e-16
0 1.16002e-16
0 1.15972e-16
0 1.15943e-16
0 1.15915e-16
0 1.15886e-16
0 1.15858e-16
0 1.1583e-16
0 1.15802e-16
0 1.15775e-16
0 1.15748e-16
0 1.15721e-16
0 1.15694e-16
0 1.15668e-16
0 1.15642e-16
0 1.15616e-16
0 1.1559e-16
0 1.15565e-16
0 1.15539e-16
0 1.15514e-16
0 1.1549e-16
0 1.15465e-16
0 1.15441e-16
0 1.15417e-16
0 1.15393e-16
0 1.15369e-16
0 1.15345e-16
0 1.15322e-16
0 1.15299e-16
0 1.15276e-16
0 1.15253e-16
0 1.15231e-16
0 1.15209e-16
0 1.15186e-16
0 1.15164e-16
0 1.15143e-16
0 1.15121e-16
0 1.151e-16
0 1.15078e-16
0 1.15057e-16
0 1.15036e-16
0 1.15016e-16
0 1.14995e-16
0 1.14975e-16
0 1.14955e-16
0 1.14935e-16
0 1.14915e-16
0 1.14895e-16
0 1.14875e-16
0 1.14856e-16
0 1.14837e-16
0 1.14817e-16
0 1.14799e-16
0 1.1478e-16
0 1.14761e-16
0 1.14742e-16
0 1.14724e-16
0 1.14706e-16
0 1.14688e-16
0 1.1467e-16
0 1.14652e-16
0 1.14634e-16
0 1.14617e-16
0 1.14599e-16
0 1.14582e-16
0 1.14565e-16
0 1.14548e-16
0 1.14531e-16
0 1.14514e-16
0 1.14497e-16
0 1.14481e-16
0 1.14464e-16
0 1.14448e-16
0 1.14432e-16
0 1.14415e-16
0 1.14399e-16
0 1.14384e-16
0 1.14368e-16
0 1.14352e-16
0 1.14337e-16
0 1.14321e-16
0 1.14306e-16
0 1.14291e-16
0 1.14276e-16
0 1.14261e-16
0 1.14246e-16
0 1.14231e-16
0 1.14216e-16
0 1.14202e-16
0 1.14187e-16
0 1.14173e-16
0 1.14158e-16
0 1.14144e-16
0 1.1413e-16
0 1.14116e-16
0 1.14102e-16
0 1.14088e-16
0 1.14075e-16
0 1.14061e-16
0 1.14047e-16
0 1.14034e-16
0 1.14021e-16
0 1.14007e-16
0 1.13994e-16
0 1.13981e-16
0 1.13968e-16
0 1.13955e-16
0 1.13942e-16
0 1.13929e-16
0 1.13917e-16
0 1.13904e-16
0 1.13892e-16
0 1.13879e-16
0 1.13867e-16
0 1.13854e-16
0 1.13842e-16
0 1.1383e-16
0 1.13818e-16
0 1.13806e-16
0 1.13794e-16
0 1.13782e-16
0 1.1377e-16
0 1.13759e-16
0 1.13747e-16
0 1.13735e-16
0 1.13724e-16
0 1.13713e-16
0 1.13701e-16
0 1.1369e-16
0 1.13679e-16
0 1.13667e-16
0 1.13656e-16
0 1.13645e-16
0 1.13634e-16
0 1.13624e-16
0 1.13613e-16
0 1.13602e-16
0 1.13591e-16
0 1.13581e-16
0 1.1357e-16
0 1.1356e-16
0 1.13549e-16
0 1.13539e-16
0 1.13528e-16
0 1.13518e-16
0 1.13508e-16
0 1.13498e-16
0 1.13488e-16
0 1.13478e-16
0 1.13468e-16
0 1.13458e-16
0 1.13448e-16
0 1.13438e-16
0 1.13428e-16
0 1.13418e-16
0 1.13409e-16
0 1.13399e-16
0 1.1339e-16
0 1.1338e-16
0 1.13371e-16
0 1.13361e-16
0 1.13352e-16
0 1.13343e-16
0 1.13333e-16
0 1.13324e-16
0 1.13315e-16
0 1.13306e-16
0 1.13297e-16
0 1.13288e-16
0 1.13279e-16
0 1.1327e-16
0 1.13261e-16
0 1.13252e-16
0 1.13244e-16
0 1.13235e-16
0 1.13226e-16
0 1.13218e-16
0 1.13209e-16
0 1.13201e-16
0 1.13192e-16
0 1.13184e-16
0 1.13175e-16
0 1.13167e-16
0 1.13159e-16
0 1.1315e-16
0 1.13142e-16
0 1.13134e-16
0 1.13126e-16
0 1.13118e-16
0 1.1311e-16
0 1.13102e-16
0 1.13094e-16
0 1.13086e-16
0 1.13078e-16
0 1.1307e-16
0 1.13062e-16
0 1.13054e-16
0 1.13047e-16
0 1.13039e-16
0 1.13031e-16
0 1.13024e-16
0 1.13016e-16
0 1.13008e-16
0 1.13001e-16
0 1.12993e-16
0 1.12986e-16
0 1.12979e-16
0 1.12971e-16
0 1.12964e-16
0 1.12957e-16
0 1.12949e-16
0 1.12942e-16
0 1.12935e-16
0 1.12928e-16
0 1.12921e-16
0 1.12914e-16
0 1.12907e-16
0 1.12899e-16
0 1.12893e-16
0 1.12886e-16
0 1.12879e-16
0 1.12872e-16
0 1.12865e-16
0 1.12858e-16
0 1.12851e-16
0 1.12844e-16
0 1.12838e-16
0 1.12831e-16
0 1.12824e-16
0 1.12818e-16
0 1.12811e-16
0 1.12805e-16
0 1.12798e-16
0 1.12791e-16
0 1.12785e-16
0 1.12779e-16
0 1.12772e-16
0 1.12766e-16
0 1.12759e-16
0 1.12753e-16
0 1.12747e-16
0 1.1274e-16
0 1.12734e-16
0 1.12728e-16
0 1.12722e-16
0 1.12716e-16
0 1.12709e-16
0 1.12703e-16
0 1.12697e-16
0 1.12691e-16
0 1.12685e-16
0 1.12679e-16
0 1.12673e-16
0 1.12667e-16
0 1.12661e-16
0 1.12655e-16
0 1.12649e-16
0 1.12644e-16
0 1.12638e-16
0 1.12632e-16
0 1.12626e-16
0 1.1262e-16
0 1.12615e-16
0 1.12609e-16
0 1.12603e-16
0 1.12598e-16
0 1.12592e-16
0 1.12586e-16
0 1.12581e-16
0 1.12575e-16
0 1.1257e-16
0 1.12564e-16
0 1.12559e-16
0 1.12553e-16
0 1.12548e-16
0 1.12542e-16
0 1.12537e-16
0 1.12531e-16
0 1.12526e-16
0 1.12521e-16
0 1.12515e-16
0 1.1251e-16
0 1.12505e-16
0 1.125e-16
0 1.12494e-16
0 1.12489e-16
0 1.12484e-16
0 1.12479e-16
0 1.12474e-16
0 1.12469e-16
0 1.12463e-16
0 1.12458e-16
0 1.12453e-16
0 1.12448e-16
0 1.12443e-16
0 1.12438e-16
0 1.12433e-16
0 1.12428e-16
0 1.12423e-16
0 1.12418e-16
0 1.12414e-16
0 1.12409e-16
0 1.12404e-16
0 1.12399e-16
0 1.12394e-16
0 1.12389e-16
0 1.12385e-16
0 1.1238e-16
0 1.12375e-16
0 1.1237e-16
0 1.12366e-16
0 1.12361e-16
0 1.12356e-16
0 1.12352e-16
0 1.12347e-16
0 1.12342e-16
0 1.12338e-16
0 1.12333e-16
0 1.12329e-16
0 1.12324e-16
0 1.12319e-16
0 1.12315e-16
0 1.1231e-16
0 1.12306e-16
0 1.12302e-16
0 1.12297e-16
0 1.12293e-16
0 1.12288e-16
0 1.12284e-16
0 1.12279e-16
0 1.12275e-16
0 1.12271e-16
0 1.12266e-16
0 1.12262e-16
0 1.12258e-16
0 1.12253e-16
0 1.12249e-16
0 1.12245e-16
0 1.12241e-16
0 1.12236e-16
0 1.12232e-16
0 1.12228e-16
0 1.12224e-16
0 1.1222e-16
0 1.12216e-16
0 1.12211e-16
0 1.12207e-16
0 1.12203e-16
0 1.12199e-16
0 1.12195e-16
0 1.12191e-16
0 1.12187e-16
0 1.12183e-16
0 1.12179e-16
0 1.12175e-16
0 1.12171e-16
0 1.12167e-16
0 1.12163e-16
0 1.12159e-16
0 1.12155e-16
0 1.12151e-16
0 1.12147e-16
0 1.12143e-16
0 1.1214e-16
0 1.12136e-16
0 1.12132e-16
0 1.12128e-16
0 1.12124e-16
0 1.1212e-16
0 1.12117e-16
0 1.12113e-16
0 1.12109e-16
0 1.12105e-16
0 1.12102e-16
0 1.12098e-16
0 1.12094e-16
0 1.1209e-16
0 1.12087e-16
0 1.12083e-16
0 1.12079e-16
0 1.12076e-16
0 1.12072e-16
0 1.12069e-16
0 1.12065e-16
0 1.12061e-16
0 1.12058e-16
0 1.12054e-16
0 1.12051e-16
0 1.12047e-16
0 1.12043e-16
0 1.1204e-16
0 1.12036e-16
0 1.12033e-16
0 1.12029e-16
0 1.12026e-16
0 1.12022e-16
0 1.12019e-16
0 1.12016e-16
0 1.12012e-16
0 1.12009e-16
0 1.12005e-16
0 1.12002e-16
0 1.11998e-16
0 1.11995e-16
0 1.11992e-16
0 1.11988e-16
0 1.11985e-16
0 1.11982e-16
0 1.11978e-16
0 1.11975e-16
0 1.11972e-16
0 1.11968e-16
0 1.11965e-16
0 1.11962e-16
0 1.11959e-16
0 1.11955e-16
0 1.11952e-16
0 1.11949e-16
0 1.11946e-16
0 1.11943e-16
0 1.11939e-16
0 1.11936e-16
0 1.11933e-16
0 1.1193e-16
0 1.11927e-16
0 1.11923e-16
0 1.1192e-16
0 1.11917e-16
0 1.11914e-16
0 1.11911e-16
0 1.11908e-16
0 1.11905e-16
0 1.11902e-16
0 1.11899e-16
0 1.11896e-16
0 1.11893e-16
0 1.11889e-16
0 1.11886e-16
0 1.11883e-16
0 1.1188e-16
0 1.11877e-16
0 1.11874e-16
0 1.11871e-16
0 1.11868e-16
0 1.11866e-16
0 1.11863e-16
0 1.1186e-16
0 1.11857e-16
0 1.11854e-16
0 1.11851e-16
0 1.11848e-16
0 1.11845e-16
0 1.11842e-16
0 1.11839e-16
0 1.11836e-16
0 1.11833e-16
0 1.11831e-16
0 1.11828e-16
0 1.11825e-16
0 1.11822e-16
0 1.11819e-16
0 1.11816e-16
0 1.11814e-16
0 1.11811e-16
0 1.11808e-16
0 1.11805e-16
0 1.11803e-16
0 1.118e-16
0 1.11797e-16
0 1.11794e-16
0 1.11791e-16
0 1.11789e-16
0 1.11786e-16
0 1.11783e-16
0 1.11781e-16
0 1.11778e-16
0 1.11775e-16
0 1.11773e-16
0 1.1177e-16
0 1.11767e-16
0 1.11765e-16
0 1.11762e-16
0 1.11759e-16
0 1.11757e-16
0 1.11754e-16
0 1.11751e-16
0 1.11749e-16
0 1.11746e-16
0 1.11743e-16
0 1.11741e-16
0 1.11738e-16
0 1.11736e-16
0 1.11733e-16
0 1.11731e-16
0 1.11728e-16
0 1.11725e-16
0 1.11723e-16
0 1.1172e-16
0 1.11718e-16
0 1.11715e-16
0 1.11713e-16
0 1.1171e-16
0 1.11708e-16
0 1.11705e-16
0 1.11703e-16
0 1.117e-16
0 1.11698e-16
0 1.11695e-16
0 1.11693e-16
0 1.11691e-16
0 1.11688e-16
0 1.11686e-16
0 1.11683e-16
0 1.11681e-16
0 1.11678e-16
0 1.11676e-16
0 1.11674e-16
0 1.11671e-16
0 1.11669e-16
0 1.11666e-16
0 1.11664e-16
0 1.11662e-16
0 1.11659e-16
0 1.11657e-16
0 1.11655e-16
0 1.11652e-16
0 1.1165e-16
0 1.11648e-16
0 1.11645e-16
0 1.11643e-16
0 1.11641e-16
0 1.11638e-16
0 1.11636e-16
0 1.11634e-16
0 1.11631e-16
0 1.11629e-16
0 1.11627e-16
0 1.11625e-16
0 1.11622e-16
0 1.1162e-16
0 1.11618e-16
0 1.11616e-16
0 1.11613e-16
0 1.11611e-16
0 1.11609e-16
0 1.11607e-16
0 1.11605e-16
0 1.11602e-16
0 1.116e-16
0 1.11598e-16
0 1.11596e-16
0 1.11594e-16
0 1.11591e-16
0 1.11589e-16
0 1.11587e-16
0 1.11585e-16
0 1.11583e-16
0 1.11581e-16
0 1.11578e-16
0 1.11576e-16
0 1.11574e-16
0 1.11572e-16
0 1.1157e-16
0 1.11568e-16
0 1.11566e-16
0 1.11564e-16
0 1.11561e-16
0 1.11559e-16
0 1.11557e-16
0 1.11555e-16
0 1.11553e-16
0 1.11551e-16
0 1.11549e-16
0 1.11547e-16
0 1.11545e-16
0 1.11543e-16
0 1.11541e-16
0 1.11539e-16
0 1.11537e-16
0 1.11535e-16
0 1.11533e-16
0 1.11531e-16
0 1.11529e-16
0 1.11527e-16
0 1.11525e-16
0 1.11523e-16
0 1.11521e-16
0 1.11519e-16
0 1.11517e-16
0 1.11515e-16
0 1.11513e-16
0 1.11511e-16
0 1.11509e-16
0 1.11507e-16
0 1.11505e-16
0 1.11503e-16
0 1.11501e-16
0 1.11499e-16
0 1.11497e-16
0 1.11495e-16
0 1.11493e-16
0 1.11491e-16
0 1.11489e-16
0 1.11487e-16
0 1.11485e-16
0 1.11484e-16
0 1.11482e-16
0 1.1148e-16
0 1.11478e-16
0 1.11476e-16
0 1.11474e-16
0 1.11472e-16
0 1.1147e-16
0 1.11468e-16
0 1.11467e-16
0 1.11465e-16
0 1.11463e-16
0 1.11461e-16
0 1.11459e-16
0 1.11457e-16
0 1.11456e-16
0 1.11454e-16
0 1.11452e-16
0 1.1145e-16
0 1.11448e-16
0 1.11446e-16
0 1.11445e-16
0 1.11443e-16
0 1.11441e-16
0 1.11439e-16
0 1.11437e-16
0 1.11436e-16
0 1.11434e-16
0 1.11432e-16
0 1.1143e-16
0 1.11429e-16
0 1.11427e-16
0 1.11425e-16
0 1.11423e-16
0 1.11422e-16
0 1.1142e-16
0 1.11418e-16
0 1.11416e-16
0 1.11415e-16
0 1.11413e-16
0 1.11411e-16
0 1.11409e-16
0 1.11408e-16
0 1.11406e-16
0 1.11404e-16
0 1.11403e-16
0 1.11401e-16
0 1.11399e-16
0 1.11397e-16
0 1.11396e-16
0 1.11394e-16
0 1.11392e-16
0 1.11391e-16
0 1.11389e-16
0 1.11387e-16
0 1.11386e-16
0 1.11384e-16
0 1.11382e-16
0 1.11381e-16
0 1.11379e-16
0 1.11377e-16
0 1.11376e-16
0 1.11374e-16
0 1.11372e-16
0 1.11371e-16
0 1.11369e-16
0 1.11368e-16
0 1.11366e-16
0 1.11364e-16
0 1.11363e-16
0 1.11361e-16
0 1.11359e-16
0 1.11358e-16
0 1.11356e-16
0 1.11355e-16
0 1.11353e-16
0 1.11351e-16
0 1.1135e-16
0 1.11348e-16
0 1.11347e-16
0 1.11345e-16
0 1.11344e-16
0 1.11342e-16
0 1.1134e-16
0 1.11339e-16
0 1.11337e-16
0 1.11336e-16
0 1.11334e-16
0 1.11333e-16
0 1.11331e-16
0 1.1133e-16
0 1.11328e-16
0 1.11327e-16
0 1.11325e-16
0 1.11323e-16
0 1.11322e-16
0 1.1132e-16
0 1.11319e-16
0 1.11317e-16
0 1.11316e-16
0 1.11314e-16
0 1.11313e-16
0 1.11311e-16
0 1.1131e-16
0 1.11308e-16
0 1.11307e-16
0 1.11305e-16
0 1.11304e-16
0 1.11302e-16
0 1.11301e-16
0 1.11299e-16
0 1.11298e-16
0 1.11297e-16
0 1.11295e-16
0 1.11294e-16
0 1.11292e-16
0 1.11291e-16
0 1.11289e-16
0 1.11288e-16
0 1.11286e-16
0 1.11285e-16
0 1.11283e-16
0 1.11282e-16
0 1.11281e-16
0 1.11279e-16
0 1.11278e-16
0 1.11276e-16
0 1.11275e-16
0 1.11273e-16
0 1.11272e-16
0 1.11271e-16
0 1.11269e-16
0 1.11268e-16
0 1.11266e-16
0 1.11265e-16
0 1.11264e-16
0 1.11262e-16
0 1.11261e-16
0 1.11259e-16
0 1.11258e-16
0 1.11257e-16
0 1.11255e-16
0 1.11254e-16
0 1.11253e-16
0 1.11251e-16
0 1.1125e-16
0 1.11248e-16
0 1.11247e-16
0 1.11246e-16
0 1.11244e-16
0 1.11243e-16
0 1.11242e-16
0 1.1124e-16
0 1.11239e-16
0 1.11238e-16
0 1.11236e-16
0 1.11235e-16
0 1.11234e-16
0 1.11232e-16
0 1.11231e-16
0 1.1123e-16
0 1.11228e-16
0 1.11227e-16
0 1.11226e-16
0 1.11224e-16
0 1.11223e-16
0 1.11222e-16
0 1.1122e-16
0 1.11219e-16
0 1.11218e-16
0 1.11216e-16
0 1.11215e-16
0 1.11214e-16
0 1.11213e-16
0 1.11211e-16
0 1.1121e-16
0 1.11209e-16
0 1.11207e-16
0 1.11206e-16

