0 125.797
0 93.8469
0 49.4043
0 23.4105
0 11.6096
0 6.31108
0 3.75078
0 2.39936
0 1.62647
0 1.15372
0 0.848202
0 0.641696
0 0.496868
0 0.392147
0 0.314464
0 0.25558
0 0.210116
0 0.174454
0 0.146092
0 0.123265
0 0.104697
0 0.089451
0 0.0768291
0 0.0663013
0 0.0574612
0 0.0499933
0 0.0436499
0 0.0382347
0 0.0335908
0 0.0295917
0 0.0261345
0 0.0231352
0 0.0205246
0 0.0182454
0 0.01625
0 0.0144983
0 0.0129569
0 0.0115973
0 0.0103955
0 0.00933111
0 0.00838656
0 0.00754687
0 0.00679913
0 0.00613221
0 0.00553648
0 0.00500357
0 0.00452622
0 0.00409807
0 0.00371359
0 0.00336792
0 0.00305679
0 0.00277647
0 0.00252363
0 0.00229538
0 0.00208912
0 0.00190257
0 0.00173371
0 0.00158074
0 0.00144205
0 0.00131621
0 0.00120196
0 0.00109816
0 0.00100378
0 0.000917915
0 0.000839753
0 0.00076856
0 0.000703677
0 0.000644513
0 0.000590535
0 0.000541263
0 0.000496265
0 0.000455152
0 0.00041757
0 0.000383201
0 0.000351757
0 0.000322977
0 0.000296625
0 0.000272488
0 0.00025037
0 0.000230095
0 0.000211505
0 0.000194452
0 0.000178804
0 0.000164443
0 0.000151257
0 0.000139147
0 0.000128022
0 0.000117799
0 0.000108403
0 9.97643e-05
0 9.18204e-05
0 8.45136e-05
0 7.77912e-05
0 7.16052e-05
0 6.59116e-05
0 6.06703e-05
0 5.58443e-05
0 5.14e-05
0 4.73065e-05
0 4.35355e-05
0 4.00611e-05
0 3.68595e-05
0 3.39089e-05
0 3.11893e-05
0 2.86823e-05
0 2.63711e-05
0 2.42401e-05
0 2.22753e-05
0 2.04634e-05
0 1.87925e-05
0 1.72516e-05
0 1.58306e-05
0 1.452e-05
0 1.33112e-05
0 1.21965e-05
0 1.11685e-05
0 1.02205e-05
0 9.34639e-06
0 8.54045e-06
0 7.79746e-06
0 7.11262e-06
0 6.48149e-06
0 5.89996e-06
0 5.36429e-06
0 4.87099e-06
0 4.41687e-06
0 3.99896e-06
0 3.61455e-06
0 3.26113e-06
0 2.93639e-06
0 2.63819e-06
0 2.36456e-06
0 2.11369e-06
0 1.88391e-06
0 1.67367e-06
0 1.48154e-06
0 1.30623e-06
0 1.14651e-06
0 1.00129e-06
0 8.69517e-07
0 7.50263e-07
0 6.42655e-07
0 5.45892e-07
0 4.59239e-07
0 3.82019e-07
0 3.13612e-07
0 2.53449e-07
0 2.01007e-07
0 1.5581e-07
0 1.17421e-07
0 8.54434e-08
0 5.9514e-08
0 3.93048e-08
0 2.45184e-08
0 1.48865e-08
0 1.01685e-08
0 1.75614e-16
0 1.75526e-16
0 1.75439e-16
0 1.75354e-16
0 1.75269e-16
0 1.75186e-16
0 1.75103e-16
0 1.75022e-16
0 1.74942e-16
0 1.74863e-16
0 1.74785e-16
0 1.74708e-16
0 1.74632e-16
0 1.74557e-16
0 1.74482e-16
0 1.74409e-16
0 1.74337e-16
0 1.74265e-16
0 1.74195e-16
0 1.74125e-16
0 1.74056e-16
0 1.73988e-16
0 1.73921e-16
0 1.73855e-16
0 1.73789e-16
0 1.73724e-16
0 1.7366e-16
0 1.73597e-16
0 1.73534e-16
0 1.73472e-16
0 1.73411e-16
0 1.73351e-16
0 1.73291e-16
0 1.73232e-16
0 1.73173e-16
0 1.73115e-16
0 1.73058e-16
0 1.73002e-16
0 1.72946e-16
0 1.7289e-16
0 1.72836e-16
0 1.72782e-16
0 1.72728e-16
0 1.72675e-16
0 1.72623e-16
0 1.72571e-16
0 1.72519e-16
0 1.72469e-16
0 1.72418e-16
0 1.72369e-16
0 1.7232e-16
0 1.72271e-16
0 1.72223e-16
0 1.72175e-16
0 1.72128e-16
0 1.72081e-16
0 1.72034e-16
0 1.71989e-16
0 1.71943e-16
0 1.71898e-16
0 1.71854e-16
0 1.7181e-16
0 1.71766e-16
0 1.71723e-16
0 1.7168e-16
0 1.71637e-16
0 1.71595e-16
0 1.71554e-16
0 1.71513e-16
0 1.71472e-16
0 1.71431e-16
0 1.71391e-16
0 1.71352e-16
0 1.71312e-16
0 1.71273e-16
0 1.71235e-16
0 1.71196e-16
0 1.71158e-16
0 1.71121e-16
0 1.71083e-16
0 1.71047e-16
0 1.7101e-16
0 1.70974e-16
0 1.70938e-16
0 1.70902e-16
0 1.70867e-16
0 1.70832e-16
0 1.70797e-16
0 1.70763e-16
0 1.70728e-16
0 1.70695e-16
0 1.70661e-16
0 1.70628e-16
0 1.70595e-16
0 1.70562e-16
0 1.7053e-16
0 1.70497e-16
0 1.70465e-16
0 1.70434e-16
0 1.70402e-16
0 1.70371e-16
0 1.7034e-16
0 1.7031e-16
0 1.70279e-16
0 1.70249e-16
0 1.70219e-16
0 1.7019e-16
0 1.7016e-16
0 1.70131e-16
0 1.70102e-16
0 1.70073e-16
0 1.70045e-16
0 1.70017e-16
0 1.69989e-16
0 1.69961e-16
0 1.69933e-16
0 1.69906e-16
0 1.69878e-16
0 1.69851e-16
0 1.69825e-16
0 1.69798e-16
0 1.69772e-16
0 1.69746e-16
0 1.6972e-16
0 1.69694e-16
0 1.69668e-16
0 1.69643e-16
0 1.69617e-16
0 1.69592e-16
0 1.69567e-16
0 1.69543e-16
0 1.69518e-16
0 1.69494e-16
0 1.6947e-16
0 1.69446e-16
0 1.69422e-16
0 1.69398e-16
0 1.69375e-16
0 1.69352e-16
0 1.69328e-16
0 1.69305e-16
0 1.69283e-16
0 1.6926e-16
0 1.69237e-16
0 1.69215e-16
0 1.69193e-16
0 1.69171e-16
0 1.69149e-16
0 1.69127e-16
0 1.69106e-16
0 1.69084e-16
0 1.69063e-16
0 1.69042e-16
0 1.69021e-16
0 1.69e-16
0 1.68979e-16
0 1.68958e-16
0 1.68938e-16
0 1.68918e-16
0 1.68898e-16
0 1.68877e-16
0 1.68858e-16
0 1.68838e-16
0 1.68818e-16
0 1.68799e-16
0 1.68779e-16
0 1.6876e-16
0 1.68741e-16
0 1.68722e-16
0 1.68703e-16
0 1.68684e-16
0 1.68665e-16
0 1.68647e-16
0 1.68628e-16
0 1.6861e-16
0 1.68592e-16
0 1.68573e-16
0 1.68556e-16
0 1.68538e-16
0 1.6852e-16
0 1.68502e-16
0 1.68485e-16
0 1.68467e-16
0 1.6845e-16
0 1.68433e-16
0 1.68415e-16
0 1.68398e-16
0 1.68382e-16
0 1.68365e-16
0 1.68348e-16
0 1.68331e-16
0 1.68315e-16
0 1.68298e-16
0 1.68282e-16
0 1.68266e-16
0 1.6825e-16
0 1.68234e-16
0 1.68218e-16
0 1.68202e-16
0 1.68186e-16
0 1.6817e-16
0 1.68155e-16
0 1.68139e-16
0 1.68124e-16
0 1.68109e-16
0 1.68093e-16
0 1.68078e-16
0 1.68063e-16
0 1.68048e-16
0 1.68033e-16
0 1.68019e-16
0 1.68004e-16
0 1.67989e-16
0 1.67975e-16
0 1.6796e-16
0 1.67946e-16
0 1.67932e-16
0 1.67917e-16
0 1.67903e-16
0 1.67889e-16
0 1.67875e-16
0 1.67861e-16
0 1.67847e-16
0 1.67834e-16
0 1.6782e-16
0 1.67806e-16
0 1.67793e-16
0 1.67779e-16
0 1.67766e-16
0 1.67753e-16
0 1.67739e-16
0 1.67726e-16
0 1.67713e-16
0 1.677e-16
0 1.67687e-16
0 1.67674e-16
0 1.67661e-16
0 1.67648e-16
0 1.67636e-16
0 1.67623e-16
0 1.67611e-16
0 1.67598e-16
0 1.67586e-16
0 1.67573e-16
0 1.67561e-16
0 1.67549e-16
0 1.67536e-16
0 1.67524e-16
0 1.67512e-16
0 1.675e-16
0 1.67488e-16
0 1.67476e-16
0 1.67465e-16
0 1.67453e-16
0 1.67441e-16
0 1.67429e-16
0 1.67418e-16
0 1.67406e-16
0 1.67395e-16
0 1.67383e-16
0 1.67372e-16
0 1.67361e-16
0 1.67349e-16
0 1.67338e-16
0 1.67327e-16
0 1.67316e-16
0 1.67305e-16
0 1.67294e-16
0 1.67283e-16
0 1.67272e-16
0 1.67261e-16
0 1.67251e-16
0 1.6724e-16
0 1.67229e-16
0 1.67219e-16
0 1.67208e-16
0 1.67198e-16
0 1.67187e-16
0 1.67177e-16
0 1.67166e-16
0 1.67156e-16
0 1.67146e-16
0 1.67136e-16
0 1.67125e-16
0 1.67115e-16
0 1.67105e-16
0 1.67095e-16
0 1.67085e-16
0 1.67075e-16
0 1.67065e-16
0 1.67055e-16
0 1.67046e-16
0 1.67036e-16
0 1.67026e-16
0 1.67017e-16
0 1.67007e-16
0 1.66997e-16
0 1.66988e-16
0 1.66978e-16
0 1.66969e-16
0 1.66959e-16
0 1.6695e-16
0 1.66941e-16
0 1.66931e-16
0 1.66922e-16
0 1.66913e-16
0 1.66904e-16
0 1.66895e-16
0 1.66886e-16
0 1.66877e-16
0 1.66868e-16
0 1.66859e-16
0 1.6685e-16
0 1.66841e-16
0 1.66832e-16
0 1.66823e-16
0 1.66814e-16
0 1.66806e-16
0 1.66797e-16
0 1.66788e-16
0 1.6678e-16
0 1.66771e-16
0 1.66763e-16
0 1.66754e-16
0 1.66746e-16
0 1.66737e-16
0 1.66729e-16
0 1.66721e-16
0 1.66712e-16
0 1.66704e-16
0 1.66696e-16
0 1.66687e-16
0 1.66679e-16
0 1.66671e-16
0 1.66663e-16
0 1.66655e-16
0 1.66647e-16
0 1.66639e-16
0 1.66631e-16
0 1.66623e-16
0 1.66615e-16
0 1.66607e-16
0 1.66599e-16
0 1.66591e-16
0 1.66584e-16
0 1.66576e-16
0 1.66568e-16
0 1.6656e-16
0 1.66553e-16
0 1.66545e-16
0 1.66538e-16
0 1.6653e-16
0 1.66522e-16
0 1.66515e-16
0 1.66507e-16
0 1.665e-16
0 1.66493e-16
0 1.66485e-16
0 1.66478e-16
0 1.6647e-16
0 1.66463e-16
0 1.66456e-16
0 1.66449e-16
0 1.66441e-16
0 1.66434e-16
0 1.66427e-16
0 1.6642e-16
0 1.66413e-16
0 1.66406e-16
0 1.66399e-16
0 1.66392e-16
0 1.66385e-16
0 1.66378e-16
0 1.66371e-16
0 1.66364e-16
0 1.66357e-16
0 1.6635e-16
0 1.66343e-16
0 1.66337e-16
0 1.6633e-16
0 1.66323e-16
0 1.66316e-16
0 1.6631e-16
0 1.66303e-16
0 1.66296e-16
0 1.6629e-16
0 1.66283e-16
0 1.66276e-16
0 1.6627e-16
0 1.66263e-16
0 1.66257e-16
0 1.6625e-16
0 1.66244e-16
0 1.66237e-16
0 1.66231e-16
0 1.66225e-16
0 1.66218e-16
0 1.66212e-16
0 1.66206e-16
0 1.66199e-16
0 1.66193e-16
0 1.66187e-16
0 1.66181e-16
0 1.66174e-16
0 1.66168e-16
0 1.66162e-16
0 1.66156e-16
0 1.6615e-16
0 1.66144e-16
0 1.66138e-16
0 1.66132e-16
0 1.66126e-16
0 1.6612e-16
0 1.66114e-16
0 1.66108e-16
0 1.66102e-16
0 1.66096e-16
0 1.6609e-16
0 1.66084e-16
0 1.66078e-16
0 1.66072e-16
0 1.66067e-16
0 1.66061e-16
0 1.66055e-16
0 1.66049e-16
0 1.66044e-16
0 1.66038e-16
0 1.66032e-16
0 1.66026e-16
0 1.66021e-16
0 1.66015e-16
0 1.6601e-16
0 1.66004e-16
0 1.65998e-16
0 1.65993e-16
0 1.65987e-16
0 1.65982e-16
0 1.65976e-16
0 1.65971e-16
0 1.65965e-16
0 1.6596e-16
0 1.65955e-16
0 1.65949e-16
0 1.65944e-16
0 1.65938e-16
0 1.65933e-16
0 1.65928e-16
0 1.65922e-16
0 1.65917e-16
0 1.65912e-16
0 1.65907e-16
0 1.65901e-16
0 1.65896e-16
0 1.65891e-16
0 1.65886e-16
0 1.65881e-16
0 1.65875e-16
0 1.6587e-16
0 1.65865e-16
0 1.6586e-16
0 1.65855e-16
0 1.6585e-16
0 1.65845e-16
0 1.6584e-16
0 1.65835e-16
0 1.6583e-16
0 1.65825e-16
0 1.6582e-16
0 1.65815e-16
0 1.6581e-16
0 1.65805e-16
0 1.658e-16
0 1.65795e-16
0 1.6579e-16
0 1.65785e-16
0 1.65781e-16
0 1.65776e-16
0 1.65771e-16
0 1.65766e-16
0 1.65761e-16
0 1.65757e-16
0 1.65752e-16
0 1.65747e-16
0 1.65742e-16
0 1.65738e-16
0 1.65733e-16
0 1.65728e-16
0 1.65724e-16
0 1.65719e-16
0 1.65714e-16
0 1.6571e-16
0 1.65705e-16
0 1.65701e-16
0 1.65696e-16
0 1.65692e-16
0 1.65687e-16
0 1.65682e-16
0 1.65678e-16
0 1.65673e-16
0 1.65669e-16
0 1.65664e-16
0 1.6566e-16
0 1.65656e-16
0 1.65651e-16
0 1.65647e-16
0 1.65642e-16
0 1.65638e-16
0 1.65634e-16
0 1.65629e-16
0 1.65625e-16
0 1.6562e-16
0 1.65616e-16
0 1.65612e-16
0 1.65608e-16
0 1.65603e-16
0 1.65599e-16
0 1.65595e-16
0 1.6559e-16
0 1.65586e-16
0 1.65582e-16
0 1.65578e-16
0 1.65574e-16
0 1.65569e-16
0 1.65565e-16
0 1.65561e-16
0 1.65557e-16
0 1.65553e-16
0 1.65549e-16
0 1.65545e-16
0 1.65541e-16
0 1.65536e-16
0 1.65532e-16
0 1.65528e-16
0 1.65524e-16
0 1.6552e-16
0 1.65516e-16
0 1.65512e-16
0 1.65508e-16
0 1.65504e-16
0 1.655e-16
0 1.65496e-16
0 1.65492e-16
0 1.65488e-16
0 1.65484e-16
0 1.65481e-16
0 1.65477e-16
0 1.65473e-16
0 1.65469e-16
0 1.65465e-16
0 1.65461e-16
0 1.65457e-16
0 1.65453e-16
0 1.6545e-16
0 1.65446e-16
0 1.65442e-16
0 1.65438e-16
0 1.65434e-16
0 1.65431e-16
0 1.65427e-16
0 1.65423e-16
0 1.65419e-16
0 1.65416e-16
0 1.65412e-16
0 1.65408e-16
0 1.65404e-16
0 1.65401e-16
0 1.65397e-16
0 1.65393e-16
0 1.6539e-16
0 1.65386e-16
0 1.65382e-16
0 1.65379e-16
0 1.65375e-16
0 1.65372e-16
0 1.65368e-16
0 1.65364e-16
0 1.65361e-16
0 1.65357e-16
0 1.65354e-16
0 1.6535e-16
0 1.65347e-16
0 1.65343e-16
0 1.6534e-16
0 1.65336e-16
0 1.65333e-16
0 1.65329e-16
0 1.65326e-16
0 1.65322e-16
0 1.65319e-16
0 1.65315e-16
0 1.65312e-16
0 1.65308e-16
0 1.65305e-16
0 1.65301e-16
0 1.65298e-16
0 1.65295e-16
0 1.65291e-16
0 1.65288e-16
0 1.65285e-16
0 1.65281e-16
0 1.65278e-16
0 1.65274e-16
0 1.65271e-16
0 1.65268e-16
0 1.65265e-16
0 1.65261e-16
0 1.65258e-16
0 1.65255e-16
0 1.65251e-16
0 1.65248e-16
0 1.65245e-16
0 1.65242e-16
0 1.65238e-16
0 1.65235e-16
0 1.65232e-16
0 1.65229e-16
0 1.65225e-16
0 1.65222e-16
0 1.65219e-16
0 1.65216e-16
0 1.65213e-16
0 1.65209e-16
0 1.65206e-16
0 1.65203e-16
0 1.652e-16
0 1.65197e-16
0 1.65194e-16
0 1.65191e-16
0 1.65187e-16
0 1.65184e-16
0 1.65181e-16
0 1.65178e-16
0 1.65175e-16
0 1.65172e-16
0 1.65169e-16
0 1.65166e-16
0 1.65163e-16
0 1.6516e-16
0 1.65157e-16
0 1.65154e-16
0 1.65151e-16
0 1.65148e-16
0 1.65145e-16
0 1.65142e-16
0 1.65139e-16
0 1.65136e-16
0 1.65133e-16
0 1.6513e-16
0 1.65127e-16
0 1.65124e-16
0 1.65121e-16
0 1.65118e-16
0 1.65115e-16
0 1.65112e-16
0 1.65109e-16
0 1.65106e-16
0 1.65103e-16
0 1.65101e-16
0 1.65098e-16
0 1.65095e-16
0 1.65092e-16
0 1.65089e-16
0 1.65086e-16
0 1.65083e-16
0 1.65081e-16
0 1.65078e-16
0 1.65075e-16
0 1.65072e-16
0 1.65069e-16
0 1.65066e-16
0 1.65064e-16
0 1.65061e-16
0 1.65058e-16
0 1.65055e-16
0 1.65053e-16
0 1.6505e-16
0 1.65047e-16
0 1.65044e-16
0 1.65041e-16
0 1.65039e-16
0 1.65036e-16
0 1.65033e-16
0 1.65031e-16
0 1.65028e-16
0 1.65025e-16
0 1.65022e-16
0 1.6502e-16
0 1.65017e-16
0 1.65014e-16
0 1.65012e-16
0 1.65009e-16
0 1.65006e-16
0 1.65004e-16
0 1.65001e-16
0 1.64998e-16
0 1.64996e-16
0 1.64993e-16
0 1.64991e-16
0 1.64988e-16
0 1.64985e-16
0 1.64983e-16
0 1.6498e-16
0 1.64978e-16
0 1.64975e-16
0 1.64972e-16
0 1.6497e-16
0 1.64967e-16
0 1.64965e-16
0 1.64962e-16
0 1.6496e-16
0 1.64957e-16
0 1.64954e-16
0 1.64952e-16
0 1.64949e-16
0 1.64947e-16
0 1.64944e-16
0 1.64942e-16
0 1.64939e-16
0 1.64937e-16
0 1.64934e-16
0 1.64932e-16
0 1.64929e-16
0 1.64927e-16
0 1.64924e-16
0 1.64922e-16
0 1.6492e-16
0 1.64917e-16
0 1.64915e-16
0 1.64912e-16
0 1.6491e-16
0 1.64907e-16
0 1.64905e-16
0 1.64903e-16
0 1.649e-16
0 1.64898e-16
0 1.64895e-16
0 1.64893e-16
0 1.64891e-16
0 1.64888e-16
0 1.64886e-16
0 1.64883e-16
0 1.64881e-16
0 1.64879e-16
0 1.64876e-16
0 1.64874e-16
0 1.64872e-16
0 1.64869e-16
0 1.64867e-16
0 1.64865e-16
0 1.64862e-16
0 1.6486e-16
0 1.64858e-16
0 1.64855e-16
0 1.64853e-16
0 1.64851e-16
0 1.64848e-16
0 1.64846e-16
0 1.64844e-16
0 1.64842e-16
0 1.64839e-16
0 1.64837e-16
0 1.64835e-16
0 1.64832e-16
0 1.6483e-16
0 1.64828e-16
0 1.64826e-16
0 1.64823e-16
0 1.64821e-16
0 1.64819e-16
0 1.64817e-16
0 1.64815e-16
0 1.64812e-16
0 1.6481e-16
0 1.64808e-16
0 1.64806e-16
0 1.64804e-16
0 1.64801e-16
0 1.64799e-16
0 1.64797e-16
0 1.64795e-16
0 1.64793e-16
0 1.6479e-16
0 1.64788e-16
0 1.64786e-16
0 1.64784e-16
0 1.64782e-16
0 1.6478e-16
0 1.64778e-16
0 1.64775e-16
0 1.64773e-16
0 1.64771e-16
0 1.64769e-16
0 1.64767e-16
0 1.64765e-16
0 1.64763e-16
0 1.64761e-16
0 1.64758e-16
0 1.64756e-16
0 1.64754e-16
0 1.64752e-16
0 1.6475e-16
0 1.64748e-16
0 1.64746e-16
0 1.64744e-16
0 1.64742e-16
0 1.6474e-16
0 1.64738e-16
0 1.64736e-16
0 1.64734e-16
0 1.64732e-16
0 1.6473e-16
0 1.64727e-16
0 1.64725e-16
0 1.64723e-16
0 1.64721e-16
0 1.64719e-16
0 1.64717e-16
0 1.64715e-16
0 1.64713e-16
0 1.64711e-16
0 1.64709e-16
0 1.64707e-16
0 1.64705e-16
0 1.64703e-16
0 1.64701e-16
0 1.64699e-16
0 1.64697e-16
0 1.64695e-16
0 1.64694e-16
0 1.64692e-16
0 1.6469e-16
0 1.64688e-16
0 1.64686e-16
0 1.64684e-16
0 1.64682e-16
0 1.6468e-16
0 1.64678e-16
0 1.64676e-16
0 1.64674e-16
0 1.64672e-16
0 1.6467e-16
0 1.64668e-16
0 1.64666e-16
0 1.64665e-16

