0 2272.01
0 732.808
0 167.087
0 58.7177
0 28.0978
0 16.0854
0 10.2758
0 7.05487
0 5.09317
0 3.81472
0 2.9382
0 2.31323
0 1.85356
0 1.50684
0 1.23984
0 1.03062
0 0.864243
0 0.730249
0 0.621146
0 0.531454
0 0.457092
0 0.394977
0 0.342741
0 0.298549
0 0.260958
0 0.228824
0 0.20123
0 0.177438
0 0.156846
0 0.138961
0 0.123378
0 0.10976
0 0.0978256
0 0.0873402
0 0.0781055
0 0.0699539
0 0.0627432
0 0.0563521
0 0.0506769
0 0.0456284
0 0.04113
0 0.0371155
0 0.0335274
0 0.030316
0 0.0274378
0 0.024855
0 0.0225344
0 0.0204471
0 0.0185674
0 0.0168731
0 0.0153442
0 0.0139633
0 0.0127149
0 0.0115853
0 0.0105624
0 0.00963525
0 0.00879434
0 0.00803105
0 0.00733772
0 0.0067075
0 0.00613428
0 0.00561256
0 0.00513742
0 0.00470445
0 0.00430969
0 0.00394957
0 0.00362086
0 0.00332069
0 0.00304643
0 0.00279573
0 0.00256647
0 0.00235671
0 0.00216471
0 0.0019889
0 0.00182785
0 0.00168026
0 0.00154496
0 0.00142087
0 0.00130703
0 0.00120256
0 0.00110666
0 0.00101858
0 0.000937679
0 0.000863339
0 0.000795011
0 0.000732191
0 0.000674419
0 0.000621277
0 0.00057238
0 0.000527379
0 0.000485955
0 0.000447813
0 0.000412687
0 0.000380331
0 0.00035052
0 0.00032305
0 0.000297732
0 0.000274393
0 0.000252876
0 0.000233033
0 0.000214734
0 0.000197854
0 0.000182282
0 0.000167915
0 0.000154658
0 0.000142424
0 0.000131133
0 0.000120711
0 0.000111091
0 0.00010221
0 9.40105e-05
0 8.64407e-05
0 7.94517e-05
0 7.29988e-05
0 6.70408e-05
0 6.15397e-05
0 5.64607e-05
0 5.17714e-05
0 4.74423e-05
0 4.3446e-05
0 3.97572e-05
0 3.63527e-05
0 3.32109e-05
0 3.03122e-05
0 2.76382e-05
0 2.51721e-05
0 2.28983e-05
0 2.08024e-05
0 1.88713e-05
0 1.70926e-05
0 1.54551e-05
0 1.39483e-05
0 1.25627e-05
0 1.12893e-05
0 1.01199e-05
0 9.04698e-06
0 8.06351e-06
0 7.16304e-06
0 6.33961e-06
0 5.58772e-06
0 4.90229e-06
0 4.27866e-06
0 3.71249e-06
0 3.19982e-06
0 2.73697e-06
0 2.32058e-06
0 1.94752e-06
0 1.61496e-06
0 1.32025e-06
0 1.06098e-06
0 8.34957e-07
0 6.40141e-07
0 4.74684e-07
0 3.36894e-07
0 2.25233e-07
0 1.38301e-07
0 7.4832e-08
0 3.36812e-08
0 1.38211e-08
0 8.84175e-16
0 8.8371e-16
0 8.83252e-16
0 8.82799e-16
0 8.82353e-16
0 8.81912e-16
0 8.81477e-16
0 8.81048e-16
0 8.80625e-16
0 8.80207e-16
0 8.79794e-16
0 8.79386e-16
0 8.78984e-16
0 8.78586e-16
0 8.78194e-16
0 8.77806e-16
0 8.77424e-16
0 8.77046e-16
0 8.76672e-16
0 8.76303e-16
0 8.75938e-16
0 8.75578e-16
0 8.75222e-16
0 8.7487e-16
0 8.74523e-16
0 8.74179e-16
0 8.73839e-16
0 8.73504e-16
0 8.73172e-16
0 8.72843e-16
0 8.72519e-16
0 8.72198e-16
0 8.71881e-16
0 8.71568e-16
0 8.71257e-16
0 8.70951e-16
0 8.70647e-16
0 8.70347e-16
0 8.7005e-16
0 8.69757e-16
0 8.69466e-16
0 8.69179e-16
0 8.68894e-16
0 8.68613e-16
0 8.68334e-16
0 8.68059e-16
0 8.67786e-16
0 8.67516e-16
0 8.67249e-16
0 8.66985e-16
0 8.66723e-16
0 8.66464e-16
0 8.66208e-16
0 8.65954e-16
0 8.65703e-16
0 8.65454e-16
0 8.65208e-16
0 8.64964e-16
0 8.64722e-16
0 8.64483e-16
0 8.64246e-16
0 8.64011e-16
0 8.63779e-16
0 8.63549e-16
0 8.63321e-16
0 8.63095e-16
0 8.62871e-16
0 8.6265e-16
0 8.6243e-16
0 8.62213e-16
0 8.61997e-16
0 8.61784e-16
0 8.61572e-16
0 8.61363e-16
0 8.61155e-16
0 8.60949e-16
0 8.60745e-16
0 8.60543e-16
0 8.60342e-16
0 8.60144e-16
0 8.59947e-16
0 8.59752e-16
0 8.59558e-16
0 8.59367e-16
0 8.59176e-16
0 8.58988e-16
0 8.58801e-16
0 8.58616e-16
0 8.58432e-16
0 8.5825e-16
0 8.5807e-16
0 8.57891e-16
0 8.57713e-16
0 8.57537e-16
0 8.57362e-16
0 8.57189e-16
0 8.57018e-16
0 8.56847e-16
0 8.56678e-16
0 8.56511e-16
0 8.56345e-16
0 8.5618e-16
0 8.56016e-16
0 8.55854e-16
0 8.55693e-16
0 8.55533e-16
0 8.55375e-16
0 8.55218e-16
0 8.55062e-16
0 8.54907e-16
0 8.54754e-16
0 8.54602e-16
0 8.54451e-16
0 8.54301e-16
0 8.54152e-16
0 8.54004e-16
0 8.53858e-16
0 8.53712e-16
0 8.53568e-16
0 8.53425e-16
0 8.53283e-16
0 8.53141e-16
0 8.53001e-16
0 8.52862e-16
0 8.52724e-16
0 8.52587e-16
0 8.52452e-16
0 8.52317e-16
0 8.52183e-16
0 8.5205e-16
0 8.51918e-16
0 8.51786e-16
0 8.51656e-16
0 8.51527e-16
0 8.51399e-16
0 8.51271e-16
0 8.51145e-16
0 8.51019e-16
0 8.50895e-16
0 8.50771e-16
0 8.50648e-16
0 8.50526e-16
0 8.50404e-16
0 8.50284e-16
0 8.50164e-16
0 8.50045e-16
0 8.49927e-16
0 8.4981e-16
0 8.49694e-16
0 8.49578e-16
0 8.49463e-16
0 8.49349e-16
0 8.49236e-16
0 8.49124e-16
0 8.49012e-16
0 8.48901e-16
0 8.4879e-16
0 8.48681e-16
0 8.48572e-16
0 8.48464e-16
0 8.48356e-16
0 8.4825e-16
0 8.48144e-16
0 8.48038e-16
0 8.47934e-16
0 8.47829e-16
0 8.47726e-16
0 8.47623e-16
0 8.47521e-16
0 8.4742e-16
0 8.47319e-16
0 8.47219e-16
0 8.4712e-16
0 8.47021e-16
0 8.46922e-16
0 8.46825e-16
0 8.46728e-16
0 8.46631e-16
0 8.46536e-16
0 8.4644e-16
0 8.46346e-16
0 8.46251e-16
0 8.46158e-16
0 8.46065e-16
0 8.45973e-16
0 8.45881e-16
0 8.45789e-16
0 8.45699e-16
0 8.45609e-16
0 8.45519e-16
0 8.4543e-16
0 8.45341e-16
0 8.45253e-16
0 8.45166e-16
0 8.45078e-16
0 8.44992e-16
0 8.44906e-16
0 8.4482e-16
0 8.44735e-16
0 8.44651e-16
0 8.44567e-16
0 8.44483e-16
0 8.444e-16
0 8.44317e-16
0 8.44235e-16
0 8.44154e-16
0 8.44072e-16
0 8.43992e-16
0 8.43911e-16
0 8.43832e-16
0 8.43752e-16
0 8.43673e-16
0 8.43595e-16
0 8.43517e-16
0 8.43439e-16
0 8.43362e-16
0 8.43285e-16
0 8.43209e-16
0 8.43133e-16
0 8.43057e-16
0 8.42982e-16
0 8.42907e-16
0 8.42833e-16
0 8.42759e-16
0 8.42685e-16
0 8.42612e-16
0 8.4254e-16
0 8.42467e-16
0 8.42395e-16
0 8.42324e-16
0 8.42253e-16
0 8.42182e-16
0 8.42111e-16
0 8.42041e-16
0 8.41972e-16
0 8.41902e-16
0 8.41833e-16
0 8.41765e-16
0 8.41696e-16
0 8.41629e-16
0 8.41561e-16
0 8.41494e-16
0 8.41427e-16
0 8.4136e-16
0 8.41294e-16
0 8.41228e-16
0 8.41163e-16
0 8.41098e-16
0 8.41033e-16
0 8.40968e-16
0 8.40904e-16
0 8.4084e-16
0 8.40777e-16
0 8.40714e-16
0 8.40651e-16
0 8.40588e-16
0 8.40526e-16
0 8.40464e-16
0 8.40402e-16
0 8.40341e-16
0 8.4028e-16
0 8.40219e-16
0 8.40159e-16
0 8.40098e-16
0 8.40039e-16
0 8.39979e-16
0 8.3992e-16
0 8.39861e-16
0 8.39802e-16
0 8.39744e-16
0 8.39685e-16
0 8.39627e-16
0 8.3957e-16
0 8.39513e-16
0 8.39455e-16
0 8.39399e-16
0 8.39342e-16
0 8.39286e-16
0 8.3923e-16
0 8.39174e-16
0 8.39119e-16
0 8.39064e-16
0 8.39009e-16
0 8.38954e-16
0 8.38899e-16
0 8.38845e-16
0 8.38791e-16
0 8.38738e-16
0 8.38684e-16
0 8.38631e-16
0 8.38578e-16
0 8.38525e-16
0 8.38473e-16
0 8.38421e-16
0 8.38369e-16
0 8.38317e-16
0 8.38265e-16
0 8.38214e-16
0 8.38163e-16
0 8.38112e-16
0 8.38062e-16
0 8.38011e-16
0 8.37961e-16
0 8.37911e-16
0 8.37861e-16
0 8.37812e-16
0 8.37763e-16
0 8.37714e-16
0 8.37665e-16
0 8.37616e-16
0 8.37568e-16
0 8.3752e-16
0 8.37472e-16
0 8.37424e-16
0 8.37376e-16
0 8.37329e-16
0 8.37282e-16
0 8.37235e-16
0 8.37188e-16
0 8.37141e-16
0 8.37095e-16
0 8.37049e-16
0 8.37003e-16
0 8.36957e-16
0 8.36912e-16
0 8.36866e-16
0 8.36821e-16
0 8.36776e-16
0 8.36731e-16
0 8.36687e-16
0 8.36642e-16
0 8.36598e-16
0 8.36554e-16
0 8.3651e-16
0 8.36466e-16
0 8.36423e-16
0 8.3638e-16
0 8.36336e-16
0 8.36293e-16
0 8.36251e-16
0 8.36208e-16
0 8.36166e-16
0 8.36123e-16
0 8.36081e-16
0 8.36039e-16
0 8.35997e-16
0 8.35956e-16
0 8.35914e-16
0 8.35873e-16
0 8.35832e-16
0 8.35791e-16
0 8.3575e-16
0 8.3571e-16
0 8.35669e-16
0 8.35629e-16
0 8.35589e-16
0 8.35549e-16
0 8.35509e-16
0 8.3547e-16
0 8.3543e-16
0 8.35391e-16
0 8.35352e-16
0 8.35313e-16
0 8.35274e-16
0 8.35235e-16
0 8.35197e-16
0 8.35158e-16
0 8.3512e-16
0 8.35082e-16
0 8.35044e-16
0 8.35006e-16
0 8.34968e-16
0 8.34931e-16
0 8.34894e-16
0 8.34856e-16
0 8.34819e-16
0 8.34782e-16
0 8.34745e-16
0 8.34709e-16
0 8.34672e-16
0 8.34636e-16
0 8.346e-16
0 8.34564e-16
0 8.34528e-16
0 8.34492e-16
0 8.34456e-16
0 8.3442e-16
0 8.34385e-16
0 8.3435e-16
0 8.34315e-16
0 8.34279e-16
0 8.34245e-16
0 8.3421e-16
0 8.34175e-16
0 8.34141e-16
0 8.34106e-16
0 8.34072e-16
0 8.34038e-16
0 8.34004e-16
0 8.3397e-16
0 8.33936e-16
0 8.33902e-16
0 8.33869e-16
0 8.33836e-16
0 8.33802e-16
0 8.33769e-16
0 8.33736e-16
0 8.33703e-16
0 8.3367e-16
0 8.33638e-16
0 8.33605e-16
0 8.33573e-16
0 8.3354e-16
0 8.33508e-16
0 8.33476e-16
0 8.33444e-16
0 8.33412e-16
0 8.3338e-16
0 8.33349e-16
0 8.33317e-16
0 8.33286e-16
0 8.33254e-16
0 8.33223e-16
0 8.33192e-16
0 8.33161e-16
0 8.3313e-16
0 8.33099e-16
0 8.33069e-16
0 8.33038e-16
0 8.33008e-16
0 8.32977e-16
0 8.32947e-16
0 8.32917e-16
0 8.32887e-16
0 8.32857e-16
0 8.32827e-16
0 8.32798e-16
0 8.32768e-16
0 8.32738e-16
0 8.32709e-16
0 8.3268e-16
0 8.3265e-16
0 8.32621e-16
0 8.32592e-16
0 8.32563e-16
0 8.32535e-16
0 8.32506e-16
0 8.32477e-16
0 8.32449e-16
0 8.3242e-16
0 8.32392e-16
0 8.32364e-16
0 8.32335e-16
0 8.32307e-16
0 8.32279e-16
0 8.32252e-16
0 8.32224e-16
0 8.32196e-16
0 8.32168e-16
0 8.32141e-16
0 8.32114e-16
0 8.32086e-16
0 8.32059e-16
0 8.32032e-16
0 8.32005e-16
0 8.31978e-16
0 8.31951e-16
0 8.31924e-16
0 8.31897e-16
0 8.31871e-16
0 8.31844e-16
0 8.31818e-16
0 8.31791e-16
0 8.31765e-16
0 8.31739e-16
0 8.31713e-16
0 8.31687e-16
0 8.31661e-16
0 8.31635e-16
0 8.31609e-16
0 8.31584e-16
0 8.31558e-16
0 8.31532e-16
0 8.31507e-16
0 8.31482e-16
0 8.31456e-16
0 8.31431e-16
0 8.31406e-16
0 8.31381e-16
0 8.31356e-16
0 8.31331e-16
0 8.31306e-16
0 8.31281e-16
0 8.31257e-16
0 8.31232e-16
0 8.31208e-16
0 8.31183e-16
0 8.31159e-16
0 8.31135e-16
0 8.3111e-16
0 8.31086e-16
0 8.31062e-16
0 8.31038e-16
0 8.31014e-16
0 8.30991e-16
0 8.30967e-16
0 8.30943e-16
0 8.3092e-16
0 8.30896e-16
0 8.30873e-16
0 8.30849e-16
0 8.30826e-16
0 8.30803e-16
0 8.30779e-16
0 8.30756e-16
0 8.30733e-16
0 8.3071e-16
0 8.30687e-16
0 8.30664e-16
0 8.30642e-16
0 8.30619e-16
0 8.30596e-16
0 8.30574e-16
0 8.30551e-16
0 8.30529e-16
0 8.30506e-16
0 8.30484e-16
0 8.30462e-16
0 8.3044e-16
0 8.30418e-16
0 8.30396e-16
0 8.30374e-16
0 8.30352e-16
0 8.3033e-16
0 8.30308e-16
0 8.30286e-16
0 8.30265e-16
0 8.30243e-16
0 8.30222e-16
0 8.302e-16
0 8.30179e-16
0 8.30158e-16
0 8.30136e-16
0 8.30115e-16
0 8.30094e-16
0 8.30073e-16
0 8.30052e-16
0 8.30031e-16
0 8.3001e-16
0 8.29989e-16
0 8.29968e-16
0 8.29948e-16
0 8.29927e-16
0 8.29906e-16
0 8.29886e-16
0 8.29865e-16
0 8.29845e-16
0 8.29824e-16
0 8.29804e-16
0 8.29784e-16
0 8.29764e-16
0 8.29743e-16
0 8.29723e-16
0 8.29703e-16
0 8.29683e-16
0 8.29663e-16
0 8.29644e-16
0 8.29624e-16
0 8.29604e-16
0 8.29584e-16
0 8.29565e-16
0 8.29545e-16
0 8.29526e-16
0 8.29506e-16
0 8.29487e-16
0 8.29467e-16
0 8.29448e-16
0 8.29429e-16
0 8.29409e-16
0 8.2939e-16
0 8.29371e-16
0 8.29352e-16
0 8.29333e-16
0 8.29314e-16
0 8.29295e-16
0 8.29276e-16
0 8.29258e-16
0 8.29239e-16
0 8.2922e-16
0 8.29202e-16
0 8.29183e-16
0 8.29164e-16
0 8.29146e-16
0 8.29128e-16
0 8.29109e-16
0 8.29091e-16
0 8.29073e-16
0 8.29054e-16
0 8.29036e-16
0 8.29018e-16
0 8.29e-16
0 8.28982e-16
0 8.28964e-16
0 8.28946e-16
0 8.28928e-16
0 8.2891e-16
0 8.28892e-16
0 8.28875e-16
0 8.28857e-16
0 8.28839e-16
0 8.28822e-16
0 8.28804e-16
0 8.28786e-16
0 8.28769e-16
0 8.28752e-16
0 8.28734e-16
0 8.28717e-16
0 8.28699e-16
0 8.28682e-16
0 8.28665e-16
0 8.28648e-16
0 8.28631e-16
0 8.28614e-16
0 8.28597e-16
0 8.2858e-16
0 8.28563e-16
0 8.28546e-16
0 8.28529e-16
0 8.28512e-16
0 8.28495e-16
0 8.28479e-16
0 8.28462e-16
0 8.28445e-16
0 8.28429e-16
0 8.28412e-16
0 8.28396e-16
0 8.28379e-16
0 8.28363e-16
0 8.28346e-16
0 8.2833e-16
0 8.28314e-16
0 8.28298e-16
0 8.28281e-16
0 8.28265e-16
0 8.28249e-16
0 8.28233e-16
0 8.28217e-16
0 8.28201e-16
0 8.28185e-16
0 8.28169e-16
0 8.28153e-16
0 8.28137e-16
0 8.28121e-16
0 8.28106e-16
0 8.2809e-16
0 8.28074e-16
0 8.28058e-16
0 8.28043e-16
0 8.28027e-16
0 8.28012e-16
0 8.27996e-16
0 8.27981e-16
0 8.27965e-16
0 8.2795e-16
0 8.27935e-16
0 8.27919e-16
0 8.27904e-16
0 8.27889e-16
0 8.27874e-16
0 8.27858e-16
0 8.27843e-16
0 8.27828e-16
0 8.27813e-16
0 8.27798e-16
0 8.27783e-16
0 8.27768e-16
0 8.27753e-16
0 8.27738e-16
0 8.27724e-16
0 8.27709e-16
0 8.27694e-16
0 8.27679e-16
0 8.27665e-16
0 8.2765e-16
0 8.27635e-16
0 8.27621e-16
0 8.27606e-16
0 8.27592e-16
0 8.27577e-16
0 8.27563e-16
0 8.27548e-16
0 8.27534e-16
0 8.2752e-16
0 8.27505e-16
0 8.27491e-16
0 8.27477e-16
0 8.27463e-16
0 8.27449e-16
0 8.27434e-16
0 8.2742e-16
0 8.27406e-16
0 8.27392e-16
0 8.27378e-16
0 8.27364e-16
0 8.2735e-16
0 8.27336e-16
0 8.27322e-16
0 8.27309e-16
0 8.27295e-16
0 8.27281e-16
0 8.27267e-16
0 8.27254e-16
0 8.2724e-16
0 8.27226e-16
0 8.27213e-16
0 8.27199e-16
0 8.27185e-16
0 8.27172e-16
0 8.27158e-16
0 8.27145e-16
0 8.27132e-16
0 8.27118e-16
0 8.27105e-16
0 8.27091e-16
0 8.27078e-16
0 8.27065e-16
0 8.27052e-16
0 8.27038e-16
0 8.27025e-16
0 8.27012e-16
0 8.26999e-16
0 8.26986e-16
0 8.26973e-16
0 8.2696e-16
0 8.26947e-16
0 8.26934e-16
0 8.26921e-16
0 8.26908e-16
0 8.26895e-16
0 8.26882e-16
0 8.26869e-16
0 8.26857e-16
0 8.26844e-16
0 8.26831e-16
0 8.26818e-16
0 8.26806e-16
0 8.26793e-16
0 8.2678e-16
0 8.26768e-16
0 8.26755e-16
0 8.26743e-16
0 8.2673e-16
0 8.26718e-16
0 8.26705e-16
0 8.26693e-16
0 8.2668e-16
0 8.26668e-16
0 8.26656e-16
0 8.26643e-16
0 8.26631e-16
0 8.26619e-16
0 8.26606e-16
0 8.26594e-16
0 8.26582e-16
0 8.2657e-16
0 8.26558e-16
0 8.26546e-16
0 8.26534e-16
0 8.26522e-16
0 8.26509e-16
0 8.26497e-16
0 8.26486e-16
0 8.26474e-16
0 8.26462e-16
0 8.2645e-16
0 8.26438e-16
0 8.26426e-16
0 8.26414e-16
0 8.26402e-16
0 8.26391e-16
0 8.26379e-16
0 8.26367e-16
0 8.26355e-16
0 8.26344e-16
0 8.26332e-16
0 8.26321e-16
0 8.26309e-16
0 8.26297e-16
0 8.26286e-16
0 8.26274e-16
0 8.26263e-16
0 8.26251e-16
0 8.2624e-16
0 8.26228e-16
0 8.26217e-16
0 8.26206e-16
0 8.26194e-16
0 8.26183e-16
0 8.26172e-16
0 8.2616e-16
0 8.26149e-16
0 8.26138e-16
0 8.26127e-16
0 8.26116e-16
0 8.26104e-16
0 8.26093e-16
0 8.26082e-16
0 8.26071e-16
0 8.2606e-16
0 8.26049e-16
0 8.26038e-16
0 8.26027e-16
0 8.26016e-16
0 8.26005e-16
0 8.25994e-16
0 8.25983e-16
0 8.25972e-16
0 8.25961e-16
0 8.25951e-16
0 8.2594e-16
0 8.25929e-16
0 8.25918e-16
0 8.25907e-16
0 8.25897e-16
0 8.25886e-16
0 8.25875e-16
0 8.25865e-16
0 8.25854e-16
0 8.25843e-16
0 8.25833e-16
0 8.25822e-16
0 8.25812e-16
0 8.25801e-16
0 8.25791e-16
0 8.2578e-16
0 8.2577e-16
0 8.25759e-16
0 8.25749e-16
0 8.25738e-16
0 8.25728e-16
0 8.25718e-16

