0 0.154235
0 0.153229
0 0.150556
0 0.146337
0 0.140741
0 0.133983
0 0.126306
0 0.117966
0 0.109216
0 0.100293
0 0.0914085
0 0.0827403
0 0.0744302
0 0.0665839
0 0.0592735
0 0.0525408
0 0.0464023
0 0.0408545
0 0.0358781
0 0.031443
0 0.0275121
0 0.0240439
0 0.0209957
0 0.018325
0 0.0159909
0 0.0139549
0 0.0121815
0 0.0106384
0 0.00929658
0 0.00813011
0 0.00711606
0 0.00623419
0 0.00546685
0 0.00479873
0 0.00421653
0 0.00370878
0 0.00326554
0 0.00287823
0 0.00253946
0 0.00224282
0 0.00198282
0 0.00175467
0 0.00155427
0 0.00137805
0 0.00122293
0 0.00108624
0 0.000965676
0 0.000859218
0 0.000765127
0 0.000681885
0 0.000608173
0 0.000542838
0 0.000484876
0 0.000433411
0 0.000387675
0 0.000346997
0 0.000310788
0 0.000278532
0 0.000249776
0 0.000224121
0 0.000201216
0 0.000180751
0 0.000162456
0 0.000146088
0 0.000131435
0 0.000118311
0 0.000106547
0 9.59975e-05
0 8.65312e-05
0 7.80322e-05
0 7.03976e-05
0 6.3536e-05
0 5.73661e-05
0 5.18152e-05
0 4.68191e-05
0 4.232e-05
0 3.82669e-05
0 3.46138e-05
0 3.13199e-05
0 2.83487e-05
0 2.56675e-05
0 2.32469e-05
0 2.10609e-05
0 1.9086e-05
0 1.73011e-05
0 1.56875e-05
0 1.42281e-05
0 1.29078e-05
0 1.17129e-05
0 1.06313e-05
0 9.65177e-06
0 8.76452e-06
0 7.96059e-06
0 7.23196e-06
0 6.57139e-06
0 5.97235e-06
0 5.42898e-06
0 4.93597e-06
0 4.48854e-06
0 4.08239e-06
0 3.7136e-06
0 3.37868e-06
0 3.07443e-06
0 2.798e-06
0 2.54678e-06
0 2.31842e-06
0 2.1108e-06
0 1.922e-06
0 1.75029e-06
0 1.59408e-06
0 1.45195e-06
0 1.32261e-06
0 1.20488e-06
0 1.09771e-06
0 1.00013e-06
0 9.11269e-07
0 8.30337e-07
0 7.56615e-07
0 6.89451e-07
0 6.28253e-07
0 5.72483e-07
0 5.21653e-07
0 4.75321e-07
0 4.33082e-07
0 3.94571e-07
0 3.59455e-07
0 3.27432e-07
0 2.98226e-07
0 2.71588e-07
0 2.47289e-07
0 2.25122e-07
0 2.04899e-07
0 1.86448e-07
0 1.69614e-07
0 1.54254e-07
0 1.40238e-07
0 1.27448e-07
0 1.15778e-07
0 1.05129e-07
0 9.54122e-08
0 8.65461e-08
0 7.84568e-08
0 7.10768e-08
0 6.43445e-08
0 5.82039e-08
0 5.26037e-08
0 4.74973e-08
0 4.28423e-08
0 3.85998e-08
0 3.47345e-08
0 3.12141e-08
0 2.80091e-08
0 2.50927e-08
0 2.24406e-08
0 2.00303e-08
0 1.78415e-08
0 1.58557e-08
0 1.40559e-08
0 1.24268e-08
0 1.09544e-08
0 9.6258e-09
0 8.42945e-09
0 7.35476e-09
0 6.39212e-09
0 5.5328e-09
0 4.76888e-09
0 4.09319e-09
0 3.49923e-09
0 2.98114e-09
0 2.53363e-09
0 2.15196e-09
0 1.83187e-09
0 1.56957e-09
0 1.36167e-09
0 1.20519e-09
0 1.09753e-09
0 1.0364e-09
0 2.74225e-18
0 2.7406e-18
0 2.73896e-18
0 2.73735e-18
0 2.73575e-18
0 2.73418e-18
0 2.73262e-18
0 2.73109e-18
0 2.72957e-18
0 2.72806e-18
0 2.72658e-18
0 2.72511e-18
0 2.72367e-18
0 2.72223e-18
0 2.72082e-18
0 2.71942e-18
0 2.71803e-18
0 2.71667e-18
0 2.71531e-18
0 2.71398e-18
0 2.71265e-18
0 2.71134e-18
0 2.71005e-18
0 2.70877e-18
0 2.70751e-18
0 2.70625e-18
0 2.70501e-18
0 2.70379e-18
0 2.70258e-18
0 2.70138e-18
0 2.70019e-18
0 2.69902e-18
0 2.69785e-18
0 2.6967e-18
0 2.69557e-18
0 2.69444e-18
0 2.69332e-18
0 2.69222e-18
0 2.69113e-18
0 2.69005e-18
0 2.68898e-18
0 2.68792e-18
0 2.68687e-18
0 2.68583e-18
0 2.6848e-18
0 2.68378e-18
0 2.68277e-18
0 2.68177e-18
0 2.68078e-18
0 2.6798e-18
0 2.67883e-18
0 2.67787e-18
0 2.67691e-18
0 2.67597e-18
0 2.67504e-18
0 2.67411e-18
0 2.67319e-18
0 2.67228e-18
0 2.67138e-18
0 2.67049e-18
0 2.66961e-18
0 2.66873e-18
0 2.66786e-18
0 2.667e-18
0 2.66615e-18
0 2.6653e-18
0 2.66446e-18
0 2.66363e-18
0 2.66281e-18
0 2.66199e-18
0 2.66118e-18
0 2.66038e-18
0 2.65959e-18
0 2.6588e-18
0 2.65802e-18
0 2.65724e-18
0 2.65647e-18
0 2.65571e-18
0 2.65496e-18
0 2.65421e-18
0 2.65347e-18
0 2.65273e-18
0 2.652e-18
0 2.65127e-18
0 2.65055e-18
0 2.64984e-18
0 2.64914e-18
0 2.64843e-18
0 2.64774e-18
0 2.64705e-18
0 2.64636e-18
0 2.64568e-18
0 2.64501e-18
0 2.64434e-18
0 2.64368e-18
0 2.64302e-18
0 2.64237e-18
0 2.64172e-18
0 2.64108e-18
0 2.64044e-18
0 2.63981e-18
0 2.63918e-18
0 2.63856e-18
0 2.63794e-18
0 2.63733e-18
0 2.63672e-18
0 2.63611e-18
0 2.63551e-18
0 2.63492e-18
0 2.63433e-18
0 2.63374e-18
0 2.63316e-18
0 2.63258e-18
0 2.63201e-18
0 2.63144e-18
0 2.63087e-18
0 2.63031e-18
0 2.62975e-18
0 2.6292e-18
0 2.62865e-18
0 2.6281e-18
0 2.62756e-18
0 2.62702e-18
0 2.62649e-18
0 2.62596e-18
0 2.62543e-18
0 2.62491e-18
0 2.62439e-18
0 2.62388e-18
0 2.62337e-18
0 2.62286e-18
0 2.62235e-18
0 2.62185e-18
0 2.62135e-18
0 2.62086e-18
0 2.62037e-18
0 2.61988e-18
0 2.61939e-18
0 2.61891e-18
0 2.61844e-18
0 2.61796e-18
0 2.61749e-18
0 2.61702e-18
0 2.61655e-18
0 2.61609e-18
0 2.61563e-18
0 2.61518e-18
0 2.61472e-18
0 2.61427e-18
0 2.61382e-18
0 2.61338e-18
0 2.61294e-18
0 2.6125e-18
0 2.61206e-18
0 2.61163e-18
0 2.6112e-18
0 2.61077e-18
0 2.61034e-18
0 2.60992e-18
0 2.6095e-18
0 2.60909e-18
0 2.60867e-18
0 2.60826e-18
0 2.60785e-18
0 2.60744e-18
0 2.60704e-18
0 2.60663e-18
0 2.60624e-18
0 2.60584e-18
0 2.60544e-18
0 2.60505e-18
0 2.60466e-18
0 2.60427e-18
0 2.60389e-18
0 2.6035e-18
0 2.60312e-18
0 2.60275e-18
0 2.60237e-18
0 2.602e-18
0 2.60162e-18
0 2.60125e-18
0 2.60089e-18
0 2.60052e-18
0 2.60016e-18
0 2.5998e-18
0 2.59944e-18
0 2.59908e-18
0 2.59873e-18
0 2.59837e-18
0 2.59802e-18
0 2.59767e-18
0 2.59733e-18
0 2.59698e-18
0 2.59664e-18
0 2.5963e-18
0 2.59596e-18
0 2.59562e-18
0 2.59529e-18
0 2.59495e-18
0 2.59462e-18
0 2.59429e-18
0 2.59397e-18
0 2.59364e-18
0 2.59332e-18
0 2.59299e-18
0 2.59267e-18
0 2.59235e-18
0 2.59204e-18
0 2.59172e-18
0 2.59141e-18
0 2.5911e-18
0 2.59079e-18
0 2.59048e-18
0 2.59017e-18
0 2.58986e-18
0 2.58956e-18
0 2.58926e-18
0 2.58896e-18
0 2.58866e-18
0 2.58836e-18
0 2.58807e-18
0 2.58777e-18
0 2.58748e-18
0 2.58719e-18
0 2.5869e-18
0 2.58661e-18
0 2.58632e-18
0 2.58604e-18
0 2.58575e-18
0 2.58547e-18
0 2.58519e-18
0 2.58491e-18
0 2.58463e-18
0 2.58436e-18
0 2.58408e-18
0 2.58381e-18
0 2.58354e-18
0 2.58327e-18
0 2.583e-18
0 2.58273e-18
0 2.58246e-18
0 2.5822e-18
0 2.58193e-18
0 2.58167e-18
0 2.58141e-18
0 2.58115e-18
0 2.58089e-18
0 2.58063e-18
0 2.58037e-18
0 2.58012e-18
0 2.57986e-18
0 2.57961e-18
0 2.57936e-18
0 2.57911e-18
0 2.57886e-18
0 2.57861e-18
0 2.57837e-18
0 2.57812e-18
0 2.57788e-18
0 2.57763e-18
0 2.57739e-18
0 2.57715e-18
0 2.57691e-18
0 2.57667e-18
0 2.57643e-18
0 2.5762e-18
0 2.57596e-18
0 2.57573e-18
0 2.57549e-18
0 2.57526e-18
0 2.57503e-18
0 2.5748e-18
0 2.57457e-18
0 2.57435e-18
0 2.57412e-18
0 2.57389e-18
0 2.57367e-18
0 2.57345e-18
0 2.57322e-18
0 2.573e-18
0 2.57278e-18
0 2.57256e-18
0 2.57234e-18
0 2.57213e-18
0 2.57191e-18
0 2.57169e-18
0 2.57148e-18
0 2.57126e-18
0 2.57105e-18
0 2.57084e-18
0 2.57063e-18
0 2.57042e-18
0 2.57021e-18
0 2.57e-18
0 2.5698e-18
0 2.56959e-18
0 2.56938e-18
0 2.56918e-18
0 2.56898e-18
0 2.56877e-18
0 2.56857e-18
0 2.56837e-18
0 2.56817e-18
0 2.56797e-18
0 2.56777e-18
0 2.56758e-18
0 2.56738e-18
0 2.56718e-18
0 2.56699e-18
0 2.56679e-18
0 2.5666e-18
0 2.56641e-18
0 2.56622e-18
0 2.56603e-18
0 2.56584e-18
0 2.56565e-18
0 2.56546e-18
0 2.56527e-18
0 2.56509e-18
0 2.5649e-18
0 2.56471e-18
0 2.56453e-18
0 2.56435e-18
0 2.56416e-18
0 2.56398e-18
0 2.5638e-18
0 2.56362e-18
0 2.56344e-18
0 2.56326e-18
0 2.56308e-18
0 2.5629e-18
0 2.56273e-18
0 2.56255e-18
0 2.56237e-18
0 2.5622e-18
0 2.56202e-18
0 2.56185e-18
0 2.56168e-18
0 2.56151e-18
0 2.56134e-18
0 2.56116e-18
0 2.56099e-18
0 2.56083e-18
0 2.56066e-18
0 2.56049e-18
0 2.56032e-18
0 2.56015e-18
0 2.55999e-18
0 2.55982e-18
0 2.55966e-18
0 2.55949e-18
0 2.55933e-18
0 2.55917e-18
0 2.55901e-18
0 2.55884e-18
0 2.55868e-18
0 2.55852e-18
0 2.55836e-18
0 2.5582e-18
0 2.55805e-18
0 2.55789e-18
0 2.55773e-18
0 2.55757e-18
0 2.55742e-18
0 2.55726e-18
0 2.55711e-18
0 2.55695e-18
0 2.5568e-18
0 2.55665e-18
0 2.55649e-18
0 2.55634e-18
0 2.55619e-18
0 2.55604e-18
0 2.55589e-18
0 2.55574e-18
0 2.55559e-18
0 2.55544e-18
0 2.5553e-18
0 2.55515e-18
0 2.555e-18
0 2.55485e-18
0 2.55471e-18
0 2.55456e-18
0 2.55442e-18
0 2.55427e-18
0 2.55413e-18
0 2.55399e-18
0 2.55385e-18
0 2.5537e-18
0 2.55356e-18
0 2.55342e-18
0 2.55328e-18
0 2.55314e-18
0 2.553e-18
0 2.55286e-18
0 2.55272e-18
0 2.55259e-18
0 2.55245e-18
0 2.55231e-18
0 2.55217e-18
0 2.55204e-18
0 2.5519e-18
0 2.55177e-18
0 2.55163e-18
0 2.5515e-18
0 2.55136e-18
0 2.55123e-18
0 2.5511e-18
0 2.55097e-18
0 2.55083e-18
0 2.5507e-18
0 2.55057e-18
0 2.55044e-18
0 2.55031e-18
0 2.55018e-18
0 2.55005e-18
0 2.54993e-18
0 2.5498e-18
0 2.54967e-18
0 2.54954e-18
0 2.54942e-18
0 2.54929e-18
0 2.54916e-18
0 2.54904e-18
0 2.54891e-18
0 2.54879e-18
0 2.54866e-18
0 2.54854e-18
0 2.54842e-18
0 2.54829e-18
0 2.54817e-18
0 2.54805e-18
0 2.54793e-18
0 2.54781e-18
0 2.54768e-18
0 2.54756e-18
0 2.54744e-18
0 2.54732e-18
0 2.54721e-18
0 2.54709e-18
0 2.54697e-18
0 2.54685e-18
0 2.54673e-18
0 2.54661e-18
0 2.5465e-18
0 2.54638e-18
0 2.54626e-18
0 2.54615e-18
0 2.54603e-18
0 2.54592e-18
0 2.5458e-18
0 2.54569e-18
0 2.54558e-18
0 2.54546e-18
0 2.54535e-18
0 2.54524e-18
0 2.54512e-18
0 2.54501e-18
0 2.5449e-18
0 2.54479e-18
0 2.54468e-18
0 2.54457e-18
0 2.54446e-18
0 2.54435e-18
0 2.54424e-18
0 2.54413e-18
0 2.54402e-18
0 2.54391e-18
0 2.5438e-18
0 2.5437e-18
0 2.54359e-18
0 2.54348e-18
0 2.54337e-18
0 2.54327e-18
0 2.54316e-18
0 2.54306e-18
0 2.54295e-18
0 2.54284e-18
0 2.54274e-18
0 2.54264e-18
0 2.54253e-18
0 2.54243e-18
0 2.54232e-18
0 2.54222e-18
0 2.54212e-18
0 2.54202e-18
0 2.54191e-18
0 2.54181e-18
0 2.54171e-18
0 2.54161e-18
0 2.54151e-18
0 2.54141e-18
0 2.54131e-18
0 2.54121e-18
0 2.54111e-18
0 2.54101e-18
0 2.54091e-18
0 2.54081e-18
0 2.54071e-18
0 2.54061e-18
0 2.54051e-18
0 2.54042e-18
0 2.54032e-18
0 2.54022e-18
0 2.54013e-18
0 2.54003e-18
0 2.53993e-18
0 2.53984e-18
0 2.53974e-18
0 2.53965e-18
0 2.53955e-18
0 2.53946e-18
0 2.53936e-18
0 2.53927e-18
0 2.53917e-18
0 2.53908e-18
0 2.53899e-18
0 2.53889e-18
0 2.5388e-18
0 2.53871e-18
0 2.53862e-18
0 2.53853e-18
0 2.53843e-18
0 2.53834e-18
0 2.53825e-18
0 2.53816e-18
0 2.53807e-18
0 2.53798e-18
0 2.53789e-18
0 2.5378e-18
0 2.53771e-18
0 2.53762e-18
0 2.53753e-18
0 2.53744e-18
0 2.53735e-18
0 2.53727e-18
0 2.53718e-18
0 2.53709e-18
0 2.537e-18
0 2.53691e-18
0 2.53683e-18
0 2.53674e-18
0 2.53665e-18
0 2.53657e-18
0 2.53648e-18
0 2.5364e-18
0 2.53631e-18
0 2.53623e-18
0 2.53614e-18
0 2.53606e-18
0 2.53597e-18
0 2.53589e-18
0 2.5358e-18
0 2.53572e-18
0 2.53563e-18
0 2.53555e-18
0 2.53547e-18
0 2.53539e-18
0 2.5353e-18
0 2.53522e-18
0 2.53514e-18
0 2.53506e-18
0 2.53497e-18
0 2.53489e-18
0 2.53481e-18
0 2.53473e-18
0 2.53465e-18
0 2.53457e-18
0 2.53449e-18
0 2.53441e-18
0 2.53433e-18
0 2.53425e-18
0 2.53417e-18
0 2.53409e-18
0 2.53401e-18
0 2.53393e-18
0 2.53385e-18
0 2.53377e-18
0 2.5337e-18
0 2.53362e-18
0 2.53354e-18
0 2.53346e-18
0 2.53338e-18
0 2.53331e-18
0 2.53323e-18
0 2.53315e-18
0 2.53308e-18
0 2.533e-18
0 2.53292e-18
0 2.53285e-18
0 2.53277e-18
0 2.5327e-18
0 2.53262e-18
0 2.53255e-18
0 2.53247e-18
0 2.5324e-18
0 2.53232e-18
0 2.53225e-18
0 2.53217e-18
0 2.5321e-18
0 2.53202e-18
0 2.53195e-18
0 2.53188e-18
0 2.5318e-18
0 2.53173e-18
0 2.53166e-18
0 2.53159e-18
0 2.53151e-18
0 2.53144e-18
0 2.53137e-18
0 2.5313e-18
0 2.53123e-18
0 2.53115e-18
0 2.53108e-18
0 2.53101e-18
0 2.53094e-18
0 2.53087e-18
0 2.5308e-18
0 2.53073e-18
0 2.53066e-18
0 2.53059e-18
0 2.53052e-18
0 2.53045e-18
0 2.53038e-18
0 2.53031e-18
0 2.53024e-18
0 2.53017e-18
0 2.5301e-18
0 2.53003e-18
0 2.52997e-18
0 2.5299e-18
0 2.52983e-18
0 2.52976e-18
0 2.52969e-18
0 2.52963e-18
0 2.52956e-18
0 2.52949e-18
0 2.52942e-18
0 2.52936e-18
0 2.52929e-18
0 2.52922e-18
0 2.52916e-18
0 2.52909e-18
0 2.52902e-18
0 2.52896e-18
0 2.52889e-18
0 2.52883e-18
0 2.52876e-18
0 2.5287e-18
0 2.52863e-18
0 2.52857e-18
0 2.5285e-18
0 2.52844e-18
0 2.52837e-18
0 2.52831e-18
0 2.52824e-18
0 2.52818e-18
0 2.52812e-18
0 2.52805e-18
0 2.52799e-18
0 2.52792e-18
0 2.52786e-18
0 2.5278e-18
0 2.52774e-18
0 2.52767e-18
0 2.52761e-18
0 2.52755e-18
0 2.52749e-18
0 2.52742e-18
0 2.52736e-18
0 2.5273e-18
0 2.52724e-18
0 2.52718e-18
0 2.52711e-18
0 2.52705e-18
0 2.52699e-18
0 2.52693e-18
0 2.52687e-18
0 2.52681e-18
0 2.52675e-18
0 2.52669e-18
0 2.52663e-18
0 2.52657e-18
0 2.52651e-18
0 2.52645e-18
0 2.52639e-18
0 2.52633e-18
0 2.52627e-18
0 2.52621e-18
0 2.52615e-18
0 2.52609e-18
0 2.52603e-18
0 2.52597e-18
0 2.52592e-18
0 2.52586e-18
0 2.5258e-18
0 2.52574e-18
0 2.52568e-18
0 2.52562e-18
0 2.52557e-18
0 2.52551e-18
0 2.52545e-18
0 2.52539e-18
0 2.52534e-18
0 2.52528e-18
0 2.52522e-18
0 2.52517e-18
0 2.52511e-18
0 2.52505e-18
0 2.525e-18
0 2.52494e-18
0 2.52488e-18
0 2.52483e-18
0 2.52477e-18
0 2.52472e-18
0 2.52466e-18
0 2.5246e-18
0 2.52455e-18
0 2.52449e-18
0 2.52444e-18
0 2.52438e-18
0 2.52433e-18
0 2.52427e-18
0 2.52422e-18
0 2.52416e-18
0 2.52411e-18
0 2.52406e-18
0 2.524e-18
0 2.52395e-18
0 2.52389e-18
0 2.52384e-18
0 2.52379e-18
0 2.52373e-18
0 2.52368e-18
0 2.52363e-18
0 2.52357e-18
0 2.52352e-18
0 2.52347e-18
0 2.52341e-18
0 2.52336e-18
0 2.52331e-18
0 2.52326e-18
0 2.5232e-18
0 2.52315e-18
0 2.5231e-18
0 2.52305e-18
0 2.523e-18
0 2.52294e-18
0 2.52289e-18
0 2.52284e-18
0 2.52279e-18
0 2.52274e-18
0 2.52269e-18
0 2.52263e-18
0 2.52258e-18
0 2.52253e-18
0 2.52248e-18
0 2.52243e-18
0 2.52238e-18
0 2.52233e-18
0 2.52228e-18
0 2.52223e-18
0 2.52218e-18
0 2.52213e-18
0 2.52208e-18
0 2.52203e-18
0 2.52198e-18
0 2.52193e-18
0 2.52188e-18
0 2.52183e-18
0 2.52178e-18
0 2.52173e-18
0 2.52168e-18
0 2.52163e-18
0 2.52159e-18
0 2.52154e-18
0 2.52149e-18
0 2.52144e-18
0 2.52139e-18
0 2.52134e-18
0 2.5213e-18
0 2.52125e-18
0 2.5212e-18
0 2.52115e-18
0 2.5211e-18
0 2.52106e-18
0 2.52101e-18
0 2.52096e-18
0 2.52091e-18
0 2.52087e-18
0 2.52082e-18
0 2.52077e-18
0 2.52072e-18
0 2.52068e-18
0 2.52063e-18
0 2.52058e-18
0 2.52054e-18
0 2.52049e-18
0 2.52044e-18
0 2.5204e-18
0 2.52035e-18
0 2.52031e-18
0 2.52026e-18
0 2.52021e-18
0 2.52017e-18
0 2.52012e-18
0 2.52008e-18
0 2.52003e-18
0 2.51998e-18
0 2.51994e-18
0 2.51989e-18
0 2.51985e-18
0 2.5198e-18
0 2.51976e-18
0 2.51971e-18
0 2.51967e-18
0 2.51962e-18
0 2.51958e-18
0 2.51953e-18
0 2.51949e-18
0 2.51945e-18
0 2.5194e-18
0 2.51936e-18

