0 0.000326213
0 0.000326005
0 0.000325445
0 0.000324537
0 0.000323283
0 0.000321688
0 0.000319756
0 0.000317495
0 0.00031491
0 0.000312011
0 0.000308805
0 0.000305304
0 0.000301518
0 0.000297458
0 0.000293137
0 0.000288568
0 0.000283763
0 0.000278739
0 0.000273507
0 0.000268085
0 0.000262487
0 0.000256729
0 0.000250826
0 0.000244794
0 0.000238649
0 0.000232407
0 0.000226084
0 0.000219695
0 0.000213257
0 0.000206783
0 0.000200289
0 0.000193789
0 0.000187297
0 0.000180827
0 0.000174392
0 0.000168004
0 0.000161675
0 0.000155417
0 0.000149239
0 0.000143152
0 0.000137165
0 0.000131287
0 0.000125525
0 0.000119887
0 0.000114379
0 0.000109006
0 0.000103774
0 9.86873e-05
0 9.37493e-05
0 8.8963e-05
0 8.4331e-05
0 7.98548e-05
0 7.55358e-05
0 7.13744e-05
0 6.73709e-05
0 6.35246e-05
0 5.98349e-05
0 5.63002e-05
0 5.29188e-05
0 4.96885e-05
0 4.66069e-05
0 4.36711e-05
0 4.0878e-05
0 3.82242e-05
0 3.57061e-05
0 3.332e-05
0 3.10619e-05
0 2.89277e-05
0 2.69132e-05
0 2.5014e-05
0 2.3226e-05
0 2.15446e-05
0 1.99655e-05
0 1.84843e-05
0 1.70966e-05
0 1.57981e-05
0 1.45846e-05
0 1.34517e-05
0 1.23954e-05
0 1.14116e-05
0 1.04965e-05
0 9.64618e-06
0 8.85696e-06
0 8.12527e-06
0 7.44765e-06
0 6.8208e-06
0 6.24153e-06
0 5.7068e-06
0 5.21369e-06
0 4.75943e-06
0 4.34139e-06
0 3.95705e-06
0 3.60406e-06
0 3.28016e-06
0 2.98323e-06
0 2.7113e-06
0 2.46247e-06
0 2.23499e-06
0 2.02721e-06
0 1.83758e-06
0 1.66468e-06
0 1.50714e-06
0 1.36372e-06
0 1.23326e-06
0 1.11468e-06
0 1.00697e-06
0 9.09207e-07
0 8.20538e-07
0 7.40171e-07
0 6.67376e-07
0 6.01482e-07
0 5.41871e-07
0 4.87978e-07
0 4.39281e-07
0 3.95303e-07
0 3.5561e-07
0 3.19802e-07
0 2.87514e-07
0 2.58414e-07
0 2.32199e-07
0 2.08593e-07
0 1.87346e-07
0 1.68228e-07
0 1.51034e-07
0 1.35574e-07
0 1.21678e-07
0 1.09192e-07
0 9.79753e-08
0 8.79025e-08
0 7.88587e-08
0 7.07407e-08
0 6.34552e-08
0 5.6918e-08
0 5.10533e-08
0 4.57927e-08
0 4.10745e-08
0 3.68434e-08
0 3.30493e-08
0 2.96476e-08
0 2.65977e-08
0 2.38634e-08
0 2.1412e-08
0 1.9214e-08
0 1.72431e-08
0 1.54757e-08
0 1.38907e-08
0 1.2469e-08
0 1.11938e-08
0 1.00499e-08
0 9.0236e-09
0 8.10281e-09
0 7.27659e-09
0 6.53516e-09
0 5.86976e-09
0 5.27255e-09
0 4.7365e-09
0 4.25529e-09
0 3.82329e-09
0 3.43542e-09
0 3.08715e-09
0 2.77441e-09
0 2.49355e-09
0 2.2413e-09
0 2.01473e-09
0 1.81121e-09
0 1.62837e-09
0 1.4641e-09
0 1.3165e-09
0 1.18388e-09
0 1.06469e-09
0 9.57578e-10
0 8.61305e-10
0 7.74768e-10
0 6.96977e-10
0 6.27043e-10
0 5.64166e-10
0 5.07631e-10
0 4.56794e-10
0 4.11077e-10
0 3.69961e-10
0 3.32981e-10
0 2.99717e-10
0 2.69796e-10
0 2.42877e-10
0 2.18659e-10
0 1.96869e-10
0 1.77262e-10
0 1.59618e-10
0 1.4374e-10
0 1.29449e-10
0 1.16587e-10
0 1.05009e-10
0 9.45863e-11
0 8.52036e-11
0 7.67562e-11
0 6.91504e-11
0 6.2302e-11
0 5.6135e-11
0 5.05813e-11
0 4.55796e-11
0 4.10748e-11
0 3.70172e-11
0 3.33622e-11
0 3.00697e-11
0 2.71035e-11
0 2.44311e-11
0 2.20233e-11
0 1.98537e-11
0 1.78987e-11
0 1.61369e-11
0 1.45492e-11
0 1.31182e-11
0 1.18285e-11
0 1.06659e-11
0 9.61797e-12
0 8.67329e-12
0 7.82165e-12
0 7.05385e-12
0 6.36158e-12
0 5.7374e-12
0 5.17455e-12
0 4.66703e-12
0 4.20933e-12
0 3.79656e-12
0 3.42429e-12
0 3.08854e-12
0 2.78568e-12
0 2.51252e-12
0 2.26609e-12
0 2.0438e-12
0 1.84328e-12
0 1.66236e-12
0 1.49914e-12
0 1.35187e-12
0 1.219e-12
0 1.09909e-12
0 9.90913e-13
0 8.93297e-13
0 8.05195e-13
0 7.25699e-13
0 6.53969e-13
0 5.89221e-13
0 5.308e-13
0 4.78073e-13
0 4.30474e-13
0 3.87525e-13
0 3.48759e-13
0 3.13789e-13
0 2.82208e-13
0 2.53731e-13
0 2.28025e-13
0 2.04824e-13
0 1.83883e-13
0 1.64997e-13
0 1.47953e-13
0 1.326e-13
0 1.18726e-13
0 1.06227e-13
0 9.49622e-14
0 8.47989e-14
0 7.56371e-14
0 6.74089e-14
0 5.99794e-14
0 5.32933e-14
0 4.7301e-14
0 4.19085e-14
0 3.7051e-14
0 3.27166e-14
0 2.88237e-14
0 2.53429e-14
0 2.22478e-14
0 1.94901e-14
0 1.70242e-14
0 1.48557e-14
0 1.29678e-14
0 1.1296e-14
0 9.85174e-15
0 8.5985e-15
0 7.55056e-15
0 6.67418e-15
0 5.96148e-15
0 5.4057e-15
0 5.00111e-15
0 4.71831e-15
0 4.5781e-15
0 9.88311e-21
0 9.87543e-21
0 9.86782e-21
0 9.86027e-21
0 9.85278e-21
0 9.84536e-21
0 9.838e-21
0 9.8307e-21
0 9.82346e-21
0 9.81628e-21
0 9.80916e-21
0 9.8021e-21
0 9.79509e-21
0 9.78815e-21
0 9.78126e-21
0 9.77442e-21
0 9.76764e-21
0 9.76091e-21
0 9.75424e-21
0 9.74762e-21
0 9.74105e-21
0 9.73453e-21
0 9.72807e-21
0 9.72165e-21
0 9.71529e-21
0 9.70897e-21
0 9.70271e-21
0 9.69649e-21
0 9.69032e-21
0 9.68419e-21
0 9.67812e-21
0 9.67208e-21
0 9.6661e-21
0 9.66016e-21
0 9.65426e-21
0 9.64841e-21
0 9.6426e-21
0 9.63683e-21
0 9.63111e-21
0 9.62543e-21
0 9.61979e-21
0 9.61419e-21
0 9.60863e-21
0 9.60311e-21
0 9.59764e-21
0 9.5922e-21
0 9.5868e-21
0 9.58144e-21
0 9.57611e-21
0 9.57083e-21
0 9.56558e-21
0 9.56037e-21
0 9.55519e-21
0 9.55006e-21
0 9.54495e-21
0 9.53989e-21
0 9.53485e-21
0 9.52986e-21
0 9.52489e-21
0 9.51996e-21
0 9.51507e-21
0 9.51021e-21
0 9.50538e-21
0 9.50058e-21
0 9.49582e-21
0 9.49108e-21
0 9.48638e-21
0 9.48171e-21
0 9.47708e-21
0 9.47247e-21
0 9.46789e-21
0 9.46334e-21
0 9.45883e-21
0 9.45434e-21
0 9.44988e-21
0 9.44545e-21
0 9.44105e-21
0 9.43667e-21
0 9.43233e-21
0 9.42801e-21
0 9.42372e-21
0 9.41946e-21
0 9.41523e-21
0 9.41102e-21
0 9.40684e-21
0 9.40268e-21
0 9.39855e-21
0 9.39445e-21
0 9.39037e-21
0 9.38632e-21
0 9.38229e-21
0 9.37829e-21
0 9.37431e-21
0 9.37035e-21
0 9.36643e-21
0 9.36252e-21
0 9.35864e-21
0 9.35478e-21
0 9.35094e-21
0 9.34713e-21
0 9.34334e-21
0 9.33958e-21
0 9.33583e-21
0 9.33211e-21
0 9.32841e-21
0 9.32473e-21
0 9.32108e-21
0 9.31744e-21
0 9.31383e-21
0 9.31024e-21
0 9.30667e-21
0 9.30312e-21
0 9.29959e-21
0 9.29608e-21
0 9.29259e-21
0 9.28912e-21
0 9.28567e-21
0 9.28224e-21
0 9.27883e-21
0 9.27544e-21
0 9.27207e-21
0 9.26871e-21
0 9.26538e-21
0 9.26206e-21
0 9.25877e-21
0 9.25549e-21
0 9.25223e-21
0 9.24899e-21
0 9.24576e-21
0 9.24256e-21
0 9.23937e-21
0 9.2362e-21
0 9.23305e-21
0 9.22991e-21
0 9.22679e-21
0 9.22369e-21
0 9.2206e-21
0 9.21753e-21
0 9.21448e-21
0 9.21145e-21
0 9.20843e-21
0 9.20542e-21
0 9.20244e-21
0 9.19946e-21
0 9.19651e-21
0 9.19357e-21
0 9.19064e-21
0 9.18773e-21
0 9.18484e-21
0 9.18196e-21
0 9.1791e-21
0 9.17625e-21
0 9.17342e-21
0 9.1706e-21
0 9.16779e-21
0 9.165e-21
0 9.16222e-21
0 9.15946e-21
0 9.15672e-21
0 9.15398e-21
0 9.15126e-21
0 9.14856e-21
0 9.14586e-21
0 9.14318e-21
0 9.14052e-21
0 9.13787e-21
0 9.13523e-21
0 9.1326e-21
0 9.12999e-21
0 9.12739e-21
0 9.12481e-21
0 9.12223e-21
0 9.11967e-21
0 9.11712e-21
0 9.11459e-21
0 9.11206e-21
0 9.10955e-21
0 9.10705e-21
0 9.10457e-21
0 9.10209e-21
0 9.09963e-21
0 9.09718e-21
0 9.09474e-21
0 9.09231e-21
0 9.0899e-21
0 9.08749e-21
0 9.0851e-21
0 9.08272e-21
0 9.08035e-21
0 9.07799e-21
0 9.07564e-21
0 9.07331e-21
0 9.07098e-21
0 9.06867e-21
0 9.06636e-21
0 9.06407e-21
0 9.06179e-21
0 9.05952e-21
0 9.05726e-21
0 9.05501e-21
0 9.05277e-21
0 9.05054e-21
0 9.04832e-21
0 9.04611e-21
0 9.04391e-21
0 9.04172e-21
0 9.03954e-21
0 9.03737e-21
0 9.03521e-21
0 9.03306e-21
0 9.03092e-21
0 9.02879e-21
0 9.02667e-21
0 9.02456e-21
0 9.02246e-21
0 9.02036e-21
0 9.01828e-21
0 9.01621e-21
0 9.01414e-21
0 9.01209e-21
0 9.01004e-21
0 9.008e-21
0 9.00597e-21
0 9.00395e-21
0 9.00194e-21
0 8.99994e-21
0 8.99795e-21
0 8.99596e-21
0 8.99399e-21
0 8.99202e-21
0 8.99006e-21
0 8.98811e-21
0 8.98617e-21
0 8.98423e-21
0 8.98231e-21
0 8.98039e-21
0 8.97848e-21
0 8.97658e-21
0 8.97468e-21
0 8.9728e-21
0 8.97092e-21
0 8.96905e-21
0 8.96719e-21
0 8.96534e-21
0 8.96349e-21
0 8.96165e-21
0 8.95982e-21
0 8.958e-21
0 8.95619e-21
0 8.95438e-21
0 8.95258e-21
0 8.95079e-21
0 8.949e-21
0 8.94722e-21
0 8.94545e-21
0 8.94369e-21
0 8.94193e-21
0 8.94018e-21
0 8.93844e-21
0 8.93671e-21
0 8.93498e-21
0 8.93326e-21
0 8.93154e-21
0 8.92984e-21
0 8.92814e-21
0 8.92644e-21
0 8.92476e-21
0 8.92308e-21
0 8.9214e-21
0 8.91974e-21
0 8.91808e-21
0 8.91643e-21
0 8.91478e-21
0 8.91314e-21
0 8.9115e-21
0 8.90988e-21
0 8.90826e-21
0 8.90664e-21
0 8.90503e-21
0 8.90343e-21
0 8.90184e-21
0 8.90025e-21
0 8.89866e-21
0 8.89709e-21
0 8.89552e-21
0 8.89395e-21
0 8.89239e-21
0 8.89084e-21
0 8.88929e-21
0 8.88775e-21
0 8.88622e-21
0 8.88469e-21
0 8.88316e-21
0 8.88164e-21
0 8.88013e-21
0 8.87863e-21
0 8.87713e-21
0 8.87563e-21
0 8.87414e-21
0 8.87266e-21
0 8.87118e-21
0 8.86971e-21
0 8.86824e-21
0 8.86678e-21
0 8.86532e-21
0 8.86387e-21
0 8.86243e-21
0 8.86099e-21
0 8.85955e-21
0 8.85812e-21
0 8.8567e-21
0 8.85528e-21
0 8.85387e-21
0 8.85246e-21
0 8.85105e-21
0 8.84966e-21
0 8.84826e-21
0 8.84687e-21
0 8.84549e-21
0 8.84411e-21
0 8.84274e-21
0 8.84137e-21
0 8.84001e-21
0 8.83865e-21
0 8.8373e-21
0 8.83595e-21
0 8.83461e-21
0 8.83327e-21
0 8.83193e-21
0 8.8306e-21
0 8.82928e-21
0 8.82796e-21
0 8.82664e-21
0 8.82533e-21
0 8.82403e-21
0 8.82272e-21
0 8.82143e-21
0 8.82014e-21
0 8.81885e-21
0 8.81756e-21
0 8.81629e-21
0 8.81501e-21
0 8.81374e-21
0 8.81248e-21
0 8.81121e-21
0 8.80996e-21
0 8.80871e-21
0 8.80746e-21
0 8.80621e-21
0 8.80497e-21
0 8.80374e-21
0 8.80251e-21
0 8.80128e-21
0 8.80006e-21
0 8.79884e-21
0 8.79763e-21
0 8.79641e-21
0 8.79521e-21
0 8.79401e-21
0 8.79281e-21
0 8.79161e-21
0 8.79042e-21
0 8.78924e-21
0 8.78806e-21
0 8.78688e-21
0 8.7857e-21
0 8.78453e-21
0 8.78337e-21
0 8.78221e-21
0 8.78105e-21
0 8.77989e-21
0 8.77874e-21
0 8.77759e-21
0 8.77645e-21
0 8.77531e-21
0 8.77418e-21
0 8.77304e-21
0 8.77192e-21
0 8.77079e-21
0 8.76967e-21
0 8.76855e-21
0 8.76744e-21
0 8.76633e-21
0 8.76522e-21
0 8.76412e-21
0 8.76302e-21
0 8.76192e-21
0 8.76083e-21
0 8.75974e-21
0 8.75866e-21
0 8.75758e-21
0 8.7565e-21
0 8.75542e-21
0 8.75435e-21
0 8.75328e-21
0 8.75222e-21
0 8.75116e-21
0 8.7501e-21
0 8.74905e-21
0 8.748e-21
0 8.74695e-21
0 8.7459e-21
0 8.74486e-21
0 8.74382e-21
0 8.74279e-21
0 8.74176e-21
0 8.74073e-21
0 8.7397e-21
0 8.73868e-21
0 8.73766e-21
0 8.73665e-21
0 8.73564e-21
0 8.73463e-21
0 8.73362e-21
0 8.73262e-21
0 8.73162e-21
0 8.73062e-21
0 8.72963e-21
0 8.72864e-21
0 8.72765e-21
0 8.72667e-21
0 8.72568e-21
0 8.72471e-21
0 8.72373e-21
0 8.72276e-21
0 8.72179e-21
0 8.72082e-21
0 8.71986e-21
0 8.7189e-21
0 8.71794e-21
0 8.71698e-21
0 8.71603e-21
0 8.71508e-21
0 8.71414e-21
0 8.71319e-21
0 8.71225e-21
0 8.71131e-21
0 8.71038e-21
0 8.70945e-21
0 8.70852e-21
0 8.70759e-21
0 8.70666e-21
0 8.70574e-21
0 8.70482e-21
0 8.70391e-21
0 8.703e-21
0 8.70208e-21
0 8.70118e-21
0 8.70027e-21
0 8.69937e-21
0 8.69847e-21
0 8.69757e-21
0 8.69668e-21
0 8.69578e-21
0 8.6949e-21
0 8.69401e-21
0 8.69312e-21
0 8.69224e-21
0 8.69136e-21
0 8.69049e-21
0 8.68961e-21
0 8.68874e-21
0 8.68787e-21
0 8.68701e-21
0 8.68614e-21
0 8.68528e-21
0 8.68442e-21
0 8.68356e-21
0 8.68271e-21
0 8.68186e-21
0 8.68101e-21
0 8.68016e-21
0 8.67932e-21
0 8.67847e-21
0 8.67763e-21
0 8.6768e-21
0 8.67596e-21
0 8.67513e-21
0 8.6743e-21
0 8.67347e-21
0 8.67264e-21
0 8.67182e-21
0 8.671e-21
0 8.67018e-21
0 8.66936e-21
0 8.66855e-21
0 8.66774e-21
0 8.66693e-21
0 8.66612e-21
0 8.66532e-21
0 8.66451e-21
0 8.66371e-21
0 8.66291e-21
0 8.66212e-21
0 8.66132e-21
0 8.66053e-21
0 8.65974e-21
0 8.65895e-21
0 8.65817e-21
0 8.65738e-21
0 8.6566e-21
0 8.65582e-21
0 8.65505e-21
0 8.65427e-21
0 8.6535e-21
0 8.65273e-21
0 8.65196e-21
0 8.65119e-21
0 8.65043e-21
0 8.64967e-21
0 8.6489e-21
0 8.64815e-21
0 8.64739e-21
0 8.64664e-21
0 8.64588e-21
0 8.64513e-21
0 8.64438e-21
0 8.64364e-21
0 8.64289e-21
0 8.64215e-21
0 8.64141e-21
0 8.64067e-21
0 8.63994e-21
0 8.6392e-21
0 8.63847e-21
0 8.63774e-21
0 8.63701e-21
0 8.63628e-21
0 8.63556e-21
0 8.63484e-21
0 8.63412e-21
0 8.6334e-21
0 8.63268e-21
0 8.63196e-21
0 8.63125e-21
0 8.63054e-21
0 8.62983e-21
0 8.62912e-21
0 8.62841e-21
0 8.62771e-21
0 8.62701e-21
0 8.62631e-21
0 8.62561e-21
0 8.62491e-21
0 8.62422e-21
0 8.62352e-21
0 8.62283e-21
0 8.62214e-21
0 8.62145e-21
0 8.62077e-21
0 8.62008e-21
0 8.6194e-21
0 8.61872e-21
0 8.61804e-21
0 8.61736e-21
0 8.61668e-21
0 8.61601e-21
0 8.61534e-21
0 8.61467e-21
0 8.614e-21
0 8.61333e-21
0 8.61266e-21
0 8.612e-21
0 8.61134e-21
0 8.61068e-21
0 8.61002e-21
0 8.60936e-21
0 8.6087e-21
0 8.60805e-21
0 8.6074e-21
0 8.60675e-21
0 8.6061e-21
0 8.60545e-21
0 8.6048e-21
0 8.60416e-21
0 8.60351e-21
0 8.60287e-21
0 8.60223e-21
0 8.6016e-21
0 8.60096e-21
0 8.60032e-21
0 8.59969e-21
0 8.59906e-21
0 8.59843e-21
0 8.5978e-21
0 8.59717e-21
0 8.59655e-21
0 8.59592e-21
0 8.5953e-21
0 8.59468e-21
0 8.59406e-21
0 8.59344e-21
0 8.59282e-21
0 8.59221e-21
0 8.59159e-21
0 8.59098e-21
0 8.59037e-21
0 8.58976e-21
0 8.58915e-21
0 8.58855e-21
0 8.58794e-21
0 8.58734e-21
0 8.58674e-21
0 8.58614e-21
0 8.58554e-21
0 8.58494e-21
0 8.58434e-21
0 8.58375e-21
0 8.58316e-21
0 8.58256e-21
0 8.58197e-21
0 8.58138e-21
0 8.5808e-21
0 8.58021e-21
0 8.57962e-21
0 8.57904e-21
0 8.57846e-21
0 8.57788e-21
0 8.5773e-21
0 8.57672e-21
0 8.57614e-21
0 8.57557e-21
0 8.57499e-21
0 8.57442e-21
0 8.57385e-21
0 8.57328e-21
0 8.57271e-21
0 8.57214e-21
0 8.57158e-21
0 8.57101e-21
0 8.57045e-21
0 8.56988e-21
0 8.56932e-21
0 8.56876e-21
0 8.56821e-21
0 8.56765e-21
0 8.56709e-21
0 8.56654e-21
0 8.56598e-21
0 8.56543e-21
0 8.56488e-21
0 8.56433e-21
0 8.56378e-21
0 8.56324e-21
0 8.56269e-21
0 8.56215e-21
0 8.5616e-21
0 8.56106e-21
0 8.56052e-21
0 8.55998e-21
0 8.55944e-21
0 8.55891e-21
0 8.55837e-21
0 8.55784e-21
0 8.5573e-21
0 8.55677e-21
0 8.55624e-21
0 8.55571e-21
0 8.55518e-21
0 8.55465e-21
0 8.55413e-21
0 8.5536e-21
0 8.55308e-21
0 8.55255e-21
0 8.55203e-21
0 8.55151e-21
0 8.55099e-21
0 8.55047e-21
0 8.54996e-21
0 8.54944e-21
0 8.54893e-21
0 8.54841e-21
0 8.5479e-21
0 8.54739e-21
0 8.54688e-21
0 8.54637e-21
0 8.54586e-21
0 8.54536e-21
0 8.54485e-21
0 8.54435e-21
0 8.54384e-21
0 8.54334e-21
0 8.54284e-21
0 8.54234e-21
0 8.54184e-21
0 8.54134e-21
0 8.54084e-21
0 8.54035e-21
0 8.53985e-21
0 8.53936e-21
0 8.53887e-21
0 8.53837e-21
0 8.53788e-21
0 8.53739e-21
0 8.53691e-21
0 8.53642e-21
0 8.53593e-21
0 8.53545e-21
0 8.53496e-21
0 8.53448e-21
0 8.534e-21
0 8.53352e-21
0 8.53304e-21
0 8.53256e-21
0 8.53208e-21
0 8.5316e-21
0 8.53113e-21
0 8.53065e-21
0 8.53018e-21
0 8.5297e-21
0 8.52923e-21
0 8.52876e-21
0 8.52829e-21
0 8.52782e-21
0 8.52735e-21

