0 2.62344e+07
0 34413.7
0 10594.3
0 4586.09
0 2398.83
0 1417.57
0 910.831
0 621.511
0 443.552
0 327.669
0 248.753
0 193.044
0 152.545
0 122.376
0 99.4364
0 81.6852
0 67.7407
0 56.6426
0 47.7081
0 40.4425
0 34.481
0 29.5501
0 25.4424
0 21.9982
0 19.0933
0 16.6302
0 14.5314
0 12.7352
0 11.1915
0 9.85988
0 8.7071
0 7.70593
0 6.83379
0 6.07192
0 5.40464
0 4.81875
0 4.30316
0 3.84843
0 3.44659
0 3.09078
0 2.77518
0 2.49476
0 2.24519
0 2.02275
0 1.82419
0 1.64671
0 1.48786
0 1.34552
0 1.21781
0 1.1031
0 0.999951
0 0.907111
0 0.823464
0 0.748028
0 0.679936
0 0.61842
0 0.562799
0 0.512469
0 0.46689
0 0.425585
0 0.388126
0 0.354133
0 0.323264
0 0.295214
0 0.269712
0 0.246512
0 0.225394
0 0.206161
0 0.188637
0 0.17266
0 0.158088
0 0.14479
0 0.132651
0 0.121563
0 0.111432
0 0.102171
0 0.0937022
0 0.0859552
0 0.0788656
0 0.0723755
0 0.0664319
0 0.0609873
0 0.0559979
0 0.0514245
0 0.047231
0 0.0433849
0 0.0398563
0 0.0366181
0 0.0336458
0 0.0309168
0 0.0284106
0 0.0261085
0 0.0239935
0 0.0220498
0 0.0202633
0 0.018621
0 0.0171109
0 0.0157221
0 0.0144448
0 0.0132697
0 0.0121886
0 0.0111938
0 0.0102783
0 0.00943572
0 0.00866011
0 0.00794612
0 0.00728881
0 0.00668363
0 0.00612642
0 0.00561336
0 0.00514095
0 0.00470595
0 0.00430542
0 0.00393663
0 0.00359708
0 0.00328448
0 0.00299671
0 0.00273183
0 0.00248807
0 0.00226376
0 0.00205741
0 0.00186762
0 0.00169311
0 0.0015327
0 0.00138532
0 0.00124996
0 0.0011257
0 0.0010117
0 0.000907183
0 0.000811426
0 0.00072377
0 0.00064361
0 0.000570383
0 0.000503577
0 0.000442716
0 0.000387364
0 0.00033712
0 0.000291616
0 0.00025051
0 0.000213492
0 0.000180274
0 0.000150595
0 0.000124212
0 0.000100904
0 8.04684e-05
0 6.27205e-05
0 4.74907e-05
0 3.46247e-05
0 2.39821e-05
0 1.54352e-05
0 8.86859e-06
0 4.17789e-06
0 1.26928e-06
0 5.87409e-08
0 1.33553e-13
0 1.33478e-13
0 1.33405e-13
0 1.33333e-13
0 1.33262e-13
0 1.33192e-13
0 1.33123e-13
0 1.33055e-13
0 1.32987e-13
0 1.32921e-13
0 1.32855e-13
0 1.32791e-13
0 1.32727e-13
0 1.32664e-13
0 1.32602e-13
0 1.3254e-13
0 1.3248e-13
0 1.3242e-13
0 1.3236e-13
0 1.32302e-13
0 1.32244e-13
0 1.32187e-13
0 1.32131e-13
0 1.32076e-13
0 1.32021e-13
0 1.31966e-13
0 1.31913e-13
0 1.3186e-13
0 1.31807e-13
0 1.31756e-13
0 1.31704e-13
0 1.31654e-13
0 1.31604e-13
0 1.31555e-13
0 1.31506e-13
0 1.31457e-13
0 1.3141e-13
0 1.31362e-13
0 1.31316e-13
0 1.3127e-13
0 1.31224e-13
0 1.31179e-13
0 1.31134e-13
0 1.3109e-13
0 1.31046e-13
0 1.31003e-13
0 1.3096e-13
0 1.30918e-13
0 1.30876e-13
0 1.30834e-13
0 1.30793e-13
0 1.30753e-13
0 1.30713e-13
0 1.30673e-13
0 1.30634e-13
0 1.30595e-13
0 1.30556e-13
0 1.30518e-13
0 1.3048e-13
0 1.30443e-13
0 1.30406e-13
0 1.30369e-13
0 1.30333e-13
0 1.30297e-13
0 1.30261e-13
0 1.30226e-13
0 1.30191e-13
0 1.30156e-13
0 1.30122e-13
0 1.30088e-13
0 1.30054e-13
0 1.30021e-13
0 1.29988e-13
0 1.29955e-13
0 1.29923e-13
0 1.29891e-13
0 1.29859e-13
0 1.29828e-13
0 1.29796e-13
0 1.29766e-13
0 1.29735e-13
0 1.29705e-13
0 1.29674e-13
0 1.29645e-13
0 1.29615e-13
0 1.29586e-13
0 1.29557e-13
0 1.29528e-13
0 1.29499e-13
0 1.29471e-13
0 1.29443e-13
0 1.29415e-13
0 1.29388e-13
0 1.2936e-13
0 1.29333e-13
0 1.29306e-13
0 1.2928e-13
0 1.29253e-13
0 1.29227e-13
0 1.29201e-13
0 1.29175e-13
0 1.2915e-13
0 1.29124e-13
0 1.29099e-13
0 1.29074e-13
0 1.29049e-13
0 1.29025e-13
0 1.29e-13
0 1.28976e-13
0 1.28952e-13
0 1.28929e-13
0 1.28905e-13
0 1.28882e-13
0 1.28858e-13
0 1.28835e-13
0 1.28812e-13
0 1.2879e-13
0 1.28767e-13
0 1.28745e-13
0 1.28723e-13
0 1.28701e-13
0 1.28679e-13
0 1.28657e-13
0 1.28636e-13
0 1.28614e-13
0 1.28593e-13
0 1.28572e-13
0 1.28551e-13
0 1.28531e-13
0 1.2851e-13
0 1.2849e-13
0 1.2847e-13
0 1.28449e-13
0 1.28429e-13
0 1.2841e-13
0 1.2839e-13
0 1.2837e-13
0 1.28351e-13
0 1.28332e-13
0 1.28313e-13
0 1.28294e-13
0 1.28275e-13
0 1.28256e-13
0 1.28238e-13
0 1.28219e-13
0 1.28201e-13
0 1.28183e-13
0 1.28165e-13
0 1.28147e-13
0 1.28129e-13
0 1.28111e-13
0 1.28094e-13
0 1.28076e-13
0 1.28059e-13
0 1.28042e-13
0 1.28024e-13
0 1.28007e-13
0 1.27991e-13
0 1.27974e-13
0 1.27957e-13
0 1.27941e-13
0 1.27924e-13
0 1.27908e-13
0 1.27892e-13
0 1.27876e-13
0 1.2786e-13
0 1.27844e-13
0 1.27828e-13
0 1.27812e-13
0 1.27797e-13
0 1.27781e-13
0 1.27766e-13
0 1.2775e-13
0 1.27735e-13
0 1.2772e-13
0 1.27705e-13
0 1.2769e-13
0 1.27675e-13
0 1.27661e-13
0 1.27646e-13
0 1.27631e-13
0 1.27617e-13
0 1.27603e-13
0 1.27588e-13
0 1.27574e-13
0 1.2756e-13
0 1.27546e-13
0 1.27532e-13
0 1.27518e-13
0 1.27505e-13
0 1.27491e-13
0 1.27477e-13
0 1.27464e-13
0 1.2745e-13
0 1.27437e-13
0 1.27424e-13
0 1.2741e-13
0 1.27397e-13
0 1.27384e-13
0 1.27371e-13
0 1.27358e-13
0 1.27346e-13
0 1.27333e-13
0 1.2732e-13
0 1.27308e-13
0 1.27295e-13
0 1.27283e-13
0 1.2727e-13
0 1.27258e-13
0 1.27246e-13
0 1.27234e-13
0 1.27221e-13
0 1.27209e-13
0 1.27197e-13
0 1.27186e-13
0 1.27174e-13
0 1.27162e-13
0 1.2715e-13
0 1.27139e-13
0 1.27127e-13
0 1.27116e-13
0 1.27104e-13
0 1.27093e-13
0 1.27081e-13
0 1.2707e-13
0 1.27059e-13
0 1.27048e-13
0 1.27037e-13
0 1.27026e-13
0 1.27015e-13
0 1.27004e-13
0 1.26993e-13
0 1.26982e-13
0 1.26972e-13
0 1.26961e-13
0 1.2695e-13
0 1.2694e-13
0 1.26929e-13
0 1.26919e-13
0 1.26908e-13
0 1.26898e-13
0 1.26888e-13
0 1.26878e-13
0 1.26868e-13
0 1.26857e-13
0 1.26847e-13
0 1.26837e-13
0 1.26827e-13
0 1.26817e-13
0 1.26808e-13
0 1.26798e-13
0 1.26788e-13
0 1.26778e-13
0 1.26769e-13
0 1.26759e-13
0 1.26749e-13
0 1.2674e-13
0 1.26731e-13
0 1.26721e-13
0 1.26712e-13
0 1.26702e-13
0 1.26693e-13
0 1.26684e-13
0 1.26675e-13
0 1.26666e-13
0 1.26656e-13
0 1.26647e-13
0 1.26638e-13
0 1.26629e-13
0 1.26621e-13
0 1.26612e-13
0 1.26603e-13
0 1.26594e-13
0 1.26585e-13
0 1.26577e-13
0 1.26568e-13
0 1.26559e-13
0 1.26551e-13
0 1.26542e-13
0 1.26534e-13
0 1.26525e-13
0 1.26517e-13
0 1.26508e-13
0 1.265e-13
0 1.26492e-13
0 1.26483e-13
0 1.26475e-13
0 1.26467e-13
0 1.26459e-13
0 1.26451e-13
0 1.26443e-13
0 1.26435e-13
0 1.26427e-13
0 1.26419e-13
0 1.26411e-13
0 1.26403e-13
0 1.26395e-13
0 1.26387e-13
0 1.26379e-13
0 1.26372e-13
0 1.26364e-13
0 1.26356e-13
0 1.26349e-13
0 1.26341e-13
0 1.26334e-13
0 1.26326e-13
0 1.26318e-13
0 1.26311e-13
0 1.26304e-13
0 1.26296e-13
0 1.26289e-13
0 1.26281e-13
0 1.26274e-13
0 1.26267e-13
0 1.2626e-13
0 1.26252e-13
0 1.26245e-13
0 1.26238e-13
0 1.26231e-13
0 1.26224e-13
0 1.26217e-13
0 1.2621e-13
0 1.26203e-13
0 1.26196e-13
0 1.26189e-13
0 1.26182e-13
0 1.26175e-13
0 1.26168e-13
0 1.26161e-13
0 1.26155e-13
0 1.26148e-13
0 1.26141e-13
0 1.26134e-13
0 1.26128e-13
0 1.26121e-13
0 1.26114e-13
0 1.26108e-13
0 1.26101e-13
0 1.26095e-13
0 1.26088e-13
0 1.26082e-13
0 1.26075e-13
0 1.26069e-13
0 1.26063e-13
0 1.26056e-13
0 1.2605e-13
0 1.26043e-13
0 1.26037e-13
0 1.26031e-13
0 1.26025e-13
0 1.26018e-13
0 1.26012e-13
0 1.26006e-13
0 1.26e-13
0 1.25994e-13
0 1.25988e-13
0 1.25982e-13
0 1.25976e-13
0 1.2597e-13
0 1.25964e-13
0 1.25958e-13
0 1.25952e-13
0 1.25946e-13
0 1.2594e-13
0 1.25934e-13
0 1.25928e-13
0 1.25922e-13
0 1.25916e-13
0 1.25911e-13
0 1.25905e-13
0 1.25899e-13
0 1.25893e-13
0 1.25888e-13
0 1.25882e-13
0 1.25876e-13
0 1.25871e-13
0 1.25865e-13
0 1.2586e-13
0 1.25854e-13
0 1.25848e-13
0 1.25843e-13
0 1.25837e-13
0 1.25832e-13
0 1.25826e-13
0 1.25821e-13
0 1.25816e-13
0 1.2581e-13
0 1.25805e-13
0 1.25799e-13
0 1.25794e-13
0 1.25789e-13
0 1.25783e-13
0 1.25778e-13
0 1.25773e-13
0 1.25768e-13
0 1.25762e-13
0 1.25757e-13
0 1.25752e-13
0 1.25747e-13
0 1.25742e-13
0 1.25737e-13
0 1.25732e-13
0 1.25726e-13
0 1.25721e-13
0 1.25716e-13
0 1.25711e-13
0 1.25706e-13
0 1.25701e-13
0 1.25696e-13
0 1.25691e-13
0 1.25686e-13
0 1.25681e-13
0 1.25677e-13
0 1.25672e-13
0 1.25667e-13
0 1.25662e-13
0 1.25657e-13
0 1.25652e-13
0 1.25647e-13
0 1.25643e-13
0 1.25638e-13
0 1.25633e-13
0 1.25628e-13
0 1.25624e-13
0 1.25619e-13
0 1.25614e-13
0 1.2561e-13
0 1.25605e-13
0 1.256e-13
0 1.25596e-13
0 1.25591e-13
0 1.25587e-13
0 1.25582e-13
0 1.25577e-13
0 1.25573e-13
0 1.25568e-13
0 1.25564e-13
0 1.25559e-13
0 1.25555e-13
0 1.2555e-13
0 1.25546e-13
0 1.25542e-13
0 1.25537e-13
0 1.25533e-13
0 1.25528e-13
0 1.25524e-13
0 1.2552e-13
0 1.25515e-13
0 1.25511e-13
0 1.25507e-13
0 1.25502e-13
0 1.25498e-13
0 1.25494e-13
0 1.2549e-13
0 1.25485e-13
0 1.25481e-13
0 1.25477e-13
0 1.25473e-13
0 1.25469e-13
0 1.25464e-13
0 1.2546e-13
0 1.25456e-13
0 1.25452e-13
0 1.25448e-13
0 1.25444e-13
0 1.2544e-13
0 1.25436e-13
0 1.25432e-13
0 1.25428e-13
0 1.25423e-13
0 1.25419e-13
0 1.25415e-13
0 1.25411e-13
0 1.25407e-13
0 1.25404e-13
0 1.254e-13
0 1.25396e-13
0 1.25392e-13
0 1.25388e-13
0 1.25384e-13
0 1.2538e-13
0 1.25376e-13
0 1.25372e-13
0 1.25368e-13
0 1.25365e-13
0 1.25361e-13
0 1.25357e-13
0 1.25353e-13
0 1.25349e-13
0 1.25346e-13
0 1.25342e-13
0 1.25338e-13
0 1.25334e-13
0 1.25331e-13
0 1.25327e-13
0 1.25323e-13
0 1.25319e-13
0 1.25316e-13
0 1.25312e-13
0 1.25308e-13
0 1.25305e-13
0 1.25301e-13
0 1.25297e-13
0 1.25294e-13
0 1.2529e-13
0 1.25287e-13
0 1.25283e-13
0 1.25279e-13
0 1.25276e-13
0 1.25272e-13
0 1.25269e-13
0 1.25265e-13
0 1.25262e-13
0 1.25258e-13
0 1.25255e-13
0 1.25251e-13
0 1.25248e-13
0 1.25244e-13
0 1.25241e-13
0 1.25237e-13
0 1.25234e-13
0 1.25231e-13
0 1.25227e-13
0 1.25224e-13
0 1.2522e-13
0 1.25217e-13
0 1.25214e-13
0 1.2521e-13
0 1.25207e-13
0 1.25204e-13
0 1.252e-13
0 1.25197e-13
0 1.25194e-13
0 1.2519e-13
0 1.25187e-13
0 1.25184e-13
0 1.2518e-13
0 1.25177e-13
0 1.25174e-13
0 1.25171e-13
0 1.25167e-13
0 1.25164e-13
0 1.25161e-13
0 1.25158e-13
0 1.25155e-13
0 1.25151e-13
0 1.25148e-13
0 1.25145e-13
0 1.25142e-13
0 1.25139e-13
0 1.25136e-13
0 1.25132e-13
0 1.25129e-13
0 1.25126e-13
0 1.25123e-13
0 1.2512e-13
0 1.25117e-13
0 1.25114e-13
0 1.25111e-13
0 1.25108e-13
0 1.25105e-13
0 1.25102e-13
0 1.25099e-13
0 1.25096e-13
0 1.25093e-13
0 1.2509e-13
0 1.25087e-13
0 1.25084e-13
0 1.25081e-13
0 1.25078e-13
0 1.25075e-13
0 1.25072e-13
0 1.25069e-13
0 1.25066e-13
0 1.25063e-13
0 1.2506e-13
0 1.25057e-13
0 1.25054e-13
0 1.25051e-13
0 1.25048e-13
0 1.25045e-13
0 1.25042e-13
0 1.2504e-13
0 1.25037e-13
0 1.25034e-13
0 1.25031e-13
0 1.25028e-13
0 1.25025e-13
0 1.25023e-13
0 1.2502e-13
0 1.25017e-13
0 1.25014e-13
0 1.25011e-13
0 1.25009e-13
0 1.25006e-13
0 1.25003e-13
0 1.25e-13
0 1.24997e-13
0 1.24995e-13
0 1.24992e-13
0 1.24989e-13
0 1.24987e-13
0 1.24984e-13
0 1.24981e-13
0 1.24978e-13
0 1.24976e-13
0 1.24973e-13
0 1.2497e-13
0 1.24968e-13
0 1.24965e-13
0 1.24962e-13
0 1.2496e-13
0 1.24957e-13
0 1.24954e-13
0 1.24952e-13
0 1.24949e-13
0 1.24947e-13
0 1.24944e-13
0 1.24941e-13
0 1.24939e-13
0 1.24936e-13
0 1.24934e-13
0 1.24931e-13
0 1.24928e-13
0 1.24926e-13
0 1.24923e-13
0 1.24921e-13
0 1.24918e-13
0 1.24916e-13
0 1.24913e-13
0 1.24911e-13
0 1.24908e-13
0 1.24906e-13
0 1.24903e-13
0 1.24901e-13
0 1.24898e-13
0 1.24896e-13
0 1.24893e-13
0 1.24891e-13
0 1.24888e-13
0 1.24886e-13
0 1.24883e-13
0 1.24881e-13
0 1.24878e-13
0 1.24876e-13
0 1.24873e-13
0 1.24871e-13
0 1.24869e-13
0 1.24866e-13
0 1.24864e-13
0 1.24861e-13
0 1.24859e-13
0 1.24857e-13
0 1.24854e-13
0 1.24852e-13
0 1.24849e-13
0 1.24847e-13
0 1.24845e-13
0 1.24842e-13
0 1.2484e-13
0 1.24838e-13
0 1.24835e-13
0 1.24833e-13
0 1.24831e-13
0 1.24828e-13
0 1.24826e-13
0 1.24824e-13
0 1.24822e-13
0 1.24819e-13
0 1.24817e-13
0 1.24815e-13
0 1.24812e-13
0 1.2481e-13
0 1.24808e-13
0 1.24806e-13
0 1.24803e-13
0 1.24801e-13
0 1.24799e-13
0 1.24797e-13
0 1.24794e-13
0 1.24792e-13
0 1.2479e-13
0 1.24788e-13
0 1.24786e-13
0 1.24783e-13
0 1.24781e-13
0 1.24779e-13
0 1.24777e-13
0 1.24775e-13
0 1.24772e-13
0 1.2477e-13
0 1.24768e-13
0 1.24766e-13
0 1.24764e-13
0 1.24762e-13
0 1.24759e-13
0 1.24757e-13
0 1.24755e-13
0 1.24753e-13
0 1.24751e-13
0 1.24749e-13
0 1.24747e-13
0 1.24744e-13
0 1.24742e-13
0 1.2474e-13
0 1.24738e-13
0 1.24736e-13
0 1.24734e-13
0 1.24732e-13
0 1.2473e-13
0 1.24728e-13
0 1.24726e-13
0 1.24724e-13
0 1.24722e-13
0 1.2472e-13
0 1.24717e-13
0 1.24715e-13
0 1.24713e-13
0 1.24711e-13
0 1.24709e-13
0 1.24707e-13
0 1.24705e-13
0 1.24703e-13
0 1.24701e-13
0 1.24699e-13
0 1.24697e-13
0 1.24695e-13
0 1.24693e-13
0 1.24691e-13
0 1.24689e-13
0 1.24687e-13
0 1.24685e-13
0 1.24683e-13
0 1.24681e-13
0 1.24679e-13
0 1.24678e-13
0 1.24676e-13
0 1.24674e-13
0 1.24672e-13
0 1.2467e-13
0 1.24668e-13
0 1.24666e-13
0 1.24664e-13
0 1.24662e-13
0 1.2466e-13
0 1.24658e-13
0 1.24656e-13
0 1.24654e-13
0 1.24652e-13
0 1.24651e-13
0 1.24649e-13
0 1.24647e-13
0 1.24645e-13
0 1.24643e-13
0 1.24641e-13
0 1.24639e-13
0 1.24637e-13
0 1.24636e-13
0 1.24634e-13
0 1.24632e-13
0 1.2463e-13
0 1.24628e-13
0 1.24626e-13
0 1.24624e-13
0 1.24623e-13
0 1.24621e-13
0 1.24619e-13
0 1.24617e-13
0 1.24615e-13
0 1.24614e-13
0 1.24612e-13
0 1.2461e-13
0 1.24608e-13
0 1.24606e-13
0 1.24605e-13
0 1.24603e-13
0 1.24601e-13
0 1.24599e-13
0 1.24597e-13
0 1.24596e-13
0 1.24594e-13
0 1.24592e-13
0 1.2459e-13
0 1.24589e-13
0 1.24587e-13
0 1.24585e-13
0 1.24583e-13
0 1.24582e-13
0 1.2458e-13
0 1.24578e-13
0 1.24576e-13
0 1.24575e-13
0 1.24573e-13
0 1.24571e-13
0 1.24569e-13
0 1.24568e-13
0 1.24566e-13
0 1.24564e-13
0 1.24563e-13
0 1.24561e-13
0 1.24559e-13
0 1.24558e-13
0 1.24556e-13
0 1.24554e-13
0 1.24553e-13
0 1.24551e-13
0 1.24549e-13
0 1.24548e-13
0 1.24546e-13
0 1.24544e-13
0 1.24543e-13
0 1.24541e-13
0 1.24539e-13
0 1.24538e-13
0 1.24536e-13
0 1.24534e-13
0 1.24533e-13
0 1.24531e-13
0 1.24529e-13
0 1.24528e-13
0 1.24526e-13
0 1.24524e-13
0 1.24523e-13
0 1.24521e-13
0 1.2452e-13
0 1.24518e-13
0 1.24516e-13
0 1.24515e-13
0 1.24513e-13
0 1.24512e-13
0 1.2451e-13
0 1.24508e-13
0 1.24507e-13
0 1.24505e-13
0 1.24504e-13
0 1.24502e-13
0 1.24501e-13
0 1.24499e-13
0 1.24497e-13
0 1.24496e-13
0 1.24494e-13
0 1.24493e-13
0 1.24491e-13
0 1.2449e-13
0 1.24488e-13
0 1.24487e-13

