0 0.432042
0 0.42687
0 0.413336
0 0.392518
0 0.365908
0 0.335255
0 0.302345
0 0.268822
0 0.236053
0 0.205072
0 0.176567
0 0.150921
0 0.128262
0 0.108539
0 0.091571
0 0.0771091
0 0.0648703
0 0.0545668
0 0.0459244
0 0.0386925
0 0.0326484
0 0.0275989
0 0.0233789
0 0.0198485
0 0.0168904
0 0.014407
0 0.0123177
0 0.0105561
0 0.00906719
0 0.00780579
0 0.00673456
0 0.00582262
0 0.00504446
0 0.0043789
0 0.00380834
0 0.00331814
0 0.00289607
0 0.00253192
0 0.00221709
0 0.00194439
0 0.00170772
0 0.00150198
0 0.00132279
0 0.00116648
0 0.00102991
0 0.000910406
0 0.000805677
0 0.00071377
0 0.000633004
0 0.000561938
0 0.000499327
0 0.000444101
0 0.000395332
0 0.000352217
0 0.000314061
0 0.000280257
0 0.000250281
0 0.000223674
0 0.000200035
0 0.000179016
0 0.000160309
0 0.000143647
0 0.000128794
0 0.000115545
0 0.000103717
0 9.31506e-05
0 8.37045e-05
0 7.52544e-05
0 6.76906e-05
0 6.09159e-05
0 5.48443e-05
0 4.93998e-05
0 4.45148e-05
0 4.01296e-05
0 3.61908e-05
0 3.26513e-05
0 2.9469e-05
0 2.66065e-05
0 2.40305e-05
0 2.17112e-05
0 1.96223e-05
0 1.77399e-05
0 1.6043e-05
0 1.45128e-05
0 1.31322e-05
0 1.18862e-05
0 1.07613e-05
0 9.74539e-06
0 8.82752e-06
0 7.99798e-06
0 7.24803e-06
0 6.56983e-06
0 5.95631e-06
0 5.40115e-06
0 4.89864e-06
0 4.44368e-06
0 4.03164e-06
0 3.65838e-06
0 3.32016e-06
0 3.01361e-06
0 2.73571e-06
0 2.48371e-06
0 2.25516e-06
0 2.04782e-06
0 1.85968e-06
0 1.68893e-06
0 1.53393e-06
0 1.39321e-06
0 1.26542e-06
0 1.14936e-06
0 1.04392e-06
0 9.4813e-07
0 8.61084e-07
0 7.81974e-07
0 7.10066e-07
0 6.44696e-07
0 5.85262e-07
0 5.31219e-07
0 4.82072e-07
0 4.37375e-07
0 3.9672e-07
0 3.59739e-07
0 3.26099e-07
0 2.95495e-07
0 2.67653e-07
0 2.42323e-07
0 2.19278e-07
0 1.98312e-07
0 1.79239e-07
0 1.61888e-07
0 1.46106e-07
0 1.31751e-07
0 1.18698e-07
0 1.06829e-07
0 9.60391e-08
0 8.62336e-08
0 7.7325e-08
0 6.92342e-08
0 6.18894e-08
0 5.52251e-08
0 4.9182e-08
0 4.37059e-08
0 3.87477e-08
0 3.42628e-08
0 3.02106e-08
0 2.65542e-08
0 2.32601e-08
0 2.02978e-08
0 1.76397e-08
0 1.52608e-08
0 1.31384e-08
0 1.12518e-08
0 9.58256e-09
0 8.11372e-09
0 6.83015e-09
0 5.71815e-09
0 4.76543e-09
0 3.96095e-09
0 3.29488e-09
0 2.75842e-09
0 2.34382e-09
0 2.04421e-09
0 1.85362e-09
0 5.45409e-18
0 5.45057e-18
0 5.4471e-18
0 5.44367e-18
0 5.44029e-18
0 5.43696e-18
0 5.43366e-18
0 5.43041e-18
0 5.4272e-18
0 5.42403e-18
0 5.42091e-18
0 5.41782e-18
0 5.41477e-18
0 5.41176e-18
0 5.40878e-18
0 5.40584e-18
0 5.40294e-18
0 5.40008e-18
0 5.39724e-18
0 5.39445e-18
0 5.39168e-18
0 5.38895e-18
0 5.38625e-18
0 5.38358e-18
0 5.38095e-18
0 5.37834e-18
0 5.37576e-18
0 5.37322e-18
0 5.3707e-18
0 5.36821e-18
0 5.36575e-18
0 5.36332e-18
0 5.36091e-18
0 5.35853e-18
0 5.35618e-18
0 5.35385e-18
0 5.35155e-18
0 5.34927e-18
0 5.34702e-18
0 5.34479e-18
0 5.34259e-18
0 5.3404e-18
0 5.33825e-18
0 5.33611e-18
0 5.334e-18
0 5.33191e-18
0 5.32984e-18
0 5.32779e-18
0 5.32576e-18
0 5.32375e-18
0 5.32177e-18
0 5.3198e-18
0 5.31785e-18
0 5.31593e-18
0 5.31402e-18
0 5.31213e-18
0 5.31026e-18
0 5.30841e-18
0 5.30657e-18
0 5.30475e-18
0 5.30296e-18
0 5.30117e-18
0 5.29941e-18
0 5.29766e-18
0 5.29593e-18
0 5.29421e-18
0 5.29251e-18
0 5.29083e-18
0 5.28916e-18
0 5.28751e-18
0 5.28587e-18
0 5.28425e-18
0 5.28264e-18
0 5.28105e-18
0 5.27947e-18
0 5.27791e-18
0 5.27636e-18
0 5.27482e-18
0 5.2733e-18
0 5.27179e-18
0 5.27029e-18
0 5.26881e-18
0 5.26734e-18
0 5.26588e-18
0 5.26444e-18
0 5.26301e-18
0 5.26159e-18
0 5.26018e-18
0 5.25878e-18
0 5.2574e-18
0 5.25603e-18
0 5.25467e-18
0 5.25332e-18
0 5.25198e-18
0 5.25065e-18
0 5.24933e-18
0 5.24803e-18
0 5.24673e-18
0 5.24545e-18
0 5.24418e-18
0 5.24291e-18
0 5.24166e-18
0 5.24041e-18
0 5.23918e-18
0 5.23796e-18
0 5.23674e-18
0 5.23554e-18
0 5.23434e-18
0 5.23316e-18
0 5.23198e-18
0 5.23082e-18
0 5.22966e-18
0 5.22851e-18
0 5.22737e-18
0 5.22624e-18
0 5.22511e-18
0 5.224e-18
0 5.22289e-18
0 5.2218e-18
0 5.22071e-18
0 5.21962e-18
0 5.21855e-18
0 5.21749e-18
0 5.21643e-18
0 5.21538e-18
0 5.21434e-18
0 5.2133e-18
0 5.21228e-18
0 5.21126e-18
0 5.21024e-18
0 5.20924e-18
0 5.20824e-18
0 5.20725e-18
0 5.20627e-18
0 5.20529e-18
0 5.20432e-18
0 5.20336e-18
0 5.2024e-18
0 5.20146e-18
0 5.20051e-18
0 5.19958e-18
0 5.19865e-18
0 5.19773e-18
0 5.19681e-18
0 5.1959e-18
0 5.19499e-18
0 5.1941e-18
0 5.1932e-18
0 5.19232e-18
0 5.19144e-18
0 5.19056e-18
0 5.1897e-18
0 5.18883e-18
0 5.18798e-18
0 5.18713e-18
0 5.18628e-18
0 5.18544e-18
0 5.18461e-18
0 5.18378e-18
0 5.18296e-18
0 5.18214e-18
0 5.18133e-18
0 5.18052e-18
0 5.17972e-18
0 5.17892e-18
0 5.17813e-18
0 5.17734e-18
0 5.17656e-18
0 5.17578e-18
0 5.17501e-18
0 5.17424e-18
0 5.17348e-18
0 5.17272e-18
0 5.17197e-18
0 5.17122e-18
0 5.17048e-18
0 5.16974e-18
0 5.16901e-18
0 5.16828e-18
0 5.16755e-18
0 5.16683e-18
0 5.16611e-18
0 5.1654e-18
0 5.16469e-18
0 5.16399e-18
0 5.16329e-18
0 5.1626e-18
0 5.1619e-18
0 5.16122e-18
0 5.16053e-18
0 5.15986e-18
0 5.15918e-18
0 5.15851e-18
0 5.15784e-18
0 5.15718e-18
0 5.15652e-18
0 5.15587e-18
0 5.15521e-18
0 5.15457e-18
0 5.15392e-18
0 5.15328e-18
0 5.15265e-18
0 5.15201e-18
0 5.15138e-18
0 5.15076e-18
0 5.15014e-18
0 5.14952e-18
0 5.1489e-18
0 5.14829e-18
0 5.14768e-18
0 5.14708e-18
0 5.14648e-18
0 5.14588e-18
0 5.14528e-18
0 5.14469e-18
0 5.1441e-18
0 5.14352e-18
0 5.14294e-18
0 5.14236e-18
0 5.14178e-18
0 5.14121e-18
0 5.14064e-18
0 5.14008e-18
0 5.13951e-18
0 5.13895e-18
0 5.1384e-18
0 5.13784e-18
0 5.13729e-18
0 5.13674e-18
0 5.1362e-18
0 5.13565e-18
0 5.13512e-18
0 5.13458e-18
0 5.13404e-18
0 5.13351e-18
0 5.13299e-18
0 5.13246e-18
0 5.13194e-18
0 5.13142e-18
0 5.1309e-18
0 5.13039e-18
0 5.12987e-18
0 5.12936e-18
0 5.12886e-18
0 5.12835e-18
0 5.12785e-18
0 5.12735e-18
0 5.12686e-18
0 5.12636e-18
0 5.12587e-18
0 5.12538e-18
0 5.12489e-18
0 5.12441e-18
0 5.12393e-18
0 5.12345e-18
0 5.12297e-18
0 5.1225e-18
0 5.12203e-18
0 5.12156e-18
0 5.12109e-18
0 5.12062e-18
0 5.12016e-18
0 5.1197e-18
0 5.11924e-18
0 5.11878e-18
0 5.11833e-18
0 5.11788e-18
0 5.11743e-18
0 5.11698e-18
0 5.11653e-18
0 5.11609e-18
0 5.11565e-18
0 5.11521e-18
0 5.11477e-18
0 5.11434e-18
0 5.11391e-18
0 5.11348e-18
0 5.11305e-18
0 5.11262e-18
0 5.1122e-18
0 5.11177e-18
0 5.11135e-18
0 5.11093e-18
0 5.11052e-18
0 5.1101e-18
0 5.10969e-18
0 5.10928e-18
0 5.10887e-18
0 5.10846e-18
0 5.10806e-18
0 5.10765e-18
0 5.10725e-18
0 5.10685e-18
0 5.10645e-18
0 5.10606e-18
0 5.10566e-18
0 5.10527e-18
0 5.10488e-18
0 5.10449e-18
0 5.1041e-18
0 5.10371e-18
0 5.10333e-18
0 5.10295e-18
0 5.10257e-18
0 5.10219e-18
0 5.10181e-18
0 5.10144e-18
0 5.10106e-18
0 5.10069e-18
0 5.10032e-18
0 5.09995e-18
0 5.09958e-18
0 5.09922e-18
0 5.09885e-18
0 5.09849e-18
0 5.09813e-18
0 5.09777e-18
0 5.09741e-18
0 5.09705e-18
0 5.0967e-18
0 5.09635e-18
0 5.09599e-18
0 5.09564e-18
0 5.09529e-18
0 5.09495e-18
0 5.0946e-18
0 5.09426e-18
0 5.09391e-18
0 5.09357e-18
0 5.09323e-18
0 5.09289e-18
0 5.09256e-18
0 5.09222e-18
0 5.09188e-18
0 5.09155e-18
0 5.09122e-18
0 5.09089e-18
0 5.09056e-18
0 5.09023e-18
0 5.08991e-18
0 5.08958e-18
0 5.08926e-18
0 5.08894e-18
0 5.08861e-18
0 5.08829e-18
0 5.08798e-18
0 5.08766e-18
0 5.08734e-18
0 5.08703e-18
0 5.08672e-18
0 5.0864e-18
0 5.08609e-18
0 5.08578e-18
0 5.08547e-18
0 5.08517e-18
0 5.08486e-18
0 5.08456e-18
0 5.08425e-18
0 5.08395e-18
0 5.08365e-18
0 5.08335e-18
0 5.08305e-18
0 5.08275e-18
0 5.08246e-18
0 5.08216e-18
0 5.08187e-18
0 5.08158e-18
0 5.08128e-18
0 5.08099e-18
0 5.0807e-18
0 5.08042e-18
0 5.08013e-18
0 5.07984e-18
0 5.07956e-18
0 5.07927e-18
0 5.07899e-18
0 5.07871e-18
0 5.07843e-18
0 5.07815e-18
0 5.07787e-18
0 5.07759e-18
0 5.07732e-18
0 5.07704e-18
0 5.07677e-18
0 5.07649e-18
0 5.07622e-18
0 5.07595e-18
0 5.07568e-18
0 5.07541e-18
0 5.07514e-18
0 5.07487e-18
0 5.07461e-18
0 5.07434e-18
0 5.07408e-18
0 5.07381e-18
0 5.07355e-18
0 5.07329e-18
0 5.07303e-18
0 5.07277e-18
0 5.07251e-18
0 5.07225e-18
0 5.072e-18
0 5.07174e-18
0 5.07149e-18
0 5.07123e-18
0 5.07098e-18
0 5.07073e-18
0 5.07048e-18
0 5.07023e-18
0 5.06998e-18
0 5.06973e-18
0 5.06948e-18
0 5.06923e-18
0 5.06899e-18
0 5.06874e-18
0 5.0685e-18
0 5.06826e-18
0 5.06801e-18
0 5.06777e-18
0 5.06753e-18
0 5.06729e-18
0 5.06705e-18
0 5.06682e-18
0 5.06658e-18
0 5.06634e-18
0 5.06611e-18
0 5.06587e-18
0 5.06564e-18
0 5.0654e-18
0 5.06517e-18
0 5.06494e-18
0 5.06471e-18
0 5.06448e-18
0 5.06425e-18
0 5.06402e-18
0 5.0638e-18
0 5.06357e-18
0 5.06334e-18
0 5.06312e-18
0 5.06289e-18
0 5.06267e-18
0 5.06245e-18
0 5.06222e-18
0 5.062e-18
0 5.06178e-18
0 5.06156e-18
0 5.06134e-18
0 5.06112e-18
0 5.06091e-18
0 5.06069e-18
0 5.06047e-18
0 5.06026e-18
0 5.06004e-18
0 5.05983e-18
0 5.05962e-18
0 5.0594e-18
0 5.05919e-18
0 5.05898e-18
0 5.05877e-18
0 5.05856e-18
0 5.05835e-18
0 5.05814e-18
0 5.05793e-18
0 5.05773e-18
0 5.05752e-18
0 5.05731e-18
0 5.05711e-18
0 5.0569e-18
0 5.0567e-18
0 5.0565e-18
0 5.0563e-18
0 5.05609e-18
0 5.05589e-18
0 5.05569e-18
0 5.05549e-18
0 5.05529e-18
0 5.05509e-18
0 5.0549e-18
0 5.0547e-18
0 5.0545e-18
0 5.05431e-18
0 5.05411e-18
0 5.05392e-18
0 5.05372e-18
0 5.05353e-18
0 5.05333e-18
0 5.05314e-18
0 5.05295e-18
0 5.05276e-18
0 5.05257e-18
0 5.05238e-18
0 5.05219e-18
0 5.052e-18
0 5.05181e-18
0 5.05163e-18
0 5.05144e-18
0 5.05125e-18
0 5.05107e-18
0 5.05088e-18
0 5.0507e-18
0 5.05051e-18
0 5.05033e-18
0 5.05015e-18
0 5.04996e-18
0 5.04978e-18
0 5.0496e-18
0 5.04942e-18
0 5.04924e-18
0 5.04906e-18
0 5.04888e-18
0 5.0487e-18
0 5.04852e-18
0 5.04835e-18
0 5.04817e-18
0 5.04799e-18
0 5.04782e-18
0 5.04764e-18
0 5.04747e-18
0 5.04729e-18
0 5.04712e-18
0 5.04695e-18
0 5.04677e-18
0 5.0466e-18
0 5.04643e-18
0 5.04626e-18
0 5.04609e-18
0 5.04592e-18
0 5.04575e-18
0 5.04558e-18
0 5.04541e-18
0 5.04524e-18
0 5.04507e-18
0 5.04491e-18
0 5.04474e-18
0 5.04457e-18
0 5.04441e-18
0 5.04424e-18
0 5.04408e-18
0 5.04391e-18
0 5.04375e-18
0 5.04359e-18
0 5.04342e-18
0 5.04326e-18
0 5.0431e-18
0 5.04294e-18
0 5.04278e-18
0 5.04262e-18
0 5.04246e-18
0 5.0423e-18
0 5.04214e-18
0 5.04198e-18
0 5.04182e-18
0 5.04166e-18
0 5.04151e-18
0 5.04135e-18
0 5.04119e-18
0 5.04104e-18
0 5.04088e-18
0 5.04073e-18
0 5.04057e-18
0 5.04042e-18
0 5.04026e-18
0 5.04011e-18
0 5.03996e-18
0 5.0398e-18
0 5.03965e-18
0 5.0395e-18
0 5.03935e-18
0 5.0392e-18
0 5.03905e-18
0 5.0389e-18
0 5.03875e-18
0 5.0386e-18
0 5.03845e-18
0 5.0383e-18
0 5.03815e-18
0 5.03801e-18
0 5.03786e-18
0 5.03771e-18
0 5.03757e-18
0 5.03742e-18
0 5.03728e-18
0 5.03713e-18
0 5.03699e-18
0 5.03684e-18
0 5.0367e-18
0 5.03655e-18
0 5.03641e-18
0 5.03627e-18
0 5.03613e-18
0 5.03599e-18
0 5.03584e-18
0 5.0357e-18
0 5.03556e-18
0 5.03542e-18
0 5.03528e-18
0 5.03514e-18
0 5.035e-18
0 5.03486e-18
0 5.03473e-18
0 5.03459e-18
0 5.03445e-18
0 5.03431e-18
0 5.03417e-18
0 5.03404e-18
0 5.0339e-18
0 5.03377e-18
0 5.03363e-18
0 5.0335e-18
0 5.03336e-18
0 5.03323e-18
0 5.03309e-18
0 5.03296e-18
0 5.03282e-18
0 5.03269e-18
0 5.03256e-18
0 5.03243e-18
0 5.03229e-18
0 5.03216e-18
0 5.03203e-18
0 5.0319e-18
0 5.03177e-18
0 5.03164e-18
0 5.03151e-18
0 5.03138e-18
0 5.03125e-18
0 5.03112e-18
0 5.03099e-18
0 5.03086e-18
0 5.03074e-18
0 5.03061e-18
0 5.03048e-18
0 5.03035e-18
0 5.03023e-18
0 5.0301e-18
0 5.02997e-18
0 5.02985e-18
0 5.02972e-18
0 5.0296e-18
0 5.02947e-18
0 5.02935e-18
0 5.02923e-18
0 5.0291e-18
0 5.02898e-18
0 5.02885e-18
0 5.02873e-18
0 5.02861e-18
0 5.02849e-18
0 5.02837e-18
0 5.02824e-18
0 5.02812e-18
0 5.028e-18
0 5.02788e-18
0 5.02776e-18
0 5.02764e-18
0 5.02752e-18
0 5.0274e-18
0 5.02728e-18
0 5.02716e-18
0 5.02704e-18
0 5.02693e-18
0 5.02681e-18
0 5.02669e-18
0 5.02657e-18
0 5.02645e-18
0 5.02634e-18
0 5.02622e-18
0 5.0261e-18
0 5.02599e-18
0 5.02587e-18
0 5.02576e-18
0 5.02564e-18
0 5.02553e-18
0 5.02541e-18
0 5.0253e-18
0 5.02518e-18
0 5.02507e-18
0 5.02496e-18
0 5.02484e-18
0 5.02473e-18
0 5.02462e-18
0 5.02451e-18
0 5.02439e-18
0 5.02428e-18
0 5.02417e-18
0 5.02406e-18
0 5.02395e-18
0 5.02384e-18
0 5.02373e-18
0 5.02362e-18
0 5.02351e-18
0 5.0234e-18
0 5.02329e-18
0 5.02318e-18
0 5.02307e-18
0 5.02296e-18
0 5.02285e-18
0 5.02274e-18
0 5.02264e-18
0 5.02253e-18
0 5.02242e-18
0 5.02231e-18
0 5.02221e-18
0 5.0221e-18
0 5.02199e-18
0 5.02189e-18
0 5.02178e-18
0 5.02168e-18
0 5.02157e-18
0 5.02146e-18
0 5.02136e-18
0 5.02125e-18
0 5.02115e-18
0 5.02105e-18
0 5.02094e-18
0 5.02084e-18
0 5.02074e-18
0 5.02063e-18
0 5.02053e-18
0 5.02043e-18
0 5.02032e-18
0 5.02022e-18
0 5.02012e-18
0 5.02002e-18
0 5.01992e-18
0 5.01981e-18
0 5.01971e-18
0 5.01961e-18
0 5.01951e-18
0 5.01941e-18
0 5.01931e-18
0 5.01921e-18
0 5.01911e-18
0 5.01901e-18
0 5.01891e-18
0 5.01881e-18
0 5.01871e-18
0 5.01862e-18
0 5.01852e-18
0 5.01842e-18
0 5.01832e-18
0 5.01822e-18
0 5.01813e-18
0 5.01803e-18
0 5.01793e-18
0 5.01783e-18
0 5.01774e-18
0 5.01764e-18
0 5.01755e-18
0 5.01745e-18
0 5.01735e-18
0 5.01726e-18
0 5.01716e-18
0 5.01707e-18
0 5.01697e-18
0 5.01688e-18
0 5.01678e-18
0 5.01669e-18
0 5.01659e-18
0 5.0165e-18
0 5.01641e-18
0 5.01631e-18
0 5.01622e-18
0 5.01613e-18
0 5.01603e-18
0 5.01594e-18
0 5.01585e-18
0 5.01576e-18
0 5.01567e-18
0 5.01557e-18
0 5.01548e-18
0 5.01539e-18
0 5.0153e-18
0 5.01521e-18
0 5.01512e-18
0 5.01503e-18
0 5.01494e-18
0 5.01485e-18
0 5.01476e-18
0 5.01467e-18
0 5.01458e-18
0 5.01449e-18
0 5.0144e-18
0 5.01431e-18
0 5.01422e-18
0 5.01413e-18
0 5.01404e-18
0 5.01395e-18
0 5.01387e-18
0 5.01378e-18
0 5.01369e-18
0 5.0136e-18
0 5.01351e-18
0 5.01343e-18
0 5.01334e-18
0 5.01325e-18
0 5.01317e-18
0 5.01308e-18
0 5.01299e-18
0 5.01291e-18
0 5.01282e-18
0 5.01274e-18
0 5.01265e-18
0 5.01257e-18
0 5.01248e-18
0 5.01239e-18
0 5.01231e-18
0 5.01223e-18
0 5.01214e-18
0 5.01206e-18
0 5.01197e-18
0 5.01189e-18
0 5.0118e-18
0 5.01172e-18
0 5.01164e-18
0 5.01155e-18
0 5.01147e-18
0 5.01139e-18
0 5.01131e-18
0 5.01122e-18
0 5.01114e-18
0 5.01106e-18
0 5.01098e-18
0 5.01089e-18
0 5.01081e-18
0 5.01073e-18
0 5.01065e-18
0 5.01057e-18
0 5.01049e-18
0 5.01041e-18
0 5.01033e-18
0 5.01024e-18
0 5.01016e-18
0 5.01008e-18
0 5.01e-18
0 5.00992e-18
0 5.00984e-18

