0 25253.2
0 1965.66
0 373.233
0 147.884
0 78.3086
0 47.9683
0 32.0315
0 22.6412
0 16.6619
0 12.6362
0 9.80959
0 7.7588
0 6.23132
0 5.06886
0 4.16815
0 3.45955
0 2.89473
0 2.43938
0 2.06862
0 1.76407
0 1.51193
0 1.30173
0 1.12537
0 0.976561
0 0.850343
0 0.742778
0 0.650708
0 0.571585
0 0.503336
0 0.444265
0 0.392975
0 0.34831
0 0.309305
0 0.275156
0 0.245185
0 0.218822
0 0.195584
0 0.175057
0 0.156893
0 0.140789
0 0.126488
0 0.113769
0 0.102438
0 0.0923292
0 0.0832991
0 0.0752217
0 0.0679876
0 0.061501
0 0.0556782
0 0.0504454
0 0.0457381
0 0.0414993
0 0.0376788
0 0.0342322
0 0.0311202
0 0.0283079
0 0.0257645
0 0.0234625
0 0.0213774
0 0.0194875
0 0.0177733
0 0.0162175
0 0.0148044
0 0.0135204
0 0.0123528
0 0.0112905
0 0.0103235
0 0.00944281
0 0.00864028
0 0.00790862
0 0.00724125
0 0.00663225
0 0.00607627
0 0.00556848
0 0.0051045
0 0.00468038
0 0.00429256
0 0.00393778
0 0.00361313
0 0.00331593
0 0.00304377
0 0.00279447
0 0.00256603
0 0.00235663
0 0.00216465
0 0.00198857
0 0.00182704
0 0.00167881
0 0.00154276
0 0.00141785
0 0.00130314
0 0.00119778
0 0.00110098
0 0.00101203
0 0.000930278
0 0.000855123
0 0.000786022
0 0.000722476
0 0.000664028
0 0.000610261
0 0.000560793
0 0.000515274
0 0.000473382
0 0.000434825
0 0.000399332
0 0.000366658
0 0.000336575
0 0.000308875
0 0.000283369
0 0.000259881
0 0.000238251
0 0.000218331
0 0.000199986
0 0.000183091
0 0.000167531
0 0.000153203
0 0.000140008
0 0.000127858
0 0.000116673
0 0.000106375
0 9.68966e-05
0 8.81739e-05
0 8.01481e-05
0 7.27655e-05
0 6.59765e-05
0 5.97353e-05
0 5.4e-05
0 4.87319e-05
0 4.38953e-05
0 3.94574e-05
0 3.53879e-05
0 3.16591e-05
0 2.82454e-05
0 2.5123e-05
0 2.22704e-05
0 1.96674e-05
0 1.72957e-05
0 1.51383e-05
0 1.31797e-05
0 1.14054e-05
0 9.8024e-06
0 8.35844e-06
0 7.06242e-06
0 5.90413e-06
0 4.87418e-06
0 3.96397e-06
0 3.16564e-06
0 2.47199e-06
0 1.87644e-06
0 1.373e-06
0 9.56213e-07
0 6.21122e-07
0 3.63243e-07
0 1.7853e-07
0 6.33438e-08
0 1.44274e-08
0 3.25958e-15
0 3.25774e-15
0 3.25593e-15
0 3.25414e-15
0 3.25237e-15
0 3.25063e-15
0 3.24891e-15
0 3.24721e-15
0 3.24554e-15
0 3.24389e-15
0 3.24226e-15
0 3.24065e-15
0 3.23906e-15
0 3.23749e-15
0 3.23594e-15
0 3.23441e-15
0 3.2329e-15
0 3.23141e-15
0 3.22994e-15
0 3.22848e-15
0 3.22705e-15
0 3.22563e-15
0 3.22423e-15
0 3.22284e-15
0 3.22147e-15
0 3.22012e-15
0 3.21879e-15
0 3.21746e-15
0 3.21616e-15
0 3.21487e-15
0 3.21359e-15
0 3.21233e-15
0 3.21109e-15
0 3.20986e-15
0 3.20864e-15
0 3.20743e-15
0 3.20624e-15
0 3.20507e-15
0 3.2039e-15
0 3.20275e-15
0 3.20161e-15
0 3.20048e-15
0 3.19937e-15
0 3.19826e-15
0 3.19717e-15
0 3.19609e-15
0 3.19503e-15
0 3.19397e-15
0 3.19292e-15
0 3.19189e-15
0 3.19086e-15
0 3.18985e-15
0 3.18885e-15
0 3.18785e-15
0 3.18687e-15
0 3.1859e-15
0 3.18493e-15
0 3.18398e-15
0 3.18303e-15
0 3.1821e-15
0 3.18117e-15
0 3.18026e-15
0 3.17935e-15
0 3.17845e-15
0 3.17756e-15
0 3.17668e-15
0 3.1758e-15
0 3.17494e-15
0 3.17408e-15
0 3.17323e-15
0 3.17239e-15
0 3.17156e-15
0 3.17073e-15
0 3.16992e-15
0 3.16911e-15
0 3.1683e-15
0 3.16751e-15
0 3.16672e-15
0 3.16594e-15
0 3.16516e-15
0 3.1644e-15
0 3.16364e-15
0 3.16288e-15
0 3.16214e-15
0 3.1614e-15
0 3.16066e-15
0 3.15994e-15
0 3.15921e-15
0 3.1585e-15
0 3.15779e-15
0 3.15709e-15
0 3.15639e-15
0 3.1557e-15
0 3.15502e-15
0 3.15434e-15
0 3.15366e-15
0 3.153e-15
0 3.15233e-15
0 3.15168e-15
0 3.15102e-15
0 3.15038e-15
0 3.14974e-15
0 3.1491e-15
0 3.14847e-15
0 3.14785e-15
0 3.14723e-15
0 3.14661e-15
0 3.146e-15
0 3.1454e-15
0 3.1448e-15
0 3.1442e-15
0 3.14361e-15
0 3.14302e-15
0 3.14244e-15
0 3.14186e-15
0 3.14129e-15
0 3.14072e-15
0 3.14016e-15
0 3.1396e-15
0 3.13904e-15
0 3.13849e-15
0 3.13794e-15
0 3.1374e-15
0 3.13686e-15
0 3.13632e-15
0 3.13579e-15
0 3.13527e-15
0 3.13474e-15
0 3.13422e-15
0 3.13371e-15
0 3.1332e-15
0 3.13269e-15
0 3.13218e-15
0 3.13168e-15
0 3.13119e-15
0 3.13069e-15
0 3.1302e-15
0 3.12972e-15
0 3.12923e-15
0 3.12875e-15
0 3.12828e-15
0 3.12781e-15
0 3.12734e-15
0 3.12687e-15
0 3.12641e-15
0 3.12595e-15
0 3.12549e-15
0 3.12504e-15
0 3.12459e-15
0 3.12414e-15
0 3.12369e-15
0 3.12325e-15
0 3.12281e-15
0 3.12238e-15
0 3.12195e-15
0 3.12152e-15
0 3.12109e-15
0 3.12067e-15
0 3.12025e-15
0 3.11983e-15
0 3.11941e-15
0 3.119e-15
0 3.11859e-15
0 3.11818e-15
0 3.11778e-15
0 3.11738e-15
0 3.11698e-15
0 3.11658e-15
0 3.11619e-15
0 3.11579e-15
0 3.1154e-15
0 3.11502e-15
0 3.11463e-15
0 3.11425e-15
0 3.11387e-15
0 3.1135e-15
0 3.11312e-15
0 3.11275e-15
0 3.11238e-15
0 3.11201e-15
0 3.11164e-15
0 3.11128e-15
0 3.11092e-15
0 3.11056e-15
0 3.1102e-15
0 3.10985e-15
0 3.1095e-15
0 3.10915e-15
0 3.1088e-15
0 3.10845e-15
0 3.10811e-15
0 3.10777e-15
0 3.10743e-15
0 3.10709e-15
0 3.10675e-15
0 3.10642e-15
0 3.10609e-15
0 3.10576e-15
0 3.10543e-15
0 3.10511e-15
0 3.10478e-15
0 3.10446e-15
0 3.10414e-15
0 3.10382e-15
0 3.1035e-15
0 3.10319e-15
0 3.10288e-15
0 3.10256e-15
0 3.10225e-15
0 3.10195e-15
0 3.10164e-15
0 3.10134e-15
0 3.10103e-15
0 3.10073e-15
0 3.10043e-15
0 3.10014e-15
0 3.09984e-15
0 3.09955e-15
0 3.09925e-15
0 3.09896e-15
0 3.09867e-15
0 3.09839e-15
0 3.0981e-15
0 3.09781e-15
0 3.09753e-15
0 3.09725e-15
0 3.09697e-15
0 3.09669e-15
0 3.09641e-15
0 3.09614e-15
0 3.09586e-15
0 3.09559e-15
0 3.09532e-15
0 3.09505e-15
0 3.09478e-15
0 3.09452e-15
0 3.09425e-15
0 3.09399e-15
0 3.09372e-15
0 3.09346e-15
0 3.0932e-15
0 3.09294e-15
0 3.09269e-15
0 3.09243e-15
0 3.09218e-15
0 3.09192e-15
0 3.09167e-15
0 3.09142e-15
0 3.09117e-15
0 3.09092e-15
0 3.09068e-15
0 3.09043e-15
0 3.09019e-15
0 3.08994e-15
0 3.0897e-15
0 3.08946e-15
0 3.08922e-15
0 3.08898e-15
0 3.08875e-15
0 3.08851e-15
0 3.08827e-15
0 3.08804e-15
0 3.08781e-15
0 3.08758e-15
0 3.08735e-15
0 3.08712e-15
0 3.08689e-15
0 3.08666e-15
0 3.08644e-15
0 3.08621e-15
0 3.08599e-15
0 3.08577e-15
0 3.08555e-15
0 3.08533e-15
0 3.08511e-15
0 3.08489e-15
0 3.08467e-15
0 3.08445e-15
0 3.08424e-15
0 3.08403e-15
0 3.08381e-15
0 3.0836e-15
0 3.08339e-15
0 3.08318e-15
0 3.08297e-15
0 3.08276e-15
0 3.08255e-15
0 3.08235e-15
0 3.08214e-15
0 3.08194e-15
0 3.08174e-15
0 3.08153e-15
0 3.08133e-15
0 3.08113e-15
0 3.08093e-15
0 3.08073e-15
0 3.08053e-15
0 3.08034e-15
0 3.08014e-15
0 3.07995e-15
0 3.07975e-15
0 3.07956e-15
0 3.07937e-15
0 3.07917e-15
0 3.07898e-15
0 3.07879e-15
0 3.0786e-15
0 3.07842e-15
0 3.07823e-15
0 3.07804e-15
0 3.07786e-15
0 3.07767e-15
0 3.07749e-15
0 3.0773e-15
0 3.07712e-15
0 3.07694e-15
0 3.07676e-15
0 3.07658e-15
0 3.0764e-15
0 3.07622e-15
0 3.07604e-15
0 3.07587e-15
0 3.07569e-15
0 3.07551e-15
0 3.07534e-15
0 3.07516e-15
0 3.07499e-15
0 3.07482e-15
0 3.07465e-15
0 3.07448e-15
0 3.07431e-15
0 3.07414e-15
0 3.07397e-15
0 3.0738e-15
0 3.07363e-15
0 3.07346e-15
0 3.0733e-15
0 3.07313e-15
0 3.07297e-15
0 3.0728e-15
0 3.07264e-15
0 3.07248e-15
0 3.07232e-15
0 3.07215e-15
0 3.07199e-15
0 3.07183e-15
0 3.07167e-15
0 3.07151e-15
0 3.07136e-15
0 3.0712e-15
0 3.07104e-15
0 3.07089e-15
0 3.07073e-15
0 3.07058e-15
0 3.07042e-15
0 3.07027e-15
0 3.07011e-15
0 3.06996e-15
0 3.06981e-15
0 3.06966e-15
0 3.06951e-15
0 3.06936e-15
0 3.06921e-15
0 3.06906e-15
0 3.06891e-15
0 3.06876e-15
0 3.06862e-15
0 3.06847e-15
0 3.06832e-15
0 3.06818e-15
0 3.06803e-15
0 3.06789e-15
0 3.06775e-15
0 3.0676e-15
0 3.06746e-15
0 3.06732e-15
0 3.06718e-15
0 3.06703e-15
0 3.06689e-15
0 3.06675e-15
0 3.06662e-15
0 3.06648e-15
0 3.06634e-15
0 3.0662e-15
0 3.06606e-15
0 3.06593e-15
0 3.06579e-15
0 3.06565e-15
0 3.06552e-15
0 3.06538e-15
0 3.06525e-15
0 3.06512e-15
0 3.06498e-15
0 3.06485e-15
0 3.06472e-15
0 3.06459e-15
0 3.06446e-15
0 3.06432e-15
0 3.06419e-15
0 3.06406e-15
0 3.06394e-15
0 3.06381e-15
0 3.06368e-15
0 3.06355e-15
0 3.06342e-15
0 3.0633e-15
0 3.06317e-15
0 3.06304e-15
0 3.06292e-15
0 3.06279e-15
0 3.06267e-15
0 3.06254e-15
0 3.06242e-15
0 3.0623e-15
0 3.06217e-15
0 3.06205e-15
0 3.06193e-15
0 3.06181e-15
0 3.06169e-15
0 3.06157e-15
0 3.06145e-15
0 3.06133e-15
0 3.06121e-15
0 3.06109e-15
0 3.06097e-15
0 3.06085e-15
0 3.06073e-15
0 3.06062e-15
0 3.0605e-15
0 3.06038e-15
0 3.06027e-15
0 3.06015e-15
0 3.06004e-15
0 3.05992e-15
0 3.05981e-15
0 3.05969e-15
0 3.05958e-15
0 3.05946e-15
0 3.05935e-15
0 3.05924e-15
0 3.05913e-15
0 3.05902e-15
0 3.0589e-15
0 3.05879e-15
0 3.05868e-15
0 3.05857e-15
0 3.05846e-15
0 3.05835e-15
0 3.05824e-15
0 3.05813e-15
0 3.05803e-15
0 3.05792e-15
0 3.05781e-15
0 3.0577e-15
0 3.0576e-15
0 3.05749e-15
0 3.05738e-15
0 3.05728e-15
0 3.05717e-15
0 3.05707e-15
0 3.05696e-15
0 3.05686e-15
0 3.05675e-15
0 3.05665e-15
0 3.05655e-15
0 3.05644e-15
0 3.05634e-15
0 3.05624e-15
0 3.05614e-15
0 3.05603e-15
0 3.05593e-15
0 3.05583e-15
0 3.05573e-15
0 3.05563e-15
0 3.05553e-15
0 3.05543e-15
0 3.05533e-15
0 3.05523e-15
0 3.05513e-15
0 3.05503e-15
0 3.05494e-15
0 3.05484e-15
0 3.05474e-15
0 3.05464e-15
0 3.05455e-15
0 3.05445e-15
0 3.05435e-15
0 3.05426e-15
0 3.05416e-15
0 3.05407e-15
0 3.05397e-15
0 3.05388e-15
0 3.05378e-15
0 3.05369e-15
0 3.05359e-15
0 3.0535e-15
0 3.05341e-15
0 3.05331e-15
0 3.05322e-15
0 3.05313e-15
0 3.05304e-15
0 3.05294e-15
0 3.05285e-15
0 3.05276e-15
0 3.05267e-15
0 3.05258e-15
0 3.05249e-15
0 3.0524e-15
0 3.05231e-15
0 3.05222e-15
0 3.05213e-15
0 3.05204e-15
0 3.05195e-15
0 3.05186e-15
0 3.05177e-15
0 3.05169e-15
0 3.0516e-15
0 3.05151e-15
0 3.05142e-15
0 3.05134e-15
0 3.05125e-15
0 3.05116e-15
0 3.05108e-15
0 3.05099e-15
0 3.05091e-15
0 3.05082e-15
0 3.05074e-15
0 3.05065e-15
0 3.05057e-15
0 3.05048e-15
0 3.0504e-15
0 3.05031e-15
0 3.05023e-15
0 3.05015e-15
0 3.05006e-15
0 3.04998e-15
0 3.0499e-15
0 3.04981e-15
0 3.04973e-15
0 3.04965e-15
0 3.04957e-15
0 3.04949e-15
0 3.04941e-15
0 3.04933e-15
0 3.04924e-15
0 3.04916e-15
0 3.04908e-15
0 3.049e-15
0 3.04892e-15
0 3.04884e-15
0 3.04876e-15
0 3.04869e-15
0 3.04861e-15
0 3.04853e-15
0 3.04845e-15
0 3.04837e-15
0 3.04829e-15
0 3.04822e-15
0 3.04814e-15
0 3.04806e-15
0 3.04798e-15
0 3.04791e-15
0 3.04783e-15
0 3.04775e-15
0 3.04768e-15
0 3.0476e-15
0 3.04753e-15
0 3.04745e-15
0 3.04737e-15
0 3.0473e-15
0 3.04722e-15
0 3.04715e-15
0 3.04707e-15
0 3.047e-15
0 3.04693e-15
0 3.04685e-15
0 3.04678e-15
0 3.0467e-15
0 3.04663e-15
0 3.04656e-15
0 3.04649e-15
0 3.04641e-15
0 3.04634e-15
0 3.04627e-15
0 3.0462e-15
0 3.04612e-15
0 3.04605e-15
0 3.04598e-15
0 3.04591e-15
0 3.04584e-15
0 3.04577e-15
0 3.0457e-15
0 3.04563e-15
0 3.04556e-15
0 3.04549e-15
0 3.04542e-15
0 3.04535e-15
0 3.04528e-15
0 3.04521e-15
0 3.04514e-15
0 3.04507e-15
0 3.045e-15
0 3.04493e-15
0 3.04486e-15
0 3.04479e-15
0 3.04473e-15
0 3.04466e-15
0 3.04459e-15
0 3.04452e-15
0 3.04446e-15
0 3.04439e-15
0 3.04432e-15
0 3.04425e-15
0 3.04419e-15
0 3.04412e-15
0 3.04405e-15
0 3.04399e-15
0 3.04392e-15
0 3.04386e-15
0 3.04379e-15
0 3.04373e-15
0 3.04366e-15
0 3.04359e-15
0 3.04353e-15
0 3.04347e-15
0 3.0434e-15
0 3.04334e-15
0 3.04327e-15
0 3.04321e-15
0 3.04314e-15
0 3.04308e-15
0 3.04302e-15
0 3.04295e-15
0 3.04289e-15
0 3.04283e-15
0 3.04276e-15
0 3.0427e-15
0 3.04264e-15
0 3.04258e-15
0 3.04251e-15
0 3.04245e-15
0 3.04239e-15
0 3.04233e-15
0 3.04227e-15
0 3.0422e-15
0 3.04214e-15
0 3.04208e-15
0 3.04202e-15
0 3.04196e-15
0 3.0419e-15
0 3.04184e-15
0 3.04178e-15
0 3.04172e-15
0 3.04166e-15
0 3.0416e-15
0 3.04154e-15
0 3.04148e-15
0 3.04142e-15
0 3.04136e-15
0 3.0413e-15
0 3.04124e-15
0 3.04118e-15
0 3.04112e-15
0 3.04106e-15
0 3.04101e-15
0 3.04095e-15
0 3.04089e-15
0 3.04083e-15
0 3.04077e-15
0 3.04071e-15
0 3.04066e-15
0 3.0406e-15
0 3.04054e-15
0 3.04048e-15
0 3.04043e-15
0 3.04037e-15
0 3.04031e-15
0 3.04026e-15
0 3.0402e-15
0 3.04014e-15
0 3.04009e-15
0 3.04003e-15
0 3.03998e-15
0 3.03992e-15
0 3.03986e-15
0 3.03981e-15
0 3.03975e-15
0 3.0397e-15
0 3.03964e-15
0 3.03959e-15
0 3.03953e-15
0 3.03948e-15
0 3.03942e-15
0 3.03937e-15
0 3.03931e-15
0 3.03926e-15
0 3.03921e-15
0 3.03915e-15
0 3.0391e-15
0 3.03904e-15
0 3.03899e-15
0 3.03894e-15
0 3.03888e-15
0 3.03883e-15
0 3.03878e-15
0 3.03872e-15
0 3.03867e-15
0 3.03862e-15
0 3.03857e-15
0 3.03851e-15
0 3.03846e-15
0 3.03841e-15
0 3.03836e-15
0 3.0383e-15
0 3.03825e-15
0 3.0382e-15
0 3.03815e-15
0 3.0381e-15
0 3.03805e-15
0 3.03799e-15
0 3.03794e-15
0 3.03789e-15
0 3.03784e-15
0 3.03779e-15
0 3.03774e-15
0 3.03769e-15
0 3.03764e-15
0 3.03759e-15
0 3.03754e-15
0 3.03749e-15
0 3.03744e-15
0 3.03739e-15
0 3.03734e-15
0 3.03729e-15
0 3.03724e-15
0 3.03719e-15
0 3.03714e-15
0 3.03709e-15
0 3.03704e-15
0 3.03699e-15
0 3.03694e-15
0 3.0369e-15
0 3.03685e-15
0 3.0368e-15
0 3.03675e-15
0 3.0367e-15
0 3.03665e-15
0 3.03661e-15
0 3.03656e-15
0 3.03651e-15
0 3.03646e-15
0 3.03641e-15
0 3.03637e-15
0 3.03632e-15
0 3.03627e-15
0 3.03622e-15
0 3.03618e-15
0 3.03613e-15
0 3.03608e-15
0 3.03604e-15
0 3.03599e-15
0 3.03594e-15
0 3.0359e-15
0 3.03585e-15
0 3.0358e-15
0 3.03576e-15
0 3.03571e-15
0 3.03567e-15
0 3.03562e-15
0 3.03557e-15
0 3.03553e-15
0 3.03548e-15
0 3.03544e-15
0 3.03539e-15
0 3.03535e-15
0 3.0353e-15
0 3.03526e-15
0 3.03521e-15
0 3.03517e-15
0 3.03512e-15
0 3.03508e-15
0 3.03503e-15
0 3.03499e-15
0 3.03494e-15
0 3.0349e-15
0 3.03485e-15
0 3.03481e-15
0 3.03477e-15
0 3.03472e-15
0 3.03468e-15
0 3.03463e-15
0 3.03459e-15
0 3.03455e-15
0 3.0345e-15
0 3.03446e-15
0 3.03442e-15
0 3.03437e-15
0 3.03433e-15
0 3.03429e-15
0 3.03424e-15
0 3.0342e-15
0 3.03416e-15
0 3.03412e-15
0 3.03407e-15
0 3.03403e-15
0 3.03399e-15
0 3.03395e-15
0 3.0339e-15
0 3.03386e-15
0 3.03382e-15
0 3.03378e-15
0 3.03374e-15
0 3.03369e-15
0 3.03365e-15
0 3.03361e-15
0 3.03357e-15
0 3.03353e-15
0 3.03349e-15
0 3.03344e-15
0 3.0334e-15
0 3.03336e-15
0 3.03332e-15
0 3.03328e-15
0 3.03324e-15
0 3.0332e-15
0 3.03316e-15
0 3.03312e-15
0 3.03308e-15
0 3.03304e-15
0 3.033e-15
0 3.03296e-15
0 3.03292e-15
0 3.03288e-15
0 3.03284e-15
0 3.0328e-15
0 3.03276e-15
0 3.03272e-15
0 3.03268e-15
0 3.03264e-15
0 3.0326e-15
0 3.03256e-15
0 3.03252e-15
0 3.03248e-15
0 3.03244e-15

