0 705001
0 6388.15
0 1643.29
0 735.943
0 406.722
0 251.926
0 167.83
0 117.655
0 85.6645
0 64.2283
0 49.2961
0 38.5653
0 30.6539
0 24.6951
0 20.1248
0 16.5643
0 13.7528
0 11.5062
0 9.69225
0 8.21391
0 6.99908
0 5.99331
0 5.155
0 4.452
0 3.85918
0 3.35671
0 2.92885
0 2.56294
0 2.24877
0 1.97804
0 1.74394
0 1.54088
0 1.36422
0 1.21011
0 1.07532
0 0.95714
0 0.853292
0 0.761842
0 0.681147
0 0.609808
0 0.546626
0 0.490575
0 0.440768
0 0.396444
0 0.356941
0 0.321686
0 0.290182
0 0.261994
0 0.236744
0 0.214099
0 0.193769
0 0.175498
0 0.159062
0 0.144262
0 0.130923
0 0.11889
0 0.108028
0 0.0982128
0 0.0893381
0 0.0813076
0 0.0740358
0 0.0674465
0 0.0614717
0 0.0560508
0 0.0511294
0 0.0466588
0 0.0425955
0 0.0389003
0 0.0355382
0 0.0324776
0 0.02969
0 0.02715
0 0.0248345
0 0.0227227
0 0.0207959
0 0.0190372
0 0.0174312
0 0.0159642
0 0.0146236
0 0.0133981
0 0.0122775
0 0.0112524
0 0.0103144
0 0.0094558
0 0.00866969
0 0.00794973
0 0.00729017
0 0.0066858
0 0.00613184
0 0.00562398
0 0.00515827
0 0.00473112
0 0.00433925
0 0.00397968
0 0.00364968
0 0.00334677
0 0.00306867
0 0.00281332
0 0.00257882
0 0.00236344
0 0.00216559
0 0.00198382
0 0.00181682
0 0.00166337
0 0.00152236
0 0.00139278
0 0.00127369
0 0.00116423
0 0.00106364
0 0.000971192
0 0.000886229
0 0.000808148
0 0.000736399
0 0.000670473
0 0.000609906
0 0.00055427
0 0.000503173
0 0.000456256
0 0.000413187
0 0.000373663
0 0.000337404
0 0.000304156
0 0.000273681
0 0.000245764
0 0.000220206
0 0.000196824
0 0.00017545
0 0.000155929
0 0.000138121
0 0.000121894
0 0.000107129
0 9.37163e-05
0 8.15541e-05
0 7.055e-05
0 6.06189e-05
0 5.16825e-05
0 4.36693e-05
0 3.65135e-05
0 3.0155e-05
0 2.45386e-05
0 1.96141e-05
0 1.53354e-05
0 1.16606e-05
0 8.55144e-06
0 5.97318e-06
0 3.8943e-06
0 2.2863e-06
0 1.12345e-06
0 3.82643e-07
0 4.31912e-08
0 1.92506e-14
0 1.9239e-14
0 1.92276e-14
0 1.92163e-14
0 1.92052e-14
0 1.91942e-14
0 1.91834e-14
0 1.91727e-14
0 1.91622e-14
0 1.91518e-14
0 1.91416e-14
0 1.91315e-14
0 1.91215e-14
0 1.91117e-14
0 1.9102e-14
0 1.90924e-14
0 1.9083e-14
0 1.90737e-14
0 1.90645e-14
0 1.90554e-14
0 1.90464e-14
0 1.90375e-14
0 1.90288e-14
0 1.90202e-14
0 1.90116e-14
0 1.90032e-14
0 1.89949e-14
0 1.89867e-14
0 1.89785e-14
0 1.89705e-14
0 1.89626e-14
0 1.89547e-14
0 1.8947e-14
0 1.89393e-14
0 1.89318e-14
0 1.89243e-14
0 1.89169e-14
0 1.89096e-14
0 1.89024e-14
0 1.88952e-14
0 1.88882e-14
0 1.88812e-14
0 1.88743e-14
0 1.88675e-14
0 1.88607e-14
0 1.8854e-14
0 1.88474e-14
0 1.88409e-14
0 1.88344e-14
0 1.8828e-14
0 1.88217e-14
0 1.88155e-14
0 1.88093e-14
0 1.88031e-14
0 1.87971e-14
0 1.87911e-14
0 1.87851e-14
0 1.87793e-14
0 1.87735e-14
0 1.87677e-14
0 1.8762e-14
0 1.87564e-14
0 1.87508e-14
0 1.87452e-14
0 1.87398e-14
0 1.87343e-14
0 1.8729e-14
0 1.87237e-14
0 1.87184e-14
0 1.87132e-14
0 1.8708e-14
0 1.87029e-14
0 1.86978e-14
0 1.86928e-14
0 1.86879e-14
0 1.86829e-14
0 1.86781e-14
0 1.86732e-14
0 1.86684e-14
0 1.86637e-14
0 1.8659e-14
0 1.86544e-14
0 1.86497e-14
0 1.86452e-14
0 1.86406e-14
0 1.86362e-14
0 1.86317e-14
0 1.86273e-14
0 1.86229e-14
0 1.86186e-14
0 1.86143e-14
0 1.86101e-14
0 1.86058e-14
0 1.86017e-14
0 1.85975e-14
0 1.85934e-14
0 1.85893e-14
0 1.85853e-14
0 1.85813e-14
0 1.85773e-14
0 1.85734e-14
0 1.85695e-14
0 1.85656e-14
0 1.85617e-14
0 1.85579e-14
0 1.85542e-14
0 1.85504e-14
0 1.85467e-14
0 1.8543e-14
0 1.85394e-14
0 1.85357e-14
0 1.85321e-14
0 1.85286e-14
0 1.8525e-14
0 1.85215e-14
0 1.8518e-14
0 1.85146e-14
0 1.85112e-14
0 1.85078e-14
0 1.85044e-14
0 1.8501e-14
0 1.84977e-14
0 1.84944e-14
0 1.84911e-14
0 1.84879e-14
0 1.84847e-14
0 1.84815e-14
0 1.84783e-14
0 1.84751e-14
0 1.8472e-14
0 1.84689e-14
0 1.84658e-14
0 1.84628e-14
0 1.84597e-14
0 1.84567e-14
0 1.84537e-14
0 1.84508e-14
0 1.84478e-14
0 1.84449e-14
0 1.8442e-14
0 1.84391e-14
0 1.84362e-14
0 1.84334e-14
0 1.84306e-14
0 1.84278e-14
0 1.8425e-14
0 1.84222e-14
0 1.84195e-14
0 1.84168e-14
0 1.84141e-14
0 1.84114e-14
0 1.84087e-14
0 1.84061e-14
0 1.84034e-14
0 1.84008e-14
0 1.83982e-14
0 1.83957e-14
0 1.83931e-14
0 1.83906e-14
0 1.8388e-14
0 1.83855e-14
0 1.8383e-14
0 1.83806e-14
0 1.83781e-14
0 1.83757e-14
0 1.83732e-14
0 1.83708e-14
0 1.83684e-14
0 1.8366e-14
0 1.83637e-14
0 1.83613e-14
0 1.8359e-14
0 1.83567e-14
0 1.83544e-14
0 1.83521e-14
0 1.83498e-14
0 1.83476e-14
0 1.83453e-14
0 1.83431e-14
0 1.83409e-14
0 1.83387e-14
0 1.83365e-14
0 1.83343e-14
0 1.83322e-14
0 1.833e-14
0 1.83279e-14
0 1.83258e-14
0 1.83236e-14
0 1.83216e-14
0 1.83195e-14
0 1.83174e-14
0 1.83153e-14
0 1.83133e-14
0 1.83113e-14
0 1.83093e-14
0 1.83072e-14
0 1.83053e-14
0 1.83033e-14
0 1.83013e-14
0 1.82993e-14
0 1.82974e-14
0 1.82955e-14
0 1.82935e-14
0 1.82916e-14
0 1.82897e-14
0 1.82878e-14
0 1.82859e-14
0 1.82841e-14
0 1.82822e-14
0 1.82804e-14
0 1.82785e-14
0 1.82767e-14
0 1.82749e-14
0 1.82731e-14
0 1.82713e-14
0 1.82695e-14
0 1.82677e-14
0 1.8266e-14
0 1.82642e-14
0 1.82625e-14
0 1.82607e-14
0 1.8259e-14
0 1.82573e-14
0 1.82556e-14
0 1.82539e-14
0 1.82522e-14
0 1.82505e-14
0 1.82488e-14
0 1.82472e-14
0 1.82455e-14
0 1.82439e-14
0 1.82422e-14
0 1.82406e-14
0 1.8239e-14
0 1.82374e-14
0 1.82358e-14
0 1.82342e-14
0 1.82326e-14
0 1.82311e-14
0 1.82295e-14
0 1.82279e-14
0 1.82264e-14
0 1.82248e-14
0 1.82233e-14
0 1.82218e-14
0 1.82203e-14
0 1.82188e-14
0 1.82173e-14
0 1.82158e-14
0 1.82143e-14
0 1.82128e-14
0 1.82113e-14
0 1.82099e-14
0 1.82084e-14
0 1.8207e-14
0 1.82055e-14
0 1.82041e-14
0 1.82027e-14
0 1.82013e-14
0 1.81999e-14
0 1.81984e-14
0 1.81971e-14
0 1.81957e-14
0 1.81943e-14
0 1.81929e-14
0 1.81915e-14
0 1.81902e-14
0 1.81888e-14
0 1.81875e-14
0 1.81861e-14
0 1.81848e-14
0 1.81835e-14
0 1.81821e-14
0 1.81808e-14
0 1.81795e-14
0 1.81782e-14
0 1.81769e-14
0 1.81756e-14
0 1.81743e-14
0 1.81731e-14
0 1.81718e-14
0 1.81705e-14
0 1.81693e-14
0 1.8168e-14
0 1.81668e-14
0 1.81655e-14
0 1.81643e-14
0 1.8163e-14
0 1.81618e-14
0 1.81606e-14
0 1.81594e-14
0 1.81582e-14
0 1.8157e-14
0 1.81558e-14
0 1.81546e-14
0 1.81534e-14
0 1.81522e-14
0 1.81511e-14
0 1.81499e-14
0 1.81487e-14
0 1.81476e-14
0 1.81464e-14
0 1.81453e-14
0 1.81441e-14
0 1.8143e-14
0 1.81418e-14
0 1.81407e-14
0 1.81396e-14
0 1.81385e-14
0 1.81374e-14
0 1.81363e-14
0 1.81352e-14
0 1.81341e-14
0 1.8133e-14
0 1.81319e-14
0 1.81308e-14
0 1.81297e-14
0 1.81286e-14
0 1.81276e-14
0 1.81265e-14
0 1.81255e-14
0 1.81244e-14
0 1.81234e-14
0 1.81223e-14
0 1.81213e-14
0 1.81202e-14
0 1.81192e-14
0 1.81182e-14
0 1.81171e-14
0 1.81161e-14
0 1.81151e-14
0 1.81141e-14
0 1.81131e-14
0 1.81121e-14
0 1.81111e-14
0 1.81101e-14
0 1.81091e-14
0 1.81081e-14
0 1.81072e-14
0 1.81062e-14
0 1.81052e-14
0 1.81042e-14
0 1.81033e-14
0 1.81023e-14
0 1.81014e-14
0 1.81004e-14
0 1.80995e-14
0 1.80985e-14
0 1.80976e-14
0 1.80966e-14
0 1.80957e-14
0 1.80948e-14
0 1.80938e-14
0 1.80929e-14
0 1.8092e-14
0 1.80911e-14
0 1.80902e-14
0 1.80893e-14
0 1.80884e-14
0 1.80875e-14
0 1.80866e-14
0 1.80857e-14
0 1.80848e-14
0 1.80839e-14
0 1.8083e-14
0 1.80822e-14
0 1.80813e-14
0 1.80804e-14
0 1.80795e-14
0 1.80787e-14
0 1.80778e-14
0 1.8077e-14
0 1.80761e-14
0 1.80753e-14
0 1.80744e-14
0 1.80736e-14
0 1.80727e-14
0 1.80719e-14
0 1.8071e-14
0 1.80702e-14
0 1.80694e-14
0 1.80686e-14
0 1.80677e-14
0 1.80669e-14
0 1.80661e-14
0 1.80653e-14
0 1.80645e-14
0 1.80637e-14
0 1.80629e-14
0 1.80621e-14
0 1.80613e-14
0 1.80605e-14
0 1.80597e-14
0 1.80589e-14
0 1.80581e-14
0 1.80573e-14
0 1.80566e-14
0 1.80558e-14
0 1.8055e-14
0 1.80542e-14
0 1.80535e-14
0 1.80527e-14
0 1.8052e-14
0 1.80512e-14
0 1.80504e-14
0 1.80497e-14
0 1.80489e-14
0 1.80482e-14
0 1.80474e-14
0 1.80467e-14
0 1.8046e-14
0 1.80452e-14
0 1.80445e-14
0 1.80438e-14
0 1.8043e-14
0 1.80423e-14
0 1.80416e-14
0 1.80409e-14
0 1.80401e-14
0 1.80394e-14
0 1.80387e-14
0 1.8038e-14
0 1.80373e-14
0 1.80366e-14
0 1.80359e-14
0 1.80352e-14
0 1.80345e-14
0 1.80338e-14
0 1.80331e-14
0 1.80324e-14
0 1.80317e-14
0 1.8031e-14
0 1.80304e-14
0 1.80297e-14
0 1.8029e-14
0 1.80283e-14
0 1.80276e-14
0 1.8027e-14
0 1.80263e-14
0 1.80256e-14
0 1.8025e-14
0 1.80243e-14
0 1.80236e-14
0 1.8023e-14
0 1.80223e-14
0 1.80217e-14
0 1.8021e-14
0 1.80204e-14
0 1.80197e-14
0 1.80191e-14
0 1.80185e-14
0 1.80178e-14
0 1.80172e-14
0 1.80165e-14
0 1.80159e-14
0 1.80153e-14
0 1.80146e-14
0 1.8014e-14
0 1.80134e-14
0 1.80128e-14
0 1.80121e-14
0 1.80115e-14
0 1.80109e-14
0 1.80103e-14
0 1.80097e-14
0 1.80091e-14
0 1.80085e-14
0 1.80079e-14
0 1.80073e-14
0 1.80067e-14
0 1.80061e-14
0 1.80055e-14
0 1.80049e-14
0 1.80043e-14
0 1.80037e-14
0 1.80031e-14
0 1.80025e-14
0 1.80019e-14
0 1.80013e-14
0 1.80007e-14
0 1.80002e-14
0 1.79996e-14
0 1.7999e-14
0 1.79984e-14
0 1.79978e-14
0 1.79973e-14
0 1.79967e-14
0 1.79961e-14
0 1.79956e-14
0 1.7995e-14
0 1.79944e-14
0 1.79939e-14
0 1.79933e-14
0 1.79928e-14
0 1.79922e-14
0 1.79917e-14
0 1.79911e-14
0 1.79906e-14
0 1.799e-14
0 1.79895e-14
0 1.79889e-14
0 1.79884e-14
0 1.79878e-14
0 1.79873e-14
0 1.79867e-14
0 1.79862e-14
0 1.79857e-14
0 1.79851e-14
0 1.79846e-14
0 1.79841e-14
0 1.79836e-14
0 1.7983e-14
0 1.79825e-14
0 1.7982e-14
0 1.79815e-14
0 1.79809e-14
0 1.79804e-14
0 1.79799e-14
0 1.79794e-14
0 1.79789e-14
0 1.79784e-14
0 1.79778e-14
0 1.79773e-14
0 1.79768e-14
0 1.79763e-14
0 1.79758e-14
0 1.79753e-14
0 1.79748e-14
0 1.79743e-14
0 1.79738e-14
0 1.79733e-14
0 1.79728e-14
0 1.79723e-14
0 1.79718e-14
0 1.79713e-14
0 1.79709e-14
0 1.79704e-14
0 1.79699e-14
0 1.79694e-14
0 1.79689e-14
0 1.79684e-14
0 1.79679e-14
0 1.79675e-14
0 1.7967e-14
0 1.79665e-14
0 1.7966e-14
0 1.79656e-14
0 1.79651e-14
0 1.79646e-14
0 1.79641e-14
0 1.79637e-14
0 1.79632e-14
0 1.79627e-14
0 1.79623e-14
0 1.79618e-14
0 1.79613e-14
0 1.79609e-14
0 1.79604e-14
0 1.796e-14
0 1.79595e-14
0 1.79591e-14
0 1.79586e-14
0 1.79582e-14
0 1.79577e-14
0 1.79573e-14
0 1.79568e-14
0 1.79564e-14
0 1.79559e-14
0 1.79555e-14
0 1.7955e-14
0 1.79546e-14
0 1.79541e-14
0 1.79537e-14
0 1.79533e-14
0 1.79528e-14
0 1.79524e-14
0 1.79519e-14
0 1.79515e-14
0 1.79511e-14
0 1.79506e-14
0 1.79502e-14
0 1.79498e-14
0 1.79494e-14
0 1.79489e-14
0 1.79485e-14
0 1.79481e-14
0 1.79477e-14
0 1.79472e-14
0 1.79468e-14
0 1.79464e-14
0 1.7946e-14
0 1.79456e-14
0 1.79451e-14
0 1.79447e-14
0 1.79443e-14
0 1.79439e-14
0 1.79435e-14
0 1.79431e-14
0 1.79427e-14
0 1.79423e-14
0 1.79419e-14
0 1.79414e-14
0 1.7941e-14
0 1.79406e-14
0 1.79402e-14
0 1.79398e-14
0 1.79394e-14
0 1.7939e-14
0 1.79386e-14
0 1.79382e-14
0 1.79378e-14
0 1.79374e-14
0 1.79371e-14
0 1.79367e-14
0 1.79363e-14
0 1.79359e-14
0 1.79355e-14
0 1.79351e-14
0 1.79347e-14
0 1.79343e-14
0 1.79339e-14
0 1.79335e-14
0 1.79332e-14
0 1.79328e-14
0 1.79324e-14
0 1.7932e-14
0 1.79316e-14
0 1.79313e-14
0 1.79309e-14
0 1.79305e-14
0 1.79301e-14
0 1.79298e-14
0 1.79294e-14
0 1.7929e-14
0 1.79286e-14
0 1.79283e-14
0 1.79279e-14
0 1.79275e-14
0 1.79272e-14
0 1.79268e-14
0 1.79264e-14
0 1.79261e-14
0 1.79257e-14
0 1.79253e-14
0 1.7925e-14
0 1.79246e-14
0 1.79242e-14
0 1.79239e-14
0 1.79235e-14
0 1.79232e-14
0 1.79228e-14
0 1.79225e-14
0 1.79221e-14
0 1.79217e-14
0 1.79214e-14
0 1.7921e-14
0 1.79207e-14
0 1.79203e-14
0 1.792e-14
0 1.79196e-14
0 1.79193e-14
0 1.79189e-14
0 1.79186e-14
0 1.79182e-14
0 1.79179e-14
0 1.79176e-14
0 1.79172e-14
0 1.79169e-14
0 1.79165e-14
0 1.79162e-14
0 1.79158e-14
0 1.79155e-14
0 1.79152e-14
0 1.79148e-14
0 1.79145e-14
0 1.79142e-14
0 1.79138e-14
0 1.79135e-14
0 1.79132e-14
0 1.79128e-14
0 1.79125e-14
0 1.79122e-14
0 1.79118e-14
0 1.79115e-14
0 1.79112e-14
0 1.79109e-14
0 1.79105e-14
0 1.79102e-14
0 1.79099e-14
0 1.79095e-14
0 1.79092e-14
0 1.79089e-14
0 1.79086e-14
0 1.79083e-14
0 1.79079e-14
0 1.79076e-14
0 1.79073e-14
0 1.7907e-14
0 1.79067e-14
0 1.79063e-14
0 1.7906e-14
0 1.79057e-14
0 1.79054e-14
0 1.79051e-14
0 1.79048e-14
0 1.79045e-14
0 1.79042e-14
0 1.79038e-14
0 1.79035e-14
0 1.79032e-14
0 1.79029e-14
0 1.79026e-14
0 1.79023e-14
0 1.7902e-14
0 1.79017e-14
0 1.79014e-14
0 1.79011e-14
0 1.79008e-14
0 1.79005e-14
0 1.79002e-14
0 1.78999e-14
0 1.78996e-14
0 1.78993e-14
0 1.7899e-14
0 1.78987e-14
0 1.78984e-14
0 1.78981e-14
0 1.78978e-14
0 1.78975e-14
0 1.78972e-14
0 1.78969e-14
0 1.78966e-14
0 1.78963e-14
0 1.7896e-14
0 1.78957e-14
0 1.78954e-14
0 1.78951e-14
0 1.78949e-14
0 1.78946e-14
0 1.78943e-14
0 1.7894e-14
0 1.78937e-14
0 1.78934e-14
0 1.78931e-14
0 1.78928e-14
0 1.78926e-14
0 1.78923e-14
0 1.7892e-14
0 1.78917e-14
0 1.78914e-14
0 1.78911e-14
0 1.78909e-14
0 1.78906e-14
0 1.78903e-14
0 1.789e-14
0 1.78898e-14
0 1.78895e-14
0 1.78892e-14
0 1.78889e-14
0 1.78886e-14
0 1.78884e-14
0 1.78881e-14
0 1.78878e-14
0 1.78876e-14
0 1.78873e-14
0 1.7887e-14
0 1.78867e-14
0 1.78865e-14
0 1.78862e-14
0 1.78859e-14
0 1.78857e-14
0 1.78854e-14
0 1.78851e-14
0 1.78849e-14
0 1.78846e-14
0 1.78843e-14
0 1.78841e-14
0 1.78838e-14
0 1.78835e-14
0 1.78833e-14
0 1.7883e-14
0 1.78827e-14
0 1.78825e-14
0 1.78822e-14
0 1.7882e-14
0 1.78817e-14
0 1.78814e-14
0 1.78812e-14
0 1.78809e-14
0 1.78807e-14
0 1.78804e-14
0 1.78801e-14
0 1.78799e-14
0 1.78796e-14
0 1.78794e-14
0 1.78791e-14
0 1.78789e-14
0 1.78786e-14
0 1.78784e-14
0 1.78781e-14
0 1.78779e-14
0 1.78776e-14
0 1.78774e-14
0 1.78771e-14
0 1.78769e-14
0 1.78766e-14
0 1.78764e-14
0 1.78761e-14
0 1.78759e-14
0 1.78756e-14
0 1.78754e-14
0 1.78751e-14
0 1.78749e-14
0 1.78746e-14
0 1.78744e-14
0 1.78741e-14
0 1.78739e-14
0 1.78737e-14
0 1.78734e-14
0 1.78732e-14
0 1.78729e-14
0 1.78727e-14
0 1.78724e-14
0 1.78722e-14
0 1.7872e-14
0 1.78717e-14
0 1.78715e-14
0 1.78712e-14
0 1.7871e-14
0 1.78708e-14
0 1.78705e-14
0 1.78703e-14
0 1.78701e-14
0 1.78698e-14
0 1.78696e-14
0 1.78694e-14
0 1.78691e-14
0 1.78689e-14
0 1.78687e-14
0 1.78684e-14
0 1.78682e-14
0 1.7868e-14
0 1.78677e-14
0 1.78675e-14
0 1.78673e-14
0 1.7867e-14
0 1.78668e-14
0 1.78666e-14
0 1.78664e-14
0 1.78661e-14

