0 38810.2
0 2255.49
0 440.909
0 179.163
0 96.0804
0 59.2259
0 39.6678
0 28.0726
0 20.6627
0 15.6639
0 12.1507
0 9.60118
0 7.70268
0 6.25864
0 5.14059
0 4.26176
0 3.56194
0 2.99833
0 2.53989
0 2.16371
0 1.8526
0 1.59349
0 1.37632
0 1.19325
0 1.03813
0 0.90605
0 0.793101
0 0.69612
0 0.612538
0 0.540256
0 0.477545
0 0.422975
0 0.375358
0 0.333699
0 0.297163
0 0.265048
0 0.236757
0 0.211784
0 0.189699
0 0.170132
0 0.152766
0 0.137329
0 0.123585
0 0.111332
0 0.100391
0 0.0906102
0 0.081855
0 0.0740086
0 0.0669686
0 0.0606453
0 0.0549598
0 0.0498426
0 0.0452327
0 0.0410758
0 0.0373242
0 0.0339356
0 0.0308723
0 0.028101
0 0.0255919
0 0.0233187
0 0.0212578
0 0.019388
0 0.0176906
0 0.0161488
0 0.0147475
0 0.013473
0 0.0123134
0 0.0112577
0 0.0102961
0 0.00941972
0 0.00862072
0 0.0078919
0 0.00722679
0 0.00661958
0 0.00606498
0 0.00555824
0 0.00509504
0 0.0046715
0 0.00428406
0 0.00392954
0 0.00360503
0 0.00330788
0 0.00303571
0 0.00278634
0 0.00255779
0 0.00234827
0 0.00215613
0 0.0019799
0 0.00181821
0 0.00166983
0 0.00153363
0 0.00140858
0 0.00129374
0 0.00118827
0 0.00109137
0 0.00100233
0 0.000920506
0 0.000845294
0 0.000776151
0 0.000712577
0 0.000654117
0 0.000600351
0 0.000550897
0 0.000505404
0 0.000463552
0 0.000425045
0 0.000389614
0 0.000357011
0 0.000327009
0 0.0002994
0 0.000273992
0 0.00025061
0 0.000229094
0 0.000209294
0 0.000191075
0 0.000174312
0 0.00015889
0 0.000144705
0 0.000131658
0 0.000119661
0 0.000108632
0 9.84946e-05
0 8.91806e-05
0 8.06259e-05
0 7.27717e-05
0 6.5564e-05
0 5.89533e-05
0 5.28937e-05
0 4.73431e-05
0 4.2263e-05
0 3.76176e-05
0 3.33743e-05
0 2.95027e-05
0 2.59752e-05
0 2.27664e-05
0 1.98526e-05
0 1.72124e-05
0 1.48258e-05
0 1.26748e-05
0 1.07426e-05
0 9.01373e-06
0 7.47423e-06
0 6.11117e-06
0 4.91273e-06
0 3.86811e-06
0 2.96744e-06
0 2.20172e-06
0 1.56275e-06
0 1.04309e-06
0 6.35996e-07
0 3.35369e-07
0 1.35725e-07
0 3.2145e-08
0 4.11112e-15
0 4.10871e-15
0 4.10632e-15
0 4.10397e-15
0 4.10165e-15
0 4.09937e-15
0 4.09711e-15
0 4.09488e-15
0 4.09269e-15
0 4.09052e-15
0 4.08839e-15
0 4.08628e-15
0 4.0842e-15
0 4.08215e-15
0 4.08012e-15
0 4.07812e-15
0 4.07614e-15
0 4.07419e-15
0 4.07227e-15
0 4.07036e-15
0 4.06849e-15
0 4.06663e-15
0 4.0648e-15
0 4.06299e-15
0 4.0612e-15
0 4.05944e-15
0 4.05769e-15
0 4.05597e-15
0 4.05427e-15
0 4.05259e-15
0 4.05092e-15
0 4.04928e-15
0 4.04765e-15
0 4.04605e-15
0 4.04446e-15
0 4.04289e-15
0 4.04134e-15
0 4.03981e-15
0 4.03829e-15
0 4.03679e-15
0 4.03531e-15
0 4.03384e-15
0 4.03239e-15
0 4.03095e-15
0 4.02953e-15
0 4.02813e-15
0 4.02674e-15
0 4.02537e-15
0 4.02401e-15
0 4.02266e-15
0 4.02133e-15
0 4.02001e-15
0 4.01871e-15
0 4.01742e-15
0 4.01614e-15
0 4.01488e-15
0 4.01363e-15
0 4.01239e-15
0 4.01116e-15
0 4.00995e-15
0 4.00875e-15
0 4.00756e-15
0 4.00638e-15
0 4.00521e-15
0 4.00406e-15
0 4.00292e-15
0 4.00178e-15
0 4.00066e-15
0 3.99955e-15
0 3.99845e-15
0 3.99736e-15
0 3.99628e-15
0 3.99521e-15
0 3.99415e-15
0 3.99311e-15
0 3.99207e-15
0 3.99104e-15
0 3.99002e-15
0 3.98901e-15
0 3.988e-15
0 3.98701e-15
0 3.98603e-15
0 3.98505e-15
0 3.98409e-15
0 3.98313e-15
0 3.98218e-15
0 3.98124e-15
0 3.98031e-15
0 3.97938e-15
0 3.97847e-15
0 3.97756e-15
0 3.97666e-15
0 3.97576e-15
0 3.97488e-15
0 3.974e-15
0 3.97313e-15
0 3.97227e-15
0 3.97141e-15
0 3.97057e-15
0 3.96972e-15
0 3.96889e-15
0 3.96806e-15
0 3.96724e-15
0 3.96643e-15
0 3.96562e-15
0 3.96482e-15
0 3.96403e-15
0 3.96324e-15
0 3.96246e-15
0 3.96169e-15
0 3.96092e-15
0 3.96015e-15
0 3.9594e-15
0 3.95865e-15
0 3.9579e-15
0 3.95716e-15
0 3.95643e-15
0 3.9557e-15
0 3.95498e-15
0 3.95427e-15
0 3.95355e-15
0 3.95285e-15
0 3.95215e-15
0 3.95146e-15
0 3.95077e-15
0 3.95008e-15
0 3.9494e-15
0 3.94873e-15
0 3.94806e-15
0 3.9474e-15
0 3.94674e-15
0 3.94608e-15
0 3.94543e-15
0 3.94479e-15
0 3.94415e-15
0 3.94351e-15
0 3.94288e-15
0 3.94226e-15
0 3.94164e-15
0 3.94102e-15
0 3.94041e-15
0 3.9398e-15
0 3.93919e-15
0 3.93859e-15
0 3.938e-15
0 3.93741e-15
0 3.93682e-15
0 3.93624e-15
0 3.93566e-15
0 3.93508e-15
0 3.93451e-15
0 3.93394e-15
0 3.93338e-15
0 3.93282e-15
0 3.93227e-15
0 3.93171e-15
0 3.93117e-15
0 3.93062e-15
0 3.93008e-15
0 3.92954e-15
0 3.92901e-15
0 3.92848e-15
0 3.92795e-15
0 3.92743e-15
0 3.92691e-15
0 3.92639e-15
0 3.92588e-15
0 3.92537e-15
0 3.92486e-15
0 3.92436e-15
0 3.92386e-15
0 3.92337e-15
0 3.92287e-15
0 3.92238e-15
0 3.92189e-15
0 3.92141e-15
0 3.92093e-15
0 3.92045e-15
0 3.91998e-15
0 3.9195e-15
0 3.91904e-15
0 3.91857e-15
0 3.91811e-15
0 3.91765e-15
0 3.91719e-15
0 3.91673e-15
0 3.91628e-15
0 3.91583e-15
0 3.91539e-15
0 3.91494e-15
0 3.9145e-15
0 3.91406e-15
0 3.91363e-15
0 3.91319e-15
0 3.91276e-15
0 3.91234e-15
0 3.91191e-15
0 3.91149e-15
0 3.91107e-15
0 3.91065e-15
0 3.91023e-15
0 3.90982e-15
0 3.90941e-15
0 3.909e-15
0 3.9086e-15
0 3.90819e-15
0 3.90779e-15
0 3.90739e-15
0 3.907e-15
0 3.9066e-15
0 3.90621e-15
0 3.90582e-15
0 3.90543e-15
0 3.90505e-15
0 3.90466e-15
0 3.90428e-15
0 3.9039e-15
0 3.90353e-15
0 3.90315e-15
0 3.90278e-15
0 3.90241e-15
0 3.90204e-15
0 3.90167e-15
0 3.90131e-15
0 3.90095e-15
0 3.90059e-15
0 3.90023e-15
0 3.89987e-15
0 3.89952e-15
0 3.89916e-15
0 3.89881e-15
0 3.89846e-15
0 3.89812e-15
0 3.89777e-15
0 3.89743e-15
0 3.89709e-15
0 3.89675e-15
0 3.89641e-15
0 3.89607e-15
0 3.89574e-15
0 3.89541e-15
0 3.89508e-15
0 3.89475e-15
0 3.89442e-15
0 3.89409e-15
0 3.89377e-15
0 3.89345e-15
0 3.89313e-15
0 3.89281e-15
0 3.89249e-15
0 3.89217e-15
0 3.89186e-15
0 3.89155e-15
0 3.89124e-15
0 3.89093e-15
0 3.89062e-15
0 3.89031e-15
0 3.89001e-15
0 3.88971e-15
0 3.8894e-15
0 3.8891e-15
0 3.88881e-15
0 3.88851e-15
0 3.88821e-15
0 3.88792e-15
0 3.88763e-15
0 3.88733e-15
0 3.88704e-15
0 3.88676e-15
0 3.88647e-15
0 3.88618e-15
0 3.8859e-15
0 3.88562e-15
0 3.88533e-15
0 3.88505e-15
0 3.88478e-15
0 3.8845e-15
0 3.88422e-15
0 3.88395e-15
0 3.88367e-15
0 3.8834e-15
0 3.88313e-15
0 3.88286e-15
0 3.88259e-15
0 3.88233e-15
0 3.88206e-15
0 3.88179e-15
0 3.88153e-15
0 3.88127e-15
0 3.88101e-15
0 3.88075e-15
0 3.88049e-15
0 3.88023e-15
0 3.87998e-15
0 3.87972e-15
0 3.87947e-15
0 3.87922e-15
0 3.87896e-15
0 3.87871e-15
0 3.87846e-15
0 3.87822e-15
0 3.87797e-15
0 3.87772e-15
0 3.87748e-15
0 3.87724e-15
0 3.87699e-15
0 3.87675e-15
0 3.87651e-15
0 3.87627e-15
0 3.87603e-15
0 3.8758e-15
0 3.87556e-15
0 3.87533e-15
0 3.87509e-15
0 3.87486e-15
0 3.87463e-15
0 3.8744e-15
0 3.87417e-15
0 3.87394e-15
0 3.87371e-15
0 3.87348e-15
0 3.87326e-15
0 3.87303e-15
0 3.87281e-15
0 3.87258e-15
0 3.87236e-15
0 3.87214e-15
0 3.87192e-15
0 3.8717e-15
0 3.87148e-15
0 3.87127e-15
0 3.87105e-15
0 3.87083e-15
0 3.87062e-15
0 3.87041e-15
0 3.87019e-15
0 3.86998e-15
0 3.86977e-15
0 3.86956e-15
0 3.86935e-15
0 3.86914e-15
0 3.86893e-15
0 3.86873e-15
0 3.86852e-15
0 3.86832e-15
0 3.86811e-15
0 3.86791e-15
0 3.86771e-15
0 3.86751e-15
0 3.8673e-15
0 3.8671e-15
0 3.86691e-15
0 3.86671e-15
0 3.86651e-15
0 3.86631e-15
0 3.86612e-15
0 3.86592e-15
0 3.86573e-15
0 3.86553e-15
0 3.86534e-15
0 3.86515e-15
0 3.86496e-15
0 3.86477e-15
0 3.86458e-15
0 3.86439e-15
0 3.8642e-15
0 3.86401e-15
0 3.86383e-15
0 3.86364e-15
0 3.86345e-15
0 3.86327e-15
0 3.86309e-15
0 3.8629e-15
0 3.86272e-15
0 3.86254e-15
0 3.86236e-15
0 3.86218e-15
0 3.862e-15
0 3.86182e-15
0 3.86164e-15
0 3.86146e-15
0 3.86129e-15
0 3.86111e-15
0 3.86093e-15
0 3.86076e-15
0 3.86058e-15
0 3.86041e-15
0 3.86024e-15
0 3.86007e-15
0 3.85989e-15
0 3.85972e-15
0 3.85955e-15
0 3.85938e-15
0 3.85921e-15
0 3.85905e-15
0 3.85888e-15
0 3.85871e-15
0 3.85855e-15
0 3.85838e-15
0 3.85821e-15
0 3.85805e-15
0 3.85789e-15
0 3.85772e-15
0 3.85756e-15
0 3.8574e-15
0 3.85724e-15
0 3.85707e-15
0 3.85691e-15
0 3.85675e-15
0 3.85659e-15
0 3.85644e-15
0 3.85628e-15
0 3.85612e-15
0 3.85596e-15
0 3.85581e-15
0 3.85565e-15
0 3.8555e-15
0 3.85534e-15
0 3.85519e-15
0 3.85503e-15
0 3.85488e-15
0 3.85473e-15
0 3.85458e-15
0 3.85442e-15
0 3.85427e-15
0 3.85412e-15
0 3.85397e-15
0 3.85382e-15
0 3.85367e-15
0 3.85353e-15
0 3.85338e-15
0 3.85323e-15
0 3.85308e-15
0 3.85294e-15
0 3.85279e-15
0 3.85265e-15
0 3.8525e-15
0 3.85236e-15
0 3.85221e-15
0 3.85207e-15
0 3.85193e-15
0 3.85179e-15
0 3.85164e-15
0 3.8515e-15
0 3.85136e-15
0 3.85122e-15
0 3.85108e-15
0 3.85094e-15
0 3.8508e-15
0 3.85067e-15
0 3.85053e-15
0 3.85039e-15
0 3.85025e-15
0 3.85012e-15
0 3.84998e-15
0 3.84985e-15
0 3.84971e-15
0 3.84958e-15
0 3.84944e-15
0 3.84931e-15
0 3.84917e-15
0 3.84904e-15
0 3.84891e-15
0 3.84878e-15
0 3.84864e-15
0 3.84851e-15
0 3.84838e-15
0 3.84825e-15
0 3.84812e-15
0 3.84799e-15
0 3.84786e-15
0 3.84774e-15
0 3.84761e-15
0 3.84748e-15
0 3.84735e-15
0 3.84723e-15
0 3.8471e-15
0 3.84697e-15
0 3.84685e-15
0 3.84672e-15
0 3.8466e-15
0 3.84647e-15
0 3.84635e-15
0 3.84622e-15
0 3.8461e-15
0 3.84598e-15
0 3.84586e-15
0 3.84573e-15
0 3.84561e-15
0 3.84549e-15
0 3.84537e-15
0 3.84525e-15
0 3.84513e-15
0 3.84501e-15
0 3.84489e-15
0 3.84477e-15
0 3.84465e-15
0 3.84453e-15
0 3.84442e-15
0 3.8443e-15
0 3.84418e-15
0 3.84406e-15
0 3.84395e-15
0 3.84383e-15
0 3.84372e-15
0 3.8436e-15
0 3.84349e-15
0 3.84337e-15
0 3.84326e-15
0 3.84314e-15
0 3.84303e-15
0 3.84292e-15
0 3.8428e-15
0 3.84269e-15
0 3.84258e-15
0 3.84247e-15
0 3.84235e-15
0 3.84224e-15
0 3.84213e-15
0 3.84202e-15
0 3.84191e-15
0 3.8418e-15
0 3.84169e-15
0 3.84158e-15
0 3.84147e-15
0 3.84137e-15
0 3.84126e-15
0 3.84115e-15
0 3.84104e-15
0 3.84093e-15
0 3.84083e-15
0 3.84072e-15
0 3.84061e-15
0 3.84051e-15
0 3.8404e-15
0 3.8403e-15
0 3.84019e-15
0 3.84009e-15
0 3.83998e-15
0 3.83988e-15
0 3.83977e-15
0 3.83967e-15
0 3.83957e-15
0 3.83947e-15
0 3.83936e-15
0 3.83926e-15
0 3.83916e-15
0 3.83906e-15
0 3.83896e-15
0 3.83885e-15
0 3.83875e-15
0 3.83865e-15
0 3.83855e-15
0 3.83845e-15
0 3.83835e-15
0 3.83825e-15
0 3.83815e-15
0 3.83806e-15
0 3.83796e-15
0 3.83786e-15
0 3.83776e-15
0 3.83766e-15
0 3.83757e-15
0 3.83747e-15
0 3.83737e-15
0 3.83727e-15
0 3.83718e-15
0 3.83708e-15
0 3.83699e-15
0 3.83689e-15
0 3.8368e-15
0 3.8367e-15
0 3.83661e-15
0 3.83651e-15
0 3.83642e-15
0 3.83632e-15
0 3.83623e-15
0 3.83614e-15
0 3.83604e-15
0 3.83595e-15
0 3.83586e-15
0 3.83577e-15
0 3.83567e-15
0 3.83558e-15
0 3.83549e-15
0 3.8354e-15
0 3.83531e-15
0 3.83522e-15
0 3.83513e-15
0 3.83504e-15
0 3.83495e-15
0 3.83486e-15
0 3.83477e-15
0 3.83468e-15
0 3.83459e-15
0 3.8345e-15
0 3.83441e-15
0 3.83432e-15
0 3.83423e-15
0 3.83415e-15
0 3.83406e-15
0 3.83397e-15
0 3.83388e-15
0 3.8338e-15
0 3.83371e-15
0 3.83362e-15
0 3.83354e-15
0 3.83345e-15
0 3.83337e-15
0 3.83328e-15
0 3.83319e-15
0 3.83311e-15
0 3.83302e-15
0 3.83294e-15
0 3.83286e-15
0 3.83277e-15
0 3.83269e-15
0 3.8326e-15
0 3.83252e-15
0 3.83244e-15
0 3.83235e-15
0 3.83227e-15
0 3.83219e-15
0 3.83211e-15
0 3.83202e-15
0 3.83194e-15
0 3.83186e-15
0 3.83178e-15
0 3.8317e-15
0 3.83162e-15
0 3.83153e-15
0 3.83145e-15
0 3.83137e-15
0 3.83129e-15
0 3.83121e-15
0 3.83113e-15
0 3.83105e-15
0 3.83097e-15
0 3.83089e-15
0 3.83082e-15
0 3.83074e-15
0 3.83066e-15
0 3.83058e-15
0 3.8305e-15
0 3.83042e-15
0 3.83034e-15
0 3.83027e-15
0 3.83019e-15
0 3.83011e-15
0 3.83004e-15
0 3.82996e-15
0 3.82988e-15
0 3.8298e-15
0 3.82973e-15
0 3.82965e-15
0 3.82958e-15
0 3.8295e-15
0 3.82943e-15
0 3.82935e-15
0 3.82927e-15
0 3.8292e-15
0 3.82912e-15
0 3.82905e-15
0 3.82898e-15
0 3.8289e-15
0 3.82883e-15
0 3.82875e-15
0 3.82868e-15
0 3.82861e-15
0 3.82853e-15
0 3.82846e-15
0 3.82839e-15
0 3.82831e-15
0 3.82824e-15
0 3.82817e-15
0 3.8281e-15
0 3.82802e-15
0 3.82795e-15
0 3.82788e-15
0 3.82781e-15
0 3.82774e-15
0 3.82767e-15
0 3.8276e-15
0 3.82752e-15
0 3.82745e-15
0 3.82738e-15
0 3.82731e-15
0 3.82724e-15
0 3.82717e-15
0 3.8271e-15
0 3.82703e-15
0 3.82696e-15
0 3.82689e-15
0 3.82683e-15
0 3.82676e-15
0 3.82669e-15
0 3.82662e-15
0 3.82655e-15
0 3.82648e-15
0 3.82641e-15
0 3.82635e-15
0 3.82628e-15
0 3.82621e-15
0 3.82614e-15
0 3.82608e-15
0 3.82601e-15
0 3.82594e-15
0 3.82587e-15
0 3.82581e-15
0 3.82574e-15
0 3.82567e-15
0 3.82561e-15
0 3.82554e-15
0 3.82548e-15
0 3.82541e-15
0 3.82534e-15
0 3.82528e-15
0 3.82521e-15
0 3.82515e-15
0 3.82508e-15
0 3.82502e-15
0 3.82495e-15
0 3.82489e-15
0 3.82482e-15
0 3.82476e-15
0 3.8247e-15
0 3.82463e-15
0 3.82457e-15
0 3.8245e-15
0 3.82444e-15
0 3.82438e-15
0 3.82431e-15
0 3.82425e-15
0 3.82419e-15
0 3.82413e-15
0 3.82406e-15
0 3.824e-15
0 3.82394e-15
0 3.82388e-15
0 3.82381e-15
0 3.82375e-15
0 3.82369e-15
0 3.82363e-15
0 3.82357e-15
0 3.8235e-15
0 3.82344e-15
0 3.82338e-15
0 3.82332e-15
0 3.82326e-15
0 3.8232e-15
0 3.82314e-15
0 3.82308e-15
0 3.82302e-15
0 3.82296e-15
0 3.8229e-15
0 3.82284e-15
0 3.82278e-15
0 3.82272e-15
0 3.82266e-15
0 3.8226e-15
0 3.82254e-15
0 3.82248e-15
0 3.82242e-15
0 3.82236e-15
0 3.8223e-15
0 3.82225e-15
0 3.82219e-15
0 3.82213e-15
0 3.82207e-15
0 3.82201e-15
0 3.82195e-15
0 3.8219e-15
0 3.82184e-15
0 3.82178e-15
0 3.82172e-15
0 3.82167e-15
0 3.82161e-15
0 3.82155e-15
0 3.8215e-15
0 3.82144e-15
0 3.82138e-15
0 3.82133e-15
0 3.82127e-15
0 3.82121e-15
0 3.82116e-15
0 3.8211e-15
0 3.82104e-15
0 3.82099e-15
0 3.82093e-15
0 3.82088e-15
0 3.82082e-15
0 3.82077e-15
0 3.82071e-15
0 3.82066e-15
0 3.8206e-15
0 3.82055e-15
0 3.82049e-15
0 3.82044e-15
0 3.82038e-15
0 3.82033e-15
0 3.82027e-15
0 3.82022e-15
0 3.82016e-15
0 3.82011e-15
0 3.82006e-15
0 3.82e-15
0 3.81995e-15
0 3.8199e-15
0 3.81984e-15
0 3.81979e-15
0 3.81974e-15
0 3.81968e-15
0 3.81963e-15
0 3.81958e-15
0 3.81952e-15
0 3.81947e-15
0 3.81942e-15
0 3.81937e-15
0 3.81931e-15
0 3.81926e-15
0 3.81921e-15
0 3.81916e-15
0 3.81911e-15
0 3.81905e-15
0 3.819e-15
0 3.81895e-15
0 3.8189e-15
0 3.81885e-15
0 3.8188e-15
0 3.81875e-15
0 3.8187e-15
0 3.81864e-15
0 3.81859e-15
0 3.81854e-15
0 3.81849e-15
0 3.81844e-15
0 3.81839e-15
0 3.81834e-15
0 3.81829e-15
0 3.81824e-15
0 3.81819e-15
0 3.81814e-15
0 3.81809e-15
0 3.81804e-15
0 3.81799e-15
0 3.81794e-15
0 3.81789e-15

