0 0.0139791
0 0.0139562
0 0.0138946
0 0.0137952
0 0.0136587
0 0.0134866
0 0.0132804
0 0.0130418
0 0.0127731
0 0.0124765
0 0.0121545
0 0.0118098
0 0.0114451
0 0.0110633
0 0.0106672
0 0.0102596
0 0.00984342
0 0.0094213
0 0.0089959
0 0.0085697
0 0.00814506
0 0.00772415
0 0.00730898
0 0.00690135
0 0.00650287
0 0.00611495
0 0.00573879
0 0.00537542
0 0.00502565
0 0.00469012
0 0.00436932
0 0.00406354
0 0.00377297
0 0.00349762
0 0.00323741
0 0.00299216
0 0.00276157
0 0.00254529
0 0.00234289
0 0.0021539
0 0.00197777
0 0.00181397
0 0.00166192
0 0.00152103
0 0.00139069
0 0.00127032
0 0.00115932
0 0.00105711
0 0.000963122
0 0.000876815
0 0.000797656
0 0.000725139
0 0.00065878
0 0.000598121
0 0.000542728
0 0.000492191
0 0.000446125
0 0.000404171
0 0.000365992
0 0.000331274
0 0.000299726
0 0.000271077
0 0.000245078
0 0.000221497
0 0.000200121
0 0.000180755
0 0.000163218
0 0.000147345
0 0.000132984
0 0.000119996
0 0.000108255
0 9.76442e-05
0 8.80587e-05
0 7.94019e-05
0 7.15861e-05
0 6.45315e-05
0 5.81656e-05
0 5.24225e-05
0 4.72424e-05
0 4.2571e-05
0 3.83591e-05
0 3.45622e-05
0 3.11398e-05
0 2.80556e-05
0 2.52763e-05
0 2.27722e-05
0 2.05162e-05
0 1.84838e-05
0 1.66532e-05
0 1.50042e-05
0 1.35191e-05
0 1.21815e-05
0 1.09768e-05
0 9.89191e-06
0 8.91484e-06
0 8.0349e-06
0 7.24243e-06
0 6.52871e-06
0 5.8859e-06
0 5.30694e-06
0 4.78546e-06
0 4.31573e-06
0 3.89258e-06
0 3.51138e-06
0 3.16794e-06
0 2.8585e-06
0 2.57965e-06
0 2.32837e-06
0 2.10188e-06
0 1.89773e-06
0 1.71367e-06
0 1.5477e-06
0 1.39801e-06
0 1.26299e-06
0 1.14118e-06
0 1.03126e-06
0 9.32061e-07
0 8.42523e-07
0 7.61691e-07
0 6.88708e-07
0 6.22801e-07
0 5.63275e-07
0 5.09505e-07
0 4.60927e-07
0 4.17033e-07
0 3.77365e-07
0 3.41513e-07
0 3.09104e-07
0 2.79805e-07
0 2.53312e-07
0 2.29354e-07
0 2.07685e-07
0 1.88085e-07
0 1.70354e-07
0 1.54311e-07
0 1.39794e-07
0 1.26656e-07
0 1.14765e-07
0 1.04001e-07
0 9.4256e-08
0 8.54328e-08
0 7.74433e-08
0 7.02078e-08
0 6.36544e-08
0 5.77183e-08
0 5.23406e-08
0 4.74684e-08
0 4.30536e-08
0 3.9053e-08
0 3.54272e-08
0 3.21409e-08
0 2.9162e-08
0 2.64614e-08
0 2.4013e-08
0 2.17929e-08
0 1.97797e-08
0 1.79539e-08
0 1.62979e-08
0 1.47959e-08
0 1.34333e-08
0 1.21971e-08
0 1.10756e-08
0 1.00579e-08
0 9.13439e-09
0 8.29628e-09
0 7.53562e-09
0 6.84517e-09
0 6.21842e-09
0 5.64945e-09
0 5.13288e-09
0 4.66385e-09
0 4.23796e-09
0 3.8512e-09
0 3.49997e-09
0 3.18096e-09
0 2.89121e-09
0 2.628e-09
0 2.3889e-09
0 2.17168e-09
0 1.97432e-09
0 1.795e-09
0 1.63205e-09
0 1.48398e-09
0 1.3494e-09
0 1.2271e-09
0 1.11593e-09
0 1.01488e-09
0 9.23028e-10
0 8.39523e-10
0 7.63605e-10
0 6.94581e-10
0 6.31821e-10
0 5.74753e-10
0 5.22858e-10
0 4.75664e-10
0 4.32744e-10
0 3.93707e-10
0 3.58201e-10
0 3.25904e-10
0 2.96525e-10
0 2.69799e-10
0 2.45486e-10
0 2.23365e-10
0 2.03239e-10
0 1.84927e-10
0 1.68264e-10
0 1.53101e-10
0 1.39303e-10
0 1.26747e-10
0 1.15319e-10
0 1.04918e-10
0 9.5452e-11
0 8.68359e-11
0 7.89933e-11
0 7.18545e-11
0 6.53561e-11
0 5.94405e-11
0 5.40553e-11
0 4.91527e-11
0 4.46895e-11
0 4.06261e-11
0 3.69266e-11
0 3.35585e-11
0 3.04919e-11
0 2.76999e-11
0 2.51578e-11
0 2.28433e-11
0 2.0736e-11
0 1.88175e-11
0 1.70707e-11
0 1.54804e-11
0 1.40327e-11
0 1.27147e-11
0 1.1515e-11
0 1.04229e-11
0 9.42901e-12
0 8.52447e-12
0 7.7014e-12
0 6.95257e-12
0 6.27138e-12
0 5.65187e-12
0 5.0886e-12
0 4.57659e-12
0 4.11132e-12
0 3.68874e-12
0 3.30507e-12
0 2.95696e-12
0 2.64129e-12
0 2.35527e-12
0 2.09633e-12
0 1.86221e-12
0 1.65075e-12
0 1.46011e-12
0 1.28851e-12
0 1.1344e-12
0 9.96373e-13
0 8.73149e-13
0 7.63564e-13
0 6.66615e-13
0 5.81323e-13
0 5.06907e-13
0 4.42575e-13
0 3.87721e-13
0 3.4172e-13
0 3.04076e-13
0 2.74339e-13
0 2.5213e-13
0 2.3714e-13
0 2.29097e-13
0 3.7156e-19
0 3.71381e-19
0 3.71203e-19
0 3.71026e-19
0 3.70852e-19
0 3.70678e-19
0 3.70506e-19
0 3.70336e-19
0 3.70166e-19
0 3.69998e-19
0 3.69832e-19
0 3.69667e-19
0 3.69503e-19
0 3.6934e-19
0 3.69179e-19
0 3.69019e-19
0 3.6886e-19
0 3.68703e-19
0 3.68547e-19
0 3.68392e-19
0 3.68238e-19
0 3.68085e-19
0 3.67934e-19
0 3.67784e-19
0 3.67634e-19
0 3.67486e-19
0 3.6734e-19
0 3.67194e-19
0 3.67049e-19
0 3.66905e-19
0 3.66763e-19
0 3.66621e-19
0 3.66481e-19
0 3.66342e-19
0 3.66203e-19
0 3.66066e-19
0 3.6593e-19
0 3.65794e-19
0 3.6566e-19
0 3.65526e-19
0 3.65394e-19
0 3.65262e-19
0 3.65132e-19
0 3.65002e-19
0 3.64874e-19
0 3.64746e-19
0 3.64619e-19
0 3.64493e-19
0 3.64368e-19
0 3.64243e-19
0 3.6412e-19
0 3.63997e-19
0 3.63876e-19
0 3.63755e-19
0 3.63635e-19
0 3.63516e-19
0 3.63397e-19
0 3.6328e-19
0 3.63163e-19
0 3.63047e-19
0 3.62932e-19
0 3.62817e-19
0 3.62703e-19
0 3.6259e-19
0 3.62478e-19
0 3.62367e-19
0 3.62256e-19
0 3.62146e-19
0 3.62037e-19
0 3.61928e-19
0 3.6182e-19
0 3.61713e-19
0 3.61607e-19
0 3.61501e-19
0 3.61396e-19
0 3.61291e-19
0 3.61188e-19
0 3.61084e-19
0 3.60982e-19
0 3.6088e-19
0 3.60779e-19
0 3.60678e-19
0 3.60578e-19
0 3.60479e-19
0 3.6038e-19
0 3.60282e-19
0 3.60185e-19
0 3.60088e-19
0 3.59992e-19
0 3.59896e-19
0 3.59801e-19
0 3.59706e-19
0 3.59613e-19
0 3.59519e-19
0 3.59426e-19
0 3.59334e-19
0 3.59242e-19
0 3.59151e-19
0 3.59061e-19
0 3.58971e-19
0 3.58881e-19
0 3.58792e-19
0 3.58703e-19
0 3.58615e-19
0 3.58528e-19
0 3.58441e-19
0 3.58355e-19
0 3.58269e-19
0 3.58183e-19
0 3.58098e-19
0 3.58014e-19
0 3.5793e-19
0 3.57846e-19
0 3.57763e-19
0 3.57681e-19
0 3.57599e-19
0 3.57517e-19
0 3.57436e-19
0 3.57355e-19
0 3.57275e-19
0 3.57195e-19
0 3.57116e-19
0 3.57037e-19
0 3.56958e-19
0 3.5688e-19
0 3.56803e-19
0 3.56725e-19
0 3.56649e-19
0 3.56572e-19
0 3.56496e-19
0 3.56421e-19
0 3.56346e-19
0 3.56271e-19
0 3.56197e-19
0 3.56123e-19
0 3.56049e-19
0 3.55976e-19
0 3.55903e-19
0 3.55831e-19
0 3.55759e-19
0 3.55687e-19
0 3.55616e-19
0 3.55545e-19
0 3.55475e-19
0 3.55405e-19
0 3.55335e-19
0 3.55266e-19
0 3.55197e-19
0 3.55128e-19
0 3.5506e-19
0 3.54992e-19
0 3.54924e-19
0 3.54857e-19
0 3.5479e-19
0 3.54724e-19
0 3.54657e-19
0 3.54592e-19
0 3.54526e-19
0 3.54461e-19
0 3.54396e-19
0 3.54331e-19
0 3.54267e-19
0 3.54203e-19
0 3.5414e-19
0 3.54076e-19
0 3.54013e-19
0 3.53951e-19
0 3.53888e-19
0 3.53826e-19
0 3.53765e-19
0 3.53703e-19
0 3.53642e-19
0 3.53581e-19
0 3.53521e-19
0 3.5346e-19
0 3.53401e-19
0 3.53341e-19
0 3.53282e-19
0 3.53222e-19
0 3.53164e-19
0 3.53105e-19
0 3.53047e-19
0 3.52989e-19
0 3.52931e-19
0 3.52874e-19
0 3.52817e-19
0 3.5276e-19
0 3.52703e-19
0 3.52647e-19
0 3.52591e-19
0 3.52535e-19
0 3.52479e-19
0 3.52424e-19
0 3.52369e-19
0 3.52314e-19
0 3.5226e-19
0 3.52205e-19
0 3.52151e-19
0 3.52098e-19
0 3.52044e-19
0 3.51991e-19
0 3.51938e-19
0 3.51885e-19
0 3.51832e-19
0 3.5178e-19
0 3.51728e-19
0 3.51676e-19
0 3.51624e-19
0 3.51573e-19
0 3.51522e-19
0 3.51471e-19
0 3.5142e-19
0 3.5137e-19
0 3.51319e-19
0 3.51269e-19
0 3.5122e-19
0 3.5117e-19
0 3.51121e-19
0 3.51071e-19
0 3.51022e-19
0 3.50974e-19
0 3.50925e-19
0 3.50877e-19
0 3.50829e-19
0 3.50781e-19
0 3.50733e-19
0 3.50686e-19
0 3.50638e-19
0 3.50591e-19
0 3.50544e-19
0 3.50498e-19
0 3.50451e-19
0 3.50405e-19
0 3.50359e-19
0 3.50313e-19
0 3.50267e-19
0 3.50222e-19
0 3.50177e-19
0 3.50131e-19
0 3.50087e-19
0 3.50042e-19
0 3.49997e-19
0 3.49953e-19
0 3.49909e-19
0 3.49865e-19
0 3.49821e-19
0 3.49777e-19
0 3.49734e-19
0 3.49691e-19
0 3.49647e-19
0 3.49604e-19
0 3.49562e-19
0 3.49519e-19
0 3.49477e-19
0 3.49435e-19
0 3.49392e-19
0 3.49351e-19
0 3.49309e-19
0 3.49267e-19
0 3.49226e-19
0 3.49185e-19
0 3.49144e-19
0 3.49103e-19
0 3.49062e-19
0 3.49021e-19
0 3.48981e-19
0 3.48941e-19
0 3.48901e-19
0 3.48861e-19
0 3.48821e-19
0 3.48781e-19
0 3.48742e-19
0 3.48703e-19
0 3.48664e-19
0 3.48625e-19
0 3.48586e-19
0 3.48547e-19
0 3.48509e-19
0 3.4847e-19
0 3.48432e-19
0 3.48394e-19
0 3.48356e-19
0 3.48318e-19
0 3.4828e-19
0 3.48243e-19
0 3.48206e-19
0 3.48168e-19
0 3.48131e-19
0 3.48094e-19
0 3.48057e-19
0 3.48021e-19
0 3.47984e-19
0 3.47948e-19
0 3.47912e-19
0 3.47876e-19
0 3.4784e-19
0 3.47804e-19
0 3.47768e-19
0 3.47732e-19
0 3.47697e-19
0 3.47662e-19
0 3.47627e-19
0 3.47591e-19
0 3.47557e-19
0 3.47522e-19
0 3.47487e-19
0 3.47453e-19
0 3.47418e-19
0 3.47384e-19
0 3.4735e-19
0 3.47316e-19
0 3.47282e-19
0 3.47248e-19
0 3.47214e-19
0 3.47181e-19
0 3.47147e-19
0 3.47114e-19
0 3.47081e-19
0 3.47048e-19
0 3.47015e-19
0 3.46982e-19
0 3.46949e-19
0 3.46917e-19
0 3.46884e-19
0 3.46852e-19
0 3.4682e-19
0 3.46788e-19
0 3.46756e-19
0 3.46724e-19
0 3.46692e-19
0 3.4666e-19
0 3.46629e-19
0 3.46597e-19
0 3.46566e-19
0 3.46535e-19
0 3.46503e-19
0 3.46472e-19
0 3.46442e-19
0 3.46411e-19
0 3.4638e-19
0 3.46349e-19
0 3.46319e-19
0 3.46289e-19
0 3.46258e-19
0 3.46228e-19
0 3.46198e-19
0 3.46168e-19
0 3.46138e-19
0 3.46109e-19
0 3.46079e-19
0 3.46049e-19
0 3.4602e-19
0 3.4599e-19
0 3.45961e-19
0 3.45932e-19
0 3.45903e-19
0 3.45874e-19
0 3.45845e-19
0 3.45816e-19
0 3.45788e-19
0 3.45759e-19
0 3.45731e-19
0 3.45702e-19
0 3.45674e-19
0 3.45646e-19
0 3.45618e-19
0 3.4559e-19
0 3.45562e-19
0 3.45534e-19
0 3.45506e-19
0 3.45479e-19
0 3.45451e-19
0 3.45424e-19
0 3.45396e-19
0 3.45369e-19
0 3.45342e-19
0 3.45315e-19
0 3.45288e-19
0 3.45261e-19
0 3.45234e-19
0 3.45207e-19
0 3.4518e-19
0 3.45154e-19
0 3.45127e-19
0 3.45101e-19
0 3.45075e-19
0 3.45048e-19
0 3.45022e-19
0 3.44996e-19
0 3.4497e-19
0 3.44944e-19
0 3.44918e-19
0 3.44893e-19
0 3.44867e-19
0 3.44841e-19
0 3.44816e-19
0 3.4479e-19
0 3.44765e-19
0 3.4474e-19
0 3.44715e-19
0 3.4469e-19
0 3.44665e-19
0 3.4464e-19
0 3.44615e-19
0 3.4459e-19
0 3.44565e-19
0 3.44541e-19
0 3.44516e-19
0 3.44492e-19
0 3.44467e-19
0 3.44443e-19
0 3.44419e-19
0 3.44394e-19
0 3.4437e-19
0 3.44346e-19
0 3.44322e-19
0 3.44298e-19
0 3.44275e-19
0 3.44251e-19
0 3.44227e-19
0 3.44204e-19
0 3.4418e-19
0 3.44157e-19
0 3.44133e-19
0 3.4411e-19
0 3.44087e-19
0 3.44063e-19
0 3.4404e-19
0 3.44017e-19
0 3.43994e-19
0 3.43971e-19
0 3.43949e-19
0 3.43926e-19
0 3.43903e-19
0 3.43881e-19
0 3.43858e-19
0 3.43836e-19
0 3.43813e-19
0 3.43791e-19
0 3.43768e-19
0 3.43746e-19
0 3.43724e-19
0 3.43702e-19
0 3.4368e-19
0 3.43658e-19
0 3.43636e-19
0 3.43614e-19
0 3.43592e-19
0 3.43571e-19
0 3.43549e-19
0 3.43528e-19
0 3.43506e-19
0 3.43485e-19
0 3.43463e-19
0 3.43442e-19
0 3.43421e-19
0 3.43399e-19
0 3.43378e-19
0 3.43357e-19
0 3.43336e-19
0 3.43315e-19
0 3.43294e-19
0 3.43273e-19
0 3.43253e-19
0 3.43232e-19
0 3.43211e-19
0 3.4319e-19
0 3.4317e-19
0 3.43149e-19
0 3.43129e-19
0 3.43109e-19
0 3.43088e-19
0 3.43068e-19
0 3.43048e-19
0 3.43028e-19
0 3.43008e-19
0 3.42988e-19
0 3.42968e-19
0 3.42948e-19
0 3.42928e-19
0 3.42908e-19
0 3.42888e-19
0 3.42868e-19
0 3.42849e-19
0 3.42829e-19
0 3.4281e-19
0 3.4279e-19
0 3.42771e-19
0 3.42751e-19
0 3.42732e-19
0 3.42713e-19
0 3.42694e-19
0 3.42674e-19
0 3.42655e-19
0 3.42636e-19
0 3.42617e-19
0 3.42598e-19
0 3.42579e-19
0 3.4256e-19
0 3.42542e-19
0 3.42523e-19
0 3.42504e-19
0 3.42486e-19
0 3.42467e-19
0 3.42448e-19
0 3.4243e-19
0 3.42411e-19
0 3.42393e-19
0 3.42375e-19
0 3.42356e-19
0 3.42338e-19
0 3.4232e-19
0 3.42302e-19
0 3.42284e-19
0 3.42266e-19
0 3.42247e-19
0 3.4223e-19
0 3.42212e-19
0 3.42194e-19
0 3.42176e-19
0 3.42158e-19
0 3.4214e-19
0 3.42123e-19
0 3.42105e-19
0 3.42087e-19
0 3.4207e-19
0 3.42052e-19
0 3.42035e-19
0 3.42018e-19
0 3.42e-19
0 3.41983e-19
0 3.41966e-19
0 3.41948e-19
0 3.41931e-19
0 3.41914e-19
0 3.41897e-19
0 3.4188e-19
0 3.41863e-19
0 3.41846e-19
0 3.41829e-19
0 3.41812e-19
0 3.41795e-19
0 3.41779e-19
0 3.41762e-19
0 3.41745e-19
0 3.41728e-19
0 3.41712e-19
0 3.41695e-19
0 3.41679e-19
0 3.41662e-19
0 3.41646e-19
0 3.41629e-19
0 3.41613e-19
0 3.41597e-19
0 3.4158e-19
0 3.41564e-19
0 3.41548e-19
0 3.41532e-19
0 3.41516e-19
0 3.415e-19
0 3.41483e-19
0 3.41467e-19
0 3.41452e-19
0 3.41436e-19
0 3.4142e-19
0 3.41404e-19
0 3.41388e-19
0 3.41372e-19
0 3.41357e-19
0 3.41341e-19
0 3.41325e-19
0 3.4131e-19
0 3.41294e-19
0 3.41279e-19
0 3.41263e-19
0 3.41248e-19
0 3.41232e-19
0 3.41217e-19
0 3.41201e-19
0 3.41186e-19
0 3.41171e-19
0 3.41156e-19
0 3.4114e-19
0 3.41125e-19
0 3.4111e-19
0 3.41095e-19
0 3.4108e-19
0 3.41065e-19
0 3.4105e-19
0 3.41035e-19
0 3.4102e-19
0 3.41005e-19
0 3.40991e-19
0 3.40976e-19
0 3.40961e-19
0 3.40946e-19
0 3.40932e-19
0 3.40917e-19
0 3.40902e-19
0 3.40888e-19
0 3.40873e-19
0 3.40859e-19
0 3.40844e-19
0 3.4083e-19
0 3.40815e-19
0 3.40801e-19
0 3.40787e-19
0 3.40772e-19
0 3.40758e-19
0 3.40744e-19
0 3.4073e-19
0 3.40715e-19
0 3.40701e-19
0 3.40687e-19
0 3.40673e-19
0 3.40659e-19
0 3.40645e-19
0 3.40631e-19
0 3.40617e-19
0 3.40603e-19
0 3.40589e-19
0 3.40576e-19
0 3.40562e-19
0 3.40548e-19
0 3.40534e-19
0 3.40521e-19
0 3.40507e-19
0 3.40493e-19
0 3.4048e-19
0 3.40466e-19
0 3.40452e-19
0 3.40439e-19
0 3.40425e-19
0 3.40412e-19
0 3.40399e-19
0 3.40385e-19
0 3.40372e-19
0 3.40358e-19
0 3.40345e-19
0 3.40332e-19
0 3.40319e-19
0 3.40305e-19
0 3.40292e-19
0 3.40279e-19
0 3.40266e-19
0 3.40253e-19
0 3.4024e-19
0 3.40227e-19
0 3.40214e-19
0 3.40201e-19
0 3.40188e-19
0 3.40175e-19
0 3.40162e-19
0 3.40149e-19
0 3.40136e-19
0 3.40123e-19
0 3.40111e-19
0 3.40098e-19
0 3.40085e-19
0 3.40072e-19
0 3.4006e-19
0 3.40047e-19
0 3.40035e-19
0 3.40022e-19
0 3.40009e-19
0 3.39997e-19
0 3.39984e-19
0 3.39972e-19
0 3.39959e-19
0 3.39947e-19
0 3.39935e-19
0 3.39922e-19
0 3.3991e-19
0 3.39898e-19
0 3.39885e-19
0 3.39873e-19
0 3.39861e-19
0 3.39849e-19
0 3.39837e-19
0 3.39824e-19
0 3.39812e-19
0 3.398e-19
0 3.39788e-19
0 3.39776e-19
0 3.39764e-19
0 3.39752e-19
0 3.3974e-19
0 3.39728e-19
0 3.39716e-19
0 3.39704e-19
0 3.39693e-19
0 3.39681e-19
0 3.39669e-19
0 3.39657e-19
0 3.39645e-19
0 3.39634e-19
0 3.39622e-19
0 3.3961e-19
0 3.39599e-19
0 3.39587e-19
0 3.39575e-19
0 3.39564e-19
0 3.39552e-19
0 3.39541e-19
0 3.39529e-19
0 3.39518e-19
0 3.39506e-19
0 3.39495e-19
0 3.39483e-19
0 3.39472e-19
0 3.39461e-19
0 3.39449e-19
0 3.39438e-19
0 3.39427e-19
0 3.39415e-19
0 3.39404e-19
0 3.39393e-19
0 3.39382e-19
0 3.39371e-19
0 3.39359e-19
0 3.39348e-19
0 3.39337e-19
0 3.39326e-19
0 3.39315e-19
0 3.39304e-19
0 3.39293e-19
0 3.39282e-19
0 3.39271e-19
0 3.3926e-19
0 3.39249e-19
0 3.39238e-19

