0 0.00492566
0 0.00492131
0 0.00490956
0 0.00489053
0 0.00486432
0 0.00483106
0 0.00479091
0 0.00474406
0 0.00469074
0 0.00463122
0 0.00456576
0 0.00449469
0 0.00441832
0 0.004337
0 0.0042511
0 0.004161
0 0.00406708
0 0.00396973
0 0.00386937
0 0.00376638
0 0.00366118
0 0.00355415
0 0.00344568
0 0.00333617
0 0.00322597
0 0.00311546
0 0.00300497
0 0.00289483
0 0.00278535
0 0.00267683
0 0.00256953
0 0.00246371
0 0.0023596
0 0.00225741
0 0.00215732
0 0.00205952
0 0.00196413
0 0.0018713
0 0.00178112
0 0.00169368
0 0.00160906
0 0.00152731
0 0.00144846
0 0.00137253
0 0.00129953
0 0.00122945
0 0.00116228
0 0.00109798
0 0.00103651
0 0.000977823
0 0.000921866
0 0.000868574
0 0.000817879
0 0.000769708
0 0.000723982
0 0.000680623
0 0.000639547
0 0.00060067
0 0.000563907
0 0.000529172
0 0.000496381
0 0.000465447
0 0.000436288
0 0.000408819
0 0.000382961
0 0.000358634
0 0.000335761
0 0.000314267
0 0.00029408
0 0.000275129
0 0.000257347
0 0.000240671
0 0.000225036
0 0.000210385
0 0.000196659
0 0.000183806
0 0.000171773
0 0.000160512
0 0.000149975
0 0.000140118
0 0.000130898
0 0.000122276
0 0.000114215
0 0.000106679
0 9.96345e-05
0 9.30509e-05
0 8.68986e-05
0 8.11499e-05
0 7.57789e-05
0 7.07613e-05
0 6.60741e-05
0 6.1696e-05
0 5.76069e-05
0 5.37879e-05
0 5.02214e-05
0 4.68909e-05
0 4.37809e-05
0 4.08769e-05
0 3.81654e-05
0 3.56338e-05
0 3.32701e-05
0 3.10632e-05
0 2.90029e-05
0 2.70794e-05
0 2.52836e-05
0 2.36071e-05
0 2.2042e-05
0 2.05809e-05
0 1.92169e-05
0 1.79435e-05
0 1.67548e-05
0 1.5645e-05
0 1.4609e-05
0 1.36418e-05
0 1.27388e-05
0 1.18958e-05
0 1.11089e-05
0 1.03741e-05
0 9.6882e-06
0 9.04779e-06
0 8.44989e-06
0 7.89166e-06
0 7.37047e-06
0 6.88384e-06
0 6.42948e-06
0 6.00524e-06
0 5.60911e-06
0 5.23923e-06
0 4.89385e-06
0 4.57134e-06
0 4.27017e-06
0 3.98894e-06
0 3.72631e-06
0 3.48106e-06
0 3.25201e-06
0 3.03811e-06
0 2.83834e-06
0 2.65176e-06
0 2.47751e-06
0 2.31475e-06
0 2.16274e-06
0 2.02075e-06
0 1.88812e-06
0 1.76424e-06
0 1.64852e-06
0 1.54043e-06
0 1.43945e-06
0 1.34512e-06
0 1.257e-06
0 1.17467e-06
0 1.09776e-06
0 1.02591e-06
0 9.58775e-07
0 8.96053e-07
0 8.3745e-07
0 7.82695e-07
0 7.31533e-07
0 6.83728e-07
0 6.39059e-07
0 5.97318e-07
0 5.58313e-07
0 5.21864e-07
0 4.87803e-07
0 4.55972e-07
0 4.26225e-07
0 3.98424e-07
0 3.72443e-07
0 3.4816e-07
0 3.25465e-07
0 3.04253e-07
0 2.84428e-07
0 2.65897e-07
0 2.48577e-07
0 2.32387e-07
0 2.17254e-07
0 2.03108e-07
0 1.89885e-07
0 1.77524e-07
0 1.65969e-07
0 1.55167e-07
0 1.45068e-07
0 1.35628e-07
0 1.26802e-07
0 1.18551e-07
0 1.10837e-07
0 1.03625e-07
0 9.6882e-08
0 9.05776e-08
0 8.46832e-08
0 7.91719e-08
0 7.40188e-08
0 6.92005e-08
0 6.46953e-08
0 6.04826e-08
0 5.65436e-08
0 5.28602e-08
0 4.9416e-08
0 4.61953e-08
0 4.31835e-08
0 4.03672e-08
0 3.77335e-08
0 3.52706e-08
0 3.29675e-08
0 3.08136e-08
0 2.87994e-08
0 2.69158e-08
0 2.51542e-08
0 2.35068e-08
0 2.19661e-08
0 2.05252e-08
0 1.91777e-08
0 1.79175e-08
0 1.6739e-08
0 1.56367e-08
0 1.46059e-08
0 1.36418e-08
0 1.27402e-08
0 1.1897e-08
0 1.11085e-08
0 1.0371e-08
0 9.68128e-09
0 9.03628e-09
0 8.43308e-09
0 7.86899e-09
0 7.34147e-09
0 6.84816e-09
0 6.38685e-09
0 5.95548e-09
0 5.55211e-09
0 5.17494e-09
0 4.82228e-09
0 4.49254e-09
0 4.18424e-09
0 3.89602e-09
0 3.62656e-09
0 3.37467e-09
0 3.13922e-09
0 2.91914e-09
0 2.71344e-09
0 2.52121e-09
0 2.34158e-09
0 2.17374e-09
0 2.01693e-09
0 1.87045e-09
0 1.73363e-09
0 1.60586e-09
0 1.48656e-09
0 1.37519e-09
0 1.27124e-09
0 1.17424e-09
0 1.08375e-09
0 9.99356e-10
0 9.20674e-10
0 8.47342e-10
0 7.79023e-10
0 7.15404e-10
0 6.56189e-10
0 6.01104e-10
0 5.49893e-10
0 5.02317e-10
0 4.58152e-10
0 4.1719e-10
0 3.79237e-10
0 3.44111e-10
0 3.11644e-10
0 2.81679e-10
0 2.54069e-10
0 2.28679e-10
0 2.05382e-10
0 1.8406e-10
0 1.64605e-10
0 1.46916e-10
0 1.30899e-10
0 1.16469e-10
0 1.03546e-10
0 9.20566e-11
0 8.19341e-11
0 7.31169e-11
0 6.55491e-11
0 5.91799e-11
0 5.39634e-11
0 4.98582e-11
0 4.68275e-11
0 4.48389e-11
0 1.92408e-19
0 1.92355e-19
0 1.92302e-19
0 1.92249e-19
0 1.92197e-19
0 1.92145e-19
0 1.92094e-19
0 1.92043e-19
0 1.91992e-19
0 1.91942e-19
0 1.91892e-19
0 1.91842e-19
0 1.91793e-19
0 1.91744e-19
0 1.91695e-19
0 1.91647e-19
0 1.91599e-19
0 1.91552e-19
0 1.91505e-19
0 1.91458e-19
0 1.91411e-19
0 1.91365e-19
0 1.91319e-19
0 1.91274e-19
0 1.91229e-19
0 1.91184e-19
0 1.91139e-19
0 1.91095e-19
0 1.91051e-19
0 1.91007e-19
0 1.90964e-19
0 1.90921e-19
0 1.90878e-19
0 1.90836e-19
0 1.90793e-19
0 1.90752e-19
0 1.9071e-19
0 1.90669e-19
0 1.90627e-19
0 1.90587e-19
0 1.90546e-19
0 1.90506e-19
0 1.90466e-19
0 1.90426e-19
0 1.90387e-19
0 1.90347e-19
0 1.90308e-19
0 1.9027e-19
0 1.90231e-19
0 1.90193e-19
0 1.90155e-19
0 1.90117e-19
0 1.9008e-19
0 1.90042e-19
0 1.90005e-19
0 1.89968e-19
0 1.89932e-19
0 1.89896e-19
0 1.89859e-19
0 1.89824e-19
0 1.89788e-19
0 1.89752e-19
0 1.89717e-19
0 1.89682e-19
0 1.89647e-19
0 1.89613e-19
0 1.89578e-19
0 1.89544e-19
0 1.8951e-19
0 1.89476e-19
0 1.89443e-19
0 1.89409e-19
0 1.89376e-19
0 1.89343e-19
0 1.89311e-19
0 1.89278e-19
0 1.89246e-19
0 1.89213e-19
0 1.89181e-19
0 1.8915e-19
0 1.89118e-19
0 1.89086e-19
0 1.89055e-19
0 1.89024e-19
0 1.88993e-19
0 1.88962e-19
0 1.88932e-19
0 1.88902e-19
0 1.88871e-19
0 1.88841e-19
0 1.88811e-19
0 1.88782e-19
0 1.88752e-19
0 1.88723e-19
0 1.88694e-19
0 1.88665e-19
0 1.88636e-19
0 1.88607e-19
0 1.88578e-19
0 1.8855e-19
0 1.88522e-19
0 1.88494e-19
0 1.88466e-19
0 1.88438e-19
0 1.8841e-19
0 1.88383e-19
0 1.88356e-19
0 1.88328e-19
0 1.88301e-19
0 1.88274e-19
0 1.88248e-19
0 1.88221e-19
0 1.88195e-19
0 1.88168e-19
0 1.88142e-19
0 1.88116e-19
0 1.8809e-19
0 1.88064e-19
0 1.88039e-19
0 1.88013e-19
0 1.87988e-19
0 1.87963e-19
0 1.87938e-19
0 1.87913e-19
0 1.87888e-19
0 1.87863e-19
0 1.87838e-19
0 1.87814e-19
0 1.8779e-19
0 1.87765e-19
0 1.87741e-19
0 1.87717e-19
0 1.87693e-19
0 1.8767e-19
0 1.87646e-19
0 1.87623e-19
0 1.87599e-19
0 1.87576e-19
0 1.87553e-19
0 1.8753e-19
0 1.87507e-19
0 1.87484e-19
0 1.87461e-19
0 1.87439e-19
0 1.87416e-19
0 1.87394e-19
0 1.87372e-19
0 1.8735e-19
0 1.87328e-19
0 1.87306e-19
0 1.87284e-19
0 1.87262e-19
0 1.87241e-19
0 1.87219e-19
0 1.87198e-19
0 1.87176e-19
0 1.87155e-19
0 1.87134e-19
0 1.87113e-19
0 1.87092e-19
0 1.87071e-19
0 1.87051e-19
0 1.8703e-19
0 1.8701e-19
0 1.86989e-19
0 1.86969e-19
0 1.86949e-19
0 1.86929e-19
0 1.86909e-19
0 1.86889e-19
0 1.86869e-19
0 1.86849e-19
0 1.86829e-19
0 1.8681e-19
0 1.8679e-19
0 1.86771e-19
0 1.86752e-19
0 1.86732e-19
0 1.86713e-19
0 1.86694e-19
0 1.86675e-19
0 1.86656e-19
0 1.86638e-19
0 1.86619e-19
0 1.866e-19
0 1.86582e-19
0 1.86563e-19
0 1.86545e-19
0 1.86527e-19
0 1.86508e-19
0 1.8649e-19
0 1.86472e-19
0 1.86454e-19
0 1.86436e-19
0 1.86419e-19
0 1.86401e-19
0 1.86383e-19
0 1.86366e-19
0 1.86348e-19
0 1.86331e-19
0 1.86313e-19
0 1.86296e-19
0 1.86279e-19
0 1.86262e-19
0 1.86245e-19
0 1.86228e-19
0 1.86211e-19
0 1.86194e-19
0 1.86177e-19
0 1.8616e-19
0 1.86144e-19
0 1.86127e-19
0 1.86111e-19
0 1.86094e-19
0 1.86078e-19
0 1.86062e-19
0 1.86045e-19
0 1.86029e-19
0 1.86013e-19
0 1.85997e-19
0 1.85981e-19
0 1.85965e-19
0 1.85949e-19
0 1.85934e-19
0 1.85918e-19
0 1.85902e-19
0 1.85887e-19
0 1.85871e-19
0 1.85856e-19
0 1.85841e-19
0 1.85825e-19
0 1.8581e-19
0 1.85795e-19
0 1.8578e-19
0 1.85765e-19
0 1.8575e-19
0 1.85735e-19
0 1.8572e-19
0 1.85705e-19
0 1.8569e-19
0 1.85676e-19
0 1.85661e-19
0 1.85646e-19
0 1.85632e-19
0 1.85617e-19
0 1.85603e-19
0 1.85589e-19
0 1.85574e-19
0 1.8556e-19
0 1.85546e-19
0 1.85532e-19
0 1.85518e-19
0 1.85504e-19
0 1.8549e-19
0 1.85476e-19
0 1.85462e-19
0 1.85448e-19
0 1.85434e-19
0 1.85421e-19
0 1.85407e-19
0 1.85393e-19
0 1.8538e-19
0 1.85366e-19
0 1.85353e-19
0 1.85339e-19
0 1.85326e-19
0 1.85313e-19
0 1.853e-19
0 1.85286e-19
0 1.85273e-19
0 1.8526e-19
0 1.85247e-19
0 1.85234e-19
0 1.85221e-19
0 1.85208e-19
0 1.85195e-19
0 1.85183e-19
0 1.8517e-19
0 1.85157e-19
0 1.85144e-19
0 1.85132e-19
0 1.85119e-19
0 1.85107e-19
0 1.85094e-19
0 1.85082e-19
0 1.85069e-19
0 1.85057e-19
0 1.85045e-19
0 1.85033e-19
0 1.8502e-19
0 1.85008e-19
0 1.84996e-19
0 1.84984e-19
0 1.84972e-19
0 1.8496e-19
0 1.84948e-19
0 1.84936e-19
0 1.84924e-19
0 1.84912e-19
0 1.84901e-19
0 1.84889e-19
0 1.84877e-19
0 1.84866e-19
0 1.84854e-19
0 1.84842e-19
0 1.84831e-19
0 1.84819e-19
0 1.84808e-19
0 1.84796e-19
0 1.84785e-19
0 1.84774e-19
0 1.84762e-19
0 1.84751e-19
0 1.8474e-19
0 1.84729e-19
0 1.84718e-19
0 1.84707e-19
0 1.84696e-19
0 1.84685e-19
0 1.84674e-19
0 1.84663e-19
0 1.84652e-19
0 1.84641e-19
0 1.8463e-19
0 1.84619e-19
0 1.84608e-19
0 1.84598e-19
0 1.84587e-19
0 1.84576e-19
0 1.84566e-19
0 1.84555e-19
0 1.84545e-19
0 1.84534e-19
0 1.84524e-19
0 1.84513e-19
0 1.84503e-19
0 1.84492e-19
0 1.84482e-19
0 1.84472e-19
0 1.84462e-19
0 1.84451e-19
0 1.84441e-19
0 1.84431e-19
0 1.84421e-19
0 1.84411e-19
0 1.84401e-19
0 1.84391e-19
0 1.84381e-19
0 1.84371e-19
0 1.84361e-19
0 1.84351e-19
0 1.84341e-19
0 1.84331e-19
0 1.84321e-19
0 1.84312e-19
0 1.84302e-19
0 1.84292e-19
0 1.84282e-19
0 1.84273e-19
0 1.84263e-19
0 1.84254e-19
0 1.84244e-19
0 1.84235e-19
0 1.84225e-19
0 1.84216e-19
0 1.84206e-19
0 1.84197e-19
0 1.84187e-19
0 1.84178e-19
0 1.84169e-19
0 1.84159e-19
0 1.8415e-19
0 1.84141e-19
0 1.84132e-19
0 1.84123e-19
0 1.84114e-19
0 1.84104e-19
0 1.84095e-19
0 1.84086e-19
0 1.84077e-19
0 1.84068e-19
0 1.84059e-19
0 1.8405e-19
0 1.84041e-19
0 1.84033e-19
0 1.84024e-19
0 1.84015e-19
0 1.84006e-19
0 1.83997e-19
0 1.83989e-19
0 1.8398e-19
0 1.83971e-19
0 1.83962e-19
0 1.83954e-19
0 1.83945e-19
0 1.83937e-19
0 1.83928e-19
0 1.83919e-19
0 1.83911e-19
0 1.83902e-19
0 1.83894e-19
0 1.83886e-19
0 1.83877e-19
0 1.83869e-19
0 1.8386e-19
0 1.83852e-19
0 1.83844e-19
0 1.83835e-19
0 1.83827e-19
0 1.83819e-19
0 1.83811e-19
0 1.83803e-19
0 1.83794e-19
0 1.83786e-19
0 1.83778e-19
0 1.8377e-19
0 1.83762e-19
0 1.83754e-19
0 1.83746e-19
0 1.83738e-19
0 1.8373e-19
0 1.83722e-19
0 1.83714e-19
0 1.83706e-19
0 1.83698e-19
0 1.8369e-19
0 1.83683e-19
0 1.83675e-19
0 1.83667e-19
0 1.83659e-19
0 1.83652e-19
0 1.83644e-19
0 1.83636e-19
0 1.83628e-19
0 1.83621e-19
0 1.83613e-19
0 1.83606e-19
0 1.83598e-19
0 1.8359e-19
0 1.83583e-19
0 1.83575e-19
0 1.83568e-19
0 1.8356e-19
0 1.83553e-19
0 1.83545e-19
0 1.83538e-19
0 1.83531e-19
0 1.83523e-19
0 1.83516e-19
0 1.83509e-19
0 1.83501e-19
0 1.83494e-19
0 1.83487e-19
0 1.83479e-19
0 1.83472e-19
0 1.83465e-19
0 1.83458e-19
0 1.83451e-19
0 1.83443e-19
0 1.83436e-19
0 1.83429e-19
0 1.83422e-19
0 1.83415e-19
0 1.83408e-19
0 1.83401e-19
0 1.83394e-19
0 1.83387e-19
0 1.8338e-19
0 1.83373e-19
0 1.83366e-19
0 1.83359e-19
0 1.83352e-19
0 1.83345e-19
0 1.83338e-19
0 1.83332e-19
0 1.83325e-19
0 1.83318e-19
0 1.83311e-19
0 1.83304e-19
0 1.83298e-19
0 1.83291e-19
0 1.83284e-19
0 1.83277e-19
0 1.83271e-19
0 1.83264e-19
0 1.83257e-19
0 1.83251e-19
0 1.83244e-19
0 1.83238e-19
0 1.83231e-19
0 1.83224e-19
0 1.83218e-19
0 1.83211e-19
0 1.83205e-19
0 1.83198e-19
0 1.83192e-19
0 1.83186e-19
0 1.83179e-19
0 1.83173e-19
0 1.83166e-19
0 1.8316e-19
0 1.83153e-19
0 1.83147e-19
0 1.83141e-19
0 1.83134e-19
0 1.83128e-19
0 1.83122e-19
0 1.83116e-19
0 1.83109e-19
0 1.83103e-19
0 1.83097e-19
0 1.83091e-19
0 1.83084e-19
0 1.83078e-19
0 1.83072e-19
0 1.83066e-19
0 1.8306e-19
0 1.83054e-19
0 1.83048e-19
0 1.83042e-19
0 1.83036e-19
0 1.83029e-19
0 1.83023e-19
0 1.83017e-19
0 1.83011e-19
0 1.83005e-19
0 1.82999e-19
0 1.82993e-19
0 1.82988e-19
0 1.82982e-19
0 1.82976e-19
0 1.8297e-19
0 1.82964e-19
0 1.82958e-19
0 1.82952e-19
0 1.82946e-19
0 1.82941e-19
0 1.82935e-19
0 1.82929e-19
0 1.82923e-19
0 1.82917e-19
0 1.82912e-19
0 1.82906e-19
0 1.829e-19
0 1.82894e-19
0 1.82889e-19
0 1.82883e-19
0 1.82877e-19
0 1.82872e-19
0 1.82866e-19
0 1.8286e-19
0 1.82855e-19
0 1.82849e-19
0 1.82844e-19
0 1.82838e-19
0 1.82833e-19
0 1.82827e-19
0 1.82821e-19
0 1.82816e-19
0 1.8281e-19
0 1.82805e-19
0 1.82799e-19
0 1.82794e-19
0 1.82789e-19
0 1.82783e-19
0 1.82778e-19
0 1.82772e-19
0 1.82767e-19
0 1.82762e-19
0 1.82756e-19
0 1.82751e-19
0 1.82745e-19
0 1.8274e-19
0 1.82735e-19
0 1.82729e-19
0 1.82724e-19
0 1.82719e-19
0 1.82714e-19
0 1.82708e-19
0 1.82703e-19
0 1.82698e-19
0 1.82693e-19
0 1.82687e-19
0 1.82682e-19
0 1.82677e-19
0 1.82672e-19
0 1.82667e-19
0 1.82662e-19
0 1.82656e-19
0 1.82651e-19
0 1.82646e-19
0 1.82641e-19
0 1.82636e-19
0 1.82631e-19
0 1.82626e-19
0 1.82621e-19
0 1.82616e-19
0 1.82611e-19
0 1.82606e-19
0 1.82601e-19
0 1.82596e-19
0 1.82591e-19
0 1.82586e-19
0 1.82581e-19
0 1.82576e-19
0 1.82571e-19
0 1.82566e-19
0 1.82561e-19
0 1.82556e-19
0 1.82551e-19
0 1.82546e-19
0 1.82542e-19
0 1.82537e-19
0 1.82532e-19
0 1.82527e-19
0 1.82522e-19
0 1.82517e-19
0 1.82513e-19
0 1.82508e-19
0 1.82503e-19
0 1.82498e-19
0 1.82494e-19
0 1.82489e-19
0 1.82484e-19
0 1.82479e-19
0 1.82475e-19
0 1.8247e-19
0 1.82465e-19
0 1.82461e-19
0 1.82456e-19
0 1.82451e-19
0 1.82447e-19
0 1.82442e-19
0 1.82437e-19
0 1.82433e-19
0 1.82428e-19
0 1.82423e-19
0 1.82419e-19
0 1.82414e-19
0 1.8241e-19
0 1.82405e-19
0 1.82401e-19
0 1.82396e-19
0 1.82391e-19
0 1.82387e-19
0 1.82382e-19
0 1.82378e-19
0 1.82373e-19
0 1.82369e-19
0 1.82365e-19
0 1.8236e-19
0 1.82356e-19
0 1.82351e-19
0 1.82347e-19
0 1.82342e-19
0 1.82338e-19
0 1.82333e-19
0 1.82329e-19
0 1.82325e-19
0 1.8232e-19
0 1.82316e-19
0 1.82312e-19
0 1.82307e-19
0 1.82303e-19
0 1.82299e-19
0 1.82294e-19
0 1.8229e-19
0 1.82286e-19
0 1.82281e-19
0 1.82277e-19
0 1.82273e-19
0 1.82269e-19
0 1.82264e-19
0 1.8226e-19
0 1.82256e-19
0 1.82252e-19
0 1.82247e-19
0 1.82243e-19
0 1.82239e-19
0 1.82235e-19
0 1.82231e-19
0 1.82226e-19
0 1.82222e-19
0 1.82218e-19
0 1.82214e-19
0 1.8221e-19
0 1.82206e-19
0 1.82202e-19
0 1.82197e-19
0 1.82193e-19
0 1.82189e-19
0 1.82185e-19
0 1.82181e-19
0 1.82177e-19
0 1.82173e-19
0 1.82169e-19
0 1.82165e-19
0 1.82161e-19
0 1.82157e-19
0 1.82153e-19
0 1.82149e-19
0 1.82145e-19
0 1.82141e-19
0 1.82137e-19
0 1.82133e-19
0 1.82129e-19
0 1.82125e-19
0 1.82121e-19
0 1.82117e-19
0 1.82113e-19
0 1.82109e-19
0 1.82105e-19
0 1.82101e-19
0 1.82097e-19
0 1.82094e-19
0 1.8209e-19

