0 4.75119e+06
0 15345.4
0 4346.65
0 1943.97
0 1057.25
0 644.261
0 423.307
0 293.472
0 211.805
0 157.706
0 120.381
0 93.7714
0 74.2814
0 59.681
0 48.5326
0 39.8795
0 33.0675
0 27.6379
0 23.2629
0 19.7034
0 16.7825
0 14.3669
0 12.3553
0 10.6696
0 9.24889
0 8.04524
0 7.02061
0 6.14453
0 5.39244
0 4.74436
0 4.18398
0 3.69786
0 3.27491
0 2.90588
0 2.58306
0 2.29997
0 2.05116
0 1.83199
0 1.63854
0 1.46748
0 1.31593
0 1.18143
0 1.06189
0 0.955467
0 0.860588
0 0.775884
0 0.700165
0 0.632392
0 0.57166
0 0.517174
0 0.46824
0 0.424247
0 0.384656
0 0.348993
0 0.316839
0 0.287824
0 0.261619
0 0.237934
0 0.216509
0 0.197115
0 0.179547
0 0.163622
0 0.149177
0 0.136066
0 0.124159
0 0.113338
0 0.1035
0 0.09455
0 0.0864038
0 0.0789853
0 0.0722264
0 0.0660655
0 0.0604471
0 0.0553213
0 0.0506429
0 0.0463712
0 0.0424692
0 0.0389036
0 0.0356442
0 0.0326637
0 0.0299373
0 0.0274426
0 0.025159
0 0.0230682
0 0.0211533
0 0.019399
0 0.0177913
0 0.0163178
0 0.0149668
0 0.0137278
0 0.0125914
0 0.0115488
0 0.0105921
0 0.00971394
0 0.00890784
0 0.00816774
0 0.00748812
0 0.00686393
0 0.0062906
0 0.00576389
0 0.00527998
0 0.00483533
0 0.00442673
0 0.00405123
0 0.00370612
0 0.00338894
0 0.00309741
0 0.00282946
0 0.00258319
0 0.00235685
0 0.00214883
0 0.00195767
0 0.00178202
0 0.00162064
0 0.0014724
0 0.00133626
0 0.00121125
0 0.00109649
0 0.000991187
0 0.000894588
0 0.000806013
0 0.000724837
0 0.000650482
0 0.000582421
0 0.000520166
0 0.00046327
0 0.000411322
0 0.000363946
0 0.000320794
0 0.000281546
0 0.000245911
0 0.000213619
0 0.000184423
0 0.000158097
0 0.000134431
0 0.000113236
0 9.43358e-05
0 7.75709e-05
0 6.27943e-05
0 4.9872e-05
0 3.86815e-05
0 2.91109e-05
0 2.10587e-05
0 1.44322e-05
0 9.14758e-06
0 5.12905e-06
0 2.30817e-06
0 6.23513e-07
0 2.0143e-08
0 5.22896e-14
0 5.2258e-14
0 5.22269e-14
0 5.21962e-14
0 5.21659e-14
0 5.21361e-14
0 5.21067e-14
0 5.20777e-14
0 5.20491e-14
0 5.20209e-14
0 5.1993e-14
0 5.19656e-14
0 5.19385e-14
0 5.19118e-14
0 5.18854e-14
0 5.18594e-14
0 5.18338e-14
0 5.18084e-14
0 5.17834e-14
0 5.17587e-14
0 5.17343e-14
0 5.17103e-14
0 5.16865e-14
0 5.1663e-14
0 5.16399e-14
0 5.1617e-14
0 5.15944e-14
0 5.15721e-14
0 5.155e-14
0 5.15282e-14
0 5.15067e-14
0 5.14854e-14
0 5.14644e-14
0 5.14436e-14
0 5.14231e-14
0 5.14028e-14
0 5.13827e-14
0 5.13629e-14
0 5.13433e-14
0 5.13239e-14
0 5.13048e-14
0 5.12858e-14
0 5.12671e-14
0 5.12486e-14
0 5.12303e-14
0 5.12122e-14
0 5.11943e-14
0 5.11765e-14
0 5.1159e-14
0 5.11417e-14
0 5.11245e-14
0 5.11075e-14
0 5.10908e-14
0 5.10741e-14
0 5.10577e-14
0 5.10414e-14
0 5.10253e-14
0 5.10094e-14
0 5.09936e-14
0 5.0978e-14
0 5.09626e-14
0 5.09473e-14
0 5.09321e-14
0 5.09172e-14
0 5.09023e-14
0 5.08876e-14
0 5.08731e-14
0 5.08587e-14
0 5.08444e-14
0 5.08303e-14
0 5.08163e-14
0 5.08025e-14
0 5.07887e-14
0 5.07752e-14
0 5.07617e-14
0 5.07484e-14
0 5.07352e-14
0 5.07221e-14
0 5.07091e-14
0 5.06963e-14
0 5.06835e-14
0 5.06709e-14
0 5.06584e-14
0 5.06461e-14
0 5.06338e-14
0 5.06217e-14
0 5.06096e-14
0 5.05977e-14
0 5.05858e-14
0 5.05741e-14
0 5.05625e-14
0 5.0551e-14
0 5.05396e-14
0 5.05282e-14
0 5.0517e-14
0 5.05059e-14
0 5.04949e-14
0 5.04839e-14
0 5.04731e-14
0 5.04623e-14
0 5.04517e-14
0 5.04411e-14
0 5.04306e-14
0 5.04202e-14
0 5.04099e-14
0 5.03997e-14
0 5.03896e-14
0 5.03795e-14
0 5.03695e-14
0 5.03596e-14
0 5.03498e-14
0 5.03401e-14
0 5.03304e-14
0 5.03209e-14
0 5.03114e-14
0 5.03019e-14
0 5.02926e-14
0 5.02833e-14
0 5.02741e-14
0 5.0265e-14
0 5.02559e-14
0 5.02469e-14
0 5.0238e-14
0 5.02292e-14
0 5.02204e-14
0 5.02117e-14
0 5.0203e-14
0 5.01944e-14
0 5.01859e-14
0 5.01775e-14
0 5.01691e-14
0 5.01607e-14
0 5.01525e-14
0 5.01443e-14
0 5.01361e-14
0 5.0128e-14
0 5.012e-14
0 5.0112e-14
0 5.01041e-14
0 5.00963e-14
0 5.00885e-14
0 5.00807e-14
0 5.00731e-14
0 5.00654e-14
0 5.00578e-14
0 5.00503e-14
0 5.00429e-14
0 5.00354e-14
0 5.00281e-14
0 5.00208e-14
0 5.00135e-14
0 5.00063e-14
0 4.99991e-14
0 4.9992e-14
0 4.9985e-14
0 4.9978e-14
0 4.9971e-14
0 4.99641e-14
0 4.99572e-14
0 4.99504e-14
0 4.99436e-14
0 4.99369e-14
0 4.99302e-14
0 4.99235e-14
0 4.99169e-14
0 4.99104e-14
0 4.99039e-14
0 4.98974e-14
0 4.9891e-14
0 4.98846e-14
0 4.98783e-14
0 4.9872e-14
0 4.98657e-14
0 4.98595e-14
0 4.98533e-14
0 4.98472e-14
0 4.98411e-14
0 4.9835e-14
0 4.9829e-14
0 4.9823e-14
0 4.9817e-14
0 4.98111e-14
0 4.98052e-14
0 4.97994e-14
0 4.97936e-14
0 4.97878e-14
0 4.97821e-14
0 4.97764e-14
0 4.97708e-14
0 4.97651e-14
0 4.97596e-14
0 4.9754e-14
0 4.97485e-14
0 4.9743e-14
0 4.97375e-14
0 4.97321e-14
0 4.97267e-14
0 4.97214e-14
0 4.9716e-14
0 4.97108e-14
0 4.97055e-14
0 4.97003e-14
0 4.96951e-14
0 4.96899e-14
0 4.96848e-14
0 4.96797e-14
0 4.96746e-14
0 4.96695e-14
0 4.96645e-14
0 4.96595e-14
0 4.96546e-14
0 4.96496e-14
0 4.96447e-14
0 4.96398e-14
0 4.9635e-14
0 4.96302e-14
0 4.96254e-14
0 4.96206e-14
0 4.96159e-14
0 4.96112e-14
0 4.96065e-14
0 4.96018e-14
0 4.95972e-14
0 4.95926e-14
0 4.9588e-14
0 4.95834e-14
0 4.95789e-14
0 4.95744e-14
0 4.95699e-14
0 4.95654e-14
0 4.9561e-14
0 4.95566e-14
0 4.95522e-14
0 4.95478e-14
0 4.95435e-14
0 4.95392e-14
0 4.95349e-14
0 4.95306e-14
0 4.95264e-14
0 4.95222e-14
0 4.9518e-14
0 4.95138e-14
0 4.95096e-14
0 4.95055e-14
0 4.95014e-14
0 4.94973e-14
0 4.94932e-14
0 4.94892e-14
0 4.94851e-14
0 4.94811e-14
0 4.94771e-14
0 4.94732e-14
0 4.94692e-14
0 4.94653e-14
0 4.94614e-14
0 4.94575e-14
0 4.94536e-14
0 4.94498e-14
0 4.9446e-14
0 4.94422e-14
0 4.94384e-14
0 4.94346e-14
0 4.94308e-14
0 4.94271e-14
0 4.94234e-14
0 4.94197e-14
0 4.9416e-14
0 4.94124e-14
0 4.94087e-14
0 4.94051e-14
0 4.94015e-14
0 4.93979e-14
0 4.93944e-14
0 4.93908e-14
0 4.93873e-14
0 4.93838e-14
0 4.93803e-14
0 4.93768e-14
0 4.93733e-14
0 4.93699e-14
0 4.93664e-14
0 4.9363e-14
0 4.93596e-14
0 4.93562e-14
0 4.93529e-14
0 4.93495e-14
0 4.93462e-14
0 4.93428e-14
0 4.93395e-14
0 4.93363e-14
0 4.9333e-14
0 4.93297e-14
0 4.93265e-14
0 4.93232e-14
0 4.932e-14
0 4.93168e-14
0 4.93137e-14
0 4.93105e-14
0 4.93073e-14
0 4.93042e-14
0 4.93011e-14
0 4.9298e-14
0 4.92949e-14
0 4.92918e-14
0 4.92887e-14
0 4.92857e-14
0 4.92826e-14
0 4.92796e-14
0 4.92766e-14
0 4.92736e-14
0 4.92706e-14
0 4.92676e-14
0 4.92646e-14
0 4.92617e-14
0 4.92588e-14
0 4.92558e-14
0 4.92529e-14
0 4.925e-14
0 4.92472e-14
0 4.92443e-14
0 4.92414e-14
0 4.92386e-14
0 4.92358e-14
0 4.92329e-14
0 4.92301e-14
0 4.92273e-14
0 4.92245e-14
0 4.92218e-14
0 4.9219e-14
0 4.92163e-14
0 4.92135e-14
0 4.92108e-14
0 4.92081e-14
0 4.92054e-14
0 4.92027e-14
0 4.92e-14
0 4.91974e-14
0 4.91947e-14
0 4.91921e-14
0 4.91894e-14
0 4.91868e-14
0 4.91842e-14
0 4.91816e-14
0 4.9179e-14
0 4.91764e-14
0 4.91739e-14
0 4.91713e-14
0 4.91688e-14
0 4.91662e-14
0 4.91637e-14
0 4.91612e-14
0 4.91587e-14
0 4.91562e-14
0 4.91537e-14
0 4.91512e-14
0 4.91487e-14
0 4.91463e-14
0 4.91438e-14
0 4.91414e-14
0 4.9139e-14
0 4.91366e-14
0 4.91342e-14
0 4.91318e-14
0 4.91294e-14
0 4.9127e-14
0 4.91246e-14
0 4.91223e-14
0 4.91199e-14
0 4.91176e-14
0 4.91153e-14
0 4.91129e-14
0 4.91106e-14
0 4.91083e-14
0 4.9106e-14
0 4.91038e-14
0 4.91015e-14
0 4.90992e-14
0 4.9097e-14
0 4.90947e-14
0 4.90925e-14
0 4.90902e-14
0 4.9088e-14
0 4.90858e-14
0 4.90836e-14
0 4.90814e-14
0 4.90792e-14
0 4.9077e-14
0 4.90749e-14
0 4.90727e-14
0 4.90705e-14
0 4.90684e-14
0 4.90662e-14
0 4.90641e-14
0 4.9062e-14
0 4.90599e-14
0 4.90578e-14
0 4.90557e-14
0 4.90536e-14
0 4.90515e-14
0 4.90494e-14
0 4.90473e-14
0 4.90453e-14
0 4.90432e-14
0 4.90412e-14
0 4.90392e-14
0 4.90371e-14
0 4.90351e-14
0 4.90331e-14
0 4.90311e-14
0 4.90291e-14
0 4.90271e-14
0 4.90251e-14
0 4.90231e-14
0 4.90211e-14
0 4.90192e-14
0 4.90172e-14
0 4.90153e-14
0 4.90133e-14
0 4.90114e-14
0 4.90095e-14
0 4.90075e-14
0 4.90056e-14
0 4.90037e-14
0 4.90018e-14
0 4.89999e-14
0 4.8998e-14
0 4.89962e-14
0 4.89943e-14
0 4.89924e-14
0 4.89905e-14
0 4.89887e-14
0 4.89868e-14
0 4.8985e-14
0 4.89832e-14
0 4.89813e-14
0 4.89795e-14
0 4.89777e-14
0 4.89759e-14
0 4.89741e-14
0 4.89723e-14
0 4.89705e-14
0 4.89687e-14
0 4.89669e-14
0 4.89652e-14
0 4.89634e-14
0 4.89616e-14
0 4.89599e-14
0 4.89581e-14
0 4.89564e-14
0 4.89547e-14
0 4.89529e-14
0 4.89512e-14
0 4.89495e-14
0 4.89478e-14
0 4.89461e-14
0 4.89444e-14
0 4.89427e-14
0 4.8941e-14
0 4.89393e-14
0 4.89376e-14
0 4.89359e-14
0 4.89343e-14
0 4.89326e-14
0 4.8931e-14
0 4.89293e-14
0 4.89277e-14
0 4.8926e-14
0 4.89244e-14
0 4.89228e-14
0 4.89211e-14
0 4.89195e-14
0 4.89179e-14
0 4.89163e-14
0 4.89147e-14
0 4.89131e-14
0 4.89115e-14
0 4.89099e-14
0 4.89083e-14
0 4.89068e-14
0 4.89052e-14
0 4.89036e-14
0 4.89021e-14
0 4.89005e-14
0 4.88989e-14
0 4.88974e-14
0 4.88959e-14
0 4.88943e-14
0 4.88928e-14
0 4.88913e-14
0 4.88897e-14
0 4.88882e-14
0 4.88867e-14
0 4.88852e-14
0 4.88837e-14
0 4.88822e-14
0 4.88807e-14
0 4.88792e-14
0 4.88777e-14
0 4.88763e-14
0 4.88748e-14
0 4.88733e-14
0 4.88719e-14
0 4.88704e-14
0 4.88689e-14
0 4.88675e-14
0 4.88661e-14
0 4.88646e-14
0 4.88632e-14
0 4.88617e-14
0 4.88603e-14
0 4.88589e-14
0 4.88575e-14
0 4.88561e-14
0 4.88546e-14
0 4.88532e-14
0 4.88518e-14
0 4.88504e-14
0 4.8849e-14
0 4.88477e-14
0 4.88463e-14
0 4.88449e-14
0 4.88435e-14
0 4.88421e-14
0 4.88408e-14
0 4.88394e-14
0 4.8838e-14
0 4.88367e-14
0 4.88353e-14
0 4.8834e-14
0 4.88326e-14
0 4.88313e-14
0 4.883e-14
0 4.88286e-14
0 4.88273e-14
0 4.8826e-14
0 4.88247e-14
0 4.88233e-14
0 4.8822e-14
0 4.88207e-14
0 4.88194e-14
0 4.88181e-14
0 4.88168e-14
0 4.88155e-14
0 4.88142e-14
0 4.8813e-14
0 4.88117e-14
0 4.88104e-14
0 4.88091e-14
0 4.88079e-14
0 4.88066e-14
0 4.88053e-14
0 4.88041e-14
0 4.88028e-14
0 4.88016e-14
0 4.88003e-14
0 4.87991e-14
0 4.87978e-14
0 4.87966e-14
0 4.87954e-14
0 4.87941e-14
0 4.87929e-14
0 4.87917e-14
0 4.87905e-14
0 4.87892e-14
0 4.8788e-14
0 4.87868e-14
0 4.87856e-14
0 4.87844e-14
0 4.87832e-14
0 4.8782e-14
0 4.87808e-14
0 4.87796e-14
0 4.87784e-14
0 4.87773e-14
0 4.87761e-14
0 4.87749e-14
0 4.87737e-14
0 4.87726e-14
0 4.87714e-14
0 4.87702e-14
0 4.87691e-14
0 4.87679e-14
0 4.87668e-14
0 4.87656e-14
0 4.87645e-14
0 4.87633e-14
0 4.87622e-14
0 4.87611e-14
0 4.87599e-14
0 4.87588e-14
0 4.87577e-14
0 4.87565e-14
0 4.87554e-14
0 4.87543e-14
0 4.87532e-14
0 4.87521e-14
0 4.8751e-14
0 4.87499e-14
0 4.87487e-14
0 4.87476e-14
0 4.87466e-14
0 4.87455e-14
0 4.87444e-14
0 4.87433e-14
0 4.87422e-14
0 4.87411e-14
0 4.874e-14
0 4.8739e-14
0 4.87379e-14
0 4.87368e-14
0 4.87357e-14
0 4.87347e-14
0 4.87336e-14
0 4.87326e-14
0 4.87315e-14
0 4.87304e-14
0 4.87294e-14
0 4.87283e-14
0 4.87273e-14
0 4.87263e-14
0 4.87252e-14
0 4.87242e-14
0 4.87231e-14
0 4.87221e-14
0 4.87211e-14
0 4.87201e-14
0 4.8719e-14
0 4.8718e-14
0 4.8717e-14
0 4.8716e-14
0 4.8715e-14
0 4.8714e-14
0 4.8713e-14
0 4.87119e-14
0 4.87109e-14
0 4.87099e-14
0 4.87089e-14
0 4.8708e-14
0 4.8707e-14
0 4.8706e-14
0 4.8705e-14
0 4.8704e-14
0 4.8703e-14
0 4.8702e-14
0 4.87011e-14
0 4.87001e-14
0 4.86991e-14
0 4.86981e-14
0 4.86972e-14
0 4.86962e-14
0 4.86953e-14
0 4.86943e-14
0 4.86933e-14
0 4.86924e-14
0 4.86914e-14
0 4.86905e-14
0 4.86895e-14
0 4.86886e-14
0 4.86876e-14
0 4.86867e-14
0 4.86858e-14
0 4.86848e-14
0 4.86839e-14
0 4.8683e-14
0 4.8682e-14
0 4.86811e-14
0 4.86802e-14
0 4.86793e-14
0 4.86783e-14
0 4.86774e-14
0 4.86765e-14
0 4.86756e-14
0 4.86747e-14
0 4.86738e-14
0 4.86729e-14
0 4.8672e-14
0 4.86711e-14
0 4.86702e-14
0 4.86693e-14
0 4.86684e-14
0 4.86675e-14
0 4.86666e-14
0 4.86657e-14
0 4.86648e-14
0 4.86639e-14
0 4.86631e-14
0 4.86622e-14
0 4.86613e-14
0 4.86604e-14
0 4.86595e-14
0 4.86587e-14
0 4.86578e-14
0 4.86569e-14
0 4.86561e-14
0 4.86552e-14
0 4.86544e-14
0 4.86535e-14
0 4.86526e-14
0 4.86518e-14
0 4.86509e-14
0 4.86501e-14
0 4.86492e-14
0 4.86484e-14
0 4.86475e-14
0 4.86467e-14
0 4.86459e-14
0 4.8645e-14
0 4.86442e-14
0 4.86434e-14
0 4.86425e-14
0 4.86417e-14
0 4.86409e-14
0 4.864e-14
0 4.86392e-14
0 4.86384e-14
0 4.86376e-14
0 4.86367e-14
0 4.86359e-14
0 4.86351e-14
0 4.86343e-14
0 4.86335e-14
0 4.86327e-14
0 4.86319e-14
0 4.86311e-14
0 4.86303e-14
0 4.86295e-14
0 4.86287e-14
0 4.86279e-14
0 4.86271e-14
0 4.86263e-14
0 4.86255e-14
0 4.86247e-14
0 4.86239e-14
0 4.86231e-14
0 4.86223e-14
0 4.86215e-14
0 4.86208e-14
0 4.862e-14
0 4.86192e-14
0 4.86184e-14
0 4.86177e-14
0 4.86169e-14
0 4.86161e-14
0 4.86153e-14
0 4.86146e-14
0 4.86138e-14
0 4.8613e-14
0 4.86123e-14
0 4.86115e-14
0 4.86108e-14
0 4.861e-14
0 4.86093e-14
0 4.86085e-14
0 4.86077e-14
0 4.8607e-14
0 4.86062e-14
0 4.86055e-14
0 4.86048e-14
0 4.8604e-14
0 4.86033e-14
0 4.86025e-14
0 4.86018e-14
0 4.86011e-14
0 4.86003e-14
0 4.85996e-14
0 4.85988e-14
0 4.85981e-14
0 4.85974e-14
0 4.85967e-14
0 4.85959e-14
0 4.85952e-14
0 4.85945e-14
0 4.85938e-14
0 4.8593e-14
0 4.85923e-14
0 4.85916e-14
0 4.85909e-14
0 4.85902e-14
0 4.85895e-14
0 4.85888e-14
0 4.85881e-14
0 4.85874e-14
0 4.85866e-14
0 4.85859e-14
0 4.85852e-14
0 4.85845e-14
0 4.85838e-14
0 4.85831e-14
0 4.85824e-14
0 4.85818e-14
0 4.85811e-14
0 4.85804e-14
0 4.85797e-14
0 4.8579e-14
0 4.85783e-14
0 4.85776e-14
0 4.85769e-14
0 4.85762e-14
0 4.85756e-14
0 4.85749e-14
0 4.85742e-14
0 4.85735e-14
0 4.85729e-14
0 4.85722e-14
0 4.85715e-14
0 4.85708e-14
0 4.85702e-14
0 4.85695e-14
0 4.85688e-14
0 4.85682e-14
0 4.85675e-14
0 4.85668e-14
0 4.85662e-14
0 4.85655e-14
0 4.85649e-14
0 4.85642e-14
0 4.85635e-14
0 4.85629e-14
0 4.85622e-14
0 4.85616e-14
0 4.85609e-14
0 4.85603e-14
0 4.85596e-14
0 4.8559e-14
0 4.85583e-14
0 4.85577e-14
0 4.85571e-14
0 4.85564e-14
0 4.85558e-14
0 4.85551e-14
0 4.85545e-14
0 4.85539e-14
0 4.85532e-14
0 4.85526e-14
0 4.8552e-14
0 4.85513e-14
0 4.85507e-14
0 4.85501e-14
0 4.85495e-14
0 4.85488e-14
0 4.85482e-14
0 4.85476e-14
0 4.8547e-14
0 4.85463e-14
0 4.85457e-14
0 4.85451e-14
0 4.85445e-14
0 4.85439e-14
0 4.85433e-14
0 4.85427e-14
0 4.8542e-14

