0 4937.08
0 1072.01
0 213.14
0 76.6849
0 38.0092
0 22.3589
0 14.565
0 10.1401
0 7.39455
0 5.57906
0 4.32011
0 3.41444
0 2.74361
0 2.23483
0 1.84133
0 1.53194
0 1.28525
0 1.08619
0 0.923858
0 0.790263
0 0.67942
0 0.586788
0 0.508872
0 0.442951
0 0.386884
0 0.338967
0 0.297838
0 0.262391
0 0.231728
0 0.205114
0 0.18194
0 0.161703
0 0.143981
0 0.128424
0 0.114733
0 0.102658
0 0.0919863
0 0.0825357
0 0.074151
0 0.066699
0 0.060065
0 0.0541499
0 0.048868
0 0.0441448
0 0.0399156
0 0.0361239
0 0.0327203
0 0.0296616
0 0.0269097
0 0.0244314
0 0.0221971
0 0.0201809
0 0.0183598
0 0.0167136
0 0.015224
0 0.0138753
0 0.012653
0 0.0115445
0 0.0105385
0 0.00962491
0 0.00879464
0 0.00803962
0 0.00735262
0 0.00672713
0 0.00615733
0 0.00563796
0 0.00516431
0 0.00473214
0 0.00433762
0 0.00397729
0 0.00364804
0 0.00334705
0 0.00307179
0 0.00281994
0 0.00258942
0 0.00237834
0 0.002185
0 0.00200783
0 0.00184542
0 0.0016965
0 0.0015599
0 0.00143455
0 0.00131951
0 0.00121388
0 0.00111687
0 0.00102776
0 0.000945871
0 0.000870604
0 0.000801407
0 0.000737774
0 0.000679244
0 0.000625396
0 0.000575844
0 0.000530236
0 0.000488251
0 0.000449592
0 0.00041399
0 0.000381197
0 0.000350987
0 0.000323152
0 0.000297501
0 0.00027386
0 0.000252068
0 0.000231978
0 0.000213455
0 0.000196375
0 0.000180624
0 0.000166098
0 0.0001527
0 0.000140342
0 0.000128942
0 0.000118426
0 0.000108725
0 9.97763e-05
0 9.15205e-05
0 8.39045e-05
0 7.68791e-05
0 7.03986e-05
0 6.44212e-05
0 5.89084e-05
0 5.38246e-05
0 4.91371e-05
0 4.48157e-05
0 4.08325e-05
0 3.7162e-05
0 3.37804e-05
0 3.06659e-05
0 2.77985e-05
0 2.51596e-05
0 2.2732e-05
0 2.05e-05
0 1.84491e-05
0 1.65658e-05
0 1.48376e-05
0 1.32533e-05
0 1.18022e-05
0 1.04746e-05
0 9.26162e-06
0 8.1549e-06
0 7.14685e-06
0 6.23044e-06
0 5.39921e-06
0 4.6472e-06
0 3.96891e-06
0 3.35931e-06
0 2.81374e-06
0 2.32794e-06
0 1.898e-06
0 1.52031e-06
0 1.1916e-06
0 9.08838e-07
0 6.69286e-07
0 4.70431e-07
0 3.09991e-07
0 1.85896e-07
0 9.62735e-08
0 3.94344e-08
0 1.38645e-08
0 1.34995e-15
0 1.34922e-15
0 1.3485e-15
0 1.34779e-15
0 1.34709e-15
0 1.3464e-15
0 1.34571e-15
0 1.34504e-15
0 1.34437e-15
0 1.34372e-15
0 1.34307e-15
0 1.34243e-15
0 1.34179e-15
0 1.34117e-15
0 1.34055e-15
0 1.33995e-15
0 1.33934e-15
0 1.33875e-15
0 1.33816e-15
0 1.33759e-15
0 1.33701e-15
0 1.33645e-15
0 1.33589e-15
0 1.33534e-15
0 1.33479e-15
0 1.33425e-15
0 1.33372e-15
0 1.33319e-15
0 1.33267e-15
0 1.33216e-15
0 1.33165e-15
0 1.33115e-15
0 1.33065e-15
0 1.33016e-15
0 1.32967e-15
0 1.32919e-15
0 1.32871e-15
0 1.32824e-15
0 1.32778e-15
0 1.32732e-15
0 1.32686e-15
0 1.32641e-15
0 1.32597e-15
0 1.32552e-15
0 1.32509e-15
0 1.32466e-15
0 1.32423e-15
0 1.32381e-15
0 1.32339e-15
0 1.32297e-15
0 1.32256e-15
0 1.32216e-15
0 1.32176e-15
0 1.32136e-15
0 1.32097e-15
0 1.32058e-15
0 1.32019e-15
0 1.31981e-15
0 1.31943e-15
0 1.31906e-15
0 1.31869e-15
0 1.31832e-15
0 1.31796e-15
0 1.31759e-15
0 1.31724e-15
0 1.31688e-15
0 1.31653e-15
0 1.31619e-15
0 1.31584e-15
0 1.3155e-15
0 1.31517e-15
0 1.31483e-15
0 1.3145e-15
0 1.31417e-15
0 1.31385e-15
0 1.31353e-15
0 1.31321e-15
0 1.31289e-15
0 1.31258e-15
0 1.31227e-15
0 1.31196e-15
0 1.31166e-15
0 1.31135e-15
0 1.31105e-15
0 1.31076e-15
0 1.31046e-15
0 1.31017e-15
0 1.30988e-15
0 1.30959e-15
0 1.30931e-15
0 1.30903e-15
0 1.30875e-15
0 1.30847e-15
0 1.30819e-15
0 1.30792e-15
0 1.30765e-15
0 1.30738e-15
0 1.30712e-15
0 1.30685e-15
0 1.30659e-15
0 1.30633e-15
0 1.30607e-15
0 1.30582e-15
0 1.30556e-15
0 1.30531e-15
0 1.30506e-15
0 1.30482e-15
0 1.30457e-15
0 1.30433e-15
0 1.30409e-15
0 1.30385e-15
0 1.30361e-15
0 1.30337e-15
0 1.30314e-15
0 1.30291e-15
0 1.30267e-15
0 1.30245e-15
0 1.30222e-15
0 1.30199e-15
0 1.30177e-15
0 1.30155e-15
0 1.30133e-15
0 1.30111e-15
0 1.30089e-15
0 1.30068e-15
0 1.30046e-15
0 1.30025e-15
0 1.30004e-15
0 1.29983e-15
0 1.29962e-15
0 1.29942e-15
0 1.29921e-15
0 1.29901e-15
0 1.29881e-15
0 1.29861e-15
0 1.29841e-15
0 1.29821e-15
0 1.29802e-15
0 1.29782e-15
0 1.29763e-15
0 1.29744e-15
0 1.29725e-15
0 1.29706e-15
0 1.29687e-15
0 1.29668e-15
0 1.2965e-15
0 1.29631e-15
0 1.29613e-15
0 1.29595e-15
0 1.29577e-15
0 1.29559e-15
0 1.29541e-15
0 1.29523e-15
0 1.29506e-15
0 1.29488e-15
0 1.29471e-15
0 1.29454e-15
0 1.29437e-15
0 1.2942e-15
0 1.29403e-15
0 1.29386e-15
0 1.2937e-15
0 1.29353e-15
0 1.29337e-15
0 1.2932e-15
0 1.29304e-15
0 1.29288e-15
0 1.29272e-15
0 1.29256e-15
0 1.2924e-15
0 1.29224e-15
0 1.29209e-15
0 1.29193e-15
0 1.29178e-15
0 1.29163e-15
0 1.29147e-15
0 1.29132e-15
0 1.29117e-15
0 1.29102e-15
0 1.29087e-15
0 1.29073e-15
0 1.29058e-15
0 1.29043e-15
0 1.29029e-15
0 1.29015e-15
0 1.29e-15
0 1.28986e-15
0 1.28972e-15
0 1.28958e-15
0 1.28944e-15
0 1.2893e-15
0 1.28916e-15
0 1.28902e-15
0 1.28889e-15
0 1.28875e-15
0 1.28862e-15
0 1.28848e-15
0 1.28835e-15
0 1.28822e-15
0 1.28809e-15
0 1.28795e-15
0 1.28782e-15
0 1.2877e-15
0 1.28757e-15
0 1.28744e-15
0 1.28731e-15
0 1.28718e-15
0 1.28706e-15
0 1.28693e-15
0 1.28681e-15
0 1.28669e-15
0 1.28656e-15
0 1.28644e-15
0 1.28632e-15
0 1.2862e-15
0 1.28608e-15
0 1.28596e-15
0 1.28584e-15
0 1.28572e-15
0 1.2856e-15
0 1.28549e-15
0 1.28537e-15
0 1.28525e-15
0 1.28514e-15
0 1.28502e-15
0 1.28491e-15
0 1.2848e-15
0 1.28468e-15
0 1.28457e-15
0 1.28446e-15
0 1.28435e-15
0 1.28424e-15
0 1.28413e-15
0 1.28402e-15
0 1.28391e-15
0 1.28381e-15
0 1.2837e-15
0 1.28359e-15
0 1.28348e-15
0 1.28338e-15
0 1.28327e-15
0 1.28317e-15
0 1.28307e-15
0 1.28296e-15
0 1.28286e-15
0 1.28276e-15
0 1.28265e-15
0 1.28255e-15
0 1.28245e-15
0 1.28235e-15
0 1.28225e-15
0 1.28215e-15
0 1.28205e-15
0 1.28195e-15
0 1.28186e-15
0 1.28176e-15
0 1.28166e-15
0 1.28157e-15
0 1.28147e-15
0 1.28137e-15
0 1.28128e-15
0 1.28118e-15
0 1.28109e-15
0 1.281e-15
0 1.2809e-15
0 1.28081e-15
0 1.28072e-15
0 1.28063e-15
0 1.28054e-15
0 1.28044e-15
0 1.28035e-15
0 1.28026e-15
0 1.28017e-15
0 1.28009e-15
0 1.28e-15
0 1.27991e-15
0 1.27982e-15
0 1.27973e-15
0 1.27965e-15
0 1.27956e-15
0 1.27947e-15
0 1.27939e-15
0 1.2793e-15
0 1.27922e-15
0 1.27913e-15
0 1.27905e-15
0 1.27896e-15
0 1.27888e-15
0 1.2788e-15
0 1.27871e-15
0 1.27863e-15
0 1.27855e-15
0 1.27847e-15
0 1.27839e-15
0 1.27831e-15
0 1.27823e-15
0 1.27815e-15
0 1.27807e-15
0 1.27799e-15
0 1.27791e-15
0 1.27783e-15
0 1.27775e-15
0 1.27767e-15
0 1.27759e-15
0 1.27752e-15
0 1.27744e-15
0 1.27736e-15
0 1.27729e-15
0 1.27721e-15
0 1.27714e-15
0 1.27706e-15
0 1.27698e-15
0 1.27691e-15
0 1.27684e-15
0 1.27676e-15
0 1.27669e-15
0 1.27661e-15
0 1.27654e-15
0 1.27647e-15
0 1.2764e-15
0 1.27632e-15
0 1.27625e-15
0 1.27618e-15
0 1.27611e-15
0 1.27604e-15
0 1.27597e-15
0 1.2759e-15
0 1.27583e-15
0 1.27576e-15
0 1.27569e-15
0 1.27562e-15
0 1.27555e-15
0 1.27548e-15
0 1.27541e-15
0 1.27535e-15
0 1.27528e-15
0 1.27521e-15
0 1.27514e-15
0 1.27508e-15
0 1.27501e-15
0 1.27495e-15
0 1.27488e-15
0 1.27481e-15
0 1.27475e-15
0 1.27468e-15
0 1.27462e-15
0 1.27455e-15
0 1.27449e-15
0 1.27442e-15
0 1.27436e-15
0 1.2743e-15
0 1.27423e-15
0 1.27417e-15
0 1.27411e-15
0 1.27405e-15
0 1.27398e-15
0 1.27392e-15
0 1.27386e-15
0 1.2738e-15
0 1.27374e-15
0 1.27367e-15
0 1.27361e-15
0 1.27355e-15
0 1.27349e-15
0 1.27343e-15
0 1.27337e-15
0 1.27331e-15
0 1.27325e-15
0 1.27319e-15
0 1.27314e-15
0 1.27308e-15
0 1.27302e-15
0 1.27296e-15
0 1.2729e-15
0 1.27284e-15
0 1.27279e-15
0 1.27273e-15
0 1.27267e-15
0 1.27261e-15
0 1.27256e-15
0 1.2725e-15
0 1.27244e-15
0 1.27239e-15
0 1.27233e-15
0 1.27228e-15
0 1.27222e-15
0 1.27217e-15
0 1.27211e-15
0 1.27206e-15
0 1.272e-15
0 1.27195e-15
0 1.27189e-15
0 1.27184e-15
0 1.27179e-15
0 1.27173e-15
0 1.27168e-15
0 1.27162e-15
0 1.27157e-15
0 1.27152e-15
0 1.27147e-15
0 1.27141e-15
0 1.27136e-15
0 1.27131e-15
0 1.27126e-15
0 1.27121e-15
0 1.27115e-15
0 1.2711e-15
0 1.27105e-15
0 1.271e-15
0 1.27095e-15
0 1.2709e-15
0 1.27085e-15
0 1.2708e-15
0 1.27075e-15
0 1.2707e-15
0 1.27065e-15
0 1.2706e-15
0 1.27055e-15
0 1.2705e-15
0 1.27045e-15
0 1.2704e-15
0 1.27035e-15
0 1.27031e-15
0 1.27026e-15
0 1.27021e-15
0 1.27016e-15
0 1.27011e-15
0 1.27007e-15
0 1.27002e-15
0 1.26997e-15
0 1.26992e-15
0 1.26988e-15
0 1.26983e-15
0 1.26978e-15
0 1.26974e-15
0 1.26969e-15
0 1.26964e-15
0 1.2696e-15
0 1.26955e-15
0 1.26951e-15
0 1.26946e-15
0 1.26942e-15
0 1.26937e-15
0 1.26933e-15
0 1.26928e-15
0 1.26924e-15
0 1.26919e-15
0 1.26915e-15
0 1.2691e-15
0 1.26906e-15
0 1.26901e-15
0 1.26897e-15
0 1.26893e-15
0 1.26888e-15
0 1.26884e-15
0 1.2688e-15
0 1.26875e-15
0 1.26871e-15
0 1.26867e-15
0 1.26862e-15
0 1.26858e-15
0 1.26854e-15
0 1.2685e-15
0 1.26845e-15
0 1.26841e-15
0 1.26837e-15
0 1.26833e-15
0 1.26829e-15
0 1.26825e-15
0 1.2682e-15
0 1.26816e-15
0 1.26812e-15
0 1.26808e-15
0 1.26804e-15
0 1.268e-15
0 1.26796e-15
0 1.26792e-15
0 1.26788e-15
0 1.26784e-15
0 1.2678e-15
0 1.26776e-15
0 1.26772e-15
0 1.26768e-15
0 1.26764e-15
0 1.2676e-15
0 1.26756e-15
0 1.26752e-15
0 1.26748e-15
0 1.26744e-15
0 1.26741e-15
0 1.26737e-15
0 1.26733e-15
0 1.26729e-15
0 1.26725e-15
0 1.26721e-15
0 1.26718e-15
0 1.26714e-15
0 1.2671e-15
0 1.26706e-15
0 1.26702e-15
0 1.26699e-15
0 1.26695e-15
0 1.26691e-15
0 1.26687e-15
0 1.26684e-15
0 1.2668e-15
0 1.26676e-15
0 1.26673e-15
0 1.26669e-15
0 1.26665e-15
0 1.26662e-15
0 1.26658e-15
0 1.26655e-15
0 1.26651e-15
0 1.26647e-15
0 1.26644e-15
0 1.2664e-15
0 1.26637e-15
0 1.26633e-15
0 1.2663e-15
0 1.26626e-15
0 1.26623e-15
0 1.26619e-15
0 1.26616e-15
0 1.26612e-15
0 1.26609e-15
0 1.26605e-15
0 1.26602e-15
0 1.26598e-15
0 1.26595e-15
0 1.26591e-15
0 1.26588e-15
0 1.26585e-15
0 1.26581e-15
0 1.26578e-15
0 1.26574e-15
0 1.26571e-15
0 1.26568e-15
0 1.26564e-15
0 1.26561e-15
0 1.26558e-15
0 1.26554e-15
0 1.26551e-15
0 1.26548e-15
0 1.26545e-15
0 1.26541e-15
0 1.26538e-15
0 1.26535e-15
0 1.26531e-15
0 1.26528e-15
0 1.26525e-15
0 1.26522e-15
0 1.26519e-15
0 1.26515e-15
0 1.26512e-15
0 1.26509e-15
0 1.26506e-15
0 1.26503e-15
0 1.265e-15
0 1.26496e-15
0 1.26493e-15
0 1.2649e-15
0 1.26487e-15
0 1.26484e-15
0 1.26481e-15
0 1.26478e-15
0 1.26475e-15
0 1.26472e-15
0 1.26468e-15
0 1.26465e-15
0 1.26462e-15
0 1.26459e-15
0 1.26456e-15
0 1.26453e-15
0 1.2645e-15
0 1.26447e-15
0 1.26444e-15
0 1.26441e-15
0 1.26438e-15
0 1.26435e-15
0 1.26432e-15
0 1.26429e-15
0 1.26426e-15
0 1.26423e-15
0 1.26421e-15
0 1.26418e-15
0 1.26415e-15
0 1.26412e-15
0 1.26409e-15
0 1.26406e-15
0 1.26403e-15
0 1.264e-15
0 1.26397e-15
0 1.26395e-15
0 1.26392e-15
0 1.26389e-15
0 1.26386e-15
0 1.26383e-15
0 1.2638e-15
0 1.26378e-15
0 1.26375e-15
0 1.26372e-15
0 1.26369e-15
0 1.26366e-15
0 1.26364e-15
0 1.26361e-15
0 1.26358e-15
0 1.26355e-15
0 1.26352e-15
0 1.2635e-15
0 1.26347e-15
0 1.26344e-15
0 1.26342e-15
0 1.26339e-15
0 1.26336e-15
0 1.26333e-15
0 1.26331e-15
0 1.26328e-15
0 1.26325e-15
0 1.26323e-15
0 1.2632e-15
0 1.26317e-15
0 1.26315e-15
0 1.26312e-15
0 1.26309e-15
0 1.26307e-15
0 1.26304e-15
0 1.26302e-15
0 1.26299e-15
0 1.26296e-15
0 1.26294e-15
0 1.26291e-15
0 1.26289e-15
0 1.26286e-15
0 1.26283e-15
0 1.26281e-15
0 1.26278e-15
0 1.26276e-15
0 1.26273e-15
0 1.26271e-15
0 1.26268e-15
0 1.26266e-15
0 1.26263e-15
0 1.26261e-15
0 1.26258e-15
0 1.26256e-15
0 1.26253e-15
0 1.26251e-15
0 1.26248e-15
0 1.26246e-15
0 1.26243e-15
0 1.26241e-15
0 1.26238e-15
0 1.26236e-15
0 1.26233e-15
0 1.26231e-15
0 1.26229e-15
0 1.26226e-15
0 1.26224e-15
0 1.26221e-15
0 1.26219e-15
0 1.26217e-15
0 1.26214e-15
0 1.26212e-15
0 1.26209e-15
0 1.26207e-15
0 1.26205e-15
0 1.26202e-15
0 1.262e-15
0 1.26198e-15
0 1.26195e-15
0 1.26193e-15
0 1.26191e-15
0 1.26188e-15
0 1.26186e-15
0 1.26184e-15
0 1.26181e-15
0 1.26179e-15
0 1.26177e-15
0 1.26174e-15
0 1.26172e-15
0 1.2617e-15
0 1.26167e-15
0 1.26165e-15
0 1.26163e-15
0 1.26161e-15
0 1.26158e-15
0 1.26156e-15
0 1.26154e-15
0 1.26152e-15
0 1.26149e-15
0 1.26147e-15
0 1.26145e-15
0 1.26143e-15
0 1.26141e-15
0 1.26138e-15
0 1.26136e-15
0 1.26134e-15
0 1.26132e-15
0 1.2613e-15
0 1.26127e-15
0 1.26125e-15
0 1.26123e-15
0 1.26121e-15
0 1.26119e-15
0 1.26117e-15
0 1.26114e-15
0 1.26112e-15
0 1.2611e-15
0 1.26108e-15
0 1.26106e-15
0 1.26104e-15
0 1.26102e-15
0 1.26099e-15
0 1.26097e-15
0 1.26095e-15
0 1.26093e-15
0 1.26091e-15
0 1.26089e-15
0 1.26087e-15
0 1.26085e-15
0 1.26083e-15
0 1.26081e-15
0 1.26079e-15
0 1.26076e-15
0 1.26074e-15
0 1.26072e-15
0 1.2607e-15
0 1.26068e-15
0 1.26066e-15
0 1.26064e-15
0 1.26062e-15
0 1.2606e-15
0 1.26058e-15
0 1.26056e-15
0 1.26054e-15
0 1.26052e-15
0 1.2605e-15
0 1.26048e-15
0 1.26046e-15
0 1.26044e-15
0 1.26042e-15
0 1.2604e-15
0 1.26038e-15
0 1.26036e-15
0 1.26034e-15
0 1.26032e-15
0 1.2603e-15
0 1.26028e-15
0 1.26026e-15
0 1.26024e-15
0 1.26022e-15
0 1.26021e-15
0 1.26019e-15
0 1.26017e-15
0 1.26015e-15
0 1.26013e-15
0 1.26011e-15
0 1.26009e-15
0 1.26007e-15
0 1.26005e-15
0 1.26003e-15
0 1.26001e-15
0 1.26e-15
0 1.25998e-15
0 1.25996e-15
0 1.25994e-15
0 1.25992e-15
0 1.2599e-15
0 1.25988e-15
0 1.25986e-15
0 1.25985e-15
0 1.25983e-15
0 1.25981e-15
0 1.25979e-15
0 1.25977e-15
0 1.25975e-15
0 1.25973e-15
0 1.25972e-15
0 1.2597e-15
0 1.25968e-15
0 1.25966e-15
0 1.25964e-15
0 1.25963e-15
0 1.25961e-15
0 1.25959e-15
0 1.25957e-15
0 1.25955e-15
0 1.25954e-15
0 1.25952e-15
0 1.2595e-15
0 1.25948e-15
0 1.25946e-15
0 1.25945e-15
0 1.25943e-15
0 1.25941e-15
0 1.25939e-15
0 1.25938e-15
0 1.25936e-15
0 1.25934e-15
0 1.25932e-15
0 1.25931e-15
0 1.25929e-15
0 1.25927e-15
0 1.25925e-15
0 1.25924e-15
0 1.25922e-15
0 1.2592e-15
0 1.25919e-15
0 1.25917e-15
0 1.25915e-15
0 1.25913e-15
0 1.25912e-15
0 1.2591e-15
0 1.25908e-15
0 1.25907e-15
0 1.25905e-15
0 1.25903e-15
0 1.25902e-15
0 1.259e-15
0 1.25898e-15
0 1.25897e-15
0 1.25895e-15
0 1.25893e-15
0 1.25892e-15
0 1.2589e-15
0 1.25888e-15
0 1.25887e-15
0 1.25885e-15
0 1.25883e-15
0 1.25882e-15
0 1.2588e-15
0 1.25878e-15
0 1.25877e-15
0 1.25875e-15
0 1.25873e-15
0 1.25872e-15
0 1.2587e-15
0 1.25869e-15
0 1.25867e-15
0 1.25865e-15
0 1.25864e-15

