0 0.058899
0 0.0588716
0 0.0587975
0 0.0586774
0 0.0585115
0 0.0583002
0 0.0580441
0 0.057744
0 0.0574005
0 0.0570146
0 0.0565872
0 0.0561195
0 0.0556127
0 0.0550681
0 0.0544871
0 0.0538712
0 0.0532219
0 0.0525409
0 0.0518299
0 0.0510907
0 0.050325
0 0.0495349
0 0.0487221
0 0.0478886
0 0.0470365
0 0.0461676
0 0.0452839
0 0.0443875
0 0.0434803
0 0.0425643
0 0.0416412
0 0.0407132
0 0.0397818
0 0.0388491
0 0.0379165
0 0.0369859
0 0.0360588
0 0.0351366
0 0.0342208
0 0.0333128
0 0.0324137
0 0.0315248
0 0.0306471
0 0.0297816
0 0.0289291
0 0.0280906
0 0.0272666
0 0.0264578
0 0.0256646
0 0.0248875
0 0.0241268
0 0.0233828
0 0.0226558
0 0.0219458
0 0.021253
0 0.0205773
0 0.0199189
0 0.0192777
0 0.0186536
0 0.0180464
0 0.017456
0 0.0168823
0 0.0163249
0 0.0157837
0 0.0152585
0 0.0147489
0 0.0142547
0 0.0137756
0 0.0133112
0 0.0128612
0 0.0124254
0 0.0120034
0 0.0115948
0 0.0111993
0 0.0108166
0 0.0104464
0 0.0100882
0 0.00974187
0 0.00940695
0 0.00908316
0 0.00877015
0 0.00846762
0 0.00817525
0 0.00789274
0 0.00761978
0 0.00735607
0 0.00710134
0 0.00685528
0 0.00661763
0 0.00638812
0 0.00616649
0 0.00595247
0 0.00574582
0 0.00554629
0 0.00535366
0 0.00516768
0 0.00498814
0 0.00481482
0 0.00464751
0 0.004486
0 0.00433011
0 0.00417964
0 0.0040344
0 0.00389421
0 0.00375891
0 0.00362832
0 0.00350228
0 0.00338063
0 0.00326322
0 0.00314991
0 0.00304055
0 0.002935
0 0.00283313
0 0.00273482
0 0.00263994
0 0.00254837
0 0.00245999
0 0.00237469
0 0.00229237
0 0.00221292
0 0.00213623
0 0.00206222
0 0.00199079
0 0.00192185
0 0.00185531
0 0.00179108
0 0.00172909
0 0.00166926
0 0.00161151
0 0.00155576
0 0.00150196
0 0.00145002
0 0.00139989
0 0.0013515
0 0.00130478
0 0.00125969
0 0.00121616
0 0.00117414
0 0.00113357
0 0.00109441
0 0.0010566
0 0.0010201
0 0.000984864
0 0.000950843
0 0.000917997
0 0.000886283
0 0.000855664
0 0.000826099
0 0.000797552
0 0.000769988
0 0.000743372
0 0.00071767
0 0.000692851
0 0.000668883
0 0.000645738
0 0.000623385
0 0.000601797
0 0.000580948
0 0.000560811
0 0.000541362
0 0.000522576
0 0.00050443
0 0.000486902
0 0.00046997
0 0.000453613
0 0.000437811
0 0.000422544
0 0.000407794
0 0.000393543
0 0.000379772
0 0.000366466
0 0.000353608
0 0.000341181
0 0.000329172
0 0.000317565
0 0.000306346
0 0.000295501
0 0.000285017
0 0.000274882
0 0.000265083
0 0.000255608
0 0.000246446
0 0.000237586
0 0.000229016
0 0.000220727
0 0.000212709
0 0.000204952
0 0.000197446
0 0.000190183
0 0.000183154
0 0.000176351
0 0.000169765
0 0.000163388
0 0.000157214
0 0.000151234
0 0.000145442
0 0.00013983
0 0.000134392
0 0.000129122
0 0.000124014
0 0.00011906
0 0.000114257
0 0.000109597
0 0.000105076
0 0.000100689
0 9.64291e-05
0 9.22928e-05
0 8.82751e-05
0 8.43712e-05
0 8.05768e-05
0 7.68873e-05
0 7.32987e-05
0 6.98069e-05
0 6.64078e-05
0 6.30976e-05
0 5.98727e-05
0 5.67294e-05
0 5.36642e-05
0 5.06736e-05
0 4.77544e-05
0 4.49033e-05
0 4.21172e-05
0 3.9393e-05
0 3.67279e-05
0 3.41188e-05
0 3.1563e-05
0 2.90577e-05
0 2.66003e-05
0 2.41882e-05
0 2.18187e-05
0 1.94895e-05
0 1.7198e-05
0 1.4942e-05
0 1.2719e-05
0 1.05268e-05
0 8.36322e-06
0 6.226e-06
0 4.11302e-06
0 2.02217e-06
0 5.8899e-10
0 5.8899e-10
0 5.8899e-10
0 5.8899e-10
0 5.8899e-10
0 5.8899e-10
0 5.8899e-10
0 5.8899e-10
0 5.8899e-10
0 5.8899e-10
0 5.8899e-10
0 5.8899e-10
0 5.8899e-10
0 5.8899e-10
0 5.8899e-10
0 5.8899e-10
0 5.8899e-10
0 5.8899e-10
0 5.8899e-10
0 5.8899e-10
0 5.8899e-10
0 5.8899e-10
0 5.8899e-10
0 5.8899e-10
0 5.8899e-10
0 5.8899e-10
0 5.8899e-10
0 5.8899e-10
0 5.8899e-10
0 5.8899e-10
0 5.8899e-10
0 5.8899e-10
0 5.8899e-10
0 5.8899e-10
0 5.8899e-10
0 5.8899e-10
0 5.8899e-10
0 5.8899e-10
0 5.8899e-10
0 5.8899e-10
0 5.8899e-10
0 5.8899e-10
0 5.8899e-10
0 5.8899e-10
0 5.8899e-10
0 5.8899e-10
0 5.8899e-10
0 5.8899e-10
0 5.8899e-10
0 5.8899e-10
0 5.8899e-10
0 5.8899e-10
0 5.8899e-10
0 5.8899e-10
0 5.8899e-10
0 5.8899e-10
0 5.8899e-10
0 5.8899e-10
0 5.8899e-10
0 5.8899e-10
0 5.8899e-10
0 5.8899e-10
0 5.8899e-10
0 5.8899e-10
0 5.8899e-10
0 5.8899e-10
0 5.8899e-10
0 5.8899e-10
0 5.8899e-10
0 5.8899e-10
0 5.8899e-10
0 5.8899e-10
0 5.8899e-10
0 5.8899e-10
0 5.8899e-10
0 5.8899e-10
0 5.8899e-10
0 5.8899e-10
0 5.8899e-10
0 5.8899e-10
0 5.8899e-10
0 5.8899e-10
0 5.8899e-10
0 5.8899e-10
0 5.8899e-10
0 5.8899e-10
0 5.8899e-10
0 5.8899e-10
0 5.8899e-10
0 5.8899e-10
0 5.8899e-10
0 5.8899e-10
0 5.8899e-10
0 5.8899e-10
0 5.8899e-10
0 5.8899e-10
0 5.8899e-10
0 5.8899e-10
0 5.8899e-10
0 5.8899e-10
0 5.8899e-10
0 5.8899e-10
0 5.8899e-10
0 5.8899e-10
0 5.8899e-10
0 5.8899e-10
0 5.8899e-10
0 5.8899e-10
0 5.8899e-10
0 5.8899e-10
0 5.8899e-10
0 5.8899e-10
0 5.8899e-10
0 5.8899e-10
0 5.8899e-10
0 5.8899e-10
0 5.8899e-10
0 5.8899e-10
0 5.8899e-10
0 5.8899e-10
0 5.8899e-10
0 5.8899e-10
0 5.8899e-10
0 5.8899e-10
0 5.8899e-10
0 5.8899e-10
0 5.8899e-10
0 5.8899e-10
0 5.8899e-10
0 5.8899e-10
0 5.8899e-10
0 5.8899e-10
0 5.8899e-10
0 5.8899e-10
0 5.8899e-10
0 5.8899e-10
0 5.8899e-10
0 5.8899e-10
0 5.8899e-10
0 5.8899e-10
0 5.8899e-10
0 5.8899e-10
0 5.8899e-10
0 5.8899e-10
0 5.8899e-10
0 5.8899e-10
0 5.8899e-10
0 5.8899e-10
0 5.8899e-10
0 5.8899e-10
0 5.8899e-10
0 5.8899e-10
0 5.8899e-10
0 5.8899e-10
0 5.8899e-10
0 5.8899e-10
0 5.8899e-10
0 5.8899e-10
0 5.8899e-10
0 5.8899e-10
0 5.8899e-10
0 5.8899e-10
0 5.8899e-10
0 5.8899e-10
0 5.8899e-10
0 5.8899e-10
0 5.8899e-10
0 5.8899e-10
0 5.8899e-10
0 5.8899e-10
0 5.8899e-10
0 5.8899e-10
0 5.8899e-10
0 5.8899e-10
0 5.8899e-10
0 5.8899e-10
0 5.8899e-10
0 5.8899e-10
0 5.8899e-10
0 5.8899e-10
0 5.8899e-10
0 5.8899e-10
0 5.8899e-10
0 5.8899e-10
0 5.8899e-10
0 5.8899e-10
0 5.8899e-10
0 5.8899e-10
0 5.8899e-10
0 5.8899e-10
0 5.8899e-10
0 5.8899e-10
0 5.8899e-10
0 5.8899e-10
0 5.8899e-10
0 5.8899e-10
0 5.8899e-10
0 5.8899e-10
0 5.8899e-10
0 5.8899e-10
0 5.8899e-10
0 5.8899e-10
0 5.8899e-10
0 5.8899e-10
0 5.8899e-10
0 5.8899e-10
0 5.8899e-10
0 5.8899e-10
0 5.8899e-10
0 5.8899e-10
0 5.8899e-10
0 5.8899e-10
0 5.8899e-10
0 5.8899e-10
0 5.8899e-10
0 5.8899e-10
0 5.8899e-10
0 5.8899e-10
0 5.8899e-10
0 5.8899e-10
0 5.8899e-10
0 5.8899e-10
0 5.8899e-10
0 5.8899e-10
0 5.8899e-10
0 5.8899e-10
0 5.8899e-10
0 5.8899e-10
0 5.8899e-10
0 5.8899e-10
0 5.8899e-10
0 5.8899e-10
0 5.8899e-10
0 5.8899e-10
0 5.8899e-10
0 5.8899e-10
0 5.8899e-10
0 5.8899e-10
0 5.8899e-10
0 5.8899e-10
0 5.8899e-10
0 5.8899e-10
0 5.8899e-10
0 5.8899e-10
0 5.8899e-10
0 5.8899e-10
0 5.8899e-10
0 5.8899e-10
0 5.8899e-10
0 5.8899e-10
0 5.8899e-10
0 5.8899e-10
0 5.8899e-10
0 5.8899e-10
0 5.8899e-10
0 5.8899e-10
0 5.8899e-10
0 5.8899e-10
0 5.8899e-10
0 5.8899e-10
0 5.8899e-10
0 5.8899e-10
0 5.8899e-10
0 5.8899e-10
0 5.8899e-10
0 5.8899e-10
0 5.8899e-10
0 5.8899e-10
0 5.8899e-10
0 5.8899e-10
0 5.8899e-10
0 5.8899e-10
0 5.8899e-10
0 5.8899e-10
0 5.8899e-10
0 5.8899e-10
0 5.8899e-10
0 5.8899e-10
0 5.8899e-10
0 5.8899e-10
0 5.8899e-10
0 5.8899e-10
0 5.8899e-10
0 5.8899e-10
0 5.8899e-10
0 5.8899e-10
0 5.8899e-10
0 5.8899e-10
0 5.8899e-10
0 5.8899e-10
0 5.8899e-10
0 5.8899e-10
0 5.8899e-10
0 5.8899e-10
0 5.8899e-10
0 5.8899e-10
0 5.8899e-10
0 5.8899e-10
0 5.8899e-10
0 5.8899e-10
0 5.8899e-10
0 5.8899e-10
0 5.8899e-10
0 5.8899e-10
0 5.8899e-10
0 5.8899e-10
0 5.8899e-10
0 5.8899e-10
0 5.8899e-10
0 5.8899e-10
0 5.8899e-10
0 5.8899e-10
0 5.8899e-10
0 5.8899e-10
0 5.8899e-10
0 5.8899e-10
0 5.8899e-10
0 5.8899e-10
0 5.8899e-10
0 5.8899e-10
0 5.8899e-10
0 5.8899e-10
0 5.8899e-10
0 5.8899e-10
0 5.8899e-10
0 5.8899e-10
0 5.8899e-10
0 5.8899e-10
0 5.8899e-10
0 5.8899e-10
0 5.8899e-10
0 5.8899e-10
0 5.8899e-10
0 5.8899e-10
0 5.8899e-10
0 5.8899e-10
0 5.8899e-10
0 5.8899e-10
0 5.8899e-10
0 5.8899e-10
0 5.8899e-10
0 5.8899e-10
0 5.8899e-10
0 5.8899e-10
0 5.8899e-10
0 5.8899e-10
0 5.8899e-10
0 5.8899e-10
0 5.8899e-10
0 5.8899e-10
0 5.8899e-10
0 5.8899e-10
0 5.8899e-10
0 5.8899e-10
0 5.8899e-10
0 5.8899e-10
0 5.8899e-10
0 5.8899e-10
0 5.8899e-10
0 5.8899e-10
0 5.8899e-10
0 5.8899e-10
0 5.8899e-10
0 5.8899e-10
0 5.8899e-10
0 5.8899e-10
0 5.8899e-10
0 5.8899e-10
0 5.8899e-10
0 5.8899e-10
0 5.8899e-10
0 5.8899e-10
0 5.8899e-10
0 5.8899e-10
0 5.8899e-10
0 5.8899e-10
0 5.8899e-10
0 5.8899e-10
0 5.8899e-10
0 5.8899e-10
0 5.8899e-10
0 5.8899e-10
0 5.8899e-10
0 5.8899e-10
0 5.8899e-10
0 5.8899e-10
0 5.8899e-10
0 5.8899e-10
0 5.8899e-10
0 5.8899e-10
0 5.8899e-10
0 5.8899e-10
0 5.8899e-10
0 5.8899e-10
0 5.8899e-10
0 5.8899e-10
0 5.8899e-10
0 5.8899e-10
0 5.8899e-10
0 5.8899e-10
0 5.8899e-10
0 5.8899e-10
0 5.8899e-10
0 5.8899e-10
0 5.8899e-10
0 5.8899e-10
0 5.8899e-10
0 5.8899e-10
0 5.8899e-10
0 5.8899e-10
0 5.8899e-10
0 5.8899e-10
0 5.8899e-10
0 5.8899e-10
0 5.8899e-10
0 5.8899e-10
0 5.8899e-10
0 5.8899e-10
0 5.8899e-10
0 5.8899e-10
0 5.8899e-10
0 5.8899e-10
0 5.8899e-10
0 5.8899e-10
0 5.8899e-10
0 5.8899e-10
0 5.8899e-10
0 5.8899e-10
0 5.8899e-10
0 5.8899e-10
0 5.8899e-10
0 5.8899e-10
0 5.8899e-10
0 5.8899e-10
0 5.8899e-10
0 5.8899e-10
0 5.8899e-10
0 5.8899e-10
0 5.8899e-10
0 5.8899e-10
0 5.8899e-10
0 5.8899e-10
0 5.8899e-10
0 5.8899e-10
0 5.8899e-10
0 5.8899e-10
0 5.8899e-10
0 5.8899e-10
0 5.8899e-10
0 5.8899e-10
0 5.8899e-10
0 5.8899e-10
0 5.8899e-10
0 5.8899e-10
0 5.8899e-10
0 5.8899e-10
0 5.8899e-10
0 5.8899e-10
0 5.8899e-10
0 5.8899e-10
0 5.8899e-10
0 5.8899e-10
0 5.8899e-10
0 5.8899e-10
0 5.8899e-10
0 5.8899e-10
0 5.8899e-10
0 5.8899e-10
0 5.8899e-10
0 5.8899e-10
0 5.8899e-10
0 5.8899e-10
0 5.8899e-10
0 5.8899e-10
0 5.8899e-10
0 5.8899e-10
0 5.8899e-10
0 5.8899e-10
0 5.8899e-10
0 5.8899e-10
0 5.8899e-10
0 5.8899e-10
0 5.8899e-10
0 5.8899e-10
0 5.8899e-10
0 5.8899e-10
0 5.8899e-10
0 5.8899e-10
0 5.8899e-10
0 5.8899e-10
0 5.8899e-10
0 5.8899e-10
0 5.8899e-10
0 5.8899e-10
0 5.8899e-10
0 5.8899e-10
0 5.8899e-10
0 5.8899e-10
0 5.8899e-10
0 5.8899e-10
0 5.8899e-10
0 5.8899e-10
0 5.8899e-10
0 5.8899e-10
0 5.8899e-10
0 5.8899e-10
0 5.8899e-10
0 5.8899e-10
0 5.8899e-10
0 5.8899e-10
0 5.8899e-10
0 5.8899e-10
0 5.8899e-10
0 5.8899e-10
0 5.8899e-10
0 5.8899e-10
0 5.8899e-10
0 5.8899e-10
0 5.8899e-10
0 5.8899e-10
0 5.8899e-10
0 5.8899e-10
0 5.8899e-10
0 5.8899e-10
0 5.8899e-10
0 5.8899e-10
0 5.8899e-10
0 5.8899e-10
0 5.8899e-10
0 5.8899e-10
0 5.8899e-10
0 5.8899e-10
0 5.8899e-10
0 5.8899e-10
0 5.8899e-10
0 5.8899e-10
0 5.8899e-10
0 5.8899e-10
0 5.8899e-10
0 5.8899e-10
0 5.8899e-10
0 5.8899e-10
0 5.8899e-10
0 5.8899e-10
0 5.8899e-10
0 5.8899e-10
0 5.8899e-10
0 5.8899e-10
0 5.8899e-10
0 5.8899e-10
0 5.8899e-10
0 5.8899e-10
0 5.8899e-10
0 5.8899e-10
0 5.8899e-10
0 5.8899e-10
0 5.8899e-10
0 5.8899e-10
0 5.8899e-10
0 5.8899e-10
0 5.8899e-10
0 5.8899e-10
0 5.8899e-10
0 5.8899e-10
0 5.8899e-10
0 5.8899e-10
0 5.8899e-10
0 5.8899e-10
0 5.8899e-10
0 5.8899e-10
0 5.8899e-10
0 5.8899e-10
0 5.8899e-10
0 5.8899e-10
0 5.8899e-10
0 5.8899e-10
0 5.8899e-10
0 5.8899e-10
0 5.8899e-10
0 5.8899e-10
0 5.8899e-10
0 5.8899e-10
0 5.8899e-10
0 5.8899e-10
0 5.8899e-10
0 5.8899e-10
0 5.8899e-10
0 5.8899e-10
0 5.8899e-10
0 5.8899e-10
0 5.8899e-10
0 5.8899e-10
0 5.8899e-10
0 5.8899e-10
0 5.8899e-10
0 5.8899e-10
0 5.8899e-10
0 5.8899e-10
0 5.8899e-10
0 5.8899e-10
0 5.8899e-10
0 5.8899e-10
0 5.8899e-10
0 5.8899e-10
0 5.8899e-10
0 5.8899e-10
0 5.8899e-10
0 5.8899e-10
0 5.8899e-10
0 5.8899e-10
0 5.8899e-10
0 5.8899e-10
0 5.8899e-10
0 5.8899e-10
0 5.8899e-10
0 5.8899e-10
0 5.8899e-10
0 5.8899e-10
0 5.8899e-10
0 5.8899e-10
0 5.8899e-10
0 5.8899e-10
0 5.8899e-10
0 5.8899e-10
0 5.8899e-10
0 5.8899e-10
0 5.8899e-10
0 5.8899e-10
0 5.8899e-10
0 5.8899e-10
0 5.8899e-10
0 5.8899e-10
0 5.8899e-10
0 5.8899e-10
0 5.8899e-10
0 5.8899e-10
0 5.8899e-10
0 5.8899e-10
0 5.8899e-10
0 5.8899e-10
0 5.8899e-10
0 5.8899e-10
0 5.8899e-10
0 5.8899e-10
0 5.8899e-10
0 5.8899e-10
0 5.8899e-10
0 5.8899e-10
0 5.8899e-10
0 5.8899e-10
0 5.8899e-10
0 5.8899e-10
0 5.8899e-10
0 5.8899e-10
0 5.8899e-10
0 5.8899e-10
0 5.8899e-10
0 5.8899e-10
0 5.8899e-10
0 5.8899e-10
0 5.8899e-10
0 5.8899e-10
0 5.8899e-10
0 5.8899e-10
0 5.8899e-10
0 5.8899e-10
0 5.8899e-10
0 5.8899e-10
0 5.8899e-10
0 5.8899e-10
0 5.8899e-10
0 5.8899e-10
0 5.8899e-10
0 5.8899e-10
0 5.8899e-10
0 5.8899e-10
0 5.8899e-10
0 5.8899e-10
0 5.8899e-10
0 5.8899e-10
0 5.8899e-10
0 5.8899e-10
0 5.8899e-10
0 5.8899e-10
0 5.8899e-10
0 5.8899e-10
0 5.8899e-10
0 5.8899e-10
0 5.8899e-10
0 5.8899e-10
0 5.8899e-10
0 5.8899e-10
0 5.8899e-10
0 5.8899e-10
0 5.8899e-10
0 5.8899e-10
0 5.8899e-10
0 5.8899e-10
0 5.8899e-10
0 5.8899e-10
0 5.8899e-10
0 5.8899e-10
0 5.8899e-10
0 5.8899e-10
0 5.8899e-10
0 5.8899e-10
0 5.8899e-10
0 5.8899e-10
0 5.8899e-10
0 5.8899e-10
0 5.8899e-10
0 5.8899e-10
0 5.8899e-10
0 5.8899e-10
0 5.8899e-10
0 5.8899e-10
0 5.8899e-10
0 5.8899e-10
0 5.8899e-10
0 5.8899e-10
0 5.8899e-10
0 5.8899e-10
0 5.8899e-10
0 5.8899e-10
0 5.8899e-10
0 5.8899e-10
0 5.8899e-10
0 5.8899e-10
0 5.8899e-10
0 5.8899e-10
0 5.8899e-10
0 5.8899e-10
0 5.8899e-10
0 5.8899e-10
0 5.8899e-10
0 5.8899e-10
0 5.8899e-10
0 5.8899e-10
0 5.8899e-10
0 5.8899e-10
0 5.8899e-10
0 5.8899e-10
0 5.8899e-10
0 5.8899e-10
0 5.8899e-10
0 5.8899e-10
0 5.8899e-10
0 5.8899e-10
0 5.8899e-10
0 5.8899e-10
0 5.8899e-10
0 5.8899e-10
0 5.8899e-10
0 5.8899e-10
0 5.8899e-10
0 5.8899e-10
0 5.8899e-10
0 5.8899e-10
0 5.8899e-10
0 5.8899e-10
0 5.8899e-10

