0 0.219532
0 0.214991
0 0.203834
0 0.188586
0 0.171806
0 0.155321
0 0.140098
0 0.126479
0 0.114472
0 0.103939
0 0.0946977
0 0.0865672
0 0.0793855
0 0.0730134
0 0.0673341
0 0.06225
0 0.0576797
0 0.0535553
0 0.0498199
0 0.0464255
0 0.0433316
0 0.0405035
0 0.0379115
0 0.0355304
0 0.0333378
0 0.0313149
0 0.0294447
0 0.0277127
0 0.026106
0 0.0246131
0 0.023224
0 0.0219296
0 0.0207219
0 0.0195938
0 0.0185388
0 0.0175511
0 0.0166254
0 0.015757
0 0.0149416
0 0.0141754
0 0.0134547
0 0.0127763
0 0.0121372
0 0.0115348
0 0.0109665
0 0.0104301
0 0.00992342
0 0.00944458
0 0.00899176
0 0.00856333
0 0.00815776
0 0.00777363
0 0.00740964
0 0.00706456
0 0.00673727
0 0.00642672
0 0.00613192
0 0.00585198
0 0.00558602
0 0.00533327
0 0.00509298
0 0.00486445
0 0.00464704
0 0.00444013
0 0.00424316
0 0.00405559
0 0.00387692
0 0.00370668
0 0.00354442
0 0.00338973
0 0.00324221
0 0.0031015
0 0.00296724
0 0.00283912
0 0.00271681
0 0.00260003
0 0.0024885
0 0.00238197
0 0.00228017
0 0.00218289
0 0.00208991
0 0.002001
0 0.00191598
0 0.00183467
0 0.00175687
0 0.00168243
0 0.00161119
0 0.00154299
0 0.00147769
0 0.00141516
0 0.00135527
0 0.00129789
0 0.00124292
0 0.00119022
0 0.00113972
0 0.00109129
0 0.00104485
0 0.00100031
0 0.000957575
0 0.00091657
0 0.000877216
0 0.000839437
0 0.000803162
0 0.000768324
0 0.000734858
0 0.000702702
0 0.000671798
0 0.000642089
0 0.000613523
0 0.000586047
0 0.000559613
0 0.000534174
0 0.000509686
0 0.000486106
0 0.000463393
0 0.000441508
0 0.000420415
0 0.000400076
0 0.000380459
0 0.00036153
0 0.000343257
0 0.000325612
0 0.000308565
0 0.000292088
0 0.000276154
0 0.00026074
0 0.000245819
0 0.000231369
0 0.000217367
0 0.000203792
0 0.000190622
0 0.000177838
0 0.000165421
0 0.000153351
0 0.000141611
0 0.000130184
0 0.000119053
0 0.000108203
0 9.76173e-05
0 8.72815e-05
0 7.71811e-05
0 6.73023e-05
0 5.76315e-05
0 4.81556e-05
0 3.88621e-05
0 2.97386e-05
0 2.07732e-05
0 1.19545e-05
0 3.27102e-06
0 2.19532e-09
0 2.19532e-09
0 2.19532e-09
0 2.19532e-09
0 2.19532e-09
0 2.19532e-09
0 2.19532e-09
0 2.19532e-09
0 2.19532e-09
0 2.19532e-09
0 2.19532e-09
0 2.19532e-09
0 2.19532e-09
0 2.19532e-09
0 2.19532e-09
0 2.19532e-09
0 2.19532e-09
0 2.19532e-09
0 2.19532e-09
0 2.19532e-09
0 2.19532e-09
0 2.19532e-09
0 2.19532e-09
0 2.19532e-09
0 2.19532e-09
0 2.19532e-09
0 2.19532e-09
0 2.19532e-09
0 2.19532e-09
0 2.19532e-09
0 2.19532e-09
0 2.19532e-09
0 2.19532e-09
0 2.19532e-09
0 2.19532e-09
0 2.19532e-09
0 2.19532e-09
0 2.19532e-09
0 2.19532e-09
0 2.19532e-09
0 2.19532e-09
0 2.19532e-09
0 2.19532e-09
0 2.19532e-09
0 2.19532e-09
0 2.19532e-09
0 2.19532e-09
0 2.19532e-09
0 2.19532e-09
0 2.19532e-09
0 2.19532e-09
0 2.19532e-09
0 2.19532e-09
0 2.19532e-09
0 2.19532e-09
0 2.19532e-09
0 2.19532e-09
0 2.19532e-09
0 2.19532e-09
0 2.19532e-09
0 2.19532e-09
0 2.19532e-09
0 2.19532e-09
0 2.19532e-09
0 2.19532e-09
0 2.19532e-09
0 2.19532e-09
0 2.19532e-09
0 2.19532e-09
0 2.19532e-09
0 2.19532e-09
0 2.19532e-09
0 2.19532e-09
0 2.19532e-09
0 2.19532e-09
0 2.19532e-09
0 2.19532e-09
0 2.19532e-09
0 2.19532e-09
0 2.19532e-09
0 2.19532e-09
0 2.19532e-09
0 2.19532e-09
0 2.19532e-09
0 2.19532e-09
0 2.19532e-09
0 2.19532e-09
0 2.19532e-09
0 2.19532e-09
0 2.19532e-09
0 2.19532e-09
0 2.19532e-09
0 2.19532e-09
0 2.19532e-09
0 2.19532e-09
0 2.19532e-09
0 2.19532e-09
0 2.19532e-09
0 2.19532e-09
0 2.19532e-09
0 2.19532e-09
0 2.19532e-09
0 2.19532e-09
0 2.19532e-09
0 2.19532e-09
0 2.19532e-09
0 2.19532e-09
0 2.19532e-09
0 2.19532e-09
0 2.19532e-09
0 2.19532e-09
0 2.19532e-09
0 2.19532e-09
0 2.19532e-09
0 2.19532e-09
0 2.19532e-09
0 2.19532e-09
0 2.19532e-09
0 2.19532e-09
0 2.19532e-09
0 2.19532e-09
0 2.19532e-09
0 2.19532e-09
0 2.19532e-09
0 2.19532e-09
0 2.19532e-09
0 2.19532e-09
0 2.19532e-09
0 2.19532e-09
0 2.19532e-09
0 2.19532e-09
0 2.19532e-09
0 2.19532e-09
0 2.19532e-09
0 2.19532e-09
0 2.19532e-09
0 2.19532e-09
0 2.19532e-09
0 2.19532e-09
0 2.19532e-09
0 2.19532e-09
0 2.19532e-09
0 2.19532e-09
0 2.19532e-09
0 2.19532e-09
0 2.19532e-09
0 2.19532e-09
0 2.19532e-09
0 2.19532e-09
0 2.19532e-09
0 2.19532e-09
0 2.19532e-09
0 2.19532e-09
0 2.19532e-09
0 2.19532e-09
0 2.19532e-09
0 2.19532e-09
0 2.19532e-09
0 2.19532e-09
0 2.19532e-09
0 2.19532e-09
0 2.19532e-09
0 2.19532e-09
0 2.19532e-09
0 2.19532e-09
0 2.19532e-09
0 2.19532e-09
0 2.19532e-09
0 2.19532e-09
0 2.19532e-09
0 2.19532e-09
0 2.19532e-09
0 2.19532e-09
0 2.19532e-09
0 2.19532e-09
0 2.19532e-09
0 2.19532e-09
0 2.19532e-09
0 2.19532e-09
0 2.19532e-09
0 2.19532e-09
0 2.19532e-09
0 2.19532e-09
0 2.19532e-09
0 2.19532e-09
0 2.19532e-09
0 2.19532e-09
0 2.19532e-09
0 2.19532e-09
0 2.19532e-09
0 2.19532e-09
0 2.19532e-09
0 2.19532e-09
0 2.19532e-09
0 2.19532e-09
0 2.19532e-09
0 2.19532e-09
0 2.19532e-09
0 2.19532e-09
0 2.19532e-09
0 2.19532e-09
0 2.19532e-09
0 2.19532e-09
0 2.19532e-09
0 2.19532e-09
0 2.19532e-09
0 2.19532e-09
0 2.19532e-09
0 2.19532e-09
0 2.19532e-09
0 2.19532e-09
0 2.19532e-09
0 2.19532e-09
0 2.19532e-09
0 2.19532e-09
0 2.19532e-09
0 2.19532e-09
0 2.19532e-09
0 2.19532e-09
0 2.19532e-09
0 2.19532e-09
0 2.19532e-09
0 2.19532e-09
0 2.19532e-09
0 2.19532e-09
0 2.19532e-09
0 2.19532e-09
0 2.19532e-09
0 2.19532e-09
0 2.19532e-09
0 2.19532e-09
0 2.19532e-09
0 2.19532e-09
0 2.19532e-09
0 2.19532e-09
0 2.19532e-09
0 2.19532e-09
0 2.19532e-09
0 2.19532e-09
0 2.19532e-09
0 2.19532e-09
0 2.19532e-09
0 2.19532e-09
0 2.19532e-09
0 2.19532e-09
0 2.19532e-09
0 2.19532e-09
0 2.19532e-09
0 2.19532e-09
0 2.19532e-09
0 2.19532e-09
0 2.19532e-09
0 2.19532e-09
0 2.19532e-09
0 2.19532e-09
0 2.19532e-09
0 2.19532e-09
0 2.19532e-09
0 2.19532e-09
0 2.19532e-09
0 2.19532e-09
0 2.19532e-09
0 2.19532e-09
0 2.19532e-09
0 2.19532e-09
0 2.19532e-09
0 2.19532e-09
0 2.19532e-09
0 2.19532e-09
0 2.19532e-09
0 2.19532e-09
0 2.19532e-09
0 2.19532e-09
0 2.19532e-09
0 2.19532e-09
0 2.19532e-09
0 2.19532e-09
0 2.19532e-09
0 2.19532e-09
0 2.19532e-09
0 2.19532e-09
0 2.19532e-09
0 2.19532e-09
0 2.19532e-09
0 2.19532e-09
0 2.19532e-09
0 2.19532e-09
0 2.19532e-09
0 2.19532e-09
0 2.19532e-09
0 2.19532e-09
0 2.19532e-09
0 2.19532e-09
0 2.19532e-09
0 2.19532e-09
0 2.19532e-09
0 2.19532e-09
0 2.19532e-09
0 2.19532e-09
0 2.19532e-09
0 2.19532e-09
0 2.19532e-09
0 2.19532e-09
0 2.19532e-09
0 2.19532e-09
0 2.19532e-09
0 2.19532e-09
0 2.19532e-09
0 2.19532e-09
0 2.19532e-09
0 2.19532e-09
0 2.19532e-09
0 2.19532e-09
0 2.19532e-09
0 2.19532e-09
0 2.19532e-09
0 2.19532e-09
0 2.19532e-09
0 2.19532e-09
0 2.19532e-09
0 2.19532e-09
0 2.19532e-09
0 2.19532e-09
0 2.19532e-09
0 2.19532e-09
0 2.19532e-09
0 2.19532e-09
0 2.19532e-09
0 2.19532e-09
0 2.19532e-09
0 2.19532e-09
0 2.19532e-09
0 2.19532e-09
0 2.19532e-09
0 2.19532e-09
0 2.19532e-09
0 2.19532e-09
0 2.19532e-09
0 2.19532e-09
0 2.19532e-09
0 2.19532e-09
0 2.19532e-09
0 2.19532e-09
0 2.19532e-09
0 2.19532e-09
0 2.19532e-09
0 2.19532e-09
0 2.19532e-09
0 2.19532e-09
0 2.19532e-09
0 2.19532e-09
0 2.19532e-09
0 2.19532e-09
0 2.19532e-09
0 2.19532e-09
0 2.19532e-09
0 2.19532e-09
0 2.19532e-09
0 2.19532e-09
0 2.19532e-09
0 2.19532e-09
0 2.19532e-09
0 2.19532e-09
0 2.19532e-09
0 2.19532e-09
0 2.19532e-09
0 2.19532e-09
0 2.19532e-09
0 2.19532e-09
0 2.19532e-09
0 2.19532e-09
0 2.19532e-09
0 2.19532e-09
0 2.19532e-09
0 2.19532e-09
0 2.19532e-09
0 2.19532e-09
0 2.19532e-09
0 2.19532e-09
0 2.19532e-09
0 2.19532e-09
0 2.19532e-09
0 2.19532e-09
0 2.19532e-09
0 2.19532e-09
0 2.19532e-09
0 2.19532e-09
0 2.19532e-09
0 2.19532e-09
0 2.19532e-09
0 2.19532e-09
0 2.19532e-09
0 2.19532e-09
0 2.19532e-09
0 2.19532e-09
0 2.19532e-09
0 2.19532e-09
0 2.19532e-09
0 2.19532e-09
0 2.19532e-09
0 2.19532e-09
0 2.19532e-09
0 2.19532e-09
0 2.19532e-09
0 2.19532e-09
0 2.19532e-09
0 2.19532e-09
0 2.19532e-09
0 2.19532e-09
0 2.19532e-09
0 2.19532e-09
0 2.19532e-09
0 2.19532e-09
0 2.19532e-09
0 2.19532e-09
0 2.19532e-09
0 2.19532e-09
0 2.19532e-09
0 2.19532e-09
0 2.19532e-09
0 2.19532e-09
0 2.19532e-09
0 2.19532e-09
0 2.19532e-09
0 2.19532e-09
0 2.19532e-09
0 2.19532e-09
0 2.19532e-09
0 2.19532e-09
0 2.19532e-09
0 2.19532e-09
0 2.19532e-09
0 2.19532e-09
0 2.19532e-09
0 2.19532e-09
0 2.19532e-09
0 2.19532e-09
0 2.19532e-09
0 2.19532e-09
0 2.19532e-09
0 2.19532e-09
0 2.19532e-09
0 2.19532e-09
0 2.19532e-09
0 2.19532e-09
0 2.19532e-09
0 2.19532e-09
0 2.19532e-09
0 2.19532e-09
0 2.19532e-09
0 2.19532e-09
0 2.19532e-09
0 2.19532e-09
0 2.19532e-09
0 2.19532e-09
0 2.19532e-09
0 2.19532e-09
0 2.19532e-09
0 2.19532e-09
0 2.19532e-09
0 2.19532e-09
0 2.19532e-09
0 2.19532e-09
0 2.19532e-09
0 2.19532e-09
0 2.19532e-09
0 2.19532e-09
0 2.19532e-09
0 2.19532e-09
0 2.19532e-09
0 2.19532e-09
0 2.19532e-09
0 2.19532e-09
0 2.19532e-09
0 2.19532e-09
0 2.19532e-09
0 2.19532e-09
0 2.19532e-09
0 2.19532e-09
0 2.19532e-09
0 2.19532e-09
0 2.19532e-09
0 2.19532e-09
0 2.19532e-09
0 2.19532e-09
0 2.19532e-09
0 2.19532e-09
0 2.19532e-09
0 2.19532e-09
0 2.19532e-09
0 2.19532e-09
0 2.19532e-09
0 2.19532e-09
0 2.19532e-09
0 2.19532e-09
0 2.19532e-09
0 2.19532e-09
0 2.19532e-09
0 2.19532e-09
0 2.19532e-09
0 2.19532e-09
0 2.19532e-09
0 2.19532e-09
0 2.19532e-09
0 2.19532e-09
0 2.19532e-09
0 2.19532e-09
0 2.19532e-09
0 2.19532e-09
0 2.19532e-09
0 2.19532e-09
0 2.19532e-09
0 2.19532e-09
0 2.19532e-09
0 2.19532e-09
0 2.19532e-09
0 2.19532e-09
0 2.19532e-09
0 2.19532e-09
0 2.19532e-09
0 2.19532e-09
0 2.19532e-09
0 2.19532e-09
0 2.19532e-09
0 2.19532e-09
0 2.19532e-09
0 2.19532e-09
0 2.19532e-09
0 2.19532e-09
0 2.19532e-09
0 2.19532e-09
0 2.19532e-09
0 2.19532e-09
0 2.19532e-09
0 2.19532e-09
0 2.19532e-09
0 2.19532e-09
0 2.19532e-09
0 2.19532e-09
0 2.19532e-09
0 2.19532e-09
0 2.19532e-09
0 2.19532e-09
0 2.19532e-09
0 2.19532e-09
0 2.19532e-09
0 2.19532e-09
0 2.19532e-09
0 2.19532e-09
0 2.19532e-09
0 2.19532e-09
0 2.19532e-09
0 2.19532e-09
0 2.19532e-09
0 2.19532e-09
0 2.19532e-09
0 2.19532e-09
0 2.19532e-09
0 2.19532e-09
0 2.19532e-09
0 2.19532e-09
0 2.19532e-09
0 2.19532e-09
0 2.19532e-09
0 2.19532e-09
0 2.19532e-09
0 2.19532e-09
0 2.19532e-09
0 2.19532e-09
0 2.19532e-09
0 2.19532e-09
0 2.19532e-09
0 2.19532e-09
0 2.19532e-09
0 2.19532e-09
0 2.19532e-09
0 2.19532e-09
0 2.19532e-09
0 2.19532e-09
0 2.19532e-09
0 2.19532e-09
0 2.19532e-09
0 2.19532e-09
0 2.19532e-09
0 2.19532e-09
0 2.19532e-09
0 2.19532e-09
0 2.19532e-09
0 2.19532e-09
0 2.19532e-09
0 2.19532e-09
0 2.19532e-09
0 2.19532e-09
0 2.19532e-09
0 2.19532e-09
0 2.19532e-09
0 2.19532e-09
0 2.19532e-09
0 2.19532e-09
0 2.19532e-09
0 2.19532e-09
0 2.19532e-09
0 2.19532e-09
0 2.19532e-09
0 2.19532e-09
0 2.19532e-09
0 2.19532e-09
0 2.19532e-09
0 2.19532e-09
0 2.19532e-09
0 2.19532e-09
0 2.19532e-09
0 2.19532e-09
0 2.19532e-09
0 2.19532e-09
0 2.19532e-09
0 2.19532e-09
0 2.19532e-09
0 2.19532e-09
0 2.19532e-09
0 2.19532e-09
0 2.19532e-09
0 2.19532e-09
0 2.19532e-09
0 2.19532e-09
0 2.19532e-09
0 2.19532e-09
0 2.19532e-09
0 2.19532e-09
0 2.19532e-09
0 2.19532e-09
0 2.19532e-09
0 2.19532e-09
0 2.19532e-09
0 2.19532e-09
0 2.19532e-09
0 2.19532e-09
0 2.19532e-09
0 2.19532e-09
0 2.19532e-09
0 2.19532e-09
0 2.19532e-09
0 2.19532e-09
0 2.19532e-09
0 2.19532e-09
0 2.19532e-09
0 2.19532e-09
0 2.19532e-09
0 2.19532e-09
0 2.19532e-09
0 2.19532e-09
0 2.19532e-09
0 2.19532e-09
0 2.19532e-09
0 2.19532e-09
0 2.19532e-09
0 2.19532e-09
0 2.19532e-09
0 2.19532e-09
0 2.19532e-09
0 2.19532e-09
0 2.19532e-09
0 2.19532e-09
0 2.19532e-09
0 2.19532e-09
0 2.19532e-09
0 2.19532e-09
0 2.19532e-09
0 2.19532e-09
0 2.19532e-09
0 2.19532e-09
0 2.19532e-09
0 2.19532e-09
0 2.19532e-09
0 2.19532e-09
0 2.19532e-09
0 2.19532e-09
0 2.19532e-09
0 2.19532e-09
0 2.19532e-09
0 2.19532e-09
0 2.19532e-09
0 2.19532e-09
0 2.19532e-09
0 2.19532e-09
0 2.19532e-09
0 2.19532e-09
0 2.19532e-09
0 2.19532e-09
0 2.19532e-09
0 2.19532e-09
0 2.19532e-09
0 2.19532e-09
0 2.19532e-09
0 2.19532e-09
0 2.19532e-09
0 2.19532e-09
0 2.19532e-09
0 2.19532e-09
0 2.19532e-09
0 2.19532e-09
0 2.19532e-09
0 2.19532e-09
0 2.19532e-09
0 2.19532e-09
0 2.19532e-09
0 2.19532e-09
0 2.19532e-09
0 2.19532e-09
0 2.19532e-09
0 2.19532e-09
0 2.19532e-09
0 2.19532e-09
0 2.19532e-09
0 2.19532e-09
0 2.19532e-09
0 2.19532e-09
0 2.19532e-09
0 2.19532e-09
0 2.19532e-09
0 2.19532e-09
0 2.19532e-09
0 2.19532e-09
0 2.19532e-09
0 2.19532e-09
0 2.19532e-09
0 2.19532e-09
0 2.19532e-09
0 2.19532e-09
0 2.19532e-09
0 2.19532e-09
0 2.19532e-09
0 2.19532e-09
0 2.19532e-09
0 2.19532e-09
0 2.19532e-09
0 2.19532e-09
0 2.19532e-09
0 2.19532e-09
0 2.19532e-09
0 2.19532e-09
0 2.19532e-09
0 2.19532e-09
0 2.19532e-09
0 2.19532e-09
0 2.19532e-09
0 2.19532e-09
0 2.19532e-09
0 2.19532e-09
0 2.19532e-09
0 2.19532e-09
0 2.19532e-09
0 2.19532e-09
0 2.19532e-09
0 2.19532e-09
0 2.19532e-09
0 2.19532e-09
0 2.19532e-09
0 2.19532e-09
0 2.19532e-09
0 2.19532e-09
0 2.19532e-09
0 2.19532e-09
0 2.19532e-09
0 2.19532e-09
0 2.19532e-09
0 2.19532e-09
0 2.19532e-09
0 2.19532e-09
0 2.19532e-09
0 2.19532e-09
0 2.19532e-09
0 2.19532e-09
0 2.19532e-09
0 2.19532e-09
0 2.19532e-09
0 2.19532e-09
0 2.19532e-09
0 2.19532e-09
0 2.19532e-09
0 2.19532e-09
0 2.19532e-09
0 2.19532e-09
0 2.19532e-09
0 2.19532e-09
0 2.19532e-09
0 2.19532e-09
0 2.19532e-09
0 2.19532e-09
0 2.19532e-09
0 2.19532e-09
0 2.19532e-09
0 2.19532e-09
0 2.19532e-09
0 2.19532e-09
0 2.19532e-09
0 2.19532e-09
0 2.19532e-09
0 2.19532e-09
0 2.19532e-09
0 2.19532e-09
0 2.19532e-09
0 2.19532e-09
0 2.19532e-09
0 2.19532e-09
0 2.19532e-09
0 2.19532e-09
0 2.19532e-09
0 2.19532e-09
0 2.19532e-09
0 2.19532e-09
0 2.19532e-09
0 2.19532e-09
0 2.19532e-09
0 2.19532e-09
0 2.19532e-09
0 2.19532e-09
0 2.19532e-09
0 2.19532e-09
0 2.19532e-09
0 2.19532e-09
0 2.19532e-09
0 2.19532e-09
0 2.19532e-09
0 2.19532e-09
0 2.19532e-09
0 2.19532e-09
0 2.19532e-09
0 2.19532e-09
0 2.19532e-09
0 2.19532e-09
0 2.19532e-09
0 2.19532e-09
0 2.19532e-09
0 2.19532e-09
0 2.19532e-09
0 2.19532e-09
0 2.19532e-09
0 2.19532e-09
0 2.19532e-09
0 2.19532e-09
0 2.19532e-09
0 2.19532e-09
0 2.19532e-09
0 2.19532e-09
0 2.19532e-09
0 2.19532e-09
0 2.19532e-09
0 2.19532e-09
0 2.19532e-09
0 2.19532e-09

