0 0.240949
0 0.232028
0 0.212158
0 0.188824
0 0.166869
0 0.147929
0 0.132018
0 0.118667
0 0.107376
0 0.0977245
0 0.0893868
0 0.0821126
0 0.0757106
0 0.070033
0 0.0649639
0 0.0604115
0 0.056302
0 0.0525755
0 0.0491827
0 0.0460825
0 0.0432407
0 0.0406281
0 0.03822
0 0.035995
0 0.0339348
0 0.0320234
0 0.0302468
0 0.0285927
0 0.0270502
0 0.0256098
0 0.0242628
0 0.0230016
0 0.0218194
0 0.0207099
0 0.0196677
0 0.0186877
0 0.0177652
0 0.0168963
0 0.0160771
0 0.0153041
0 0.0145742
0 0.0138846
0 0.0132325
0 0.0126155
0 0.0120314
0 0.011478
0 0.0109536
0 0.0104562
0 0.00998437
0 0.00953643
0 0.00911102
0 0.00870681
0 0.00832259
0 0.00795721
0 0.00760961
0 0.0072788
0 0.00696384
0 0.00666387
0 0.00637808
0 0.0061057
0 0.00584601
0 0.00559836
0 0.00536211
0 0.00513666
0 0.00492147
0 0.004716
0 0.00451977
0 0.00433231
0 0.00415319
0 0.00398198
0 0.00381831
0 0.0036618
0 0.0035121
0 0.00336889
0 0.00323186
0 0.00310071
0 0.00297516
0 0.00285495
0 0.00273982
0 0.00262955
0 0.00252391
0 0.00242268
0 0.00232566
0 0.00223266
0 0.0021435
0 0.002058
0 0.001976
0 0.00189734
0 0.00182188
0 0.00174946
0 0.00167996
0 0.00161325
0 0.00154921
0 0.00148771
0 0.00142865
0 0.00137192
0 0.00131742
0 0.00126506
0 0.00121474
0 0.00116637
0 0.00111987
0 0.00107517
0 0.00103218
0 0.000990832
0 0.000951056
0 0.000912786
0 0.000875958
0 0.000840512
0 0.000806388
0 0.000773532
0 0.00074189
0 0.000711412
0 0.000682048
0 0.000653752
0 0.000626479
0 0.000600186
0 0.000574832
0 0.000550378
0 0.000526786
0 0.00050402
0 0.000482045
0 0.000460828
0 0.000440338
0 0.000420542
0 0.000401413
0 0.000382921
0 0.00036504
0 0.000347744
0 0.000331007
0 0.000314806
0 0.000299117
0 0.000283918
0 0.000269187
0 0.000254905
0 0.00024105
0 0.000227605
0 0.00021455
0 0.000201868
0 0.000189542
0 0.000177555
0 0.000165892
0 0.000154536
0 0.000143474
0 0.000132691
0 0.000122172
0 0.000111905
0 0.000101877
0 9.20743e-05
0 8.2486e-05
0 7.30998e-05
0 6.39044e-05
0 5.48887e-05
0 4.6042e-05
0 3.73538e-05
0 2.8814e-05
0 2.04128e-05
0 1.21405e-05
0 3.98778e-06
0 2.40949e-09
0 2.40949e-09
0 2.40949e-09
0 2.40949e-09
0 2.40949e-09
0 2.40949e-09
0 2.40949e-09
0 2.40949e-09
0 2.40949e-09
0 2.40949e-09
0 2.40949e-09
0 2.40949e-09
0 2.40949e-09
0 2.40949e-09
0 2.40949e-09
0 2.40949e-09
0 2.40949e-09
0 2.40949e-09
0 2.40949e-09
0 2.40949e-09
0 2.40949e-09
0 2.40949e-09
0 2.40949e-09
0 2.40949e-09
0 2.40949e-09
0 2.40949e-09
0 2.40949e-09
0 2.40949e-09
0 2.40949e-09
0 2.40949e-09
0 2.40949e-09
0 2.40949e-09
0 2.40949e-09
0 2.40949e-09
0 2.40949e-09
0 2.40949e-09
0 2.40949e-09
0 2.40949e-09
0 2.40949e-09
0 2.40949e-09
0 2.40949e-09
0 2.40949e-09
0 2.40949e-09
0 2.40949e-09
0 2.40949e-09
0 2.40949e-09
0 2.40949e-09
0 2.40949e-09
0 2.40949e-09
0 2.40949e-09
0 2.40949e-09
0 2.40949e-09
0 2.40949e-09
0 2.40949e-09
0 2.40949e-09
0 2.40949e-09
0 2.40949e-09
0 2.40949e-09
0 2.40949e-09
0 2.40949e-09
0 2.40949e-09
0 2.40949e-09
0 2.40949e-09
0 2.40949e-09
0 2.40949e-09
0 2.40949e-09
0 2.40949e-09
0 2.40949e-09
0 2.40949e-09
0 2.40949e-09
0 2.40949e-09
0 2.40949e-09
0 2.40949e-09
0 2.40949e-09
0 2.40949e-09
0 2.40949e-09
0 2.40949e-09
0 2.40949e-09
0 2.40949e-09
0 2.40949e-09
0 2.40949e-09
0 2.40949e-09
0 2.40949e-09
0 2.40949e-09
0 2.40949e-09
0 2.40949e-09
0 2.40949e-09
0 2.40949e-09
0 2.40949e-09
0 2.40949e-09
0 2.40949e-09
0 2.40949e-09
0 2.40949e-09
0 2.40949e-09
0 2.40949e-09
0 2.40949e-09
0 2.40949e-09
0 2.40949e-09
0 2.40949e-09
0 2.40949e-09
0 2.40949e-09
0 2.40949e-09
0 2.40949e-09
0 2.40949e-09
0 2.40949e-09
0 2.40949e-09
0 2.40949e-09
0 2.40949e-09
0 2.40949e-09
0 2.40949e-09
0 2.40949e-09
0 2.40949e-09
0 2.40949e-09
0 2.40949e-09
0 2.40949e-09
0 2.40949e-09
0 2.40949e-09
0 2.40949e-09
0 2.40949e-09
0 2.40949e-09
0 2.40949e-09
0 2.40949e-09
0 2.40949e-09
0 2.40949e-09
0 2.40949e-09
0 2.40949e-09
0 2.40949e-09
0 2.40949e-09
0 2.40949e-09
0 2.40949e-09
0 2.40949e-09
0 2.40949e-09
0 2.40949e-09
0 2.40949e-09
0 2.40949e-09
0 2.40949e-09
0 2.40949e-09
0 2.40949e-09
0 2.40949e-09
0 2.40949e-09
0 2.40949e-09
0 2.40949e-09
0 2.40949e-09
0 2.40949e-09
0 2.40949e-09
0 2.40949e-09
0 2.40949e-09
0 2.40949e-09
0 2.40949e-09
0 2.40949e-09
0 2.40949e-09
0 2.40949e-09
0 2.40949e-09
0 2.40949e-09
0 2.40949e-09
0 2.40949e-09
0 2.40949e-09
0 2.40949e-09
0 2.40949e-09
0 2.40949e-09
0 2.40949e-09
0 2.40949e-09
0 2.40949e-09
0 2.40949e-09
0 2.40949e-09
0 2.40949e-09
0 2.40949e-09
0 2.40949e-09
0 2.40949e-09
0 2.40949e-09
0 2.40949e-09
0 2.40949e-09
0 2.40949e-09
0 2.40949e-09
0 2.40949e-09
0 2.40949e-09
0 2.40949e-09
0 2.40949e-09
0 2.40949e-09
0 2.40949e-09
0 2.40949e-09
0 2.40949e-09
0 2.40949e-09
0 2.40949e-09
0 2.40949e-09
0 2.40949e-09
0 2.40949e-09
0 2.40949e-09
0 2.40949e-09
0 2.40949e-09
0 2.40949e-09
0 2.40949e-09
0 2.40949e-09
0 2.40949e-09
0 2.40949e-09
0 2.40949e-09
0 2.40949e-09
0 2.40949e-09
0 2.40949e-09
0 2.40949e-09
0 2.40949e-09
0 2.40949e-09
0 2.40949e-09
0 2.40949e-09
0 2.40949e-09
0 2.40949e-09
0 2.40949e-09
0 2.40949e-09
0 2.40949e-09
0 2.40949e-09
0 2.40949e-09
0 2.40949e-09
0 2.40949e-09
0 2.40949e-09
0 2.40949e-09
0 2.40949e-09
0 2.40949e-09
0 2.40949e-09
0 2.40949e-09
0 2.40949e-09
0 2.40949e-09
0 2.40949e-09
0 2.40949e-09
0 2.40949e-09
0 2.40949e-09
0 2.40949e-09
0 2.40949e-09
0 2.40949e-09
0 2.40949e-09
0 2.40949e-09
0 2.40949e-09
0 2.40949e-09
0 2.40949e-09
0 2.40949e-09
0 2.40949e-09
0 2.40949e-09
0 2.40949e-09
0 2.40949e-09
0 2.40949e-09
0 2.40949e-09
0 2.40949e-09
0 2.40949e-09
0 2.40949e-09
0 2.40949e-09
0 2.40949e-09
0 2.40949e-09
0 2.40949e-09
0 2.40949e-09
0 2.40949e-09
0 2.40949e-09
0 2.40949e-09
0 2.40949e-09
0 2.40949e-09
0 2.40949e-09
0 2.40949e-09
0 2.40949e-09
0 2.40949e-09
0 2.40949e-09
0 2.40949e-09
0 2.40949e-09
0 2.40949e-09
0 2.40949e-09
0 2.40949e-09
0 2.40949e-09
0 2.40949e-09
0 2.40949e-09
0 2.40949e-09
0 2.40949e-09
0 2.40949e-09
0 2.40949e-09
0 2.40949e-09
0 2.40949e-09
0 2.40949e-09
0 2.40949e-09
0 2.40949e-09
0 2.40949e-09
0 2.40949e-09
0 2.40949e-09
0 2.40949e-09
0 2.40949e-09
0 2.40949e-09
0 2.40949e-09
0 2.40949e-09
0 2.40949e-09
0 2.40949e-09
0 2.40949e-09
0 2.40949e-09
0 2.40949e-09
0 2.40949e-09
0 2.40949e-09
0 2.40949e-09
0 2.40949e-09
0 2.40949e-09
0 2.40949e-09
0 2.40949e-09
0 2.40949e-09
0 2.40949e-09
0 2.40949e-09
0 2.40949e-09
0 2.40949e-09
0 2.40949e-09
0 2.40949e-09
0 2.40949e-09
0 2.40949e-09
0 2.40949e-09
0 2.40949e-09
0 2.40949e-09
0 2.40949e-09
0 2.40949e-09
0 2.40949e-09
0 2.40949e-09
0 2.40949e-09
0 2.40949e-09
0 2.40949e-09
0 2.40949e-09
0 2.40949e-09
0 2.40949e-09
0 2.40949e-09
0 2.40949e-09
0 2.40949e-09
0 2.40949e-09
0 2.40949e-09
0 2.40949e-09
0 2.40949e-09
0 2.40949e-09
0 2.40949e-09
0 2.40949e-09
0 2.40949e-09
0 2.40949e-09
0 2.40949e-09
0 2.40949e-09
0 2.40949e-09
0 2.40949e-09
0 2.40949e-09
0 2.40949e-09
0 2.40949e-09
0 2.40949e-09
0 2.40949e-09
0 2.40949e-09
0 2.40949e-09
0 2.40949e-09
0 2.40949e-09
0 2.40949e-09
0 2.40949e-09
0 2.40949e-09
0 2.40949e-09
0 2.40949e-09
0 2.40949e-09
0 2.40949e-09
0 2.40949e-09
0 2.40949e-09
0 2.40949e-09
0 2.40949e-09
0 2.40949e-09
0 2.40949e-09
0 2.40949e-09
0 2.40949e-09
0 2.40949e-09
0 2.40949e-09
0 2.40949e-09
0 2.40949e-09
0 2.40949e-09
0 2.40949e-09
0 2.40949e-09
0 2.40949e-09
0 2.40949e-09
0 2.40949e-09
0 2.40949e-09
0 2.40949e-09
0 2.40949e-09
0 2.40949e-09
0 2.40949e-09
0 2.40949e-09
0 2.40949e-09
0 2.40949e-09
0 2.40949e-09
0 2.40949e-09
0 2.40949e-09
0 2.40949e-09
0 2.40949e-09
0 2.40949e-09
0 2.40949e-09
0 2.40949e-09
0 2.40949e-09
0 2.40949e-09
0 2.40949e-09
0 2.40949e-09
0 2.40949e-09
0 2.40949e-09
0 2.40949e-09
0 2.40949e-09
0 2.40949e-09
0 2.40949e-09
0 2.40949e-09
0 2.40949e-09
0 2.40949e-09
0 2.40949e-09
0 2.40949e-09
0 2.40949e-09
0 2.40949e-09
0 2.40949e-09
0 2.40949e-09
0 2.40949e-09
0 2.40949e-09
0 2.40949e-09
0 2.40949e-09
0 2.40949e-09
0 2.40949e-09
0 2.40949e-09
0 2.40949e-09
0 2.40949e-09
0 2.40949e-09
0 2.40949e-09
0 2.40949e-09
0 2.40949e-09
0 2.40949e-09
0 2.40949e-09
0 2.40949e-09
0 2.40949e-09
0 2.40949e-09
0 2.40949e-09
0 2.40949e-09
0 2.40949e-09
0 2.40949e-09
0 2.40949e-09
0 2.40949e-09
0 2.40949e-09
0 2.40949e-09
0 2.40949e-09
0 2.40949e-09
0 2.40949e-09
0 2.40949e-09
0 2.40949e-09
0 2.40949e-09
0 2.40949e-09
0 2.40949e-09
0 2.40949e-09
0 2.40949e-09
0 2.40949e-09
0 2.40949e-09
0 2.40949e-09
0 2.40949e-09
0 2.40949e-09
0 2.40949e-09
0 2.40949e-09
0 2.40949e-09
0 2.40949e-09
0 2.40949e-09
0 2.40949e-09
0 2.40949e-09
0 2.40949e-09
0 2.40949e-09
0 2.40949e-09
0 2.40949e-09
0 2.40949e-09
0 2.40949e-09
0 2.40949e-09
0 2.40949e-09
0 2.40949e-09
0 2.40949e-09
0 2.40949e-09
0 2.40949e-09
0 2.40949e-09
0 2.40949e-09
0 2.40949e-09
0 2.40949e-09
0 2.40949e-09
0 2.40949e-09
0 2.40949e-09
0 2.40949e-09
0 2.40949e-09
0 2.40949e-09
0 2.40949e-09
0 2.40949e-09
0 2.40949e-09
0 2.40949e-09
0 2.40949e-09
0 2.40949e-09
0 2.40949e-09
0 2.40949e-09
0 2.40949e-09
0 2.40949e-09
0 2.40949e-09
0 2.40949e-09
0 2.40949e-09
0 2.40949e-09
0 2.40949e-09
0 2.40949e-09
0 2.40949e-09
0 2.40949e-09
0 2.40949e-09
0 2.40949e-09
0 2.40949e-09
0 2.40949e-09
0 2.40949e-09
0 2.40949e-09
0 2.40949e-09
0 2.40949e-09
0 2.40949e-09
0 2.40949e-09
0 2.40949e-09
0 2.40949e-09
0 2.40949e-09
0 2.40949e-09
0 2.40949e-09
0 2.40949e-09
0 2.40949e-09
0 2.40949e-09
0 2.40949e-09
0 2.40949e-09
0 2.40949e-09
0 2.40949e-09
0 2.40949e-09
0 2.40949e-09
0 2.40949e-09
0 2.40949e-09
0 2.40949e-09
0 2.40949e-09
0 2.40949e-09
0 2.40949e-09
0 2.40949e-09
0 2.40949e-09
0 2.40949e-09
0 2.40949e-09
0 2.40949e-09
0 2.40949e-09
0 2.40949e-09
0 2.40949e-09
0 2.40949e-09
0 2.40949e-09
0 2.40949e-09
0 2.40949e-09
0 2.40949e-09
0 2.40949e-09
0 2.40949e-09
0 2.40949e-09
0 2.40949e-09
0 2.40949e-09
0 2.40949e-09
0 2.40949e-09
0 2.40949e-09
0 2.40949e-09
0 2.40949e-09
0 2.40949e-09
0 2.40949e-09
0 2.40949e-09
0 2.40949e-09
0 2.40949e-09
0 2.40949e-09
0 2.40949e-09
0 2.40949e-09
0 2.40949e-09
0 2.40949e-09
0 2.40949e-09
0 2.40949e-09
0 2.40949e-09
0 2.40949e-09
0 2.40949e-09
0 2.40949e-09
0 2.40949e-09
0 2.40949e-09
0 2.40949e-09
0 2.40949e-09
0 2.40949e-09
0 2.40949e-09
0 2.40949e-09
0 2.40949e-09
0 2.40949e-09
0 2.40949e-09
0 2.40949e-09
0 2.40949e-09
0 2.40949e-09
0 2.40949e-09
0 2.40949e-09
0 2.40949e-09
0 2.40949e-09
0 2.40949e-09
0 2.40949e-09
0 2.40949e-09
0 2.40949e-09
0 2.40949e-09
0 2.40949e-09
0 2.40949e-09
0 2.40949e-09
0 2.40949e-09
0 2.40949e-09
0 2.40949e-09
0 2.40949e-09
0 2.40949e-09
0 2.40949e-09
0 2.40949e-09
0 2.40949e-09
0 2.40949e-09
0 2.40949e-09
0 2.40949e-09
0 2.40949e-09
0 2.40949e-09
0 2.40949e-09
0 2.40949e-09
0 2.40949e-09
0 2.40949e-09
0 2.40949e-09
0 2.40949e-09
0 2.40949e-09
0 2.40949e-09
0 2.40949e-09
0 2.40949e-09
0 2.40949e-09
0 2.40949e-09
0 2.40949e-09
0 2.40949e-09
0 2.40949e-09
0 2.40949e-09
0 2.40949e-09
0 2.40949e-09
0 2.40949e-09
0 2.40949e-09
0 2.40949e-09
0 2.40949e-09
0 2.40949e-09
0 2.40949e-09
0 2.40949e-09
0 2.40949e-09
0 2.40949e-09
0 2.40949e-09
0 2.40949e-09
0 2.40949e-09
0 2.40949e-09
0 2.40949e-09
0 2.40949e-09
0 2.40949e-09
0 2.40949e-09
0 2.40949e-09
0 2.40949e-09
0 2.40949e-09
0 2.40949e-09
0 2.40949e-09
0 2.40949e-09
0 2.40949e-09
0 2.40949e-09
0 2.40949e-09
0 2.40949e-09
0 2.40949e-09
0 2.40949e-09
0 2.40949e-09
0 2.40949e-09
0 2.40949e-09
0 2.40949e-09
0 2.40949e-09
0 2.40949e-09
0 2.40949e-09
0 2.40949e-09
0 2.40949e-09
0 2.40949e-09
0 2.40949e-09
0 2.40949e-09
0 2.40949e-09
0 2.40949e-09
0 2.40949e-09
0 2.40949e-09
0 2.40949e-09
0 2.40949e-09
0 2.40949e-09
0 2.40949e-09
0 2.40949e-09
0 2.40949e-09
0 2.40949e-09
0 2.40949e-09
0 2.40949e-09
0 2.40949e-09
0 2.40949e-09
0 2.40949e-09
0 2.40949e-09
0 2.40949e-09
0 2.40949e-09
0 2.40949e-09
0 2.40949e-09
0 2.40949e-09
0 2.40949e-09
0 2.40949e-09
0 2.40949e-09
0 2.40949e-09
0 2.40949e-09
0 2.40949e-09
0 2.40949e-09
0 2.40949e-09
0 2.40949e-09
0 2.40949e-09
0 2.40949e-09
0 2.40949e-09
0 2.40949e-09
0 2.40949e-09
0 2.40949e-09
0 2.40949e-09
0 2.40949e-09
0 2.40949e-09
0 2.40949e-09
0 2.40949e-09
0 2.40949e-09
0 2.40949e-09
0 2.40949e-09
0 2.40949e-09
0 2.40949e-09
0 2.40949e-09
0 2.40949e-09
0 2.40949e-09
0 2.40949e-09
0 2.40949e-09
0 2.40949e-09
0 2.40949e-09
0 2.40949e-09
0 2.40949e-09
0 2.40949e-09
0 2.40949e-09
0 2.40949e-09
0 2.40949e-09
0 2.40949e-09
0 2.40949e-09
0 2.40949e-09
0 2.40949e-09
0 2.40949e-09
0 2.40949e-09
0 2.40949e-09
0 2.40949e-09
0 2.40949e-09
0 2.40949e-09
0 2.40949e-09
0 2.40949e-09
0 2.40949e-09
0 2.40949e-09
0 2.40949e-09
0 2.40949e-09
0 2.40949e-09
0 2.40949e-09
0 2.40949e-09
0 2.40949e-09
0 2.40949e-09
0 2.40949e-09
0 2.40949e-09
0 2.40949e-09
0 2.40949e-09
0 2.40949e-09
0 2.40949e-09
0 2.40949e-09
0 2.40949e-09
0 2.40949e-09
0 2.40949e-09
0 2.40949e-09
0 2.40949e-09
0 2.40949e-09
0 2.40949e-09
0 2.40949e-09
0 2.40949e-09
0 2.40949e-09
0 2.40949e-09
0 2.40949e-09
0 2.40949e-09
0 2.40949e-09
0 2.40949e-09
0 2.40949e-09
0 2.40949e-09
0 2.40949e-09
0 2.40949e-09
0 2.40949e-09
0 2.40949e-09
0 2.40949e-09
0 2.40949e-09
0 2.40949e-09
0 2.40949e-09
0 2.40949e-09
0 2.40949e-09
0 2.40949e-09
0 2.40949e-09
0 2.40949e-09
0 2.40949e-09
0 2.40949e-09
0 2.40949e-09
0 2.40949e-09
0 2.40949e-09
0 2.40949e-09
0 2.40949e-09
0 2.40949e-09
0 2.40949e-09
0 2.40949e-09
0 2.40949e-09
0 2.40949e-09
0 2.40949e-09
0 2.40949e-09
0 2.40949e-09
0 2.40949e-09
0 2.40949e-09
0 2.40949e-09
0 2.40949e-09
0 2.40949e-09
0 2.40949e-09
0 2.40949e-09
0 2.40949e-09
0 2.40949e-09
0 2.40949e-09
0 2.40949e-09
0 2.40949e-09
0 2.40949e-09
0 2.40949e-09
0 2.40949e-09
0 2.40949e-09
0 2.40949e-09
0 2.40949e-09
0 2.40949e-09
0 2.40949e-09
0 2.40949e-09
0 2.40949e-09
0 2.40949e-09
0 2.40949e-09
0 2.40949e-09
0 2.40949e-09
0 2.40949e-09
0 2.40949e-09
0 2.40949e-09
0 2.40949e-09
0 2.40949e-09
0 2.40949e-09
0 2.40949e-09
0 2.40949e-09
0 2.40949e-09
0 2.40949e-09
0 2.40949e-09
0 2.40949e-09
0 2.40949e-09
0 2.40949e-09
0 2.40949e-09
0 2.40949e-09
0 2.40949e-09
0 2.40949e-09
0 2.40949e-09
0 2.40949e-09
0 2.40949e-09
0 2.40949e-09
0 2.40949e-09
0 2.40949e-09
0 2.40949e-09
0 2.40949e-09
0 2.40949e-09

