0 0.091025
0 0.0909346
0 0.0906904
0 0.0902952
0 0.0897514
0 0.0890621
0 0.0882316
0 0.0872645
0 0.0861668
0 0.0849446
0 0.0836051
0 0.0821558
0 0.080605
0 0.0789613
0 0.0772337
0 0.0754314
0 0.0735638
0 0.0716406
0 0.0696714
0 0.0676655
0 0.0656325
0 0.0635812
0 0.0615205
0 0.0594586
0 0.0574035
0 0.0553624
0 0.0533421
0 0.0513487
0 0.0493878
0 0.0474642
0 0.0455821
0 0.0437453
0 0.0419566
0 0.0402186
0 0.0385329
0 0.0369007
0 0.0353228
0 0.0337997
0 0.0323314
0 0.0309176
0 0.0295578
0 0.0282513
0 0.026997
0 0.025794
0 0.0246409
0 0.0235363
0 0.022479
0 0.0214674
0 0.0204999
0 0.0195751
0 0.0186913
0 0.0178471
0 0.0170408
0 0.016271
0 0.0155361
0 0.0148348
0 0.0141654
0 0.0135268
0 0.0129175
0 0.0123362
0 0.0117816
0 0.0112526
0 0.010748
0 0.0102667
0 0.00980751
0 0.00936952
0 0.00895171
0 0.00855314
0 0.0081729
0 0.00781013
0 0.00746402
0 0.00713377
0 0.00681865
0 0.00651793
0 0.00623095
0 0.00595704
0 0.0056956
0 0.00544605
0 0.0052078
0 0.00498035
0 0.00476318
0 0.0045558
0 0.00435777
0 0.00416863
0 0.00398799
0 0.00381543
0 0.00365058
0 0.00349309
0 0.00334262
0 0.00319883
0 0.00306142
0 0.00293009
0 0.00280457
0 0.00268459
0 0.00256989
0 0.00246023
0 0.00235538
0 0.00225513
0 0.00215925
0 0.00206756
0 0.00197986
0 0.00189597
0 0.00181573
0 0.00173896
0 0.0016655
0 0.00159522
0 0.00152797
0 0.00146361
0 0.00140201
0 0.00134305
0 0.00128662
0 0.00123259
0 0.00118087
0 0.00113135
0 0.00108393
0 0.00103852
0 0.000995035
0 0.000953386
0 0.000913494
0 0.000875282
0 0.000838675
0 0.000803604
0 0.000770001
0 0.000737801
0 0.000706945
0 0.000677373
0 0.000649029
0 0.00062186
0 0.000595815
0 0.000570845
0 0.000546903
0 0.000523945
0 0.000501928
0 0.000480812
0 0.000460556
0 0.000441126
0 0.000422483
0 0.000404595
0 0.000387429
0 0.000370953
0 0.000355138
0 0.000339956
0 0.000325378
0 0.000311378
0 0.000297932
0 0.000285016
0 0.000272606
0 0.000260681
0 0.000249219
0 0.0002382
0 0.000227605
0 0.000217416
0 0.000207614
0 0.000198182
0 0.000189105
0 0.000180366
0 0.000171951
0 0.000163844
0 0.000156033
0 0.000148503
0 0.000141243
0 0.000134239
0 0.00012748
0 0.000120955
0 0.000114653
0 0.000108564
0 0.000102677
0 9.69822e-05
0 9.14711e-05
0 8.61345e-05
0 8.09637e-05
0 7.59503e-05
0 7.10865e-05
0 6.63644e-05
0 6.17766e-05
0 5.73159e-05
0 5.29753e-05
0 4.87482e-05
0 4.46279e-05
0 4.06083e-05
0 3.66832e-05
0 3.28467e-05
0 2.90931e-05
0 2.54168e-05
0 2.18125e-05
0 1.82749e-05
0 1.47988e-05
0 1.13793e-05
0 8.01165e-06
0 4.69099e-06
0 1.41273e-06
0 9.1025e-10
0 9.1025e-10
0 9.1025e-10
0 9.1025e-10
0 9.1025e-10
0 9.1025e-10
0 9.1025e-10
0 9.1025e-10
0 9.1025e-10
0 9.1025e-10
0 9.1025e-10
0 9.1025e-10
0 9.1025e-10
0 9.1025e-10
0 9.1025e-10
0 9.1025e-10
0 9.1025e-10
0 9.1025e-10
0 9.1025e-10
0 9.1025e-10
0 9.1025e-10
0 9.1025e-10
0 9.1025e-10
0 9.1025e-10
0 9.1025e-10
0 9.1025e-10
0 9.1025e-10
0 9.1025e-10
0 9.1025e-10
0 9.1025e-10
0 9.1025e-10
0 9.1025e-10
0 9.1025e-10
0 9.1025e-10
0 9.1025e-10
0 9.1025e-10
0 9.1025e-10
0 9.1025e-10
0 9.1025e-10
0 9.1025e-10
0 9.1025e-10
0 9.1025e-10
0 9.1025e-10
0 9.1025e-10
0 9.1025e-10
0 9.1025e-10
0 9.1025e-10
0 9.1025e-10
0 9.1025e-10
0 9.1025e-10
0 9.1025e-10
0 9.1025e-10
0 9.1025e-10
0 9.1025e-10
0 9.1025e-10
0 9.1025e-10
0 9.1025e-10
0 9.1025e-10
0 9.1025e-10
0 9.1025e-10
0 9.1025e-10
0 9.1025e-10
0 9.1025e-10
0 9.1025e-10
0 9.1025e-10
0 9.1025e-10
0 9.1025e-10
0 9.1025e-10
0 9.1025e-10
0 9.1025e-10
0 9.1025e-10
0 9.1025e-10
0 9.1025e-10
0 9.1025e-10
0 9.1025e-10
0 9.1025e-10
0 9.1025e-10
0 9.1025e-10
0 9.1025e-10
0 9.1025e-10
0 9.1025e-10
0 9.1025e-10
0 9.1025e-10
0 9.1025e-10
0 9.1025e-10
0 9.1025e-10
0 9.1025e-10
0 9.1025e-10
0 9.1025e-10
0 9.1025e-10
0 9.1025e-10
0 9.1025e-10
0 9.1025e-10
0 9.1025e-10
0 9.1025e-10
0 9.1025e-10
0 9.1025e-10
0 9.1025e-10
0 9.1025e-10
0 9.1025e-10
0 9.1025e-10
0 9.1025e-10
0 9.1025e-10
0 9.1025e-10
0 9.1025e-10
0 9.1025e-10
0 9.1025e-10
0 9.1025e-10
0 9.1025e-10
0 9.1025e-10
0 9.1025e-10
0 9.1025e-10
0 9.1025e-10
0 9.1025e-10
0 9.1025e-10
0 9.1025e-10
0 9.1025e-10
0 9.1025e-10
0 9.1025e-10
0 9.1025e-10
0 9.1025e-10
0 9.1025e-10
0 9.1025e-10
0 9.1025e-10
0 9.1025e-10
0 9.1025e-10
0 9.1025e-10
0 9.1025e-10
0 9.1025e-10
0 9.1025e-10
0 9.1025e-10
0 9.1025e-10
0 9.1025e-10
0 9.1025e-10
0 9.1025e-10
0 9.1025e-10
0 9.1025e-10
0 9.1025e-10
0 9.1025e-10
0 9.1025e-10
0 9.1025e-10
0 9.1025e-10
0 9.1025e-10
0 9.1025e-10
0 9.1025e-10
0 9.1025e-10
0 9.1025e-10
0 9.1025e-10
0 9.1025e-10
0 9.1025e-10
0 9.1025e-10
0 9.1025e-10
0 9.1025e-10
0 9.1025e-10
0 9.1025e-10
0 9.1025e-10
0 9.1025e-10
0 9.1025e-10
0 9.1025e-10
0 9.1025e-10
0 9.1025e-10
0 9.1025e-10
0 9.1025e-10
0 9.1025e-10
0 9.1025e-10
0 9.1025e-10
0 9.1025e-10
0 9.1025e-10
0 9.1025e-10
0 9.1025e-10
0 9.1025e-10
0 9.1025e-10
0 9.1025e-10
0 9.1025e-10
0 9.1025e-10
0 9.1025e-10
0 9.1025e-10
0 9.1025e-10
0 9.1025e-10
0 9.1025e-10
0 9.1025e-10
0 9.1025e-10
0 9.1025e-10
0 9.1025e-10
0 9.1025e-10
0 9.1025e-10
0 9.1025e-10
0 9.1025e-10
0 9.1025e-10
0 9.1025e-10
0 9.1025e-10
0 9.1025e-10
0 9.1025e-10
0 9.1025e-10
0 9.1025e-10
0 9.1025e-10
0 9.1025e-10
0 9.1025e-10
0 9.1025e-10
0 9.1025e-10
0 9.1025e-10
0 9.1025e-10
0 9.1025e-10
0 9.1025e-10
0 9.1025e-10
0 9.1025e-10
0 9.1025e-10
0 9.1025e-10
0 9.1025e-10
0 9.1025e-10
0 9.1025e-10
0 9.1025e-10
0 9.1025e-10
0 9.1025e-10
0 9.1025e-10
0 9.1025e-10
0 9.1025e-10
0 9.1025e-10
0 9.1025e-10
0 9.1025e-10
0 9.1025e-10
0 9.1025e-10
0 9.1025e-10
0 9.1025e-10
0 9.1025e-10
0 9.1025e-10
0 9.1025e-10
0 9.1025e-10
0 9.1025e-10
0 9.1025e-10
0 9.1025e-10
0 9.1025e-10
0 9.1025e-10
0 9.1025e-10
0 9.1025e-10
0 9.1025e-10
0 9.1025e-10
0 9.1025e-10
0 9.1025e-10
0 9.1025e-10
0 9.1025e-10
0 9.1025e-10
0 9.1025e-10
0 9.1025e-10
0 9.1025e-10
0 9.1025e-10
0 9.1025e-10
0 9.1025e-10
0 9.1025e-10
0 9.1025e-10
0 9.1025e-10
0 9.1025e-10
0 9.1025e-10
0 9.1025e-10
0 9.1025e-10
0 9.1025e-10
0 9.1025e-10
0 9.1025e-10
0 9.1025e-10
0 9.1025e-10
0 9.1025e-10
0 9.1025e-10
0 9.1025e-10
0 9.1025e-10
0 9.1025e-10
0 9.1025e-10
0 9.1025e-10
0 9.1025e-10
0 9.1025e-10
0 9.1025e-10
0 9.1025e-10
0 9.1025e-10
0 9.1025e-10
0 9.1025e-10
0 9.1025e-10
0 9.1025e-10
0 9.1025e-10
0 9.1025e-10
0 9.1025e-10
0 9.1025e-10
0 9.1025e-10
0 9.1025e-10
0 9.1025e-10
0 9.1025e-10
0 9.1025e-10
0 9.1025e-10
0 9.1025e-10
0 9.1025e-10
0 9.1025e-10
0 9.1025e-10
0 9.1025e-10
0 9.1025e-10
0 9.1025e-10
0 9.1025e-10
0 9.1025e-10
0 9.1025e-10
0 9.1025e-10
0 9.1025e-10
0 9.1025e-10
0 9.1025e-10
0 9.1025e-10
0 9.1025e-10
0 9.1025e-10
0 9.1025e-10
0 9.1025e-10
0 9.1025e-10
0 9.1025e-10
0 9.1025e-10
0 9.1025e-10
0 9.1025e-10
0 9.1025e-10
0 9.1025e-10
0 9.1025e-10
0 9.1025e-10
0 9.1025e-10
0 9.1025e-10
0 9.1025e-10
0 9.1025e-10
0 9.1025e-10
0 9.1025e-10
0 9.1025e-10
0 9.1025e-10
0 9.1025e-10
0 9.1025e-10
0 9.1025e-10
0 9.1025e-10
0 9.1025e-10
0 9.1025e-10
0 9.1025e-10
0 9.1025e-10
0 9.1025e-10
0 9.1025e-10
0 9.1025e-10
0 9.1025e-10
0 9.1025e-10
0 9.1025e-10
0 9.1025e-10
0 9.1025e-10
0 9.1025e-10
0 9.1025e-10
0 9.1025e-10
0 9.1025e-10
0 9.1025e-10
0 9.1025e-10
0 9.1025e-10
0 9.1025e-10
0 9.1025e-10
0 9.1025e-10
0 9.1025e-10
0 9.1025e-10
0 9.1025e-10
0 9.1025e-10
0 9.1025e-10
0 9.1025e-10
0 9.1025e-10
0 9.1025e-10
0 9.1025e-10
0 9.1025e-10
0 9.1025e-10
0 9.1025e-10
0 9.1025e-10
0 9.1025e-10
0 9.1025e-10
0 9.1025e-10
0 9.1025e-10
0 9.1025e-10
0 9.1025e-10
0 9.1025e-10
0 9.1025e-10
0 9.1025e-10
0 9.1025e-10
0 9.1025e-10
0 9.1025e-10
0 9.1025e-10
0 9.1025e-10
0 9.1025e-10
0 9.1025e-10
0 9.1025e-10
0 9.1025e-10
0 9.1025e-10
0 9.1025e-10
0 9.1025e-10
0 9.1025e-10
0 9.1025e-10
0 9.1025e-10
0 9.1025e-10
0 9.1025e-10
0 9.1025e-10
0 9.1025e-10
0 9.1025e-10
0 9.1025e-10
0 9.1025e-10
0 9.1025e-10
0 9.1025e-10
0 9.1025e-10
0 9.1025e-10
0 9.1025e-10
0 9.1025e-10
0 9.1025e-10
0 9.1025e-10
0 9.1025e-10
0 9.1025e-10
0 9.1025e-10
0 9.1025e-10
0 9.1025e-10
0 9.1025e-10
0 9.1025e-10
0 9.1025e-10
0 9.1025e-10
0 9.1025e-10
0 9.1025e-10
0 9.1025e-10
0 9.1025e-10
0 9.1025e-10
0 9.1025e-10
0 9.1025e-10
0 9.1025e-10
0 9.1025e-10
0 9.1025e-10
0 9.1025e-10
0 9.1025e-10
0 9.1025e-10
0 9.1025e-10
0 9.1025e-10
0 9.1025e-10
0 9.1025e-10
0 9.1025e-10
0 9.1025e-10
0 9.1025e-10
0 9.1025e-10
0 9.1025e-10
0 9.1025e-10
0 9.1025e-10
0 9.1025e-10
0 9.1025e-10
0 9.1025e-10
0 9.1025e-10
0 9.1025e-10
0 9.1025e-10
0 9.1025e-10
0 9.1025e-10
0 9.1025e-10
0 9.1025e-10
0 9.1025e-10
0 9.1025e-10
0 9.1025e-10
0 9.1025e-10
0 9.1025e-10
0 9.1025e-10
0 9.1025e-10
0 9.1025e-10
0 9.1025e-10
0 9.1025e-10
0 9.1025e-10
0 9.1025e-10
0 9.1025e-10
0 9.1025e-10
0 9.1025e-10
0 9.1025e-10
0 9.1025e-10
0 9.1025e-10
0 9.1025e-10
0 9.1025e-10
0 9.1025e-10
0 9.1025e-10
0 9.1025e-10
0 9.1025e-10
0 9.1025e-10
0 9.1025e-10
0 9.1025e-10
0 9.1025e-10
0 9.1025e-10
0 9.1025e-10
0 9.1025e-10
0 9.1025e-10
0 9.1025e-10
0 9.1025e-10
0 9.1025e-10
0 9.1025e-10
0 9.1025e-10
0 9.1025e-10
0 9.1025e-10
0 9.1025e-10
0 9.1025e-10
0 9.1025e-10
0 9.1025e-10
0 9.1025e-10
0 9.1025e-10
0 9.1025e-10
0 9.1025e-10
0 9.1025e-10
0 9.1025e-10
0 9.1025e-10
0 9.1025e-10
0 9.1025e-10
0 9.1025e-10
0 9.1025e-10
0 9.1025e-10
0 9.1025e-10
0 9.1025e-10
0 9.1025e-10
0 9.1025e-10
0 9.1025e-10
0 9.1025e-10
0 9.1025e-10
0 9.1025e-10
0 9.1025e-10
0 9.1025e-10
0 9.1025e-10
0 9.1025e-10
0 9.1025e-10
0 9.1025e-10
0 9.1025e-10
0 9.1025e-10
0 9.1025e-10
0 9.1025e-10
0 9.1025e-10
0 9.1025e-10
0 9.1025e-10
0 9.1025e-10
0 9.1025e-10
0 9.1025e-10
0 9.1025e-10
0 9.1025e-10
0 9.1025e-10
0 9.1025e-10
0 9.1025e-10
0 9.1025e-10
0 9.1025e-10
0 9.1025e-10
0 9.1025e-10
0 9.1025e-10
0 9.1025e-10
0 9.1025e-10
0 9.1025e-10
0 9.1025e-10
0 9.1025e-10
0 9.1025e-10
0 9.1025e-10
0 9.1025e-10
0 9.1025e-10
0 9.1025e-10
0 9.1025e-10
0 9.1025e-10
0 9.1025e-10
0 9.1025e-10
0 9.1025e-10
0 9.1025e-10
0 9.1025e-10
0 9.1025e-10
0 9.1025e-10
0 9.1025e-10
0 9.1025e-10
0 9.1025e-10
0 9.1025e-10
0 9.1025e-10
0 9.1025e-10
0 9.1025e-10
0 9.1025e-10
0 9.1025e-10
0 9.1025e-10
0 9.1025e-10
0 9.1025e-10
0 9.1025e-10
0 9.1025e-10
0 9.1025e-10
0 9.1025e-10
0 9.1025e-10
0 9.1025e-10
0 9.1025e-10
0 9.1025e-10
0 9.1025e-10
0 9.1025e-10
0 9.1025e-10
0 9.1025e-10
0 9.1025e-10
0 9.1025e-10
0 9.1025e-10
0 9.1025e-10
0 9.1025e-10
0 9.1025e-10
0 9.1025e-10
0 9.1025e-10
0 9.1025e-10
0 9.1025e-10
0 9.1025e-10
0 9.1025e-10
0 9.1025e-10
0 9.1025e-10
0 9.1025e-10
0 9.1025e-10
0 9.1025e-10
0 9.1025e-10
0 9.1025e-10
0 9.1025e-10
0 9.1025e-10
0 9.1025e-10
0 9.1025e-10
0 9.1025e-10
0 9.1025e-10
0 9.1025e-10
0 9.1025e-10
0 9.1025e-10
0 9.1025e-10
0 9.1025e-10
0 9.1025e-10
0 9.1025e-10
0 9.1025e-10
0 9.1025e-10
0 9.1025e-10
0 9.1025e-10
0 9.1025e-10
0 9.1025e-10
0 9.1025e-10
0 9.1025e-10
0 9.1025e-10
0 9.1025e-10
0 9.1025e-10
0 9.1025e-10
0 9.1025e-10
0 9.1025e-10
0 9.1025e-10
0 9.1025e-10
0 9.1025e-10
0 9.1025e-10
0 9.1025e-10
0 9.1025e-10
0 9.1025e-10
0 9.1025e-10
0 9.1025e-10
0 9.1025e-10
0 9.1025e-10
0 9.1025e-10
0 9.1025e-10
0 9.1025e-10
0 9.1025e-10
0 9.1025e-10
0 9.1025e-10
0 9.1025e-10
0 9.1025e-10
0 9.1025e-10
0 9.1025e-10
0 9.1025e-10
0 9.1025e-10
0 9.1025e-10
0 9.1025e-10
0 9.1025e-10
0 9.1025e-10
0 9.1025e-10
0 9.1025e-10
0 9.1025e-10
0 9.1025e-10
0 9.1025e-10
0 9.1025e-10
0 9.1025e-10
0 9.1025e-10
0 9.1025e-10
0 9.1025e-10
0 9.1025e-10
0 9.1025e-10
0 9.1025e-10
0 9.1025e-10
0 9.1025e-10
0 9.1025e-10
0 9.1025e-10
0 9.1025e-10
0 9.1025e-10
0 9.1025e-10
0 9.1025e-10
0 9.1025e-10
0 9.1025e-10
0 9.1025e-10
0 9.1025e-10
0 9.1025e-10
0 9.1025e-10
0 9.1025e-10
0 9.1025e-10
0 9.1025e-10
0 9.1025e-10
0 9.1025e-10
0 9.1025e-10
0 9.1025e-10
0 9.1025e-10
0 9.1025e-10
0 9.1025e-10
0 9.1025e-10
0 9.1025e-10
0 9.1025e-10
0 9.1025e-10
0 9.1025e-10
0 9.1025e-10
0 9.1025e-10
0 9.1025e-10
0 9.1025e-10
0 9.1025e-10
0 9.1025e-10
0 9.1025e-10
0 9.1025e-10
0 9.1025e-10
0 9.1025e-10
0 9.1025e-10
0 9.1025e-10
0 9.1025e-10
0 9.1025e-10
0 9.1025e-10
0 9.1025e-10
0 9.1025e-10
0 9.1025e-10
0 9.1025e-10
0 9.1025e-10
0 9.1025e-10
0 9.1025e-10
0 9.1025e-10
0 9.1025e-10
0 9.1025e-10
0 9.1025e-10
0 9.1025e-10
0 9.1025e-10
0 9.1025e-10
0 9.1025e-10
0 9.1025e-10
0 9.1025e-10
0 9.1025e-10
0 9.1025e-10
0 9.1025e-10
0 9.1025e-10
0 9.1025e-10
0 9.1025e-10
0 9.1025e-10
0 9.1025e-10
0 9.1025e-10
0 9.1025e-10
0 9.1025e-10
0 9.1025e-10
0 9.1025e-10
0 9.1025e-10
0 9.1025e-10
0 9.1025e-10
0 9.1025e-10
0 9.1025e-10
0 9.1025e-10
0 9.1025e-10
0 9.1025e-10
0 9.1025e-10
0 9.1025e-10
0 9.1025e-10
0 9.1025e-10
0 9.1025e-10
0 9.1025e-10
0 9.1025e-10
0 9.1025e-10
0 9.1025e-10
0 9.1025e-10
0 9.1025e-10
0 9.1025e-10
0 9.1025e-10
0 9.1025e-10
0 9.1025e-10
0 9.1025e-10
0 9.1025e-10
0 9.1025e-10
0 9.1025e-10
0 9.1025e-10
0 9.1025e-10
0 9.1025e-10
0 9.1025e-10
0 9.1025e-10
0 9.1025e-10
0 9.1025e-10
0 9.1025e-10
0 9.1025e-10
0 9.1025e-10
0 9.1025e-10
0 9.1025e-10
0 9.1025e-10
0 9.1025e-10
0 9.1025e-10
0 9.1025e-10
0 9.1025e-10
0 9.1025e-10
0 9.1025e-10
0 9.1025e-10
0 9.1025e-10
0 9.1025e-10
0 9.1025e-10
0 9.1025e-10
0 9.1025e-10
0 9.1025e-10
0 9.1025e-10
0 9.1025e-10
0 9.1025e-10
0 9.1025e-10
0 9.1025e-10
0 9.1025e-10
0 9.1025e-10
0 9.1025e-10
0 9.1025e-10
0 9.1025e-10
0 9.1025e-10
0 9.1025e-10
0 9.1025e-10
0 9.1025e-10
0 9.1025e-10
0 9.1025e-10
0 9.1025e-10
0 9.1025e-10
0 9.1025e-10
0 9.1025e-10
0 9.1025e-10

