0 0.273076
0 0.249539
0 0.21146
0 0.180142
0 0.15685
0 0.139104
0 0.125044
0 0.113524
0 0.103835
0 0.0955221
0 0.0882773
0 0.0818858
0 0.0761913
0 0.0710774
0 0.0664544
0 0.0622522
0 0.0584146
0 0.0548961
0 0.051659
0 0.0486717
0 0.0459077
0 0.0433443
0 0.0409619
0 0.0387436
0 0.0366744
0 0.0347413
0 0.0329329
0 0.0312387
0 0.0296497
0 0.0281577
0 0.0267552
0 0.0254357
0 0.0241929
0 0.0230215
0 0.0219165
0 0.0208732
0 0.0198875
0 0.0189557
0 0.0180741
0 0.0172395
0 0.016449
0 0.0156998
0 0.0149894
0 0.0143153
0 0.0136755
0 0.0130678
0 0.0124905
0 0.0119417
0 0.0114198
0 0.0109233
0 0.0104508
0 0.0100009
0 0.00957235
0 0.00916408
0 0.00877496
0 0.00840396
0 0.00805012
0 0.00771256
0 0.00739041
0 0.00708289
0 0.00678925
0 0.00650878
0 0.00624083
0 0.00598477
0 0.00574001
0 0.00550599
0 0.00528218
0 0.0050681
0 0.00486328
0 0.00466726
0 0.00447963
0 0.0043
0 0.00412799
0 0.00396323
0 0.0038054
0 0.00365418
0 0.00350925
0 0.00337034
0 0.00323716
0 0.00310947
0 0.002987
0 0.00286954
0 0.00275685
0 0.00264872
0 0.00254495
0 0.00244534
0 0.00234973
0 0.00225792
0 0.00216977
0 0.00208509
0 0.00200376
0 0.00192562
0 0.00185054
0 0.00177838
0 0.00170902
0 0.00164235
0 0.00157824
0 0.0015166
0 0.00145731
0 0.00140028
0 0.00134541
0 0.00129262
0 0.00124181
0 0.0011929
0 0.00114582
0 0.00110049
0 0.00105684
0 0.00101479
0 0.00097429
0 0.000935263
0 0.000897653
0 0.000861402
0 0.000826453
0 0.000792754
0 0.000760253
0 0.000728901
0 0.000698651
0 0.000669457
0 0.000641276
0 0.000614067
0 0.000587789
0 0.000562404
0 0.000537876
0 0.000514169
0 0.000491248
0 0.000469082
0 0.000447638
0 0.000426887
0 0.0004068
0 0.000387348
0 0.000368504
0 0.000350244
0 0.000332542
0 0.000315373
0 0.000298716
0 0.000282547
0 0.000266845
0 0.000251589
0 0.00023676
0 0.000222339
0 0.000208306
0 0.000194643
0 0.000181334
0 0.000168362
0 0.00015571
0 0.000143362
0 0.000131305
0 0.000119522
0 0.000108
0 9.67245e-05
0 8.56829e-05
0 7.4862e-05
0 6.42491e-05
0 5.3832e-05
0 4.35989e-05
0 3.35383e-05
0 2.36388e-05
0 1.38897e-05
0 4.28011e-06
0 2.73076e-09
0 2.73076e-09
0 2.73076e-09
0 2.73076e-09
0 2.73076e-09
0 2.73076e-09
0 2.73076e-09
0 2.73076e-09
0 2.73076e-09
0 2.73076e-09
0 2.73076e-09
0 2.73076e-09
0 2.73076e-09
0 2.73076e-09
0 2.73076e-09
0 2.73076e-09
0 2.73076e-09
0 2.73076e-09
0 2.73076e-09
0 2.73076e-09
0 2.73076e-09
0 2.73076e-09
0 2.73076e-09
0 2.73076e-09
0 2.73076e-09
0 2.73076e-09
0 2.73076e-09
0 2.73076e-09
0 2.73076e-09
0 2.73076e-09
0 2.73076e-09
0 2.73076e-09
0 2.73076e-09
0 2.73076e-09
0 2.73076e-09
0 2.73076e-09
0 2.73076e-09
0 2.73076e-09
0 2.73076e-09
0 2.73076e-09
0 2.73076e-09
0 2.73076e-09
0 2.73076e-09
0 2.73076e-09
0 2.73076e-09
0 2.73076e-09
0 2.73076e-09
0 2.73076e-09
0 2.73076e-09
0 2.73076e-09
0 2.73076e-09
0 2.73076e-09
0 2.73076e-09
0 2.73076e-09
0 2.73076e-09
0 2.73076e-09
0 2.73076e-09
0 2.73076e-09
0 2.73076e-09
0 2.73076e-09
0 2.73076e-09
0 2.73076e-09
0 2.73076e-09
0 2.73076e-09
0 2.73076e-09
0 2.73076e-09
0 2.73076e-09
0 2.73076e-09
0 2.73076e-09
0 2.73076e-09
0 2.73076e-09
0 2.73076e-09
0 2.73076e-09
0 2.73076e-09
0 2.73076e-09
0 2.73076e-09
0 2.73076e-09
0 2.73076e-09
0 2.73076e-09
0 2.73076e-09
0 2.73076e-09
0 2.73076e-09
0 2.73076e-09
0 2.73076e-09
0 2.73076e-09
0 2.73076e-09
0 2.73076e-09
0 2.73076e-09
0 2.73076e-09
0 2.73076e-09
0 2.73076e-09
0 2.73076e-09
0 2.73076e-09
0 2.73076e-09
0 2.73076e-09
0 2.73076e-09
0 2.73076e-09
0 2.73076e-09
0 2.73076e-09
0 2.73076e-09
0 2.73076e-09
0 2.73076e-09
0 2.73076e-09
0 2.73076e-09
0 2.73076e-09
0 2.73076e-09
0 2.73076e-09
0 2.73076e-09
0 2.73076e-09
0 2.73076e-09
0 2.73076e-09
0 2.73076e-09
0 2.73076e-09
0 2.73076e-09
0 2.73076e-09
0 2.73076e-09
0 2.73076e-09
0 2.73076e-09
0 2.73076e-09
0 2.73076e-09
0 2.73076e-09
0 2.73076e-09
0 2.73076e-09
0 2.73076e-09
0 2.73076e-09
0 2.73076e-09
0 2.73076e-09
0 2.73076e-09
0 2.73076e-09
0 2.73076e-09
0 2.73076e-09
0 2.73076e-09
0 2.73076e-09
0 2.73076e-09
0 2.73076e-09
0 2.73076e-09
0 2.73076e-09
0 2.73076e-09
0 2.73076e-09
0 2.73076e-09
0 2.73076e-09
0 2.73076e-09
0 2.73076e-09
0 2.73076e-09
0 2.73076e-09
0 2.73076e-09
0 2.73076e-09
0 2.73076e-09
0 2.73076e-09
0 2.73076e-09
0 2.73076e-09
0 2.73076e-09
0 2.73076e-09
0 2.73076e-09
0 2.73076e-09
0 2.73076e-09
0 2.73076e-09
0 2.73076e-09
0 2.73076e-09
0 2.73076e-09
0 2.73076e-09
0 2.73076e-09
0 2.73076e-09
0 2.73076e-09
0 2.73076e-09
0 2.73076e-09
0 2.73076e-09
0 2.73076e-09
0 2.73076e-09
0 2.73076e-09
0 2.73076e-09
0 2.73076e-09
0 2.73076e-09
0 2.73076e-09
0 2.73076e-09
0 2.73076e-09
0 2.73076e-09
0 2.73076e-09
0 2.73076e-09
0 2.73076e-09
0 2.73076e-09
0 2.73076e-09
0 2.73076e-09
0 2.73076e-09
0 2.73076e-09
0 2.73076e-09
0 2.73076e-09
0 2.73076e-09
0 2.73076e-09
0 2.73076e-09
0 2.73076e-09
0 2.73076e-09
0 2.73076e-09
0 2.73076e-09
0 2.73076e-09
0 2.73076e-09
0 2.73076e-09
0 2.73076e-09
0 2.73076e-09
0 2.73076e-09
0 2.73076e-09
0 2.73076e-09
0 2.73076e-09
0 2.73076e-09
0 2.73076e-09
0 2.73076e-09
0 2.73076e-09
0 2.73076e-09
0 2.73076e-09
0 2.73076e-09
0 2.73076e-09
0 2.73076e-09
0 2.73076e-09
0 2.73076e-09
0 2.73076e-09
0 2.73076e-09
0 2.73076e-09
0 2.73076e-09
0 2.73076e-09
0 2.73076e-09
0 2.73076e-09
0 2.73076e-09
0 2.73076e-09
0 2.73076e-09
0 2.73076e-09
0 2.73076e-09
0 2.73076e-09
0 2.73076e-09
0 2.73076e-09
0 2.73076e-09
0 2.73076e-09
0 2.73076e-09
0 2.73076e-09
0 2.73076e-09
0 2.73076e-09
0 2.73076e-09
0 2.73076e-09
0 2.73076e-09
0 2.73076e-09
0 2.73076e-09
0 2.73076e-09
0 2.73076e-09
0 2.73076e-09
0 2.73076e-09
0 2.73076e-09
0 2.73076e-09
0 2.73076e-09
0 2.73076e-09
0 2.73076e-09
0 2.73076e-09
0 2.73076e-09
0 2.73076e-09
0 2.73076e-09
0 2.73076e-09
0 2.73076e-09
0 2.73076e-09
0 2.73076e-09
0 2.73076e-09
0 2.73076e-09
0 2.73076e-09
0 2.73076e-09
0 2.73076e-09
0 2.73076e-09
0 2.73076e-09
0 2.73076e-09
0 2.73076e-09
0 2.73076e-09
0 2.73076e-09
0 2.73076e-09
0 2.73076e-09
0 2.73076e-09
0 2.73076e-09
0 2.73076e-09
0 2.73076e-09
0 2.73076e-09
0 2.73076e-09
0 2.73076e-09
0 2.73076e-09
0 2.73076e-09
0 2.73076e-09
0 2.73076e-09
0 2.73076e-09
0 2.73076e-09
0 2.73076e-09
0 2.73076e-09
0 2.73076e-09
0 2.73076e-09
0 2.73076e-09
0 2.73076e-09
0 2.73076e-09
0 2.73076e-09
0 2.73076e-09
0 2.73076e-09
0 2.73076e-09
0 2.73076e-09
0 2.73076e-09
0 2.73076e-09
0 2.73076e-09
0 2.73076e-09
0 2.73076e-09
0 2.73076e-09
0 2.73076e-09
0 2.73076e-09
0 2.73076e-09
0 2.73076e-09
0 2.73076e-09
0 2.73076e-09
0 2.73076e-09
0 2.73076e-09
0 2.73076e-09
0 2.73076e-09
0 2.73076e-09
0 2.73076e-09
0 2.73076e-09
0 2.73076e-09
0 2.73076e-09
0 2.73076e-09
0 2.73076e-09
0 2.73076e-09
0 2.73076e-09
0 2.73076e-09
0 2.73076e-09
0 2.73076e-09
0 2.73076e-09
0 2.73076e-09
0 2.73076e-09
0 2.73076e-09
0 2.73076e-09
0 2.73076e-09
0 2.73076e-09
0 2.73076e-09
0 2.73076e-09
0 2.73076e-09
0 2.73076e-09
0 2.73076e-09
0 2.73076e-09
0 2.73076e-09
0 2.73076e-09
0 2.73076e-09
0 2.73076e-09
0 2.73076e-09
0 2.73076e-09
0 2.73076e-09
0 2.73076e-09
0 2.73076e-09
0 2.73076e-09
0 2.73076e-09
0 2.73076e-09
0 2.73076e-09
0 2.73076e-09
0 2.73076e-09
0 2.73076e-09
0 2.73076e-09
0 2.73076e-09
0 2.73076e-09
0 2.73076e-09
0 2.73076e-09
0 2.73076e-09
0 2.73076e-09
0 2.73076e-09
0 2.73076e-09
0 2.73076e-09
0 2.73076e-09
0 2.73076e-09
0 2.73076e-09
0 2.73076e-09
0 2.73076e-09
0 2.73076e-09
0 2.73076e-09
0 2.73076e-09
0 2.73076e-09
0 2.73076e-09
0 2.73076e-09
0 2.73076e-09
0 2.73076e-09
0 2.73076e-09
0 2.73076e-09
0 2.73076e-09
0 2.73076e-09
0 2.73076e-09
0 2.73076e-09
0 2.73076e-09
0 2.73076e-09
0 2.73076e-09
0 2.73076e-09
0 2.73076e-09
0 2.73076e-09
0 2.73076e-09
0 2.73076e-09
0 2.73076e-09
0 2.73076e-09
0 2.73076e-09
0 2.73076e-09
0 2.73076e-09
0 2.73076e-09
0 2.73076e-09
0 2.73076e-09
0 2.73076e-09
0 2.73076e-09
0 2.73076e-09
0 2.73076e-09
0 2.73076e-09
0 2.73076e-09
0 2.73076e-09
0 2.73076e-09
0 2.73076e-09
0 2.73076e-09
0 2.73076e-09
0 2.73076e-09
0 2.73076e-09
0 2.73076e-09
0 2.73076e-09
0 2.73076e-09
0 2.73076e-09
0 2.73076e-09
0 2.73076e-09
0 2.73076e-09
0 2.73076e-09
0 2.73076e-09
0 2.73076e-09
0 2.73076e-09
0 2.73076e-09
0 2.73076e-09
0 2.73076e-09
0 2.73076e-09
0 2.73076e-09
0 2.73076e-09
0 2.73076e-09
0 2.73076e-09
0 2.73076e-09
0 2.73076e-09
0 2.73076e-09
0 2.73076e-09
0 2.73076e-09
0 2.73076e-09
0 2.73076e-09
0 2.73076e-09
0 2.73076e-09
0 2.73076e-09
0 2.73076e-09
0 2.73076e-09
0 2.73076e-09
0 2.73076e-09
0 2.73076e-09
0 2.73076e-09
0 2.73076e-09
0 2.73076e-09
0 2.73076e-09
0 2.73076e-09
0 2.73076e-09
0 2.73076e-09
0 2.73076e-09
0 2.73076e-09
0 2.73076e-09
0 2.73076e-09
0 2.73076e-09
0 2.73076e-09
0 2.73076e-09
0 2.73076e-09
0 2.73076e-09
0 2.73076e-09
0 2.73076e-09
0 2.73076e-09
0 2.73076e-09
0 2.73076e-09
0 2.73076e-09
0 2.73076e-09
0 2.73076e-09
0 2.73076e-09
0 2.73076e-09
0 2.73076e-09
0 2.73076e-09
0 2.73076e-09
0 2.73076e-09
0 2.73076e-09
0 2.73076e-09
0 2.73076e-09
0 2.73076e-09
0 2.73076e-09
0 2.73076e-09
0 2.73076e-09
0 2.73076e-09
0 2.73076e-09
0 2.73076e-09
0 2.73076e-09
0 2.73076e-09
0 2.73076e-09
0 2.73076e-09
0 2.73076e-09
0 2.73076e-09
0 2.73076e-09
0 2.73076e-09
0 2.73076e-09
0 2.73076e-09
0 2.73076e-09
0 2.73076e-09
0 2.73076e-09
0 2.73076e-09
0 2.73076e-09
0 2.73076e-09
0 2.73076e-09
0 2.73076e-09
0 2.73076e-09
0 2.73076e-09
0 2.73076e-09
0 2.73076e-09
0 2.73076e-09
0 2.73076e-09
0 2.73076e-09
0 2.73076e-09
0 2.73076e-09
0 2.73076e-09
0 2.73076e-09
0 2.73076e-09
0 2.73076e-09
0 2.73076e-09
0 2.73076e-09
0 2.73076e-09
0 2.73076e-09
0 2.73076e-09
0 2.73076e-09
0 2.73076e-09
0 2.73076e-09
0 2.73076e-09
0 2.73076e-09
0 2.73076e-09
0 2.73076e-09
0 2.73076e-09
0 2.73076e-09
0 2.73076e-09
0 2.73076e-09
0 2.73076e-09
0 2.73076e-09
0 2.73076e-09
0 2.73076e-09
0 2.73076e-09
0 2.73076e-09
0 2.73076e-09
0 2.73076e-09
0 2.73076e-09
0 2.73076e-09
0 2.73076e-09
0 2.73076e-09
0 2.73076e-09
0 2.73076e-09
0 2.73076e-09
0 2.73076e-09
0 2.73076e-09
0 2.73076e-09
0 2.73076e-09
0 2.73076e-09
0 2.73076e-09
0 2.73076e-09
0 2.73076e-09
0 2.73076e-09
0 2.73076e-09
0 2.73076e-09
0 2.73076e-09
0 2.73076e-09
0 2.73076e-09
0 2.73076e-09
0 2.73076e-09
0 2.73076e-09
0 2.73076e-09
0 2.73076e-09
0 2.73076e-09
0 2.73076e-09
0 2.73076e-09
0 2.73076e-09
0 2.73076e-09
0 2.73076e-09
0 2.73076e-09
0 2.73076e-09
0 2.73076e-09
0 2.73076e-09
0 2.73076e-09
0 2.73076e-09
0 2.73076e-09
0 2.73076e-09
0 2.73076e-09
0 2.73076e-09
0 2.73076e-09
0 2.73076e-09
0 2.73076e-09
0 2.73076e-09
0 2.73076e-09
0 2.73076e-09
0 2.73076e-09
0 2.73076e-09
0 2.73076e-09
0 2.73076e-09
0 2.73076e-09
0 2.73076e-09
0 2.73076e-09
0 2.73076e-09
0 2.73076e-09
0 2.73076e-09
0 2.73076e-09
0 2.73076e-09
0 2.73076e-09
0 2.73076e-09
0 2.73076e-09
0 2.73076e-09
0 2.73076e-09
0 2.73076e-09
0 2.73076e-09
0 2.73076e-09
0 2.73076e-09
0 2.73076e-09
0 2.73076e-09
0 2.73076e-09
0 2.73076e-09
0 2.73076e-09
0 2.73076e-09
0 2.73076e-09
0 2.73076e-09
0 2.73076e-09
0 2.73076e-09
0 2.73076e-09
0 2.73076e-09
0 2.73076e-09
0 2.73076e-09
0 2.73076e-09
0 2.73076e-09
0 2.73076e-09
0 2.73076e-09
0 2.73076e-09
0 2.73076e-09
0 2.73076e-09
0 2.73076e-09
0 2.73076e-09
0 2.73076e-09
0 2.73076e-09
0 2.73076e-09
0 2.73076e-09
0 2.73076e-09
0 2.73076e-09
0 2.73076e-09
0 2.73076e-09
0 2.73076e-09
0 2.73076e-09
0 2.73076e-09
0 2.73076e-09
0 2.73076e-09
0 2.73076e-09
0 2.73076e-09
0 2.73076e-09
0 2.73076e-09
0 2.73076e-09
0 2.73076e-09
0 2.73076e-09
0 2.73076e-09
0 2.73076e-09
0 2.73076e-09
0 2.73076e-09
0 2.73076e-09
0 2.73076e-09
0 2.73076e-09
0 2.73076e-09
0 2.73076e-09
0 2.73076e-09
0 2.73076e-09
0 2.73076e-09
0 2.73076e-09
0 2.73076e-09
0 2.73076e-09
0 2.73076e-09
0 2.73076e-09
0 2.73076e-09
0 2.73076e-09
0 2.73076e-09
0 2.73076e-09
0 2.73076e-09
0 2.73076e-09
0 2.73076e-09
0 2.73076e-09
0 2.73076e-09
0 2.73076e-09
0 2.73076e-09
0 2.73076e-09
0 2.73076e-09
0 2.73076e-09
0 2.73076e-09
0 2.73076e-09
0 2.73076e-09
0 2.73076e-09
0 2.73076e-09
0 2.73076e-09
0 2.73076e-09
0 2.73076e-09
0 2.73076e-09
0 2.73076e-09
0 2.73076e-09
0 2.73076e-09
0 2.73076e-09
0 2.73076e-09
0 2.73076e-09
0 2.73076e-09
0 2.73076e-09
0 2.73076e-09
0 2.73076e-09
0 2.73076e-09
0 2.73076e-09
0 2.73076e-09
0 2.73076e-09
0 2.73076e-09
0 2.73076e-09
0 2.73076e-09
0 2.73076e-09
0 2.73076e-09
0 2.73076e-09
0 2.73076e-09
0 2.73076e-09
0 2.73076e-09
0 2.73076e-09
0 2.73076e-09
0 2.73076e-09
0 2.73076e-09
0 2.73076e-09
0 2.73076e-09
0 2.73076e-09
0 2.73076e-09
0 2.73076e-09
0 2.73076e-09
0 2.73076e-09
0 2.73076e-09
0 2.73076e-09
0 2.73076e-09
0 2.73076e-09
0 2.73076e-09
0 2.73076e-09
0 2.73076e-09
0 2.73076e-09
0 2.73076e-09
0 2.73076e-09
0 2.73076e-09
0 2.73076e-09
0 2.73076e-09
0 2.73076e-09
0 2.73076e-09
0 2.73076e-09
0 2.73076e-09
0 2.73076e-09
0 2.73076e-09
0 2.73076e-09
0 2.73076e-09
0 2.73076e-09
0 2.73076e-09
0 2.73076e-09
0 2.73076e-09
0 2.73076e-09
0 2.73076e-09
0 2.73076e-09
0 2.73076e-09
0 2.73076e-09
0 2.73076e-09
0 2.73076e-09
0 2.73076e-09
0 2.73076e-09
0 2.73076e-09
0 2.73076e-09
0 2.73076e-09
0 2.73076e-09
0 2.73076e-09
0 2.73076e-09
0 2.73076e-09
0 2.73076e-09
0 2.73076e-09
0 2.73076e-09
0 2.73076e-09
0 2.73076e-09
0 2.73076e-09
0 2.73076e-09
0 2.73076e-09
0 2.73076e-09
0 2.73076e-09
0 2.73076e-09
0 2.73076e-09
0 2.73076e-09
0 2.73076e-09
0 2.73076e-09
0 2.73076e-09
0 2.73076e-09
0 2.73076e-09
0 2.73076e-09
0 2.73076e-09
0 2.73076e-09
0 2.73076e-09
0 2.73076e-09
0 2.73076e-09
0 2.73076e-09
0 2.73076e-09
0 2.73076e-09
0 2.73076e-09
0 2.73076e-09
0 2.73076e-09
0 2.73076e-09
0 2.73076e-09
0 2.73076e-09
0 2.73076e-09
0 2.73076e-09
0 2.73076e-09
0 2.73076e-09
0 2.73076e-09
0 2.73076e-09
0 2.73076e-09
0 2.73076e-09
0 2.73076e-09
0 2.73076e-09
0 2.73076e-09
0 2.73076e-09
0 2.73076e-09
0 2.73076e-09
0 2.73076e-09
0 2.73076e-09
0 2.73076e-09
0 2.73076e-09
0 2.73076e-09
0 2.73076e-09
0 2.73076e-09
0 2.73076e-09
0 2.73076e-09
0 2.73076e-09
0 2.73076e-09
0 2.73076e-09
0 2.73076e-09
0 2.73076e-09
0 2.73076e-09
0 2.73076e-09
0 2.73076e-09
0 2.73076e-09
0 2.73076e-09
0 2.73076e-09
0 2.73076e-09
0 2.73076e-09
0 2.73076e-09
0 2.73076e-09
0 2.73076e-09
0 2.73076e-09
0 2.73076e-09
0 2.73076e-09

