0 0.294494
0 0.252327
0 0.205285
0 0.174648
0 0.153415
0 0.137409
0 0.124622
0 0.114002
0 0.10494
0 0.0970567
0 0.0900993
0 0.0838918
0 0.0783062
0 0.0732457
0 0.0686356
0 0.0644166
0 0.0605408
0 0.0569685
0 0.0536667
0 0.0506075
0 0.047767
0 0.0451244
0 0.0426617
0 0.0403632
0 0.0382148
0 0.0362042
0 0.0343202
0 0.032553
0 0.0308936
0 0.0293339
0 0.0278666
0 0.0264851
0 0.0251834
0 0.0239558
0 0.0227974
0 0.0217034
0 0.0206697
0 0.0196923
0 0.0187676
0 0.0178923
0 0.0170632
0 0.0162775
0 0.0155327
0 0.0148261
0 0.0141555
0 0.0135189
0 0.0129142
0 0.0123396
0 0.0117933
0 0.0112739
0 0.0107797
0 0.0103094
0 0.0098616
0 0.00943518
0 0.00902894
0 0.00864182
0 0.00827278
0 0.00792089
0 0.00758524
0 0.007265
0 0.00695938
0 0.00666763
0 0.00638904
0 0.00612296
0 0.00586876
0 0.00562585
0 0.00539368
0 0.00517172
0 0.00495948
0 0.00475648
0 0.00456228
0 0.00437646
0 0.00419862
0 0.00402839
0 0.00386541
0 0.00370934
0 0.00355986
0 0.00341667
0 0.00327947
0 0.00314799
0 0.00302197
0 0.00290116
0 0.00278534
0 0.00267426
0 0.00256773
0 0.00246553
0 0.00236749
0 0.0022734
0 0.0021831
0 0.00209643
0 0.00201322
0 0.00193332
0 0.00185659
0 0.00178289
0 0.00171209
0 0.00164407
0 0.00157871
0 0.00151588
0 0.0014555
0 0.00139744
0 0.00134161
0 0.00128793
0 0.00123628
0 0.0011866
0 0.0011388
0 0.0010928
0 0.00104851
0 0.00100588
0 0.000964835
0 0.000925302
0 0.000887221
0 0.000850531
0 0.000815175
0 0.000781096
0 0.000748241
0 0.00071656
0 0.000686003
0 0.000656522
0 0.000628074
0 0.000600615
0 0.000574103
0 0.000548498
0 0.000523762
0 0.000499859
0 0.000476754
0 0.000454412
0 0.0004328
0 0.000411888
0 0.000391646
0 0.000372045
0 0.000353056
0 0.000334653
0 0.000316811
0 0.000299504
0 0.000282709
0 0.000266402
0 0.000250562
0 0.000235167
0 0.000220196
0 0.00020563
0 0.000191449
0 0.000177634
0 0.000164169
0 0.000151035
0 0.000138215
0 0.000125694
0 0.000113456
0 0.000101486
0 8.97679e-05
0 7.82889e-05
0 6.70346e-05
0 5.59917e-05
0 4.5147e-05
0 3.44879e-05
0 2.4002e-05
0 1.36774e-05
0 3.50218e-06
0 2.94494e-09
0 2.94494e-09
0 2.94494e-09
0 2.94494e-09
0 2.94494e-09
0 2.94494e-09
0 2.94494e-09
0 2.94494e-09
0 2.94494e-09
0 2.94494e-09
0 2.94494e-09
0 2.94494e-09
0 2.94494e-09
0 2.94494e-09
0 2.94494e-09
0 2.94494e-09
0 2.94494e-09
0 2.94494e-09
0 2.94494e-09
0 2.94494e-09
0 2.94494e-09
0 2.94494e-09
0 2.94494e-09
0 2.94494e-09
0 2.94494e-09
0 2.94494e-09
0 2.94494e-09
0 2.94494e-09
0 2.94494e-09
0 2.94494e-09
0 2.94494e-09
0 2.94494e-09
0 2.94494e-09
0 2.94494e-09
0 2.94494e-09
0 2.94494e-09
0 2.94494e-09
0 2.94494e-09
0 2.94494e-09
0 2.94494e-09
0 2.94494e-09
0 2.94494e-09
0 2.94494e-09
0 2.94494e-09
0 2.94494e-09
0 2.94494e-09
0 2.94494e-09
0 2.94494e-09
0 2.94494e-09
0 2.94494e-09
0 2.94494e-09
0 2.94494e-09
0 2.94494e-09
0 2.94494e-09
0 2.94494e-09
0 2.94494e-09
0 2.94494e-09
0 2.94494e-09
0 2.94494e-09
0 2.94494e-09
0 2.94494e-09
0 2.94494e-09
0 2.94494e-09
0 2.94494e-09
0 2.94494e-09
0 2.94494e-09
0 2.94494e-09
0 2.94494e-09
0 2.94494e-09
0 2.94494e-09
0 2.94494e-09
0 2.94494e-09
0 2.94494e-09
0 2.94494e-09
0 2.94494e-09
0 2.94494e-09
0 2.94494e-09
0 2.94494e-09
0 2.94494e-09
0 2.94494e-09
0 2.94494e-09
0 2.94494e-09
0 2.94494e-09
0 2.94494e-09
0 2.94494e-09
0 2.94494e-09
0 2.94494e-09
0 2.94494e-09
0 2.94494e-09
0 2.94494e-09
0 2.94494e-09
0 2.94494e-09
0 2.94494e-09
0 2.94494e-09
0 2.94494e-09
0 2.94494e-09
0 2.94494e-09
0 2.94494e-09
0 2.94494e-09
0 2.94494e-09
0 2.94494e-09
0 2.94494e-09
0 2.94494e-09
0 2.94494e-09
0 2.94494e-09
0 2.94494e-09
0 2.94494e-09
0 2.94494e-09
0 2.94494e-09
0 2.94494e-09
0 2.94494e-09
0 2.94494e-09
0 2.94494e-09
0 2.94494e-09
0 2.94494e-09
0 2.94494e-09
0 2.94494e-09
0 2.94494e-09
0 2.94494e-09
0 2.94494e-09
0 2.94494e-09
0 2.94494e-09
0 2.94494e-09
0 2.94494e-09
0 2.94494e-09
0 2.94494e-09
0 2.94494e-09
0 2.94494e-09
0 2.94494e-09
0 2.94494e-09
0 2.94494e-09
0 2.94494e-09
0 2.94494e-09
0 2.94494e-09
0 2.94494e-09
0 2.94494e-09
0 2.94494e-09
0 2.94494e-09
0 2.94494e-09
0 2.94494e-09
0 2.94494e-09
0 2.94494e-09
0 2.94494e-09
0 2.94494e-09
0 2.94494e-09
0 2.94494e-09
0 2.94494e-09
0 2.94494e-09
0 2.94494e-09
0 2.94494e-09
0 2.94494e-09
0 2.94494e-09
0 2.94494e-09
0 2.94494e-09
0 2.94494e-09
0 2.94494e-09
0 2.94494e-09
0 2.94494e-09
0 2.94494e-09
0 2.94494e-09
0 2.94494e-09
0 2.94494e-09
0 2.94494e-09
0 2.94494e-09
0 2.94494e-09
0 2.94494e-09
0 2.94494e-09
0 2.94494e-09
0 2.94494e-09
0 2.94494e-09
0 2.94494e-09
0 2.94494e-09
0 2.94494e-09
0 2.94494e-09
0 2.94494e-09
0 2.94494e-09
0 2.94494e-09
0 2.94494e-09
0 2.94494e-09
0 2.94494e-09
0 2.94494e-09
0 2.94494e-09
0 2.94494e-09
0 2.94494e-09
0 2.94494e-09
0 2.94494e-09
0 2.94494e-09
0 2.94494e-09
0 2.94494e-09
0 2.94494e-09
0 2.94494e-09
0 2.94494e-09
0 2.94494e-09
0 2.94494e-09
0 2.94494e-09
0 2.94494e-09
0 2.94494e-09
0 2.94494e-09
0 2.94494e-09
0 2.94494e-09
0 2.94494e-09
0 2.94494e-09
0 2.94494e-09
0 2.94494e-09
0 2.94494e-09
0 2.94494e-09
0 2.94494e-09
0 2.94494e-09
0 2.94494e-09
0 2.94494e-09
0 2.94494e-09
0 2.94494e-09
0 2.94494e-09
0 2.94494e-09
0 2.94494e-09
0 2.94494e-09
0 2.94494e-09
0 2.94494e-09
0 2.94494e-09
0 2.94494e-09
0 2.94494e-09
0 2.94494e-09
0 2.94494e-09
0 2.94494e-09
0 2.94494e-09
0 2.94494e-09
0 2.94494e-09
0 2.94494e-09
0 2.94494e-09
0 2.94494e-09
0 2.94494e-09
0 2.94494e-09
0 2.94494e-09
0 2.94494e-09
0 2.94494e-09
0 2.94494e-09
0 2.94494e-09
0 2.94494e-09
0 2.94494e-09
0 2.94494e-09
0 2.94494e-09
0 2.94494e-09
0 2.94494e-09
0 2.94494e-09
0 2.94494e-09
0 2.94494e-09
0 2.94494e-09
0 2.94494e-09
0 2.94494e-09
0 2.94494e-09
0 2.94494e-09
0 2.94494e-09
0 2.94494e-09
0 2.94494e-09
0 2.94494e-09
0 2.94494e-09
0 2.94494e-09
0 2.94494e-09
0 2.94494e-09
0 2.94494e-09
0 2.94494e-09
0 2.94494e-09
0 2.94494e-09
0 2.94494e-09
0 2.94494e-09
0 2.94494e-09
0 2.94494e-09
0 2.94494e-09
0 2.94494e-09
0 2.94494e-09
0 2.94494e-09
0 2.94494e-09
0 2.94494e-09
0 2.94494e-09
0 2.94494e-09
0 2.94494e-09
0 2.94494e-09
0 2.94494e-09
0 2.94494e-09
0 2.94494e-09
0 2.94494e-09
0 2.94494e-09
0 2.94494e-09
0 2.94494e-09
0 2.94494e-09
0 2.94494e-09
0 2.94494e-09
0 2.94494e-09
0 2.94494e-09
0 2.94494e-09
0 2.94494e-09
0 2.94494e-09
0 2.94494e-09
0 2.94494e-09
0 2.94494e-09
0 2.94494e-09
0 2.94494e-09
0 2.94494e-09
0 2.94494e-09
0 2.94494e-09
0 2.94494e-09
0 2.94494e-09
0 2.94494e-09
0 2.94494e-09
0 2.94494e-09
0 2.94494e-09
0 2.94494e-09
0 2.94494e-09
0 2.94494e-09
0 2.94494e-09
0 2.94494e-09
0 2.94494e-09
0 2.94494e-09
0 2.94494e-09
0 2.94494e-09
0 2.94494e-09
0 2.94494e-09
0 2.94494e-09
0 2.94494e-09
0 2.94494e-09
0 2.94494e-09
0 2.94494e-09
0 2.94494e-09
0 2.94494e-09
0 2.94494e-09
0 2.94494e-09
0 2.94494e-09
0 2.94494e-09
0 2.94494e-09
0 2.94494e-09
0 2.94494e-09
0 2.94494e-09
0 2.94494e-09
0 2.94494e-09
0 2.94494e-09
0 2.94494e-09
0 2.94494e-09
0 2.94494e-09
0 2.94494e-09
0 2.94494e-09
0 2.94494e-09
0 2.94494e-09
0 2.94494e-09
0 2.94494e-09
0 2.94494e-09
0 2.94494e-09
0 2.94494e-09
0 2.94494e-09
0 2.94494e-09
0 2.94494e-09
0 2.94494e-09
0 2.94494e-09
0 2.94494e-09
0 2.94494e-09
0 2.94494e-09
0 2.94494e-09
0 2.94494e-09
0 2.94494e-09
0 2.94494e-09
0 2.94494e-09
0 2.94494e-09
0 2.94494e-09
0 2.94494e-09
0 2.94494e-09
0 2.94494e-09
0 2.94494e-09
0 2.94494e-09
0 2.94494e-09
0 2.94494e-09
0 2.94494e-09
0 2.94494e-09
0 2.94494e-09
0 2.94494e-09
0 2.94494e-09
0 2.94494e-09
0 2.94494e-09
0 2.94494e-09
0 2.94494e-09
0 2.94494e-09
0 2.94494e-09
0 2.94494e-09
0 2.94494e-09
0 2.94494e-09
0 2.94494e-09
0 2.94494e-09
0 2.94494e-09
0 2.94494e-09
0 2.94494e-09
0 2.94494e-09
0 2.94494e-09
0 2.94494e-09
0 2.94494e-09
0 2.94494e-09
0 2.94494e-09
0 2.94494e-09
0 2.94494e-09
0 2.94494e-09
0 2.94494e-09
0 2.94494e-09
0 2.94494e-09
0 2.94494e-09
0 2.94494e-09
0 2.94494e-09
0 2.94494e-09
0 2.94494e-09
0 2.94494e-09
0 2.94494e-09
0 2.94494e-09
0 2.94494e-09
0 2.94494e-09
0 2.94494e-09
0 2.94494e-09
0 2.94494e-09
0 2.94494e-09
0 2.94494e-09
0 2.94494e-09
0 2.94494e-09
0 2.94494e-09
0 2.94494e-09
0 2.94494e-09
0 2.94494e-09
0 2.94494e-09
0 2.94494e-09
0 2.94494e-09
0 2.94494e-09
0 2.94494e-09
0 2.94494e-09
0 2.94494e-09
0 2.94494e-09
0 2.94494e-09
0 2.94494e-09
0 2.94494e-09
0 2.94494e-09
0 2.94494e-09
0 2.94494e-09
0 2.94494e-09
0 2.94494e-09
0 2.94494e-09
0 2.94494e-09
0 2.94494e-09
0 2.94494e-09
0 2.94494e-09
0 2.94494e-09
0 2.94494e-09
0 2.94494e-09
0 2.94494e-09
0 2.94494e-09
0 2.94494e-09
0 2.94494e-09
0 2.94494e-09
0 2.94494e-09
0 2.94494e-09
0 2.94494e-09
0 2.94494e-09
0 2.94494e-09
0 2.94494e-09
0 2.94494e-09
0 2.94494e-09
0 2.94494e-09
0 2.94494e-09
0 2.94494e-09
0 2.94494e-09
0 2.94494e-09
0 2.94494e-09
0 2.94494e-09
0 2.94494e-09
0 2.94494e-09
0 2.94494e-09
0 2.94494e-09
0 2.94494e-09
0 2.94494e-09
0 2.94494e-09
0 2.94494e-09
0 2.94494e-09
0 2.94494e-09
0 2.94494e-09
0 2.94494e-09
0 2.94494e-09
0 2.94494e-09
0 2.94494e-09
0 2.94494e-09
0 2.94494e-09
0 2.94494e-09
0 2.94494e-09
0 2.94494e-09
0 2.94494e-09
0 2.94494e-09
0 2.94494e-09
0 2.94494e-09
0 2.94494e-09
0 2.94494e-09
0 2.94494e-09
0 2.94494e-09
0 2.94494e-09
0 2.94494e-09
0 2.94494e-09
0 2.94494e-09
0 2.94494e-09
0 2.94494e-09
0 2.94494e-09
0 2.94494e-09
0 2.94494e-09
0 2.94494e-09
0 2.94494e-09
0 2.94494e-09
0 2.94494e-09
0 2.94494e-09
0 2.94494e-09
0 2.94494e-09
0 2.94494e-09
0 2.94494e-09
0 2.94494e-09
0 2.94494e-09
0 2.94494e-09
0 2.94494e-09
0 2.94494e-09
0 2.94494e-09
0 2.94494e-09
0 2.94494e-09
0 2.94494e-09
0 2.94494e-09
0 2.94494e-09
0 2.94494e-09
0 2.94494e-09
0 2.94494e-09
0 2.94494e-09
0 2.94494e-09
0 2.94494e-09
0 2.94494e-09
0 2.94494e-09
0 2.94494e-09
0 2.94494e-09
0 2.94494e-09
0 2.94494e-09
0 2.94494e-09
0 2.94494e-09
0 2.94494e-09
0 2.94494e-09
0 2.94494e-09
0 2.94494e-09
0 2.94494e-09
0 2.94494e-09
0 2.94494e-09
0 2.94494e-09
0 2.94494e-09
0 2.94494e-09
0 2.94494e-09
0 2.94494e-09
0 2.94494e-09
0 2.94494e-09
0 2.94494e-09
0 2.94494e-09
0 2.94494e-09
0 2.94494e-09
0 2.94494e-09
0 2.94494e-09
0 2.94494e-09
0 2.94494e-09
0 2.94494e-09
0 2.94494e-09
0 2.94494e-09
0 2.94494e-09
0 2.94494e-09
0 2.94494e-09
0 2.94494e-09
0 2.94494e-09
0 2.94494e-09
0 2.94494e-09
0 2.94494e-09
0 2.94494e-09
0 2.94494e-09
0 2.94494e-09
0 2.94494e-09
0 2.94494e-09
0 2.94494e-09
0 2.94494e-09
0 2.94494e-09
0 2.94494e-09
0 2.94494e-09
0 2.94494e-09
0 2.94494e-09
0 2.94494e-09
0 2.94494e-09
0 2.94494e-09
0 2.94494e-09
0 2.94494e-09
0 2.94494e-09
0 2.94494e-09
0 2.94494e-09
0 2.94494e-09
0 2.94494e-09
0 2.94494e-09
0 2.94494e-09
0 2.94494e-09
0 2.94494e-09
0 2.94494e-09
0 2.94494e-09
0 2.94494e-09
0 2.94494e-09
0 2.94494e-09
0 2.94494e-09
0 2.94494e-09
0 2.94494e-09
0 2.94494e-09
0 2.94494e-09
0 2.94494e-09
0 2.94494e-09
0 2.94494e-09
0 2.94494e-09
0 2.94494e-09
0 2.94494e-09
0 2.94494e-09
0 2.94494e-09
0 2.94494e-09
0 2.94494e-09
0 2.94494e-09
0 2.94494e-09
0 2.94494e-09
0 2.94494e-09
0 2.94494e-09
0 2.94494e-09
0 2.94494e-09
0 2.94494e-09
0 2.94494e-09
0 2.94494e-09
0 2.94494e-09
0 2.94494e-09
0 2.94494e-09
0 2.94494e-09
0 2.94494e-09
0 2.94494e-09
0 2.94494e-09
0 2.94494e-09
0 2.94494e-09
0 2.94494e-09
0 2.94494e-09
0 2.94494e-09
0 2.94494e-09
0 2.94494e-09
0 2.94494e-09
0 2.94494e-09
0 2.94494e-09
0 2.94494e-09
0 2.94494e-09
0 2.94494e-09
0 2.94494e-09
0 2.94494e-09
0 2.94494e-09
0 2.94494e-09
0 2.94494e-09
0 2.94494e-09
0 2.94494e-09
0 2.94494e-09
0 2.94494e-09
0 2.94494e-09
0 2.94494e-09
0 2.94494e-09
0 2.94494e-09
0 2.94494e-09
0 2.94494e-09
0 2.94494e-09
0 2.94494e-09
0 2.94494e-09
0 2.94494e-09
0 2.94494e-09
0 2.94494e-09
0 2.94494e-09
0 2.94494e-09
0 2.94494e-09
0 2.94494e-09
0 2.94494e-09
0 2.94494e-09
0 2.94494e-09
0 2.94494e-09
0 2.94494e-09
0 2.94494e-09
0 2.94494e-09
0 2.94494e-09
0 2.94494e-09
0 2.94494e-09
0 2.94494e-09
0 2.94494e-09
0 2.94494e-09
0 2.94494e-09
0 2.94494e-09
0 2.94494e-09
0 2.94494e-09
0 2.94494e-09
0 2.94494e-09
0 2.94494e-09
0 2.94494e-09
0 2.94494e-09
0 2.94494e-09
0 2.94494e-09
0 2.94494e-09
0 2.94494e-09
0 2.94494e-09
0 2.94494e-09
0 2.94494e-09
0 2.94494e-09
0 2.94494e-09
0 2.94494e-09
0 2.94494e-09
0 2.94494e-09
0 2.94494e-09
0 2.94494e-09
0 2.94494e-09
0 2.94494e-09
0 2.94494e-09
0 2.94494e-09
0 2.94494e-09
0 2.94494e-09
0 2.94494e-09
0 2.94494e-09
0 2.94494e-09
0 2.94494e-09
0 2.94494e-09
0 2.94494e-09
0 2.94494e-09
0 2.94494e-09
0 2.94494e-09
0 2.94494e-09
0 2.94494e-09
0 2.94494e-09
0 2.94494e-09
0 2.94494e-09
0 2.94494e-09
0 2.94494e-09
0 2.94494e-09
0 2.94494e-09
0 2.94494e-09
0 2.94494e-09
0 2.94494e-09
0 2.94494e-09
0 2.94494e-09
0 2.94494e-09
0 2.94494e-09
0 2.94494e-09
0 2.94494e-09
0 2.94494e-09
0 2.94494e-09
0 2.94494e-09
0 2.94494e-09
0 2.94494e-09
0 2.94494e-09
0 2.94494e-09
0 2.94494e-09
0 2.94494e-09
0 2.94494e-09
0 2.94494e-09
0 2.94494e-09
0 2.94494e-09
0 2.94494e-09
0 2.94494e-09
0 2.94494e-09
0 2.94494e-09
0 2.94494e-09
0 2.94494e-09
0 2.94494e-09
0 2.94494e-09
0 2.94494e-09
0 2.94494e-09
0 2.94494e-09
0 2.94494e-09
0 2.94494e-09
0 2.94494e-09
0 2.94494e-09
0 2.94494e-09
0 2.94494e-09
0 2.94494e-09
0 2.94494e-09
0 2.94494e-09
0 2.94494e-09
0 2.94494e-09
0 2.94494e-09
0 2.94494e-09
0 2.94494e-09
0 2.94494e-09
0 2.94494e-09
0 2.94494e-09
0 2.94494e-09
0 2.94494e-09
0 2.94494e-09
0 2.94494e-09
0 2.94494e-09
0 2.94494e-09
0 2.94494e-09
0 2.94494e-09
0 2.94494e-09
0 2.94494e-09
0 2.94494e-09
0 2.94494e-09
0 2.94494e-09
0 2.94494e-09
0 2.94494e-09
0 2.94494e-09
0 2.94494e-09
0 2.94494e-09
0 2.94494e-09
0 2.94494e-09
0 2.94494e-09
0 2.94494e-09
0 2.94494e-09
0 2.94494e-09
0 2.94494e-09
0 2.94494e-09
0 2.94494e-09
0 2.94494e-09
0 2.94494e-09
0 2.94494e-09
0 2.94494e-09
0 2.94494e-09
0 2.94494e-09
0 2.94494e-09
0 2.94494e-09
0 2.94494e-09
0 2.94494e-09
0 2.94494e-09
0 2.94494e-09
0 2.94494e-09
0 2.94494e-09
0 2.94494e-09
0 2.94494e-09
0 2.94494e-09
0 2.94494e-09
0 2.94494e-09
0 2.94494e-09
0 2.94494e-09
0 2.94494e-09
0 2.94494e-09
0 2.94494e-09
0 2.94494e-09
0 2.94494e-09
0 2.94494e-09
0 2.94494e-09
0 2.94494e-09
0 2.94494e-09
0 2.94494e-09
0 2.94494e-09
0 2.94494e-09
0 2.94494e-09
0 2.94494e-09
0 2.94494e-09

