0.006 0.010709
0.066 0.0107065
0.126 0.0106999
0.186 0.0106891
0.246 0.0106742
0.306 0.0106551
0.366 0.010632
0.426 0.0106048
0.486 0.0105735
0.546 0.0105383
0.606 0.0104991
0.666 0.0104559
0.726 0.0104089
0.786 0.0103581
0.846 0.0103034
0.906 0.0102451
0.966 0.0101832
1.026 0.0101177
1.086 0.0100486
1.146 0.00997616
1.206 0.00990035
1.266 0.00982127
1.326 0.00973901
1.386 0.00965366
1.446 0.0095653
1.506 0.00947404
1.566 0.00937996
1.626 0.00928316
1.686 0.00918376
1.746 0.00908184
1.806 0.00897752
1.866 0.00887089
1.926 0.00876208
1.986 0.00865119
2.046 0.00853833
2.106 0.00842362
2.166 0.00830716
2.226 0.00818907
2.286 0.00806947
2.346 0.00794846
2.406 0.00782617
2.466 0.00770271
2.526 0.0075782
2.586 0.00745274
2.646 0.00732645
2.706 0.00719945
2.766 0.00707185
2.826 0.00694375
2.886 0.00681528
2.946 0.00668653
3.006 0.00655762
3.066 0.00642864
3.126 0.00629971
3.186 0.00617093
3.246 0.00604239
3.306 0.00591419
3.366 0.00578644
3.426 0.00565921
3.486 0.00553261
3.546 0.00540671
3.606 0.00528161
3.666 0.00515739
3.726 0.00503412
3.786 0.00491189
3.846 0.00479076
3.906 0.0046708
3.966 0.00455209
4.026 0.00443469
4.086 0.00431866
4.146 0.00420405
4.206 0.00409092
4.266 0.00397933
4.326 0.00386931
4.386 0.00376092
4.446 0.00365419
4.506 0.00354917
4.566 0.00344588
4.626 0.00334436
4.686 0.00324465
4.746 0.00314676
4.806 0.00305071
4.866 0.00295653
4.926 0.00286423
4.986 0.00277383
5.046 0.00268534
5.106 0.00259875
5.166 0.00251409
5.226 0.00243135
5.286 0.00235054
5.346 0.00227164
5.406 0.00219466
5.466 0.00211959
5.526 0.00204641
5.586 0.00197513
5.646 0.00190571
5.706 0.00183816
5.766 0.00177245
5.826 0.00170857
5.886 0.00164648
5.946 0.00158618
6.006 0.00152764
6.066 0.00147084
6.126 0.00141574
6.186 0.00136232
6.246 0.00131056
6.306 0.00126043
6.366 0.00121189
6.426 0.00116491
6.486 0.00111947
6.546 0.00107554
6.606 0.00103307
6.666 0.000992051
6.726 0.000952433
6.786 0.000914189
6.846 0.000877286
6.906 0.00084169
6.966 0.000807368
7.026 0.000774286
7.086 0.000742412
7.146 0.000711713
7.206 0.000682155
7.266 0.000653705
7.326 0.000626332
7.386 0.000600004
7.446 0.000574688
7.506 0.000550353
7.566 0.000526969
7.626 0.000504505
7.686 0.000482931
7.746 0.000462218
7.806 0.000442337
7.866 0.00042326
7.926 0.000404958
7.986 0.000387405
8.046 0.000370575
8.106 0.00035444
8.166 0.000338977
8.226 0.000324161
8.286 0.000309967
8.346 0.000296372
8.406 0.000283354
8.466 0.00027089
8.526 0.000258959
8.586 0.000247541
8.646 0.000236614
8.706 0.00022616
8.766 0.00021616
8.826 0.000206595
8.886 0.000197448
8.946 0.000188702
9.006 0.00018034
9.066 0.000172346
9.126 0.000164704
9.186 0.0001574
9.246 0.000150418
9.306 0.000143744
9.366 0.000137365
9.426 0.000131268
9.486 0.000125441
9.546 0.000119872
9.606 0.000114549
9.666 0.000109462
9.726 0.000104601
9.786 9.99555e-05
9.846 9.55158e-05
9.906 9.12731e-05
9.966 8.72187e-05
10.026 8.33442e-05
10.086 7.96419e-05
10.146 7.61039e-05
10.206 7.27231e-05
10.266 6.94926e-05
10.326 6.64056e-05
10.386 6.34558e-05
10.446 6.06372e-05
10.506 5.79439e-05
10.566 5.53703e-05
10.626 5.29112e-05
10.686 5.05614e-05
10.746 4.83161e-05
10.806 4.61707e-05
10.866 4.41208e-05
10.926 4.2162e-05
10.986 4.02903e-05
11.046 3.85019e-05
11.106 3.67931e-05
11.166 3.51602e-05
11.226 3.36e-05
11.286 3.21092e-05
11.346 3.06847e-05
11.406 2.93235e-05
11.466 2.80229e-05
11.526 2.67801e-05
11.586 2.55926e-05
11.646 2.44579e-05
11.706 2.33736e-05
11.766 2.23376e-05
11.826 2.13476e-05
11.886 2.04016e-05
11.946 1.94976e-05
12.006 1.86338e-05
12.066 1.78084e-05
12.126 1.70197e-05
12.186 1.6266e-05
12.246 1.55458e-05
12.306 1.48575e-05
12.366 1.41998e-05
12.426 1.35714e-05
12.486 1.29708e-05
12.546 1.23969e-05
12.606 1.18484e-05
12.666 1.13243e-05
12.726 1.08234e-05
12.786 1.03447e-05
12.846 9.88731e-06
12.906 9.45016e-06
12.966 9.03239e-06
13.026 8.63313e-06
13.086 8.25156e-06
13.146 7.88689e-06
13.206 7.53838e-06
13.266 7.2053e-06
13.326 6.88697e-06
13.386 6.58272e-06
13.446 6.29194e-06
13.506 6.01402e-06
13.566 5.74839e-06
13.626 5.49451e-06
13.686 5.25185e-06
13.746 5.01991e-06
13.806 4.79822e-06
13.866 4.58632e-06
13.926 4.38377e-06
13.986 4.19016e-06
14.046 4.0051e-06
14.106 3.82819e-06
14.166 3.65909e-06
14.226 3.49743e-06
14.286 3.3429e-06
14.346 3.19517e-06
14.406 3.05394e-06
14.466 2.91893e-06
14.526 2.78985e-06
14.586 2.66644e-06
14.646 2.54845e-06
14.706 2.43564e-06
14.766 2.32778e-06
14.826 2.22464e-06
14.886 2.12602e-06
14.946 2.03172e-06
15.006 1.94154e-06
15.066 1.8553e-06
15.126 1.77283e-06
15.186 1.69395e-06
15.246 1.6185e-06
15.306 1.54634e-06
15.366 1.47731e-06
15.426 1.41128e-06
15.486 1.34811e-06
15.546 1.28767e-06
15.606 1.22985e-06
15.666 1.17451e-06
15.726 1.12156e-06
15.786 1.07088e-06
15.846 1.02237e-06
15.906 9.75937e-07
15.966 9.31482e-07
16.026 8.88916e-07
16.086 8.48155e-07
16.146 8.09115e-07
16.206 7.71719e-07
16.266 7.35891e-07
16.326 7.01559e-07
16.386 6.68654e-07
16.446 6.37111e-07
16.506 6.06865e-07
16.566 5.77858e-07
16.626 5.50029e-07
16.686 5.23326e-07
16.746 4.97693e-07
16.806 4.7308e-07
16.866 4.49438e-07
16.926 4.2672e-07
16.986 4.04882e-07
17.046 3.83879e-07
17.106 3.63672e-07
17.166 3.44219e-07
17.226 3.25483e-07
17.286 3.07427e-07
17.346 2.90016e-07
17.406 2.73216e-07
17.466 2.56993e-07
17.526 2.41318e-07
17.586 2.26159e-07
17.646 2.11487e-07
17.706 1.97274e-07
17.766 1.83493e-07
17.826 1.70117e-07
17.886 1.57122e-07
17.946 1.44482e-07
18.006 1.32174e-07
18.066 1.20175e-07
18.126 1.08462e-07
18.186 9.70136e-08
18.246 8.58087e-08
18.306 7.48265e-08
18.366 6.40472e-08
18.426 5.3451e-08
18.486 4.30188e-08
18.546 3.27318e-08
18.606 2.25717e-08
18.666 1.25205e-08
18.726 2.56034e-09
18.786 1.0709e-10
18.846 1.0709e-10
18.906 1.0709e-10
18.966 1.0709e-10
19.026 1.0709e-10
19.086 1.0709e-10
19.146 1.0709e-10
19.206 1.0709e-10
19.266 1.0709e-10
19.326 1.0709e-10
19.386 1.0709e-10
19.446 1.0709e-10
19.506 1.0709e-10
19.566 1.0709e-10
19.626 1.0709e-10
19.686 1.0709e-10
19.746 1.0709e-10
19.806 1.0709e-10
19.866 1.0709e-10
19.926 1.0709e-10
19.986 1.0709e-10
20.046 1.0709e-10
20.106 1.0709e-10
20.166 1.0709e-10
20.226 1.0709e-10
20.286 1.0709e-10
20.346 1.0709e-10
20.406 1.0709e-10
20.466 1.0709e-10
20.526 1.0709e-10
20.586 1.0709e-10
20.646 1.0709e-10
20.706 1.0709e-10
20.766 1.0709e-10
20.826 1.0709e-10
20.886 1.0709e-10
20.946 1.0709e-10
21.006 1.0709e-10
21.066 1.0709e-10
21.126 1.0709e-10
21.186 1.0709e-10
21.246 1.0709e-10
21.306 1.0709e-10
21.366 1.0709e-10
21.426 1.0709e-10
21.486 1.0709e-10
21.546 1.0709e-10
21.606 1.0709e-10
21.666 1.0709e-10
21.726 1.0709e-10
21.786 1.0709e-10
21.846 1.0709e-10
21.906 1.0709e-10
21.966 1.0709e-10
22.026 1.0709e-10
22.086 1.0709e-10
22.146 1.0709e-10
22.206 1.0709e-10
22.266 1.0709e-10
22.326 1.0709e-10
22.386 1.0709e-10
22.446 1.0709e-10
22.506 1.0709e-10
22.566 1.0709e-10
22.626 1.0709e-10
22.686 1.0709e-10
22.746 1.0709e-10
22.806 1.0709e-10
22.866 1.0709e-10
22.926 1.0709e-10
22.986 1.0709e-10
23.046 1.0709e-10
23.106 1.0709e-10
23.166 1.0709e-10
23.226 1.0709e-10
23.286 1.0709e-10
23.346 1.0709e-10
23.406 1.0709e-10
23.466 1.0709e-10
23.526 1.0709e-10
23.586 1.0709e-10
23.646 1.0709e-10
23.706 1.0709e-10
23.766 1.0709e-10
23.826 1.0709e-10
23.886 1.0709e-10
23.946 1.0709e-10
24.006 1.0709e-10
24.066 1.0709e-10
24.126 1.0709e-10
24.186 1.0709e-10
24.246 1.0709e-10
24.306 1.0709e-10
24.366 1.0709e-10
24.426 1.0709e-10
24.486 1.0709e-10
24.546 1.0709e-10
24.606 1.0709e-10
24.666 1.0709e-10
24.726 1.0709e-10
24.786 1.0709e-10
24.846 1.0709e-10
24.906 1.0709e-10
24.966 1.0709e-10
25.026 1.0709e-10
25.086 1.0709e-10
25.146 1.0709e-10
25.206 1.0709e-10
25.266 1.0709e-10
25.326 1.0709e-10
25.386 1.0709e-10
25.446 1.0709e-10
25.506 1.0709e-10
25.566 1.0709e-10
25.626 1.0709e-10
25.686 1.0709e-10
25.746 1.0709e-10
25.806 1.0709e-10
25.866 1.0709e-10
25.926 1.0709e-10
25.986 1.0709e-10
26.046 1.0709e-10
26.106 1.0709e-10
26.166 1.0709e-10
26.226 1.0709e-10
26.286 1.0709e-10
26.346 1.0709e-10
26.406 1.0709e-10
26.466 1.0709e-10
26.526 1.0709e-10
26.586 1.0709e-10
26.646 1.0709e-10
26.706 1.0709e-10
26.766 1.0709e-10
26.826 1.0709e-10
26.886 1.0709e-10
26.946 1.0709e-10
27.006 1.0709e-10
27.066 1.0709e-10
27.126 1.0709e-10
27.186 1.0709e-10
27.246 1.0709e-10
27.306 1.0709e-10
27.366 1.0709e-10
27.426 1.0709e-10
27.486 1.0709e-10
27.546 1.0709e-10
27.606 1.0709e-10
27.666 1.0709e-10
27.726 1.0709e-10
27.786 1.0709e-10
27.846 1.0709e-10
27.906 1.0709e-10
27.966 1.0709e-10
28.026 1.0709e-10
28.086 1.0709e-10
28.146 1.0709e-10
28.206 1.0709e-10
28.266 1.0709e-10
28.326 1.0709e-10
28.386 1.0709e-10
28.446 1.0709e-10
28.506 1.0709e-10
28.566 1.0709e-10
28.626 1.0709e-10
28.686 1.0709e-10
28.746 1.0709e-10
28.806 1.0709e-10
28.866 1.0709e-10
28.926 1.0709e-10
28.986 1.0709e-10
29.046 1.0709e-10
29.106 1.0709e-10
29.166 1.0709e-10
29.226 1.0709e-10
29.286 1.0709e-10
29.346 1.0709e-10
29.406 1.0709e-10
29.466 1.0709e-10
29.526 1.0709e-10
29.586 1.0709e-10
29.646 1.0709e-10
29.706 1.0709e-10
29.766 1.0709e-10
29.826 1.0709e-10
29.886 1.0709e-10
29.946 1.0709e-10
30.006 1.0709e-10
30.066 1.0709e-10
30.126 1.0709e-10
30.186 1.0709e-10
30.246 1.0709e-10
30.306 1.0709e-10
30.366 1.0709e-10
30.426 1.0709e-10
30.486 1.0709e-10
30.546 1.0709e-10
30.606 1.0709e-10
30.666 1.0709e-10
30.726 1.0709e-10
30.786 1.0709e-10
30.846 1.0709e-10
30.906 1.0709e-10
30.966 1.0709e-10
31.026 1.0709e-10
31.086 1.0709e-10
31.146 1.0709e-10
31.206 1.0709e-10
31.266 1.0709e-10
31.326 1.0709e-10
31.386 1.0709e-10
31.446 1.0709e-10
31.506 1.0709e-10
31.566 1.0709e-10
31.626 1.0709e-10
31.686 1.0709e-10
31.746 1.0709e-10
31.806 1.0709e-10
31.866 1.0709e-10
31.926 1.0709e-10
31.986 1.0709e-10
32.046 1.0709e-10
32.106 1.0709e-10
32.166 1.0709e-10
32.226 1.0709e-10
32.286 1.0709e-10
32.346 1.0709e-10
32.406 1.0709e-10
32.466 1.0709e-10
32.526 1.0709e-10
32.586 1.0709e-10
32.646 1.0709e-10
32.706 1.0709e-10
32.766 1.0709e-10
32.826 1.0709e-10
32.886 1.0709e-10
32.946 1.0709e-10
33.006 1.0709e-10
33.066 1.0709e-10
33.126 1.0709e-10
33.186 1.0709e-10
33.246 1.0709e-10
33.306 1.0709e-10
33.366 1.0709e-10
33.426 1.0709e-10
33.486 1.0709e-10
33.546 1.0709e-10
33.606 1.0709e-10
33.666 1.0709e-10
33.726 1.0709e-10
33.786 1.0709e-10
33.846 1.0709e-10
33.906 1.0709e-10
33.966 1.0709e-10
34.026 1.0709e-10
34.086 1.0709e-10
34.146 1.0709e-10
34.206 1.0709e-10
34.266 1.0709e-10
34.326 1.0709e-10
34.386 1.0709e-10
34.446 1.0709e-10
34.506 1.0709e-10
34.566 1.0709e-10
34.626 1.0709e-10
34.686 1.0709e-10
34.746 1.0709e-10
34.806 1.0709e-10
34.866 1.0709e-10
34.926 1.0709e-10
34.986 1.0709e-10
35.046 1.0709e-10
35.106 1.0709e-10
35.166 1.0709e-10
35.226 1.0709e-10
35.286 1.0709e-10
35.346 1.0709e-10
35.406 1.0709e-10
35.466 1.0709e-10
35.526 1.0709e-10
35.586 1.0709e-10
35.646 1.0709e-10
35.706 1.0709e-10
35.766 1.0709e-10
35.826 1.0709e-10
35.886 1.0709e-10
35.946 1.0709e-10
36.006 1.0709e-10
36.066 1.0709e-10
36.126 1.0709e-10
36.186 1.0709e-10
36.246 1.0709e-10
36.306 1.0709e-10
36.366 1.0709e-10
36.426 1.0709e-10
36.486 1.0709e-10
36.546 1.0709e-10
36.606 1.0709e-10
36.666 1.0709e-10
36.726 1.0709e-10
36.786 1.0709e-10
36.846 1.0709e-10
36.906 1.0709e-10
36.966 1.0709e-10
37.026 1.0709e-10
37.086 1.0709e-10
37.146 1.0709e-10
37.206 1.0709e-10
37.266 1.0709e-10
37.326 1.0709e-10
37.386 1.0709e-10
37.446 1.0709e-10
37.506 1.0709e-10
37.566 1.0709e-10
37.626 1.0709e-10
37.686 1.0709e-10
37.746 1.0709e-10
37.806 1.0709e-10
37.866 1.0709e-10
37.926 1.0709e-10
37.986 1.0709e-10
38.046 1.0709e-10
38.106 1.0709e-10
38.166 1.0709e-10
38.226 1.0709e-10
38.286 1.0709e-10
38.346 1.0709e-10
38.406 1.0709e-10
38.466 1.0709e-10
38.526 1.0709e-10
38.586 1.0709e-10
38.646 1.0709e-10
38.706 1.0709e-10
38.766 1.0709e-10
38.826 1.0709e-10
38.886 1.0709e-10
38.946 1.0709e-10
39.006 1.0709e-10
39.066 1.0709e-10
39.126 1.0709e-10
39.186 1.0709e-10
39.246 1.0709e-10
39.306 1.0709e-10
39.366 1.0709e-10
39.426 1.0709e-10
39.486 1.0709e-10
39.546 1.0709e-10
39.606 1.0709e-10
39.666 1.0709e-10
39.726 1.0709e-10
39.786 1.0709e-10
39.846 1.0709e-10
39.906 1.0709e-10
39.966 1.0709e-10
40.026 1.0709e-10
40.086 1.0709e-10
40.146 1.0709e-10
40.206 1.0709e-10
40.266 1.0709e-10
40.326 1.0709e-10
40.386 1.0709e-10
40.446 1.0709e-10
40.506 1.0709e-10
40.566 1.0709e-10
40.626 1.0709e-10
40.686 1.0709e-10
40.746 1.0709e-10
40.806 1.0709e-10
40.866 1.0709e-10
40.926 1.0709e-10
40.986 1.0709e-10
41.046 1.0709e-10
41.106 1.0709e-10
41.166 1.0709e-10
41.226 1.0709e-10
41.286 1.0709e-10
41.346 1.0709e-10
41.406 1.0709e-10
41.466 1.0709e-10
41.526 1.0709e-10
41.586 1.0709e-10
41.646 1.0709e-10
41.706 1.0709e-10
41.766 1.0709e-10
41.826 1.0709e-10
41.886 1.0709e-10
41.946 1.0709e-10
42.006 1.0709e-10
42.066 1.0709e-10
42.126 1.0709e-10
42.186 1.0709e-10
42.246 1.0709e-10
42.306 1.0709e-10
42.366 1.0709e-10
42.426 1.0709e-10
42.486 1.0709e-10
42.546 1.0709e-10
42.606 1.0709e-10
42.666 1.0709e-10
42.726 1.0709e-10
42.786 1.0709e-10
42.846 1.0709e-10
42.906 1.0709e-10
42.966 1.0709e-10
43.026 1.0709e-10
43.086 1.0709e-10
43.146 1.0709e-10
43.206 1.0709e-10
43.266 1.0709e-10
43.326 1.0709e-10
43.386 1.0709e-10
43.446 1.0709e-10
43.506 1.0709e-10
43.566 1.0709e-10
43.626 1.0709e-10
43.686 1.0709e-10
43.746 1.0709e-10
43.806 1.0709e-10
43.866 1.0709e-10
43.926 1.0709e-10
43.986 1.0709e-10
44.046 1.0709e-10
44.106 1.0709e-10
44.166 1.0709e-10
44.226 1.0709e-10
44.286 1.0709e-10
44.346 1.0709e-10
44.406 1.0709e-10
44.466 1.0709e-10
44.526 1.0709e-10
44.586 1.0709e-10
44.646 1.0709e-10
44.706 1.0709e-10
44.766 1.0709e-10
44.826 1.0709e-10
44.886 1.0709e-10
44.946 1.0709e-10
45.006 1.0709e-10
45.066 1.0709e-10
45.126 1.0709e-10
45.186 1.0709e-10
45.246 1.0709e-10
45.306 1.0709e-10
45.366 1.0709e-10
45.426 1.0709e-10
45.486 1.0709e-10
45.546 1.0709e-10
45.606 1.0709e-10
45.666 1.0709e-10
45.726 1.0709e-10
45.786 1.0709e-10
45.846 1.0709e-10
45.906 1.0709e-10
45.966 1.0709e-10
46.026 1.0709e-10
46.086 1.0709e-10
46.146 1.0709e-10
46.206 1.0709e-10
46.266 1.0709e-10
46.326 1.0709e-10
46.386 1.0709e-10
46.446 1.0709e-10
46.506 1.0709e-10
46.566 1.0709e-10
46.626 1.0709e-10
46.686 1.0709e-10
46.746 1.0709e-10
46.806 1.0709e-10
46.866 1.0709e-10
46.926 1.0709e-10
46.986 1.0709e-10
47.046 1.0709e-10
47.106 1.0709e-10
47.166 1.0709e-10
47.226 1.0709e-10
47.286 1.0709e-10
47.346 1.0709e-10
47.406 1.0709e-10
47.466 1.0709e-10
47.526 1.0709e-10
47.586 1.0709e-10
47.646 1.0709e-10
47.706 1.0709e-10
47.766 1.0709e-10
47.826 1.0709e-10
47.886 1.0709e-10
47.946 1.0709e-10
48.006 1.0709e-10
48.066 1.0709e-10
48.126 1.0709e-10
48.186 1.0709e-10
48.246 1.0709e-10
48.306 1.0709e-10
48.366 1.0709e-10
48.426 1.0709e-10
48.486 1.0709e-10
48.546 1.0709e-10
48.606 1.0709e-10
48.666 1.0709e-10
48.726 1.0709e-10
48.786 1.0709e-10
48.846 1.0709e-10
48.906 1.0709e-10
48.966 1.0709e-10
49.026 1.0709e-10
49.086 1.0709e-10
49.146 1.0709e-10
49.206 1.0709e-10
49.266 1.0709e-10
49.326 1.0709e-10
49.386 1.0709e-10
49.446 1.0709e-10
49.506 1.0709e-10
49.566 1.0709e-10
49.626 1.0709e-10
49.686 1.0709e-10
49.746 1.0709e-10
49.806 1.0709e-10
49.866 1.0709e-10
49.926 1.0709e-10
49.986 1.0709e-10
50.046 1.0709e-10
50.106 1.0709e-10
50.166 1.0709e-10
50.226 1.0709e-10
50.286 1.0709e-10
50.346 1.0709e-10
50.406 1.0709e-10
50.466 1.0709e-10
50.526 1.0709e-10
50.586 1.0709e-10
50.646 1.0709e-10
50.706 1.0709e-10
50.766 1.0709e-10
50.826 1.0709e-10
50.886 1.0709e-10
50.946 1.0709e-10
51.006 1.0709e-10
51.066 1.0709e-10
51.126 1.0709e-10
51.186 1.0709e-10
51.246 1.0709e-10
51.306 1.0709e-10
51.366 1.0709e-10
51.426 1.0709e-10
51.486 1.0709e-10
51.546 1.0709e-10
51.606 1.0709e-10
51.666 1.0709e-10
51.726 1.0709e-10
51.786 1.0709e-10
51.846 1.0709e-10
51.906 1.0709e-10
51.966 1.0709e-10
52.026 1.0709e-10
52.086 1.0709e-10
52.146 1.0709e-10
52.206 1.0709e-10
52.266 1.0709e-10
52.326 1.0709e-10
52.386 1.0709e-10
52.446 1.0709e-10
52.506 1.0709e-10
52.566 1.0709e-10
52.626 1.0709e-10
52.686 1.0709e-10
52.746 1.0709e-10
52.806 1.0709e-10
52.866 1.0709e-10
52.926 1.0709e-10
52.986 1.0709e-10
53.046 1.0709e-10
53.106 1.0709e-10
53.166 1.0709e-10
53.226 1.0709e-10
53.286 1.0709e-10
53.346 1.0709e-10
53.406 1.0709e-10
53.466 1.0709e-10
53.526 1.0709e-10
53.586 1.0709e-10
53.646 1.0709e-10
53.706 1.0709e-10
53.766 1.0709e-10
53.826 1.0709e-10
53.886 1.0709e-10
53.946 1.0709e-10
54.006 1.0709e-10
54.066 1.0709e-10
54.126 1.0709e-10
54.186 1.0709e-10
54.246 1.0709e-10
54.306 1.0709e-10
54.366 1.0709e-10
54.426 1.0709e-10
54.486 1.0709e-10
54.546 1.0709e-10
54.606 1.0709e-10
54.666 1.0709e-10
54.726 1.0709e-10
54.786 1.0709e-10
54.846 1.0709e-10
54.906 1.0709e-10
54.966 1.0709e-10
55.026 1.0709e-10
55.086 1.0709e-10
55.146 1.0709e-10
55.206 1.0709e-10
55.266 1.0709e-10
55.326 1.0709e-10
55.386 1.0709e-10
55.446 1.0709e-10
55.506 1.0709e-10
55.566 1.0709e-10
55.626 1.0709e-10
55.686 1.0709e-10
55.746 1.0709e-10
55.806 1.0709e-10
55.866 1.0709e-10
55.926 1.0709e-10
55.986 1.0709e-10
56.046 1.0709e-10
56.106 1.0709e-10
56.166 1.0709e-10
56.226 1.0709e-10
56.286 1.0709e-10
56.346 1.0709e-10
56.406 1.0709e-10
56.466 1.0709e-10
56.526 1.0709e-10
56.586 1.0709e-10
56.646 1.0709e-10
56.706 1.0709e-10
56.766 1.0709e-10
56.826 1.0709e-10
56.886 1.0709e-10
56.946 1.0709e-10
57.006 1.0709e-10
57.066 1.0709e-10
57.126 1.0709e-10
57.186 1.0709e-10
57.246 1.0709e-10
57.306 1.0709e-10
57.366 1.0709e-10
57.426 1.0709e-10
57.486 1.0709e-10
57.546 1.0709e-10
57.606 1.0709e-10
57.666 1.0709e-10
57.726 1.0709e-10
57.786 1.0709e-10
57.846 1.0709e-10
57.906 1.0709e-10
57.966 1.0709e-10
58.026 1.0709e-10
58.086 1.0709e-10
58.146 1.0709e-10
58.206 1.0709e-10
58.266 1.0709e-10
58.326 1.0709e-10
58.386 1.0709e-10
58.446 1.0709e-10
58.506 1.0709e-10
58.566 1.0709e-10
58.626 1.0709e-10
58.686 1.0709e-10
58.746 1.0709e-10
58.806 1.0709e-10
58.866 1.0709e-10
58.926 1.0709e-10
58.986 1.0709e-10
59.046 1.0709e-10
59.106 1.0709e-10
59.166 1.0709e-10
59.226 1.0709e-10
59.286 1.0709e-10
59.346 1.0709e-10
59.406 1.0709e-10
59.466 1.0709e-10
59.526 1.0709e-10
59.586 1.0709e-10
59.646 1.0709e-10
59.706 1.0709e-10
59.766 1.0709e-10
59.826 1.0709e-10
59.886 1.0709e-10
59.946 1.0709e-10

