0 0.192759
0 0.190806
0 0.185729
0 0.178071
0 0.168535
0 0.157859
0 0.146707
0 0.135596
0 0.124886
0 0.114797
0 0.105439
0 0.0968469
0 0.0890093
0 0.0818869
0 0.0754267
0 0.0695709
0 0.0642616
0 0.0594436
0 0.055066
0 0.0510826
0 0.0474519
0 0.0441371
0 0.0411054
0 0.0383278
0 0.0357786
0 0.0334351
0 0.0312773
0 0.0292874
0 0.0274495
0 0.0257496
0 0.0241753
0 0.0227152
0 0.0213594
0 0.020099
0 0.018926
0 0.017833
0 0.0168136
0 0.0158619
0 0.0149725
0 0.0141407
0 0.0133619
0 0.0126323
0 0.0119483
0 0.0113063
0 0.0107036
0 0.0101371
0 0.00960456
0 0.00910346
0 0.0086317
0 0.0081873
0 0.00776844
0 0.00737344
0 0.00700076
0 0.00664895
0 0.00631668
0 0.00600273
0 0.00570596
0 0.00542531
0 0.00515979
0 0.00490848
0 0.00467054
0 0.00444517
0 0.00423164
0 0.00402924
0 0.00383733
0 0.00365532
0 0.00348263
0 0.00331875
0 0.00316317
0 0.00301543
0 0.00287511
0 0.00274179
0 0.00261509
0 0.00249465
0 0.00238013
0 0.00227123
0 0.00216763
0 0.00206906
0 0.00197525
0 0.00188596
0 0.00180095
0 0.00172
0 0.0016429
0 0.00156945
0 0.00149948
0 0.00143279
0 0.00136923
0 0.00130864
0 0.00125086
0 0.00119578
0 0.00114323
0 0.00109311
0 0.0010453
0 0.000999676
0 0.000956137
0 0.000914582
0 0.000874914
0 0.000837044
0 0.000800885
0 0.000766355
0 0.000733377
0 0.000701877
0 0.000671786
0 0.000643037
0 0.000615567
0 0.000589317
0 0.000564229
0 0.00054025
0 0.000517328
0 0.000495414
0 0.000474462
0 0.000454427
0 0.000435269
0 0.000416946
0 0.000399421
0 0.000382657
0 0.00036662
0 0.000351277
0 0.000336597
0 0.000322549
0 0.000309107
0 0.000296241
0 0.000283928
0 0.000272142
0 0.000260859
0 0.000250058
0 0.000239717
0 0.000229816
0 0.000220335
0 0.000211256
0 0.000202561
0 0.000194234
0 0.000186259
0 0.000178619
0 0.000171301
0 0.00016429
0 0.000157573
0 0.000151138
0 0.000144972
0 0.000139064
0 0.000133403
0 0.000127977
0 0.000122777
0 0.000117793
0 0.000113017
0 0.000108438
0 0.000104049
0 9.98414e-05
0 9.58078e-05
0 9.19406e-05
0 8.82328e-05
0 8.46777e-05
0 8.12688e-05
0 7.8e-05
0 7.48653e-05
0 7.18591e-05
0 6.8976e-05
0 6.62109e-05
0 6.35587e-05
0 6.10149e-05
0 5.85748e-05
0 5.62341e-05
0 5.39886e-05
0 5.18345e-05
0 4.97679e-05
0 4.77851e-05
0 4.58828e-05
0 4.40575e-05
0 4.23061e-05
0 4.06255e-05
0 3.90129e-05
0 3.74653e-05
0 3.59801e-05
0 3.45548e-05
0 3.31868e-05
0 3.18739e-05
0 3.06138e-05
0 2.94042e-05
0 2.82432e-05
0 2.71288e-05
0 2.6059e-05
0 2.50321e-05
0 2.40462e-05
0 2.30997e-05
0 2.2191e-05
0 2.13186e-05
0 2.0481e-05
0 1.96768e-05
0 1.89046e-05
0 1.81631e-05
0 1.74512e-05
0 1.67675e-05
0 1.61109e-05
0 1.54805e-05
0 1.4875e-05
0 1.42935e-05
0 1.37351e-05
0 1.31987e-05
0 1.26836e-05
0 1.21888e-05
0 1.17136e-05
0 1.12572e-05
0 1.08187e-05
0 1.03975e-05
0 9.99298e-06
0 9.60435e-06
0 9.23101e-06
0 8.87236e-06
0 8.52781e-06
0 8.1968e-06
0 7.87878e-06
0 7.57325e-06
0 7.2797e-06
0 6.99765e-06
0 6.72666e-06
0 6.46628e-06
0 6.21609e-06
0 5.97568e-06
0 5.74467e-06
0 5.52269e-06
0 5.30938e-06
0 5.1044e-06
0 4.90741e-06
0 4.7181e-06
0 4.53617e-06
0 4.36133e-06
0 4.19329e-06
0 4.0318e-06
0 3.87659e-06
0 3.72741e-06
0 3.58402e-06
0 3.44621e-06
0 3.31375e-06
0 3.18642e-06
0 3.06404e-06
0 2.9464e-06
0 2.83332e-06
0 2.72462e-06
0 2.62013e-06
0 2.51968e-06
0 2.42312e-06
0 2.33029e-06
0 2.24105e-06
0 2.15525e-06
0 2.07277e-06
0 1.99348e-06
0 1.91724e-06
0 1.84394e-06
0 1.77347e-06
0 1.70572e-06
0 1.64057e-06
0 1.57793e-06
0 1.51771e-06
0 1.4598e-06
0 1.40412e-06
0 1.35057e-06
0 1.29909e-06
0 1.24958e-06
0 1.20198e-06
0 1.1562e-06
0 1.11218e-06
0 1.06985e-06
0 1.02914e-06
0 9.89987e-07
0 9.52338e-07
0 9.1613e-07
0 8.81308e-07
0 8.47819e-07
0 8.15611e-07
0 7.84635e-07
0 7.54842e-07
0 7.26189e-07
0 6.98629e-07
0 6.72122e-07
0 6.46627e-07
0 6.22105e-07
0 5.98518e-07
0 5.75831e-07
0 5.54008e-07
0 5.33016e-07
0 5.12825e-07
0 4.93401e-07
0 4.74718e-07
0 4.56745e-07
0 4.39455e-07
0 4.22823e-07
0 4.06823e-07
0 3.9143e-07
0 3.76622e-07
0 3.62376e-07
0 3.48671e-07
0 3.35486e-07
0 3.228e-07
0 3.10595e-07
0 2.98852e-07
0 2.87554e-07
0 2.76684e-07
0 2.66225e-07
0 2.56161e-07
0 2.46478e-07
0 2.3716e-07
0 2.28194e-07
0 2.19567e-07
0 2.11265e-07
0 2.03276e-07
0 1.95587e-07
0 1.88189e-07
0 1.81069e-07
0 1.74216e-07
0 1.67621e-07
0 1.61274e-07
0 1.55165e-07
0 1.49285e-07
0 1.43625e-07
0 1.38178e-07
0 1.32934e-07
0 1.27886e-07
0 1.23026e-07
0 1.18348e-07
0 1.13844e-07
0 1.09508e-07
0 1.05333e-07
0 1.01313e-07
0 9.7442e-08
0 9.37144e-08
0 9.01247e-08
0 8.66675e-08
0 8.33377e-08
0 8.01304e-08
0 7.70409e-08
0 7.40646e-08
0 7.11972e-08
0 6.84344e-08
0 6.57722e-08
0 6.32067e-08
0 6.0734e-08
0 5.83507e-08
0 5.60531e-08
0 5.38379e-08
0 5.17019e-08
0 4.9642e-08
0 4.76551e-08
0 4.57384e-08
0 4.38891e-08
0 4.21045e-08
0 4.03819e-08
0 3.87189e-08
0 3.71131e-08
0 3.55622e-08
0 3.40639e-08
0 3.2616e-08
0 3.12165e-08
0 2.98633e-08
0 2.85545e-08
0 2.72883e-08
0 2.60627e-08
0 2.48762e-08
0 2.37269e-08
0 2.26132e-08
0 2.15336e-08
0 2.04864e-08
0 1.94703e-08
0 1.84839e-08
0 1.75256e-08
0 1.65942e-08
0 1.56883e-08
0 1.48067e-08
0 1.39482e-08
0 1.31116e-08
0 1.22956e-08
0 1.14993e-08
0 1.07214e-08
0 9.96094e-09
0 9.21688e-09
0 8.48817e-09
0 7.77385e-09
0 7.07294e-09
0 6.3845e-09
0 5.70761e-09
0 5.04136e-09
0 4.38488e-09
0 3.73729e-09
0 3.09774e-09
0 2.46539e-09
0 1.83942e-09
0 1.21901e-09
0 6.03373e-10
0 1.92759e-09
0 1.92759e-09
0 1.92759e-09
0 1.92759e-09
0 1.92759e-09
0 1.92759e-09
0 1.92759e-09
0 1.92759e-09
0 1.92759e-09
0 1.92759e-09
0 1.92759e-09
0 1.92759e-09
0 1.92759e-09
0 1.92759e-09
0 1.92759e-09
0 1.92759e-09
0 1.92759e-09
0 1.92759e-09
0 1.92759e-09
0 1.92759e-09
0 1.92759e-09
0 1.92759e-09
0 1.92759e-09
0 1.92759e-09
0 1.92759e-09
0 1.92759e-09
0 1.92759e-09
0 1.92759e-09
0 1.92759e-09
0 1.92759e-09
0 1.92759e-09
0 1.92759e-09
0 1.92759e-09
0 1.92759e-09
0 1.92759e-09
0 1.92759e-09
0 1.92759e-09
0 1.92759e-09
0 1.92759e-09
0 1.92759e-09
0 1.92759e-09
0 1.92759e-09
0 1.92759e-09
0 1.92759e-09
0 1.92759e-09
0 1.92759e-09
0 1.92759e-09
0 1.92759e-09
0 1.92759e-09
0 1.92759e-09
0 1.92759e-09
0 1.92759e-09
0 1.92759e-09
0 1.92759e-09
0 1.92759e-09
0 1.92759e-09
0 1.92759e-09
0 1.92759e-09
0 1.92759e-09
0 1.92759e-09
0 1.92759e-09
0 1.92759e-09
0 1.92759e-09
0 1.92759e-09
0 1.92759e-09
0 1.92759e-09
0 1.92759e-09
0 1.92759e-09
0 1.92759e-09
0 1.92759e-09
0 1.92759e-09
0 1.92759e-09
0 1.92759e-09
0 1.92759e-09
0 1.92759e-09
0 1.92759e-09
0 1.92759e-09
0 1.92759e-09
0 1.92759e-09
0 1.92759e-09
0 1.92759e-09
0 1.92759e-09
0 1.92759e-09
0 1.92759e-09
0 1.92759e-09
0 1.92759e-09
0 1.92759e-09
0 1.92759e-09
0 1.92759e-09
0 1.92759e-09
0 1.92759e-09
0 1.92759e-09
0 1.92759e-09
0 1.92759e-09
0 1.92759e-09
0 1.92759e-09
0 1.92759e-09
0 1.92759e-09
0 1.92759e-09
0 1.92759e-09
0 1.92759e-09
0 1.92759e-09
0 1.92759e-09
0 1.92759e-09
0 1.92759e-09
0 1.92759e-09
0 1.92759e-09
0 1.92759e-09
0 1.92759e-09
0 1.92759e-09
0 1.92759e-09
0 1.92759e-09
0 1.92759e-09
0 1.92759e-09
0 1.92759e-09
0 1.92759e-09
0 1.92759e-09
0 1.92759e-09
0 1.92759e-09
0 1.92759e-09
0 1.92759e-09
0 1.92759e-09
0 1.92759e-09
0 1.92759e-09
0 1.92759e-09
0 1.92759e-09
0 1.92759e-09
0 1.92759e-09
0 1.92759e-09
0 1.92759e-09
0 1.92759e-09
0 1.92759e-09
0 1.92759e-09
0 1.92759e-09
0 1.92759e-09
0 1.92759e-09
0 1.92759e-09
0 1.92759e-09
0 1.92759e-09
0 1.92759e-09
0 1.92759e-09
0 1.92759e-09
0 1.92759e-09
0 1.92759e-09
0 1.92759e-09
0 1.92759e-09
0 1.92759e-09
0 1.92759e-09
0 1.92759e-09
0 1.92759e-09
0 1.92759e-09
0 1.92759e-09
0 1.92759e-09
0 1.92759e-09
0 1.92759e-09
0 1.92759e-09
0 1.92759e-09
0 1.92759e-09
0 1.92759e-09
0 1.92759e-09
0 1.92759e-09
0 1.92759e-09
0 1.92759e-09
0 1.92759e-09
0 1.92759e-09
0 1.92759e-09
0 1.92759e-09
0 1.92759e-09
0 1.92759e-09
0 1.92759e-09
0 1.92759e-09
0 1.92759e-09
0 1.92759e-09
0 1.92759e-09
0 1.92759e-09
0 1.92759e-09
0 1.92759e-09
0 1.92759e-09
0 1.92759e-09
0 1.92759e-09
0 1.92759e-09
0 1.92759e-09
0 1.92759e-09
0 1.92759e-09
0 1.92759e-09
0 1.92759e-09
0 1.92759e-09
0 1.92759e-09
0 1.92759e-09
0 1.92759e-09
0 1.92759e-09
0 1.92759e-09
0 1.92759e-09
0 1.92759e-09
0 1.92759e-09
0 1.92759e-09
0 1.92759e-09
0 1.92759e-09
0 1.92759e-09
0 1.92759e-09
0 1.92759e-09
0 1.92759e-09
0 1.92759e-09
0 1.92759e-09
0 1.92759e-09
0 1.92759e-09
0 1.92759e-09
0 1.92759e-09
0 1.92759e-09
0 1.92759e-09
0 1.92759e-09
0 1.92759e-09
0 1.92759e-09
0 1.92759e-09
0 1.92759e-09
0 1.92759e-09
0 1.92759e-09
0 1.92759e-09
0 1.92759e-09
0 1.92759e-09
0 1.92759e-09
0 1.92759e-09
0 1.92759e-09
0 1.92759e-09
0 1.92759e-09
0 1.92759e-09
0 1.92759e-09
0 1.92759e-09
0 1.92759e-09
0 1.92759e-09
0 1.92759e-09
0 1.92759e-09
0 1.92759e-09
0 1.92759e-09
0 1.92759e-09
0 1.92759e-09
0 1.92759e-09
0 1.92759e-09
0 1.92759e-09
0 1.92759e-09
0 1.92759e-09
0 1.92759e-09
0 1.92759e-09
0 1.92759e-09
0 1.92759e-09
0 1.92759e-09
0 1.92759e-09
0 1.92759e-09
0 1.92759e-09
0 1.92759e-09
0 1.92759e-09
0 1.92759e-09
0 1.92759e-09
0 1.92759e-09
0 1.92759e-09
0 1.92759e-09
0 1.92759e-09
0 1.92759e-09
0 1.92759e-09
0 1.92759e-09
0 1.92759e-09
0 1.92759e-09
0 1.92759e-09
0 1.92759e-09
0 1.92759e-09
0 1.92759e-09
0 1.92759e-09
0 1.92759e-09
0 1.92759e-09
0 1.92759e-09
0 1.92759e-09
0 1.92759e-09
0 1.92759e-09
0 1.92759e-09
0 1.92759e-09
0 1.92759e-09
0 1.92759e-09
0 1.92759e-09
0 1.92759e-09
0 1.92759e-09
0 1.92759e-09
0 1.92759e-09
0 1.92759e-09
0 1.92759e-09
0 1.92759e-09
0 1.92759e-09
0 1.92759e-09
0 1.92759e-09
0 1.92759e-09
0 1.92759e-09
0 1.92759e-09
0 1.92759e-09
0 1.92759e-09
0 1.92759e-09
0 1.92759e-09
0 1.92759e-09
0 1.92759e-09
0 1.92759e-09
0 1.92759e-09
0 1.92759e-09
0 1.92759e-09
0 1.92759e-09
0 1.92759e-09
0 1.92759e-09
0 1.92759e-09
0 1.92759e-09
0 1.92759e-09
0 1.92759e-09
0 1.92759e-09
0 1.92759e-09
0 1.92759e-09
0 1.92759e-09
0 1.92759e-09
0 1.92759e-09
0 1.92759e-09
0 1.92759e-09
0 1.92759e-09
0 1.92759e-09
0 1.92759e-09
0 1.92759e-09
0 1.92759e-09
0 1.92759e-09
0 1.92759e-09
0 1.92759e-09
0 1.92759e-09
0 1.92759e-09
0 1.92759e-09
0 1.92759e-09
0 1.92759e-09
0 1.92759e-09
0 1.92759e-09
0 1.92759e-09
0 1.92759e-09
0 1.92759e-09
0 1.92759e-09
0 1.92759e-09
0 1.92759e-09
0 1.92759e-09
0 1.92759e-09
0 1.92759e-09
0 1.92759e-09
0 1.92759e-09
0 1.92759e-09
0 1.92759e-09
0 1.92759e-09
0 1.92759e-09
0 1.92759e-09
0 1.92759e-09
0 1.92759e-09
0 1.92759e-09
0 1.92759e-09
0 1.92759e-09
0 1.92759e-09
0 1.92759e-09
0 1.92759e-09
0 1.92759e-09
0 1.92759e-09
0 1.92759e-09
0 1.92759e-09
0 1.92759e-09
0 1.92759e-09
0 1.92759e-09
0 1.92759e-09
0 1.92759e-09
0 1.92759e-09
0 1.92759e-09
0 1.92759e-09
0 1.92759e-09
0 1.92759e-09
0 1.92759e-09
0 1.92759e-09
0 1.92759e-09
0 1.92759e-09
0 1.92759e-09
0 1.92759e-09
0 1.92759e-09
0 1.92759e-09
0 1.92759e-09
0 1.92759e-09
0 1.92759e-09
0 1.92759e-09
0 1.92759e-09
0 1.92759e-09
0 1.92759e-09
0 1.92759e-09
0 1.92759e-09
0 1.92759e-09
0 1.92759e-09
0 1.92759e-09
0 1.92759e-09
0 1.92759e-09
0 1.92759e-09
0 1.92759e-09
0 1.92759e-09
0 1.92759e-09
0 1.92759e-09
0 1.92759e-09
0 1.92759e-09
0 1.92759e-09
0 1.92759e-09
0 1.92759e-09
0 1.92759e-09
0 1.92759e-09
0 1.92759e-09
0 1.92759e-09
0 1.92759e-09
0 1.92759e-09
0 1.92759e-09
0 1.92759e-09
0 1.92759e-09
0 1.92759e-09
0 1.92759e-09
0 1.92759e-09
0 1.92759e-09
0 1.92759e-09
0 1.92759e-09
0 1.92759e-09
0 1.92759e-09
0 1.92759e-09
0 1.92759e-09
0 1.92759e-09
0 1.92759e-09
0 1.92759e-09
0 1.92759e-09
0 1.92759e-09
0 1.92759e-09
0 1.92759e-09
0 1.92759e-09
0 1.92759e-09
0 1.92759e-09
0 1.92759e-09
0 1.92759e-09
0 1.92759e-09
0 1.92759e-09
0 1.92759e-09
0 1.92759e-09
0 1.92759e-09
0 1.92759e-09
0 1.92759e-09
0 1.92759e-09
0 1.92759e-09
0 1.92759e-09
0 1.92759e-09
0 1.92759e-09
0 1.92759e-09
0 1.92759e-09
0 1.92759e-09
0 1.92759e-09
0 1.92759e-09
0 1.92759e-09
0 1.92759e-09
0 1.92759e-09
0 1.92759e-09
0 1.92759e-09
0 1.92759e-09
0 1.92759e-09
0 1.92759e-09
0 1.92759e-09
0 1.92759e-09
0 1.92759e-09
0 1.92759e-09
0 1.92759e-09
0 1.92759e-09
0 1.92759e-09
0 1.92759e-09
0 1.92759e-09
0 1.92759e-09
0 1.92759e-09
0 1.92759e-09
0 1.92759e-09
0 1.92759e-09
0 1.92759e-09
0 1.92759e-09
0 1.92759e-09
0 1.92759e-09
0 1.92759e-09
0 1.92759e-09
0 1.92759e-09
0 1.92759e-09
0 1.92759e-09
0 1.92759e-09
0 1.92759e-09
0 1.92759e-09
0 1.92759e-09
0 1.92759e-09
0 1.92759e-09
0 1.92759e-09
0 1.92759e-09
0 1.92759e-09
0 1.92759e-09
0 1.92759e-09
0 1.92759e-09
0 1.92759e-09
0 1.92759e-09
0 1.92759e-09
0 1.92759e-09
0 1.92759e-09
0 1.92759e-09
0 1.92759e-09
0 1.92759e-09
0 1.92759e-09
0 1.92759e-09
0 1.92759e-09
0 1.92759e-09
0 1.92759e-09
0 1.92759e-09
0 1.92759e-09
0 1.92759e-09
0 1.92759e-09
0 1.92759e-09
0 1.92759e-09
0 1.92759e-09
0 1.92759e-09
0 1.92759e-09
0 1.92759e-09
0 1.92759e-09
0 1.92759e-09
0 1.92759e-09
0 1.92759e-09
0 1.92759e-09
0 1.92759e-09
0 1.92759e-09
0 1.92759e-09
0 1.92759e-09
0 1.92759e-09
0 1.92759e-09
0 1.92759e-09
0 1.92759e-09
0 1.92759e-09
0 1.92759e-09
0 1.92759e-09
0 1.92759e-09
0 1.92759e-09
0 1.92759e-09
0 1.92759e-09
0 1.92759e-09
0 1.92759e-09
0 1.92759e-09
0 1.92759e-09
0 1.92759e-09
0 1.92759e-09
0 1.92759e-09
0 1.92759e-09
0 1.92759e-09
0 1.92759e-09
0 1.92759e-09
0 1.92759e-09
0 1.92759e-09
0 1.92759e-09
0 1.92759e-09
0 1.92759e-09
0 1.92759e-09
0 1.92759e-09
0 1.92759e-09
0 1.92759e-09
0 1.92759e-09
0 1.92759e-09
0 1.92759e-09
0 1.92759e-09
0 1.92759e-09
0 1.92759e-09
0 1.92759e-09
0 1.92759e-09
0 1.92759e-09
0 1.92759e-09
0 1.92759e-09
0 1.92759e-09
0 1.92759e-09
0 1.92759e-09
0 1.92759e-09
0 1.92759e-09
0 1.92759e-09
0 1.92759e-09
0 1.92759e-09
0 1.92759e-09
0 1.92759e-09
0 1.92759e-09
0 1.92759e-09
0 1.92759e-09
0 1.92759e-09
0 1.92759e-09
0 1.92759e-09
0 1.92759e-09
0 1.92759e-09
0 1.92759e-09
0 1.92759e-09
0 1.92759e-09
0 1.92759e-09
0 1.92759e-09
0 1.92759e-09
0 1.92759e-09
0 1.92759e-09
0 1.92759e-09
0 1.92759e-09
0 1.92759e-09
0 1.92759e-09
0 1.92759e-09
0 1.92759e-09
0 1.92759e-09
0 1.92759e-09
0 1.92759e-09
0 1.92759e-09
0 1.92759e-09
0 1.92759e-09
0 1.92759e-09
0 1.92759e-09
0 1.92759e-09
0 1.92759e-09
0 1.92759e-09
0 1.92759e-09
0 1.92759e-09
0 1.92759e-09
0 1.92759e-09

