0.006 0.112443
0.066 0.112212
0.126 0.111589
0.186 0.110587
0.246 0.109218
0.306 0.107502
0.366 0.105461
0.426 0.10312
0.486 0.100511
0.546 0.097663
0.606 0.0946114
0.666 0.0913899
0.726 0.0880334
0.786 0.0845759
0.846 0.0810506
0.906 0.0774888
0.966 0.0739199
1.026 0.0703703
1.086 0.0668641
1.146 0.063422
1.206 0.0600619
1.266 0.0567984
1.326 0.0536434
1.386 0.050606
1.446 0.0476926
1.506 0.0449075
1.566 0.0422529
1.626 0.0397295
1.686 0.0373361
1.746 0.0350709
1.806 0.0329306
1.866 0.0309115
1.926 0.0290093
1.986 0.0272193
2.046 0.0255364
2.106 0.0239555
2.166 0.0224715
2.226 0.0210793
2.286 0.0197736
2.346 0.0185497
2.406 0.0174028
2.466 0.0163282
2.526 0.0153215
2.586 0.0143786
2.646 0.0134954
2.706 0.0126683
2.766 0.0118936
2.826 0.011168
2.886 0.0104884
2.946 0.00985175
3.006 0.0092553
3.066 0.00869646
3.126 0.00817278
3.186 0.00768199
3.246 0.00722195
3.306 0.00679067
3.366 0.00638629
3.426 0.00600707
3.486 0.00565137
3.546 0.00531769
3.606 0.00500461
3.666 0.0047108
3.726 0.00443503
3.786 0.00417614
3.846 0.00393306
3.906 0.00370477
3.966 0.00349035
4.026 0.00328892
4.086 0.00309964
4.146 0.00292177
4.206 0.00275457
4.266 0.00259739
4.326 0.00244959
4.386 0.0023106
4.446 0.00217986
4.506 0.00205686
4.566 0.00194113
4.626 0.00183222
4.686 0.00172971
4.746 0.0016332
4.806 0.00154233
4.866 0.00145675
4.926 0.00137615
4.986 0.00130022
5.046 0.00122867
5.106 0.00116124
5.166 0.00109768
5.226 0.00103775
5.286 0.000981229
5.346 0.00092792
5.406 0.000877629
5.466 0.000830175
5.526 0.000785391
5.586 0.000743119
5.646 0.000703212
5.706 0.000665529
5.766 0.000629943
5.826 0.00059633
5.886 0.000564576
5.946 0.000534574
6.006 0.000506223
6.066 0.000479428
6.126 0.0004541
6.186 0.000430156
6.246 0.000407516
6.306 0.000386106
6.366 0.000365858
6.426 0.000346705
6.486 0.000328586
6.546 0.000311444
6.606 0.000295223
6.666 0.000279872
6.726 0.000265342
6.786 0.000251589
6.846 0.000238569
6.906 0.000226242
6.966 0.00021457
7.026 0.000203516
7.086 0.000193047
7.146 0.000183131
7.206 0.000173738
7.266 0.000164839
7.326 0.000156407
7.386 0.000148417
7.446 0.000140846
7.506 0.00013367
7.566 0.000126869
7.626 0.000120422
7.686 0.000114311
7.746 0.000108516
7.806 0.000103022
7.866 9.7813e-05
7.926 9.28728e-05
7.986 8.81875e-05
8.046 8.37437e-05
8.106 7.95286e-05
8.166 7.55302e-05
8.226 7.17369e-05
8.286 6.8138e-05
8.346 6.47233e-05
8.406 6.14831e-05
8.466 5.84083e-05
8.526 5.54902e-05
8.586 5.27207e-05
8.646 5.0092e-05
8.706 4.75968e-05
8.766 4.52282e-05
8.826 4.29795e-05
8.886 4.08446e-05
8.946 3.88175e-05
9.006 3.68928e-05
9.066 3.50651e-05
9.126 3.33295e-05
9.186 3.16811e-05
9.246 3.01156e-05
9.306 2.86286e-05
9.366 2.72161e-05
9.426 2.58744e-05
9.486 2.45998e-05
9.546 2.33888e-05
9.606 2.22383e-05
9.666 2.11452e-05
9.726 2.01064e-05
9.786 1.91194e-05
9.846 1.81814e-05
9.906 1.72899e-05
9.966 1.64426e-05
10.026 1.56373e-05
10.086 1.48719e-05
10.146 1.41443e-05
10.206 1.34525e-05
10.266 1.27949e-05
10.326 1.21697e-05
10.386 1.15753e-05
10.446 1.101e-05
10.506 1.04725e-05
10.566 9.96137e-06
10.626 9.47526e-06
10.686 9.01291e-06
10.746 8.57315e-06
10.806 8.15485e-06
10.866 7.75692e-06
10.926 7.37835e-06
10.986 7.01817e-06
11.046 6.67546e-06
11.106 6.34936e-06
11.166 6.03902e-06
11.226 5.74366e-06
11.286 5.46254e-06
11.346 5.19494e-06
11.406 4.94019e-06
11.466 4.69765e-06
11.526 4.4667e-06
11.586 4.24676e-06
11.646 4.0373e-06
11.706 3.83777e-06
11.766 3.64769e-06
11.826 3.46658e-06
11.886 3.29399e-06
11.946 3.1295e-06
12.006 2.97269e-06
12.066 2.82317e-06
12.126 2.68059e-06
12.186 2.54458e-06
12.246 2.41482e-06
12.306 2.29099e-06
12.366 2.17278e-06
12.426 2.0599e-06
12.486 1.95209e-06
12.546 1.84908e-06
12.606 1.75061e-06
12.666 1.65646e-06
12.726 1.5664e-06
12.786 1.48021e-06
12.846 1.39768e-06
12.906 1.31862e-06
12.966 1.24284e-06
13.026 1.17016e-06
13.086 1.10041e-06
13.146 1.03342e-06
13.206 9.69042e-07
13.266 9.07118e-07
13.326 8.47508e-07
13.386 7.90073e-07
13.446 7.34681e-07
13.506 6.81206e-07
13.566 6.29525e-07
13.626 5.79521e-07
13.686 5.31081e-07
13.746 4.84097e-07
13.806 4.38464e-07
13.866 3.94081e-07
13.926 3.5085e-07
13.986 3.08678e-07
14.046 2.67472e-07
14.106 2.27144e-07
14.166 1.87607e-07
14.226 1.48779e-07
14.286 1.10576e-07
14.346 7.29196e-08
14.406 3.57318e-08
14.466 1.12443e-09
14.526 1.12443e-09
14.586 1.12443e-09
14.646 1.12443e-09
14.706 1.12443e-09
14.766 1.12443e-09
14.826 1.12443e-09
14.886 1.12443e-09
14.946 1.12443e-09
15.006 1.12443e-09
15.066 1.12443e-09
15.126 1.12443e-09
15.186 1.12443e-09
15.246 1.12443e-09
15.306 1.12443e-09
15.366 1.12443e-09
15.426 1.12443e-09
15.486 1.12443e-09
15.546 1.12443e-09
15.606 1.12443e-09
15.666 1.12443e-09
15.726 1.12443e-09
15.786 1.12443e-09
15.846 1.12443e-09
15.906 1.12443e-09
15.966 1.12443e-09
16.026 1.12443e-09
16.086 1.12443e-09
16.146 1.12443e-09
16.206 1.12443e-09
16.266 1.12443e-09
16.326 1.12443e-09
16.386 1.12443e-09
16.446 1.12443e-09
16.506 1.12443e-09
16.566 1.12443e-09
16.626 1.12443e-09
16.686 1.12443e-09
16.746 1.12443e-09
16.806 1.12443e-09
16.866 1.12443e-09
16.926 1.12443e-09
16.986 1.12443e-09
17.046 1.12443e-09
17.106 1.12443e-09
17.166 1.12443e-09
17.226 1.12443e-09
17.286 1.12443e-09
17.346 1.12443e-09
17.406 1.12443e-09
17.466 1.12443e-09
17.526 1.12443e-09
17.586 1.12443e-09
17.646 1.12443e-09
17.706 1.12443e-09
17.766 1.12443e-09
17.826 1.12443e-09
17.886 1.12443e-09
17.946 1.12443e-09
18.006 1.12443e-09
18.066 1.12443e-09
18.126 1.12443e-09
18.186 1.12443e-09
18.246 1.12443e-09
18.306 1.12443e-09
18.366 1.12443e-09
18.426 1.12443e-09
18.486 1.12443e-09
18.546 1.12443e-09
18.606 1.12443e-09
18.666 1.12443e-09
18.726 1.12443e-09
18.786 1.12443e-09
18.846 1.12443e-09
18.906 1.12443e-09
18.966 1.12443e-09
19.026 1.12443e-09
19.086 1.12443e-09
19.146 1.12443e-09
19.206 1.12443e-09
19.266 1.12443e-09
19.326 1.12443e-09
19.386 1.12443e-09
19.446 1.12443e-09
19.506 1.12443e-09
19.566 1.12443e-09
19.626 1.12443e-09
19.686 1.12443e-09
19.746 1.12443e-09
19.806 1.12443e-09
19.866 1.12443e-09
19.926 1.12443e-09
19.986 1.12443e-09
20.046 1.12443e-09
20.106 1.12443e-09
20.166 1.12443e-09
20.226 1.12443e-09
20.286 1.12443e-09
20.346 1.12443e-09
20.406 1.12443e-09
20.466 1.12443e-09
20.526 1.12443e-09
20.586 1.12443e-09
20.646 1.12443e-09
20.706 1.12443e-09
20.766 1.12443e-09
20.826 1.12443e-09
20.886 1.12443e-09
20.946 1.12443e-09
21.006 1.12443e-09
21.066 1.12443e-09
21.126 1.12443e-09
21.186 1.12443e-09
21.246 1.12443e-09
21.306 1.12443e-09
21.366 1.12443e-09
21.426 1.12443e-09
21.486 1.12443e-09
21.546 1.12443e-09
21.606 1.12443e-09
21.666 1.12443e-09
21.726 1.12443e-09
21.786 1.12443e-09
21.846 1.12443e-09
21.906 1.12443e-09
21.966 1.12443e-09
22.026 1.12443e-09
22.086 1.12443e-09
22.146 1.12443e-09
22.206 1.12443e-09
22.266 1.12443e-09
22.326 1.12443e-09
22.386 1.12443e-09
22.446 1.12443e-09
22.506 1.12443e-09
22.566 1.12443e-09
22.626 1.12443e-09
22.686 1.12443e-09
22.746 1.12443e-09
22.806 1.12443e-09
22.866 1.12443e-09
22.926 1.12443e-09
22.986 1.12443e-09
23.046 1.12443e-09
23.106 1.12443e-09
23.166 1.12443e-09
23.226 1.12443e-09
23.286 1.12443e-09
23.346 1.12443e-09
23.406 1.12443e-09
23.466 1.12443e-09
23.526 1.12443e-09
23.586 1.12443e-09
23.646 1.12443e-09
23.706 1.12443e-09
23.766 1.12443e-09
23.826 1.12443e-09
23.886 1.12443e-09
23.946 1.12443e-09
24.006 1.12443e-09
24.066 1.12443e-09
24.126 1.12443e-09
24.186 1.12443e-09
24.246 1.12443e-09
24.306 1.12443e-09
24.366 1.12443e-09
24.426 1.12443e-09
24.486 1.12443e-09
24.546 1.12443e-09
24.606 1.12443e-09
24.666 1.12443e-09
24.726 1.12443e-09
24.786 1.12443e-09
24.846 1.12443e-09
24.906 1.12443e-09
24.966 1.12443e-09
25.026 1.12443e-09
25.086 1.12443e-09
25.146 1.12443e-09
25.206 1.12443e-09
25.266 1.12443e-09
25.326 1.12443e-09
25.386 1.12443e-09
25.446 1.12443e-09
25.506 1.12443e-09
25.566 1.12443e-09
25.626 1.12443e-09
25.686 1.12443e-09
25.746 1.12443e-09
25.806 1.12443e-09
25.866 1.12443e-09
25.926 1.12443e-09
25.986 1.12443e-09
26.046 1.12443e-09
26.106 1.12443e-09
26.166 1.12443e-09
26.226 1.12443e-09
26.286 1.12443e-09
26.346 1.12443e-09
26.406 1.12443e-09
26.466 1.12443e-09
26.526 1.12443e-09
26.586 1.12443e-09
26.646 1.12443e-09
26.706 1.12443e-09
26.766 1.12443e-09
26.826 1.12443e-09
26.886 1.12443e-09
26.946 1.12443e-09
27.006 1.12443e-09
27.066 1.12443e-09
27.126 1.12443e-09
27.186 1.12443e-09
27.246 1.12443e-09
27.306 1.12443e-09
27.366 1.12443e-09
27.426 1.12443e-09
27.486 1.12443e-09
27.546 1.12443e-09
27.606 1.12443e-09
27.666 1.12443e-09
27.726 1.12443e-09
27.786 1.12443e-09
27.846 1.12443e-09
27.906 1.12443e-09
27.966 1.12443e-09
28.026 1.12443e-09
28.086 1.12443e-09
28.146 1.12443e-09
28.206 1.12443e-09
28.266 1.12443e-09
28.326 1.12443e-09
28.386 1.12443e-09
28.446 1.12443e-09
28.506 1.12443e-09
28.566 1.12443e-09
28.626 1.12443e-09
28.686 1.12443e-09
28.746 1.12443e-09
28.806 1.12443e-09
28.866 1.12443e-09
28.926 1.12443e-09
28.986 1.12443e-09
29.046 1.12443e-09
29.106 1.12443e-09
29.166 1.12443e-09
29.226 1.12443e-09
29.286 1.12443e-09
29.346 1.12443e-09
29.406 1.12443e-09
29.466 1.12443e-09
29.526 1.12443e-09
29.586 1.12443e-09
29.646 1.12443e-09
29.706 1.12443e-09
29.766 1.12443e-09
29.826 1.12443e-09
29.886 1.12443e-09
29.946 1.12443e-09
30.006 1.12443e-09
30.066 1.12443e-09
30.126 1.12443e-09
30.186 1.12443e-09
30.246 1.12443e-09
30.306 1.12443e-09
30.366 1.12443e-09
30.426 1.12443e-09
30.486 1.12443e-09
30.546 1.12443e-09
30.606 1.12443e-09
30.666 1.12443e-09
30.726 1.12443e-09
30.786 1.12443e-09
30.846 1.12443e-09
30.906 1.12443e-09
30.966 1.12443e-09
31.026 1.12443e-09
31.086 1.12443e-09
31.146 1.12443e-09
31.206 1.12443e-09
31.266 1.12443e-09
31.326 1.12443e-09
31.386 1.12443e-09
31.446 1.12443e-09
31.506 1.12443e-09
31.566 1.12443e-09
31.626 1.12443e-09
31.686 1.12443e-09
31.746 1.12443e-09
31.806 1.12443e-09
31.866 1.12443e-09
31.926 1.12443e-09
31.986 1.12443e-09
32.046 1.12443e-09
32.106 1.12443e-09
32.166 1.12443e-09
32.226 1.12443e-09
32.286 1.12443e-09
32.346 1.12443e-09
32.406 1.12443e-09
32.466 1.12443e-09
32.526 1.12443e-09
32.586 1.12443e-09
32.646 1.12443e-09
32.706 1.12443e-09
32.766 1.12443e-09
32.826 1.12443e-09
32.886 1.12443e-09
32.946 1.12443e-09
33.006 1.12443e-09
33.066 1.12443e-09
33.126 1.12443e-09
33.186 1.12443e-09
33.246 1.12443e-09
33.306 1.12443e-09
33.366 1.12443e-09
33.426 1.12443e-09
33.486 1.12443e-09
33.546 1.12443e-09
33.606 1.12443e-09
33.666 1.12443e-09
33.726 1.12443e-09
33.786 1.12443e-09
33.846 1.12443e-09
33.906 1.12443e-09
33.966 1.12443e-09
34.026 1.12443e-09
34.086 1.12443e-09
34.146 1.12443e-09
34.206 1.12443e-09
34.266 1.12443e-09
34.326 1.12443e-09
34.386 1.12443e-09
34.446 1.12443e-09
34.506 1.12443e-09
34.566 1.12443e-09
34.626 1.12443e-09
34.686 1.12443e-09
34.746 1.12443e-09
34.806 1.12443e-09
34.866 1.12443e-09
34.926 1.12443e-09
34.986 1.12443e-09
35.046 1.12443e-09
35.106 1.12443e-09
35.166 1.12443e-09
35.226 1.12443e-09
35.286 1.12443e-09
35.346 1.12443e-09
35.406 1.12443e-09
35.466 1.12443e-09
35.526 1.12443e-09
35.586 1.12443e-09
35.646 1.12443e-09
35.706 1.12443e-09
35.766 1.12443e-09
35.826 1.12443e-09
35.886 1.12443e-09
35.946 1.12443e-09
36.006 1.12443e-09
36.066 1.12443e-09
36.126 1.12443e-09
36.186 1.12443e-09
36.246 1.12443e-09
36.306 1.12443e-09
36.366 1.12443e-09
36.426 1.12443e-09
36.486 1.12443e-09
36.546 1.12443e-09
36.606 1.12443e-09
36.666 1.12443e-09
36.726 1.12443e-09
36.786 1.12443e-09
36.846 1.12443e-09
36.906 1.12443e-09
36.966 1.12443e-09
37.026 1.12443e-09
37.086 1.12443e-09
37.146 1.12443e-09
37.206 1.12443e-09
37.266 1.12443e-09
37.326 1.12443e-09
37.386 1.12443e-09
37.446 1.12443e-09
37.506 1.12443e-09
37.566 1.12443e-09
37.626 1.12443e-09
37.686 1.12443e-09
37.746 1.12443e-09
37.806 1.12443e-09
37.866 1.12443e-09
37.926 1.12443e-09
37.986 1.12443e-09
38.046 1.12443e-09
38.106 1.12443e-09
38.166 1.12443e-09
38.226 1.12443e-09
38.286 1.12443e-09
38.346 1.12443e-09
38.406 1.12443e-09
38.466 1.12443e-09
38.526 1.12443e-09
38.586 1.12443e-09
38.646 1.12443e-09
38.706 1.12443e-09
38.766 1.12443e-09
38.826 1.12443e-09
38.886 1.12443e-09
38.946 1.12443e-09
39.006 1.12443e-09
39.066 1.12443e-09
39.126 1.12443e-09
39.186 1.12443e-09
39.246 1.12443e-09
39.306 1.12443e-09
39.366 1.12443e-09
39.426 1.12443e-09
39.486 1.12443e-09
39.546 1.12443e-09
39.606 1.12443e-09
39.666 1.12443e-09
39.726 1.12443e-09
39.786 1.12443e-09
39.846 1.12443e-09
39.906 1.12443e-09
39.966 1.12443e-09
40.026 1.12443e-09
40.086 1.12443e-09
40.146 1.12443e-09
40.206 1.12443e-09
40.266 1.12443e-09
40.326 1.12443e-09
40.386 1.12443e-09
40.446 1.12443e-09
40.506 1.12443e-09
40.566 1.12443e-09
40.626 1.12443e-09
40.686 1.12443e-09
40.746 1.12443e-09
40.806 1.12443e-09
40.866 1.12443e-09
40.926 1.12443e-09
40.986 1.12443e-09
41.046 1.12443e-09
41.106 1.12443e-09
41.166 1.12443e-09
41.226 1.12443e-09
41.286 1.12443e-09
41.346 1.12443e-09
41.406 1.12443e-09
41.466 1.12443e-09
41.526 1.12443e-09
41.586 1.12443e-09
41.646 1.12443e-09
41.706 1.12443e-09
41.766 1.12443e-09
41.826 1.12443e-09
41.886 1.12443e-09
41.946 1.12443e-09
42.006 1.12443e-09
42.066 1.12443e-09
42.126 1.12443e-09
42.186 1.12443e-09
42.246 1.12443e-09
42.306 1.12443e-09
42.366 1.12443e-09
42.426 1.12443e-09
42.486 1.12443e-09
42.546 1.12443e-09
42.606 1.12443e-09
42.666 1.12443e-09
42.726 1.12443e-09
42.786 1.12443e-09
42.846 1.12443e-09
42.906 1.12443e-09
42.966 1.12443e-09
43.026 1.12443e-09
43.086 1.12443e-09
43.146 1.12443e-09
43.206 1.12443e-09
43.266 1.12443e-09
43.326 1.12443e-09
43.386 1.12443e-09
43.446 1.12443e-09
43.506 1.12443e-09
43.566 1.12443e-09
43.626 1.12443e-09
43.686 1.12443e-09
43.746 1.12443e-09
43.806 1.12443e-09
43.866 1.12443e-09
43.926 1.12443e-09
43.986 1.12443e-09
44.046 1.12443e-09
44.106 1.12443e-09
44.166 1.12443e-09
44.226 1.12443e-09
44.286 1.12443e-09
44.346 1.12443e-09
44.406 1.12443e-09
44.466 1.12443e-09
44.526 1.12443e-09
44.586 1.12443e-09
44.646 1.12443e-09
44.706 1.12443e-09
44.766 1.12443e-09
44.826 1.12443e-09
44.886 1.12443e-09
44.946 1.12443e-09
45.006 1.12443e-09
45.066 1.12443e-09
45.126 1.12443e-09
45.186 1.12443e-09
45.246 1.12443e-09
45.306 1.12443e-09
45.366 1.12443e-09
45.426 1.12443e-09
45.486 1.12443e-09
45.546 1.12443e-09
45.606 1.12443e-09
45.666 1.12443e-09
45.726 1.12443e-09
45.786 1.12443e-09
45.846 1.12443e-09
45.906 1.12443e-09
45.966 1.12443e-09
46.026 1.12443e-09
46.086 1.12443e-09
46.146 1.12443e-09
46.206 1.12443e-09
46.266 1.12443e-09
46.326 1.12443e-09
46.386 1.12443e-09
46.446 1.12443e-09
46.506 1.12443e-09
46.566 1.12443e-09
46.626 1.12443e-09
46.686 1.12443e-09
46.746 1.12443e-09
46.806 1.12443e-09
46.866 1.12443e-09
46.926 1.12443e-09
46.986 1.12443e-09
47.046 1.12443e-09
47.106 1.12443e-09
47.166 1.12443e-09
47.226 1.12443e-09
47.286 1.12443e-09
47.346 1.12443e-09
47.406 1.12443e-09
47.466 1.12443e-09
47.526 1.12443e-09
47.586 1.12443e-09
47.646 1.12443e-09
47.706 1.12443e-09
47.766 1.12443e-09
47.826 1.12443e-09
47.886 1.12443e-09
47.946 1.12443e-09
48.006 1.12443e-09
48.066 1.12443e-09
48.126 1.12443e-09
48.186 1.12443e-09
48.246 1.12443e-09
48.306 1.12443e-09
48.366 1.12443e-09
48.426 1.12443e-09
48.486 1.12443e-09
48.546 1.12443e-09
48.606 1.12443e-09
48.666 1.12443e-09
48.726 1.12443e-09
48.786 1.12443e-09
48.846 1.12443e-09
48.906 1.12443e-09
48.966 1.12443e-09
49.026 1.12443e-09
49.086 1.12443e-09
49.146 1.12443e-09
49.206 1.12443e-09
49.266 1.12443e-09
49.326 1.12443e-09
49.386 1.12443e-09
49.446 1.12443e-09
49.506 1.12443e-09
49.566 1.12443e-09
49.626 1.12443e-09
49.686 1.12443e-09
49.746 1.12443e-09
49.806 1.12443e-09
49.866 1.12443e-09
49.926 1.12443e-09
49.986 1.12443e-09
50.046 1.12443e-09
50.106 1.12443e-09
50.166 1.12443e-09
50.226 1.12443e-09
50.286 1.12443e-09
50.346 1.12443e-09
50.406 1.12443e-09
50.466 1.12443e-09
50.526 1.12443e-09
50.586 1.12443e-09
50.646 1.12443e-09
50.706 1.12443e-09
50.766 1.12443e-09
50.826 1.12443e-09
50.886 1.12443e-09
50.946 1.12443e-09
51.006 1.12443e-09
51.066 1.12443e-09
51.126 1.12443e-09
51.186 1.12443e-09
51.246 1.12443e-09
51.306 1.12443e-09
51.366 1.12443e-09
51.426 1.12443e-09
51.486 1.12443e-09
51.546 1.12443e-09
51.606 1.12443e-09
51.666 1.12443e-09
51.726 1.12443e-09
51.786 1.12443e-09
51.846 1.12443e-09
51.906 1.12443e-09
51.966 1.12443e-09
52.026 1.12443e-09
52.086 1.12443e-09
52.146 1.12443e-09
52.206 1.12443e-09
52.266 1.12443e-09
52.326 1.12443e-09
52.386 1.12443e-09
52.446 1.12443e-09
52.506 1.12443e-09
52.566 1.12443e-09
52.626 1.12443e-09
52.686 1.12443e-09
52.746 1.12443e-09
52.806 1.12443e-09
52.866 1.12443e-09
52.926 1.12443e-09
52.986 1.12443e-09
53.046 1.12443e-09
53.106 1.12443e-09
53.166 1.12443e-09
53.226 1.12443e-09
53.286 1.12443e-09
53.346 1.12443e-09
53.406 1.12443e-09
53.466 1.12443e-09
53.526 1.12443e-09
53.586 1.12443e-09
53.646 1.12443e-09
53.706 1.12443e-09
53.766 1.12443e-09
53.826 1.12443e-09
53.886 1.12443e-09
53.946 1.12443e-09
54.006 1.12443e-09
54.066 1.12443e-09
54.126 1.12443e-09
54.186 1.12443e-09
54.246 1.12443e-09
54.306 1.12443e-09
54.366 1.12443e-09
54.426 1.12443e-09
54.486 1.12443e-09
54.546 1.12443e-09
54.606 1.12443e-09
54.666 1.12443e-09
54.726 1.12443e-09
54.786 1.12443e-09
54.846 1.12443e-09
54.906 1.12443e-09
54.966 1.12443e-09
55.026 1.12443e-09
55.086 1.12443e-09
55.146 1.12443e-09
55.206 1.12443e-09
55.266 1.12443e-09
55.326 1.12443e-09
55.386 1.12443e-09
55.446 1.12443e-09
55.506 1.12443e-09
55.566 1.12443e-09
55.626 1.12443e-09
55.686 1.12443e-09
55.746 1.12443e-09
55.806 1.12443e-09
55.866 1.12443e-09
55.926 1.12443e-09
55.986 1.12443e-09
56.046 1.12443e-09
56.106 1.12443e-09
56.166 1.12443e-09
56.226 1.12443e-09
56.286 1.12443e-09
56.346 1.12443e-09
56.406 1.12443e-09
56.466 1.12443e-09
56.526 1.12443e-09
56.586 1.12443e-09
56.646 1.12443e-09
56.706 1.12443e-09
56.766 1.12443e-09
56.826 1.12443e-09
56.886 1.12443e-09
56.946 1.12443e-09
57.006 1.12443e-09
57.066 1.12443e-09
57.126 1.12443e-09
57.186 1.12443e-09
57.246 1.12443e-09
57.306 1.12443e-09
57.366 1.12443e-09
57.426 1.12443e-09
57.486 1.12443e-09
57.546 1.12443e-09
57.606 1.12443e-09
57.666 1.12443e-09
57.726 1.12443e-09
57.786 1.12443e-09
57.846 1.12443e-09
57.906 1.12443e-09
57.966 1.12443e-09
58.026 1.12443e-09
58.086 1.12443e-09
58.146 1.12443e-09
58.206 1.12443e-09
58.266 1.12443e-09
58.326 1.12443e-09
58.386 1.12443e-09
58.446 1.12443e-09
58.506 1.12443e-09
58.566 1.12443e-09
58.626 1.12443e-09
58.686 1.12443e-09
58.746 1.12443e-09
58.806 1.12443e-09
58.866 1.12443e-09
58.926 1.12443e-09
58.986 1.12443e-09
59.046 1.12443e-09
59.106 1.12443e-09
59.166 1.12443e-09
59.226 1.12443e-09
59.286 1.12443e-09
59.346 1.12443e-09
59.406 1.12443e-09
59.466 1.12443e-09
59.526 1.12443e-09
59.586 1.12443e-09
59.646 1.12443e-09
59.706 1.12443e-09
59.766 1.12443e-09
59.826 1.12443e-09
59.886 1.12443e-09
59.946 1.12443e-09

