0 0.128506
0 0.128172
0 0.127274
0 0.125835
0 0.123879
0 0.121444
0 0.118571
0 0.115311
0 0.111715
0 0.107842
0 0.103747
0 0.0994876
0 0.0951182
0 0.0906903
0 0.0862508
0 0.0818418
0 0.0774999
0 0.0732562
0 0.0691357
0 0.0651585
0 0.0613394
0 0.0576886
0 0.0542125
0 0.050914
0 0.047793
0 0.0448474
0 0.0420732
0 0.0394648
0 0.037016
0 0.0347196
0 0.0325682
0 0.0305541
0 0.0286695
0 0.0269069
0 0.0252588
0 0.023718
0 0.0222776
0 0.020931
0 0.0196721
0 0.0184949
0 0.0173939
0 0.016364
0 0.0154004
0 0.0144985
0 0.013654
0 0.0128632
0 0.0121223
0 0.0114279
0 0.0107769
0 0.0101664
0 0.00959365
0 0.00905607
0 0.0085513
0 0.00807714
0 0.00763155
0 0.00721263
0 0.00681862
0 0.0064479
0 0.00609896
0 0.00577039
0 0.0054609
0 0.00516926
0 0.00489437
0 0.00463516
0 0.00439067
0 0.00415997
0 0.00394224
0 0.00373668
0 0.00354254
0 0.00335915
0 0.00318586
0 0.00302207
0 0.00286721
0 0.00272077
0 0.00258225
0 0.0024512
0 0.00232717
0 0.00220977
0 0.00209862
0 0.00199335
0 0.00189365
0 0.00179919
0 0.00170968
0 0.00162485
0 0.00154444
0 0.00146819
0 0.00139589
0 0.00132731
0 0.00126226
0 0.00120053
0 0.00114196
0 0.00108637
0 0.0010336
0 0.000983498
0 0.000935926
0 0.000890747
0 0.000847836
0 0.000807072
0 0.000768343
0 0.000731542
0 0.000696569
0 0.000663328
0 0.00063173
0 0.00060169
0 0.000573127
0 0.000545967
0 0.000520136
0 0.000495566
0 0.000472195
0 0.000449961
0 0.000428805
0 0.000408675
0 0.000389518
0 0.000371284
0 0.000353929
0 0.000337408
0 0.000321679
0 0.000306703
0 0.000292443
0 0.000278863
0 0.000265929
0 0.00025361
0 0.000241876
0 0.000230697
0 0.000220046
0 0.000209898
0 0.000200228
0 0.000191013
0 0.000182231
0 0.00017386
0 0.000165881
0 0.000158275
0 0.000151023
0 0.00014411
0 0.000137517
0 0.000131231
0 0.000125236
0 0.000119518
0 0.000114064
0 0.000108862
0 0.000103899
0 9.91648e-05
0 9.46474e-05
0 9.0337e-05
0 8.62236e-05
0 8.2298e-05
0 7.85512e-05
0 7.49749e-05
0 7.15609e-05
0 6.83015e-05
0 6.51896e-05
0 6.22181e-05
0 5.93804e-05
0 5.66703e-05
0 5.40817e-05
0 5.16089e-05
0 4.92464e-05
0 4.69891e-05
0 4.48321e-05
0 4.27706e-05
0 4.08001e-05
0 3.89163e-05
0 3.71153e-05
0 3.5393e-05
0 3.37457e-05
0 3.217e-05
0 3.06625e-05
0 2.92199e-05
0 2.78391e-05
0 2.65173e-05
0 2.52516e-05
0 2.40393e-05
0 2.2878e-05
0 2.17651e-05
0 2.06983e-05
0 1.96755e-05
0 1.86945e-05
0 1.77532e-05
0 1.68497e-05
0 1.59822e-05
0 1.51489e-05
0 1.4348e-05
0 1.3578e-05
0 1.28373e-05
0 1.21243e-05
0 1.14378e-05
0 1.07762e-05
0 1.01383e-05
0 9.52287e-06
0 8.9286e-06
0 8.35437e-06
0 7.79907e-06
0 7.2616e-06
0 6.74095e-06
0 6.23611e-06
0 5.74612e-06
0 5.27006e-06
0 4.80703e-06
0 4.35616e-06
0 3.91664e-06
0 3.48764e-06
0 3.06838e-06
0 2.65811e-06
0 2.2561e-06
0 1.86162e-06
0 1.47398e-06
0 1.09251e-06
0 7.16538e-07
0 3.45427e-07
0 1.28506e-09
0 1.28506e-09
0 1.28506e-09
0 1.28506e-09
0 1.28506e-09
0 1.28506e-09
0 1.28506e-09
0 1.28506e-09
0 1.28506e-09
0 1.28506e-09
0 1.28506e-09
0 1.28506e-09
0 1.28506e-09
0 1.28506e-09
0 1.28506e-09
0 1.28506e-09
0 1.28506e-09
0 1.28506e-09
0 1.28506e-09
0 1.28506e-09
0 1.28506e-09
0 1.28506e-09
0 1.28506e-09
0 1.28506e-09
0 1.28506e-09
0 1.28506e-09
0 1.28506e-09
0 1.28506e-09
0 1.28506e-09
0 1.28506e-09
0 1.28506e-09
0 1.28506e-09
0 1.28506e-09
0 1.28506e-09
0 1.28506e-09
0 1.28506e-09
0 1.28506e-09
0 1.28506e-09
0 1.28506e-09
0 1.28506e-09
0 1.28506e-09
0 1.28506e-09
0 1.28506e-09
0 1.28506e-09
0 1.28506e-09
0 1.28506e-09
0 1.28506e-09
0 1.28506e-09
0 1.28506e-09
0 1.28506e-09
0 1.28506e-09
0 1.28506e-09
0 1.28506e-09
0 1.28506e-09
0 1.28506e-09
0 1.28506e-09
0 1.28506e-09
0 1.28506e-09
0 1.28506e-09
0 1.28506e-09
0 1.28506e-09
0 1.28506e-09
0 1.28506e-09
0 1.28506e-09
0 1.28506e-09
0 1.28506e-09
0 1.28506e-09
0 1.28506e-09
0 1.28506e-09
0 1.28506e-09
0 1.28506e-09
0 1.28506e-09
0 1.28506e-09
0 1.28506e-09
0 1.28506e-09
0 1.28506e-09
0 1.28506e-09
0 1.28506e-09
0 1.28506e-09
0 1.28506e-09
0 1.28506e-09
0 1.28506e-09
0 1.28506e-09
0 1.28506e-09
0 1.28506e-09
0 1.28506e-09
0 1.28506e-09
0 1.28506e-09
0 1.28506e-09
0 1.28506e-09
0 1.28506e-09
0 1.28506e-09
0 1.28506e-09
0 1.28506e-09
0 1.28506e-09
0 1.28506e-09
0 1.28506e-09
0 1.28506e-09
0 1.28506e-09
0 1.28506e-09
0 1.28506e-09
0 1.28506e-09
0 1.28506e-09
0 1.28506e-09
0 1.28506e-09
0 1.28506e-09
0 1.28506e-09
0 1.28506e-09
0 1.28506e-09
0 1.28506e-09
0 1.28506e-09
0 1.28506e-09
0 1.28506e-09
0 1.28506e-09
0 1.28506e-09
0 1.28506e-09
0 1.28506e-09
0 1.28506e-09
0 1.28506e-09
0 1.28506e-09
0 1.28506e-09
0 1.28506e-09
0 1.28506e-09
0 1.28506e-09
0 1.28506e-09
0 1.28506e-09
0 1.28506e-09
0 1.28506e-09
0 1.28506e-09
0 1.28506e-09
0 1.28506e-09
0 1.28506e-09
0 1.28506e-09
0 1.28506e-09
0 1.28506e-09
0 1.28506e-09
0 1.28506e-09
0 1.28506e-09
0 1.28506e-09
0 1.28506e-09
0 1.28506e-09
0 1.28506e-09
0 1.28506e-09
0 1.28506e-09
0 1.28506e-09
0 1.28506e-09
0 1.28506e-09
0 1.28506e-09
0 1.28506e-09
0 1.28506e-09
0 1.28506e-09
0 1.28506e-09
0 1.28506e-09
0 1.28506e-09
0 1.28506e-09
0 1.28506e-09
0 1.28506e-09
0 1.28506e-09
0 1.28506e-09
0 1.28506e-09
0 1.28506e-09
0 1.28506e-09
0 1.28506e-09
0 1.28506e-09
0 1.28506e-09
0 1.28506e-09
0 1.28506e-09
0 1.28506e-09
0 1.28506e-09
0 1.28506e-09
0 1.28506e-09
0 1.28506e-09
0 1.28506e-09
0 1.28506e-09
0 1.28506e-09
0 1.28506e-09
0 1.28506e-09
0 1.28506e-09
0 1.28506e-09
0 1.28506e-09
0 1.28506e-09
0 1.28506e-09
0 1.28506e-09
0 1.28506e-09
0 1.28506e-09
0 1.28506e-09
0 1.28506e-09
0 1.28506e-09
0 1.28506e-09
0 1.28506e-09
0 1.28506e-09
0 1.28506e-09
0 1.28506e-09
0 1.28506e-09
0 1.28506e-09
0 1.28506e-09
0 1.28506e-09
0 1.28506e-09
0 1.28506e-09
0 1.28506e-09
0 1.28506e-09
0 1.28506e-09
0 1.28506e-09
0 1.28506e-09
0 1.28506e-09
0 1.28506e-09
0 1.28506e-09
0 1.28506e-09
0 1.28506e-09
0 1.28506e-09
0 1.28506e-09
0 1.28506e-09
0 1.28506e-09
0 1.28506e-09
0 1.28506e-09
0 1.28506e-09
0 1.28506e-09
0 1.28506e-09
0 1.28506e-09
0 1.28506e-09
0 1.28506e-09
0 1.28506e-09
0 1.28506e-09
0 1.28506e-09
0 1.28506e-09
0 1.28506e-09
0 1.28506e-09
0 1.28506e-09
0 1.28506e-09
0 1.28506e-09
0 1.28506e-09
0 1.28506e-09
0 1.28506e-09
0 1.28506e-09
0 1.28506e-09
0 1.28506e-09
0 1.28506e-09
0 1.28506e-09
0 1.28506e-09
0 1.28506e-09
0 1.28506e-09
0 1.28506e-09
0 1.28506e-09
0 1.28506e-09
0 1.28506e-09
0 1.28506e-09
0 1.28506e-09
0 1.28506e-09
0 1.28506e-09
0 1.28506e-09
0 1.28506e-09
0 1.28506e-09
0 1.28506e-09
0 1.28506e-09
0 1.28506e-09
0 1.28506e-09
0 1.28506e-09
0 1.28506e-09
0 1.28506e-09
0 1.28506e-09
0 1.28506e-09
0 1.28506e-09
0 1.28506e-09
0 1.28506e-09
0 1.28506e-09
0 1.28506e-09
0 1.28506e-09
0 1.28506e-09
0 1.28506e-09
0 1.28506e-09
0 1.28506e-09
0 1.28506e-09
0 1.28506e-09
0 1.28506e-09
0 1.28506e-09
0 1.28506e-09
0 1.28506e-09
0 1.28506e-09
0 1.28506e-09
0 1.28506e-09
0 1.28506e-09
0 1.28506e-09
0 1.28506e-09
0 1.28506e-09
0 1.28506e-09
0 1.28506e-09
0 1.28506e-09
0 1.28506e-09
0 1.28506e-09
0 1.28506e-09
0 1.28506e-09
0 1.28506e-09
0 1.28506e-09
0 1.28506e-09
0 1.28506e-09
0 1.28506e-09
0 1.28506e-09
0 1.28506e-09
0 1.28506e-09
0 1.28506e-09
0 1.28506e-09
0 1.28506e-09
0 1.28506e-09
0 1.28506e-09
0 1.28506e-09
0 1.28506e-09
0 1.28506e-09
0 1.28506e-09
0 1.28506e-09
0 1.28506e-09
0 1.28506e-09
0 1.28506e-09
0 1.28506e-09
0 1.28506e-09
0 1.28506e-09
0 1.28506e-09
0 1.28506e-09
0 1.28506e-09
0 1.28506e-09
0 1.28506e-09
0 1.28506e-09
0 1.28506e-09
0 1.28506e-09
0 1.28506e-09
0 1.28506e-09
0 1.28506e-09
0 1.28506e-09
0 1.28506e-09
0 1.28506e-09
0 1.28506e-09
0 1.28506e-09
0 1.28506e-09
0 1.28506e-09
0 1.28506e-09
0 1.28506e-09
0 1.28506e-09
0 1.28506e-09
0 1.28506e-09
0 1.28506e-09
0 1.28506e-09
0 1.28506e-09
0 1.28506e-09
0 1.28506e-09
0 1.28506e-09
0 1.28506e-09
0 1.28506e-09
0 1.28506e-09
0 1.28506e-09
0 1.28506e-09
0 1.28506e-09
0 1.28506e-09
0 1.28506e-09
0 1.28506e-09
0 1.28506e-09
0 1.28506e-09
0 1.28506e-09
0 1.28506e-09
0 1.28506e-09
0 1.28506e-09
0 1.28506e-09
0 1.28506e-09
0 1.28506e-09
0 1.28506e-09
0 1.28506e-09
0 1.28506e-09
0 1.28506e-09
0 1.28506e-09
0 1.28506e-09
0 1.28506e-09
0 1.28506e-09
0 1.28506e-09
0 1.28506e-09
0 1.28506e-09
0 1.28506e-09
0 1.28506e-09
0 1.28506e-09
0 1.28506e-09
0 1.28506e-09
0 1.28506e-09
0 1.28506e-09
0 1.28506e-09
0 1.28506e-09
0 1.28506e-09
0 1.28506e-09
0 1.28506e-09
0 1.28506e-09
0 1.28506e-09
0 1.28506e-09
0 1.28506e-09
0 1.28506e-09
0 1.28506e-09
0 1.28506e-09
0 1.28506e-09
0 1.28506e-09
0 1.28506e-09
0 1.28506e-09
0 1.28506e-09
0 1.28506e-09
0 1.28506e-09
0 1.28506e-09
0 1.28506e-09
0 1.28506e-09
0 1.28506e-09
0 1.28506e-09
0 1.28506e-09
0 1.28506e-09
0 1.28506e-09
0 1.28506e-09
0 1.28506e-09
0 1.28506e-09
0 1.28506e-09
0 1.28506e-09
0 1.28506e-09
0 1.28506e-09
0 1.28506e-09
0 1.28506e-09
0 1.28506e-09
0 1.28506e-09
0 1.28506e-09
0 1.28506e-09
0 1.28506e-09
0 1.28506e-09
0 1.28506e-09
0 1.28506e-09
0 1.28506e-09
0 1.28506e-09
0 1.28506e-09
0 1.28506e-09
0 1.28506e-09
0 1.28506e-09
0 1.28506e-09
0 1.28506e-09
0 1.28506e-09
0 1.28506e-09
0 1.28506e-09
0 1.28506e-09
0 1.28506e-09
0 1.28506e-09
0 1.28506e-09
0 1.28506e-09
0 1.28506e-09
0 1.28506e-09
0 1.28506e-09
0 1.28506e-09
0 1.28506e-09
0 1.28506e-09
0 1.28506e-09
0 1.28506e-09
0 1.28506e-09
0 1.28506e-09
0 1.28506e-09
0 1.28506e-09
0 1.28506e-09
0 1.28506e-09
0 1.28506e-09
0 1.28506e-09
0 1.28506e-09
0 1.28506e-09
0 1.28506e-09
0 1.28506e-09
0 1.28506e-09
0 1.28506e-09
0 1.28506e-09
0 1.28506e-09
0 1.28506e-09
0 1.28506e-09
0 1.28506e-09
0 1.28506e-09
0 1.28506e-09
0 1.28506e-09
0 1.28506e-09
0 1.28506e-09
0 1.28506e-09
0 1.28506e-09
0 1.28506e-09
0 1.28506e-09
0 1.28506e-09
0 1.28506e-09
0 1.28506e-09
0 1.28506e-09
0 1.28506e-09
0 1.28506e-09
0 1.28506e-09
0 1.28506e-09
0 1.28506e-09
0 1.28506e-09
0 1.28506e-09
0 1.28506e-09
0 1.28506e-09
0 1.28506e-09
0 1.28506e-09
0 1.28506e-09
0 1.28506e-09
0 1.28506e-09
0 1.28506e-09
0 1.28506e-09
0 1.28506e-09
0 1.28506e-09
0 1.28506e-09
0 1.28506e-09
0 1.28506e-09
0 1.28506e-09
0 1.28506e-09
0 1.28506e-09
0 1.28506e-09
0 1.28506e-09
0 1.28506e-09
0 1.28506e-09
0 1.28506e-09
0 1.28506e-09
0 1.28506e-09
0 1.28506e-09
0 1.28506e-09
0 1.28506e-09
0 1.28506e-09
0 1.28506e-09
0 1.28506e-09
0 1.28506e-09
0 1.28506e-09
0 1.28506e-09
0 1.28506e-09
0 1.28506e-09
0 1.28506e-09
0 1.28506e-09
0 1.28506e-09
0 1.28506e-09
0 1.28506e-09
0 1.28506e-09
0 1.28506e-09
0 1.28506e-09
0 1.28506e-09
0 1.28506e-09
0 1.28506e-09
0 1.28506e-09
0 1.28506e-09
0 1.28506e-09
0 1.28506e-09
0 1.28506e-09
0 1.28506e-09
0 1.28506e-09
0 1.28506e-09
0 1.28506e-09
0 1.28506e-09
0 1.28506e-09
0 1.28506e-09
0 1.28506e-09
0 1.28506e-09
0 1.28506e-09
0 1.28506e-09
0 1.28506e-09
0 1.28506e-09
0 1.28506e-09
0 1.28506e-09
0 1.28506e-09
0 1.28506e-09
0 1.28506e-09
0 1.28506e-09
0 1.28506e-09
0 1.28506e-09
0 1.28506e-09
0 1.28506e-09
0 1.28506e-09
0 1.28506e-09
0 1.28506e-09
0 1.28506e-09
0 1.28506e-09
0 1.28506e-09
0 1.28506e-09
0 1.28506e-09
0 1.28506e-09
0 1.28506e-09
0 1.28506e-09
0 1.28506e-09
0 1.28506e-09
0 1.28506e-09
0 1.28506e-09
0 1.28506e-09
0 1.28506e-09
0 1.28506e-09
0 1.28506e-09
0 1.28506e-09
0 1.28506e-09
0 1.28506e-09
0 1.28506e-09
0 1.28506e-09
0 1.28506e-09
0 1.28506e-09
0 1.28506e-09
0 1.28506e-09
0 1.28506e-09
0 1.28506e-09
0 1.28506e-09
0 1.28506e-09
0 1.28506e-09
0 1.28506e-09
0 1.28506e-09
0 1.28506e-09
0 1.28506e-09
0 1.28506e-09
0 1.28506e-09
0 1.28506e-09
0 1.28506e-09
0 1.28506e-09
0 1.28506e-09
0 1.28506e-09
0 1.28506e-09
0 1.28506e-09
0 1.28506e-09
0 1.28506e-09
0 1.28506e-09
0 1.28506e-09
0 1.28506e-09
0 1.28506e-09
0 1.28506e-09
0 1.28506e-09
0 1.28506e-09
0 1.28506e-09
0 1.28506e-09
0 1.28506e-09
0 1.28506e-09
0 1.28506e-09
0 1.28506e-09
0 1.28506e-09
0 1.28506e-09
0 1.28506e-09
0 1.28506e-09
0 1.28506e-09
0 1.28506e-09
0 1.28506e-09
0 1.28506e-09
0 1.28506e-09
0 1.28506e-09
0 1.28506e-09
0 1.28506e-09
0 1.28506e-09
0 1.28506e-09
0 1.28506e-09
0 1.28506e-09
0 1.28506e-09
0 1.28506e-09
0 1.28506e-09
0 1.28506e-09
0 1.28506e-09
0 1.28506e-09
0 1.28506e-09
0 1.28506e-09
0 1.28506e-09
0 1.28506e-09
0 1.28506e-09
0 1.28506e-09
0 1.28506e-09
0 1.28506e-09
0 1.28506e-09
0 1.28506e-09
0 1.28506e-09
0 1.28506e-09
0 1.28506e-09
0 1.28506e-09
0 1.28506e-09
0 1.28506e-09
0 1.28506e-09
0 1.28506e-09
0 1.28506e-09
0 1.28506e-09
0 1.28506e-09
0 1.28506e-09
0 1.28506e-09
0 1.28506e-09
0 1.28506e-09
0 1.28506e-09
0 1.28506e-09
0 1.28506e-09
0 1.28506e-09
0 1.28506e-09
0 1.28506e-09
0 1.28506e-09
0 1.28506e-09
0 1.28506e-09
0 1.28506e-09
0 1.28506e-09
0 1.28506e-09
0 1.28506e-09
0 1.28506e-09
0 1.28506e-09
0 1.28506e-09
0 1.28506e-09
0 1.28506e-09
0 1.28506e-09
0 1.28506e-09
0 1.28506e-09
0 1.28506e-09
0 1.28506e-09
0 1.28506e-09
0 1.28506e-09
0 1.28506e-09
0 1.28506e-09
0 1.28506e-09
0 1.28506e-09
0 1.28506e-09
0 1.28506e-09
0 1.28506e-09
0 1.28506e-09
0 1.28506e-09
0 1.28506e-09
0 1.28506e-09
0 1.28506e-09
0 1.28506e-09
0 1.28506e-09
0 1.28506e-09
0 1.28506e-09
0 1.28506e-09
0 1.28506e-09
0 1.28506e-09
0 1.28506e-09
0 1.28506e-09
0 1.28506e-09
0 1.28506e-09
0 1.28506e-09
0 1.28506e-09
0 1.28506e-09
0 1.28506e-09
0 1.28506e-09
0 1.28506e-09
0 1.28506e-09
0 1.28506e-09
0 1.28506e-09
0 1.28506e-09
0 1.28506e-09
0 1.28506e-09
0 1.28506e-09
0 1.28506e-09
0 1.28506e-09
0 1.28506e-09
0 1.28506e-09
0 1.28506e-09
0 1.28506e-09
0 1.28506e-09
0 1.28506e-09
0 1.28506e-09
0 1.28506e-09
0 1.28506e-09
0 1.28506e-09
0 1.28506e-09
0 1.28506e-09
0 1.28506e-09
0 1.28506e-09
0 1.28506e-09
0 1.28506e-09
0 1.28506e-09
0 1.28506e-09
0 1.28506e-09
0 1.28506e-09
0 1.28506e-09
0 1.28506e-09
0 1.28506e-09
0 1.28506e-09
0 1.28506e-09
0 1.28506e-09
0 1.28506e-09
0 1.28506e-09
0 1.28506e-09
0 1.28506e-09
0 1.28506e-09
0 1.28506e-09
0 1.28506e-09
0 1.28506e-09
0 1.28506e-09
0 1.28506e-09
0 1.28506e-09
0 1.28506e-09
0 1.28506e-09
0 1.28506e-09
0 1.28506e-09
0 1.28506e-09
0 1.28506e-09
0 1.28506e-09
0 1.28506e-09
0 1.28506e-09
0 1.28506e-09
0 1.28506e-09
0 1.28506e-09
0 1.28506e-09
0 1.28506e-09
0 1.28506e-09
0 1.28506e-09
0 1.28506e-09
0 1.28506e-09
0 1.28506e-09
0 1.28506e-09
0 1.28506e-09
0 1.28506e-09

