0 0.214177
0 0.2103
0 0.200634
0 0.187094
0 0.171751
0 0.156244
0 0.141573
0 0.128198
0 0.116242
0 0.10565
0 0.0962912
0 0.0880172
0 0.0806842
0 0.0741637
0 0.0683442
0 0.0631306
0 0.0584426
0 0.0542121
0 0.0503817
0 0.0469026
0 0.0437334
0 0.0408385
0 0.0381875
0 0.035754
0 0.0335154
0 0.0314517
0 0.0295457
0 0.0277821
0 0.0261476
0 0.0246303
0 0.0232198
0 0.0219067
0 0.0206828
0 0.0195405
0 0.0184732
0 0.0174749
0 0.0165401
0 0.0156639
0 0.0148419
0 0.0140702
0 0.0133449
0 0.0126627
0 0.0120206
0 0.0114159
0 0.0108459
0 0.0103082
0 0.0098008
0 0.00932162
0 0.00886885
0 0.00844078
0 0.00803586
0 0.00765264
0 0.00728977
0 0.00694602
0 0.00662023
0 0.00631133
0 0.00601831
0 0.00574025
0 0.00547627
0 0.00522558
0 0.00498742
0 0.00476108
0 0.00454589
0 0.00434125
0 0.00414657
0 0.00396132
0 0.00378497
0 0.00361706
0 0.00345714
0 0.00330478
0 0.00315959
0 0.00302119
0 0.00288923
0 0.00276339
0 0.00264335
0 0.00252881
0 0.0024195
0 0.00231515
0 0.00221553
0 0.00212039
0 0.00202951
0 0.00194269
0 0.00185972
0 0.00178042
0 0.00170462
0 0.00163214
0 0.00156283
0 0.00149653
0 0.0014331
0 0.00137241
0 0.00131432
0 0.00125872
0 0.00120549
0 0.00115452
0 0.00110571
0 0.00105894
0 0.00101414
0 0.000971211
0 0.000930063
0 0.000890619
0 0.000852799
0 0.000816532
0 0.000781746
0 0.000748374
0 0.000716353
0 0.000685622
0 0.000656122
0 0.000627799
0 0.0006006
0 0.000574474
0 0.000549373
0 0.000525252
0 0.000502067
0 0.000479775
0 0.000458338
0 0.000437716
0 0.000417874
0 0.000398776
0 0.000380389
0 0.000362681
0 0.000345623
0 0.000329183
0 0.000313335
0 0.000298052
0 0.000283308
0 0.000269078
0 0.000255339
0 0.000242069
0 0.000229245
0 0.000216846
0 0.000204854
0 0.000193249
0 0.000182011
0 0.000171125
0 0.000160572
0 0.000150336
0 0.000140402
0 0.000130754
0 0.000121378
0 0.00011226
0 0.000103386
0 9.47437e-05
0 8.63198e-05
0 7.81023e-05
0 7.00797e-05
0 6.22404e-05
0 5.45735e-05
0 4.70684e-05
0 3.97148e-05
0 3.25028e-05
0 2.54226e-05
0 1.84648e-05
0 1.16203e-05
0 4.88025e-06
0 2.14177e-09
0 2.14177e-09
0 2.14177e-09
0 2.14177e-09
0 2.14177e-09
0 2.14177e-09
0 2.14177e-09
0 2.14177e-09
0 2.14177e-09
0 2.14177e-09
0 2.14177e-09
0 2.14177e-09
0 2.14177e-09
0 2.14177e-09
0 2.14177e-09
0 2.14177e-09
0 2.14177e-09
0 2.14177e-09
0 2.14177e-09
0 2.14177e-09
0 2.14177e-09
0 2.14177e-09
0 2.14177e-09
0 2.14177e-09
0 2.14177e-09
0 2.14177e-09
0 2.14177e-09
0 2.14177e-09
0 2.14177e-09
0 2.14177e-09
0 2.14177e-09
0 2.14177e-09
0 2.14177e-09
0 2.14177e-09
0 2.14177e-09
0 2.14177e-09
0 2.14177e-09
0 2.14177e-09
0 2.14177e-09
0 2.14177e-09
0 2.14177e-09
0 2.14177e-09
0 2.14177e-09
0 2.14177e-09
0 2.14177e-09
0 2.14177e-09
0 2.14177e-09
0 2.14177e-09
0 2.14177e-09
0 2.14177e-09
0 2.14177e-09
0 2.14177e-09
0 2.14177e-09
0 2.14177e-09
0 2.14177e-09
0 2.14177e-09
0 2.14177e-09
0 2.14177e-09
0 2.14177e-09
0 2.14177e-09
0 2.14177e-09
0 2.14177e-09
0 2.14177e-09
0 2.14177e-09
0 2.14177e-09
0 2.14177e-09
0 2.14177e-09
0 2.14177e-09
0 2.14177e-09
0 2.14177e-09
0 2.14177e-09
0 2.14177e-09
0 2.14177e-09
0 2.14177e-09
0 2.14177e-09
0 2.14177e-09
0 2.14177e-09
0 2.14177e-09
0 2.14177e-09
0 2.14177e-09
0 2.14177e-09
0 2.14177e-09
0 2.14177e-09
0 2.14177e-09
0 2.14177e-09
0 2.14177e-09
0 2.14177e-09
0 2.14177e-09
0 2.14177e-09
0 2.14177e-09
0 2.14177e-09
0 2.14177e-09
0 2.14177e-09
0 2.14177e-09
0 2.14177e-09
0 2.14177e-09
0 2.14177e-09
0 2.14177e-09
0 2.14177e-09
0 2.14177e-09
0 2.14177e-09
0 2.14177e-09
0 2.14177e-09
0 2.14177e-09
0 2.14177e-09
0 2.14177e-09
0 2.14177e-09
0 2.14177e-09
0 2.14177e-09
0 2.14177e-09
0 2.14177e-09
0 2.14177e-09
0 2.14177e-09
0 2.14177e-09
0 2.14177e-09
0 2.14177e-09
0 2.14177e-09
0 2.14177e-09
0 2.14177e-09
0 2.14177e-09
0 2.14177e-09
0 2.14177e-09
0 2.14177e-09
0 2.14177e-09
0 2.14177e-09
0 2.14177e-09
0 2.14177e-09
0 2.14177e-09
0 2.14177e-09
0 2.14177e-09
0 2.14177e-09
0 2.14177e-09
0 2.14177e-09
0 2.14177e-09
0 2.14177e-09
0 2.14177e-09
0 2.14177e-09
0 2.14177e-09
0 2.14177e-09
0 2.14177e-09
0 2.14177e-09
0 2.14177e-09
0 2.14177e-09
0 2.14177e-09
0 2.14177e-09
0 2.14177e-09
0 2.14177e-09
0 2.14177e-09
0 2.14177e-09
0 2.14177e-09
0 2.14177e-09
0 2.14177e-09
0 2.14177e-09
0 2.14177e-09
0 2.14177e-09
0 2.14177e-09
0 2.14177e-09
0 2.14177e-09
0 2.14177e-09
0 2.14177e-09
0 2.14177e-09
0 2.14177e-09
0 2.14177e-09
0 2.14177e-09
0 2.14177e-09
0 2.14177e-09
0 2.14177e-09
0 2.14177e-09
0 2.14177e-09
0 2.14177e-09
0 2.14177e-09
0 2.14177e-09
0 2.14177e-09
0 2.14177e-09
0 2.14177e-09
0 2.14177e-09
0 2.14177e-09
0 2.14177e-09
0 2.14177e-09
0 2.14177e-09
0 2.14177e-09
0 2.14177e-09
0 2.14177e-09
0 2.14177e-09
0 2.14177e-09
0 2.14177e-09
0 2.14177e-09
0 2.14177e-09
0 2.14177e-09
0 2.14177e-09
0 2.14177e-09
0 2.14177e-09
0 2.14177e-09
0 2.14177e-09
0 2.14177e-09
0 2.14177e-09
0 2.14177e-09
0 2.14177e-09
0 2.14177e-09
0 2.14177e-09
0 2.14177e-09
0 2.14177e-09
0 2.14177e-09
0 2.14177e-09
0 2.14177e-09
0 2.14177e-09
0 2.14177e-09
0 2.14177e-09
0 2.14177e-09
0 2.14177e-09
0 2.14177e-09
0 2.14177e-09
0 2.14177e-09
0 2.14177e-09
0 2.14177e-09
0 2.14177e-09
0 2.14177e-09
0 2.14177e-09
0 2.14177e-09
0 2.14177e-09
0 2.14177e-09
0 2.14177e-09
0 2.14177e-09
0 2.14177e-09
0 2.14177e-09
0 2.14177e-09
0 2.14177e-09
0 2.14177e-09
0 2.14177e-09
0 2.14177e-09
0 2.14177e-09
0 2.14177e-09
0 2.14177e-09
0 2.14177e-09
0 2.14177e-09
0 2.14177e-09
0 2.14177e-09
0 2.14177e-09
0 2.14177e-09
0 2.14177e-09
0 2.14177e-09
0 2.14177e-09
0 2.14177e-09
0 2.14177e-09
0 2.14177e-09
0 2.14177e-09
0 2.14177e-09
0 2.14177e-09
0 2.14177e-09
0 2.14177e-09
0 2.14177e-09
0 2.14177e-09
0 2.14177e-09
0 2.14177e-09
0 2.14177e-09
0 2.14177e-09
0 2.14177e-09
0 2.14177e-09
0 2.14177e-09
0 2.14177e-09
0 2.14177e-09
0 2.14177e-09
0 2.14177e-09
0 2.14177e-09
0 2.14177e-09
0 2.14177e-09
0 2.14177e-09
0 2.14177e-09
0 2.14177e-09
0 2.14177e-09
0 2.14177e-09
0 2.14177e-09
0 2.14177e-09
0 2.14177e-09
0 2.14177e-09
0 2.14177e-09
0 2.14177e-09
0 2.14177e-09
0 2.14177e-09
0 2.14177e-09
0 2.14177e-09
0 2.14177e-09
0 2.14177e-09
0 2.14177e-09
0 2.14177e-09
0 2.14177e-09
0 2.14177e-09
0 2.14177e-09
0 2.14177e-09
0 2.14177e-09
0 2.14177e-09
0 2.14177e-09
0 2.14177e-09
0 2.14177e-09
0 2.14177e-09
0 2.14177e-09
0 2.14177e-09
0 2.14177e-09
0 2.14177e-09
0 2.14177e-09
0 2.14177e-09
0 2.14177e-09
0 2.14177e-09
0 2.14177e-09
0 2.14177e-09
0 2.14177e-09
0 2.14177e-09
0 2.14177e-09
0 2.14177e-09
0 2.14177e-09
0 2.14177e-09
0 2.14177e-09
0 2.14177e-09
0 2.14177e-09
0 2.14177e-09
0 2.14177e-09
0 2.14177e-09
0 2.14177e-09
0 2.14177e-09
0 2.14177e-09
0 2.14177e-09
0 2.14177e-09
0 2.14177e-09
0 2.14177e-09
0 2.14177e-09
0 2.14177e-09
0 2.14177e-09
0 2.14177e-09
0 2.14177e-09
0 2.14177e-09
0 2.14177e-09
0 2.14177e-09
0 2.14177e-09
0 2.14177e-09
0 2.14177e-09
0 2.14177e-09
0 2.14177e-09
0 2.14177e-09
0 2.14177e-09
0 2.14177e-09
0 2.14177e-09
0 2.14177e-09
0 2.14177e-09
0 2.14177e-09
0 2.14177e-09
0 2.14177e-09
0 2.14177e-09
0 2.14177e-09
0 2.14177e-09
0 2.14177e-09
0 2.14177e-09
0 2.14177e-09
0 2.14177e-09
0 2.14177e-09
0 2.14177e-09
0 2.14177e-09
0 2.14177e-09
0 2.14177e-09
0 2.14177e-09
0 2.14177e-09
0 2.14177e-09
0 2.14177e-09
0 2.14177e-09
0 2.14177e-09
0 2.14177e-09
0 2.14177e-09
0 2.14177e-09
0 2.14177e-09
0 2.14177e-09
0 2.14177e-09
0 2.14177e-09
0 2.14177e-09
0 2.14177e-09
0 2.14177e-09
0 2.14177e-09
0 2.14177e-09
0 2.14177e-09
0 2.14177e-09
0 2.14177e-09
0 2.14177e-09
0 2.14177e-09
0 2.14177e-09
0 2.14177e-09
0 2.14177e-09
0 2.14177e-09
0 2.14177e-09
0 2.14177e-09
0 2.14177e-09
0 2.14177e-09
0 2.14177e-09
0 2.14177e-09
0 2.14177e-09
0 2.14177e-09
0 2.14177e-09
0 2.14177e-09
0 2.14177e-09
0 2.14177e-09
0 2.14177e-09
0 2.14177e-09
0 2.14177e-09
0 2.14177e-09
0 2.14177e-09
0 2.14177e-09
0 2.14177e-09
0 2.14177e-09
0 2.14177e-09
0 2.14177e-09
0 2.14177e-09
0 2.14177e-09
0 2.14177e-09
0 2.14177e-09
0 2.14177e-09
0 2.14177e-09
0 2.14177e-09
0 2.14177e-09
0 2.14177e-09
0 2.14177e-09
0 2.14177e-09
0 2.14177e-09
0 2.14177e-09
0 2.14177e-09
0 2.14177e-09
0 2.14177e-09
0 2.14177e-09
0 2.14177e-09
0 2.14177e-09
0 2.14177e-09
0 2.14177e-09
0 2.14177e-09
0 2.14177e-09
0 2.14177e-09
0 2.14177e-09
0 2.14177e-09
0 2.14177e-09
0 2.14177e-09
0 2.14177e-09
0 2.14177e-09
0 2.14177e-09
0 2.14177e-09
0 2.14177e-09
0 2.14177e-09
0 2.14177e-09
0 2.14177e-09
0 2.14177e-09
0 2.14177e-09
0 2.14177e-09
0 2.14177e-09
0 2.14177e-09
0 2.14177e-09
0 2.14177e-09
0 2.14177e-09
0 2.14177e-09
0 2.14177e-09
0 2.14177e-09
0 2.14177e-09
0 2.14177e-09
0 2.14177e-09
0 2.14177e-09
0 2.14177e-09
0 2.14177e-09
0 2.14177e-09
0 2.14177e-09
0 2.14177e-09
0 2.14177e-09
0 2.14177e-09
0 2.14177e-09
0 2.14177e-09
0 2.14177e-09
0 2.14177e-09
0 2.14177e-09
0 2.14177e-09
0 2.14177e-09
0 2.14177e-09
0 2.14177e-09
0 2.14177e-09
0 2.14177e-09
0 2.14177e-09
0 2.14177e-09
0 2.14177e-09
0 2.14177e-09
0 2.14177e-09
0 2.14177e-09
0 2.14177e-09
0 2.14177e-09
0 2.14177e-09
0 2.14177e-09
0 2.14177e-09
0 2.14177e-09
0 2.14177e-09
0 2.14177e-09
0 2.14177e-09
0 2.14177e-09
0 2.14177e-09
0 2.14177e-09
0 2.14177e-09
0 2.14177e-09
0 2.14177e-09
0 2.14177e-09
0 2.14177e-09
0 2.14177e-09
0 2.14177e-09
0 2.14177e-09
0 2.14177e-09
0 2.14177e-09
0 2.14177e-09
0 2.14177e-09
0 2.14177e-09
0 2.14177e-09
0 2.14177e-09
0 2.14177e-09
0 2.14177e-09
0 2.14177e-09
0 2.14177e-09
0 2.14177e-09
0 2.14177e-09
0 2.14177e-09
0 2.14177e-09
0 2.14177e-09
0 2.14177e-09
0 2.14177e-09
0 2.14177e-09
0 2.14177e-09
0 2.14177e-09
0 2.14177e-09
0 2.14177e-09
0 2.14177e-09
0 2.14177e-09
0 2.14177e-09
0 2.14177e-09
0 2.14177e-09
0 2.14177e-09
0 2.14177e-09
0 2.14177e-09
0 2.14177e-09
0 2.14177e-09
0 2.14177e-09
0 2.14177e-09
0 2.14177e-09
0 2.14177e-09
0 2.14177e-09
0 2.14177e-09
0 2.14177e-09
0 2.14177e-09
0 2.14177e-09
0 2.14177e-09
0 2.14177e-09
0 2.14177e-09
0 2.14177e-09
0 2.14177e-09
0 2.14177e-09
0 2.14177e-09
0 2.14177e-09
0 2.14177e-09
0 2.14177e-09
0 2.14177e-09
0 2.14177e-09
0 2.14177e-09
0 2.14177e-09
0 2.14177e-09
0 2.14177e-09
0 2.14177e-09
0 2.14177e-09
0 2.14177e-09
0 2.14177e-09
0 2.14177e-09
0 2.14177e-09
0 2.14177e-09
0 2.14177e-09
0 2.14177e-09
0 2.14177e-09
0 2.14177e-09
0 2.14177e-09
0 2.14177e-09
0 2.14177e-09
0 2.14177e-09
0 2.14177e-09
0 2.14177e-09
0 2.14177e-09
0 2.14177e-09
0 2.14177e-09
0 2.14177e-09
0 2.14177e-09
0 2.14177e-09
0 2.14177e-09
0 2.14177e-09
0 2.14177e-09
0 2.14177e-09
0 2.14177e-09
0 2.14177e-09
0 2.14177e-09
0 2.14177e-09
0 2.14177e-09
0 2.14177e-09
0 2.14177e-09
0 2.14177e-09
0 2.14177e-09
0 2.14177e-09
0 2.14177e-09
0 2.14177e-09
0 2.14177e-09
0 2.14177e-09
0 2.14177e-09
0 2.14177e-09
0 2.14177e-09
0 2.14177e-09
0 2.14177e-09
0 2.14177e-09
0 2.14177e-09
0 2.14177e-09
0 2.14177e-09
0 2.14177e-09
0 2.14177e-09
0 2.14177e-09
0 2.14177e-09
0 2.14177e-09
0 2.14177e-09
0 2.14177e-09
0 2.14177e-09
0 2.14177e-09
0 2.14177e-09
0 2.14177e-09
0 2.14177e-09
0 2.14177e-09
0 2.14177e-09
0 2.14177e-09
0 2.14177e-09
0 2.14177e-09
0 2.14177e-09
0 2.14177e-09
0 2.14177e-09
0 2.14177e-09
0 2.14177e-09
0 2.14177e-09
0 2.14177e-09
0 2.14177e-09
0 2.14177e-09
0 2.14177e-09
0 2.14177e-09
0 2.14177e-09
0 2.14177e-09
0 2.14177e-09
0 2.14177e-09
0 2.14177e-09
0 2.14177e-09
0 2.14177e-09
0 2.14177e-09
0 2.14177e-09
0 2.14177e-09
0 2.14177e-09
0 2.14177e-09
0 2.14177e-09
0 2.14177e-09
0 2.14177e-09
0 2.14177e-09
0 2.14177e-09
0 2.14177e-09
0 2.14177e-09
0 2.14177e-09
0 2.14177e-09
0 2.14177e-09
0 2.14177e-09
0 2.14177e-09
0 2.14177e-09
0 2.14177e-09
0 2.14177e-09
0 2.14177e-09
0 2.14177e-09
0 2.14177e-09
0 2.14177e-09
0 2.14177e-09
0 2.14177e-09
0 2.14177e-09
0 2.14177e-09
0 2.14177e-09
0 2.14177e-09
0 2.14177e-09
0 2.14177e-09
0 2.14177e-09
0 2.14177e-09
0 2.14177e-09
0 2.14177e-09
0 2.14177e-09
0 2.14177e-09
0 2.14177e-09
0 2.14177e-09
0 2.14177e-09
0 2.14177e-09
0 2.14177e-09
0 2.14177e-09
0 2.14177e-09
0 2.14177e-09
0 2.14177e-09
0 2.14177e-09
0 2.14177e-09
0 2.14177e-09
0 2.14177e-09
0 2.14177e-09
0 2.14177e-09
0 2.14177e-09
0 2.14177e-09
0 2.14177e-09
0 2.14177e-09
0 2.14177e-09
0 2.14177e-09
0 2.14177e-09
0 2.14177e-09
0 2.14177e-09
0 2.14177e-09
0 2.14177e-09
0 2.14177e-09
0 2.14177e-09
0 2.14177e-09
0 2.14177e-09
0 2.14177e-09
0 2.14177e-09
0 2.14177e-09
0 2.14177e-09
0 2.14177e-09
0 2.14177e-09
0 2.14177e-09
0 2.14177e-09
0 2.14177e-09
0 2.14177e-09
0 2.14177e-09
0 2.14177e-09
0 2.14177e-09
0 2.14177e-09
0 2.14177e-09
0 2.14177e-09
0 2.14177e-09
0 2.14177e-09
0 2.14177e-09
0 2.14177e-09
0 2.14177e-09
0 2.14177e-09
0 2.14177e-09
0 2.14177e-09
0 2.14177e-09
0 2.14177e-09
0 2.14177e-09
0 2.14177e-09
0 2.14177e-09
0 2.14177e-09
0 2.14177e-09
0 2.14177e-09
0 2.14177e-09
0 2.14177e-09
0 2.14177e-09
0 2.14177e-09
0 2.14177e-09
0 2.14177e-09
0 2.14177e-09
0 2.14177e-09
0 2.14177e-09
0 2.14177e-09
0 2.14177e-09
0 2.14177e-09
0 2.14177e-09
0 2.14177e-09
0 2.14177e-09
0 2.14177e-09
0 2.14177e-09
0 2.14177e-09
0 2.14177e-09
0 2.14177e-09
0 2.14177e-09
0 2.14177e-09
0 2.14177e-09
0 2.14177e-09
0 2.14177e-09
0 2.14177e-09
0 2.14177e-09
0 2.14177e-09
0 2.14177e-09
0 2.14177e-09
0 2.14177e-09
0 2.14177e-09
0 2.14177e-09
0 2.14177e-09
0 2.14177e-09
0 2.14177e-09
0 2.14177e-09
0 2.14177e-09
0 2.14177e-09
0 2.14177e-09
0 2.14177e-09
0 2.14177e-09
0 2.14177e-09
0 2.14177e-09
0 2.14177e-09
0 2.14177e-09
0 2.14177e-09
0 2.14177e-09
0 2.14177e-09
0 2.14177e-09
0 2.14177e-09
0 2.14177e-09
0 2.14177e-09
0 2.14177e-09
0 2.14177e-09
0 2.14177e-09
0 2.14177e-09
0 2.14177e-09
0 2.14177e-09
0 2.14177e-09
0 2.14177e-09
0 2.14177e-09
0 2.14177e-09
0 2.14177e-09
0 2.14177e-09
0 2.14177e-09
0 2.14177e-09
0 2.14177e-09
0 2.14177e-09
0 2.14177e-09
0 2.14177e-09
0 2.14177e-09
0 2.14177e-09
0 2.14177e-09
0 2.14177e-09
0 2.14177e-09
0 2.14177e-09
0 2.14177e-09
0 2.14177e-09
0 2.14177e-09
0 2.14177e-09
0 2.14177e-09
0 2.14177e-09
0 2.14177e-09
0 2.14177e-09
0 2.14177e-09
0 2.14177e-09
0 2.14177e-09
0 2.14177e-09
0 2.14177e-09
0 2.14177e-09
0 2.14177e-09
0 2.14177e-09
0 2.14177e-09
0 2.14177e-09
0 2.14177e-09
0 2.14177e-09
0 2.14177e-09
0 2.14177e-09
0 2.14177e-09
0 2.14177e-09

