0 0.219532
0 0.21499
0 0.20383
0 0.188579
0 0.171795
0 0.15531
0 0.140087
0 0.12647
0 0.114464
0 0.103933
0 0.0946934
0 0.0865642
0 0.0793835
0 0.0730124
0 0.0673338
0 0.0622503
0 0.0576805
0 0.0535565
0 0.0498214
0 0.0464274
0 0.0433336
0 0.0405057
0 0.0379139
0 0.0355328
0 0.0333404
0 0.0313175
0 0.0294474
0 0.0277154
0 0.0261087
0 0.0246158
0 0.0232266
0 0.0219322
0 0.0207246
0 0.0195964
0 0.0185414
0 0.0175536
0 0.0166279
0 0.0157595
0 0.0149441
0 0.0141778
0 0.0134571
0 0.0127786
0 0.0121395
0 0.0115371
0 0.0109688
0 0.0104323
0 0.0099256
0 0.00944672
0 0.00899387
0 0.00856541
0 0.0081598
0 0.00777564
0 0.00741162
0 0.00706651
0 0.0067392
0 0.00642862
0 0.0061338
0 0.00585383
0 0.00558785
0 0.00533508
0 0.00509476
0 0.00486622
0 0.00464878
0 0.00444186
0 0.00424487
0 0.00405729
0 0.00387861
0 0.00370835
0 0.00354608
0 0.00339138
0 0.00324385
0 0.00310313
0 0.00296887
0 0.00284073
0 0.00271842
0 0.00260164
0 0.00249011
0 0.00238357
0 0.00228177
0 0.00218449
0 0.00209151
0 0.0020026
0 0.00191759
0 0.00183627
0 0.00175848
0 0.00168405
0 0.00161281
0 0.00154462
0 0.00147934
0 0.00141682
0 0.00135693
0 0.00129957
0 0.0012446
0 0.00119192
0 0.00114143
0 0.00109302
0 0.00104659
0 0.00100207
0 0.000959355
0 0.00091837
0 0.000879036
0 0.000841278
0 0.000805026
0 0.000770212
0 0.00073677
0 0.00070464
0 0.000673763
0 0.000644082
0 0.000615544
0 0.000588099
0 0.000561696
0 0.00053629
0 0.000511835
0 0.00048829
0 0.000465614
0 0.000443767
0 0.000422712
0 0.000402413
0 0.000382837
0 0.000363951
0 0.000345723
0 0.000328123
0 0.000311123
0 0.000294694
0 0.000278811
0 0.000263448
0 0.000248581
0 0.000234186
0 0.000220241
0 0.000206723
0 0.000193614
0 0.000180891
0 0.000168537
0 0.000156533
0 0.00014486
0 0.000133503
0 0.000122443
0 0.000111666
0 0.000101156
0 9.08974e-05
0 8.08768e-05
0 7.10799e-05
0 6.14935e-05
0 5.21043e-05
0 4.29e-05
0 3.38681e-05
0 2.4997e-05
0 1.62751e-05
0 7.69125e-06
0 2.19532e-09
0 2.19532e-09
0 2.19532e-09
0 2.19532e-09
0 2.19532e-09
0 2.19532e-09
0 2.19532e-09
0 2.19532e-09
0 2.19532e-09
0 2.19532e-09
0 2.19532e-09
0 2.19532e-09
0 2.19532e-09
0 2.19532e-09
0 2.19532e-09
0 2.19532e-09
0 2.19532e-09
0 2.19532e-09
0 2.19532e-09
0 2.19532e-09
0 2.19532e-09
0 2.19532e-09
0 2.19532e-09
0 2.19532e-09
0 2.19532e-09
0 2.19532e-09
0 2.19532e-09
0 2.19532e-09
0 2.19532e-09
0 2.19532e-09
0 2.19532e-09
0 2.19532e-09
0 2.19532e-09
0 2.19532e-09
0 2.19532e-09
0 2.19532e-09
0 2.19532e-09
0 2.19532e-09
0 2.19532e-09
0 2.19532e-09
0 2.19532e-09
0 2.19532e-09
0 2.19532e-09
0 2.19532e-09
0 2.19532e-09
0 2.19532e-09
0 2.19532e-09
0 2.19532e-09
0 2.19532e-09
0 2.19532e-09
0 2.19532e-09
0 2.19532e-09
0 2.19532e-09
0 2.19532e-09
0 2.19532e-09
0 2.19532e-09
0 2.19532e-09
0 2.19532e-09
0 2.19532e-09
0 2.19532e-09
0 2.19532e-09
0 2.19532e-09
0 2.19532e-09
0 2.19532e-09
0 2.19532e-09
0 2.19532e-09
0 2.19532e-09
0 2.19532e-09
0 2.19532e-09
0 2.19532e-09
0 2.19532e-09
0 2.19532e-09
0 2.19532e-09
0 2.19532e-09
0 2.19532e-09
0 2.19532e-09
0 2.19532e-09
0 2.19532e-09
0 2.19532e-09
0 2.19532e-09
0 2.19532e-09
0 2.19532e-09
0 2.19532e-09
0 2.19532e-09
0 2.19532e-09
0 2.19532e-09
0 2.19532e-09
0 2.19532e-09
0 2.19532e-09
0 2.19532e-09
0 2.19532e-09
0 2.19532e-09
0 2.19532e-09
0 2.19532e-09
0 2.19532e-09
0 2.19532e-09
0 2.19532e-09
0 2.19532e-09
0 2.19532e-09
0 2.19532e-09
0 2.19532e-09
0 2.19532e-09
0 2.19532e-09
0 2.19532e-09
0 2.19532e-09
0 2.19532e-09
0 2.19532e-09
0 2.19532e-09
0 2.19532e-09
0 2.19532e-09
0 2.19532e-09
0 2.19532e-09
0 2.19532e-09
0 2.19532e-09
0 2.19532e-09
0 2.19532e-09
0 2.19532e-09
0 2.19532e-09
0 2.19532e-09
0 2.19532e-09
0 2.19532e-09
0 2.19532e-09
0 2.19532e-09
0 2.19532e-09
0 2.19532e-09
0 2.19532e-09
0 2.19532e-09
0 2.19532e-09
0 2.19532e-09
0 2.19532e-09
0 2.19532e-09
0 2.19532e-09
0 2.19532e-09
0 2.19532e-09
0 2.19532e-09
0 2.19532e-09
0 2.19532e-09
0 2.19532e-09
0 2.19532e-09
0 2.19532e-09
0 2.19532e-09
0 2.19532e-09
0 2.19532e-09
0 2.19532e-09
0 2.19532e-09
0 2.19532e-09
0 2.19532e-09
0 2.19532e-09
0 2.19532e-09
0 2.19532e-09
0 2.19532e-09
0 2.19532e-09
0 2.19532e-09
0 2.19532e-09
0 2.19532e-09
0 2.19532e-09
0 2.19532e-09
0 2.19532e-09
0 2.19532e-09
0 2.19532e-09
0 2.19532e-09
0 2.19532e-09
0 2.19532e-09
0 2.19532e-09
0 2.19532e-09
0 2.19532e-09
0 2.19532e-09
0 2.19532e-09
0 2.19532e-09
0 2.19532e-09
0 2.19532e-09
0 2.19532e-09
0 2.19532e-09
0 2.19532e-09
0 2.19532e-09
0 2.19532e-09
0 2.19532e-09
0 2.19532e-09
0 2.19532e-09
0 2.19532e-09
0 2.19532e-09
0 2.19532e-09
0 2.19532e-09
0 2.19532e-09
0 2.19532e-09
0 2.19532e-09
0 2.19532e-09
0 2.19532e-09
0 2.19532e-09
0 2.19532e-09
0 2.19532e-09
0 2.19532e-09
0 2.19532e-09
0 2.19532e-09
0 2.19532e-09
0 2.19532e-09
0 2.19532e-09
0 2.19532e-09
0 2.19532e-09
0 2.19532e-09
0 2.19532e-09
0 2.19532e-09
0 2.19532e-09
0 2.19532e-09
0 2.19532e-09
0 2.19532e-09
0 2.19532e-09
0 2.19532e-09
0 2.19532e-09
0 2.19532e-09
0 2.19532e-09
0 2.19532e-09
0 2.19532e-09
0 2.19532e-09
0 2.19532e-09
0 2.19532e-09
0 2.19532e-09
0 2.19532e-09
0 2.19532e-09
0 2.19532e-09
0 2.19532e-09
0 2.19532e-09
0 2.19532e-09
0 2.19532e-09
0 2.19532e-09
0 2.19532e-09
0 2.19532e-09
0 2.19532e-09
0 2.19532e-09
0 2.19532e-09
0 2.19532e-09
0 2.19532e-09
0 2.19532e-09
0 2.19532e-09
0 2.19532e-09
0 2.19532e-09
0 2.19532e-09
0 2.19532e-09
0 2.19532e-09
0 2.19532e-09
0 2.19532e-09
0 2.19532e-09
0 2.19532e-09
0 2.19532e-09
0 2.19532e-09
0 2.19532e-09
0 2.19532e-09
0 2.19532e-09
0 2.19532e-09
0 2.19532e-09
0 2.19532e-09
0 2.19532e-09
0 2.19532e-09
0 2.19532e-09
0 2.19532e-09
0 2.19532e-09
0 2.19532e-09
0 2.19532e-09
0 2.19532e-09
0 2.19532e-09
0 2.19532e-09
0 2.19532e-09
0 2.19532e-09
0 2.19532e-09
0 2.19532e-09
0 2.19532e-09
0 2.19532e-09
0 2.19532e-09
0 2.19532e-09
0 2.19532e-09
0 2.19532e-09
0 2.19532e-09
0 2.19532e-09
0 2.19532e-09
0 2.19532e-09
0 2.19532e-09
0 2.19532e-09
0 2.19532e-09
0 2.19532e-09
0 2.19532e-09
0 2.19532e-09
0 2.19532e-09
0 2.19532e-09
0 2.19532e-09
0 2.19532e-09
0 2.19532e-09
0 2.19532e-09
0 2.19532e-09
0 2.19532e-09
0 2.19532e-09
0 2.19532e-09
0 2.19532e-09
0 2.19532e-09
0 2.19532e-09
0 2.19532e-09
0 2.19532e-09
0 2.19532e-09
0 2.19532e-09
0 2.19532e-09
0 2.19532e-09
0 2.19532e-09
0 2.19532e-09
0 2.19532e-09
0 2.19532e-09
0 2.19532e-09
0 2.19532e-09
0 2.19532e-09
0 2.19532e-09
0 2.19532e-09
0 2.19532e-09
0 2.19532e-09
0 2.19532e-09
0 2.19532e-09
0 2.19532e-09
0 2.19532e-09
0 2.19532e-09
0 2.19532e-09
0 2.19532e-09
0 2.19532e-09
0 2.19532e-09
0 2.19532e-09
0 2.19532e-09
0 2.19532e-09
0 2.19532e-09
0 2.19532e-09
0 2.19532e-09
0 2.19532e-09
0 2.19532e-09
0 2.19532e-09
0 2.19532e-09
0 2.19532e-09
0 2.19532e-09
0 2.19532e-09
0 2.19532e-09
0 2.19532e-09
0 2.19532e-09
0 2.19532e-09
0 2.19532e-09
0 2.19532e-09
0 2.19532e-09
0 2.19532e-09
0 2.19532e-09
0 2.19532e-09
0 2.19532e-09
0 2.19532e-09
0 2.19532e-09
0 2.19532e-09
0 2.19532e-09
0 2.19532e-09
0 2.19532e-09
0 2.19532e-09
0 2.19532e-09
0 2.19532e-09
0 2.19532e-09
0 2.19532e-09
0 2.19532e-09
0 2.19532e-09
0 2.19532e-09
0 2.19532e-09
0 2.19532e-09
0 2.19532e-09
0 2.19532e-09
0 2.19532e-09
0 2.19532e-09
0 2.19532e-09
0 2.19532e-09
0 2.19532e-09
0 2.19532e-09
0 2.19532e-09
0 2.19532e-09
0 2.19532e-09
0 2.19532e-09
0 2.19532e-09
0 2.19532e-09
0 2.19532e-09
0 2.19532e-09
0 2.19532e-09
0 2.19532e-09
0 2.19532e-09
0 2.19532e-09
0 2.19532e-09
0 2.19532e-09
0 2.19532e-09
0 2.19532e-09
0 2.19532e-09
0 2.19532e-09
0 2.19532e-09
0 2.19532e-09
0 2.19532e-09
0 2.19532e-09
0 2.19532e-09
0 2.19532e-09
0 2.19532e-09
0 2.19532e-09
0 2.19532e-09
0 2.19532e-09
0 2.19532e-09
0 2.19532e-09
0 2.19532e-09
0 2.19532e-09
0 2.19532e-09
0 2.19532e-09
0 2.19532e-09
0 2.19532e-09
0 2.19532e-09
0 2.19532e-09
0 2.19532e-09
0 2.19532e-09
0 2.19532e-09
0 2.19532e-09
0 2.19532e-09
0 2.19532e-09
0 2.19532e-09
0 2.19532e-09
0 2.19532e-09
0 2.19532e-09
0 2.19532e-09
0 2.19532e-09
0 2.19532e-09
0 2.19532e-09
0 2.19532e-09
0 2.19532e-09
0 2.19532e-09
0 2.19532e-09
0 2.19532e-09
0 2.19532e-09
0 2.19532e-09
0 2.19532e-09
0 2.19532e-09
0 2.19532e-09
0 2.19532e-09
0 2.19532e-09
0 2.19532e-09
0 2.19532e-09
0 2.19532e-09
0 2.19532e-09
0 2.19532e-09
0 2.19532e-09
0 2.19532e-09
0 2.19532e-09
0 2.19532e-09
0 2.19532e-09
0 2.19532e-09
0 2.19532e-09
0 2.19532e-09
0 2.19532e-09
0 2.19532e-09
0 2.19532e-09
0 2.19532e-09
0 2.19532e-09
0 2.19532e-09
0 2.19532e-09
0 2.19532e-09
0 2.19532e-09
0 2.19532e-09
0 2.19532e-09
0 2.19532e-09
0 2.19532e-09
0 2.19532e-09
0 2.19532e-09
0 2.19532e-09
0 2.19532e-09
0 2.19532e-09
0 2.19532e-09
0 2.19532e-09
0 2.19532e-09
0 2.19532e-09
0 2.19532e-09
0 2.19532e-09
0 2.19532e-09
0 2.19532e-09
0 2.19532e-09
0 2.19532e-09
0 2.19532e-09
0 2.19532e-09
0 2.19532e-09
0 2.19532e-09
0 2.19532e-09
0 2.19532e-09
0 2.19532e-09
0 2.19532e-09
0 2.19532e-09
0 2.19532e-09
0 2.19532e-09
0 2.19532e-09
0 2.19532e-09
0 2.19532e-09
0 2.19532e-09
0 2.19532e-09
0 2.19532e-09
0 2.19532e-09
0 2.19532e-09
0 2.19532e-09
0 2.19532e-09
0 2.19532e-09
0 2.19532e-09
0 2.19532e-09
0 2.19532e-09
0 2.19532e-09
0 2.19532e-09
0 2.19532e-09
0 2.19532e-09
0 2.19532e-09
0 2.19532e-09
0 2.19532e-09
0 2.19532e-09
0 2.19532e-09
0 2.19532e-09
0 2.19532e-09
0 2.19532e-09
0 2.19532e-09
0 2.19532e-09
0 2.19532e-09
0 2.19532e-09
0 2.19532e-09
0 2.19532e-09
0 2.19532e-09
0 2.19532e-09
0 2.19532e-09
0 2.19532e-09
0 2.19532e-09
0 2.19532e-09
0 2.19532e-09
0 2.19532e-09
0 2.19532e-09
0 2.19532e-09
0 2.19532e-09
0 2.19532e-09
0 2.19532e-09
0 2.19532e-09
0 2.19532e-09
0 2.19532e-09
0 2.19532e-09
0 2.19532e-09
0 2.19532e-09
0 2.19532e-09
0 2.19532e-09
0 2.19532e-09
0 2.19532e-09
0 2.19532e-09
0 2.19532e-09
0 2.19532e-09
0 2.19532e-09
0 2.19532e-09
0 2.19532e-09
0 2.19532e-09
0 2.19532e-09
0 2.19532e-09
0 2.19532e-09
0 2.19532e-09
0 2.19532e-09
0 2.19532e-09
0 2.19532e-09
0 2.19532e-09
0 2.19532e-09
0 2.19532e-09
0 2.19532e-09
0 2.19532e-09
0 2.19532e-09
0 2.19532e-09
0 2.19532e-09
0 2.19532e-09
0 2.19532e-09
0 2.19532e-09
0 2.19532e-09
0 2.19532e-09
0 2.19532e-09
0 2.19532e-09
0 2.19532e-09
0 2.19532e-09
0 2.19532e-09
0 2.19532e-09
0 2.19532e-09
0 2.19532e-09
0 2.19532e-09
0 2.19532e-09
0 2.19532e-09
0 2.19532e-09
0 2.19532e-09
0 2.19532e-09
0 2.19532e-09
0 2.19532e-09
0 2.19532e-09
0 2.19532e-09
0 2.19532e-09
0 2.19532e-09
0 2.19532e-09
0 2.19532e-09
0 2.19532e-09
0 2.19532e-09
0 2.19532e-09
0 2.19532e-09
0 2.19532e-09
0 2.19532e-09
0 2.19532e-09
0 2.19532e-09
0 2.19532e-09
0 2.19532e-09
0 2.19532e-09
0 2.19532e-09
0 2.19532e-09
0 2.19532e-09
0 2.19532e-09
0 2.19532e-09
0 2.19532e-09
0 2.19532e-09
0 2.19532e-09
0 2.19532e-09
0 2.19532e-09
0 2.19532e-09
0 2.19532e-09
0 2.19532e-09
0 2.19532e-09
0 2.19532e-09
0 2.19532e-09
0 2.19532e-09
0 2.19532e-09
0 2.19532e-09
0 2.19532e-09
0 2.19532e-09
0 2.19532e-09
0 2.19532e-09
0 2.19532e-09
0 2.19532e-09
0 2.19532e-09
0 2.19532e-09
0 2.19532e-09
0 2.19532e-09
0 2.19532e-09
0 2.19532e-09
0 2.19532e-09
0 2.19532e-09
0 2.19532e-09
0 2.19532e-09
0 2.19532e-09
0 2.19532e-09
0 2.19532e-09
0 2.19532e-09
0 2.19532e-09
0 2.19532e-09
0 2.19532e-09
0 2.19532e-09
0 2.19532e-09
0 2.19532e-09
0 2.19532e-09
0 2.19532e-09
0 2.19532e-09
0 2.19532e-09
0 2.19532e-09
0 2.19532e-09
0 2.19532e-09
0 2.19532e-09
0 2.19532e-09
0 2.19532e-09
0 2.19532e-09
0 2.19532e-09
0 2.19532e-09
0 2.19532e-09
0 2.19532e-09
0 2.19532e-09
0 2.19532e-09
0 2.19532e-09
0 2.19532e-09
0 2.19532e-09
0 2.19532e-09
0 2.19532e-09
0 2.19532e-09
0 2.19532e-09
0 2.19532e-09
0 2.19532e-09
0 2.19532e-09
0 2.19532e-09
0 2.19532e-09
0 2.19532e-09
0 2.19532e-09
0 2.19532e-09
0 2.19532e-09
0 2.19532e-09
0 2.19532e-09
0 2.19532e-09
0 2.19532e-09
0 2.19532e-09
0 2.19532e-09
0 2.19532e-09
0 2.19532e-09
0 2.19532e-09
0 2.19532e-09
0 2.19532e-09
0 2.19532e-09
0 2.19532e-09
0 2.19532e-09
0 2.19532e-09
0 2.19532e-09
0 2.19532e-09
0 2.19532e-09
0 2.19532e-09
0 2.19532e-09
0 2.19532e-09
0 2.19532e-09
0 2.19532e-09
0 2.19532e-09
0 2.19532e-09
0 2.19532e-09
0 2.19532e-09
0 2.19532e-09
0 2.19532e-09
0 2.19532e-09
0 2.19532e-09
0 2.19532e-09
0 2.19532e-09
0 2.19532e-09
0 2.19532e-09
0 2.19532e-09
0 2.19532e-09
0 2.19532e-09
0 2.19532e-09
0 2.19532e-09
0 2.19532e-09
0 2.19532e-09
0 2.19532e-09
0 2.19532e-09
0 2.19532e-09
0 2.19532e-09
0 2.19532e-09
0 2.19532e-09
0 2.19532e-09
0 2.19532e-09
0 2.19532e-09
0 2.19532e-09
0 2.19532e-09
0 2.19532e-09
0 2.19532e-09
0 2.19532e-09
0 2.19532e-09
0 2.19532e-09
0 2.19532e-09
0 2.19532e-09
0 2.19532e-09
0 2.19532e-09
0 2.19532e-09
0 2.19532e-09
0 2.19532e-09
0 2.19532e-09
0 2.19532e-09
0 2.19532e-09
0 2.19532e-09
0 2.19532e-09
0 2.19532e-09
0 2.19532e-09
0 2.19532e-09
0 2.19532e-09
0 2.19532e-09
0 2.19532e-09
0 2.19532e-09
0 2.19532e-09
0 2.19532e-09
0 2.19532e-09
0 2.19532e-09
0 2.19532e-09
0 2.19532e-09
0 2.19532e-09
0 2.19532e-09
0 2.19532e-09
0 2.19532e-09
0 2.19532e-09
0 2.19532e-09
0 2.19532e-09
0 2.19532e-09
0 2.19532e-09
0 2.19532e-09
0 2.19532e-09
0 2.19532e-09
0 2.19532e-09
0 2.19532e-09
0 2.19532e-09
0 2.19532e-09
0 2.19532e-09
0 2.19532e-09
0 2.19532e-09
0 2.19532e-09
0 2.19532e-09
0 2.19532e-09
0 2.19532e-09
0 2.19532e-09
0 2.19532e-09
0 2.19532e-09
0 2.19532e-09
0 2.19532e-09
0 2.19532e-09
0 2.19532e-09
0 2.19532e-09
0 2.19532e-09
0 2.19532e-09
0 2.19532e-09
0 2.19532e-09
0 2.19532e-09
0 2.19532e-09
0 2.19532e-09
0 2.19532e-09
0 2.19532e-09
0 2.19532e-09
0 2.19532e-09
0 2.19532e-09
0 2.19532e-09
0 2.19532e-09
0 2.19532e-09
0 2.19532e-09
0 2.19532e-09
0 2.19532e-09
0 2.19532e-09
0 2.19532e-09
0 2.19532e-09
0 2.19532e-09
0 2.19532e-09
0 2.19532e-09
0 2.19532e-09
0 2.19532e-09
0 2.19532e-09
0 2.19532e-09
0 2.19532e-09
0 2.19532e-09
0 2.19532e-09
0 2.19532e-09
0 2.19532e-09
0 2.19532e-09
0 2.19532e-09
0 2.19532e-09
0 2.19532e-09
0 2.19532e-09
0 2.19532e-09
0 2.19532e-09
0 2.19532e-09
0 2.19532e-09
0 2.19532e-09
0 2.19532e-09
0 2.19532e-09
0 2.19532e-09
0 2.19532e-09
0 2.19532e-09
0 2.19532e-09
0 2.19532e-09
0 2.19532e-09
0 2.19532e-09
0 2.19532e-09
0 2.19532e-09
0 2.19532e-09
0 2.19532e-09
0 2.19532e-09
0 2.19532e-09
0 2.19532e-09
0 2.19532e-09

