0 0.37481
0 0.237744
0 0.201568
0 0.176927
0 0.157938
0 0.142517
0 0.129595
0 0.118536
0 0.108921
0 0.100464
0 0.0929544
0 0.0862359
0 0.0801878
0 0.0747149
0 0.0697406
0 0.0652021
0 0.0610475
0 0.0572333
0 0.0537224
0 0.0504831
0 0.0474882
0 0.0447139
0 0.0421394
0 0.0397464
0 0.0375189
0 0.0354426
0 0.0335045
0 0.0316935
0 0.0299991
0 0.0284122
0 0.0269245
0 0.0255285
0 0.0242172
0 0.0229846
0 0.0218249
0 0.0207329
0 0.019704
0 0.0187339
0 0.0178185
0 0.0169541
0 0.0161376
0 0.0153657
0 0.0146355
0 0.0139445
0 0.0132903
0 0.0126704
0 0.0120829
0 0.0115258
0 0.0109973
0 0.0104956
0 0.0100193
0 0.00956681
0 0.00913684
0 0.00872809
0 0.00833936
0 0.00796955
0 0.00761761
0 0.00728257
0 0.00696351
0 0.00665957
0 0.00636995
0 0.00609389
0 0.00583068
0 0.00557965
0 0.00534017
0 0.00511165
0 0.00489352
0 0.00468527
0 0.0044864
0 0.00429643
0 0.00411493
0 0.00394148
0 0.00377569
0 0.00361717
0 0.00346558
0 0.00332058
0 0.00318187
0 0.00304913
0 0.00292208
0 0.00280046
0 0.00268401
0 0.00257249
0 0.00246566
0 0.00236332
0 0.00226525
0 0.00217126
0 0.00208116
0 0.00199477
0 0.00191192
0 0.00183246
0 0.00175623
0 0.00168308
0 0.00161289
0 0.0015455
0 0.00148081
0 0.00141868
0 0.00135901
0 0.00130168
0 0.0012466
0 0.00119366
0 0.00114277
0 0.00109384
0 0.00104679
0 0.00100152
0 0.000957964
0 0.000916046
0 0.000875693
0 0.000836837
0 0.000799413
0 0.000763356
0 0.000728608
0 0.000695111
0 0.00066281
0 0.000631652
0 0.000601587
0 0.000572567
0 0.000544544
0 0.000517476
0 0.000491318
0 0.000466031
0 0.000441575
0 0.000417913
0 0.000395008
0 0.000372825
0 0.000351332
0 0.000330497
0 0.000310287
0 0.000290675
0 0.000271631
0 0.000253127
0 0.000235138
0 0.000217638
0 0.000200602
0 0.000184006
0 0.000167828
0 0.000152046
0 0.000136638
0 0.000121584
0 0.000106863
0 9.24573e-05
0 7.83469e-05
0 6.45141e-05
0 5.09415e-05
0 3.76118e-05
0 2.45087e-05
0 1.1616e-05
0 3.7481e-09
0 3.7481e-09
0 3.7481e-09
0 3.7481e-09
0 3.7481e-09
0 3.7481e-09
0 3.7481e-09
0 3.7481e-09
0 3.7481e-09
0 3.7481e-09
0 3.7481e-09
0 3.7481e-09
0 3.7481e-09
0 3.7481e-09
0 3.7481e-09
0 3.7481e-09
0 3.7481e-09
0 3.7481e-09
0 3.7481e-09
0 3.7481e-09
0 3.7481e-09
0 3.7481e-09
0 3.7481e-09
0 3.7481e-09
0 3.7481e-09
0 3.7481e-09
0 3.7481e-09
0 3.7481e-09
0 3.7481e-09
0 3.7481e-09
0 3.7481e-09
0 3.7481e-09
0 3.7481e-09
0 3.7481e-09
0 3.7481e-09
0 3.7481e-09
0 3.7481e-09
0 3.7481e-09
0 3.7481e-09
0 3.7481e-09
0 3.7481e-09
0 3.7481e-09
0 3.7481e-09
0 3.7481e-09
0 3.7481e-09
0 3.7481e-09
0 3.7481e-09
0 3.7481e-09
0 3.7481e-09
0 3.7481e-09
0 3.7481e-09
0 3.7481e-09
0 3.7481e-09
0 3.7481e-09
0 3.7481e-09
0 3.7481e-09
0 3.7481e-09
0 3.7481e-09
0 3.7481e-09
0 3.7481e-09
0 3.7481e-09
0 3.7481e-09
0 3.7481e-09
0 3.7481e-09
0 3.7481e-09
0 3.7481e-09
0 3.7481e-09
0 3.7481e-09
0 3.7481e-09
0 3.7481e-09
0 3.7481e-09
0 3.7481e-09
0 3.7481e-09
0 3.7481e-09
0 3.7481e-09
0 3.7481e-09
0 3.7481e-09
0 3.7481e-09
0 3.7481e-09
0 3.7481e-09
0 3.7481e-09
0 3.7481e-09
0 3.7481e-09
0 3.7481e-09
0 3.7481e-09
0 3.7481e-09
0 3.7481e-09
0 3.7481e-09
0 3.7481e-09
0 3.7481e-09
0 3.7481e-09
0 3.7481e-09
0 3.7481e-09
0 3.7481e-09
0 3.7481e-09
0 3.7481e-09
0 3.7481e-09
0 3.7481e-09
0 3.7481e-09
0 3.7481e-09
0 3.7481e-09
0 3.7481e-09
0 3.7481e-09
0 3.7481e-09
0 3.7481e-09
0 3.7481e-09
0 3.7481e-09
0 3.7481e-09
0 3.7481e-09
0 3.7481e-09
0 3.7481e-09
0 3.7481e-09
0 3.7481e-09
0 3.7481e-09
0 3.7481e-09
0 3.7481e-09
0 3.7481e-09
0 3.7481e-09
0 3.7481e-09
0 3.7481e-09
0 3.7481e-09
0 3.7481e-09
0 3.7481e-09
0 3.7481e-09
0 3.7481e-09
0 3.7481e-09
0 3.7481e-09
0 3.7481e-09
0 3.7481e-09
0 3.7481e-09
0 3.7481e-09
0 3.7481e-09
0 3.7481e-09
0 3.7481e-09
0 3.7481e-09
0 3.7481e-09
0 3.7481e-09
0 3.7481e-09
0 3.7481e-09
0 3.7481e-09
0 3.7481e-09
0 3.7481e-09
0 3.7481e-09
0 3.7481e-09
0 3.7481e-09
0 3.7481e-09
0 3.7481e-09
0 3.7481e-09
0 3.7481e-09
0 3.7481e-09
0 3.7481e-09
0 3.7481e-09
0 3.7481e-09
0 3.7481e-09
0 3.7481e-09
0 3.7481e-09
0 3.7481e-09
0 3.7481e-09
0 3.7481e-09
0 3.7481e-09
0 3.7481e-09
0 3.7481e-09
0 3.7481e-09
0 3.7481e-09
0 3.7481e-09
0 3.7481e-09
0 3.7481e-09
0 3.7481e-09
0 3.7481e-09
0 3.7481e-09
0 3.7481e-09
0 3.7481e-09
0 3.7481e-09
0 3.7481e-09
0 3.7481e-09
0 3.7481e-09
0 3.7481e-09
0 3.7481e-09
0 3.7481e-09
0 3.7481e-09
0 3.7481e-09
0 3.7481e-09
0 3.7481e-09
0 3.7481e-09
0 3.7481e-09
0 3.7481e-09
0 3.7481e-09
0 3.7481e-09
0 3.7481e-09
0 3.7481e-09
0 3.7481e-09
0 3.7481e-09
0 3.7481e-09
0 3.7481e-09
0 3.7481e-09
0 3.7481e-09
0 3.7481e-09
0 3.7481e-09
0 3.7481e-09
0 3.7481e-09
0 3.7481e-09
0 3.7481e-09
0 3.7481e-09
0 3.7481e-09
0 3.7481e-09
0 3.7481e-09
0 3.7481e-09
0 3.7481e-09
0 3.7481e-09
0 3.7481e-09
0 3.7481e-09
0 3.7481e-09
0 3.7481e-09
0 3.7481e-09
0 3.7481e-09
0 3.7481e-09
0 3.7481e-09
0 3.7481e-09
0 3.7481e-09
0 3.7481e-09
0 3.7481e-09
0 3.7481e-09
0 3.7481e-09
0 3.7481e-09
0 3.7481e-09
0 3.7481e-09
0 3.7481e-09
0 3.7481e-09
0 3.7481e-09
0 3.7481e-09
0 3.7481e-09
0 3.7481e-09
0 3.7481e-09
0 3.7481e-09
0 3.7481e-09
0 3.7481e-09
0 3.7481e-09
0 3.7481e-09
0 3.7481e-09
0 3.7481e-09
0 3.7481e-09
0 3.7481e-09
0 3.7481e-09
0 3.7481e-09
0 3.7481e-09
0 3.7481e-09
0 3.7481e-09
0 3.7481e-09
0 3.7481e-09
0 3.7481e-09
0 3.7481e-09
0 3.7481e-09
0 3.7481e-09
0 3.7481e-09
0 3.7481e-09
0 3.7481e-09
0 3.7481e-09
0 3.7481e-09
0 3.7481e-09
0 3.7481e-09
0 3.7481e-09
0 3.7481e-09
0 3.7481e-09
0 3.7481e-09
0 3.7481e-09
0 3.7481e-09
0 3.7481e-09
0 3.7481e-09
0 3.7481e-09
0 3.7481e-09
0 3.7481e-09
0 3.7481e-09
0 3.7481e-09
0 3.7481e-09
0 3.7481e-09
0 3.7481e-09
0 3.7481e-09
0 3.7481e-09
0 3.7481e-09
0 3.7481e-09
0 3.7481e-09
0 3.7481e-09
0 3.7481e-09
0 3.7481e-09
0 3.7481e-09
0 3.7481e-09
0 3.7481e-09
0 3.7481e-09
0 3.7481e-09
0 3.7481e-09
0 3.7481e-09
0 3.7481e-09
0 3.7481e-09
0 3.7481e-09
0 3.7481e-09
0 3.7481e-09
0 3.7481e-09
0 3.7481e-09
0 3.7481e-09
0 3.7481e-09
0 3.7481e-09
0 3.7481e-09
0 3.7481e-09
0 3.7481e-09
0 3.7481e-09
0 3.7481e-09
0 3.7481e-09
0 3.7481e-09
0 3.7481e-09
0 3.7481e-09
0 3.7481e-09
0 3.7481e-09
0 3.7481e-09
0 3.7481e-09
0 3.7481e-09
0 3.7481e-09
0 3.7481e-09
0 3.7481e-09
0 3.7481e-09
0 3.7481e-09
0 3.7481e-09
0 3.7481e-09
0 3.7481e-09
0 3.7481e-09
0 3.7481e-09
0 3.7481e-09
0 3.7481e-09
0 3.7481e-09
0 3.7481e-09
0 3.7481e-09
0 3.7481e-09
0 3.7481e-09
0 3.7481e-09
0 3.7481e-09
0 3.7481e-09
0 3.7481e-09
0 3.7481e-09
0 3.7481e-09
0 3.7481e-09
0 3.7481e-09
0 3.7481e-09
0 3.7481e-09
0 3.7481e-09
0 3.7481e-09
0 3.7481e-09
0 3.7481e-09
0 3.7481e-09
0 3.7481e-09
0 3.7481e-09
0 3.7481e-09
0 3.7481e-09
0 3.7481e-09
0 3.7481e-09
0 3.7481e-09
0 3.7481e-09
0 3.7481e-09
0 3.7481e-09
0 3.7481e-09
0 3.7481e-09
0 3.7481e-09
0 3.7481e-09
0 3.7481e-09
0 3.7481e-09
0 3.7481e-09
0 3.7481e-09
0 3.7481e-09
0 3.7481e-09
0 3.7481e-09
0 3.7481e-09
0 3.7481e-09
0 3.7481e-09
0 3.7481e-09
0 3.7481e-09
0 3.7481e-09
0 3.7481e-09
0 3.7481e-09
0 3.7481e-09
0 3.7481e-09
0 3.7481e-09
0 3.7481e-09
0 3.7481e-09
0 3.7481e-09
0 3.7481e-09
0 3.7481e-09
0 3.7481e-09
0 3.7481e-09
0 3.7481e-09
0 3.7481e-09
0 3.7481e-09
0 3.7481e-09
0 3.7481e-09
0 3.7481e-09
0 3.7481e-09
0 3.7481e-09
0 3.7481e-09
0 3.7481e-09
0 3.7481e-09
0 3.7481e-09
0 3.7481e-09
0 3.7481e-09
0 3.7481e-09
0 3.7481e-09
0 3.7481e-09
0 3.7481e-09
0 3.7481e-09
0 3.7481e-09
0 3.7481e-09
0 3.7481e-09
0 3.7481e-09
0 3.7481e-09
0 3.7481e-09
0 3.7481e-09
0 3.7481e-09
0 3.7481e-09
0 3.7481e-09
0 3.7481e-09
0 3.7481e-09
0 3.7481e-09
0 3.7481e-09
0 3.7481e-09
0 3.7481e-09
0 3.7481e-09
0 3.7481e-09
0 3.7481e-09
0 3.7481e-09
0 3.7481e-09
0 3.7481e-09
0 3.7481e-09
0 3.7481e-09
0 3.7481e-09
0 3.7481e-09
0 3.7481e-09
0 3.7481e-09
0 3.7481e-09
0 3.7481e-09
0 3.7481e-09
0 3.7481e-09
0 3.7481e-09
0 3.7481e-09
0 3.7481e-09
0 3.7481e-09
0 3.7481e-09
0 3.7481e-09
0 3.7481e-09
0 3.7481e-09
0 3.7481e-09
0 3.7481e-09
0 3.7481e-09
0 3.7481e-09
0 3.7481e-09
0 3.7481e-09
0 3.7481e-09
0 3.7481e-09
0 3.7481e-09
0 3.7481e-09
0 3.7481e-09
0 3.7481e-09
0 3.7481e-09
0 3.7481e-09
0 3.7481e-09
0 3.7481e-09
0 3.7481e-09
0 3.7481e-09
0 3.7481e-09
0 3.7481e-09
0 3.7481e-09
0 3.7481e-09
0 3.7481e-09
0 3.7481e-09
0 3.7481e-09
0 3.7481e-09
0 3.7481e-09
0 3.7481e-09
0 3.7481e-09
0 3.7481e-09
0 3.7481e-09
0 3.7481e-09
0 3.7481e-09
0 3.7481e-09
0 3.7481e-09
0 3.7481e-09
0 3.7481e-09
0 3.7481e-09
0 3.7481e-09
0 3.7481e-09
0 3.7481e-09
0 3.7481e-09
0 3.7481e-09
0 3.7481e-09
0 3.7481e-09
0 3.7481e-09
0 3.7481e-09
0 3.7481e-09
0 3.7481e-09
0 3.7481e-09
0 3.7481e-09
0 3.7481e-09
0 3.7481e-09
0 3.7481e-09
0 3.7481e-09
0 3.7481e-09
0 3.7481e-09
0 3.7481e-09
0 3.7481e-09
0 3.7481e-09
0 3.7481e-09
0 3.7481e-09
0 3.7481e-09
0 3.7481e-09
0 3.7481e-09
0 3.7481e-09
0 3.7481e-09
0 3.7481e-09
0 3.7481e-09
0 3.7481e-09
0 3.7481e-09
0 3.7481e-09
0 3.7481e-09
0 3.7481e-09
0 3.7481e-09
0 3.7481e-09
0 3.7481e-09
0 3.7481e-09
0 3.7481e-09
0 3.7481e-09
0 3.7481e-09
0 3.7481e-09
0 3.7481e-09
0 3.7481e-09
0 3.7481e-09
0 3.7481e-09
0 3.7481e-09
0 3.7481e-09
0 3.7481e-09
0 3.7481e-09
0 3.7481e-09
0 3.7481e-09
0 3.7481e-09
0 3.7481e-09
0 3.7481e-09
0 3.7481e-09
0 3.7481e-09
0 3.7481e-09
0 3.7481e-09
0 3.7481e-09
0 3.7481e-09
0 3.7481e-09
0 3.7481e-09
0 3.7481e-09
0 3.7481e-09
0 3.7481e-09
0 3.7481e-09
0 3.7481e-09
0 3.7481e-09
0 3.7481e-09
0 3.7481e-09
0 3.7481e-09
0 3.7481e-09
0 3.7481e-09
0 3.7481e-09
0 3.7481e-09
0 3.7481e-09
0 3.7481e-09
0 3.7481e-09
0 3.7481e-09
0 3.7481e-09
0 3.7481e-09
0 3.7481e-09
0 3.7481e-09
0 3.7481e-09
0 3.7481e-09
0 3.7481e-09
0 3.7481e-09
0 3.7481e-09
0 3.7481e-09
0 3.7481e-09
0 3.7481e-09
0 3.7481e-09
0 3.7481e-09
0 3.7481e-09
0 3.7481e-09
0 3.7481e-09
0 3.7481e-09
0 3.7481e-09
0 3.7481e-09
0 3.7481e-09
0 3.7481e-09
0 3.7481e-09
0 3.7481e-09
0 3.7481e-09
0 3.7481e-09
0 3.7481e-09
0 3.7481e-09
0 3.7481e-09
0 3.7481e-09
0 3.7481e-09
0 3.7481e-09
0 3.7481e-09
0 3.7481e-09
0 3.7481e-09
0 3.7481e-09
0 3.7481e-09
0 3.7481e-09
0 3.7481e-09
0 3.7481e-09
0 3.7481e-09
0 3.7481e-09
0 3.7481e-09
0 3.7481e-09
0 3.7481e-09
0 3.7481e-09
0 3.7481e-09
0 3.7481e-09
0 3.7481e-09
0 3.7481e-09
0 3.7481e-09
0 3.7481e-09
0 3.7481e-09
0 3.7481e-09
0 3.7481e-09
0 3.7481e-09
0 3.7481e-09
0 3.7481e-09
0 3.7481e-09
0 3.7481e-09
0 3.7481e-09
0 3.7481e-09
0 3.7481e-09
0 3.7481e-09
0 3.7481e-09
0 3.7481e-09
0 3.7481e-09
0 3.7481e-09
0 3.7481e-09
0 3.7481e-09
0 3.7481e-09
0 3.7481e-09
0 3.7481e-09
0 3.7481e-09
0 3.7481e-09
0 3.7481e-09
0 3.7481e-09
0 3.7481e-09
0 3.7481e-09
0 3.7481e-09
0 3.7481e-09
0 3.7481e-09
0 3.7481e-09
0 3.7481e-09
0 3.7481e-09
0 3.7481e-09
0 3.7481e-09
0 3.7481e-09
0 3.7481e-09
0 3.7481e-09
0 3.7481e-09
0 3.7481e-09
0 3.7481e-09
0 3.7481e-09
0 3.7481e-09
0 3.7481e-09
0 3.7481e-09
0 3.7481e-09
0 3.7481e-09
0 3.7481e-09
0 3.7481e-09
0 3.7481e-09
0 3.7481e-09
0 3.7481e-09
0 3.7481e-09
0 3.7481e-09
0 3.7481e-09
0 3.7481e-09
0 3.7481e-09
0 3.7481e-09
0 3.7481e-09
0 3.7481e-09
0 3.7481e-09
0 3.7481e-09
0 3.7481e-09
0 3.7481e-09
0 3.7481e-09
0 3.7481e-09
0 3.7481e-09
0 3.7481e-09
0 3.7481e-09
0 3.7481e-09
0 3.7481e-09
0 3.7481e-09
0 3.7481e-09
0 3.7481e-09
0 3.7481e-09
0 3.7481e-09
0 3.7481e-09
0 3.7481e-09
0 3.7481e-09
0 3.7481e-09
0 3.7481e-09
0 3.7481e-09
0 3.7481e-09
0 3.7481e-09
0 3.7481e-09
0 3.7481e-09
0 3.7481e-09
0 3.7481e-09
0 3.7481e-09
0 3.7481e-09
0 3.7481e-09
0 3.7481e-09
0 3.7481e-09
0 3.7481e-09
0 3.7481e-09
0 3.7481e-09
0 3.7481e-09
0 3.7481e-09
0 3.7481e-09
0 3.7481e-09
0 3.7481e-09
0 3.7481e-09
0 3.7481e-09
0 3.7481e-09
0 3.7481e-09
0 3.7481e-09
0 3.7481e-09
0 3.7481e-09
0 3.7481e-09
0 3.7481e-09
0 3.7481e-09
0 3.7481e-09
0 3.7481e-09
0 3.7481e-09
0 3.7481e-09
0 3.7481e-09
0 3.7481e-09
0 3.7481e-09
0 3.7481e-09
0 3.7481e-09
0 3.7481e-09
0 3.7481e-09
0 3.7481e-09
0 3.7481e-09
0 3.7481e-09
0 3.7481e-09
0 3.7481e-09
0 3.7481e-09
0 3.7481e-09
0 3.7481e-09
0 3.7481e-09
0 3.7481e-09
0 3.7481e-09
0 3.7481e-09
0 3.7481e-09
0 3.7481e-09
0 3.7481e-09
0 3.7481e-09
0 3.7481e-09
0 3.7481e-09
0 3.7481e-09
0 3.7481e-09
0 3.7481e-09
0 3.7481e-09
0 3.7481e-09
0 3.7481e-09
0 3.7481e-09
0 3.7481e-09
0 3.7481e-09
0 3.7481e-09
0 3.7481e-09
0 3.7481e-09
0 3.7481e-09
0 3.7481e-09
0 3.7481e-09
0 3.7481e-09
0 3.7481e-09
0 3.7481e-09
0 3.7481e-09
0 3.7481e-09
0 3.7481e-09
0 3.7481e-09
0 3.7481e-09
0 3.7481e-09
0 3.7481e-09
0 3.7481e-09
0 3.7481e-09
0 3.7481e-09
0 3.7481e-09
0 3.7481e-09
0 3.7481e-09
0 3.7481e-09
0 3.7481e-09
0 3.7481e-09
0 3.7481e-09
0 3.7481e-09
0 3.7481e-09
0 3.7481e-09
0 3.7481e-09
0 3.7481e-09
0 3.7481e-09
0 3.7481e-09
0 3.7481e-09
0 3.7481e-09
0 3.7481e-09
0 3.7481e-09
0 3.7481e-09
0 3.7481e-09
0 3.7481e-09
0 3.7481e-09
0 3.7481e-09
0 3.7481e-09
0 3.7481e-09
0 3.7481e-09
0 3.7481e-09
0 3.7481e-09
0 3.7481e-09
0 3.7481e-09
0 3.7481e-09
0 3.7481e-09
0 3.7481e-09
0 3.7481e-09
0 3.7481e-09
0 3.7481e-09
0 3.7481e-09
0 3.7481e-09
0 3.7481e-09
0 3.7481e-09
0 3.7481e-09
0 3.7481e-09
0 3.7481e-09
0 3.7481e-09
0 3.7481e-09
0 3.7481e-09
0 3.7481e-09
0 3.7481e-09
0 3.7481e-09
0 3.7481e-09
0 3.7481e-09
0 3.7481e-09
0 3.7481e-09
0 3.7481e-09
0 3.7481e-09
0 3.7481e-09
0 3.7481e-09
0 3.7481e-09
0 3.7481e-09
0 3.7481e-09
0 3.7481e-09
0 3.7481e-09
0 3.7481e-09
0 3.7481e-09
0 3.7481e-09
0 3.7481e-09
0 3.7481e-09
0 3.7481e-09
0 3.7481e-09

