0 0.412291
0 0.240972
0 0.205627
0 0.179599
0 0.159257
0 0.142839
0 0.129239
0 0.117734
0 0.10784
0 0.099216
0 0.0916181
0 0.0848653
0 0.0788197
0 0.0733742
0 0.0684437
0 0.0639597
0 0.0598659
0 0.0561158
0 0.0526703
0 0.0494961
0 0.046565
0 0.0438525
0 0.0413373
0 0.039001
0 0.0368272
0 0.0348016
0 0.0329114
0 0.0311453
0 0.029493
0 0.0279456
0 0.0264947
0 0.025133
0 0.0238538
0 0.022651
0 0.021519
0 0.0204529
0 0.0194481
0 0.0185003
0 0.0176056
0 0.0167606
0 0.0159619
0 0.0152066
0 0.0144919
0 0.0138152
0 0.0131742
0 0.0125667
0 0.0119906
0 0.011444
0 0.0109252
0 0.0104327
0 0.00996472
0 0.00952001
0 0.00909721
0 0.0086951
0 0.0083125
0 0.00794836
0 0.00760165
0 0.00727144
0 0.00695683
0 0.006657
0 0.00637116
0 0.00609858
0 0.00583857
0 0.00559048
0 0.0053537
0 0.00512765
0 0.00491179
0 0.00470562
0 0.00450864
0 0.0043204
0 0.00414048
0 0.00396847
0 0.00380398
0 0.00364664
0 0.00349613
0 0.0033521
0 0.00321425
0 0.0030823
0 0.00295595
0 0.00283496
0 0.00271907
0 0.00260805
0 0.00250167
0 0.00239971
0 0.00230199
0 0.00220829
0 0.00211845
0 0.00203229
0 0.00194963
0 0.00187034
0 0.00179424
0 0.00172121
0 0.00165111
0 0.00158381
0 0.00151918
0 0.00145711
0 0.00139748
0 0.00134019
0 0.00128514
0 0.00123222
0 0.00118135
0 0.00113244
0 0.00108541
0 0.00104016
0 0.000996633
0 0.000954744
0 0.000914426
0 0.000875611
0 0.000838234
0 0.000802235
0 0.000767553
0 0.000734132
0 0.000701919
0 0.00067086
0 0.000640907
0 0.000612013
0 0.00058413
0 0.000557216
0 0.000531229
0 0.000506129
0 0.000481877
0 0.000458435
0 0.000435769
0 0.000413845
0 0.000392629
0 0.00037209
0 0.000352199
0 0.000332925
0 0.000314241
0 0.000296119
0 0.000278535
0 0.000261463
0 0.000244879
0 0.00022876
0 0.000213084
0 0.000197829
0 0.000182974
0 0.000168499
0 0.000154386
0 0.000140615
0 0.000127168
0 0.000114028
0 0.000101178
0 8.86019e-05
0 7.62832e-05
0 6.42069e-05
0 5.23581e-05
0 4.07222e-05
0 2.92853e-05
0 1.80336e-05
0 6.95396e-06
0 4.12291e-09
0 4.12291e-09
0 4.12291e-09
0 4.12291e-09
0 4.12291e-09
0 4.12291e-09
0 4.12291e-09
0 4.12291e-09
0 4.12291e-09
0 4.12291e-09
0 4.12291e-09
0 4.12291e-09
0 4.12291e-09
0 4.12291e-09
0 4.12291e-09
0 4.12291e-09
0 4.12291e-09
0 4.12291e-09
0 4.12291e-09
0 4.12291e-09
0 4.12291e-09
0 4.12291e-09
0 4.12291e-09
0 4.12291e-09
0 4.12291e-09
0 4.12291e-09
0 4.12291e-09
0 4.12291e-09
0 4.12291e-09
0 4.12291e-09
0 4.12291e-09
0 4.12291e-09
0 4.12291e-09
0 4.12291e-09
0 4.12291e-09
0 4.12291e-09
0 4.12291e-09
0 4.12291e-09
0 4.12291e-09
0 4.12291e-09
0 4.12291e-09
0 4.12291e-09
0 4.12291e-09
0 4.12291e-09
0 4.12291e-09
0 4.12291e-09
0 4.12291e-09
0 4.12291e-09
0 4.12291e-09
0 4.12291e-09
0 4.12291e-09
0 4.12291e-09
0 4.12291e-09
0 4.12291e-09
0 4.12291e-09
0 4.12291e-09
0 4.12291e-09
0 4.12291e-09
0 4.12291e-09
0 4.12291e-09
0 4.12291e-09
0 4.12291e-09
0 4.12291e-09
0 4.12291e-09
0 4.12291e-09
0 4.12291e-09
0 4.12291e-09
0 4.12291e-09
0 4.12291e-09
0 4.12291e-09
0 4.12291e-09
0 4.12291e-09
0 4.12291e-09
0 4.12291e-09
0 4.12291e-09
0 4.12291e-09
0 4.12291e-09
0 4.12291e-09
0 4.12291e-09
0 4.12291e-09
0 4.12291e-09
0 4.12291e-09
0 4.12291e-09
0 4.12291e-09
0 4.12291e-09
0 4.12291e-09
0 4.12291e-09
0 4.12291e-09
0 4.12291e-09
0 4.12291e-09
0 4.12291e-09
0 4.12291e-09
0 4.12291e-09
0 4.12291e-09
0 4.12291e-09
0 4.12291e-09
0 4.12291e-09
0 4.12291e-09
0 4.12291e-09
0 4.12291e-09
0 4.12291e-09
0 4.12291e-09
0 4.12291e-09
0 4.12291e-09
0 4.12291e-09
0 4.12291e-09
0 4.12291e-09
0 4.12291e-09
0 4.12291e-09
0 4.12291e-09
0 4.12291e-09
0 4.12291e-09
0 4.12291e-09
0 4.12291e-09
0 4.12291e-09
0 4.12291e-09
0 4.12291e-09
0 4.12291e-09
0 4.12291e-09
0 4.12291e-09
0 4.12291e-09
0 4.12291e-09
0 4.12291e-09
0 4.12291e-09
0 4.12291e-09
0 4.12291e-09
0 4.12291e-09
0 4.12291e-09
0 4.12291e-09
0 4.12291e-09
0 4.12291e-09
0 4.12291e-09
0 4.12291e-09
0 4.12291e-09
0 4.12291e-09
0 4.12291e-09
0 4.12291e-09
0 4.12291e-09
0 4.12291e-09
0 4.12291e-09
0 4.12291e-09
0 4.12291e-09
0 4.12291e-09
0 4.12291e-09
0 4.12291e-09
0 4.12291e-09
0 4.12291e-09
0 4.12291e-09
0 4.12291e-09
0 4.12291e-09
0 4.12291e-09
0 4.12291e-09
0 4.12291e-09
0 4.12291e-09
0 4.12291e-09
0 4.12291e-09
0 4.12291e-09
0 4.12291e-09
0 4.12291e-09
0 4.12291e-09
0 4.12291e-09
0 4.12291e-09
0 4.12291e-09
0 4.12291e-09
0 4.12291e-09
0 4.12291e-09
0 4.12291e-09
0 4.12291e-09
0 4.12291e-09
0 4.12291e-09
0 4.12291e-09
0 4.12291e-09
0 4.12291e-09
0 4.12291e-09
0 4.12291e-09
0 4.12291e-09
0 4.12291e-09
0 4.12291e-09
0 4.12291e-09
0 4.12291e-09
0 4.12291e-09
0 4.12291e-09
0 4.12291e-09
0 4.12291e-09
0 4.12291e-09
0 4.12291e-09
0 4.12291e-09
0 4.12291e-09
0 4.12291e-09
0 4.12291e-09
0 4.12291e-09
0 4.12291e-09
0 4.12291e-09
0 4.12291e-09
0 4.12291e-09
0 4.12291e-09
0 4.12291e-09
0 4.12291e-09
0 4.12291e-09
0 4.12291e-09
0 4.12291e-09
0 4.12291e-09
0 4.12291e-09
0 4.12291e-09
0 4.12291e-09
0 4.12291e-09
0 4.12291e-09
0 4.12291e-09
0 4.12291e-09
0 4.12291e-09
0 4.12291e-09
0 4.12291e-09
0 4.12291e-09
0 4.12291e-09
0 4.12291e-09
0 4.12291e-09
0 4.12291e-09
0 4.12291e-09
0 4.12291e-09
0 4.12291e-09
0 4.12291e-09
0 4.12291e-09
0 4.12291e-09
0 4.12291e-09
0 4.12291e-09
0 4.12291e-09
0 4.12291e-09
0 4.12291e-09
0 4.12291e-09
0 4.12291e-09
0 4.12291e-09
0 4.12291e-09
0 4.12291e-09
0 4.12291e-09
0 4.12291e-09
0 4.12291e-09
0 4.12291e-09
0 4.12291e-09
0 4.12291e-09
0 4.12291e-09
0 4.12291e-09
0 4.12291e-09
0 4.12291e-09
0 4.12291e-09
0 4.12291e-09
0 4.12291e-09
0 4.12291e-09
0 4.12291e-09
0 4.12291e-09
0 4.12291e-09
0 4.12291e-09
0 4.12291e-09
0 4.12291e-09
0 4.12291e-09
0 4.12291e-09
0 4.12291e-09
0 4.12291e-09
0 4.12291e-09
0 4.12291e-09
0 4.12291e-09
0 4.12291e-09
0 4.12291e-09
0 4.12291e-09
0 4.12291e-09
0 4.12291e-09
0 4.12291e-09
0 4.12291e-09
0 4.12291e-09
0 4.12291e-09
0 4.12291e-09
0 4.12291e-09
0 4.12291e-09
0 4.12291e-09
0 4.12291e-09
0 4.12291e-09
0 4.12291e-09
0 4.12291e-09
0 4.12291e-09
0 4.12291e-09
0 4.12291e-09
0 4.12291e-09
0 4.12291e-09
0 4.12291e-09
0 4.12291e-09
0 4.12291e-09
0 4.12291e-09
0 4.12291e-09
0 4.12291e-09
0 4.12291e-09
0 4.12291e-09
0 4.12291e-09
0 4.12291e-09
0 4.12291e-09
0 4.12291e-09
0 4.12291e-09
0 4.12291e-09
0 4.12291e-09
0 4.12291e-09
0 4.12291e-09
0 4.12291e-09
0 4.12291e-09
0 4.12291e-09
0 4.12291e-09
0 4.12291e-09
0 4.12291e-09
0 4.12291e-09
0 4.12291e-09
0 4.12291e-09
0 4.12291e-09
0 4.12291e-09
0 4.12291e-09
0 4.12291e-09
0 4.12291e-09
0 4.12291e-09
0 4.12291e-09
0 4.12291e-09
0 4.12291e-09
0 4.12291e-09
0 4.12291e-09
0 4.12291e-09
0 4.12291e-09
0 4.12291e-09
0 4.12291e-09
0 4.12291e-09
0 4.12291e-09
0 4.12291e-09
0 4.12291e-09
0 4.12291e-09
0 4.12291e-09
0 4.12291e-09
0 4.12291e-09
0 4.12291e-09
0 4.12291e-09
0 4.12291e-09
0 4.12291e-09
0 4.12291e-09
0 4.12291e-09
0 4.12291e-09
0 4.12291e-09
0 4.12291e-09
0 4.12291e-09
0 4.12291e-09
0 4.12291e-09
0 4.12291e-09
0 4.12291e-09
0 4.12291e-09
0 4.12291e-09
0 4.12291e-09
0 4.12291e-09
0 4.12291e-09
0 4.12291e-09
0 4.12291e-09
0 4.12291e-09
0 4.12291e-09
0 4.12291e-09
0 4.12291e-09
0 4.12291e-09
0 4.12291e-09
0 4.12291e-09
0 4.12291e-09
0 4.12291e-09
0 4.12291e-09
0 4.12291e-09
0 4.12291e-09
0 4.12291e-09
0 4.12291e-09
0 4.12291e-09
0 4.12291e-09
0 4.12291e-09
0 4.12291e-09
0 4.12291e-09
0 4.12291e-09
0 4.12291e-09
0 4.12291e-09
0 4.12291e-09
0 4.12291e-09
0 4.12291e-09
0 4.12291e-09
0 4.12291e-09
0 4.12291e-09
0 4.12291e-09
0 4.12291e-09
0 4.12291e-09
0 4.12291e-09
0 4.12291e-09
0 4.12291e-09
0 4.12291e-09
0 4.12291e-09
0 4.12291e-09
0 4.12291e-09
0 4.12291e-09
0 4.12291e-09
0 4.12291e-09
0 4.12291e-09
0 4.12291e-09
0 4.12291e-09
0 4.12291e-09
0 4.12291e-09
0 4.12291e-09
0 4.12291e-09
0 4.12291e-09
0 4.12291e-09
0 4.12291e-09
0 4.12291e-09
0 4.12291e-09
0 4.12291e-09
0 4.12291e-09
0 4.12291e-09
0 4.12291e-09
0 4.12291e-09
0 4.12291e-09
0 4.12291e-09
0 4.12291e-09
0 4.12291e-09
0 4.12291e-09
0 4.12291e-09
0 4.12291e-09
0 4.12291e-09
0 4.12291e-09
0 4.12291e-09
0 4.12291e-09
0 4.12291e-09
0 4.12291e-09
0 4.12291e-09
0 4.12291e-09
0 4.12291e-09
0 4.12291e-09
0 4.12291e-09
0 4.12291e-09
0 4.12291e-09
0 4.12291e-09
0 4.12291e-09
0 4.12291e-09
0 4.12291e-09
0 4.12291e-09
0 4.12291e-09
0 4.12291e-09
0 4.12291e-09
0 4.12291e-09
0 4.12291e-09
0 4.12291e-09
0 4.12291e-09
0 4.12291e-09
0 4.12291e-09
0 4.12291e-09
0 4.12291e-09
0 4.12291e-09
0 4.12291e-09
0 4.12291e-09
0 4.12291e-09
0 4.12291e-09
0 4.12291e-09
0 4.12291e-09
0 4.12291e-09
0 4.12291e-09
0 4.12291e-09
0 4.12291e-09
0 4.12291e-09
0 4.12291e-09
0 4.12291e-09
0 4.12291e-09
0 4.12291e-09
0 4.12291e-09
0 4.12291e-09
0 4.12291e-09
0 4.12291e-09
0 4.12291e-09
0 4.12291e-09
0 4.12291e-09
0 4.12291e-09
0 4.12291e-09
0 4.12291e-09
0 4.12291e-09
0 4.12291e-09
0 4.12291e-09
0 4.12291e-09
0 4.12291e-09
0 4.12291e-09
0 4.12291e-09
0 4.12291e-09
0 4.12291e-09
0 4.12291e-09
0 4.12291e-09
0 4.12291e-09
0 4.12291e-09
0 4.12291e-09
0 4.12291e-09
0 4.12291e-09
0 4.12291e-09
0 4.12291e-09
0 4.12291e-09
0 4.12291e-09
0 4.12291e-09
0 4.12291e-09
0 4.12291e-09
0 4.12291e-09
0 4.12291e-09
0 4.12291e-09
0 4.12291e-09
0 4.12291e-09
0 4.12291e-09
0 4.12291e-09
0 4.12291e-09
0 4.12291e-09
0 4.12291e-09
0 4.12291e-09
0 4.12291e-09
0 4.12291e-09
0 4.12291e-09
0 4.12291e-09
0 4.12291e-09
0 4.12291e-09
0 4.12291e-09
0 4.12291e-09
0 4.12291e-09
0 4.12291e-09
0 4.12291e-09
0 4.12291e-09
0 4.12291e-09
0 4.12291e-09
0 4.12291e-09
0 4.12291e-09
0 4.12291e-09
0 4.12291e-09
0 4.12291e-09
0 4.12291e-09
0 4.12291e-09
0 4.12291e-09
0 4.12291e-09
0 4.12291e-09
0 4.12291e-09
0 4.12291e-09
0 4.12291e-09
0 4.12291e-09
0 4.12291e-09
0 4.12291e-09
0 4.12291e-09
0 4.12291e-09
0 4.12291e-09
0 4.12291e-09
0 4.12291e-09
0 4.12291e-09
0 4.12291e-09
0 4.12291e-09
0 4.12291e-09
0 4.12291e-09
0 4.12291e-09
0 4.12291e-09
0 4.12291e-09
0 4.12291e-09
0 4.12291e-09
0 4.12291e-09
0 4.12291e-09
0 4.12291e-09
0 4.12291e-09
0 4.12291e-09
0 4.12291e-09
0 4.12291e-09
0 4.12291e-09
0 4.12291e-09
0 4.12291e-09
0 4.12291e-09
0 4.12291e-09
0 4.12291e-09
0 4.12291e-09
0 4.12291e-09
0 4.12291e-09
0 4.12291e-09
0 4.12291e-09
0 4.12291e-09
0 4.12291e-09
0 4.12291e-09
0 4.12291e-09
0 4.12291e-09
0 4.12291e-09
0 4.12291e-09
0 4.12291e-09
0 4.12291e-09
0 4.12291e-09
0 4.12291e-09
0 4.12291e-09
0 4.12291e-09
0 4.12291e-09
0 4.12291e-09
0 4.12291e-09
0 4.12291e-09
0 4.12291e-09
0 4.12291e-09
0 4.12291e-09
0 4.12291e-09
0 4.12291e-09
0 4.12291e-09
0 4.12291e-09
0 4.12291e-09
0 4.12291e-09
0 4.12291e-09
0 4.12291e-09
0 4.12291e-09
0 4.12291e-09
0 4.12291e-09
0 4.12291e-09
0 4.12291e-09
0 4.12291e-09
0 4.12291e-09
0 4.12291e-09
0 4.12291e-09
0 4.12291e-09
0 4.12291e-09
0 4.12291e-09
0 4.12291e-09
0 4.12291e-09
0 4.12291e-09
0 4.12291e-09
0 4.12291e-09
0 4.12291e-09
0 4.12291e-09
0 4.12291e-09
0 4.12291e-09
0 4.12291e-09
0 4.12291e-09
0 4.12291e-09
0 4.12291e-09
0 4.12291e-09
0 4.12291e-09
0 4.12291e-09
0 4.12291e-09
0 4.12291e-09
0 4.12291e-09
0 4.12291e-09
0 4.12291e-09
0 4.12291e-09
0 4.12291e-09
0 4.12291e-09
0 4.12291e-09
0 4.12291e-09
0 4.12291e-09
0 4.12291e-09
0 4.12291e-09
0 4.12291e-09
0 4.12291e-09
0 4.12291e-09
0 4.12291e-09
0 4.12291e-09
0 4.12291e-09
0 4.12291e-09
0 4.12291e-09
0 4.12291e-09
0 4.12291e-09
0 4.12291e-09
0 4.12291e-09
0 4.12291e-09
0 4.12291e-09
0 4.12291e-09
0 4.12291e-09
0 4.12291e-09
0 4.12291e-09
0 4.12291e-09
0 4.12291e-09
0 4.12291e-09
0 4.12291e-09
0 4.12291e-09
0 4.12291e-09
0 4.12291e-09
0 4.12291e-09
0 4.12291e-09
0 4.12291e-09
0 4.12291e-09
0 4.12291e-09
0 4.12291e-09
0 4.12291e-09
0 4.12291e-09
0 4.12291e-09
0 4.12291e-09
0 4.12291e-09
0 4.12291e-09
0 4.12291e-09
0 4.12291e-09
0 4.12291e-09
0 4.12291e-09
0 4.12291e-09
0 4.12291e-09
0 4.12291e-09
0 4.12291e-09
0 4.12291e-09
0 4.12291e-09
0 4.12291e-09
0 4.12291e-09
0 4.12291e-09
0 4.12291e-09
0 4.12291e-09
0 4.12291e-09
0 4.12291e-09
0 4.12291e-09
0 4.12291e-09
0 4.12291e-09
0 4.12291e-09
0 4.12291e-09
0 4.12291e-09
0 4.12291e-09
0 4.12291e-09
0 4.12291e-09
0 4.12291e-09
0 4.12291e-09
0 4.12291e-09
0 4.12291e-09
0 4.12291e-09
0 4.12291e-09
0 4.12291e-09
0 4.12291e-09
0 4.12291e-09
0 4.12291e-09
0 4.12291e-09
0 4.12291e-09
0 4.12291e-09
0 4.12291e-09
0 4.12291e-09
0 4.12291e-09
0 4.12291e-09
0 4.12291e-09
0 4.12291e-09
0 4.12291e-09
0 4.12291e-09
0 4.12291e-09
0 4.12291e-09
0 4.12291e-09
0 4.12291e-09
0 4.12291e-09
0 4.12291e-09
0 4.12291e-09
0 4.12291e-09
0 4.12291e-09
0 4.12291e-09
0 4.12291e-09
0 4.12291e-09
0 4.12291e-09
0 4.12291e-09
0 4.12291e-09
0 4.12291e-09
0 4.12291e-09
0 4.12291e-09
0 4.12291e-09
0 4.12291e-09
0 4.12291e-09
0 4.12291e-09
0 4.12291e-09
0 4.12291e-09
0 4.12291e-09
0 4.12291e-09
0 4.12291e-09
0 4.12291e-09
0 4.12291e-09
0 4.12291e-09
0 4.12291e-09
0 4.12291e-09
0 4.12291e-09
0 4.12291e-09
0 4.12291e-09
0 4.12291e-09
0 4.12291e-09
0 4.12291e-09
0 4.12291e-09
0 4.12291e-09
0 4.12291e-09
0 4.12291e-09
0 4.12291e-09
0 4.12291e-09
0 4.12291e-09
0 4.12291e-09
0 4.12291e-09
0 4.12291e-09
0 4.12291e-09
0 4.12291e-09
0 4.12291e-09
0 4.12291e-09
0 4.12291e-09
0 4.12291e-09
0 4.12291e-09
0 4.12291e-09
0 4.12291e-09
0 4.12291e-09
0 4.12291e-09
0 4.12291e-09
0 4.12291e-09
0 4.12291e-09
0 4.12291e-09
0 4.12291e-09
0 4.12291e-09
0 4.12291e-09
0 4.12291e-09
0 4.12291e-09
0 4.12291e-09
0 4.12291e-09
0 4.12291e-09
0 4.12291e-09
0 4.12291e-09
0 4.12291e-09
0 4.12291e-09
0 4.12291e-09
0 4.12291e-09
0 4.12291e-09
0 4.12291e-09
0 4.12291e-09
0 4.12291e-09
0 4.12291e-09
0 4.12291e-09
0 4.12291e-09
0 4.12291e-09
0 4.12291e-09
0 4.12291e-09
0 4.12291e-09
0 4.12291e-09
0 4.12291e-09
0 4.12291e-09
0 4.12291e-09
0 4.12291e-09
0 4.12291e-09
0 4.12291e-09
0 4.12291e-09
0 4.12291e-09
0 4.12291e-09
0 4.12291e-09
0 4.12291e-09
0 4.12291e-09
0 4.12291e-09
0 4.12291e-09
0 4.12291e-09
0 4.12291e-09
0 4.12291e-09
0 4.12291e-09
0 4.12291e-09
0 4.12291e-09
0 4.12291e-09
0 4.12291e-09
0 4.12291e-09
0 4.12291e-09
0 4.12291e-09
0 4.12291e-09
0 4.12291e-09
0 4.12291e-09
0 4.12291e-09
0 4.12291e-09
0 4.12291e-09
0 4.12291e-09
0 4.12291e-09
0 4.12291e-09
0 4.12291e-09
0 4.12291e-09
0 4.12291e-09
0 4.12291e-09

