0 0.171342
0 0.170285
0 0.167485
0 0.163114
0 0.157404
0 0.150637
0 0.143111
0 0.135115
0 0.126909
0 0.118708
0 0.110684
0 0.10296
0 0.0956196
0 0.0887116
0 0.0822592
0 0.0762659
0 0.0707217
0 0.0656075
0 0.0608986
0 0.0565673
0 0.0525848
0 0.0489231
0 0.0455552
0 0.0424558
0 0.0396017
0 0.0369711
0 0.0345443
0 0.0323034
0 0.0302321
0 0.0283155
0 0.0265404
0 0.0248946
0 0.0233672
0 0.0219482
0 0.0206287
0 0.0194006
0 0.0182566
0 0.0171898
0 0.0161943
0 0.0152645
0 0.0143955
0 0.0135825
0 0.0128215
0 0.0121086
0 0.0114403
0 0.0108134
0 0.0102249
0 0.00967223
0 0.00915283
0 0.00866443
0 0.00820492
0 0.00777237
0 0.007365
0 0.00698113
0 0.00661925
0 0.00627794
0 0.00595589
0 0.00565188
0 0.00536478
0 0.00509354
0 0.00483719
0 0.00459482
0 0.00436558
0 0.00414869
0 0.00394341
0 0.00374906
0 0.00356499
0 0.00339061
0 0.00322536
0 0.00306871
0 0.00292018
0 0.0027793
0 0.00264565
0 0.00251882
0 0.00239844
0 0.00228414
0 0.00217559
0 0.00207249
0 0.00197453
0 0.00188143
0 0.00179295
0 0.00170882
0 0.00162882
0 0.00155273
0 0.00148035
0 0.00141148
0 0.00134594
0 0.00128355
0 0.00122415
0 0.0011676
0 0.00111373
0 0.00106242
0 0.00101354
0 0.000966962
0 0.000922569
0 0.000880253
0 0.000839909
0 0.000801439
0 0.00076475
0 0.000729754
0 0.000696366
0 0.000664507
0 0.000634102
0 0.000605079
0 0.000577372
0 0.000550914
0 0.000525646
0 0.00050151
0 0.00047845
0 0.000456415
0 0.000435354
0 0.000415221
0 0.000395971
0 0.000377561
0 0.000359951
0 0.000343102
0 0.000326977
0 0.000311543
0 0.000296764
0 0.00028261
0 0.000269052
0 0.000256059
0 0.000243605
0 0.000231663
0 0.000220209
0 0.00020922
0 0.000198672
0 0.000188544
0 0.000178816
0 0.000169467
0 0.00016048
0 0.000151836
0 0.000143517
0 0.000135509
0 0.000127794
0 0.000120359
0 0.000113188
0 0.000106268
0 9.95867e-05
0 9.31301e-05
0 8.68867e-05
0 8.08449e-05
0 7.49935e-05
0 6.9322e-05
0 6.38199e-05
0 5.84775e-05
0 5.32852e-05
0 4.82339e-05
0 4.33148e-05
0 3.85194e-05
0 3.38394e-05
0 2.9267e-05
0 2.47945e-05
0 2.04144e-05
0 1.61197e-05
0 1.19033e-05
0 7.75845e-06
0 3.67866e-06
0 1.71342e-09
0 1.71342e-09
0 1.71342e-09
0 1.71342e-09
0 1.71342e-09
0 1.71342e-09
0 1.71342e-09
0 1.71342e-09
0 1.71342e-09
0 1.71342e-09
0 1.71342e-09
0 1.71342e-09
0 1.71342e-09
0 1.71342e-09
0 1.71342e-09
0 1.71342e-09
0 1.71342e-09
0 1.71342e-09
0 1.71342e-09
0 1.71342e-09
0 1.71342e-09
0 1.71342e-09
0 1.71342e-09
0 1.71342e-09
0 1.71342e-09
0 1.71342e-09
0 1.71342e-09
0 1.71342e-09
0 1.71342e-09
0 1.71342e-09
0 1.71342e-09
0 1.71342e-09
0 1.71342e-09
0 1.71342e-09
0 1.71342e-09
0 1.71342e-09
0 1.71342e-09
0 1.71342e-09
0 1.71342e-09
0 1.71342e-09
0 1.71342e-09
0 1.71342e-09
0 1.71342e-09
0 1.71342e-09
0 1.71342e-09
0 1.71342e-09
0 1.71342e-09
0 1.71342e-09
0 1.71342e-09
0 1.71342e-09
0 1.71342e-09
0 1.71342e-09
0 1.71342e-09
0 1.71342e-09
0 1.71342e-09
0 1.71342e-09
0 1.71342e-09
0 1.71342e-09
0 1.71342e-09
0 1.71342e-09
0 1.71342e-09
0 1.71342e-09
0 1.71342e-09
0 1.71342e-09
0 1.71342e-09
0 1.71342e-09
0 1.71342e-09
0 1.71342e-09
0 1.71342e-09
0 1.71342e-09
0 1.71342e-09
0 1.71342e-09
0 1.71342e-09
0 1.71342e-09
0 1.71342e-09
0 1.71342e-09
0 1.71342e-09
0 1.71342e-09
0 1.71342e-09
0 1.71342e-09
0 1.71342e-09
0 1.71342e-09
0 1.71342e-09
0 1.71342e-09
0 1.71342e-09
0 1.71342e-09
0 1.71342e-09
0 1.71342e-09
0 1.71342e-09
0 1.71342e-09
0 1.71342e-09
0 1.71342e-09
0 1.71342e-09
0 1.71342e-09
0 1.71342e-09
0 1.71342e-09
0 1.71342e-09
0 1.71342e-09
0 1.71342e-09
0 1.71342e-09
0 1.71342e-09
0 1.71342e-09
0 1.71342e-09
0 1.71342e-09
0 1.71342e-09
0 1.71342e-09
0 1.71342e-09
0 1.71342e-09
0 1.71342e-09
0 1.71342e-09
0 1.71342e-09
0 1.71342e-09
0 1.71342e-09
0 1.71342e-09
0 1.71342e-09
0 1.71342e-09
0 1.71342e-09
0 1.71342e-09
0 1.71342e-09
0 1.71342e-09
0 1.71342e-09
0 1.71342e-09
0 1.71342e-09
0 1.71342e-09
0 1.71342e-09
0 1.71342e-09
0 1.71342e-09
0 1.71342e-09
0 1.71342e-09
0 1.71342e-09
0 1.71342e-09
0 1.71342e-09
0 1.71342e-09
0 1.71342e-09
0 1.71342e-09
0 1.71342e-09
0 1.71342e-09
0 1.71342e-09
0 1.71342e-09
0 1.71342e-09
0 1.71342e-09
0 1.71342e-09
0 1.71342e-09
0 1.71342e-09
0 1.71342e-09
0 1.71342e-09
0 1.71342e-09
0 1.71342e-09
0 1.71342e-09
0 1.71342e-09
0 1.71342e-09
0 1.71342e-09
0 1.71342e-09
0 1.71342e-09
0 1.71342e-09
0 1.71342e-09
0 1.71342e-09
0 1.71342e-09
0 1.71342e-09
0 1.71342e-09
0 1.71342e-09
0 1.71342e-09
0 1.71342e-09
0 1.71342e-09
0 1.71342e-09
0 1.71342e-09
0 1.71342e-09
0 1.71342e-09
0 1.71342e-09
0 1.71342e-09
0 1.71342e-09
0 1.71342e-09
0 1.71342e-09
0 1.71342e-09
0 1.71342e-09
0 1.71342e-09
0 1.71342e-09
0 1.71342e-09
0 1.71342e-09
0 1.71342e-09
0 1.71342e-09
0 1.71342e-09
0 1.71342e-09
0 1.71342e-09
0 1.71342e-09
0 1.71342e-09
0 1.71342e-09
0 1.71342e-09
0 1.71342e-09
0 1.71342e-09
0 1.71342e-09
0 1.71342e-09
0 1.71342e-09
0 1.71342e-09
0 1.71342e-09
0 1.71342e-09
0 1.71342e-09
0 1.71342e-09
0 1.71342e-09
0 1.71342e-09
0 1.71342e-09
0 1.71342e-09
0 1.71342e-09
0 1.71342e-09
0 1.71342e-09
0 1.71342e-09
0 1.71342e-09
0 1.71342e-09
0 1.71342e-09
0 1.71342e-09
0 1.71342e-09
0 1.71342e-09
0 1.71342e-09
0 1.71342e-09
0 1.71342e-09
0 1.71342e-09
0 1.71342e-09
0 1.71342e-09
0 1.71342e-09
0 1.71342e-09
0 1.71342e-09
0 1.71342e-09
0 1.71342e-09
0 1.71342e-09
0 1.71342e-09
0 1.71342e-09
0 1.71342e-09
0 1.71342e-09
0 1.71342e-09
0 1.71342e-09
0 1.71342e-09
0 1.71342e-09
0 1.71342e-09
0 1.71342e-09
0 1.71342e-09
0 1.71342e-09
0 1.71342e-09
0 1.71342e-09
0 1.71342e-09
0 1.71342e-09
0 1.71342e-09
0 1.71342e-09
0 1.71342e-09
0 1.71342e-09
0 1.71342e-09
0 1.71342e-09
0 1.71342e-09
0 1.71342e-09
0 1.71342e-09
0 1.71342e-09
0 1.71342e-09
0 1.71342e-09
0 1.71342e-09
0 1.71342e-09
0 1.71342e-09
0 1.71342e-09
0 1.71342e-09
0 1.71342e-09
0 1.71342e-09
0 1.71342e-09
0 1.71342e-09
0 1.71342e-09
0 1.71342e-09
0 1.71342e-09
0 1.71342e-09
0 1.71342e-09
0 1.71342e-09
0 1.71342e-09
0 1.71342e-09
0 1.71342e-09
0 1.71342e-09
0 1.71342e-09
0 1.71342e-09
0 1.71342e-09
0 1.71342e-09
0 1.71342e-09
0 1.71342e-09
0 1.71342e-09
0 1.71342e-09
0 1.71342e-09
0 1.71342e-09
0 1.71342e-09
0 1.71342e-09
0 1.71342e-09
0 1.71342e-09
0 1.71342e-09
0 1.71342e-09
0 1.71342e-09
0 1.71342e-09
0 1.71342e-09
0 1.71342e-09
0 1.71342e-09
0 1.71342e-09
0 1.71342e-09
0 1.71342e-09
0 1.71342e-09
0 1.71342e-09
0 1.71342e-09
0 1.71342e-09
0 1.71342e-09
0 1.71342e-09
0 1.71342e-09
0 1.71342e-09
0 1.71342e-09
0 1.71342e-09
0 1.71342e-09
0 1.71342e-09
0 1.71342e-09
0 1.71342e-09
0 1.71342e-09
0 1.71342e-09
0 1.71342e-09
0 1.71342e-09
0 1.71342e-09
0 1.71342e-09
0 1.71342e-09
0 1.71342e-09
0 1.71342e-09
0 1.71342e-09
0 1.71342e-09
0 1.71342e-09
0 1.71342e-09
0 1.71342e-09
0 1.71342e-09
0 1.71342e-09
0 1.71342e-09
0 1.71342e-09
0 1.71342e-09
0 1.71342e-09
0 1.71342e-09
0 1.71342e-09
0 1.71342e-09
0 1.71342e-09
0 1.71342e-09
0 1.71342e-09
0 1.71342e-09
0 1.71342e-09
0 1.71342e-09
0 1.71342e-09
0 1.71342e-09
0 1.71342e-09
0 1.71342e-09
0 1.71342e-09
0 1.71342e-09
0 1.71342e-09
0 1.71342e-09
0 1.71342e-09
0 1.71342e-09
0 1.71342e-09
0 1.71342e-09
0 1.71342e-09
0 1.71342e-09
0 1.71342e-09
0 1.71342e-09
0 1.71342e-09
0 1.71342e-09
0 1.71342e-09
0 1.71342e-09
0 1.71342e-09
0 1.71342e-09
0 1.71342e-09
0 1.71342e-09
0 1.71342e-09
0 1.71342e-09
0 1.71342e-09
0 1.71342e-09
0 1.71342e-09
0 1.71342e-09
0 1.71342e-09
0 1.71342e-09
0 1.71342e-09
0 1.71342e-09
0 1.71342e-09
0 1.71342e-09
0 1.71342e-09
0 1.71342e-09
0 1.71342e-09
0 1.71342e-09
0 1.71342e-09
0 1.71342e-09
0 1.71342e-09
0 1.71342e-09
0 1.71342e-09
0 1.71342e-09
0 1.71342e-09
0 1.71342e-09
0 1.71342e-09
0 1.71342e-09
0 1.71342e-09
0 1.71342e-09
0 1.71342e-09
0 1.71342e-09
0 1.71342e-09
0 1.71342e-09
0 1.71342e-09
0 1.71342e-09
0 1.71342e-09
0 1.71342e-09
0 1.71342e-09
0 1.71342e-09
0 1.71342e-09
0 1.71342e-09
0 1.71342e-09
0 1.71342e-09
0 1.71342e-09
0 1.71342e-09
0 1.71342e-09
0 1.71342e-09
0 1.71342e-09
0 1.71342e-09
0 1.71342e-09
0 1.71342e-09
0 1.71342e-09
0 1.71342e-09
0 1.71342e-09
0 1.71342e-09
0 1.71342e-09
0 1.71342e-09
0 1.71342e-09
0 1.71342e-09
0 1.71342e-09
0 1.71342e-09
0 1.71342e-09
0 1.71342e-09
0 1.71342e-09
0 1.71342e-09
0 1.71342e-09
0 1.71342e-09
0 1.71342e-09
0 1.71342e-09
0 1.71342e-09
0 1.71342e-09
0 1.71342e-09
0 1.71342e-09
0 1.71342e-09
0 1.71342e-09
0 1.71342e-09
0 1.71342e-09
0 1.71342e-09
0 1.71342e-09
0 1.71342e-09
0 1.71342e-09
0 1.71342e-09
0 1.71342e-09
0 1.71342e-09
0 1.71342e-09
0 1.71342e-09
0 1.71342e-09
0 1.71342e-09
0 1.71342e-09
0 1.71342e-09
0 1.71342e-09
0 1.71342e-09
0 1.71342e-09
0 1.71342e-09
0 1.71342e-09
0 1.71342e-09
0 1.71342e-09
0 1.71342e-09
0 1.71342e-09
0 1.71342e-09
0 1.71342e-09
0 1.71342e-09
0 1.71342e-09
0 1.71342e-09
0 1.71342e-09
0 1.71342e-09
0 1.71342e-09
0 1.71342e-09
0 1.71342e-09
0 1.71342e-09
0 1.71342e-09
0 1.71342e-09
0 1.71342e-09
0 1.71342e-09
0 1.71342e-09
0 1.71342e-09
0 1.71342e-09
0 1.71342e-09
0 1.71342e-09
0 1.71342e-09
0 1.71342e-09
0 1.71342e-09
0 1.71342e-09
0 1.71342e-09
0 1.71342e-09
0 1.71342e-09
0 1.71342e-09
0 1.71342e-09
0 1.71342e-09
0 1.71342e-09
0 1.71342e-09
0 1.71342e-09
0 1.71342e-09
0 1.71342e-09
0 1.71342e-09
0 1.71342e-09
0 1.71342e-09
0 1.71342e-09
0 1.71342e-09
0 1.71342e-09
0 1.71342e-09
0 1.71342e-09
0 1.71342e-09
0 1.71342e-09
0 1.71342e-09
0 1.71342e-09
0 1.71342e-09
0 1.71342e-09
0 1.71342e-09
0 1.71342e-09
0 1.71342e-09
0 1.71342e-09
0 1.71342e-09
0 1.71342e-09
0 1.71342e-09
0 1.71342e-09
0 1.71342e-09
0 1.71342e-09
0 1.71342e-09
0 1.71342e-09
0 1.71342e-09
0 1.71342e-09
0 1.71342e-09
0 1.71342e-09
0 1.71342e-09
0 1.71342e-09
0 1.71342e-09
0 1.71342e-09
0 1.71342e-09
0 1.71342e-09
0 1.71342e-09
0 1.71342e-09
0 1.71342e-09
0 1.71342e-09
0 1.71342e-09
0 1.71342e-09
0 1.71342e-09
0 1.71342e-09
0 1.71342e-09
0 1.71342e-09
0 1.71342e-09
0 1.71342e-09
0 1.71342e-09
0 1.71342e-09
0 1.71342e-09
0 1.71342e-09
0 1.71342e-09
0 1.71342e-09
0 1.71342e-09
0 1.71342e-09
0 1.71342e-09
0 1.71342e-09
0 1.71342e-09
0 1.71342e-09
0 1.71342e-09
0 1.71342e-09
0 1.71342e-09
0 1.71342e-09
0 1.71342e-09
0 1.71342e-09
0 1.71342e-09
0 1.71342e-09
0 1.71342e-09
0 1.71342e-09
0 1.71342e-09
0 1.71342e-09
0 1.71342e-09
0 1.71342e-09
0 1.71342e-09
0 1.71342e-09
0 1.71342e-09
0 1.71342e-09
0 1.71342e-09
0 1.71342e-09
0 1.71342e-09
0 1.71342e-09
0 1.71342e-09
0 1.71342e-09
0 1.71342e-09
0 1.71342e-09
0 1.71342e-09
0 1.71342e-09
0 1.71342e-09
0 1.71342e-09
0 1.71342e-09
0 1.71342e-09
0 1.71342e-09
0 1.71342e-09
0 1.71342e-09
0 1.71342e-09
0 1.71342e-09
0 1.71342e-09
0 1.71342e-09
0 1.71342e-09
0 1.71342e-09
0 1.71342e-09
0 1.71342e-09
0 1.71342e-09
0 1.71342e-09
0 1.71342e-09
0 1.71342e-09
0 1.71342e-09
0 1.71342e-09
0 1.71342e-09
0 1.71342e-09
0 1.71342e-09
0 1.71342e-09
0 1.71342e-09
0 1.71342e-09
0 1.71342e-09
0 1.71342e-09
0 1.71342e-09
0 1.71342e-09
0 1.71342e-09
0 1.71342e-09
0 1.71342e-09
0 1.71342e-09
0 1.71342e-09
0 1.71342e-09
0 1.71342e-09
0 1.71342e-09
0 1.71342e-09
0 1.71342e-09
0 1.71342e-09
0 1.71342e-09
0 1.71342e-09
0 1.71342e-09
0 1.71342e-09
0 1.71342e-09
0 1.71342e-09
0 1.71342e-09
0 1.71342e-09
0 1.71342e-09
0 1.71342e-09
0 1.71342e-09
0 1.71342e-09
0 1.71342e-09
0 1.71342e-09
0 1.71342e-09
0 1.71342e-09
0 1.71342e-09
0 1.71342e-09
0 1.71342e-09
0 1.71342e-09
0 1.71342e-09
0 1.71342e-09
0 1.71342e-09
0 1.71342e-09
0 1.71342e-09
0 1.71342e-09
0 1.71342e-09
0 1.71342e-09
0 1.71342e-09
0 1.71342e-09
0 1.71342e-09
0 1.71342e-09
0 1.71342e-09
0 1.71342e-09
0 1.71342e-09
0 1.71342e-09
0 1.71342e-09
0 1.71342e-09
0 1.71342e-09
0 1.71342e-09
0 1.71342e-09
0 1.71342e-09
0 1.71342e-09
0 1.71342e-09
0 1.71342e-09
0 1.71342e-09
0 1.71342e-09
0 1.71342e-09
0 1.71342e-09
0 1.71342e-09
0 1.71342e-09
0 1.71342e-09
0 1.71342e-09
0 1.71342e-09
0 1.71342e-09
0 1.71342e-09
0 1.71342e-09
0 1.71342e-09
0 1.71342e-09
0 1.71342e-09
0 1.71342e-09
0 1.71342e-09
0 1.71342e-09
0 1.71342e-09
0 1.71342e-09
0 1.71342e-09
0 1.71342e-09
0 1.71342e-09
0 1.71342e-09
0 1.71342e-09
0 1.71342e-09
0 1.71342e-09
0 1.71342e-09
0 1.71342e-09
0 1.71342e-09
0 1.71342e-09
0 1.71342e-09
0 1.71342e-09
0 1.71342e-09
0 1.71342e-09
0 1.71342e-09
0 1.71342e-09
0 1.71342e-09
0 1.71342e-09
0 1.71342e-09
0 1.71342e-09
0 1.71342e-09
0 1.71342e-09
0 1.71342e-09
0 1.71342e-09
0 1.71342e-09
0 1.71342e-09
0 1.71342e-09
0 1.71342e-09
0 1.71342e-09
0 1.71342e-09
0 1.71342e-09
0 1.71342e-09
0 1.71342e-09
0 1.71342e-09
0 1.71342e-09
0 1.71342e-09
0 1.71342e-09
0 1.71342e-09
0 1.71342e-09
0 1.71342e-09
0 1.71342e-09
0 1.71342e-09
0 1.71342e-09
0 1.71342e-09
0 1.71342e-09
0 1.71342e-09
0 1.71342e-09
0 1.71342e-09
0 1.71342e-09
0 1.71342e-09
0 1.71342e-09
0 1.71342e-09
0 1.71342e-09
0 1.71342e-09
0 1.71342e-09
0 1.71342e-09
0 1.71342e-09
0 1.71342e-09
0 1.71342e-09
0 1.71342e-09
0 1.71342e-09
0 1.71342e-09
0 1.71342e-09
0 1.71342e-09
0 1.71342e-09
0 1.71342e-09
0 1.71342e-09
0 1.71342e-09
0 1.71342e-09
0 1.71342e-09
0 1.71342e-09
0 1.71342e-09
0 1.71342e-09
0 1.71342e-09
0 1.71342e-09
0 1.71342e-09
0 1.71342e-09
0 1.71342e-09
0 1.71342e-09
0 1.71342e-09
0 1.71342e-09
0 1.71342e-09
0 1.71342e-09
0 1.71342e-09
0 1.71342e-09
0 1.71342e-09
0 1.71342e-09
0 1.71342e-09
0 1.71342e-09
0 1.71342e-09
0 1.71342e-09
0 1.71342e-09
0 1.71342e-09
0 1.71342e-09
0 1.71342e-09
0 1.71342e-09
0 1.71342e-09
0 1.71342e-09
0 1.71342e-09
0 1.71342e-09
0 1.71342e-09
0 1.71342e-09
0 1.71342e-09
0 1.71342e-09
0 1.71342e-09
0 1.71342e-09
0 1.71342e-09
0 1.71342e-09
0 1.71342e-09
0 1.71342e-09
0 1.71342e-09
0 1.71342e-09
0 1.71342e-09
0 1.71342e-09
0 1.71342e-09
0 1.71342e-09
0 1.71342e-09
0 1.71342e-09
0 1.71342e-09
0 1.71342e-09
0 1.71342e-09
0 1.71342e-09
0 1.71342e-09
0 1.71342e-09
0 1.71342e-09
0 1.71342e-09
0 1.71342e-09
0 1.71342e-09
0 1.71342e-09
0 1.71342e-09
0 1.71342e-09
0 1.71342e-09
0 1.71342e-09
0 1.71342e-09
0 1.71342e-09
0 1.71342e-09
0 1.71342e-09
0 1.71342e-09
0 1.71342e-09
0 1.71342e-09
0 1.71342e-09
0 1.71342e-09
0 1.71342e-09
0 1.71342e-09
0 1.71342e-09
0 1.71342e-09
0 1.71342e-09
0 1.71342e-09
0 1.71342e-09
0 1.71342e-09
0 1.71342e-09

