0 0.358747
0 0.237251
0 0.199184
0 0.175095
0 0.156855
0 0.142051
0 0.129586
0 0.118851
0 0.10946
0 0.101152
0 0.0937364
0 0.0870726
0 0.0810504
0 0.0755828
0 0.0705991
0 0.0660409
0 0.0618595
0 0.0580138
0 0.0544684
0 0.0511932
0 0.0481616
0 0.0453508
0 0.0427403
0 0.0403123
0 0.038051
0 0.0359422
0 0.0339731
0 0.0321325
0 0.0304102
0 0.0287969
0 0.0272842
0 0.0258646
0 0.0245312
0 0.0232778
0 0.0220986
0 0.0209883
0 0.0199423
0 0.0189561
0 0.0180257
0 0.0171473
0 0.0163176
0 0.0155334
0 0.0147918
0 0.0140901
0 0.0134259
0 0.0127967
0 0.0122005
0 0.0116352
0 0.0110991
0 0.0105904
0 0.0101075
0 0.0096489
0 0.00921321
0 0.00879913
0 0.00840546
0 0.00803104
0 0.00767482
0 0.0073358
0 0.00701304
0 0.00670567
0 0.00641286
0 0.00613384
0 0.0058679
0 0.00561433
0 0.00537251
0 0.00514182
0 0.0049217
0 0.00471161
0 0.00451105
0 0.00431953
0 0.00413661
0 0.00396185
0 0.00379487
0 0.00363527
0 0.0034827
0 0.00333682
0 0.0031973
0 0.00306384
0 0.00293616
0 0.00281397
0 0.00269703
0 0.00258507
0 0.00247788
0 0.00237522
0 0.0022769
0 0.0021827
0 0.00209244
0 0.00200593
0 0.00192302
0 0.00184353
0 0.0017673
0 0.0016942
0 0.00162408
0 0.0015568
0 0.00149225
0 0.00143029
0 0.00137082
0 0.00131372
0 0.00125889
0 0.00120622
0 0.00115563
0 0.00110702
0 0.0010603
0 0.0010154
0 0.000972221
0 0.000930702
0 0.000890768
0 0.000852348
0 0.000815376
0 0.00077979
0 0.000745529
0 0.000712535
0 0.000680753
0 0.00065013
0 0.000620615
0 0.00059216
0 0.000564718
0 0.000538246
0 0.000512699
0 0.000488038
0 0.000464223
0 0.000441217
0 0.000418983
0 0.000397487
0 0.000376696
0 0.000356577
0 0.000337101
0 0.000318237
0 0.000299958
0 0.000282236
0 0.000265045
0 0.00024836
0 0.000232156
0 0.00021641
0 0.0002011
0 0.000186204
0 0.000171701
0 0.000157571
0 0.000143794
0 0.000130351
0 0.000117225
0 0.000104397
0 9.18517e-05
0 7.95711e-05
0 6.75397e-05
0 5.57421e-05
0 4.41632e-05
0 3.27885e-05
0 2.16038e-05
0 1.05953e-05
0 3.58747e-09
0 3.58747e-09
0 3.58747e-09
0 3.58747e-09
0 3.58747e-09
0 3.58747e-09
0 3.58747e-09
0 3.58747e-09
0 3.58747e-09
0 3.58747e-09
0 3.58747e-09
0 3.58747e-09
0 3.58747e-09
0 3.58747e-09
0 3.58747e-09
0 3.58747e-09
0 3.58747e-09
0 3.58747e-09
0 3.58747e-09
0 3.58747e-09
0 3.58747e-09
0 3.58747e-09
0 3.58747e-09
0 3.58747e-09
0 3.58747e-09
0 3.58747e-09
0 3.58747e-09
0 3.58747e-09
0 3.58747e-09
0 3.58747e-09
0 3.58747e-09
0 3.58747e-09
0 3.58747e-09
0 3.58747e-09
0 3.58747e-09
0 3.58747e-09
0 3.58747e-09
0 3.58747e-09
0 3.58747e-09
0 3.58747e-09
0 3.58747e-09
0 3.58747e-09
0 3.58747e-09
0 3.58747e-09
0 3.58747e-09
0 3.58747e-09
0 3.58747e-09
0 3.58747e-09
0 3.58747e-09
0 3.58747e-09
0 3.58747e-09
0 3.58747e-09
0 3.58747e-09
0 3.58747e-09
0 3.58747e-09
0 3.58747e-09
0 3.58747e-09
0 3.58747e-09
0 3.58747e-09
0 3.58747e-09
0 3.58747e-09
0 3.58747e-09
0 3.58747e-09
0 3.58747e-09
0 3.58747e-09
0 3.58747e-09
0 3.58747e-09
0 3.58747e-09
0 3.58747e-09
0 3.58747e-09
0 3.58747e-09
0 3.58747e-09
0 3.58747e-09
0 3.58747e-09
0 3.58747e-09
0 3.58747e-09
0 3.58747e-09
0 3.58747e-09
0 3.58747e-09
0 3.58747e-09
0 3.58747e-09
0 3.58747e-09
0 3.58747e-09
0 3.58747e-09
0 3.58747e-09
0 3.58747e-09
0 3.58747e-09
0 3.58747e-09
0 3.58747e-09
0 3.58747e-09
0 3.58747e-09
0 3.58747e-09
0 3.58747e-09
0 3.58747e-09
0 3.58747e-09
0 3.58747e-09
0 3.58747e-09
0 3.58747e-09
0 3.58747e-09
0 3.58747e-09
0 3.58747e-09
0 3.58747e-09
0 3.58747e-09
0 3.58747e-09
0 3.58747e-09
0 3.58747e-09
0 3.58747e-09
0 3.58747e-09
0 3.58747e-09
0 3.58747e-09
0 3.58747e-09
0 3.58747e-09
0 3.58747e-09
0 3.58747e-09
0 3.58747e-09
0 3.58747e-09
0 3.58747e-09
0 3.58747e-09
0 3.58747e-09
0 3.58747e-09
0 3.58747e-09
0 3.58747e-09
0 3.58747e-09
0 3.58747e-09
0 3.58747e-09
0 3.58747e-09
0 3.58747e-09
0 3.58747e-09
0 3.58747e-09
0 3.58747e-09
0 3.58747e-09
0 3.58747e-09
0 3.58747e-09
0 3.58747e-09
0 3.58747e-09
0 3.58747e-09
0 3.58747e-09
0 3.58747e-09
0 3.58747e-09
0 3.58747e-09
0 3.58747e-09
0 3.58747e-09
0 3.58747e-09
0 3.58747e-09
0 3.58747e-09
0 3.58747e-09
0 3.58747e-09
0 3.58747e-09
0 3.58747e-09
0 3.58747e-09
0 3.58747e-09
0 3.58747e-09
0 3.58747e-09
0 3.58747e-09
0 3.58747e-09
0 3.58747e-09
0 3.58747e-09
0 3.58747e-09
0 3.58747e-09
0 3.58747e-09
0 3.58747e-09
0 3.58747e-09
0 3.58747e-09
0 3.58747e-09
0 3.58747e-09
0 3.58747e-09
0 3.58747e-09
0 3.58747e-09
0 3.58747e-09
0 3.58747e-09
0 3.58747e-09
0 3.58747e-09
0 3.58747e-09
0 3.58747e-09
0 3.58747e-09
0 3.58747e-09
0 3.58747e-09
0 3.58747e-09
0 3.58747e-09
0 3.58747e-09
0 3.58747e-09
0 3.58747e-09
0 3.58747e-09
0 3.58747e-09
0 3.58747e-09
0 3.58747e-09
0 3.58747e-09
0 3.58747e-09
0 3.58747e-09
0 3.58747e-09
0 3.58747e-09
0 3.58747e-09
0 3.58747e-09
0 3.58747e-09
0 3.58747e-09
0 3.58747e-09
0 3.58747e-09
0 3.58747e-09
0 3.58747e-09
0 3.58747e-09
0 3.58747e-09
0 3.58747e-09
0 3.58747e-09
0 3.58747e-09
0 3.58747e-09
0 3.58747e-09
0 3.58747e-09
0 3.58747e-09
0 3.58747e-09
0 3.58747e-09
0 3.58747e-09
0 3.58747e-09
0 3.58747e-09
0 3.58747e-09
0 3.58747e-09
0 3.58747e-09
0 3.58747e-09
0 3.58747e-09
0 3.58747e-09
0 3.58747e-09
0 3.58747e-09
0 3.58747e-09
0 3.58747e-09
0 3.58747e-09
0 3.58747e-09
0 3.58747e-09
0 3.58747e-09
0 3.58747e-09
0 3.58747e-09
0 3.58747e-09
0 3.58747e-09
0 3.58747e-09
0 3.58747e-09
0 3.58747e-09
0 3.58747e-09
0 3.58747e-09
0 3.58747e-09
0 3.58747e-09
0 3.58747e-09
0 3.58747e-09
0 3.58747e-09
0 3.58747e-09
0 3.58747e-09
0 3.58747e-09
0 3.58747e-09
0 3.58747e-09
0 3.58747e-09
0 3.58747e-09
0 3.58747e-09
0 3.58747e-09
0 3.58747e-09
0 3.58747e-09
0 3.58747e-09
0 3.58747e-09
0 3.58747e-09
0 3.58747e-09
0 3.58747e-09
0 3.58747e-09
0 3.58747e-09
0 3.58747e-09
0 3.58747e-09
0 3.58747e-09
0 3.58747e-09
0 3.58747e-09
0 3.58747e-09
0 3.58747e-09
0 3.58747e-09
0 3.58747e-09
0 3.58747e-09
0 3.58747e-09
0 3.58747e-09
0 3.58747e-09
0 3.58747e-09
0 3.58747e-09
0 3.58747e-09
0 3.58747e-09
0 3.58747e-09
0 3.58747e-09
0 3.58747e-09
0 3.58747e-09
0 3.58747e-09
0 3.58747e-09
0 3.58747e-09
0 3.58747e-09
0 3.58747e-09
0 3.58747e-09
0 3.58747e-09
0 3.58747e-09
0 3.58747e-09
0 3.58747e-09
0 3.58747e-09
0 3.58747e-09
0 3.58747e-09
0 3.58747e-09
0 3.58747e-09
0 3.58747e-09
0 3.58747e-09
0 3.58747e-09
0 3.58747e-09
0 3.58747e-09
0 3.58747e-09
0 3.58747e-09
0 3.58747e-09
0 3.58747e-09
0 3.58747e-09
0 3.58747e-09
0 3.58747e-09
0 3.58747e-09
0 3.58747e-09
0 3.58747e-09
0 3.58747e-09
0 3.58747e-09
0 3.58747e-09
0 3.58747e-09
0 3.58747e-09
0 3.58747e-09
0 3.58747e-09
0 3.58747e-09
0 3.58747e-09
0 3.58747e-09
0 3.58747e-09
0 3.58747e-09
0 3.58747e-09
0 3.58747e-09
0 3.58747e-09
0 3.58747e-09
0 3.58747e-09
0 3.58747e-09
0 3.58747e-09
0 3.58747e-09
0 3.58747e-09
0 3.58747e-09
0 3.58747e-09
0 3.58747e-09
0 3.58747e-09
0 3.58747e-09
0 3.58747e-09
0 3.58747e-09
0 3.58747e-09
0 3.58747e-09
0 3.58747e-09
0 3.58747e-09
0 3.58747e-09
0 3.58747e-09
0 3.58747e-09
0 3.58747e-09
0 3.58747e-09
0 3.58747e-09
0 3.58747e-09
0 3.58747e-09
0 3.58747e-09
0 3.58747e-09
0 3.58747e-09
0 3.58747e-09
0 3.58747e-09
0 3.58747e-09
0 3.58747e-09
0 3.58747e-09
0 3.58747e-09
0 3.58747e-09
0 3.58747e-09
0 3.58747e-09
0 3.58747e-09
0 3.58747e-09
0 3.58747e-09
0 3.58747e-09
0 3.58747e-09
0 3.58747e-09
0 3.58747e-09
0 3.58747e-09
0 3.58747e-09
0 3.58747e-09
0 3.58747e-09
0 3.58747e-09
0 3.58747e-09
0 3.58747e-09
0 3.58747e-09
0 3.58747e-09
0 3.58747e-09
0 3.58747e-09
0 3.58747e-09
0 3.58747e-09
0 3.58747e-09
0 3.58747e-09
0 3.58747e-09
0 3.58747e-09
0 3.58747e-09
0 3.58747e-09
0 3.58747e-09
0 3.58747e-09
0 3.58747e-09
0 3.58747e-09
0 3.58747e-09
0 3.58747e-09
0 3.58747e-09
0 3.58747e-09
0 3.58747e-09
0 3.58747e-09
0 3.58747e-09
0 3.58747e-09
0 3.58747e-09
0 3.58747e-09
0 3.58747e-09
0 3.58747e-09
0 3.58747e-09
0 3.58747e-09
0 3.58747e-09
0 3.58747e-09
0 3.58747e-09
0 3.58747e-09
0 3.58747e-09
0 3.58747e-09
0 3.58747e-09
0 3.58747e-09
0 3.58747e-09
0 3.58747e-09
0 3.58747e-09
0 3.58747e-09
0 3.58747e-09
0 3.58747e-09
0 3.58747e-09
0 3.58747e-09
0 3.58747e-09
0 3.58747e-09
0 3.58747e-09
0 3.58747e-09
0 3.58747e-09
0 3.58747e-09
0 3.58747e-09
0 3.58747e-09
0 3.58747e-09
0 3.58747e-09
0 3.58747e-09
0 3.58747e-09
0 3.58747e-09
0 3.58747e-09
0 3.58747e-09
0 3.58747e-09
0 3.58747e-09
0 3.58747e-09
0 3.58747e-09
0 3.58747e-09
0 3.58747e-09
0 3.58747e-09
0 3.58747e-09
0 3.58747e-09
0 3.58747e-09
0 3.58747e-09
0 3.58747e-09
0 3.58747e-09
0 3.58747e-09
0 3.58747e-09
0 3.58747e-09
0 3.58747e-09
0 3.58747e-09
0 3.58747e-09
0 3.58747e-09
0 3.58747e-09
0 3.58747e-09
0 3.58747e-09
0 3.58747e-09
0 3.58747e-09
0 3.58747e-09
0 3.58747e-09
0 3.58747e-09
0 3.58747e-09
0 3.58747e-09
0 3.58747e-09
0 3.58747e-09
0 3.58747e-09
0 3.58747e-09
0 3.58747e-09
0 3.58747e-09
0 3.58747e-09
0 3.58747e-09
0 3.58747e-09
0 3.58747e-09
0 3.58747e-09
0 3.58747e-09
0 3.58747e-09
0 3.58747e-09
0 3.58747e-09
0 3.58747e-09
0 3.58747e-09
0 3.58747e-09
0 3.58747e-09
0 3.58747e-09
0 3.58747e-09
0 3.58747e-09
0 3.58747e-09
0 3.58747e-09
0 3.58747e-09
0 3.58747e-09
0 3.58747e-09
0 3.58747e-09
0 3.58747e-09
0 3.58747e-09
0 3.58747e-09
0 3.58747e-09
0 3.58747e-09
0 3.58747e-09
0 3.58747e-09
0 3.58747e-09
0 3.58747e-09
0 3.58747e-09
0 3.58747e-09
0 3.58747e-09
0 3.58747e-09
0 3.58747e-09
0 3.58747e-09
0 3.58747e-09
0 3.58747e-09
0 3.58747e-09
0 3.58747e-09
0 3.58747e-09
0 3.58747e-09
0 3.58747e-09
0 3.58747e-09
0 3.58747e-09
0 3.58747e-09
0 3.58747e-09
0 3.58747e-09
0 3.58747e-09
0 3.58747e-09
0 3.58747e-09
0 3.58747e-09
0 3.58747e-09
0 3.58747e-09
0 3.58747e-09
0 3.58747e-09
0 3.58747e-09
0 3.58747e-09
0 3.58747e-09
0 3.58747e-09
0 3.58747e-09
0 3.58747e-09
0 3.58747e-09
0 3.58747e-09
0 3.58747e-09
0 3.58747e-09
0 3.58747e-09
0 3.58747e-09
0 3.58747e-09
0 3.58747e-09
0 3.58747e-09
0 3.58747e-09
0 3.58747e-09
0 3.58747e-09
0 3.58747e-09
0 3.58747e-09
0 3.58747e-09
0 3.58747e-09
0 3.58747e-09
0 3.58747e-09
0 3.58747e-09
0 3.58747e-09
0 3.58747e-09
0 3.58747e-09
0 3.58747e-09
0 3.58747e-09
0 3.58747e-09
0 3.58747e-09
0 3.58747e-09
0 3.58747e-09
0 3.58747e-09
0 3.58747e-09
0 3.58747e-09
0 3.58747e-09
0 3.58747e-09
0 3.58747e-09
0 3.58747e-09
0 3.58747e-09
0 3.58747e-09
0 3.58747e-09
0 3.58747e-09
0 3.58747e-09
0 3.58747e-09
0 3.58747e-09
0 3.58747e-09
0 3.58747e-09
0 3.58747e-09
0 3.58747e-09
0 3.58747e-09
0 3.58747e-09
0 3.58747e-09
0 3.58747e-09
0 3.58747e-09
0 3.58747e-09
0 3.58747e-09
0 3.58747e-09
0 3.58747e-09
0 3.58747e-09
0 3.58747e-09
0 3.58747e-09
0 3.58747e-09
0 3.58747e-09
0 3.58747e-09
0 3.58747e-09
0 3.58747e-09
0 3.58747e-09
0 3.58747e-09
0 3.58747e-09
0 3.58747e-09
0 3.58747e-09
0 3.58747e-09
0 3.58747e-09
0 3.58747e-09
0 3.58747e-09
0 3.58747e-09
0 3.58747e-09
0 3.58747e-09
0 3.58747e-09
0 3.58747e-09
0 3.58747e-09
0 3.58747e-09
0 3.58747e-09
0 3.58747e-09
0 3.58747e-09
0 3.58747e-09
0 3.58747e-09
0 3.58747e-09
0 3.58747e-09
0 3.58747e-09
0 3.58747e-09
0 3.58747e-09
0 3.58747e-09
0 3.58747e-09
0 3.58747e-09
0 3.58747e-09
0 3.58747e-09
0 3.58747e-09
0 3.58747e-09
0 3.58747e-09
0 3.58747e-09
0 3.58747e-09
0 3.58747e-09
0 3.58747e-09
0 3.58747e-09
0 3.58747e-09
0 3.58747e-09
0 3.58747e-09
0 3.58747e-09
0 3.58747e-09
0 3.58747e-09
0 3.58747e-09
0 3.58747e-09
0 3.58747e-09
0 3.58747e-09
0 3.58747e-09
0 3.58747e-09
0 3.58747e-09
0 3.58747e-09
0 3.58747e-09
0 3.58747e-09
0 3.58747e-09
0 3.58747e-09
0 3.58747e-09
0 3.58747e-09
0 3.58747e-09
0 3.58747e-09
0 3.58747e-09
0 3.58747e-09
0 3.58747e-09
0 3.58747e-09
0 3.58747e-09
0 3.58747e-09
0 3.58747e-09
0 3.58747e-09
0 3.58747e-09
0 3.58747e-09
0 3.58747e-09
0 3.58747e-09
0 3.58747e-09
0 3.58747e-09
0 3.58747e-09
0 3.58747e-09
0 3.58747e-09
0 3.58747e-09
0 3.58747e-09
0 3.58747e-09
0 3.58747e-09
0 3.58747e-09
0 3.58747e-09
0 3.58747e-09
0 3.58747e-09
0 3.58747e-09
0 3.58747e-09
0 3.58747e-09
0 3.58747e-09
0 3.58747e-09
0 3.58747e-09
0 3.58747e-09
0 3.58747e-09
0 3.58747e-09
0 3.58747e-09
0 3.58747e-09
0 3.58747e-09
0 3.58747e-09
0 3.58747e-09
0 3.58747e-09
0 3.58747e-09
0 3.58747e-09
0 3.58747e-09
0 3.58747e-09
0 3.58747e-09
0 3.58747e-09
0 3.58747e-09
0 3.58747e-09
0 3.58747e-09
0 3.58747e-09
0 3.58747e-09
0 3.58747e-09
0 3.58747e-09
0 3.58747e-09
0 3.58747e-09
0 3.58747e-09
0 3.58747e-09
0 3.58747e-09
0 3.58747e-09
0 3.58747e-09
0 3.58747e-09
0 3.58747e-09
0 3.58747e-09
0 3.58747e-09
0 3.58747e-09
0 3.58747e-09
0 3.58747e-09
0 3.58747e-09
0 3.58747e-09
0 3.58747e-09
0 3.58747e-09
0 3.58747e-09
0 3.58747e-09
0 3.58747e-09
0 3.58747e-09
0 3.58747e-09
0 3.58747e-09
0 3.58747e-09
0 3.58747e-09
0 3.58747e-09
0 3.58747e-09
0 3.58747e-09
0 3.58747e-09
0 3.58747e-09
0 3.58747e-09
0 3.58747e-09
0 3.58747e-09
0 3.58747e-09
0 3.58747e-09
0 3.58747e-09
0 3.58747e-09
0 3.58747e-09
0 3.58747e-09
0 3.58747e-09
0 3.58747e-09
0 3.58747e-09
0 3.58747e-09
0 3.58747e-09
0 3.58747e-09
0 3.58747e-09
0 3.58747e-09
0 3.58747e-09
0 3.58747e-09
0 3.58747e-09
0 3.58747e-09
0 3.58747e-09
0 3.58747e-09
0 3.58747e-09
0 3.58747e-09
0 3.58747e-09
0 3.58747e-09
0 3.58747e-09
0 3.58747e-09
0 3.58747e-09
0 3.58747e-09
0 3.58747e-09
0 3.58747e-09
0 3.58747e-09
0 3.58747e-09
0 3.58747e-09
0 3.58747e-09
0 3.58747e-09
0 3.58747e-09
0 3.58747e-09
0 3.58747e-09
0 3.58747e-09
0 3.58747e-09
0 3.58747e-09
0 3.58747e-09
0 3.58747e-09
0 3.58747e-09
0 3.58747e-09
0 3.58747e-09
0 3.58747e-09
0 3.58747e-09
0 3.58747e-09
0 3.58747e-09
0 3.58747e-09
0 3.58747e-09
0 3.58747e-09
0 3.58747e-09
0 3.58747e-09
0 3.58747e-09
0 3.58747e-09
0 3.58747e-09
0 3.58747e-09
0 3.58747e-09
0 3.58747e-09
0 3.58747e-09
0 3.58747e-09
0 3.58747e-09
0 3.58747e-09
0 3.58747e-09
0 3.58747e-09
0 3.58747e-09
0 3.58747e-09
0 3.58747e-09
0 3.58747e-09
0 3.58747e-09
0 3.58747e-09
0 3.58747e-09
0 3.58747e-09
0 3.58747e-09
0 3.58747e-09
0 3.58747e-09
0 3.58747e-09
0 3.58747e-09
0 3.58747e-09
0 3.58747e-09
0 3.58747e-09
0 3.58747e-09
0 3.58747e-09
0 3.58747e-09
0 3.58747e-09
0 3.58747e-09
0 3.58747e-09
0 3.58747e-09
0 3.58747e-09
0 3.58747e-09
0 3.58747e-09
0 3.58747e-09
0 3.58747e-09
0 3.58747e-09
0 3.58747e-09
0 3.58747e-09
0 3.58747e-09
0 3.58747e-09
0 3.58747e-09
0 3.58747e-09
0 3.58747e-09

