0 0.299848
0 0.25177
0 0.203729
0 0.17376
0 0.153086
0 0.137445
0 0.124887
0 0.114407
0 0.105427
0 0.097588
0 0.0906498
0 0.0844445
0 0.0788495
0 0.0737721
0 0.0691402
0 0.0648964
0 0.060994
0 0.0573945
0 0.0540656
0 0.0509796
0 0.048113
0 0.0454454
0 0.0429588
0 0.0406375
0 0.0384676
0 0.0364368
0 0.0345338
0 0.0327488
0 0.0310727
0 0.0294975
0 0.0280157
0 0.0266208
0 0.0253065
0 0.0240673
0 0.0228981
0 0.0217942
0 0.0207513
0 0.0197653
0 0.0188327
0 0.01795
0 0.0171142
0 0.0163223
0 0.0155717
0 0.0148598
0 0.0141844
0 0.0135433
0 0.0129344
0 0.012356
0 0.0118063
0 0.0112837
0 0.0107866
0 0.0103136
0 0.00986337
0 0.00943473
0 0.00902647
0 0.0086375
0 0.00826679
0 0.00791338
0 0.00757637
0 0.0072549
0 0.00694816
0 0.00665542
0 0.00637595
0 0.00610908
0 0.00585419
0 0.00561067
0 0.00537797
0 0.00515555
0 0.00494291
0 0.00473958
0 0.00454511
0 0.00435907
0 0.00418106
0 0.0040107
0 0.00384763
0 0.00369151
0 0.00354201
0 0.00339882
0 0.00326166
0 0.00313025
0 0.00300432
0 0.00288363
0 0.00276793
0 0.002657
0 0.00255063
0 0.00244862
0 0.00235076
0 0.00225688
0 0.00216679
0 0.00208034
0 0.00199736
0 0.00191769
0 0.00184121
0 0.00176775
0 0.00169721
0 0.00162944
0 0.00156433
0 0.00150176
0 0.00144164
0 0.00138384
0 0.00132827
0 0.00127485
0 0.00122347
0 0.00117405
0 0.0011265
0 0.00108075
0 0.00103673
0 0.000994349
0 0.00095355
0 0.000914265
0 0.000876429
0 0.000839982
0 0.000804864
0 0.000771021
0 0.000738399
0 0.000706947
0 0.000676615
0 0.000647356
0 0.000619126
0 0.00059188
0 0.000565578
0 0.00054018
0 0.000515646
0 0.000491941
0 0.000469029
0 0.000446877
0 0.000425451
0 0.000404721
0 0.000384656
0 0.000365227
0 0.000346408
0 0.00032817
0 0.000310488
0 0.000293338
0 0.000276695
0 0.000260536
0 0.00024484
0 0.000229585
0 0.00021475
0 0.000200315
0 0.000186262
0 0.000172571
0 0.000159225
0 0.000146206
0 0.000133498
0 0.000121085
0 0.00010895
0 9.70793e-05
0 8.54573e-05
0 7.407e-05
0 6.29035e-05
0 5.19444e-05
0 4.11796e-05
0 3.05965e-05
0 2.01827e-05
0 9.92619e-06
0 2.99848e-09
0 2.99848e-09
0 2.99848e-09
0 2.99848e-09
0 2.99848e-09
0 2.99848e-09
0 2.99848e-09
0 2.99848e-09
0 2.99848e-09
0 2.99848e-09
0 2.99848e-09
0 2.99848e-09
0 2.99848e-09
0 2.99848e-09
0 2.99848e-09
0 2.99848e-09
0 2.99848e-09
0 2.99848e-09
0 2.99848e-09
0 2.99848e-09
0 2.99848e-09
0 2.99848e-09
0 2.99848e-09
0 2.99848e-09
0 2.99848e-09
0 2.99848e-09
0 2.99848e-09
0 2.99848e-09
0 2.99848e-09
0 2.99848e-09
0 2.99848e-09
0 2.99848e-09
0 2.99848e-09
0 2.99848e-09
0 2.99848e-09
0 2.99848e-09
0 2.99848e-09
0 2.99848e-09
0 2.99848e-09
0 2.99848e-09
0 2.99848e-09
0 2.99848e-09
0 2.99848e-09
0 2.99848e-09
0 2.99848e-09
0 2.99848e-09
0 2.99848e-09
0 2.99848e-09
0 2.99848e-09
0 2.99848e-09
0 2.99848e-09
0 2.99848e-09
0 2.99848e-09
0 2.99848e-09
0 2.99848e-09
0 2.99848e-09
0 2.99848e-09
0 2.99848e-09
0 2.99848e-09
0 2.99848e-09
0 2.99848e-09
0 2.99848e-09
0 2.99848e-09
0 2.99848e-09
0 2.99848e-09
0 2.99848e-09
0 2.99848e-09
0 2.99848e-09
0 2.99848e-09
0 2.99848e-09
0 2.99848e-09
0 2.99848e-09
0 2.99848e-09
0 2.99848e-09
0 2.99848e-09
0 2.99848e-09
0 2.99848e-09
0 2.99848e-09
0 2.99848e-09
0 2.99848e-09
0 2.99848e-09
0 2.99848e-09
0 2.99848e-09
0 2.99848e-09
0 2.99848e-09
0 2.99848e-09
0 2.99848e-09
0 2.99848e-09
0 2.99848e-09
0 2.99848e-09
0 2.99848e-09
0 2.99848e-09
0 2.99848e-09
0 2.99848e-09
0 2.99848e-09
0 2.99848e-09
0 2.99848e-09
0 2.99848e-09
0 2.99848e-09
0 2.99848e-09
0 2.99848e-09
0 2.99848e-09
0 2.99848e-09
0 2.99848e-09
0 2.99848e-09
0 2.99848e-09
0 2.99848e-09
0 2.99848e-09
0 2.99848e-09
0 2.99848e-09
0 2.99848e-09
0 2.99848e-09
0 2.99848e-09
0 2.99848e-09
0 2.99848e-09
0 2.99848e-09
0 2.99848e-09
0 2.99848e-09
0 2.99848e-09
0 2.99848e-09
0 2.99848e-09
0 2.99848e-09
0 2.99848e-09
0 2.99848e-09
0 2.99848e-09
0 2.99848e-09
0 2.99848e-09
0 2.99848e-09
0 2.99848e-09
0 2.99848e-09
0 2.99848e-09
0 2.99848e-09
0 2.99848e-09
0 2.99848e-09
0 2.99848e-09
0 2.99848e-09
0 2.99848e-09
0 2.99848e-09
0 2.99848e-09
0 2.99848e-09
0 2.99848e-09
0 2.99848e-09
0 2.99848e-09
0 2.99848e-09
0 2.99848e-09
0 2.99848e-09
0 2.99848e-09
0 2.99848e-09
0 2.99848e-09
0 2.99848e-09
0 2.99848e-09
0 2.99848e-09
0 2.99848e-09
0 2.99848e-09
0 2.99848e-09
0 2.99848e-09
0 2.99848e-09
0 2.99848e-09
0 2.99848e-09
0 2.99848e-09
0 2.99848e-09
0 2.99848e-09
0 2.99848e-09
0 2.99848e-09
0 2.99848e-09
0 2.99848e-09
0 2.99848e-09
0 2.99848e-09
0 2.99848e-09
0 2.99848e-09
0 2.99848e-09
0 2.99848e-09
0 2.99848e-09
0 2.99848e-09
0 2.99848e-09
0 2.99848e-09
0 2.99848e-09
0 2.99848e-09
0 2.99848e-09
0 2.99848e-09
0 2.99848e-09
0 2.99848e-09
0 2.99848e-09
0 2.99848e-09
0 2.99848e-09
0 2.99848e-09
0 2.99848e-09
0 2.99848e-09
0 2.99848e-09
0 2.99848e-09
0 2.99848e-09
0 2.99848e-09
0 2.99848e-09
0 2.99848e-09
0 2.99848e-09
0 2.99848e-09
0 2.99848e-09
0 2.99848e-09
0 2.99848e-09
0 2.99848e-09
0 2.99848e-09
0 2.99848e-09
0 2.99848e-09
0 2.99848e-09
0 2.99848e-09
0 2.99848e-09
0 2.99848e-09
0 2.99848e-09
0 2.99848e-09
0 2.99848e-09
0 2.99848e-09
0 2.99848e-09
0 2.99848e-09
0 2.99848e-09
0 2.99848e-09
0 2.99848e-09
0 2.99848e-09
0 2.99848e-09
0 2.99848e-09
0 2.99848e-09
0 2.99848e-09
0 2.99848e-09
0 2.99848e-09
0 2.99848e-09
0 2.99848e-09
0 2.99848e-09
0 2.99848e-09
0 2.99848e-09
0 2.99848e-09
0 2.99848e-09
0 2.99848e-09
0 2.99848e-09
0 2.99848e-09
0 2.99848e-09
0 2.99848e-09
0 2.99848e-09
0 2.99848e-09
0 2.99848e-09
0 2.99848e-09
0 2.99848e-09
0 2.99848e-09
0 2.99848e-09
0 2.99848e-09
0 2.99848e-09
0 2.99848e-09
0 2.99848e-09
0 2.99848e-09
0 2.99848e-09
0 2.99848e-09
0 2.99848e-09
0 2.99848e-09
0 2.99848e-09
0 2.99848e-09
0 2.99848e-09
0 2.99848e-09
0 2.99848e-09
0 2.99848e-09
0 2.99848e-09
0 2.99848e-09
0 2.99848e-09
0 2.99848e-09
0 2.99848e-09
0 2.99848e-09
0 2.99848e-09
0 2.99848e-09
0 2.99848e-09
0 2.99848e-09
0 2.99848e-09
0 2.99848e-09
0 2.99848e-09
0 2.99848e-09
0 2.99848e-09
0 2.99848e-09
0 2.99848e-09
0 2.99848e-09
0 2.99848e-09
0 2.99848e-09
0 2.99848e-09
0 2.99848e-09
0 2.99848e-09
0 2.99848e-09
0 2.99848e-09
0 2.99848e-09
0 2.99848e-09
0 2.99848e-09
0 2.99848e-09
0 2.99848e-09
0 2.99848e-09
0 2.99848e-09
0 2.99848e-09
0 2.99848e-09
0 2.99848e-09
0 2.99848e-09
0 2.99848e-09
0 2.99848e-09
0 2.99848e-09
0 2.99848e-09
0 2.99848e-09
0 2.99848e-09
0 2.99848e-09
0 2.99848e-09
0 2.99848e-09
0 2.99848e-09
0 2.99848e-09
0 2.99848e-09
0 2.99848e-09
0 2.99848e-09
0 2.99848e-09
0 2.99848e-09
0 2.99848e-09
0 2.99848e-09
0 2.99848e-09
0 2.99848e-09
0 2.99848e-09
0 2.99848e-09
0 2.99848e-09
0 2.99848e-09
0 2.99848e-09
0 2.99848e-09
0 2.99848e-09
0 2.99848e-09
0 2.99848e-09
0 2.99848e-09
0 2.99848e-09
0 2.99848e-09
0 2.99848e-09
0 2.99848e-09
0 2.99848e-09
0 2.99848e-09
0 2.99848e-09
0 2.99848e-09
0 2.99848e-09
0 2.99848e-09
0 2.99848e-09
0 2.99848e-09
0 2.99848e-09
0 2.99848e-09
0 2.99848e-09
0 2.99848e-09
0 2.99848e-09
0 2.99848e-09
0 2.99848e-09
0 2.99848e-09
0 2.99848e-09
0 2.99848e-09
0 2.99848e-09
0 2.99848e-09
0 2.99848e-09
0 2.99848e-09
0 2.99848e-09
0 2.99848e-09
0 2.99848e-09
0 2.99848e-09
0 2.99848e-09
0 2.99848e-09
0 2.99848e-09
0 2.99848e-09
0 2.99848e-09
0 2.99848e-09
0 2.99848e-09
0 2.99848e-09
0 2.99848e-09
0 2.99848e-09
0 2.99848e-09
0 2.99848e-09
0 2.99848e-09
0 2.99848e-09
0 2.99848e-09
0 2.99848e-09
0 2.99848e-09
0 2.99848e-09
0 2.99848e-09
0 2.99848e-09
0 2.99848e-09
0 2.99848e-09
0 2.99848e-09
0 2.99848e-09
0 2.99848e-09
0 2.99848e-09
0 2.99848e-09
0 2.99848e-09
0 2.99848e-09
0 2.99848e-09
0 2.99848e-09
0 2.99848e-09
0 2.99848e-09
0 2.99848e-09
0 2.99848e-09
0 2.99848e-09
0 2.99848e-09
0 2.99848e-09
0 2.99848e-09
0 2.99848e-09
0 2.99848e-09
0 2.99848e-09
0 2.99848e-09
0 2.99848e-09
0 2.99848e-09
0 2.99848e-09
0 2.99848e-09
0 2.99848e-09
0 2.99848e-09
0 2.99848e-09
0 2.99848e-09
0 2.99848e-09
0 2.99848e-09
0 2.99848e-09
0 2.99848e-09
0 2.99848e-09
0 2.99848e-09
0 2.99848e-09
0 2.99848e-09
0 2.99848e-09
0 2.99848e-09
0 2.99848e-09
0 2.99848e-09
0 2.99848e-09
0 2.99848e-09
0 2.99848e-09
0 2.99848e-09
0 2.99848e-09
0 2.99848e-09
0 2.99848e-09
0 2.99848e-09
0 2.99848e-09
0 2.99848e-09
0 2.99848e-09
0 2.99848e-09
0 2.99848e-09
0 2.99848e-09
0 2.99848e-09
0 2.99848e-09
0 2.99848e-09
0 2.99848e-09
0 2.99848e-09
0 2.99848e-09
0 2.99848e-09
0 2.99848e-09
0 2.99848e-09
0 2.99848e-09
0 2.99848e-09
0 2.99848e-09
0 2.99848e-09
0 2.99848e-09
0 2.99848e-09
0 2.99848e-09
0 2.99848e-09
0 2.99848e-09
0 2.99848e-09
0 2.99848e-09
0 2.99848e-09
0 2.99848e-09
0 2.99848e-09
0 2.99848e-09
0 2.99848e-09
0 2.99848e-09
0 2.99848e-09
0 2.99848e-09
0 2.99848e-09
0 2.99848e-09
0 2.99848e-09
0 2.99848e-09
0 2.99848e-09
0 2.99848e-09
0 2.99848e-09
0 2.99848e-09
0 2.99848e-09
0 2.99848e-09
0 2.99848e-09
0 2.99848e-09
0 2.99848e-09
0 2.99848e-09
0 2.99848e-09
0 2.99848e-09
0 2.99848e-09
0 2.99848e-09
0 2.99848e-09
0 2.99848e-09
0 2.99848e-09
0 2.99848e-09
0 2.99848e-09
0 2.99848e-09
0 2.99848e-09
0 2.99848e-09
0 2.99848e-09
0 2.99848e-09
0 2.99848e-09
0 2.99848e-09
0 2.99848e-09
0 2.99848e-09
0 2.99848e-09
0 2.99848e-09
0 2.99848e-09
0 2.99848e-09
0 2.99848e-09
0 2.99848e-09
0 2.99848e-09
0 2.99848e-09
0 2.99848e-09
0 2.99848e-09
0 2.99848e-09
0 2.99848e-09
0 2.99848e-09
0 2.99848e-09
0 2.99848e-09
0 2.99848e-09
0 2.99848e-09
0 2.99848e-09
0 2.99848e-09
0 2.99848e-09
0 2.99848e-09
0 2.99848e-09
0 2.99848e-09
0 2.99848e-09
0 2.99848e-09
0 2.99848e-09
0 2.99848e-09
0 2.99848e-09
0 2.99848e-09
0 2.99848e-09
0 2.99848e-09
0 2.99848e-09
0 2.99848e-09
0 2.99848e-09
0 2.99848e-09
0 2.99848e-09
0 2.99848e-09
0 2.99848e-09
0 2.99848e-09
0 2.99848e-09
0 2.99848e-09
0 2.99848e-09
0 2.99848e-09
0 2.99848e-09
0 2.99848e-09
0 2.99848e-09
0 2.99848e-09
0 2.99848e-09
0 2.99848e-09
0 2.99848e-09
0 2.99848e-09
0 2.99848e-09
0 2.99848e-09
0 2.99848e-09
0 2.99848e-09
0 2.99848e-09
0 2.99848e-09
0 2.99848e-09
0 2.99848e-09
0 2.99848e-09
0 2.99848e-09
0 2.99848e-09
0 2.99848e-09
0 2.99848e-09
0 2.99848e-09
0 2.99848e-09
0 2.99848e-09
0 2.99848e-09
0 2.99848e-09
0 2.99848e-09
0 2.99848e-09
0 2.99848e-09
0 2.99848e-09
0 2.99848e-09
0 2.99848e-09
0 2.99848e-09
0 2.99848e-09
0 2.99848e-09
0 2.99848e-09
0 2.99848e-09
0 2.99848e-09
0 2.99848e-09
0 2.99848e-09
0 2.99848e-09
0 2.99848e-09
0 2.99848e-09
0 2.99848e-09
0 2.99848e-09
0 2.99848e-09
0 2.99848e-09
0 2.99848e-09
0 2.99848e-09
0 2.99848e-09
0 2.99848e-09
0 2.99848e-09
0 2.99848e-09
0 2.99848e-09
0 2.99848e-09
0 2.99848e-09
0 2.99848e-09
0 2.99848e-09
0 2.99848e-09
0 2.99848e-09
0 2.99848e-09
0 2.99848e-09
0 2.99848e-09
0 2.99848e-09
0 2.99848e-09
0 2.99848e-09
0 2.99848e-09
0 2.99848e-09
0 2.99848e-09
0 2.99848e-09
0 2.99848e-09
0 2.99848e-09
0 2.99848e-09
0 2.99848e-09
0 2.99848e-09
0 2.99848e-09
0 2.99848e-09
0 2.99848e-09
0 2.99848e-09
0 2.99848e-09
0 2.99848e-09
0 2.99848e-09
0 2.99848e-09
0 2.99848e-09
0 2.99848e-09
0 2.99848e-09
0 2.99848e-09
0 2.99848e-09
0 2.99848e-09
0 2.99848e-09
0 2.99848e-09
0 2.99848e-09
0 2.99848e-09
0 2.99848e-09
0 2.99848e-09
0 2.99848e-09
0 2.99848e-09
0 2.99848e-09
0 2.99848e-09
0 2.99848e-09
0 2.99848e-09
0 2.99848e-09
0 2.99848e-09
0 2.99848e-09
0 2.99848e-09
0 2.99848e-09
0 2.99848e-09
0 2.99848e-09
0 2.99848e-09
0 2.99848e-09
0 2.99848e-09
0 2.99848e-09
0 2.99848e-09
0 2.99848e-09
0 2.99848e-09
0 2.99848e-09
0 2.99848e-09
0 2.99848e-09
0 2.99848e-09
0 2.99848e-09
0 2.99848e-09
0 2.99848e-09
0 2.99848e-09
0 2.99848e-09
0 2.99848e-09
0 2.99848e-09
0 2.99848e-09
0 2.99848e-09
0 2.99848e-09
0 2.99848e-09
0 2.99848e-09
0 2.99848e-09
0 2.99848e-09
0 2.99848e-09
0 2.99848e-09
0 2.99848e-09
0 2.99848e-09
0 2.99848e-09
0 2.99848e-09
0 2.99848e-09
0 2.99848e-09
0 2.99848e-09
0 2.99848e-09
0 2.99848e-09
0 2.99848e-09
0 2.99848e-09
0 2.99848e-09
0 2.99848e-09
0 2.99848e-09
0 2.99848e-09
0 2.99848e-09
0 2.99848e-09
0 2.99848e-09
0 2.99848e-09
0 2.99848e-09
0 2.99848e-09
0 2.99848e-09
0 2.99848e-09
0 2.99848e-09
0 2.99848e-09
0 2.99848e-09
0 2.99848e-09
0 2.99848e-09
0 2.99848e-09
0 2.99848e-09
0 2.99848e-09
0 2.99848e-09
0 2.99848e-09
0 2.99848e-09
0 2.99848e-09
0 2.99848e-09
0 2.99848e-09
0 2.99848e-09
0 2.99848e-09
0 2.99848e-09
0 2.99848e-09
0 2.99848e-09
0 2.99848e-09
0 2.99848e-09
0 2.99848e-09
0 2.99848e-09
0 2.99848e-09
0 2.99848e-09
0 2.99848e-09
0 2.99848e-09
0 2.99848e-09
0 2.99848e-09
0 2.99848e-09
0 2.99848e-09
0 2.99848e-09
0 2.99848e-09
0 2.99848e-09
0 2.99848e-09
0 2.99848e-09
0 2.99848e-09
0 2.99848e-09
0 2.99848e-09
0 2.99848e-09
0 2.99848e-09
0 2.99848e-09
0 2.99848e-09
0 2.99848e-09
0 2.99848e-09
0 2.99848e-09
0 2.99848e-09
0 2.99848e-09
0 2.99848e-09
0 2.99848e-09
0 2.99848e-09
0 2.99848e-09
0 2.99848e-09
0 2.99848e-09
0 2.99848e-09
0 2.99848e-09
0 2.99848e-09
0 2.99848e-09
0 2.99848e-09
0 2.99848e-09
0 2.99848e-09
0 2.99848e-09
0 2.99848e-09
0 2.99848e-09
0 2.99848e-09
0 2.99848e-09
0 2.99848e-09
0 2.99848e-09
0 2.99848e-09
0 2.99848e-09
0 2.99848e-09
0 2.99848e-09
0 2.99848e-09
0 2.99848e-09
0 2.99848e-09
0 2.99848e-09
0 2.99848e-09
0 2.99848e-09
0 2.99848e-09
0 2.99848e-09
0 2.99848e-09
0 2.99848e-09
0 2.99848e-09
0 2.99848e-09
0 2.99848e-09
0 2.99848e-09
0 2.99848e-09
0 2.99848e-09
0 2.99848e-09
0 2.99848e-09
0 2.99848e-09
0 2.99848e-09
0 2.99848e-09
0 2.99848e-09
0 2.99848e-09
0 2.99848e-09
0 2.99848e-09
0 2.99848e-09
0 2.99848e-09
0 2.99848e-09
0 2.99848e-09
0 2.99848e-09
0 2.99848e-09
0 2.99848e-09
0 2.99848e-09
0 2.99848e-09
0 2.99848e-09
0 2.99848e-09
0 2.99848e-09
0 2.99848e-09
0 2.99848e-09
0 2.99848e-09
0 2.99848e-09
0 2.99848e-09
0 2.99848e-09
0 2.99848e-09
0 2.99848e-09
0 2.99848e-09
0 2.99848e-09
0 2.99848e-09
0 2.99848e-09
0 2.99848e-09
0 2.99848e-09
0 2.99848e-09
0 2.99848e-09
0 2.99848e-09
0 2.99848e-09
0 2.99848e-09
0 2.99848e-09
0 2.99848e-09
0 2.99848e-09
0 2.99848e-09
0 2.99848e-09
0 2.99848e-09
0 2.99848e-09
0 2.99848e-09
0 2.99848e-09
0 2.99848e-09
0 2.99848e-09
0 2.99848e-09
0 2.99848e-09
0 2.99848e-09
0 2.99848e-09
0 2.99848e-09
0 2.99848e-09
0 2.99848e-09
0 2.99848e-09
0 2.99848e-09
0 2.99848e-09
0 2.99848e-09
0 2.99848e-09
0 2.99848e-09
0 2.99848e-09

