0 0.406937
0 0.240267
0 0.205048
0 0.179273
0 0.159133
0 0.14285
0 0.129334
0 0.117881
0 0.108015
0 0.0994048
0 0.0918116
0 0.0850573
0 0.0790063
0 0.073553
0 0.0686133
0 0.0641193
0 0.0600152
0 0.0562548
0 0.0527992
0 0.0496154
0 0.046675
0 0.0439537
0 0.0414302
0 0.0390861
0 0.0369051
0 0.0348727
0 0.0329762
0 0.0312042
0 0.0295466
0 0.0279941
0 0.0265386
0 0.0251726
0 0.0238895
0 0.0226831
0 0.0215478
0 0.0204786
0 0.0194709
0 0.0185205
0 0.0176235
0 0.0167762
0 0.0159755
0 0.0152184
0 0.014502
0 0.0138237
0 0.0131813
0 0.0125724
0 0.0119951
0 0.0114475
0 0.0109277
0 0.0104342
0 0.00996549
0 0.00952003
0 0.00909656
0 0.00869384
0 0.0083107
0 0.00794606
0 0.00759891
0 0.0072683
0 0.00695334
0 0.00665319
0 0.00636708
0 0.00609425
0 0.00583403
0 0.00558575
0 0.00534882
0 0.00512264
0 0.00490667
0 0.00470041
0 0.00450336
0 0.00431508
0 0.00413512
0 0.00396308
0 0.00379858
0 0.00364125
0 0.00349075
0 0.00334675
0 0.00320894
0 0.00307703
0 0.00295074
0 0.0028298
0 0.00271398
0 0.00260303
0 0.00249672
0 0.00239485
0 0.0022972
0 0.0022036
0 0.00211385
0 0.00202778
0 0.00194522
0 0.00186602
0 0.00179003
0 0.00171711
0 0.00164711
0 0.00157991
0 0.00151539
0 0.00145342
0 0.0013939
0 0.00133672
0 0.00128178
0 0.00122897
0 0.00117821
0 0.00112941
0 0.00108248
0 0.00103735
0 0.000993924
0 0.000952143
0 0.000911932
0 0.000873223
0 0.000835953
0 0.000800059
0 0.000765481
0 0.000732165
0 0.000700055
0 0.000669099
0 0.000639248
0 0.000610455
0 0.000582673
0 0.000555859
0 0.000529971
0 0.000504969
0 0.000480814
0 0.000457469
0 0.0004349
0 0.000413071
0 0.00039195
0 0.000371505
0 0.000351707
0 0.000332526
0 0.000313934
0 0.000295905
0 0.000278412
0 0.00026143
0 0.000244937
0 0.000228908
0 0.000213321
0 0.000198155
0 0.000183388
0 0.000169002
0 0.000154977
0 0.000141294
0 0.000127935
0 0.000114883
0 0.00010212
0 8.9631e-05
0 7.73996e-05
0 6.54106e-05
0 5.36491e-05
0 4.21006e-05
0 3.07512e-05
0 1.95871e-05
0 8.59531e-06
0 4.06937e-09
0 4.06937e-09
0 4.06937e-09
0 4.06937e-09
0 4.06937e-09
0 4.06937e-09
0 4.06937e-09
0 4.06937e-09
0 4.06937e-09
0 4.06937e-09
0 4.06937e-09
0 4.06937e-09
0 4.06937e-09
0 4.06937e-09
0 4.06937e-09
0 4.06937e-09
0 4.06937e-09
0 4.06937e-09
0 4.06937e-09
0 4.06937e-09
0 4.06937e-09
0 4.06937e-09
0 4.06937e-09
0 4.06937e-09
0 4.06937e-09
0 4.06937e-09
0 4.06937e-09
0 4.06937e-09
0 4.06937e-09
0 4.06937e-09
0 4.06937e-09
0 4.06937e-09
0 4.06937e-09
0 4.06937e-09
0 4.06937e-09
0 4.06937e-09
0 4.06937e-09
0 4.06937e-09
0 4.06937e-09
0 4.06937e-09
0 4.06937e-09
0 4.06937e-09
0 4.06937e-09
0 4.06937e-09
0 4.06937e-09
0 4.06937e-09
0 4.06937e-09
0 4.06937e-09
0 4.06937e-09
0 4.06937e-09
0 4.06937e-09
0 4.06937e-09
0 4.06937e-09
0 4.06937e-09
0 4.06937e-09
0 4.06937e-09
0 4.06937e-09
0 4.06937e-09
0 4.06937e-09
0 4.06937e-09
0 4.06937e-09
0 4.06937e-09
0 4.06937e-09
0 4.06937e-09
0 4.06937e-09
0 4.06937e-09
0 4.06937e-09
0 4.06937e-09
0 4.06937e-09
0 4.06937e-09
0 4.06937e-09
0 4.06937e-09
0 4.06937e-09
0 4.06937e-09
0 4.06937e-09
0 4.06937e-09
0 4.06937e-09
0 4.06937e-09
0 4.06937e-09
0 4.06937e-09
0 4.06937e-09
0 4.06937e-09
0 4.06937e-09
0 4.06937e-09
0 4.06937e-09
0 4.06937e-09
0 4.06937e-09
0 4.06937e-09
0 4.06937e-09
0 4.06937e-09
0 4.06937e-09
0 4.06937e-09
0 4.06937e-09
0 4.06937e-09
0 4.06937e-09
0 4.06937e-09
0 4.06937e-09
0 4.06937e-09
0 4.06937e-09
0 4.06937e-09
0 4.06937e-09
0 4.06937e-09
0 4.06937e-09
0 4.06937e-09
0 4.06937e-09
0 4.06937e-09
0 4.06937e-09
0 4.06937e-09
0 4.06937e-09
0 4.06937e-09
0 4.06937e-09
0 4.06937e-09
0 4.06937e-09
0 4.06937e-09
0 4.06937e-09
0 4.06937e-09
0 4.06937e-09
0 4.06937e-09
0 4.06937e-09
0 4.06937e-09
0 4.06937e-09
0 4.06937e-09
0 4.06937e-09
0 4.06937e-09
0 4.06937e-09
0 4.06937e-09
0 4.06937e-09
0 4.06937e-09
0 4.06937e-09
0 4.06937e-09
0 4.06937e-09
0 4.06937e-09
0 4.06937e-09
0 4.06937e-09
0 4.06937e-09
0 4.06937e-09
0 4.06937e-09
0 4.06937e-09
0 4.06937e-09
0 4.06937e-09
0 4.06937e-09
0 4.06937e-09
0 4.06937e-09
0 4.06937e-09
0 4.06937e-09
0 4.06937e-09
0 4.06937e-09
0 4.06937e-09
0 4.06937e-09
0 4.06937e-09
0 4.06937e-09
0 4.06937e-09
0 4.06937e-09
0 4.06937e-09
0 4.06937e-09
0 4.06937e-09
0 4.06937e-09
0 4.06937e-09
0 4.06937e-09
0 4.06937e-09
0 4.06937e-09
0 4.06937e-09
0 4.06937e-09
0 4.06937e-09
0 4.06937e-09
0 4.06937e-09
0 4.06937e-09
0 4.06937e-09
0 4.06937e-09
0 4.06937e-09
0 4.06937e-09
0 4.06937e-09
0 4.06937e-09
0 4.06937e-09
0 4.06937e-09
0 4.06937e-09
0 4.06937e-09
0 4.06937e-09
0 4.06937e-09
0 4.06937e-09
0 4.06937e-09
0 4.06937e-09
0 4.06937e-09
0 4.06937e-09
0 4.06937e-09
0 4.06937e-09
0 4.06937e-09
0 4.06937e-09
0 4.06937e-09
0 4.06937e-09
0 4.06937e-09
0 4.06937e-09
0 4.06937e-09
0 4.06937e-09
0 4.06937e-09
0 4.06937e-09
0 4.06937e-09
0 4.06937e-09
0 4.06937e-09
0 4.06937e-09
0 4.06937e-09
0 4.06937e-09
0 4.06937e-09
0 4.06937e-09
0 4.06937e-09
0 4.06937e-09
0 4.06937e-09
0 4.06937e-09
0 4.06937e-09
0 4.06937e-09
0 4.06937e-09
0 4.06937e-09
0 4.06937e-09
0 4.06937e-09
0 4.06937e-09
0 4.06937e-09
0 4.06937e-09
0 4.06937e-09
0 4.06937e-09
0 4.06937e-09
0 4.06937e-09
0 4.06937e-09
0 4.06937e-09
0 4.06937e-09
0 4.06937e-09
0 4.06937e-09
0 4.06937e-09
0 4.06937e-09
0 4.06937e-09
0 4.06937e-09
0 4.06937e-09
0 4.06937e-09
0 4.06937e-09
0 4.06937e-09
0 4.06937e-09
0 4.06937e-09
0 4.06937e-09
0 4.06937e-09
0 4.06937e-09
0 4.06937e-09
0 4.06937e-09
0 4.06937e-09
0 4.06937e-09
0 4.06937e-09
0 4.06937e-09
0 4.06937e-09
0 4.06937e-09
0 4.06937e-09
0 4.06937e-09
0 4.06937e-09
0 4.06937e-09
0 4.06937e-09
0 4.06937e-09
0 4.06937e-09
0 4.06937e-09
0 4.06937e-09
0 4.06937e-09
0 4.06937e-09
0 4.06937e-09
0 4.06937e-09
0 4.06937e-09
0 4.06937e-09
0 4.06937e-09
0 4.06937e-09
0 4.06937e-09
0 4.06937e-09
0 4.06937e-09
0 4.06937e-09
0 4.06937e-09
0 4.06937e-09
0 4.06937e-09
0 4.06937e-09
0 4.06937e-09
0 4.06937e-09
0 4.06937e-09
0 4.06937e-09
0 4.06937e-09
0 4.06937e-09
0 4.06937e-09
0 4.06937e-09
0 4.06937e-09
0 4.06937e-09
0 4.06937e-09
0 4.06937e-09
0 4.06937e-09
0 4.06937e-09
0 4.06937e-09
0 4.06937e-09
0 4.06937e-09
0 4.06937e-09
0 4.06937e-09
0 4.06937e-09
0 4.06937e-09
0 4.06937e-09
0 4.06937e-09
0 4.06937e-09
0 4.06937e-09
0 4.06937e-09
0 4.06937e-09
0 4.06937e-09
0 4.06937e-09
0 4.06937e-09
0 4.06937e-09
0 4.06937e-09
0 4.06937e-09
0 4.06937e-09
0 4.06937e-09
0 4.06937e-09
0 4.06937e-09
0 4.06937e-09
0 4.06937e-09
0 4.06937e-09
0 4.06937e-09
0 4.06937e-09
0 4.06937e-09
0 4.06937e-09
0 4.06937e-09
0 4.06937e-09
0 4.06937e-09
0 4.06937e-09
0 4.06937e-09
0 4.06937e-09
0 4.06937e-09
0 4.06937e-09
0 4.06937e-09
0 4.06937e-09
0 4.06937e-09
0 4.06937e-09
0 4.06937e-09
0 4.06937e-09
0 4.06937e-09
0 4.06937e-09
0 4.06937e-09
0 4.06937e-09
0 4.06937e-09
0 4.06937e-09
0 4.06937e-09
0 4.06937e-09
0 4.06937e-09
0 4.06937e-09
0 4.06937e-09
0 4.06937e-09
0 4.06937e-09
0 4.06937e-09
0 4.06937e-09
0 4.06937e-09
0 4.06937e-09
0 4.06937e-09
0 4.06937e-09
0 4.06937e-09
0 4.06937e-09
0 4.06937e-09
0 4.06937e-09
0 4.06937e-09
0 4.06937e-09
0 4.06937e-09
0 4.06937e-09
0 4.06937e-09
0 4.06937e-09
0 4.06937e-09
0 4.06937e-09
0 4.06937e-09
0 4.06937e-09
0 4.06937e-09
0 4.06937e-09
0 4.06937e-09
0 4.06937e-09
0 4.06937e-09
0 4.06937e-09
0 4.06937e-09
0 4.06937e-09
0 4.06937e-09
0 4.06937e-09
0 4.06937e-09
0 4.06937e-09
0 4.06937e-09
0 4.06937e-09
0 4.06937e-09
0 4.06937e-09
0 4.06937e-09
0 4.06937e-09
0 4.06937e-09
0 4.06937e-09
0 4.06937e-09
0 4.06937e-09
0 4.06937e-09
0 4.06937e-09
0 4.06937e-09
0 4.06937e-09
0 4.06937e-09
0 4.06937e-09
0 4.06937e-09
0 4.06937e-09
0 4.06937e-09
0 4.06937e-09
0 4.06937e-09
0 4.06937e-09
0 4.06937e-09
0 4.06937e-09
0 4.06937e-09
0 4.06937e-09
0 4.06937e-09
0 4.06937e-09
0 4.06937e-09
0 4.06937e-09
0 4.06937e-09
0 4.06937e-09
0 4.06937e-09
0 4.06937e-09
0 4.06937e-09
0 4.06937e-09
0 4.06937e-09
0 4.06937e-09
0 4.06937e-09
0 4.06937e-09
0 4.06937e-09
0 4.06937e-09
0 4.06937e-09
0 4.06937e-09
0 4.06937e-09
0 4.06937e-09
0 4.06937e-09
0 4.06937e-09
0 4.06937e-09
0 4.06937e-09
0 4.06937e-09
0 4.06937e-09
0 4.06937e-09
0 4.06937e-09
0 4.06937e-09
0 4.06937e-09
0 4.06937e-09
0 4.06937e-09
0 4.06937e-09
0 4.06937e-09
0 4.06937e-09
0 4.06937e-09
0 4.06937e-09
0 4.06937e-09
0 4.06937e-09
0 4.06937e-09
0 4.06937e-09
0 4.06937e-09
0 4.06937e-09
0 4.06937e-09
0 4.06937e-09
0 4.06937e-09
0 4.06937e-09
0 4.06937e-09
0 4.06937e-09
0 4.06937e-09
0 4.06937e-09
0 4.06937e-09
0 4.06937e-09
0 4.06937e-09
0 4.06937e-09
0 4.06937e-09
0 4.06937e-09
0 4.06937e-09
0 4.06937e-09
0 4.06937e-09
0 4.06937e-09
0 4.06937e-09
0 4.06937e-09
0 4.06937e-09
0 4.06937e-09
0 4.06937e-09
0 4.06937e-09
0 4.06937e-09
0 4.06937e-09
0 4.06937e-09
0 4.06937e-09
0 4.06937e-09
0 4.06937e-09
0 4.06937e-09
0 4.06937e-09
0 4.06937e-09
0 4.06937e-09
0 4.06937e-09
0 4.06937e-09
0 4.06937e-09
0 4.06937e-09
0 4.06937e-09
0 4.06937e-09
0 4.06937e-09
0 4.06937e-09
0 4.06937e-09
0 4.06937e-09
0 4.06937e-09
0 4.06937e-09
0 4.06937e-09
0 4.06937e-09
0 4.06937e-09
0 4.06937e-09
0 4.06937e-09
0 4.06937e-09
0 4.06937e-09
0 4.06937e-09
0 4.06937e-09
0 4.06937e-09
0 4.06937e-09
0 4.06937e-09
0 4.06937e-09
0 4.06937e-09
0 4.06937e-09
0 4.06937e-09
0 4.06937e-09
0 4.06937e-09
0 4.06937e-09
0 4.06937e-09
0 4.06937e-09
0 4.06937e-09
0 4.06937e-09
0 4.06937e-09
0 4.06937e-09
0 4.06937e-09
0 4.06937e-09
0 4.06937e-09
0 4.06937e-09
0 4.06937e-09
0 4.06937e-09
0 4.06937e-09
0 4.06937e-09
0 4.06937e-09
0 4.06937e-09
0 4.06937e-09
0 4.06937e-09
0 4.06937e-09
0 4.06937e-09
0 4.06937e-09
0 4.06937e-09
0 4.06937e-09
0 4.06937e-09
0 4.06937e-09
0 4.06937e-09
0 4.06937e-09
0 4.06937e-09
0 4.06937e-09
0 4.06937e-09
0 4.06937e-09
0 4.06937e-09
0 4.06937e-09
0 4.06937e-09
0 4.06937e-09
0 4.06937e-09
0 4.06937e-09
0 4.06937e-09
0 4.06937e-09
0 4.06937e-09
0 4.06937e-09
0 4.06937e-09
0 4.06937e-09
0 4.06937e-09
0 4.06937e-09
0 4.06937e-09
0 4.06937e-09
0 4.06937e-09
0 4.06937e-09
0 4.06937e-09
0 4.06937e-09
0 4.06937e-09
0 4.06937e-09
0 4.06937e-09
0 4.06937e-09
0 4.06937e-09
0 4.06937e-09
0 4.06937e-09
0 4.06937e-09
0 4.06937e-09
0 4.06937e-09
0 4.06937e-09
0 4.06937e-09
0 4.06937e-09
0 4.06937e-09
0 4.06937e-09
0 4.06937e-09
0 4.06937e-09
0 4.06937e-09
0 4.06937e-09
0 4.06937e-09
0 4.06937e-09
0 4.06937e-09
0 4.06937e-09
0 4.06937e-09
0 4.06937e-09
0 4.06937e-09
0 4.06937e-09
0 4.06937e-09
0 4.06937e-09
0 4.06937e-09
0 4.06937e-09
0 4.06937e-09
0 4.06937e-09
0 4.06937e-09
0 4.06937e-09
0 4.06937e-09
0 4.06937e-09
0 4.06937e-09
0 4.06937e-09
0 4.06937e-09
0 4.06937e-09
0 4.06937e-09
0 4.06937e-09
0 4.06937e-09
0 4.06937e-09
0 4.06937e-09
0 4.06937e-09
0 4.06937e-09
0 4.06937e-09
0 4.06937e-09
0 4.06937e-09
0 4.06937e-09
0 4.06937e-09
0 4.06937e-09
0 4.06937e-09
0 4.06937e-09
0 4.06937e-09
0 4.06937e-09
0 4.06937e-09
0 4.06937e-09
0 4.06937e-09
0 4.06937e-09
0 4.06937e-09
0 4.06937e-09
0 4.06937e-09
0 4.06937e-09
0 4.06937e-09
0 4.06937e-09
0 4.06937e-09
0 4.06937e-09
0 4.06937e-09
0 4.06937e-09
0 4.06937e-09
0 4.06937e-09
0 4.06937e-09
0 4.06937e-09
0 4.06937e-09
0 4.06937e-09
0 4.06937e-09
0 4.06937e-09
0 4.06937e-09
0 4.06937e-09
0 4.06937e-09
0 4.06937e-09
0 4.06937e-09
0 4.06937e-09
0 4.06937e-09
0 4.06937e-09
0 4.06937e-09
0 4.06937e-09
0 4.06937e-09
0 4.06937e-09
0 4.06937e-09
0 4.06937e-09
0 4.06937e-09
0 4.06937e-09
0 4.06937e-09
0 4.06937e-09
0 4.06937e-09
0 4.06937e-09
0 4.06937e-09
0 4.06937e-09
0 4.06937e-09
0 4.06937e-09
0 4.06937e-09
0 4.06937e-09
0 4.06937e-09
0 4.06937e-09
0 4.06937e-09
0 4.06937e-09
0 4.06937e-09
0 4.06937e-09
0 4.06937e-09
0 4.06937e-09
0 4.06937e-09
0 4.06937e-09
0 4.06937e-09
0 4.06937e-09
0 4.06937e-09
0 4.06937e-09
0 4.06937e-09
0 4.06937e-09
0 4.06937e-09
0 4.06937e-09
0 4.06937e-09
0 4.06937e-09
0 4.06937e-09
0 4.06937e-09
0 4.06937e-09
0 4.06937e-09
0 4.06937e-09
0 4.06937e-09
0 4.06937e-09
0 4.06937e-09
0 4.06937e-09
0 4.06937e-09
0 4.06937e-09
0 4.06937e-09
0 4.06937e-09
0 4.06937e-09
0 4.06937e-09
0 4.06937e-09
0 4.06937e-09
0 4.06937e-09
0 4.06937e-09
0 4.06937e-09
0 4.06937e-09
0 4.06937e-09
0 4.06937e-09
0 4.06937e-09
0 4.06937e-09
0 4.06937e-09
0 4.06937e-09
0 4.06937e-09
0 4.06937e-09
0 4.06937e-09
0 4.06937e-09
0 4.06937e-09
0 4.06937e-09
0 4.06937e-09
0 4.06937e-09
0 4.06937e-09
0 4.06937e-09
0 4.06937e-09
0 4.06937e-09
0 4.06937e-09
0 4.06937e-09
0 4.06937e-09
0 4.06937e-09
0 4.06937e-09
0 4.06937e-09
0 4.06937e-09
0 4.06937e-09
0 4.06937e-09
0 4.06937e-09
0 4.06937e-09
0 4.06937e-09
0 4.06937e-09
0 4.06937e-09
0 4.06937e-09
0 4.06937e-09
0 4.06937e-09
0 4.06937e-09
0 4.06937e-09
0 4.06937e-09
0 4.06937e-09
0 4.06937e-09
0 4.06937e-09
0 4.06937e-09
0 4.06937e-09
0 4.06937e-09
0 4.06937e-09
0 4.06937e-09
0 4.06937e-09
0 4.06937e-09
0 4.06937e-09
0 4.06937e-09
0 4.06937e-09
0 4.06937e-09
0 4.06937e-09
0 4.06937e-09
0 4.06937e-09
0 4.06937e-09
0 4.06937e-09
0 4.06937e-09
0 4.06937e-09
0 4.06937e-09
0 4.06937e-09
0 4.06937e-09
0 4.06937e-09
0 4.06937e-09
0 4.06937e-09
0 4.06937e-09
0 4.06937e-09
0 4.06937e-09
0 4.06937e-09
0 4.06937e-09
0 4.06937e-09
0 4.06937e-09
0 4.06937e-09
0 4.06937e-09
0 4.06937e-09
0 4.06937e-09
0 4.06937e-09
0 4.06937e-09
0 4.06937e-09
0 4.06937e-09
0 4.06937e-09
0 4.06937e-09
0 4.06937e-09
0 4.06937e-09
0 4.06937e-09
0 4.06937e-09
0 4.06937e-09
0 4.06937e-09
0 4.06937e-09
0 4.06937e-09
0 4.06937e-09
0 4.06937e-09
0 4.06937e-09
0 4.06937e-09
0 4.06937e-09
0 4.06937e-09
0 4.06937e-09
0 4.06937e-09
0 4.06937e-09
0 4.06937e-09
0 4.06937e-09
0 4.06937e-09
0 4.06937e-09
0 4.06937e-09
0 4.06937e-09
0 4.06937e-09
0 4.06937e-09
0 4.06937e-09
0 4.06937e-09
0 4.06937e-09
0 4.06937e-09
0 4.06937e-09
0 4.06937e-09
0 4.06937e-09
0 4.06937e-09
0 4.06937e-09
0 4.06937e-09
0 4.06937e-09
0 4.06937e-09
0 4.06937e-09
0 4.06937e-09
0 4.06937e-09
0 4.06937e-09
0 4.06937e-09
0 4.06937e-09
0 4.06937e-09
0 4.06937e-09
0 4.06937e-09
0 4.06937e-09
0 4.06937e-09
0 4.06937e-09
0 4.06937e-09
0 4.06937e-09
0 4.06937e-09
0 4.06937e-09
0 4.06937e-09
0 4.06937e-09
0 4.06937e-09
0 4.06937e-09
0 4.06937e-09
0 4.06937e-09
0 4.06937e-09

