0 0.267722
0 0.247576
0 0.212549
0 0.18181
0 0.15823
0 0.140063
0 0.125631
0 0.113816
0 0.103901
0 0.0954172
0 0.088044
0 0.081557
0 0.0757925
0 0.0706282
0 0.0659701
0 0.0617447
0 0.0578932
0 0.054368
0 0.0511298
0 0.0481459
0 0.0453886
0 0.0428344
0 0.0404632
0 0.0382575
0 0.036202
0 0.0342834
0 0.0324898
0 0.0308108
0 0.029237
0 0.0277601
0 0.0263726
0 0.0250678
0 0.0238395
0 0.0226823
0 0.021591
0 0.0205611
0 0.0195883
0 0.018669
0 0.0177995
0 0.0169766
0 0.0161973
0 0.0154589
0 0.0147588
0 0.0140947
0 0.0134644
0 0.0128659
0 0.0122974
0 0.011757
0 0.0112432
0 0.0107544
0 0.0102893
0 0.00984646
0 0.00942474
0 0.00902297
0 0.00864006
0 0.00827501
0 0.00792686
0 0.00759474
0 0.0072778
0 0.00697527
0 0.0066864
0 0.00641049
0 0.00614691
0 0.00589502
0 0.00565426
0 0.00542406
0 0.00520392
0 0.00499335
0 0.00479187
0 0.00459907
0 0.00441451
0 0.00423783
0 0.00406863
0 0.00390657
0 0.00375133
0 0.00360258
0 0.00346003
0 0.00332339
0 0.00319239
0 0.00306678
0 0.00294632
0 0.00283077
0 0.00271992
0 0.00261356
0 0.00251148
0 0.00241351
0 0.00231945
0 0.00222914
0 0.00214242
0 0.00205913
0 0.00197912
0 0.00190226
0 0.0018284
0 0.00175742
0 0.00168919
0 0.00162361
0 0.00156055
0 0.00149991
0 0.0014416
0 0.0013855
0 0.00133154
0 0.00127961
0 0.00122964
0 0.00118155
0 0.00113525
0 0.00109067
0 0.00104775
0 0.00100641
0 0.000966587
0 0.00092822
0 0.00089125
0 0.000855619
0 0.000821272
0 0.000788157
0 0.000756223
0 0.000725422
0 0.000695708
0 0.000667036
0 0.000639364
0 0.000612651
0 0.000586858
0 0.000561946
0 0.00053788
0 0.000514625
0 0.000492148
0 0.000470417
0 0.0004494
0 0.000429069
0 0.000409394
0 0.000390349
0 0.000371906
0 0.000354042
0 0.00033673
0 0.000319949
0 0.000303674
0 0.000287885
0 0.00027256
0 0.000257679
0 0.000243222
0 0.000229171
0 0.000215508
0 0.000202215
0 0.000189275
0 0.000176671
0 0.000164388
0 0.000152411
0 0.000140725
0 0.000129315
0 0.000118168
0 0.00010727
0 9.66081e-05
0 8.617e-05
0 7.59433e-05
0 6.59163e-05
0 5.60772e-05
0 4.64151e-05
0 3.69189e-05
0 2.75781e-05
0 1.83823e-05
0 9.32165e-06
0 3.86214e-07
0 2.67722e-09
0 2.67722e-09
0 2.67722e-09
0 2.67722e-09
0 2.67722e-09
0 2.67722e-09
0 2.67722e-09
0 2.67722e-09
0 2.67722e-09
0 2.67722e-09
0 2.67722e-09
0 2.67722e-09
0 2.67722e-09
0 2.67722e-09
0 2.67722e-09
0 2.67722e-09
0 2.67722e-09
0 2.67722e-09
0 2.67722e-09
0 2.67722e-09
0 2.67722e-09
0 2.67722e-09
0 2.67722e-09
0 2.67722e-09
0 2.67722e-09
0 2.67722e-09
0 2.67722e-09
0 2.67722e-09
0 2.67722e-09
0 2.67722e-09
0 2.67722e-09
0 2.67722e-09
0 2.67722e-09
0 2.67722e-09
0 2.67722e-09
0 2.67722e-09
0 2.67722e-09
0 2.67722e-09
0 2.67722e-09
0 2.67722e-09
0 2.67722e-09
0 2.67722e-09
0 2.67722e-09
0 2.67722e-09
0 2.67722e-09
0 2.67722e-09
0 2.67722e-09
0 2.67722e-09
0 2.67722e-09
0 2.67722e-09
0 2.67722e-09
0 2.67722e-09
0 2.67722e-09
0 2.67722e-09
0 2.67722e-09
0 2.67722e-09
0 2.67722e-09
0 2.67722e-09
0 2.67722e-09
0 2.67722e-09
0 2.67722e-09
0 2.67722e-09
0 2.67722e-09
0 2.67722e-09
0 2.67722e-09
0 2.67722e-09
0 2.67722e-09
0 2.67722e-09
0 2.67722e-09
0 2.67722e-09
0 2.67722e-09
0 2.67722e-09
0 2.67722e-09
0 2.67722e-09
0 2.67722e-09
0 2.67722e-09
0 2.67722e-09
0 2.67722e-09
0 2.67722e-09
0 2.67722e-09
0 2.67722e-09
0 2.67722e-09
0 2.67722e-09
0 2.67722e-09
0 2.67722e-09
0 2.67722e-09
0 2.67722e-09
0 2.67722e-09
0 2.67722e-09
0 2.67722e-09
0 2.67722e-09
0 2.67722e-09
0 2.67722e-09
0 2.67722e-09
0 2.67722e-09
0 2.67722e-09
0 2.67722e-09
0 2.67722e-09
0 2.67722e-09
0 2.67722e-09
0 2.67722e-09
0 2.67722e-09
0 2.67722e-09
0 2.67722e-09
0 2.67722e-09
0 2.67722e-09
0 2.67722e-09
0 2.67722e-09
0 2.67722e-09
0 2.67722e-09
0 2.67722e-09
0 2.67722e-09
0 2.67722e-09
0 2.67722e-09
0 2.67722e-09
0 2.67722e-09
0 2.67722e-09
0 2.67722e-09
0 2.67722e-09
0 2.67722e-09
0 2.67722e-09
0 2.67722e-09
0 2.67722e-09
0 2.67722e-09
0 2.67722e-09
0 2.67722e-09
0 2.67722e-09
0 2.67722e-09
0 2.67722e-09
0 2.67722e-09
0 2.67722e-09
0 2.67722e-09
0 2.67722e-09
0 2.67722e-09
0 2.67722e-09
0 2.67722e-09
0 2.67722e-09
0 2.67722e-09
0 2.67722e-09
0 2.67722e-09
0 2.67722e-09
0 2.67722e-09
0 2.67722e-09
0 2.67722e-09
0 2.67722e-09
0 2.67722e-09
0 2.67722e-09
0 2.67722e-09
0 2.67722e-09
0 2.67722e-09
0 2.67722e-09
0 2.67722e-09
0 2.67722e-09
0 2.67722e-09
0 2.67722e-09
0 2.67722e-09
0 2.67722e-09
0 2.67722e-09
0 2.67722e-09
0 2.67722e-09
0 2.67722e-09
0 2.67722e-09
0 2.67722e-09
0 2.67722e-09
0 2.67722e-09
0 2.67722e-09
0 2.67722e-09
0 2.67722e-09
0 2.67722e-09
0 2.67722e-09
0 2.67722e-09
0 2.67722e-09
0 2.67722e-09
0 2.67722e-09
0 2.67722e-09
0 2.67722e-09
0 2.67722e-09
0 2.67722e-09
0 2.67722e-09
0 2.67722e-09
0 2.67722e-09
0 2.67722e-09
0 2.67722e-09
0 2.67722e-09
0 2.67722e-09
0 2.67722e-09
0 2.67722e-09
0 2.67722e-09
0 2.67722e-09
0 2.67722e-09
0 2.67722e-09
0 2.67722e-09
0 2.67722e-09
0 2.67722e-09
0 2.67722e-09
0 2.67722e-09
0 2.67722e-09
0 2.67722e-09
0 2.67722e-09
0 2.67722e-09
0 2.67722e-09
0 2.67722e-09
0 2.67722e-09
0 2.67722e-09
0 2.67722e-09
0 2.67722e-09
0 2.67722e-09
0 2.67722e-09
0 2.67722e-09
0 2.67722e-09
0 2.67722e-09
0 2.67722e-09
0 2.67722e-09
0 2.67722e-09
0 2.67722e-09
0 2.67722e-09
0 2.67722e-09
0 2.67722e-09
0 2.67722e-09
0 2.67722e-09
0 2.67722e-09
0 2.67722e-09
0 2.67722e-09
0 2.67722e-09
0 2.67722e-09
0 2.67722e-09
0 2.67722e-09
0 2.67722e-09
0 2.67722e-09
0 2.67722e-09
0 2.67722e-09
0 2.67722e-09
0 2.67722e-09
0 2.67722e-09
0 2.67722e-09
0 2.67722e-09
0 2.67722e-09
0 2.67722e-09
0 2.67722e-09
0 2.67722e-09
0 2.67722e-09
0 2.67722e-09
0 2.67722e-09
0 2.67722e-09
0 2.67722e-09
0 2.67722e-09
0 2.67722e-09
0 2.67722e-09
0 2.67722e-09
0 2.67722e-09
0 2.67722e-09
0 2.67722e-09
0 2.67722e-09
0 2.67722e-09
0 2.67722e-09
0 2.67722e-09
0 2.67722e-09
0 2.67722e-09
0 2.67722e-09
0 2.67722e-09
0 2.67722e-09
0 2.67722e-09
0 2.67722e-09
0 2.67722e-09
0 2.67722e-09
0 2.67722e-09
0 2.67722e-09
0 2.67722e-09
0 2.67722e-09
0 2.67722e-09
0 2.67722e-09
0 2.67722e-09
0 2.67722e-09
0 2.67722e-09
0 2.67722e-09
0 2.67722e-09
0 2.67722e-09
0 2.67722e-09
0 2.67722e-09
0 2.67722e-09
0 2.67722e-09
0 2.67722e-09
0 2.67722e-09
0 2.67722e-09
0 2.67722e-09
0 2.67722e-09
0 2.67722e-09
0 2.67722e-09
0 2.67722e-09
0 2.67722e-09
0 2.67722e-09
0 2.67722e-09
0 2.67722e-09
0 2.67722e-09
0 2.67722e-09
0 2.67722e-09
0 2.67722e-09
0 2.67722e-09
0 2.67722e-09
0 2.67722e-09
0 2.67722e-09
0 2.67722e-09
0 2.67722e-09
0 2.67722e-09
0 2.67722e-09
0 2.67722e-09
0 2.67722e-09
0 2.67722e-09
0 2.67722e-09
0 2.67722e-09
0 2.67722e-09
0 2.67722e-09
0 2.67722e-09
0 2.67722e-09
0 2.67722e-09
0 2.67722e-09
0 2.67722e-09
0 2.67722e-09
0 2.67722e-09
0 2.67722e-09
0 2.67722e-09
0 2.67722e-09
0 2.67722e-09
0 2.67722e-09
0 2.67722e-09
0 2.67722e-09
0 2.67722e-09
0 2.67722e-09
0 2.67722e-09
0 2.67722e-09
0 2.67722e-09
0 2.67722e-09
0 2.67722e-09
0 2.67722e-09
0 2.67722e-09
0 2.67722e-09
0 2.67722e-09
0 2.67722e-09
0 2.67722e-09
0 2.67722e-09
0 2.67722e-09
0 2.67722e-09
0 2.67722e-09
0 2.67722e-09
0 2.67722e-09
0 2.67722e-09
0 2.67722e-09
0 2.67722e-09
0 2.67722e-09
0 2.67722e-09
0 2.67722e-09
0 2.67722e-09
0 2.67722e-09
0 2.67722e-09
0 2.67722e-09
0 2.67722e-09
0 2.67722e-09
0 2.67722e-09
0 2.67722e-09
0 2.67722e-09
0 2.67722e-09
0 2.67722e-09
0 2.67722e-09
0 2.67722e-09
0 2.67722e-09
0 2.67722e-09
0 2.67722e-09
0 2.67722e-09
0 2.67722e-09
0 2.67722e-09
0 2.67722e-09
0 2.67722e-09
0 2.67722e-09
0 2.67722e-09
0 2.67722e-09
0 2.67722e-09
0 2.67722e-09
0 2.67722e-09
0 2.67722e-09
0 2.67722e-09
0 2.67722e-09
0 2.67722e-09
0 2.67722e-09
0 2.67722e-09
0 2.67722e-09
0 2.67722e-09
0 2.67722e-09
0 2.67722e-09
0 2.67722e-09
0 2.67722e-09
0 2.67722e-09
0 2.67722e-09
0 2.67722e-09
0 2.67722e-09
0 2.67722e-09
0 2.67722e-09
0 2.67722e-09
0 2.67722e-09
0 2.67722e-09
0 2.67722e-09
0 2.67722e-09
0 2.67722e-09
0 2.67722e-09
0 2.67722e-09
0 2.67722e-09
0 2.67722e-09
0 2.67722e-09
0 2.67722e-09
0 2.67722e-09
0 2.67722e-09
0 2.67722e-09
0 2.67722e-09
0 2.67722e-09
0 2.67722e-09
0 2.67722e-09
0 2.67722e-09
0 2.67722e-09
0 2.67722e-09
0 2.67722e-09
0 2.67722e-09
0 2.67722e-09
0 2.67722e-09
0 2.67722e-09
0 2.67722e-09
0 2.67722e-09
0 2.67722e-09
0 2.67722e-09
0 2.67722e-09
0 2.67722e-09
0 2.67722e-09
0 2.67722e-09
0 2.67722e-09
0 2.67722e-09
0 2.67722e-09
0 2.67722e-09
0 2.67722e-09
0 2.67722e-09
0 2.67722e-09
0 2.67722e-09
0 2.67722e-09
0 2.67722e-09
0 2.67722e-09
0 2.67722e-09
0 2.67722e-09
0 2.67722e-09
0 2.67722e-09
0 2.67722e-09
0 2.67722e-09
0 2.67722e-09
0 2.67722e-09
0 2.67722e-09
0 2.67722e-09
0 2.67722e-09
0 2.67722e-09
0 2.67722e-09
0 2.67722e-09
0 2.67722e-09
0 2.67722e-09
0 2.67722e-09
0 2.67722e-09
0 2.67722e-09
0 2.67722e-09
0 2.67722e-09
0 2.67722e-09
0 2.67722e-09
0 2.67722e-09
0 2.67722e-09
0 2.67722e-09
0 2.67722e-09
0 2.67722e-09
0 2.67722e-09
0 2.67722e-09
0 2.67722e-09
0 2.67722e-09
0 2.67722e-09
0 2.67722e-09
0 2.67722e-09
0 2.67722e-09
0 2.67722e-09
0 2.67722e-09
0 2.67722e-09
0 2.67722e-09
0 2.67722e-09
0 2.67722e-09
0 2.67722e-09
0 2.67722e-09
0 2.67722e-09
0 2.67722e-09
0 2.67722e-09
0 2.67722e-09
0 2.67722e-09
0 2.67722e-09
0 2.67722e-09
0 2.67722e-09
0 2.67722e-09
0 2.67722e-09
0 2.67722e-09
0 2.67722e-09
0 2.67722e-09
0 2.67722e-09
0 2.67722e-09
0 2.67722e-09
0 2.67722e-09
0 2.67722e-09
0 2.67722e-09
0 2.67722e-09
0 2.67722e-09
0 2.67722e-09
0 2.67722e-09
0 2.67722e-09
0 2.67722e-09
0 2.67722e-09
0 2.67722e-09
0 2.67722e-09
0 2.67722e-09
0 2.67722e-09
0 2.67722e-09
0 2.67722e-09
0 2.67722e-09
0 2.67722e-09
0 2.67722e-09
0 2.67722e-09
0 2.67722e-09
0 2.67722e-09
0 2.67722e-09
0 2.67722e-09
0 2.67722e-09
0 2.67722e-09
0 2.67722e-09
0 2.67722e-09
0 2.67722e-09
0 2.67722e-09
0 2.67722e-09
0 2.67722e-09
0 2.67722e-09
0 2.67722e-09
0 2.67722e-09
0 2.67722e-09
0 2.67722e-09
0 2.67722e-09
0 2.67722e-09
0 2.67722e-09
0 2.67722e-09
0 2.67722e-09
0 2.67722e-09
0 2.67722e-09
0 2.67722e-09
0 2.67722e-09
0 2.67722e-09
0 2.67722e-09
0 2.67722e-09
0 2.67722e-09
0 2.67722e-09
0 2.67722e-09
0 2.67722e-09
0 2.67722e-09
0 2.67722e-09
0 2.67722e-09
0 2.67722e-09
0 2.67722e-09
0 2.67722e-09
0 2.67722e-09
0 2.67722e-09
0 2.67722e-09
0 2.67722e-09
0 2.67722e-09
0 2.67722e-09
0 2.67722e-09
0 2.67722e-09
0 2.67722e-09
0 2.67722e-09
0 2.67722e-09
0 2.67722e-09
0 2.67722e-09
0 2.67722e-09
0 2.67722e-09
0 2.67722e-09
0 2.67722e-09
0 2.67722e-09
0 2.67722e-09
0 2.67722e-09
0 2.67722e-09
0 2.67722e-09
0 2.67722e-09
0 2.67722e-09
0 2.67722e-09
0 2.67722e-09
0 2.67722e-09
0 2.67722e-09
0 2.67722e-09
0 2.67722e-09
0 2.67722e-09
0 2.67722e-09
0 2.67722e-09
0 2.67722e-09
0 2.67722e-09
0 2.67722e-09
0 2.67722e-09
0 2.67722e-09
0 2.67722e-09
0 2.67722e-09
0 2.67722e-09
0 2.67722e-09
0 2.67722e-09
0 2.67722e-09
0 2.67722e-09
0 2.67722e-09
0 2.67722e-09
0 2.67722e-09
0 2.67722e-09
0 2.67722e-09
0 2.67722e-09
0 2.67722e-09
0 2.67722e-09
0 2.67722e-09
0 2.67722e-09
0 2.67722e-09
0 2.67722e-09
0 2.67722e-09
0 2.67722e-09
0 2.67722e-09
0 2.67722e-09
0 2.67722e-09
0 2.67722e-09
0 2.67722e-09
0 2.67722e-09
0 2.67722e-09
0 2.67722e-09
0 2.67722e-09
0 2.67722e-09
0 2.67722e-09
0 2.67722e-09
0 2.67722e-09
0 2.67722e-09
0 2.67722e-09
0 2.67722e-09
0 2.67722e-09
0 2.67722e-09
0 2.67722e-09
0 2.67722e-09
0 2.67722e-09
0 2.67722e-09
0 2.67722e-09
0 2.67722e-09
0 2.67722e-09
0 2.67722e-09
0 2.67722e-09
0 2.67722e-09
0 2.67722e-09
0 2.67722e-09
0 2.67722e-09
0 2.67722e-09
0 2.67722e-09
0 2.67722e-09
0 2.67722e-09
0 2.67722e-09
0 2.67722e-09
0 2.67722e-09
0 2.67722e-09
0 2.67722e-09
0 2.67722e-09
0 2.67722e-09
0 2.67722e-09
0 2.67722e-09
0 2.67722e-09
0 2.67722e-09
0 2.67722e-09
0 2.67722e-09
0 2.67722e-09
0 2.67722e-09
0 2.67722e-09
0 2.67722e-09
0 2.67722e-09
0 2.67722e-09
0 2.67722e-09
0 2.67722e-09
0 2.67722e-09
0 2.67722e-09
0 2.67722e-09
0 2.67722e-09
0 2.67722e-09
0 2.67722e-09
0 2.67722e-09
0 2.67722e-09
0 2.67722e-09
0 2.67722e-09
0 2.67722e-09
0 2.67722e-09
0 2.67722e-09
0 2.67722e-09
0 2.67722e-09
0 2.67722e-09
0 2.67722e-09
0 2.67722e-09
0 2.67722e-09
0 2.67722e-09
0 2.67722e-09
0 2.67722e-09
0 2.67722e-09
0 2.67722e-09
0 2.67722e-09
0 2.67722e-09
0 2.67722e-09
0 2.67722e-09
0 2.67722e-09
0 2.67722e-09
0 2.67722e-09
0 2.67722e-09
0 2.67722e-09
0 2.67722e-09
0 2.67722e-09
0 2.67722e-09
0 2.67722e-09
0 2.67722e-09
0 2.67722e-09
0 2.67722e-09
0 2.67722e-09
0 2.67722e-09
0 2.67722e-09
0 2.67722e-09
0 2.67722e-09
0 2.67722e-09
0 2.67722e-09
0 2.67722e-09
0 2.67722e-09
0 2.67722e-09
0 2.67722e-09
0 2.67722e-09
0 2.67722e-09
0 2.67722e-09
0 2.67722e-09
0 2.67722e-09
0 2.67722e-09
0 2.67722e-09
0 2.67722e-09
0 2.67722e-09
0 2.67722e-09
0 2.67722e-09
0 2.67722e-09
0 2.67722e-09
0 2.67722e-09
0 2.67722e-09
0 2.67722e-09
0 2.67722e-09
0 2.67722e-09
0 2.67722e-09
0 2.67722e-09
0 2.67722e-09
0 2.67722e-09
0 2.67722e-09
0 2.67722e-09
0 2.67722e-09
0 2.67722e-09
0 2.67722e-09
0 2.67722e-09
0 2.67722e-09
0 2.67722e-09
0 2.67722e-09
0 2.67722e-09
0 2.67722e-09
0 2.67722e-09
0 2.67722e-09
0 2.67722e-09
0 2.67722e-09
0 2.67722e-09
0 2.67722e-09
0 2.67722e-09
0 2.67722e-09
0 2.67722e-09
0 2.67722e-09
0 2.67722e-09
0 2.67722e-09
0 2.67722e-09
0 2.67722e-09
0 2.67722e-09
0 2.67722e-09
0 2.67722e-09
0 2.67722e-09
0 2.67722e-09
0 2.67722e-09
0 2.67722e-09
0 2.67722e-09
0 2.67722e-09
0 2.67722e-09
0 2.67722e-09
0 2.67722e-09
0 2.67722e-09
0 2.67722e-09
0 2.67722e-09
0 2.67722e-09
0 2.67722e-09
0 2.67722e-09
0 2.67722e-09
0 2.67722e-09
0 2.67722e-09
0 2.67722e-09
0 2.67722e-09
0 2.67722e-09
0 2.67722e-09
0 2.67722e-09
0 2.67722e-09
0 2.67722e-09
0 2.67722e-09
0 2.67722e-09
0 2.67722e-09
0 2.67722e-09
0 2.67722e-09
0 2.67722e-09
0 2.67722e-09
0 2.67722e-09
0 2.67722e-09
0 2.67722e-09
0 2.67722e-09
0 2.67722e-09
0 2.67722e-09
0 2.67722e-09
0 2.67722e-09
0 2.67722e-09
0 2.67722e-09
0 2.67722e-09
0 2.67722e-09
0 2.67722e-09
0 2.67722e-09
0 2.67722e-09
0 2.67722e-09
0 2.67722e-09
0 2.67722e-09
0 2.67722e-09
0 2.67722e-09
0 2.67722e-09
0 2.67722e-09
0 2.67722e-09
0 2.67722e-09
0 2.67722e-09
0 2.67722e-09
0 2.67722e-09
0 2.67722e-09
0 2.67722e-09
0 2.67722e-09

