0 0.337329
0 0.241111
0 0.198042
0 0.172945
0 0.15475
0 0.140284
0 0.128217
0 0.117858
0 0.108798
0 0.100769
0 0.0935852
0 0.0871108
0 0.0812416
0 0.0758961
0 0.0710087
0 0.0665254
0 0.0624012
0 0.0585981
0 0.0550833
0 0.0518288
0 0.0488098
0 0.046005
0 0.0433953
0 0.0409639
0 0.0386956
0 0.0365771
0 0.0345962
0 0.0327422
0 0.0310052
0 0.0293763
0 0.0278474
0 0.0264111
0 0.0250609
0 0.0237905
0 0.0225943
0 0.0214673
0 0.0204047
0 0.0194023
0 0.0184559
0 0.017562
0 0.0167171
0 0.0159181
0 0.0151622
0 0.0144466
0 0.0137689
0 0.0131267
0 0.012518
0 0.0119406
0 0.0113928
0 0.0108728
0 0.010379
0 0.00991
0 0.00946425
0 0.00904051
0 0.00863753
0 0.00825417
0 0.00788936
0 0.00754208
0 0.00721139
0 0.0068964
0 0.00659627
0 0.00631023
0 0.00603754
0 0.00577749
0 0.00552945
0 0.0052928
0 0.00506695
0 0.00485136
0 0.00464551
0 0.00444893
0 0.00426114
0 0.00408172
0 0.00391025
0 0.00374636
0 0.00358966
0 0.00343982
0 0.0032965
0 0.0031594
0 0.00302822
0 0.00290268
0 0.00278251
0 0.00266746
0 0.0025573
0 0.0024518
0 0.00235074
0 0.00225392
0 0.00216115
0 0.00207223
0 0.001987
0 0.00190529
0 0.00182694
0 0.00175179
0 0.00167971
0 0.00161056
0 0.0015442
0 0.00148052
0 0.00141939
0 0.00136071
0 0.00130435
0 0.00125023
0 0.00119824
0 0.00114829
0 0.0011003
0 0.00105417
0 0.00100982
0 0.000967177
0 0.000926169
0 0.000886722
0 0.000848769
0 0.000812246
0 0.000777089
0 0.000743241
0 0.000710643
0 0.000679243
0 0.000648988
0 0.000619828
0 0.000591715
0 0.000564605
0 0.000538453
0 0.000513217
0 0.000488858
0 0.000465336
0 0.000442615
0 0.000420659
0 0.000399435
0 0.000378909
0 0.000359051
0 0.000339829
0 0.000321216
0 0.000303183
0 0.000285703
0 0.000268751
0 0.000252302
0 0.000236332
0 0.000220819
0 0.000205739
0 0.000191071
0 0.000176796
0 0.000162893
0 0.000149343
0 0.000136127
0 0.000123228
0 0.000110628
0 9.83103e-05
0 8.62591e-05
0 7.44585e-05
0 6.28933e-05
0 5.15488e-05
0 4.04107e-05
0 2.94649e-05
0 1.86982e-05
0 8.09716e-06
0 3.37329e-09
0 3.37329e-09
0 3.37329e-09
0 3.37329e-09
0 3.37329e-09
0 3.37329e-09
0 3.37329e-09
0 3.37329e-09
0 3.37329e-09
0 3.37329e-09
0 3.37329e-09
0 3.37329e-09
0 3.37329e-09
0 3.37329e-09
0 3.37329e-09
0 3.37329e-09
0 3.37329e-09
0 3.37329e-09
0 3.37329e-09
0 3.37329e-09
0 3.37329e-09
0 3.37329e-09
0 3.37329e-09
0 3.37329e-09
0 3.37329e-09
0 3.37329e-09
0 3.37329e-09
0 3.37329e-09
0 3.37329e-09
0 3.37329e-09
0 3.37329e-09
0 3.37329e-09
0 3.37329e-09
0 3.37329e-09
0 3.37329e-09
0 3.37329e-09
0 3.37329e-09
0 3.37329e-09
0 3.37329e-09
0 3.37329e-09
0 3.37329e-09
0 3.37329e-09
0 3.37329e-09
0 3.37329e-09
0 3.37329e-09
0 3.37329e-09
0 3.37329e-09
0 3.37329e-09
0 3.37329e-09
0 3.37329e-09
0 3.37329e-09
0 3.37329e-09
0 3.37329e-09
0 3.37329e-09
0 3.37329e-09
0 3.37329e-09
0 3.37329e-09
0 3.37329e-09
0 3.37329e-09
0 3.37329e-09
0 3.37329e-09
0 3.37329e-09
0 3.37329e-09
0 3.37329e-09
0 3.37329e-09
0 3.37329e-09
0 3.37329e-09
0 3.37329e-09
0 3.37329e-09
0 3.37329e-09
0 3.37329e-09
0 3.37329e-09
0 3.37329e-09
0 3.37329e-09
0 3.37329e-09
0 3.37329e-09
0 3.37329e-09
0 3.37329e-09
0 3.37329e-09
0 3.37329e-09
0 3.37329e-09
0 3.37329e-09
0 3.37329e-09
0 3.37329e-09
0 3.37329e-09
0 3.37329e-09
0 3.37329e-09
0 3.37329e-09
0 3.37329e-09
0 3.37329e-09
0 3.37329e-09
0 3.37329e-09
0 3.37329e-09
0 3.37329e-09
0 3.37329e-09
0 3.37329e-09
0 3.37329e-09
0 3.37329e-09
0 3.37329e-09
0 3.37329e-09
0 3.37329e-09
0 3.37329e-09
0 3.37329e-09
0 3.37329e-09
0 3.37329e-09
0 3.37329e-09
0 3.37329e-09
0 3.37329e-09
0 3.37329e-09
0 3.37329e-09
0 3.37329e-09
0 3.37329e-09
0 3.37329e-09
0 3.37329e-09
0 3.37329e-09
0 3.37329e-09
0 3.37329e-09
0 3.37329e-09
0 3.37329e-09
0 3.37329e-09
0 3.37329e-09
0 3.37329e-09
0 3.37329e-09
0 3.37329e-09
0 3.37329e-09
0 3.37329e-09
0 3.37329e-09
0 3.37329e-09
0 3.37329e-09
0 3.37329e-09
0 3.37329e-09
0 3.37329e-09
0 3.37329e-09
0 3.37329e-09
0 3.37329e-09
0 3.37329e-09
0 3.37329e-09
0 3.37329e-09
0 3.37329e-09
0 3.37329e-09
0 3.37329e-09
0 3.37329e-09
0 3.37329e-09
0 3.37329e-09
0 3.37329e-09
0 3.37329e-09
0 3.37329e-09
0 3.37329e-09
0 3.37329e-09
0 3.37329e-09
0 3.37329e-09
0 3.37329e-09
0 3.37329e-09
0 3.37329e-09
0 3.37329e-09
0 3.37329e-09
0 3.37329e-09
0 3.37329e-09
0 3.37329e-09
0 3.37329e-09
0 3.37329e-09
0 3.37329e-09
0 3.37329e-09
0 3.37329e-09
0 3.37329e-09
0 3.37329e-09
0 3.37329e-09
0 3.37329e-09
0 3.37329e-09
0 3.37329e-09
0 3.37329e-09
0 3.37329e-09
0 3.37329e-09
0 3.37329e-09
0 3.37329e-09
0 3.37329e-09
0 3.37329e-09
0 3.37329e-09
0 3.37329e-09
0 3.37329e-09
0 3.37329e-09
0 3.37329e-09
0 3.37329e-09
0 3.37329e-09
0 3.37329e-09
0 3.37329e-09
0 3.37329e-09
0 3.37329e-09
0 3.37329e-09
0 3.37329e-09
0 3.37329e-09
0 3.37329e-09
0 3.37329e-09
0 3.37329e-09
0 3.37329e-09
0 3.37329e-09
0 3.37329e-09
0 3.37329e-09
0 3.37329e-09
0 3.37329e-09
0 3.37329e-09
0 3.37329e-09
0 3.37329e-09
0 3.37329e-09
0 3.37329e-09
0 3.37329e-09
0 3.37329e-09
0 3.37329e-09
0 3.37329e-09
0 3.37329e-09
0 3.37329e-09
0 3.37329e-09
0 3.37329e-09
0 3.37329e-09
0 3.37329e-09
0 3.37329e-09
0 3.37329e-09
0 3.37329e-09
0 3.37329e-09
0 3.37329e-09
0 3.37329e-09
0 3.37329e-09
0 3.37329e-09
0 3.37329e-09
0 3.37329e-09
0 3.37329e-09
0 3.37329e-09
0 3.37329e-09
0 3.37329e-09
0 3.37329e-09
0 3.37329e-09
0 3.37329e-09
0 3.37329e-09
0 3.37329e-09
0 3.37329e-09
0 3.37329e-09
0 3.37329e-09
0 3.37329e-09
0 3.37329e-09
0 3.37329e-09
0 3.37329e-09
0 3.37329e-09
0 3.37329e-09
0 3.37329e-09
0 3.37329e-09
0 3.37329e-09
0 3.37329e-09
0 3.37329e-09
0 3.37329e-09
0 3.37329e-09
0 3.37329e-09
0 3.37329e-09
0 3.37329e-09
0 3.37329e-09
0 3.37329e-09
0 3.37329e-09
0 3.37329e-09
0 3.37329e-09
0 3.37329e-09
0 3.37329e-09
0 3.37329e-09
0 3.37329e-09
0 3.37329e-09
0 3.37329e-09
0 3.37329e-09
0 3.37329e-09
0 3.37329e-09
0 3.37329e-09
0 3.37329e-09
0 3.37329e-09
0 3.37329e-09
0 3.37329e-09
0 3.37329e-09
0 3.37329e-09
0 3.37329e-09
0 3.37329e-09
0 3.37329e-09
0 3.37329e-09
0 3.37329e-09
0 3.37329e-09
0 3.37329e-09
0 3.37329e-09
0 3.37329e-09
0 3.37329e-09
0 3.37329e-09
0 3.37329e-09
0 3.37329e-09
0 3.37329e-09
0 3.37329e-09
0 3.37329e-09
0 3.37329e-09
0 3.37329e-09
0 3.37329e-09
0 3.37329e-09
0 3.37329e-09
0 3.37329e-09
0 3.37329e-09
0 3.37329e-09
0 3.37329e-09
0 3.37329e-09
0 3.37329e-09
0 3.37329e-09
0 3.37329e-09
0 3.37329e-09
0 3.37329e-09
0 3.37329e-09
0 3.37329e-09
0 3.37329e-09
0 3.37329e-09
0 3.37329e-09
0 3.37329e-09
0 3.37329e-09
0 3.37329e-09
0 3.37329e-09
0 3.37329e-09
0 3.37329e-09
0 3.37329e-09
0 3.37329e-09
0 3.37329e-09
0 3.37329e-09
0 3.37329e-09
0 3.37329e-09
0 3.37329e-09
0 3.37329e-09
0 3.37329e-09
0 3.37329e-09
0 3.37329e-09
0 3.37329e-09
0 3.37329e-09
0 3.37329e-09
0 3.37329e-09
0 3.37329e-09
0 3.37329e-09
0 3.37329e-09
0 3.37329e-09
0 3.37329e-09
0 3.37329e-09
0 3.37329e-09
0 3.37329e-09
0 3.37329e-09
0 3.37329e-09
0 3.37329e-09
0 3.37329e-09
0 3.37329e-09
0 3.37329e-09
0 3.37329e-09
0 3.37329e-09
0 3.37329e-09
0 3.37329e-09
0 3.37329e-09
0 3.37329e-09
0 3.37329e-09
0 3.37329e-09
0 3.37329e-09
0 3.37329e-09
0 3.37329e-09
0 3.37329e-09
0 3.37329e-09
0 3.37329e-09
0 3.37329e-09
0 3.37329e-09
0 3.37329e-09
0 3.37329e-09
0 3.37329e-09
0 3.37329e-09
0 3.37329e-09
0 3.37329e-09
0 3.37329e-09
0 3.37329e-09
0 3.37329e-09
0 3.37329e-09
0 3.37329e-09
0 3.37329e-09
0 3.37329e-09
0 3.37329e-09
0 3.37329e-09
0 3.37329e-09
0 3.37329e-09
0 3.37329e-09
0 3.37329e-09
0 3.37329e-09
0 3.37329e-09
0 3.37329e-09
0 3.37329e-09
0 3.37329e-09
0 3.37329e-09
0 3.37329e-09
0 3.37329e-09
0 3.37329e-09
0 3.37329e-09
0 3.37329e-09
0 3.37329e-09
0 3.37329e-09
0 3.37329e-09
0 3.37329e-09
0 3.37329e-09
0 3.37329e-09
0 3.37329e-09
0 3.37329e-09
0 3.37329e-09
0 3.37329e-09
0 3.37329e-09
0 3.37329e-09
0 3.37329e-09
0 3.37329e-09
0 3.37329e-09
0 3.37329e-09
0 3.37329e-09
0 3.37329e-09
0 3.37329e-09
0 3.37329e-09
0 3.37329e-09
0 3.37329e-09
0 3.37329e-09
0 3.37329e-09
0 3.37329e-09
0 3.37329e-09
0 3.37329e-09
0 3.37329e-09
0 3.37329e-09
0 3.37329e-09
0 3.37329e-09
0 3.37329e-09
0 3.37329e-09
0 3.37329e-09
0 3.37329e-09
0 3.37329e-09
0 3.37329e-09
0 3.37329e-09
0 3.37329e-09
0 3.37329e-09
0 3.37329e-09
0 3.37329e-09
0 3.37329e-09
0 3.37329e-09
0 3.37329e-09
0 3.37329e-09
0 3.37329e-09
0 3.37329e-09
0 3.37329e-09
0 3.37329e-09
0 3.37329e-09
0 3.37329e-09
0 3.37329e-09
0 3.37329e-09
0 3.37329e-09
0 3.37329e-09
0 3.37329e-09
0 3.37329e-09
0 3.37329e-09
0 3.37329e-09
0 3.37329e-09
0 3.37329e-09
0 3.37329e-09
0 3.37329e-09
0 3.37329e-09
0 3.37329e-09
0 3.37329e-09
0 3.37329e-09
0 3.37329e-09
0 3.37329e-09
0 3.37329e-09
0 3.37329e-09
0 3.37329e-09
0 3.37329e-09
0 3.37329e-09
0 3.37329e-09
0 3.37329e-09
0 3.37329e-09
0 3.37329e-09
0 3.37329e-09
0 3.37329e-09
0 3.37329e-09
0 3.37329e-09
0 3.37329e-09
0 3.37329e-09
0 3.37329e-09
0 3.37329e-09
0 3.37329e-09
0 3.37329e-09
0 3.37329e-09
0 3.37329e-09
0 3.37329e-09
0 3.37329e-09
0 3.37329e-09
0 3.37329e-09
0 3.37329e-09
0 3.37329e-09
0 3.37329e-09
0 3.37329e-09
0 3.37329e-09
0 3.37329e-09
0 3.37329e-09
0 3.37329e-09
0 3.37329e-09
0 3.37329e-09
0 3.37329e-09
0 3.37329e-09
0 3.37329e-09
0 3.37329e-09
0 3.37329e-09
0 3.37329e-09
0 3.37329e-09
0 3.37329e-09
0 3.37329e-09
0 3.37329e-09
0 3.37329e-09
0 3.37329e-09
0 3.37329e-09
0 3.37329e-09
0 3.37329e-09
0 3.37329e-09
0 3.37329e-09
0 3.37329e-09
0 3.37329e-09
0 3.37329e-09
0 3.37329e-09
0 3.37329e-09
0 3.37329e-09
0 3.37329e-09
0 3.37329e-09
0 3.37329e-09
0 3.37329e-09
0 3.37329e-09
0 3.37329e-09
0 3.37329e-09
0 3.37329e-09
0 3.37329e-09
0 3.37329e-09
0 3.37329e-09
0 3.37329e-09
0 3.37329e-09
0 3.37329e-09
0 3.37329e-09
0 3.37329e-09
0 3.37329e-09
0 3.37329e-09
0 3.37329e-09
0 3.37329e-09
0 3.37329e-09
0 3.37329e-09
0 3.37329e-09
0 3.37329e-09
0 3.37329e-09
0 3.37329e-09
0 3.37329e-09
0 3.37329e-09
0 3.37329e-09
0 3.37329e-09
0 3.37329e-09
0 3.37329e-09
0 3.37329e-09
0 3.37329e-09
0 3.37329e-09
0 3.37329e-09
0 3.37329e-09
0 3.37329e-09
0 3.37329e-09
0 3.37329e-09
0 3.37329e-09
0 3.37329e-09
0 3.37329e-09
0 3.37329e-09
0 3.37329e-09
0 3.37329e-09
0 3.37329e-09
0 3.37329e-09
0 3.37329e-09
0 3.37329e-09
0 3.37329e-09
0 3.37329e-09
0 3.37329e-09
0 3.37329e-09
0 3.37329e-09
0 3.37329e-09
0 3.37329e-09
0 3.37329e-09
0 3.37329e-09
0 3.37329e-09
0 3.37329e-09
0 3.37329e-09
0 3.37329e-09
0 3.37329e-09
0 3.37329e-09
0 3.37329e-09
0 3.37329e-09
0 3.37329e-09
0 3.37329e-09
0 3.37329e-09
0 3.37329e-09
0 3.37329e-09
0 3.37329e-09
0 3.37329e-09
0 3.37329e-09
0 3.37329e-09
0 3.37329e-09
0 3.37329e-09
0 3.37329e-09
0 3.37329e-09
0 3.37329e-09
0 3.37329e-09
0 3.37329e-09
0 3.37329e-09
0 3.37329e-09
0 3.37329e-09
0 3.37329e-09
0 3.37329e-09
0 3.37329e-09
0 3.37329e-09
0 3.37329e-09
0 3.37329e-09
0 3.37329e-09
0 3.37329e-09
0 3.37329e-09
0 3.37329e-09
0 3.37329e-09
0 3.37329e-09
0 3.37329e-09
0 3.37329e-09
0 3.37329e-09
0 3.37329e-09
0 3.37329e-09
0 3.37329e-09
0 3.37329e-09
0 3.37329e-09
0 3.37329e-09
0 3.37329e-09
0 3.37329e-09
0 3.37329e-09
0 3.37329e-09
0 3.37329e-09
0 3.37329e-09
0 3.37329e-09
0 3.37329e-09
0 3.37329e-09
0 3.37329e-09
0 3.37329e-09
0 3.37329e-09
0 3.37329e-09
0 3.37329e-09
0 3.37329e-09
0 3.37329e-09
0 3.37329e-09
0 3.37329e-09
0 3.37329e-09
0 3.37329e-09
0 3.37329e-09
0 3.37329e-09
0 3.37329e-09
0 3.37329e-09
0 3.37329e-09
0 3.37329e-09
0 3.37329e-09
0 3.37329e-09
0 3.37329e-09
0 3.37329e-09
0 3.37329e-09
0 3.37329e-09
0 3.37329e-09
0 3.37329e-09
0 3.37329e-09
0 3.37329e-09
0 3.37329e-09
0 3.37329e-09
0 3.37329e-09
0 3.37329e-09
0 3.37329e-09
0 3.37329e-09
0 3.37329e-09
0 3.37329e-09
0 3.37329e-09
0 3.37329e-09
0 3.37329e-09
0 3.37329e-09
0 3.37329e-09
0 3.37329e-09
0 3.37329e-09
0 3.37329e-09
0 3.37329e-09
0 3.37329e-09
0 3.37329e-09
0 3.37329e-09
0 3.37329e-09
0 3.37329e-09
0 3.37329e-09
0 3.37329e-09
0 3.37329e-09
0 3.37329e-09
0 3.37329e-09
0 3.37329e-09
0 3.37329e-09
0 3.37329e-09
0 3.37329e-09
0 3.37329e-09
0 3.37329e-09
0 3.37329e-09
0 3.37329e-09
0 3.37329e-09
0 3.37329e-09
0 3.37329e-09
0 3.37329e-09
0 3.37329e-09
0 3.37329e-09
0 3.37329e-09
0 3.37329e-09
0 3.37329e-09
0 3.37329e-09
0 3.37329e-09
0 3.37329e-09
0 3.37329e-09
0 3.37329e-09
0 3.37329e-09
0 3.37329e-09
0 3.37329e-09
0 3.37329e-09
0 3.37329e-09
0 3.37329e-09
0 3.37329e-09
0 3.37329e-09
0 3.37329e-09
0 3.37329e-09
0 3.37329e-09
0 3.37329e-09
0 3.37329e-09
0 3.37329e-09
0 3.37329e-09
0 3.37329e-09
0 3.37329e-09
0 3.37329e-09
0 3.37329e-09
0 3.37329e-09
0 3.37329e-09
0 3.37329e-09
0 3.37329e-09
0 3.37329e-09
0 3.37329e-09
0 3.37329e-09
0 3.37329e-09
0 3.37329e-09
0 3.37329e-09
0 3.37329e-09
0 3.37329e-09
0 3.37329e-09
0 3.37329e-09
0 3.37329e-09
0 3.37329e-09
0 3.37329e-09
0 3.37329e-09
0 3.37329e-09
0 3.37329e-09
0 3.37329e-09
0 3.37329e-09
0 3.37329e-09
0 3.37329e-09
0 3.37329e-09
0 3.37329e-09
0 3.37329e-09
0 3.37329e-09
0 3.37329e-09
0 3.37329e-09
0 3.37329e-09
0 3.37329e-09
0 3.37329e-09
0 3.37329e-09
0 3.37329e-09
0 3.37329e-09
0 3.37329e-09
0 3.37329e-09
0 3.37329e-09
0 3.37329e-09
0 3.37329e-09
0 3.37329e-09
0 3.37329e-09
0 3.37329e-09
0 3.37329e-09
0 3.37329e-09
0 3.37329e-09
0 3.37329e-09
0 3.37329e-09
0 3.37329e-09
0 3.37329e-09
0 3.37329e-09
0 3.37329e-09
0 3.37329e-09
0 3.37329e-09
0 3.37329e-09
0 3.37329e-09
0 3.37329e-09
0 3.37329e-09
0 3.37329e-09
0 3.37329e-09
0 3.37329e-09
0 3.37329e-09
0 3.37329e-09
0 3.37329e-09
0 3.37329e-09
0 3.37329e-09
0 3.37329e-09
0 3.37329e-09
0 3.37329e-09
0 3.37329e-09
0 3.37329e-09
0 3.37329e-09
0 3.37329e-09
0 3.37329e-09
0 3.37329e-09
0 3.37329e-09
0 3.37329e-09
0 3.37329e-09
0 3.37329e-09
0 3.37329e-09
0 3.37329e-09
0 3.37329e-09
0 3.37329e-09
0 3.37329e-09
0 3.37329e-09
0 3.37329e-09
0 3.37329e-09
0 3.37329e-09
0 3.37329e-09
0 3.37329e-09
0 3.37329e-09
0 3.37329e-09
0 3.37329e-09
0 3.37329e-09
0 3.37329e-09
0 3.37329e-09
0 3.37329e-09
0 3.37329e-09
0 3.37329e-09
0 3.37329e-09
0 3.37329e-09
0 3.37329e-09
0 3.37329e-09
0 3.37329e-09
0 3.37329e-09
0 3.37329e-09
0 3.37329e-09
0 3.37329e-09
0 3.37329e-09
0 3.37329e-09
0 3.37329e-09
0 3.37329e-09
0 3.37329e-09
0 3.37329e-09
0 3.37329e-09
0 3.37329e-09
0 3.37329e-09

