0 0.016063
0 0.016056
0 0.0160371
0 0.0160064
0 0.015964
0 0.0159099
0 0.0158444
0 0.0157675
0 0.0156793
0 0.0155801
0 0.0154701
0 0.0153495
0 0.0152185
0 0.0150775
0 0.0149267
0 0.0147663
0 0.0145968
0 0.0144185
0 0.0142317
0 0.0140368
0 0.0138342
0 0.0136243
0 0.0134075
0 0.0131842
0 0.0129548
0 0.0127198
0 0.0124796
0 0.0122347
0 0.0119854
0 0.0117323
0 0.0114758
0 0.0112164
0 0.0109545
0 0.0106905
0 0.0104249
0 0.0101582
0 0.00989063
0 0.00962278
0 0.00935502
0 0.00908774
0 0.00882133
0 0.00855618
0 0.00829265
0 0.00803109
0 0.00777185
0 0.00751523
0 0.00726156
0 0.00701111
0 0.00676418
0 0.006521
0 0.00628183
0 0.00604689
0 0.00581638
0 0.00559049
0 0.00536938
0 0.00515322
0 0.00494213
0 0.00473624
0 0.00453564
0 0.00434041
0 0.00415063
0 0.00396633
0 0.00378757
0 0.00361436
0 0.0034467
0 0.00328459
0 0.00312801
0 0.00297692
0 0.00283129
0 0.00269105
0 0.00255613
0 0.00242647
0 0.00230198
0 0.00218257
0 0.00206813
0 0.00195857
0 0.00185376
0 0.00175359
0 0.00165795
0 0.0015667
0 0.00147972
0 0.00139688
0 0.00131804
0 0.00124307
0 0.00117184
0 0.00110421
0 0.00104004
0 0.000979212
0 0.000921583
0 0.000867025
0 0.000815407
0 0.000766603
0 0.000720489
0 0.000676943
0 0.000635846
0 0.000597082
0 0.000560538
0 0.000526106
0 0.000493679
0 0.000463156
0 0.000434438
0 0.000407431
0 0.000382042
0 0.000358184
0 0.000335775
0 0.000314732
0 0.00029498
0 0.000276445
0 0.000259057
0 0.00024275
0 0.000227461
0 0.000213129
0 0.000199697
0 0.000187112
0 0.000175322
0 0.000164279
0 0.000153937
0 0.000144253
0 0.000135186
0 0.000126697
0 0.000118751
0 0.000111313
0 0.000104351
0 9.78342e-05
0 9.17352e-05
0 8.60261e-05
0 8.06812e-05
0 7.56768e-05
0 7.09905e-05
0 6.66016e-05
0 6.24907e-05
0 5.86397e-05
0 5.50317e-05
0 5.16511e-05
0 4.8483e-05
0 4.55139e-05
0 4.27308e-05
0 4.01218e-05
0 3.76758e-05
0 3.53822e-05
0 3.32315e-05
0 3.12143e-05
0 2.93224e-05
0 2.75476e-05
0 2.58825e-05
0 2.43203e-05
0 2.28543e-05
0 2.14786e-05
0 2.01874e-05
0 1.89754e-05
0 1.78377e-05
0 1.67696e-05
0 1.57667e-05
0 1.4825e-05
0 1.39406e-05
0 1.311e-05
0 1.23299e-05
0 1.1597e-05
0 1.09085e-05
0 1.02617e-05
0 9.65394e-06
0 9.08283e-06
0 8.5461e-06
0 8.04166e-06
0 7.56752e-06
0 7.12182e-06
0 6.70283e-06
0 6.3089e-06
0 5.93852e-06
0 5.59024e-06
0 5.26272e-06
0 4.95469e-06
0 4.66499e-06
0 4.39248e-06
0 4.13615e-06
0 3.895e-06
0 3.66811e-06
0 3.45464e-06
0 3.25377e-06
0 3.06474e-06
0 2.88685e-06
0 2.71942e-06
0 2.56182e-06
0 2.41348e-06
0 2.27383e-06
0 2.14236e-06
0 2.01857e-06
0 1.90202e-06
0 1.79226e-06
0 1.6889e-06
0 1.59156e-06
0 1.49987e-06
0 1.41351e-06
0 1.33215e-06
0 1.2555e-06
0 1.18329e-06
0 1.11524e-06
0 1.05112e-06
0 9.90692e-07
0 9.33737e-07
0 8.80051e-07
0 8.29441e-07
0 7.81726e-07
0 7.36736e-07
0 6.94311e-07
0 6.54298e-07
0 6.16556e-07
0 5.80952e-07
0 5.47359e-07
0 5.15659e-07
0 4.8574e-07
0 4.57497e-07
0 4.30832e-07
0 4.0565e-07
0 3.81863e-07
0 3.5939e-07
0 3.38152e-07
0 3.18076e-07
0 2.99091e-07
0 2.81133e-07
0 2.6414e-07
0 2.48053e-07
0 2.32818e-07
0 2.18382e-07
0 2.04697e-07
0 1.91715e-07
0 1.79394e-07
0 1.67692e-07
0 1.56569e-07
0 1.45988e-07
0 1.35914e-07
0 1.26314e-07
0 1.17156e-07
0 1.08409e-07
0 1.00046e-07
0 9.20387e-08
0 8.43615e-08
0 7.69897e-08
0 6.98996e-08
0 6.30688e-08
0 5.64757e-08
0 5.00996e-08
0 4.39206e-08
0 3.79197e-08
0 3.20785e-08
0 2.63792e-08
0 2.08047e-08
0 1.53383e-08
0 9.96377e-09
0 4.66544e-09
0 1.6063e-10
0 1.6063e-10
0 1.6063e-10
0 1.6063e-10
0 1.6063e-10
0 1.6063e-10
0 1.6063e-10
0 1.6063e-10
0 1.6063e-10
0 1.6063e-10
0 1.6063e-10
0 1.6063e-10
0 1.6063e-10
0 1.6063e-10
0 1.6063e-10
0 1.6063e-10
0 1.6063e-10
0 1.6063e-10
0 1.6063e-10
0 1.6063e-10
0 1.6063e-10
0 1.6063e-10
0 1.6063e-10
0 1.6063e-10
0 1.6063e-10
0 1.6063e-10
0 1.6063e-10
0 1.6063e-10
0 1.6063e-10
0 1.6063e-10
0 1.6063e-10
0 1.6063e-10
0 1.6063e-10
0 1.6063e-10
0 1.6063e-10
0 1.6063e-10
0 1.6063e-10
0 1.6063e-10
0 1.6063e-10
0 1.6063e-10
0 1.6063e-10
0 1.6063e-10
0 1.6063e-10
0 1.6063e-10
0 1.6063e-10
0 1.6063e-10
0 1.6063e-10
0 1.6063e-10
0 1.6063e-10
0 1.6063e-10
0 1.6063e-10
0 1.6063e-10
0 1.6063e-10
0 1.6063e-10
0 1.6063e-10
0 1.6063e-10
0 1.6063e-10
0 1.6063e-10
0 1.6063e-10
0 1.6063e-10
0 1.6063e-10
0 1.6063e-10
0 1.6063e-10
0 1.6063e-10
0 1.6063e-10
0 1.6063e-10
0 1.6063e-10
0 1.6063e-10
0 1.6063e-10
0 1.6063e-10
0 1.6063e-10
0 1.6063e-10
0 1.6063e-10
0 1.6063e-10
0 1.6063e-10
0 1.6063e-10
0 1.6063e-10
0 1.6063e-10
0 1.6063e-10
0 1.6063e-10
0 1.6063e-10
0 1.6063e-10
0 1.6063e-10
0 1.6063e-10
0 1.6063e-10
0 1.6063e-10
0 1.6063e-10
0 1.6063e-10
0 1.6063e-10
0 1.6063e-10
0 1.6063e-10
0 1.6063e-10
0 1.6063e-10
0 1.6063e-10
0 1.6063e-10
0 1.6063e-10
0 1.6063e-10
0 1.6063e-10
0 1.6063e-10
0 1.6063e-10
0 1.6063e-10
0 1.6063e-10
0 1.6063e-10
0 1.6063e-10
0 1.6063e-10
0 1.6063e-10
0 1.6063e-10
0 1.6063e-10
0 1.6063e-10
0 1.6063e-10
0 1.6063e-10
0 1.6063e-10
0 1.6063e-10
0 1.6063e-10
0 1.6063e-10
0 1.6063e-10
0 1.6063e-10
0 1.6063e-10
0 1.6063e-10
0 1.6063e-10
0 1.6063e-10
0 1.6063e-10
0 1.6063e-10
0 1.6063e-10
0 1.6063e-10
0 1.6063e-10
0 1.6063e-10
0 1.6063e-10
0 1.6063e-10
0 1.6063e-10
0 1.6063e-10
0 1.6063e-10
0 1.6063e-10
0 1.6063e-10
0 1.6063e-10
0 1.6063e-10
0 1.6063e-10
0 1.6063e-10
0 1.6063e-10
0 1.6063e-10
0 1.6063e-10
0 1.6063e-10
0 1.6063e-10
0 1.6063e-10
0 1.6063e-10
0 1.6063e-10
0 1.6063e-10
0 1.6063e-10
0 1.6063e-10
0 1.6063e-10
0 1.6063e-10
0 1.6063e-10
0 1.6063e-10
0 1.6063e-10
0 1.6063e-10
0 1.6063e-10
0 1.6063e-10
0 1.6063e-10
0 1.6063e-10
0 1.6063e-10
0 1.6063e-10
0 1.6063e-10
0 1.6063e-10
0 1.6063e-10
0 1.6063e-10
0 1.6063e-10
0 1.6063e-10
0 1.6063e-10
0 1.6063e-10
0 1.6063e-10
0 1.6063e-10
0 1.6063e-10
0 1.6063e-10
0 1.6063e-10
0 1.6063e-10
0 1.6063e-10
0 1.6063e-10
0 1.6063e-10
0 1.6063e-10
0 1.6063e-10
0 1.6063e-10
0 1.6063e-10
0 1.6063e-10
0 1.6063e-10
0 1.6063e-10
0 1.6063e-10
0 1.6063e-10
0 1.6063e-10
0 1.6063e-10
0 1.6063e-10
0 1.6063e-10
0 1.6063e-10
0 1.6063e-10
0 1.6063e-10
0 1.6063e-10
0 1.6063e-10
0 1.6063e-10
0 1.6063e-10
0 1.6063e-10
0 1.6063e-10
0 1.6063e-10
0 1.6063e-10
0 1.6063e-10
0 1.6063e-10
0 1.6063e-10
0 1.6063e-10
0 1.6063e-10
0 1.6063e-10
0 1.6063e-10
0 1.6063e-10
0 1.6063e-10
0 1.6063e-10
0 1.6063e-10
0 1.6063e-10
0 1.6063e-10
0 1.6063e-10
0 1.6063e-10
0 1.6063e-10
0 1.6063e-10
0 1.6063e-10
0 1.6063e-10
0 1.6063e-10
0 1.6063e-10
0 1.6063e-10
0 1.6063e-10
0 1.6063e-10
0 1.6063e-10
0 1.6063e-10
0 1.6063e-10
0 1.6063e-10
0 1.6063e-10
0 1.6063e-10
0 1.6063e-10
0 1.6063e-10
0 1.6063e-10
0 1.6063e-10
0 1.6063e-10
0 1.6063e-10
0 1.6063e-10
0 1.6063e-10
0 1.6063e-10
0 1.6063e-10
0 1.6063e-10
0 1.6063e-10
0 1.6063e-10
0 1.6063e-10
0 1.6063e-10
0 1.6063e-10
0 1.6063e-10
0 1.6063e-10
0 1.6063e-10
0 1.6063e-10
0 1.6063e-10
0 1.6063e-10
0 1.6063e-10
0 1.6063e-10
0 1.6063e-10
0 1.6063e-10
0 1.6063e-10
0 1.6063e-10
0 1.6063e-10
0 1.6063e-10
0 1.6063e-10
0 1.6063e-10
0 1.6063e-10
0 1.6063e-10
0 1.6063e-10
0 1.6063e-10
0 1.6063e-10
0 1.6063e-10
0 1.6063e-10
0 1.6063e-10
0 1.6063e-10
0 1.6063e-10
0 1.6063e-10
0 1.6063e-10
0 1.6063e-10
0 1.6063e-10
0 1.6063e-10
0 1.6063e-10
0 1.6063e-10
0 1.6063e-10
0 1.6063e-10
0 1.6063e-10
0 1.6063e-10
0 1.6063e-10
0 1.6063e-10
0 1.6063e-10
0 1.6063e-10
0 1.6063e-10
0 1.6063e-10
0 1.6063e-10
0 1.6063e-10
0 1.6063e-10
0 1.6063e-10
0 1.6063e-10
0 1.6063e-10
0 1.6063e-10
0 1.6063e-10
0 1.6063e-10
0 1.6063e-10
0 1.6063e-10
0 1.6063e-10
0 1.6063e-10
0 1.6063e-10
0 1.6063e-10
0 1.6063e-10
0 1.6063e-10
0 1.6063e-10
0 1.6063e-10
0 1.6063e-10
0 1.6063e-10
0 1.6063e-10
0 1.6063e-10
0 1.6063e-10
0 1.6063e-10
0 1.6063e-10
0 1.6063e-10
0 1.6063e-10
0 1.6063e-10
0 1.6063e-10
0 1.6063e-10
0 1.6063e-10
0 1.6063e-10
0 1.6063e-10
0 1.6063e-10
0 1.6063e-10
0 1.6063e-10
0 1.6063e-10
0 1.6063e-10
0 1.6063e-10
0 1.6063e-10
0 1.6063e-10
0 1.6063e-10
0 1.6063e-10
0 1.6063e-10
0 1.6063e-10
0 1.6063e-10
0 1.6063e-10
0 1.6063e-10
0 1.6063e-10
0 1.6063e-10
0 1.6063e-10
0 1.6063e-10
0 1.6063e-10
0 1.6063e-10
0 1.6063e-10
0 1.6063e-10
0 1.6063e-10
0 1.6063e-10
0 1.6063e-10
0 1.6063e-10
0 1.6063e-10
0 1.6063e-10
0 1.6063e-10
0 1.6063e-10
0 1.6063e-10
0 1.6063e-10
0 1.6063e-10
0 1.6063e-10
0 1.6063e-10
0 1.6063e-10
0 1.6063e-10
0 1.6063e-10
0 1.6063e-10
0 1.6063e-10
0 1.6063e-10
0 1.6063e-10
0 1.6063e-10
0 1.6063e-10
0 1.6063e-10
0 1.6063e-10
0 1.6063e-10
0 1.6063e-10
0 1.6063e-10
0 1.6063e-10
0 1.6063e-10
0 1.6063e-10
0 1.6063e-10
0 1.6063e-10
0 1.6063e-10
0 1.6063e-10
0 1.6063e-10
0 1.6063e-10
0 1.6063e-10
0 1.6063e-10
0 1.6063e-10
0 1.6063e-10
0 1.6063e-10
0 1.6063e-10
0 1.6063e-10
0 1.6063e-10
0 1.6063e-10
0 1.6063e-10
0 1.6063e-10
0 1.6063e-10
0 1.6063e-10
0 1.6063e-10
0 1.6063e-10
0 1.6063e-10
0 1.6063e-10
0 1.6063e-10
0 1.6063e-10
0 1.6063e-10
0 1.6063e-10
0 1.6063e-10
0 1.6063e-10
0 1.6063e-10
0 1.6063e-10
0 1.6063e-10
0 1.6063e-10
0 1.6063e-10
0 1.6063e-10
0 1.6063e-10
0 1.6063e-10
0 1.6063e-10
0 1.6063e-10
0 1.6063e-10
0 1.6063e-10
0 1.6063e-10
0 1.6063e-10
0 1.6063e-10
0 1.6063e-10
0 1.6063e-10
0 1.6063e-10
0 1.6063e-10
0 1.6063e-10
0 1.6063e-10
0 1.6063e-10
0 1.6063e-10
0 1.6063e-10
0 1.6063e-10
0 1.6063e-10
0 1.6063e-10
0 1.6063e-10
0 1.6063e-10
0 1.6063e-10
0 1.6063e-10
0 1.6063e-10
0 1.6063e-10
0 1.6063e-10
0 1.6063e-10
0 1.6063e-10
0 1.6063e-10
0 1.6063e-10
0 1.6063e-10
0 1.6063e-10
0 1.6063e-10
0 1.6063e-10
0 1.6063e-10
0 1.6063e-10
0 1.6063e-10
0 1.6063e-10
0 1.6063e-10
0 1.6063e-10
0 1.6063e-10
0 1.6063e-10
0 1.6063e-10
0 1.6063e-10
0 1.6063e-10
0 1.6063e-10
0 1.6063e-10
0 1.6063e-10
0 1.6063e-10
0 1.6063e-10
0 1.6063e-10
0 1.6063e-10
0 1.6063e-10
0 1.6063e-10
0 1.6063e-10
0 1.6063e-10
0 1.6063e-10
0 1.6063e-10
0 1.6063e-10
0 1.6063e-10
0 1.6063e-10
0 1.6063e-10
0 1.6063e-10
0 1.6063e-10
0 1.6063e-10
0 1.6063e-10
0 1.6063e-10
0 1.6063e-10
0 1.6063e-10
0 1.6063e-10
0 1.6063e-10
0 1.6063e-10
0 1.6063e-10
0 1.6063e-10
0 1.6063e-10
0 1.6063e-10
0 1.6063e-10
0 1.6063e-10
0 1.6063e-10
0 1.6063e-10
0 1.6063e-10
0 1.6063e-10
0 1.6063e-10
0 1.6063e-10
0 1.6063e-10
0 1.6063e-10
0 1.6063e-10
0 1.6063e-10
0 1.6063e-10
0 1.6063e-10
0 1.6063e-10
0 1.6063e-10
0 1.6063e-10
0 1.6063e-10
0 1.6063e-10
0 1.6063e-10
0 1.6063e-10
0 1.6063e-10
0 1.6063e-10
0 1.6063e-10
0 1.6063e-10
0 1.6063e-10
0 1.6063e-10
0 1.6063e-10
0 1.6063e-10
0 1.6063e-10
0 1.6063e-10
0 1.6063e-10
0 1.6063e-10
0 1.6063e-10
0 1.6063e-10
0 1.6063e-10
0 1.6063e-10
0 1.6063e-10
0 1.6063e-10
0 1.6063e-10
0 1.6063e-10
0 1.6063e-10
0 1.6063e-10
0 1.6063e-10
0 1.6063e-10
0 1.6063e-10
0 1.6063e-10
0 1.6063e-10
0 1.6063e-10
0 1.6063e-10
0 1.6063e-10
0 1.6063e-10
0 1.6063e-10
0 1.6063e-10
0 1.6063e-10
0 1.6063e-10
0 1.6063e-10
0 1.6063e-10
0 1.6063e-10
0 1.6063e-10
0 1.6063e-10
0 1.6063e-10
0 1.6063e-10
0 1.6063e-10
0 1.6063e-10
0 1.6063e-10
0 1.6063e-10
0 1.6063e-10
0 1.6063e-10
0 1.6063e-10
0 1.6063e-10
0 1.6063e-10
0 1.6063e-10
0 1.6063e-10
0 1.6063e-10
0 1.6063e-10
0 1.6063e-10
0 1.6063e-10
0 1.6063e-10
0 1.6063e-10
0 1.6063e-10
0 1.6063e-10
0 1.6063e-10
0 1.6063e-10
0 1.6063e-10
0 1.6063e-10
0 1.6063e-10
0 1.6063e-10
0 1.6063e-10
0 1.6063e-10
0 1.6063e-10
0 1.6063e-10
0 1.6063e-10
0 1.6063e-10
0 1.6063e-10
0 1.6063e-10
0 1.6063e-10
0 1.6063e-10
0 1.6063e-10
0 1.6063e-10
0 1.6063e-10
0 1.6063e-10
0 1.6063e-10
0 1.6063e-10
0 1.6063e-10
0 1.6063e-10
0 1.6063e-10
0 1.6063e-10
0 1.6063e-10
0 1.6063e-10
0 1.6063e-10
0 1.6063e-10
0 1.6063e-10
0 1.6063e-10
0 1.6063e-10
0 1.6063e-10
0 1.6063e-10
0 1.6063e-10
0 1.6063e-10
0 1.6063e-10
0 1.6063e-10
0 1.6063e-10
0 1.6063e-10
0 1.6063e-10
0 1.6063e-10
0 1.6063e-10
0 1.6063e-10
0 1.6063e-10
0 1.6063e-10
0 1.6063e-10
0 1.6063e-10
0 1.6063e-10
0 1.6063e-10
0 1.6063e-10
0 1.6063e-10
0 1.6063e-10
0 1.6063e-10
0 1.6063e-10
0 1.6063e-10
0 1.6063e-10
0 1.6063e-10
0 1.6063e-10
0 1.6063e-10
0 1.6063e-10
0 1.6063e-10
0 1.6063e-10
0 1.6063e-10
0 1.6063e-10
0 1.6063e-10
0 1.6063e-10
0 1.6063e-10
0 1.6063e-10
0 1.6063e-10
0 1.6063e-10
0 1.6063e-10
0 1.6063e-10
0 1.6063e-10
0 1.6063e-10
0 1.6063e-10
0 1.6063e-10
0 1.6063e-10
0 1.6063e-10
0 1.6063e-10
0 1.6063e-10
0 1.6063e-10
0 1.6063e-10
0 1.6063e-10
0 1.6063e-10
0 1.6063e-10
0 1.6063e-10
0 1.6063e-10
0 1.6063e-10
0 1.6063e-10
0 1.6063e-10
0 1.6063e-10
0 1.6063e-10
0 1.6063e-10
0 1.6063e-10
0 1.6063e-10
0 1.6063e-10
0 1.6063e-10
0 1.6063e-10
0 1.6063e-10
0 1.6063e-10
0 1.6063e-10
0 1.6063e-10
0 1.6063e-10
0 1.6063e-10
0 1.6063e-10
0 1.6063e-10
0 1.6063e-10
0 1.6063e-10
0 1.6063e-10
0 1.6063e-10
0 1.6063e-10
0 1.6063e-10
0 1.6063e-10
0 1.6063e-10
0 1.6063e-10
0 1.6063e-10
0 1.6063e-10
0 1.6063e-10
0 1.6063e-10
0 1.6063e-10
0 1.6063e-10
0 1.6063e-10
0 1.6063e-10
0 1.6063e-10
0 1.6063e-10
0 1.6063e-10
0 1.6063e-10
0 1.6063e-10
0 1.6063e-10
0 1.6063e-10
0 1.6063e-10
0 1.6063e-10
0 1.6063e-10
0 1.6063e-10
0 1.6063e-10
0 1.6063e-10
0 1.6063e-10
0 1.6063e-10
0 1.6063e-10
0 1.6063e-10
0 1.6063e-10
0 1.6063e-10
0 1.6063e-10
0 1.6063e-10
0 1.6063e-10
0 1.6063e-10
0 1.6063e-10
0 1.6063e-10
0 1.6063e-10
0 1.6063e-10
0 1.6063e-10
0 1.6063e-10
0 1.6063e-10
0 1.6063e-10
0 1.6063e-10
0 1.6063e-10
0 1.6063e-10
0 1.6063e-10
0 1.6063e-10
0 1.6063e-10
0 1.6063e-10
0 1.6063e-10
0 1.6063e-10
0 1.6063e-10
0 1.6063e-10
0 1.6063e-10
0 1.6063e-10
0 1.6063e-10
0 1.6063e-10
0 1.6063e-10
0 1.6063e-10
0 1.6063e-10
0 1.6063e-10
0 1.6063e-10
0 1.6063e-10

