0 0.305203
0 0.250784
0 0.202304
0 0.173089
0 0.152943
0 0.13762
0 0.125249
0 0.114875
0 0.10595
0 0.0981332
0 0.0911962
0 0.0849787
0 0.079363
0 0.0742597
0 0.069599
0 0.065325
0 0.0613922
0 0.0577625
0 0.0544043
0 0.0512902
0 0.0483969
0 0.045704
0 0.0431937
0 0.0408503
0 0.0386598
0 0.0366097
0 0.0346889
0 0.0328873
0 0.031196
0 0.0296068
0 0.0281121
0 0.0267053
0 0.0253801
0 0.0241308
0 0.0229524
0 0.0218401
0 0.0207894
0 0.0197964
0 0.0188574
0 0.0179689
0 0.0171277
0 0.0163309
0 0.0155759
0 0.01486
0 0.014181
0 0.0135366
0 0.0129248
0 0.0123437
0 0.0117916
0 0.0112668
0 0.0107677
0 0.010293
0 0.00984131
0 0.00941133
0 0.00900189
0 0.00861189
0 0.00824029
0 0.00788612
0 0.00754845
0 0.00722644
0 0.00691925
0 0.00662615
0 0.00634639
0 0.00607932
0 0.00582428
0 0.00558069
0 0.00534796
0 0.00512557
0 0.004913
0 0.00470978
0 0.00451545
0 0.00432959
0 0.00415179
0 0.00398167
0 0.00381886
0 0.00366302
0 0.00351382
0 0.00337095
0 0.00323412
0 0.00310305
0 0.00297747
0 0.00285713
0 0.0027418
0 0.00263125
0 0.00252526
0 0.00242362
0 0.00232614
0 0.00223264
0 0.00214294
0 0.00205687
0 0.00197426
0 0.00189498
0 0.00181886
0 0.00174578
0 0.0016756
0 0.0016082
0 0.00154345
0 0.00148123
0 0.00142145
0 0.001364
0 0.00130877
0 0.00125567
0 0.00120461
0 0.0011555
0 0.00110826
0 0.00106282
0 0.00101908
0 0.000976989
0 0.000936468
0 0.000897451
0 0.000859876
0 0.000823682
0 0.000788809
0 0.000755203
0 0.000722809
0 0.000691577
0 0.000661457
0 0.000632402
0 0.000604366
0 0.000577308
0 0.000551184
0 0.000525955
0 0.000501583
0 0.000478032
0 0.000455265
0 0.000433248
0 0.000411951
0 0.00039134
0 0.000371386
0 0.000352061
0 0.000333335
0 0.000315183
0 0.000297579
0 0.000280497
0 0.000263915
0 0.000247808
0 0.000232155
0 0.000216935
0 0.000202126
0 0.000187709
0 0.000173665
0 0.000159975
0 0.00014662
0 0.000133585
0 0.000120851
0 0.000108403
0 9.62254e-05
0 8.43021e-05
0 7.26187e-05
0 6.11609e-05
0 4.99147e-05
0 3.88667e-05
0 2.80037e-05
0 1.73129e-05
0 6.78186e-06
0 3.05203e-09
0 3.05203e-09
0 3.05203e-09
0 3.05203e-09
0 3.05203e-09
0 3.05203e-09
0 3.05203e-09
0 3.05203e-09
0 3.05203e-09
0 3.05203e-09
0 3.05203e-09
0 3.05203e-09
0 3.05203e-09
0 3.05203e-09
0 3.05203e-09
0 3.05203e-09
0 3.05203e-09
0 3.05203e-09
0 3.05203e-09
0 3.05203e-09
0 3.05203e-09
0 3.05203e-09
0 3.05203e-09
0 3.05203e-09
0 3.05203e-09
0 3.05203e-09
0 3.05203e-09
0 3.05203e-09
0 3.05203e-09
0 3.05203e-09
0 3.05203e-09
0 3.05203e-09
0 3.05203e-09
0 3.05203e-09
0 3.05203e-09
0 3.05203e-09
0 3.05203e-09
0 3.05203e-09
0 3.05203e-09
0 3.05203e-09
0 3.05203e-09
0 3.05203e-09
0 3.05203e-09
0 3.05203e-09
0 3.05203e-09
0 3.05203e-09
0 3.05203e-09
0 3.05203e-09
0 3.05203e-09
0 3.05203e-09
0 3.05203e-09
0 3.05203e-09
0 3.05203e-09
0 3.05203e-09
0 3.05203e-09
0 3.05203e-09
0 3.05203e-09
0 3.05203e-09
0 3.05203e-09
0 3.05203e-09
0 3.05203e-09
0 3.05203e-09
0 3.05203e-09
0 3.05203e-09
0 3.05203e-09
0 3.05203e-09
0 3.05203e-09
0 3.05203e-09
0 3.05203e-09
0 3.05203e-09
0 3.05203e-09
0 3.05203e-09
0 3.05203e-09
0 3.05203e-09
0 3.05203e-09
0 3.05203e-09
0 3.05203e-09
0 3.05203e-09
0 3.05203e-09
0 3.05203e-09
0 3.05203e-09
0 3.05203e-09
0 3.05203e-09
0 3.05203e-09
0 3.05203e-09
0 3.05203e-09
0 3.05203e-09
0 3.05203e-09
0 3.05203e-09
0 3.05203e-09
0 3.05203e-09
0 3.05203e-09
0 3.05203e-09
0 3.05203e-09
0 3.05203e-09
0 3.05203e-09
0 3.05203e-09
0 3.05203e-09
0 3.05203e-09
0 3.05203e-09
0 3.05203e-09
0 3.05203e-09
0 3.05203e-09
0 3.05203e-09
0 3.05203e-09
0 3.05203e-09
0 3.05203e-09
0 3.05203e-09
0 3.05203e-09
0 3.05203e-09
0 3.05203e-09
0 3.05203e-09
0 3.05203e-09
0 3.05203e-09
0 3.05203e-09
0 3.05203e-09
0 3.05203e-09
0 3.05203e-09
0 3.05203e-09
0 3.05203e-09
0 3.05203e-09
0 3.05203e-09
0 3.05203e-09
0 3.05203e-09
0 3.05203e-09
0 3.05203e-09
0 3.05203e-09
0 3.05203e-09
0 3.05203e-09
0 3.05203e-09
0 3.05203e-09
0 3.05203e-09
0 3.05203e-09
0 3.05203e-09
0 3.05203e-09
0 3.05203e-09
0 3.05203e-09
0 3.05203e-09
0 3.05203e-09
0 3.05203e-09
0 3.05203e-09
0 3.05203e-09
0 3.05203e-09
0 3.05203e-09
0 3.05203e-09
0 3.05203e-09
0 3.05203e-09
0 3.05203e-09
0 3.05203e-09
0 3.05203e-09
0 3.05203e-09
0 3.05203e-09
0 3.05203e-09
0 3.05203e-09
0 3.05203e-09
0 3.05203e-09
0 3.05203e-09
0 3.05203e-09
0 3.05203e-09
0 3.05203e-09
0 3.05203e-09
0 3.05203e-09
0 3.05203e-09
0 3.05203e-09
0 3.05203e-09
0 3.05203e-09
0 3.05203e-09
0 3.05203e-09
0 3.05203e-09
0 3.05203e-09
0 3.05203e-09
0 3.05203e-09
0 3.05203e-09
0 3.05203e-09
0 3.05203e-09
0 3.05203e-09
0 3.05203e-09
0 3.05203e-09
0 3.05203e-09
0 3.05203e-09
0 3.05203e-09
0 3.05203e-09
0 3.05203e-09
0 3.05203e-09
0 3.05203e-09
0 3.05203e-09
0 3.05203e-09
0 3.05203e-09
0 3.05203e-09
0 3.05203e-09
0 3.05203e-09
0 3.05203e-09
0 3.05203e-09
0 3.05203e-09
0 3.05203e-09
0 3.05203e-09
0 3.05203e-09
0 3.05203e-09
0 3.05203e-09
0 3.05203e-09
0 3.05203e-09
0 3.05203e-09
0 3.05203e-09
0 3.05203e-09
0 3.05203e-09
0 3.05203e-09
0 3.05203e-09
0 3.05203e-09
0 3.05203e-09
0 3.05203e-09
0 3.05203e-09
0 3.05203e-09
0 3.05203e-09
0 3.05203e-09
0 3.05203e-09
0 3.05203e-09
0 3.05203e-09
0 3.05203e-09
0 3.05203e-09
0 3.05203e-09
0 3.05203e-09
0 3.05203e-09
0 3.05203e-09
0 3.05203e-09
0 3.05203e-09
0 3.05203e-09
0 3.05203e-09
0 3.05203e-09
0 3.05203e-09
0 3.05203e-09
0 3.05203e-09
0 3.05203e-09
0 3.05203e-09
0 3.05203e-09
0 3.05203e-09
0 3.05203e-09
0 3.05203e-09
0 3.05203e-09
0 3.05203e-09
0 3.05203e-09
0 3.05203e-09
0 3.05203e-09
0 3.05203e-09
0 3.05203e-09
0 3.05203e-09
0 3.05203e-09
0 3.05203e-09
0 3.05203e-09
0 3.05203e-09
0 3.05203e-09
0 3.05203e-09
0 3.05203e-09
0 3.05203e-09
0 3.05203e-09
0 3.05203e-09
0 3.05203e-09
0 3.05203e-09
0 3.05203e-09
0 3.05203e-09
0 3.05203e-09
0 3.05203e-09
0 3.05203e-09
0 3.05203e-09
0 3.05203e-09
0 3.05203e-09
0 3.05203e-09
0 3.05203e-09
0 3.05203e-09
0 3.05203e-09
0 3.05203e-09
0 3.05203e-09
0 3.05203e-09
0 3.05203e-09
0 3.05203e-09
0 3.05203e-09
0 3.05203e-09
0 3.05203e-09
0 3.05203e-09
0 3.05203e-09
0 3.05203e-09
0 3.05203e-09
0 3.05203e-09
0 3.05203e-09
0 3.05203e-09
0 3.05203e-09
0 3.05203e-09
0 3.05203e-09
0 3.05203e-09
0 3.05203e-09
0 3.05203e-09
0 3.05203e-09
0 3.05203e-09
0 3.05203e-09
0 3.05203e-09
0 3.05203e-09
0 3.05203e-09
0 3.05203e-09
0 3.05203e-09
0 3.05203e-09
0 3.05203e-09
0 3.05203e-09
0 3.05203e-09
0 3.05203e-09
0 3.05203e-09
0 3.05203e-09
0 3.05203e-09
0 3.05203e-09
0 3.05203e-09
0 3.05203e-09
0 3.05203e-09
0 3.05203e-09
0 3.05203e-09
0 3.05203e-09
0 3.05203e-09
0 3.05203e-09
0 3.05203e-09
0 3.05203e-09
0 3.05203e-09
0 3.05203e-09
0 3.05203e-09
0 3.05203e-09
0 3.05203e-09
0 3.05203e-09
0 3.05203e-09
0 3.05203e-09
0 3.05203e-09
0 3.05203e-09
0 3.05203e-09
0 3.05203e-09
0 3.05203e-09
0 3.05203e-09
0 3.05203e-09
0 3.05203e-09
0 3.05203e-09
0 3.05203e-09
0 3.05203e-09
0 3.05203e-09
0 3.05203e-09
0 3.05203e-09
0 3.05203e-09
0 3.05203e-09
0 3.05203e-09
0 3.05203e-09
0 3.05203e-09
0 3.05203e-09
0 3.05203e-09
0 3.05203e-09
0 3.05203e-09
0 3.05203e-09
0 3.05203e-09
0 3.05203e-09
0 3.05203e-09
0 3.05203e-09
0 3.05203e-09
0 3.05203e-09
0 3.05203e-09
0 3.05203e-09
0 3.05203e-09
0 3.05203e-09
0 3.05203e-09
0 3.05203e-09
0 3.05203e-09
0 3.05203e-09
0 3.05203e-09
0 3.05203e-09
0 3.05203e-09
0 3.05203e-09
0 3.05203e-09
0 3.05203e-09
0 3.05203e-09
0 3.05203e-09
0 3.05203e-09
0 3.05203e-09
0 3.05203e-09
0 3.05203e-09
0 3.05203e-09
0 3.05203e-09
0 3.05203e-09
0 3.05203e-09
0 3.05203e-09
0 3.05203e-09
0 3.05203e-09
0 3.05203e-09
0 3.05203e-09
0 3.05203e-09
0 3.05203e-09
0 3.05203e-09
0 3.05203e-09
0 3.05203e-09
0 3.05203e-09
0 3.05203e-09
0 3.05203e-09
0 3.05203e-09
0 3.05203e-09
0 3.05203e-09
0 3.05203e-09
0 3.05203e-09
0 3.05203e-09
0 3.05203e-09
0 3.05203e-09
0 3.05203e-09
0 3.05203e-09
0 3.05203e-09
0 3.05203e-09
0 3.05203e-09
0 3.05203e-09
0 3.05203e-09
0 3.05203e-09
0 3.05203e-09
0 3.05203e-09
0 3.05203e-09
0 3.05203e-09
0 3.05203e-09
0 3.05203e-09
0 3.05203e-09
0 3.05203e-09
0 3.05203e-09
0 3.05203e-09
0 3.05203e-09
0 3.05203e-09
0 3.05203e-09
0 3.05203e-09
0 3.05203e-09
0 3.05203e-09
0 3.05203e-09
0 3.05203e-09
0 3.05203e-09
0 3.05203e-09
0 3.05203e-09
0 3.05203e-09
0 3.05203e-09
0 3.05203e-09
0 3.05203e-09
0 3.05203e-09
0 3.05203e-09
0 3.05203e-09
0 3.05203e-09
0 3.05203e-09
0 3.05203e-09
0 3.05203e-09
0 3.05203e-09
0 3.05203e-09
0 3.05203e-09
0 3.05203e-09
0 3.05203e-09
0 3.05203e-09
0 3.05203e-09
0 3.05203e-09
0 3.05203e-09
0 3.05203e-09
0 3.05203e-09
0 3.05203e-09
0 3.05203e-09
0 3.05203e-09
0 3.05203e-09
0 3.05203e-09
0 3.05203e-09
0 3.05203e-09
0 3.05203e-09
0 3.05203e-09
0 3.05203e-09
0 3.05203e-09
0 3.05203e-09
0 3.05203e-09
0 3.05203e-09
0 3.05203e-09
0 3.05203e-09
0 3.05203e-09
0 3.05203e-09
0 3.05203e-09
0 3.05203e-09
0 3.05203e-09
0 3.05203e-09
0 3.05203e-09
0 3.05203e-09
0 3.05203e-09
0 3.05203e-09
0 3.05203e-09
0 3.05203e-09
0 3.05203e-09
0 3.05203e-09
0 3.05203e-09
0 3.05203e-09
0 3.05203e-09
0 3.05203e-09
0 3.05203e-09
0 3.05203e-09
0 3.05203e-09
0 3.05203e-09
0 3.05203e-09
0 3.05203e-09
0 3.05203e-09
0 3.05203e-09
0 3.05203e-09
0 3.05203e-09
0 3.05203e-09
0 3.05203e-09
0 3.05203e-09
0 3.05203e-09
0 3.05203e-09
0 3.05203e-09
0 3.05203e-09
0 3.05203e-09
0 3.05203e-09
0 3.05203e-09
0 3.05203e-09
0 3.05203e-09
0 3.05203e-09
0 3.05203e-09
0 3.05203e-09
0 3.05203e-09
0 3.05203e-09
0 3.05203e-09
0 3.05203e-09
0 3.05203e-09
0 3.05203e-09
0 3.05203e-09
0 3.05203e-09
0 3.05203e-09
0 3.05203e-09
0 3.05203e-09
0 3.05203e-09
0 3.05203e-09
0 3.05203e-09
0 3.05203e-09
0 3.05203e-09
0 3.05203e-09
0 3.05203e-09
0 3.05203e-09
0 3.05203e-09
0 3.05203e-09
0 3.05203e-09
0 3.05203e-09
0 3.05203e-09
0 3.05203e-09
0 3.05203e-09
0 3.05203e-09
0 3.05203e-09
0 3.05203e-09
0 3.05203e-09
0 3.05203e-09
0 3.05203e-09
0 3.05203e-09
0 3.05203e-09
0 3.05203e-09
0 3.05203e-09
0 3.05203e-09
0 3.05203e-09
0 3.05203e-09
0 3.05203e-09
0 3.05203e-09
0 3.05203e-09
0 3.05203e-09
0 3.05203e-09
0 3.05203e-09
0 3.05203e-09
0 3.05203e-09
0 3.05203e-09
0 3.05203e-09
0 3.05203e-09
0 3.05203e-09
0 3.05203e-09
0 3.05203e-09
0 3.05203e-09
0 3.05203e-09
0 3.05203e-09
0 3.05203e-09
0 3.05203e-09
0 3.05203e-09
0 3.05203e-09
0 3.05203e-09
0 3.05203e-09
0 3.05203e-09
0 3.05203e-09
0 3.05203e-09
0 3.05203e-09
0 3.05203e-09
0 3.05203e-09
0 3.05203e-09
0 3.05203e-09
0 3.05203e-09
0 3.05203e-09
0 3.05203e-09
0 3.05203e-09
0 3.05203e-09
0 3.05203e-09
0 3.05203e-09
0 3.05203e-09
0 3.05203e-09
0 3.05203e-09
0 3.05203e-09
0 3.05203e-09
0 3.05203e-09
0 3.05203e-09
0 3.05203e-09
0 3.05203e-09
0 3.05203e-09
0 3.05203e-09
0 3.05203e-09
0 3.05203e-09
0 3.05203e-09
0 3.05203e-09
0 3.05203e-09
0 3.05203e-09
0 3.05203e-09
0 3.05203e-09
0 3.05203e-09
0 3.05203e-09
0 3.05203e-09
0 3.05203e-09
0 3.05203e-09
0 3.05203e-09
0 3.05203e-09
0 3.05203e-09
0 3.05203e-09
0 3.05203e-09
0 3.05203e-09
0 3.05203e-09
0 3.05203e-09
0 3.05203e-09
0 3.05203e-09
0 3.05203e-09
0 3.05203e-09
0 3.05203e-09
0 3.05203e-09
0 3.05203e-09
0 3.05203e-09
0 3.05203e-09
0 3.05203e-09
0 3.05203e-09
0 3.05203e-09
0 3.05203e-09
0 3.05203e-09
0 3.05203e-09
0 3.05203e-09
0 3.05203e-09
0 3.05203e-09
0 3.05203e-09
0 3.05203e-09
0 3.05203e-09
0 3.05203e-09
0 3.05203e-09
0 3.05203e-09
0 3.05203e-09
0 3.05203e-09
0 3.05203e-09
0 3.05203e-09
0 3.05203e-09
0 3.05203e-09
0 3.05203e-09
0 3.05203e-09
0 3.05203e-09
0 3.05203e-09
0 3.05203e-09
0 3.05203e-09
0 3.05203e-09
0 3.05203e-09
0 3.05203e-09
0 3.05203e-09
0 3.05203e-09
0 3.05203e-09
0 3.05203e-09
0 3.05203e-09
0 3.05203e-09
0 3.05203e-09
0 3.05203e-09
0 3.05203e-09
0 3.05203e-09
0 3.05203e-09
0 3.05203e-09
0 3.05203e-09
0 3.05203e-09
0 3.05203e-09
0 3.05203e-09
0 3.05203e-09
0 3.05203e-09
0 3.05203e-09
0 3.05203e-09
0 3.05203e-09
0 3.05203e-09
0 3.05203e-09
0 3.05203e-09
0 3.05203e-09
0 3.05203e-09
0 3.05203e-09
0 3.05203e-09
0 3.05203e-09
0 3.05203e-09
0 3.05203e-09
0 3.05203e-09
0 3.05203e-09
0 3.05203e-09
0 3.05203e-09
0 3.05203e-09
0 3.05203e-09
0 3.05203e-09
0 3.05203e-09
0 3.05203e-09
0 3.05203e-09
0 3.05203e-09
0 3.05203e-09
0 3.05203e-09
0 3.05203e-09
0 3.05203e-09
0 3.05203e-09
0 3.05203e-09
0 3.05203e-09
0 3.05203e-09
0 3.05203e-09
0 3.05203e-09
0 3.05203e-09
0 3.05203e-09
0 3.05203e-09
0 3.05203e-09
0 3.05203e-09
0 3.05203e-09
0 3.05203e-09
0 3.05203e-09
0 3.05203e-09
0 3.05203e-09
0 3.05203e-09
0 3.05203e-09
0 3.05203e-09
0 3.05203e-09
0 3.05203e-09
0 3.05203e-09
0 3.05203e-09
0 3.05203e-09
0 3.05203e-09
0 3.05203e-09
0 3.05203e-09
0 3.05203e-09
0 3.05203e-09
0 3.05203e-09
0 3.05203e-09
0 3.05203e-09
0 3.05203e-09
0 3.05203e-09
0 3.05203e-09
0 3.05203e-09
0 3.05203e-09
0 3.05203e-09
0 3.05203e-09
0 3.05203e-09
0 3.05203e-09
0 3.05203e-09
0 3.05203e-09
0 3.05203e-09
0 3.05203e-09
0 3.05203e-09
0 3.05203e-09
0 3.05203e-09
0 3.05203e-09
0 3.05203e-09
0 3.05203e-09
0 3.05203e-09
0 3.05203e-09
0 3.05203e-09
0 3.05203e-09
0 3.05203e-09
0 3.05203e-09
0 3.05203e-09
0 3.05203e-09
0 3.05203e-09
0 3.05203e-09
0 3.05203e-09
0 3.05203e-09
0 3.05203e-09
0 3.05203e-09
0 3.05203e-09
0 3.05203e-09
0 3.05203e-09
0 3.05203e-09
0 3.05203e-09
0 3.05203e-09
0 3.05203e-09
0 3.05203e-09
0 3.05203e-09
0 3.05203e-09
0 3.05203e-09
0 3.05203e-09
0 3.05203e-09
0 3.05203e-09
0 3.05203e-09
0 3.05203e-09
0 3.05203e-09
0 3.05203e-09
0 3.05203e-09
0 3.05203e-09
0 3.05203e-09
0 3.05203e-09
0 3.05203e-09
0 3.05203e-09
0 3.05203e-09
0 3.05203e-09
0 3.05203e-09
0 3.05203e-09
0 3.05203e-09
0 3.05203e-09
0 3.05203e-09
0 3.05203e-09
0 3.05203e-09
0 3.05203e-09
0 3.05203e-09
0 3.05203e-09
0 3.05203e-09
0 3.05203e-09
0 3.05203e-09
0 3.05203e-09
0 3.05203e-09
0 3.05203e-09
0 3.05203e-09
0 3.05203e-09
0 3.05203e-09
0 3.05203e-09
0 3.05203e-09
0 3.05203e-09
0 3.05203e-09
0 3.05203e-09
0 3.05203e-09
0 3.05203e-09
0 3.05203e-09
0 3.05203e-09
0 3.05203e-09
0 3.05203e-09
0 3.05203e-09
0 3.05203e-09
0 3.05203e-09
0 3.05203e-09
0 3.05203e-09
0 3.05203e-09
0 3.05203e-09
0 3.05203e-09
0 3.05203e-09
0 3.05203e-09
0 3.05203e-09
0 3.05203e-09
0 3.05203e-09
0 3.05203e-09
0 3.05203e-09
0 3.05203e-09
0 3.05203e-09
0 3.05203e-09
0 3.05203e-09
0 3.05203e-09

