0 0.321266
0 0.246147
0 0.199188
0 0.172289
0 0.153414
0 0.138745
0 0.126691
0 0.116443
0 0.107535
0 0.0996715
0 0.0926519
0 0.0863325
0 0.0806061
0 0.0753896
0 0.0706175
0 0.0662364
0 0.062202
0 0.0584774
0 0.055031
0 0.0518356
0 0.0488678
0 0.0461067
0 0.0435344
0 0.0411346
0 0.038893
0 0.0367968
0 0.0348344
0 0.0329955
0 0.0312706
0 0.0296513
0 0.0281297
0 0.0266989
0 0.0253523
0 0.0240842
0 0.022889
0 0.0217618
0 0.0206981
0 0.0196937
0 0.0187448
0 0.0178477
0 0.0169991
0 0.016196
0 0.0154356
0 0.0147153
0 0.0140326
0 0.0133853
0 0.0127712
0 0.0121884
0 0.0116351
0 0.0111096
0 0.0106102
0 0.0101356
0 0.00968431
0 0.00925503
0 0.00884657
0 0.00845778
0 0.00808759
0 0.00773502
0 0.00739911
0 0.00707899
0 0.00677383
0 0.00648284
0 0.0062053
0 0.00594051
0 0.00568782
0 0.00544662
0 0.00521634
0 0.00499641
0 0.00478634
0 0.00458562
0 0.00439382
0 0.00421047
0 0.00403519
0 0.00386757
0 0.00370726
0 0.0035539
0 0.00340715
0 0.00326672
0 0.0031323
0 0.00300361
0 0.00288038
0 0.00276237
0 0.00264932
0 0.00254102
0 0.00243724
0 0.00233778
0 0.00224244
0 0.00215103
0 0.00206339
0 0.00197934
0 0.00189871
0 0.00182137
0 0.00174715
0 0.00167593
0 0.00160757
0 0.00154194
0 0.00147892
0 0.00141841
0 0.00136029
0 0.00130445
0 0.0012508
0 0.00119924
0 0.00114969
0 0.00110205
0 0.00105624
0 0.00101218
0 0.000969805
0 0.000929033
0 0.000889798
0 0.000852033
0 0.000815677
0 0.000780667
0 0.000746947
0 0.00071446
0 0.000683155
0 0.00065298
0 0.000623887
0 0.000595829
0 0.000568761
0 0.000542642
0 0.000517428
0 0.000493083
0 0.000469566
0 0.000446844
0 0.000424879
0 0.00040364
0 0.000383094
0 0.00036321
0 0.000343958
0 0.000325311
0 0.000307241
0 0.000289721
0 0.000272726
0 0.000256231
0 0.000240214
0 0.000224651
0 0.00020952
0 0.000194802
0 0.000180474
0 0.000166519
0 0.000152915
0 0.000139647
0 0.000126695
0 0.000114043
0 0.000101674
0 8.9572e-05
0 7.77218e-05
0 6.61082e-05
0 5.47166e-05
0 4.35328e-05
0 3.25432e-05
0 2.17343e-05
0 1.10932e-05
0 6.07168e-07
0 3.21266e-09
0 3.21266e-09
0 3.21266e-09
0 3.21266e-09
0 3.21266e-09
0 3.21266e-09
0 3.21266e-09
0 3.21266e-09
0 3.21266e-09
0 3.21266e-09
0 3.21266e-09
0 3.21266e-09
0 3.21266e-09
0 3.21266e-09
0 3.21266e-09
0 3.21266e-09
0 3.21266e-09
0 3.21266e-09
0 3.21266e-09
0 3.21266e-09
0 3.21266e-09
0 3.21266e-09
0 3.21266e-09
0 3.21266e-09
0 3.21266e-09
0 3.21266e-09
0 3.21266e-09
0 3.21266e-09
0 3.21266e-09
0 3.21266e-09
0 3.21266e-09
0 3.21266e-09
0 3.21266e-09
0 3.21266e-09
0 3.21266e-09
0 3.21266e-09
0 3.21266e-09
0 3.21266e-09
0 3.21266e-09
0 3.21266e-09
0 3.21266e-09
0 3.21266e-09
0 3.21266e-09
0 3.21266e-09
0 3.21266e-09
0 3.21266e-09
0 3.21266e-09
0 3.21266e-09
0 3.21266e-09
0 3.21266e-09
0 3.21266e-09
0 3.21266e-09
0 3.21266e-09
0 3.21266e-09
0 3.21266e-09
0 3.21266e-09
0 3.21266e-09
0 3.21266e-09
0 3.21266e-09
0 3.21266e-09
0 3.21266e-09
0 3.21266e-09
0 3.21266e-09
0 3.21266e-09
0 3.21266e-09
0 3.21266e-09
0 3.21266e-09
0 3.21266e-09
0 3.21266e-09
0 3.21266e-09
0 3.21266e-09
0 3.21266e-09
0 3.21266e-09
0 3.21266e-09
0 3.21266e-09
0 3.21266e-09
0 3.21266e-09
0 3.21266e-09
0 3.21266e-09
0 3.21266e-09
0 3.21266e-09
0 3.21266e-09
0 3.21266e-09
0 3.21266e-09
0 3.21266e-09
0 3.21266e-09
0 3.21266e-09
0 3.21266e-09
0 3.21266e-09
0 3.21266e-09
0 3.21266e-09
0 3.21266e-09
0 3.21266e-09
0 3.21266e-09
0 3.21266e-09
0 3.21266e-09
0 3.21266e-09
0 3.21266e-09
0 3.21266e-09
0 3.21266e-09
0 3.21266e-09
0 3.21266e-09
0 3.21266e-09
0 3.21266e-09
0 3.21266e-09
0 3.21266e-09
0 3.21266e-09
0 3.21266e-09
0 3.21266e-09
0 3.21266e-09
0 3.21266e-09
0 3.21266e-09
0 3.21266e-09
0 3.21266e-09
0 3.21266e-09
0 3.21266e-09
0 3.21266e-09
0 3.21266e-09
0 3.21266e-09
0 3.21266e-09
0 3.21266e-09
0 3.21266e-09
0 3.21266e-09
0 3.21266e-09
0 3.21266e-09
0 3.21266e-09
0 3.21266e-09
0 3.21266e-09
0 3.21266e-09
0 3.21266e-09
0 3.21266e-09
0 3.21266e-09
0 3.21266e-09
0 3.21266e-09
0 3.21266e-09
0 3.21266e-09
0 3.21266e-09
0 3.21266e-09
0 3.21266e-09
0 3.21266e-09
0 3.21266e-09
0 3.21266e-09
0 3.21266e-09
0 3.21266e-09
0 3.21266e-09
0 3.21266e-09
0 3.21266e-09
0 3.21266e-09
0 3.21266e-09
0 3.21266e-09
0 3.21266e-09
0 3.21266e-09
0 3.21266e-09
0 3.21266e-09
0 3.21266e-09
0 3.21266e-09
0 3.21266e-09
0 3.21266e-09
0 3.21266e-09
0 3.21266e-09
0 3.21266e-09
0 3.21266e-09
0 3.21266e-09
0 3.21266e-09
0 3.21266e-09
0 3.21266e-09
0 3.21266e-09
0 3.21266e-09
0 3.21266e-09
0 3.21266e-09
0 3.21266e-09
0 3.21266e-09
0 3.21266e-09
0 3.21266e-09
0 3.21266e-09
0 3.21266e-09
0 3.21266e-09
0 3.21266e-09
0 3.21266e-09
0 3.21266e-09
0 3.21266e-09
0 3.21266e-09
0 3.21266e-09
0 3.21266e-09
0 3.21266e-09
0 3.21266e-09
0 3.21266e-09
0 3.21266e-09
0 3.21266e-09
0 3.21266e-09
0 3.21266e-09
0 3.21266e-09
0 3.21266e-09
0 3.21266e-09
0 3.21266e-09
0 3.21266e-09
0 3.21266e-09
0 3.21266e-09
0 3.21266e-09
0 3.21266e-09
0 3.21266e-09
0 3.21266e-09
0 3.21266e-09
0 3.21266e-09
0 3.21266e-09
0 3.21266e-09
0 3.21266e-09
0 3.21266e-09
0 3.21266e-09
0 3.21266e-09
0 3.21266e-09
0 3.21266e-09
0 3.21266e-09
0 3.21266e-09
0 3.21266e-09
0 3.21266e-09
0 3.21266e-09
0 3.21266e-09
0 3.21266e-09
0 3.21266e-09
0 3.21266e-09
0 3.21266e-09
0 3.21266e-09
0 3.21266e-09
0 3.21266e-09
0 3.21266e-09
0 3.21266e-09
0 3.21266e-09
0 3.21266e-09
0 3.21266e-09
0 3.21266e-09
0 3.21266e-09
0 3.21266e-09
0 3.21266e-09
0 3.21266e-09
0 3.21266e-09
0 3.21266e-09
0 3.21266e-09
0 3.21266e-09
0 3.21266e-09
0 3.21266e-09
0 3.21266e-09
0 3.21266e-09
0 3.21266e-09
0 3.21266e-09
0 3.21266e-09
0 3.21266e-09
0 3.21266e-09
0 3.21266e-09
0 3.21266e-09
0 3.21266e-09
0 3.21266e-09
0 3.21266e-09
0 3.21266e-09
0 3.21266e-09
0 3.21266e-09
0 3.21266e-09
0 3.21266e-09
0 3.21266e-09
0 3.21266e-09
0 3.21266e-09
0 3.21266e-09
0 3.21266e-09
0 3.21266e-09
0 3.21266e-09
0 3.21266e-09
0 3.21266e-09
0 3.21266e-09
0 3.21266e-09
0 3.21266e-09
0 3.21266e-09
0 3.21266e-09
0 3.21266e-09
0 3.21266e-09
0 3.21266e-09
0 3.21266e-09
0 3.21266e-09
0 3.21266e-09
0 3.21266e-09
0 3.21266e-09
0 3.21266e-09
0 3.21266e-09
0 3.21266e-09
0 3.21266e-09
0 3.21266e-09
0 3.21266e-09
0 3.21266e-09
0 3.21266e-09
0 3.21266e-09
0 3.21266e-09
0 3.21266e-09
0 3.21266e-09
0 3.21266e-09
0 3.21266e-09
0 3.21266e-09
0 3.21266e-09
0 3.21266e-09
0 3.21266e-09
0 3.21266e-09
0 3.21266e-09
0 3.21266e-09
0 3.21266e-09
0 3.21266e-09
0 3.21266e-09
0 3.21266e-09
0 3.21266e-09
0 3.21266e-09
0 3.21266e-09
0 3.21266e-09
0 3.21266e-09
0 3.21266e-09
0 3.21266e-09
0 3.21266e-09
0 3.21266e-09
0 3.21266e-09
0 3.21266e-09
0 3.21266e-09
0 3.21266e-09
0 3.21266e-09
0 3.21266e-09
0 3.21266e-09
0 3.21266e-09
0 3.21266e-09
0 3.21266e-09
0 3.21266e-09
0 3.21266e-09
0 3.21266e-09
0 3.21266e-09
0 3.21266e-09
0 3.21266e-09
0 3.21266e-09
0 3.21266e-09
0 3.21266e-09
0 3.21266e-09
0 3.21266e-09
0 3.21266e-09
0 3.21266e-09
0 3.21266e-09
0 3.21266e-09
0 3.21266e-09
0 3.21266e-09
0 3.21266e-09
0 3.21266e-09
0 3.21266e-09
0 3.21266e-09
0 3.21266e-09
0 3.21266e-09
0 3.21266e-09
0 3.21266e-09
0 3.21266e-09
0 3.21266e-09
0 3.21266e-09
0 3.21266e-09
0 3.21266e-09
0 3.21266e-09
0 3.21266e-09
0 3.21266e-09
0 3.21266e-09
0 3.21266e-09
0 3.21266e-09
0 3.21266e-09
0 3.21266e-09
0 3.21266e-09
0 3.21266e-09
0 3.21266e-09
0 3.21266e-09
0 3.21266e-09
0 3.21266e-09
0 3.21266e-09
0 3.21266e-09
0 3.21266e-09
0 3.21266e-09
0 3.21266e-09
0 3.21266e-09
0 3.21266e-09
0 3.21266e-09
0 3.21266e-09
0 3.21266e-09
0 3.21266e-09
0 3.21266e-09
0 3.21266e-09
0 3.21266e-09
0 3.21266e-09
0 3.21266e-09
0 3.21266e-09
0 3.21266e-09
0 3.21266e-09
0 3.21266e-09
0 3.21266e-09
0 3.21266e-09
0 3.21266e-09
0 3.21266e-09
0 3.21266e-09
0 3.21266e-09
0 3.21266e-09
0 3.21266e-09
0 3.21266e-09
0 3.21266e-09
0 3.21266e-09
0 3.21266e-09
0 3.21266e-09
0 3.21266e-09
0 3.21266e-09
0 3.21266e-09
0 3.21266e-09
0 3.21266e-09
0 3.21266e-09
0 3.21266e-09
0 3.21266e-09
0 3.21266e-09
0 3.21266e-09
0 3.21266e-09
0 3.21266e-09
0 3.21266e-09
0 3.21266e-09
0 3.21266e-09
0 3.21266e-09
0 3.21266e-09
0 3.21266e-09
0 3.21266e-09
0 3.21266e-09
0 3.21266e-09
0 3.21266e-09
0 3.21266e-09
0 3.21266e-09
0 3.21266e-09
0 3.21266e-09
0 3.21266e-09
0 3.21266e-09
0 3.21266e-09
0 3.21266e-09
0 3.21266e-09
0 3.21266e-09
0 3.21266e-09
0 3.21266e-09
0 3.21266e-09
0 3.21266e-09
0 3.21266e-09
0 3.21266e-09
0 3.21266e-09
0 3.21266e-09
0 3.21266e-09
0 3.21266e-09
0 3.21266e-09
0 3.21266e-09
0 3.21266e-09
0 3.21266e-09
0 3.21266e-09
0 3.21266e-09
0 3.21266e-09
0 3.21266e-09
0 3.21266e-09
0 3.21266e-09
0 3.21266e-09
0 3.21266e-09
0 3.21266e-09
0 3.21266e-09
0 3.21266e-09
0 3.21266e-09
0 3.21266e-09
0 3.21266e-09
0 3.21266e-09
0 3.21266e-09
0 3.21266e-09
0 3.21266e-09
0 3.21266e-09
0 3.21266e-09
0 3.21266e-09
0 3.21266e-09
0 3.21266e-09
0 3.21266e-09
0 3.21266e-09
0 3.21266e-09
0 3.21266e-09
0 3.21266e-09
0 3.21266e-09
0 3.21266e-09
0 3.21266e-09
0 3.21266e-09
0 3.21266e-09
0 3.21266e-09
0 3.21266e-09
0 3.21266e-09
0 3.21266e-09
0 3.21266e-09
0 3.21266e-09
0 3.21266e-09
0 3.21266e-09
0 3.21266e-09
0 3.21266e-09
0 3.21266e-09
0 3.21266e-09
0 3.21266e-09
0 3.21266e-09
0 3.21266e-09
0 3.21266e-09
0 3.21266e-09
0 3.21266e-09
0 3.21266e-09
0 3.21266e-09
0 3.21266e-09
0 3.21266e-09
0 3.21266e-09
0 3.21266e-09
0 3.21266e-09
0 3.21266e-09
0 3.21266e-09
0 3.21266e-09
0 3.21266e-09
0 3.21266e-09
0 3.21266e-09
0 3.21266e-09
0 3.21266e-09
0 3.21266e-09
0 3.21266e-09
0 3.21266e-09
0 3.21266e-09
0 3.21266e-09
0 3.21266e-09
0 3.21266e-09
0 3.21266e-09
0 3.21266e-09
0 3.21266e-09
0 3.21266e-09
0 3.21266e-09
0 3.21266e-09
0 3.21266e-09
0 3.21266e-09
0 3.21266e-09
0 3.21266e-09
0 3.21266e-09
0 3.21266e-09
0 3.21266e-09
0 3.21266e-09
0 3.21266e-09
0 3.21266e-09
0 3.21266e-09
0 3.21266e-09
0 3.21266e-09
0 3.21266e-09
0 3.21266e-09
0 3.21266e-09
0 3.21266e-09
0 3.21266e-09
0 3.21266e-09
0 3.21266e-09
0 3.21266e-09
0 3.21266e-09
0 3.21266e-09
0 3.21266e-09
0 3.21266e-09
0 3.21266e-09
0 3.21266e-09
0 3.21266e-09
0 3.21266e-09
0 3.21266e-09
0 3.21266e-09
0 3.21266e-09
0 3.21266e-09
0 3.21266e-09
0 3.21266e-09
0 3.21266e-09
0 3.21266e-09
0 3.21266e-09
0 3.21266e-09
0 3.21266e-09
0 3.21266e-09
0 3.21266e-09
0 3.21266e-09
0 3.21266e-09
0 3.21266e-09
0 3.21266e-09
0 3.21266e-09
0 3.21266e-09
0 3.21266e-09
0 3.21266e-09
0 3.21266e-09
0 3.21266e-09
0 3.21266e-09
0 3.21266e-09
0 3.21266e-09
0 3.21266e-09
0 3.21266e-09
0 3.21266e-09
0 3.21266e-09
0 3.21266e-09
0 3.21266e-09
0 3.21266e-09
0 3.21266e-09
0 3.21266e-09
0 3.21266e-09
0 3.21266e-09
0 3.21266e-09
0 3.21266e-09
0 3.21266e-09
0 3.21266e-09
0 3.21266e-09
0 3.21266e-09
0 3.21266e-09
0 3.21266e-09
0 3.21266e-09
0 3.21266e-09
0 3.21266e-09
0 3.21266e-09
0 3.21266e-09
0 3.21266e-09
0 3.21266e-09
0 3.21266e-09
0 3.21266e-09
0 3.21266e-09
0 3.21266e-09
0 3.21266e-09
0 3.21266e-09
0 3.21266e-09
0 3.21266e-09
0 3.21266e-09
0 3.21266e-09
0 3.21266e-09
0 3.21266e-09
0 3.21266e-09
0 3.21266e-09
0 3.21266e-09
0 3.21266e-09
0 3.21266e-09
0 3.21266e-09
0 3.21266e-09
0 3.21266e-09
0 3.21266e-09
0 3.21266e-09
0 3.21266e-09
0 3.21266e-09
0 3.21266e-09
0 3.21266e-09
0 3.21266e-09
0 3.21266e-09
0 3.21266e-09
0 3.21266e-09
0 3.21266e-09
0 3.21266e-09
0 3.21266e-09
0 3.21266e-09
0 3.21266e-09
0 3.21266e-09
0 3.21266e-09
0 3.21266e-09
0 3.21266e-09
0 3.21266e-09
0 3.21266e-09
0 3.21266e-09
0 3.21266e-09
0 3.21266e-09
0 3.21266e-09
0 3.21266e-09
0 3.21266e-09
0 3.21266e-09
0 3.21266e-09
0 3.21266e-09
0 3.21266e-09
0 3.21266e-09
0 3.21266e-09
0 3.21266e-09
0 3.21266e-09
0 3.21266e-09
0 3.21266e-09
0 3.21266e-09
0 3.21266e-09
0 3.21266e-09
0 3.21266e-09
0 3.21266e-09
0 3.21266e-09
0 3.21266e-09
0 3.21266e-09
0 3.21266e-09
0 3.21266e-09
0 3.21266e-09
0 3.21266e-09
0 3.21266e-09
0 3.21266e-09
0 3.21266e-09
0 3.21266e-09
0 3.21266e-09
0 3.21266e-09
0 3.21266e-09
0 3.21266e-09
0 3.21266e-09
0 3.21266e-09
0 3.21266e-09
0 3.21266e-09
0 3.21266e-09
0 3.21266e-09
0 3.21266e-09
0 3.21266e-09
0 3.21266e-09
0 3.21266e-09
0 3.21266e-09
0 3.21266e-09
0 3.21266e-09
0 3.21266e-09
0 3.21266e-09
0 3.21266e-09
0 3.21266e-09
0 3.21266e-09
0 3.21266e-09
0 3.21266e-09
0 3.21266e-09
0 3.21266e-09
0 3.21266e-09
0 3.21266e-09
0 3.21266e-09
0 3.21266e-09
0 3.21266e-09
0 3.21266e-09
0 3.21266e-09
0 3.21266e-09
0 3.21266e-09
0 3.21266e-09
0 3.21266e-09
0 3.21266e-09
0 3.21266e-09
0 3.21266e-09
0 3.21266e-09
0 3.21266e-09
0 3.21266e-09
0 3.21266e-09
0 3.21266e-09
0 3.21266e-09
0 3.21266e-09
0 3.21266e-09
0 3.21266e-09
0 3.21266e-09
0 3.21266e-09
0 3.21266e-09
0 3.21266e-09
0 3.21266e-09
0 3.21266e-09
0 3.21266e-09
0 3.21266e-09
0 3.21266e-09
0 3.21266e-09
0 3.21266e-09
0 3.21266e-09
0 3.21266e-09
0 3.21266e-09
0 3.21266e-09
0 3.21266e-09
0 3.21266e-09
0 3.21266e-09
0 3.21266e-09
0 3.21266e-09
0 3.21266e-09
0 3.21266e-09
0 3.21266e-09
0 3.21266e-09
0 3.21266e-09
0 3.21266e-09
0 3.21266e-09
0 3.21266e-09
0 3.21266e-09
0 3.21266e-09
0 3.21266e-09
0 3.21266e-09
0 3.21266e-09
0 3.21266e-09
0 3.21266e-09
0 3.21266e-09
0 3.21266e-09
0 3.21266e-09
0 3.21266e-09
0 3.21266e-09
0 3.21266e-09
0 3.21266e-09
0 3.21266e-09
0 3.21266e-09
0 3.21266e-09
0 3.21266e-09
0 3.21266e-09
0 3.21266e-09
0 3.21266e-09
0 3.21266e-09
0 3.21266e-09
0 3.21266e-09
0 3.21266e-09
0 3.21266e-09
0 3.21266e-09
0 3.21266e-09
0 3.21266e-09
0 3.21266e-09
0 3.21266e-09
0 3.21266e-09
0 3.21266e-09
0 3.21266e-09
0 3.21266e-09
0 3.21266e-09
0 3.21266e-09
0 3.21266e-09
0 3.21266e-09
0 3.21266e-09
0 3.21266e-09
0 3.21266e-09
0 3.21266e-09
0 3.21266e-09
0 3.21266e-09
0 3.21266e-09
0 3.21266e-09
0 3.21266e-09
0 3.21266e-09
0 3.21266e-09
0 3.21266e-09
0 3.21266e-09
0 3.21266e-09
0 3.21266e-09
0 3.21266e-09
0 3.21266e-09
0 3.21266e-09
0 3.21266e-09
0 3.21266e-09
0 3.21266e-09
0 3.21266e-09
0 3.21266e-09
0 3.21266e-09
0 3.21266e-09
0 3.21266e-09
0 3.21266e-09
0 3.21266e-09
0 3.21266e-09
0 3.21266e-09
0 3.21266e-09
0 3.21266e-09
0 3.21266e-09
0 3.21266e-09
0 3.21266e-09
0 3.21266e-09
0 3.21266e-09
0 3.21266e-09
0 3.21266e-09
0 3.21266e-09
0 3.21266e-09
0 3.21266e-09
0 3.21266e-09
0 3.21266e-09
0 3.21266e-09
0 3.21266e-09
0 3.21266e-09
0 3.21266e-09
0 3.21266e-09
0 3.21266e-09

