0 0.101734
0 0.10161
0 0.101275
0 0.100735
0 0.0999915
0 0.0990519
0 0.0979229
0 0.096613
0 0.0951319
0 0.0934904
0 0.0917004
0 0.0897746
0 0.0877265
0 0.08557
0 0.0833196
0 0.0809896
0 0.0785948
0 0.0761495
0 0.0736677
0 0.0711631
0 0.0686485
0 0.0661359
0 0.0636364
0 0.0611603
0 0.0587166
0 0.0563137
0 0.0539586
0 0.0516576
0 0.0494158
0 0.0472375
0 0.0451259
0 0.0430836
0 0.0411123
0 0.0392132
0 0.0373865
0 0.0356323
0 0.0339499
0 0.0323385
0 0.0307967
0 0.029323
0 0.0279156
0 0.0265726
0 0.0252919
0 0.0240713
0 0.0229086
0 0.0218016
0 0.0207479
0 0.0197454
0 0.0187918
0 0.017885
0 0.0170227
0 0.016203
0 0.0154238
0 0.0146832
0 0.0139792
0 0.0133102
0 0.0126743
0 0.01207
0 0.0114956
0 0.0109496
0 0.0104306
0 0.00993726
0 0.00946823
0 0.0090223
0 0.00859828
0 0.00819505
0 0.00781156
0 0.0074468
0 0.00709981
0 0.00676969
0 0.00645559
0 0.00615668
0 0.0058722
0 0.00560142
0 0.00534365
0 0.00509823
0 0.00486453
0 0.00464197
0 0.00443
0 0.00422808
0 0.0040357
0 0.00385241
0 0.00367774
0 0.00351128
0 0.0033526
0 0.00320134
0 0.00305713
0 0.00291961
0 0.00278848
0 0.0026634
0 0.0025441
0 0.00243028
0 0.00232169
0 0.00221808
0 0.00211919
0 0.00202481
0 0.00193472
0 0.00184871
0 0.0017666
0 0.00168819
0 0.00161331
0 0.00154179
0 0.00147347
0 0.00140821
0 0.00134586
0 0.00128627
0 0.00122933
0 0.00117491
0 0.00112288
0 0.00107315
0 0.00102559
0 0.000980119
0 0.000936629
0 0.00089503
0 0.000855235
0 0.000817161
0 0.000780727
0 0.000745857
0 0.000712481
0 0.000680528
0 0.000649933
0 0.000620634
0 0.000592571
0 0.000565686
0 0.000539925
0 0.000515237
0 0.000491572
0 0.000468883
0 0.000447125
0 0.000426254
0 0.00040623
0 0.000387013
0 0.000368566
0 0.000350852
0 0.000333838
0 0.000317491
0 0.000301778
0 0.000286672
0 0.000272142
0 0.000258161
0 0.000244702
0 0.000231742
0 0.000219255
0 0.000207219
0 0.000195611
0 0.00018441
0 0.000173595
0 0.000163148
0 0.000153049
0 0.00014328
0 0.000133824
0 0.000124665
0 0.000115786
0 0.000107171
0 9.88072e-05
0 9.06787e-05
0 8.27722e-05
0 7.50742e-05
0 6.75721e-05
0 6.02533e-05
0 5.31059e-05
0 4.61183e-05
0 3.92793e-05
0 3.25779e-05
0 2.60036e-05
0 1.95461e-05
0 1.31954e-05
0 6.94185e-06
0 7.75971e-07
0 1.01734e-09
0 1.01734e-09
0 1.01734e-09
0 1.01734e-09
0 1.01734e-09
0 1.01734e-09
0 1.01734e-09
0 1.01734e-09
0 1.01734e-09
0 1.01734e-09
0 1.01734e-09
0 1.01734e-09
0 1.01734e-09
0 1.01734e-09
0 1.01734e-09
0 1.01734e-09
0 1.01734e-09
0 1.01734e-09
0 1.01734e-09
0 1.01734e-09
0 1.01734e-09
0 1.01734e-09
0 1.01734e-09
0 1.01734e-09
0 1.01734e-09
0 1.01734e-09
0 1.01734e-09
0 1.01734e-09
0 1.01734e-09
0 1.01734e-09
0 1.01734e-09
0 1.01734e-09
0 1.01734e-09
0 1.01734e-09
0 1.01734e-09
0 1.01734e-09
0 1.01734e-09
0 1.01734e-09
0 1.01734e-09
0 1.01734e-09
0 1.01734e-09
0 1.01734e-09
0 1.01734e-09
0 1.01734e-09
0 1.01734e-09
0 1.01734e-09
0 1.01734e-09
0 1.01734e-09
0 1.01734e-09
0 1.01734e-09
0 1.01734e-09
0 1.01734e-09
0 1.01734e-09
0 1.01734e-09
0 1.01734e-09
0 1.01734e-09
0 1.01734e-09
0 1.01734e-09
0 1.01734e-09
0 1.01734e-09
0 1.01734e-09
0 1.01734e-09
0 1.01734e-09
0 1.01734e-09
0 1.01734e-09
0 1.01734e-09
0 1.01734e-09
0 1.01734e-09
0 1.01734e-09
0 1.01734e-09
0 1.01734e-09
0 1.01734e-09
0 1.01734e-09
0 1.01734e-09
0 1.01734e-09
0 1.01734e-09
0 1.01734e-09
0 1.01734e-09
0 1.01734e-09
0 1.01734e-09
0 1.01734e-09
0 1.01734e-09
0 1.01734e-09
0 1.01734e-09
0 1.01734e-09
0 1.01734e-09
0 1.01734e-09
0 1.01734e-09
0 1.01734e-09
0 1.01734e-09
0 1.01734e-09
0 1.01734e-09
0 1.01734e-09
0 1.01734e-09
0 1.01734e-09
0 1.01734e-09
0 1.01734e-09
0 1.01734e-09
0 1.01734e-09
0 1.01734e-09
0 1.01734e-09
0 1.01734e-09
0 1.01734e-09
0 1.01734e-09
0 1.01734e-09
0 1.01734e-09
0 1.01734e-09
0 1.01734e-09
0 1.01734e-09
0 1.01734e-09
0 1.01734e-09
0 1.01734e-09
0 1.01734e-09
0 1.01734e-09
0 1.01734e-09
0 1.01734e-09
0 1.01734e-09
0 1.01734e-09
0 1.01734e-09
0 1.01734e-09
0 1.01734e-09
0 1.01734e-09
0 1.01734e-09
0 1.01734e-09
0 1.01734e-09
0 1.01734e-09
0 1.01734e-09
0 1.01734e-09
0 1.01734e-09
0 1.01734e-09
0 1.01734e-09
0 1.01734e-09
0 1.01734e-09
0 1.01734e-09
0 1.01734e-09
0 1.01734e-09
0 1.01734e-09
0 1.01734e-09
0 1.01734e-09
0 1.01734e-09
0 1.01734e-09
0 1.01734e-09
0 1.01734e-09
0 1.01734e-09
0 1.01734e-09
0 1.01734e-09
0 1.01734e-09
0 1.01734e-09
0 1.01734e-09
0 1.01734e-09
0 1.01734e-09
0 1.01734e-09
0 1.01734e-09
0 1.01734e-09
0 1.01734e-09
0 1.01734e-09
0 1.01734e-09
0 1.01734e-09
0 1.01734e-09
0 1.01734e-09
0 1.01734e-09
0 1.01734e-09
0 1.01734e-09
0 1.01734e-09
0 1.01734e-09
0 1.01734e-09
0 1.01734e-09
0 1.01734e-09
0 1.01734e-09
0 1.01734e-09
0 1.01734e-09
0 1.01734e-09
0 1.01734e-09
0 1.01734e-09
0 1.01734e-09
0 1.01734e-09
0 1.01734e-09
0 1.01734e-09
0 1.01734e-09
0 1.01734e-09
0 1.01734e-09
0 1.01734e-09
0 1.01734e-09
0 1.01734e-09
0 1.01734e-09
0 1.01734e-09
0 1.01734e-09
0 1.01734e-09
0 1.01734e-09
0 1.01734e-09
0 1.01734e-09
0 1.01734e-09
0 1.01734e-09
0 1.01734e-09
0 1.01734e-09
0 1.01734e-09
0 1.01734e-09
0 1.01734e-09
0 1.01734e-09
0 1.01734e-09
0 1.01734e-09
0 1.01734e-09
0 1.01734e-09
0 1.01734e-09
0 1.01734e-09
0 1.01734e-09
0 1.01734e-09
0 1.01734e-09
0 1.01734e-09
0 1.01734e-09
0 1.01734e-09
0 1.01734e-09
0 1.01734e-09
0 1.01734e-09
0 1.01734e-09
0 1.01734e-09
0 1.01734e-09
0 1.01734e-09
0 1.01734e-09
0 1.01734e-09
0 1.01734e-09
0 1.01734e-09
0 1.01734e-09
0 1.01734e-09
0 1.01734e-09
0 1.01734e-09
0 1.01734e-09
0 1.01734e-09
0 1.01734e-09
0 1.01734e-09
0 1.01734e-09
0 1.01734e-09
0 1.01734e-09
0 1.01734e-09
0 1.01734e-09
0 1.01734e-09
0 1.01734e-09
0 1.01734e-09
0 1.01734e-09
0 1.01734e-09
0 1.01734e-09
0 1.01734e-09
0 1.01734e-09
0 1.01734e-09
0 1.01734e-09
0 1.01734e-09
0 1.01734e-09
0 1.01734e-09
0 1.01734e-09
0 1.01734e-09
0 1.01734e-09
0 1.01734e-09
0 1.01734e-09
0 1.01734e-09
0 1.01734e-09
0 1.01734e-09
0 1.01734e-09
0 1.01734e-09
0 1.01734e-09
0 1.01734e-09
0 1.01734e-09
0 1.01734e-09
0 1.01734e-09
0 1.01734e-09
0 1.01734e-09
0 1.01734e-09
0 1.01734e-09
0 1.01734e-09
0 1.01734e-09
0 1.01734e-09
0 1.01734e-09
0 1.01734e-09
0 1.01734e-09
0 1.01734e-09
0 1.01734e-09
0 1.01734e-09
0 1.01734e-09
0 1.01734e-09
0 1.01734e-09
0 1.01734e-09
0 1.01734e-09
0 1.01734e-09
0 1.01734e-09
0 1.01734e-09
0 1.01734e-09
0 1.01734e-09
0 1.01734e-09
0 1.01734e-09
0 1.01734e-09
0 1.01734e-09
0 1.01734e-09
0 1.01734e-09
0 1.01734e-09
0 1.01734e-09
0 1.01734e-09
0 1.01734e-09
0 1.01734e-09
0 1.01734e-09
0 1.01734e-09
0 1.01734e-09
0 1.01734e-09
0 1.01734e-09
0 1.01734e-09
0 1.01734e-09
0 1.01734e-09
0 1.01734e-09
0 1.01734e-09
0 1.01734e-09
0 1.01734e-09
0 1.01734e-09
0 1.01734e-09
0 1.01734e-09
0 1.01734e-09
0 1.01734e-09
0 1.01734e-09
0 1.01734e-09
0 1.01734e-09
0 1.01734e-09
0 1.01734e-09
0 1.01734e-09
0 1.01734e-09
0 1.01734e-09
0 1.01734e-09
0 1.01734e-09
0 1.01734e-09
0 1.01734e-09
0 1.01734e-09
0 1.01734e-09
0 1.01734e-09
0 1.01734e-09
0 1.01734e-09
0 1.01734e-09
0 1.01734e-09
0 1.01734e-09
0 1.01734e-09
0 1.01734e-09
0 1.01734e-09
0 1.01734e-09
0 1.01734e-09
0 1.01734e-09
0 1.01734e-09
0 1.01734e-09
0 1.01734e-09
0 1.01734e-09
0 1.01734e-09
0 1.01734e-09
0 1.01734e-09
0 1.01734e-09
0 1.01734e-09
0 1.01734e-09
0 1.01734e-09
0 1.01734e-09
0 1.01734e-09
0 1.01734e-09
0 1.01734e-09
0 1.01734e-09
0 1.01734e-09
0 1.01734e-09
0 1.01734e-09
0 1.01734e-09
0 1.01734e-09
0 1.01734e-09
0 1.01734e-09
0 1.01734e-09
0 1.01734e-09
0 1.01734e-09
0 1.01734e-09
0 1.01734e-09
0 1.01734e-09
0 1.01734e-09
0 1.01734e-09
0 1.01734e-09
0 1.01734e-09
0 1.01734e-09
0 1.01734e-09
0 1.01734e-09
0 1.01734e-09
0 1.01734e-09
0 1.01734e-09
0 1.01734e-09
0 1.01734e-09
0 1.01734e-09
0 1.01734e-09
0 1.01734e-09
0 1.01734e-09
0 1.01734e-09
0 1.01734e-09
0 1.01734e-09
0 1.01734e-09
0 1.01734e-09
0 1.01734e-09
0 1.01734e-09
0 1.01734e-09
0 1.01734e-09
0 1.01734e-09
0 1.01734e-09
0 1.01734e-09
0 1.01734e-09
0 1.01734e-09
0 1.01734e-09
0 1.01734e-09
0 1.01734e-09
0 1.01734e-09
0 1.01734e-09
0 1.01734e-09
0 1.01734e-09
0 1.01734e-09
0 1.01734e-09
0 1.01734e-09
0 1.01734e-09
0 1.01734e-09
0 1.01734e-09
0 1.01734e-09
0 1.01734e-09
0 1.01734e-09
0 1.01734e-09
0 1.01734e-09
0 1.01734e-09
0 1.01734e-09
0 1.01734e-09
0 1.01734e-09
0 1.01734e-09
0 1.01734e-09
0 1.01734e-09
0 1.01734e-09
0 1.01734e-09
0 1.01734e-09
0 1.01734e-09
0 1.01734e-09
0 1.01734e-09
0 1.01734e-09
0 1.01734e-09
0 1.01734e-09
0 1.01734e-09
0 1.01734e-09
0 1.01734e-09
0 1.01734e-09
0 1.01734e-09
0 1.01734e-09
0 1.01734e-09
0 1.01734e-09
0 1.01734e-09
0 1.01734e-09
0 1.01734e-09
0 1.01734e-09
0 1.01734e-09
0 1.01734e-09
0 1.01734e-09
0 1.01734e-09
0 1.01734e-09
0 1.01734e-09
0 1.01734e-09
0 1.01734e-09
0 1.01734e-09
0 1.01734e-09
0 1.01734e-09
0 1.01734e-09
0 1.01734e-09
0 1.01734e-09
0 1.01734e-09
0 1.01734e-09
0 1.01734e-09
0 1.01734e-09
0 1.01734e-09
0 1.01734e-09
0 1.01734e-09
0 1.01734e-09
0 1.01734e-09
0 1.01734e-09
0 1.01734e-09
0 1.01734e-09
0 1.01734e-09
0 1.01734e-09
0 1.01734e-09
0 1.01734e-09
0 1.01734e-09
0 1.01734e-09
0 1.01734e-09
0 1.01734e-09
0 1.01734e-09
0 1.01734e-09
0 1.01734e-09
0 1.01734e-09
0 1.01734e-09
0 1.01734e-09
0 1.01734e-09
0 1.01734e-09
0 1.01734e-09
0 1.01734e-09
0 1.01734e-09
0 1.01734e-09
0 1.01734e-09
0 1.01734e-09
0 1.01734e-09
0 1.01734e-09
0 1.01734e-09
0 1.01734e-09
0 1.01734e-09
0 1.01734e-09
0 1.01734e-09
0 1.01734e-09
0 1.01734e-09
0 1.01734e-09
0 1.01734e-09
0 1.01734e-09
0 1.01734e-09
0 1.01734e-09
0 1.01734e-09
0 1.01734e-09
0 1.01734e-09
0 1.01734e-09
0 1.01734e-09
0 1.01734e-09
0 1.01734e-09
0 1.01734e-09
0 1.01734e-09
0 1.01734e-09
0 1.01734e-09
0 1.01734e-09
0 1.01734e-09
0 1.01734e-09
0 1.01734e-09
0 1.01734e-09
0 1.01734e-09
0 1.01734e-09
0 1.01734e-09
0 1.01734e-09
0 1.01734e-09
0 1.01734e-09
0 1.01734e-09
0 1.01734e-09
0 1.01734e-09
0 1.01734e-09
0 1.01734e-09
0 1.01734e-09
0 1.01734e-09
0 1.01734e-09
0 1.01734e-09
0 1.01734e-09
0 1.01734e-09
0 1.01734e-09
0 1.01734e-09
0 1.01734e-09
0 1.01734e-09
0 1.01734e-09
0 1.01734e-09
0 1.01734e-09
0 1.01734e-09
0 1.01734e-09
0 1.01734e-09
0 1.01734e-09
0 1.01734e-09
0 1.01734e-09
0 1.01734e-09
0 1.01734e-09
0 1.01734e-09
0 1.01734e-09
0 1.01734e-09
0 1.01734e-09
0 1.01734e-09
0 1.01734e-09
0 1.01734e-09
0 1.01734e-09
0 1.01734e-09
0 1.01734e-09
0 1.01734e-09
0 1.01734e-09
0 1.01734e-09
0 1.01734e-09
0 1.01734e-09
0 1.01734e-09
0 1.01734e-09
0 1.01734e-09
0 1.01734e-09
0 1.01734e-09
0 1.01734e-09
0 1.01734e-09
0 1.01734e-09
0 1.01734e-09
0 1.01734e-09
0 1.01734e-09
0 1.01734e-09
0 1.01734e-09
0 1.01734e-09
0 1.01734e-09
0 1.01734e-09
0 1.01734e-09
0 1.01734e-09
0 1.01734e-09
0 1.01734e-09
0 1.01734e-09
0 1.01734e-09
0 1.01734e-09
0 1.01734e-09
0 1.01734e-09
0 1.01734e-09
0 1.01734e-09
0 1.01734e-09
0 1.01734e-09
0 1.01734e-09
0 1.01734e-09
0 1.01734e-09
0 1.01734e-09
0 1.01734e-09
0 1.01734e-09
0 1.01734e-09
0 1.01734e-09
0 1.01734e-09
0 1.01734e-09
0 1.01734e-09
0 1.01734e-09
0 1.01734e-09
0 1.01734e-09
0 1.01734e-09
0 1.01734e-09
0 1.01734e-09
0 1.01734e-09
0 1.01734e-09
0 1.01734e-09
0 1.01734e-09
0 1.01734e-09
0 1.01734e-09
0 1.01734e-09
0 1.01734e-09
0 1.01734e-09
0 1.01734e-09
0 1.01734e-09
0 1.01734e-09
0 1.01734e-09
0 1.01734e-09
0 1.01734e-09
0 1.01734e-09
0 1.01734e-09
0 1.01734e-09
0 1.01734e-09
0 1.01734e-09
0 1.01734e-09
0 1.01734e-09
0 1.01734e-09
0 1.01734e-09
0 1.01734e-09
0 1.01734e-09
0 1.01734e-09
0 1.01734e-09
0 1.01734e-09
0 1.01734e-09
0 1.01734e-09
0 1.01734e-09
0 1.01734e-09
0 1.01734e-09
0 1.01734e-09
0 1.01734e-09
0 1.01734e-09
0 1.01734e-09
0 1.01734e-09
0 1.01734e-09
0 1.01734e-09
0 1.01734e-09
0 1.01734e-09
0 1.01734e-09
0 1.01734e-09
0 1.01734e-09
0 1.01734e-09
0 1.01734e-09
0 1.01734e-09
0 1.01734e-09
0 1.01734e-09
0 1.01734e-09
0 1.01734e-09
0 1.01734e-09
0 1.01734e-09
0 1.01734e-09
0 1.01734e-09
0 1.01734e-09
0 1.01734e-09
0 1.01734e-09
0 1.01734e-09
0 1.01734e-09
0 1.01734e-09
0 1.01734e-09
0 1.01734e-09
0 1.01734e-09
0 1.01734e-09
0 1.01734e-09
0 1.01734e-09
0 1.01734e-09
0 1.01734e-09
0 1.01734e-09
0 1.01734e-09
0 1.01734e-09
0 1.01734e-09
0 1.01734e-09
0 1.01734e-09
0 1.01734e-09
0 1.01734e-09
0 1.01734e-09
0 1.01734e-09
0 1.01734e-09
0 1.01734e-09
0 1.01734e-09
0 1.01734e-09
0 1.01734e-09
0 1.01734e-09
0 1.01734e-09
0 1.01734e-09
0 1.01734e-09
0 1.01734e-09
0 1.01734e-09
0 1.01734e-09
0 1.01734e-09
0 1.01734e-09
0 1.01734e-09
0 1.01734e-09
0 1.01734e-09
0 1.01734e-09
0 1.01734e-09
0 1.01734e-09
0 1.01734e-09
0 1.01734e-09
0 1.01734e-09
0 1.01734e-09
0 1.01734e-09
0 1.01734e-09
0 1.01734e-09
0 1.01734e-09
0 1.01734e-09
0 1.01734e-09
0 1.01734e-09
0 1.01734e-09
0 1.01734e-09
0 1.01734e-09
0 1.01734e-09
0 1.01734e-09
0 1.01734e-09
0 1.01734e-09
0 1.01734e-09
0 1.01734e-09
0 1.01734e-09
0 1.01734e-09
0 1.01734e-09
0 1.01734e-09
0 1.01734e-09
0 1.01734e-09
0 1.01734e-09
0 1.01734e-09
0 1.01734e-09
0 1.01734e-09
0 1.01734e-09
0 1.01734e-09
0 1.01734e-09
0 1.01734e-09
0 1.01734e-09
0 1.01734e-09
0 1.01734e-09
0 1.01734e-09
0 1.01734e-09
0 1.01734e-09
0 1.01734e-09
0 1.01734e-09
0 1.01734e-09
0 1.01734e-09
0 1.01734e-09
0 1.01734e-09
0 1.01734e-09
0 1.01734e-09
0 1.01734e-09
0 1.01734e-09
0 1.01734e-09
0 1.01734e-09
0 1.01734e-09
0 1.01734e-09
0 1.01734e-09
0 1.01734e-09
0 1.01734e-09
0 1.01734e-09
0 1.01734e-09
0 1.01734e-09
0 1.01734e-09
0 1.01734e-09
0 1.01734e-09
0 1.01734e-09
0 1.01734e-09
0 1.01734e-09
0 1.01734e-09
0 1.01734e-09
0 1.01734e-09
0 1.01734e-09
0 1.01734e-09
0 1.01734e-09
0 1.01734e-09
0 1.01734e-09
0 1.01734e-09
0 1.01734e-09
0 1.01734e-09
0 1.01734e-09
0 1.01734e-09
0 1.01734e-09
0 1.01734e-09
0 1.01734e-09
0 1.01734e-09
0 1.01734e-09
0 1.01734e-09
0 1.01734e-09
0 1.01734e-09
0 1.01734e-09
0 1.01734e-09
0 1.01734e-09
0 1.01734e-09
0 1.01734e-09
0 1.01734e-09
0 1.01734e-09
0 1.01734e-09
0 1.01734e-09
0 1.01734e-09
0 1.01734e-09
0 1.01734e-09
0 1.01734e-09
0 1.01734e-09
0 1.01734e-09
0 1.01734e-09
0 1.01734e-09
0 1.01734e-09
0 1.01734e-09
0 1.01734e-09
0 1.01734e-09
0 1.01734e-09
0 1.01734e-09
0 1.01734e-09
0 1.01734e-09
0 1.01734e-09
0 1.01734e-09

