0 0.294494
0 0.252327
0 0.205285
0 0.174648
0 0.153415
0 0.137409
0 0.124623
0 0.114003
0 0.10494
0 0.0970568
0 0.0900994
0 0.0838919
0 0.0783062
0 0.0732457
0 0.0686357
0 0.0644167
0 0.0605408
0 0.0569685
0 0.0536668
0 0.0506076
0 0.047767
0 0.0451244
0 0.0426617
0 0.0403632
0 0.0382148
0 0.0362042
0 0.0343202
0 0.032553
0 0.0308936
0 0.0293339
0 0.0278666
0 0.0264851
0 0.0251834
0 0.0239558
0 0.0227974
0 0.0217034
0 0.0206697
0 0.0196923
0 0.0187676
0 0.0178923
0 0.0170632
0 0.0162775
0 0.0155326
0 0.0148261
0 0.0141555
0 0.0135189
0 0.0129142
0 0.0123395
0 0.0117933
0 0.0112738
0 0.0107796
0 0.0103093
0 0.00986157
0 0.00943516
0 0.00902892
0 0.00864179
0 0.00827276
0 0.00792087
0 0.00758522
0 0.00726498
0 0.00695936
0 0.0066676
0 0.00638902
0 0.00612294
0 0.00586874
0 0.00562583
0 0.00539366
0 0.0051717
0 0.00495945
0 0.00475645
0 0.00456226
0 0.00437644
0 0.0041986
0 0.00402837
0 0.00386539
0 0.00370932
0 0.00355984
0 0.00341665
0 0.00327945
0 0.00314797
0 0.00302195
0 0.00290114
0 0.00278531
0 0.00267424
0 0.00256771
0 0.00246551
0 0.00236747
0 0.00227338
0 0.00218308
0 0.00209641
0 0.0020132
0 0.0019333
0 0.00185657
0 0.00178287
0 0.00171207
0 0.00164405
0 0.00157868
0 0.00151586
0 0.00145547
0 0.00139742
0 0.00134159
0 0.0012879
0 0.00123626
0 0.00118658
0 0.00113878
0 0.00109277
0 0.00104849
0 0.00100586
0 0.000964809
0 0.000925276
0 0.000887194
0 0.000850504
0 0.000815148
0 0.000781069
0 0.000748214
0 0.000716532
0 0.000685974
0 0.000656494
0 0.000628045
0 0.000600585
0 0.000574072
0 0.000548467
0 0.000523731
0 0.000499828
0 0.000476722
0 0.000454379
0 0.000432767
0 0.000411855
0 0.000391612
0 0.00037201
0 0.000353021
0 0.000334617
0 0.000316774
0 0.000299467
0 0.000282671
0 0.000266363
0 0.000250523
0 0.000235127
0 0.000220155
0 0.000205588
0 0.000191406
0 0.000177591
0 0.000164124
0 0.000150989
0 0.000138169
0 0.000125647
0 0.000113408
0 0.000101436
0 8.97177e-05
0 7.82377e-05
0 6.69823e-05
0 5.59383e-05
0 4.50925e-05
0 3.44322e-05
0 2.39452e-05
0 1.36193e-05
0 3.44285e-06
0 2.94494e-09
0 2.94494e-09
0 2.94494e-09
0 2.94494e-09
0 2.94494e-09
0 2.94494e-09
0 2.94494e-09
0 2.94494e-09
0 2.94494e-09
0 2.94494e-09
0 2.94494e-09
0 2.94494e-09
0 2.94494e-09
0 2.94494e-09
0 2.94494e-09
0 2.94494e-09
0 2.94494e-09
0 2.94494e-09
0 2.94494e-09
0 2.94494e-09
0 2.94494e-09
0 2.94494e-09
0 2.94494e-09
0 2.94494e-09
0 2.94494e-09
0 2.94494e-09
0 2.94494e-09
0 2.94494e-09
0 2.94494e-09
0 2.94494e-09
0 2.94494e-09
0 2.94494e-09
0 2.94494e-09
0 2.94494e-09
0 2.94494e-09
0 2.94494e-09
0 2.94494e-09
0 2.94494e-09
0 2.94494e-09
0 2.94494e-09
0 2.94494e-09
0 2.94494e-09
0 2.94494e-09
0 2.94494e-09
0 2.94494e-09
0 2.94494e-09
0 2.94494e-09
0 2.94494e-09
0 2.94494e-09
0 2.94494e-09
0 2.94494e-09
0 2.94494e-09
0 2.94494e-09
0 2.94494e-09
0 2.94494e-09
0 2.94494e-09
0 2.94494e-09
0 2.94494e-09
0 2.94494e-09
0 2.94494e-09
0 2.94494e-09
0 2.94494e-09
0 2.94494e-09
0 2.94494e-09
0 2.94494e-09
0 2.94494e-09
0 2.94494e-09
0 2.94494e-09
0 2.94494e-09
0 2.94494e-09
0 2.94494e-09
0 2.94494e-09
0 2.94494e-09
0 2.94494e-09
0 2.94494e-09
0 2.94494e-09
0 2.94494e-09
0 2.94494e-09
0 2.94494e-09
0 2.94494e-09
0 2.94494e-09
0 2.94494e-09
0 2.94494e-09
0 2.94494e-09
0 2.94494e-09
0 2.94494e-09
0 2.94494e-09
0 2.94494e-09
0 2.94494e-09
0 2.94494e-09
0 2.94494e-09
0 2.94494e-09
0 2.94494e-09
0 2.94494e-09
0 2.94494e-09
0 2.94494e-09
0 2.94494e-09
0 2.94494e-09
0 2.94494e-09
0 2.94494e-09
0 2.94494e-09
0 2.94494e-09
0 2.94494e-09
0 2.94494e-09
0 2.94494e-09
0 2.94494e-09
0 2.94494e-09
0 2.94494e-09
0 2.94494e-09
0 2.94494e-09
0 2.94494e-09
0 2.94494e-09
0 2.94494e-09
0 2.94494e-09
0 2.94494e-09
0 2.94494e-09
0 2.94494e-09
0 2.94494e-09
0 2.94494e-09
0 2.94494e-09
0 2.94494e-09
0 2.94494e-09
0 2.94494e-09
0 2.94494e-09
0 2.94494e-09
0 2.94494e-09
0 2.94494e-09
0 2.94494e-09
0 2.94494e-09
0 2.94494e-09
0 2.94494e-09
0 2.94494e-09
0 2.94494e-09
0 2.94494e-09
0 2.94494e-09
0 2.94494e-09
0 2.94494e-09
0 2.94494e-09
0 2.94494e-09
0 2.94494e-09
0 2.94494e-09
0 2.94494e-09
0 2.94494e-09
0 2.94494e-09
0 2.94494e-09
0 2.94494e-09
0 2.94494e-09
0 2.94494e-09
0 2.94494e-09
0 2.94494e-09
0 2.94494e-09
0 2.94494e-09
0 2.94494e-09
0 2.94494e-09
0 2.94494e-09
0 2.94494e-09
0 2.94494e-09
0 2.94494e-09
0 2.94494e-09
0 2.94494e-09
0 2.94494e-09
0 2.94494e-09
0 2.94494e-09
0 2.94494e-09
0 2.94494e-09
0 2.94494e-09
0 2.94494e-09
0 2.94494e-09
0 2.94494e-09
0 2.94494e-09
0 2.94494e-09
0 2.94494e-09
0 2.94494e-09
0 2.94494e-09
0 2.94494e-09
0 2.94494e-09
0 2.94494e-09
0 2.94494e-09
0 2.94494e-09
0 2.94494e-09
0 2.94494e-09
0 2.94494e-09
0 2.94494e-09
0 2.94494e-09
0 2.94494e-09
0 2.94494e-09
0 2.94494e-09
0 2.94494e-09
0 2.94494e-09
0 2.94494e-09
0 2.94494e-09
0 2.94494e-09
0 2.94494e-09
0 2.94494e-09
0 2.94494e-09
0 2.94494e-09
0 2.94494e-09
0 2.94494e-09
0 2.94494e-09
0 2.94494e-09
0 2.94494e-09
0 2.94494e-09
0 2.94494e-09
0 2.94494e-09
0 2.94494e-09
0 2.94494e-09
0 2.94494e-09
0 2.94494e-09
0 2.94494e-09
0 2.94494e-09
0 2.94494e-09
0 2.94494e-09
0 2.94494e-09
0 2.94494e-09
0 2.94494e-09
0 2.94494e-09
0 2.94494e-09
0 2.94494e-09
0 2.94494e-09
0 2.94494e-09
0 2.94494e-09
0 2.94494e-09
0 2.94494e-09
0 2.94494e-09
0 2.94494e-09
0 2.94494e-09
0 2.94494e-09
0 2.94494e-09
0 2.94494e-09
0 2.94494e-09
0 2.94494e-09
0 2.94494e-09
0 2.94494e-09
0 2.94494e-09
0 2.94494e-09
0 2.94494e-09
0 2.94494e-09
0 2.94494e-09
0 2.94494e-09
0 2.94494e-09
0 2.94494e-09
0 2.94494e-09
0 2.94494e-09
0 2.94494e-09
0 2.94494e-09
0 2.94494e-09
0 2.94494e-09
0 2.94494e-09
0 2.94494e-09
0 2.94494e-09
0 2.94494e-09
0 2.94494e-09
0 2.94494e-09
0 2.94494e-09
0 2.94494e-09
0 2.94494e-09
0 2.94494e-09
0 2.94494e-09
0 2.94494e-09
0 2.94494e-09
0 2.94494e-09
0 2.94494e-09
0 2.94494e-09
0 2.94494e-09
0 2.94494e-09
0 2.94494e-09
0 2.94494e-09
0 2.94494e-09
0 2.94494e-09
0 2.94494e-09
0 2.94494e-09
0 2.94494e-09
0 2.94494e-09
0 2.94494e-09
0 2.94494e-09
0 2.94494e-09
0 2.94494e-09
0 2.94494e-09
0 2.94494e-09
0 2.94494e-09
0 2.94494e-09
0 2.94494e-09
0 2.94494e-09
0 2.94494e-09
0 2.94494e-09
0 2.94494e-09
0 2.94494e-09
0 2.94494e-09
0 2.94494e-09
0 2.94494e-09
0 2.94494e-09
0 2.94494e-09
0 2.94494e-09
0 2.94494e-09
0 2.94494e-09
0 2.94494e-09
0 2.94494e-09
0 2.94494e-09
0 2.94494e-09
0 2.94494e-09
0 2.94494e-09
0 2.94494e-09
0 2.94494e-09
0 2.94494e-09
0 2.94494e-09
0 2.94494e-09
0 2.94494e-09
0 2.94494e-09
0 2.94494e-09
0 2.94494e-09
0 2.94494e-09
0 2.94494e-09
0 2.94494e-09
0 2.94494e-09
0 2.94494e-09
0 2.94494e-09
0 2.94494e-09
0 2.94494e-09
0 2.94494e-09
0 2.94494e-09
0 2.94494e-09
0 2.94494e-09
0 2.94494e-09
0 2.94494e-09
0 2.94494e-09
0 2.94494e-09
0 2.94494e-09
0 2.94494e-09
0 2.94494e-09
0 2.94494e-09
0 2.94494e-09
0 2.94494e-09
0 2.94494e-09
0 2.94494e-09
0 2.94494e-09
0 2.94494e-09
0 2.94494e-09
0 2.94494e-09
0 2.94494e-09
0 2.94494e-09
0 2.94494e-09
0 2.94494e-09
0 2.94494e-09
0 2.94494e-09
0 2.94494e-09
0 2.94494e-09
0 2.94494e-09
0 2.94494e-09
0 2.94494e-09
0 2.94494e-09
0 2.94494e-09
0 2.94494e-09
0 2.94494e-09
0 2.94494e-09
0 2.94494e-09
0 2.94494e-09
0 2.94494e-09
0 2.94494e-09
0 2.94494e-09
0 2.94494e-09
0 2.94494e-09
0 2.94494e-09
0 2.94494e-09
0 2.94494e-09
0 2.94494e-09
0 2.94494e-09
0 2.94494e-09
0 2.94494e-09
0 2.94494e-09
0 2.94494e-09
0 2.94494e-09
0 2.94494e-09
0 2.94494e-09
0 2.94494e-09
0 2.94494e-09
0 2.94494e-09
0 2.94494e-09
0 2.94494e-09
0 2.94494e-09
0 2.94494e-09
0 2.94494e-09
0 2.94494e-09
0 2.94494e-09
0 2.94494e-09
0 2.94494e-09
0 2.94494e-09
0 2.94494e-09
0 2.94494e-09
0 2.94494e-09
0 2.94494e-09
0 2.94494e-09
0 2.94494e-09
0 2.94494e-09
0 2.94494e-09
0 2.94494e-09
0 2.94494e-09
0 2.94494e-09
0 2.94494e-09
0 2.94494e-09
0 2.94494e-09
0 2.94494e-09
0 2.94494e-09
0 2.94494e-09
0 2.94494e-09
0 2.94494e-09
0 2.94494e-09
0 2.94494e-09
0 2.94494e-09
0 2.94494e-09
0 2.94494e-09
0 2.94494e-09
0 2.94494e-09
0 2.94494e-09
0 2.94494e-09
0 2.94494e-09
0 2.94494e-09
0 2.94494e-09
0 2.94494e-09
0 2.94494e-09
0 2.94494e-09
0 2.94494e-09
0 2.94494e-09
0 2.94494e-09
0 2.94494e-09
0 2.94494e-09
0 2.94494e-09
0 2.94494e-09
0 2.94494e-09
0 2.94494e-09
0 2.94494e-09
0 2.94494e-09
0 2.94494e-09
0 2.94494e-09
0 2.94494e-09
0 2.94494e-09
0 2.94494e-09
0 2.94494e-09
0 2.94494e-09
0 2.94494e-09
0 2.94494e-09
0 2.94494e-09
0 2.94494e-09
0 2.94494e-09
0 2.94494e-09
0 2.94494e-09
0 2.94494e-09
0 2.94494e-09
0 2.94494e-09
0 2.94494e-09
0 2.94494e-09
0 2.94494e-09
0 2.94494e-09
0 2.94494e-09
0 2.94494e-09
0 2.94494e-09
0 2.94494e-09
0 2.94494e-09
0 2.94494e-09
0 2.94494e-09
0 2.94494e-09
0 2.94494e-09
0 2.94494e-09
0 2.94494e-09
0 2.94494e-09
0 2.94494e-09
0 2.94494e-09
0 2.94494e-09
0 2.94494e-09
0 2.94494e-09
0 2.94494e-09
0 2.94494e-09
0 2.94494e-09
0 2.94494e-09
0 2.94494e-09
0 2.94494e-09
0 2.94494e-09
0 2.94494e-09
0 2.94494e-09
0 2.94494e-09
0 2.94494e-09
0 2.94494e-09
0 2.94494e-09
0 2.94494e-09
0 2.94494e-09
0 2.94494e-09
0 2.94494e-09
0 2.94494e-09
0 2.94494e-09
0 2.94494e-09
0 2.94494e-09
0 2.94494e-09
0 2.94494e-09
0 2.94494e-09
0 2.94494e-09
0 2.94494e-09
0 2.94494e-09
0 2.94494e-09
0 2.94494e-09
0 2.94494e-09
0 2.94494e-09
0 2.94494e-09
0 2.94494e-09
0 2.94494e-09
0 2.94494e-09
0 2.94494e-09
0 2.94494e-09
0 2.94494e-09
0 2.94494e-09
0 2.94494e-09
0 2.94494e-09
0 2.94494e-09
0 2.94494e-09
0 2.94494e-09
0 2.94494e-09
0 2.94494e-09
0 2.94494e-09
0 2.94494e-09
0 2.94494e-09
0 2.94494e-09
0 2.94494e-09
0 2.94494e-09
0 2.94494e-09
0 2.94494e-09
0 2.94494e-09
0 2.94494e-09
0 2.94494e-09
0 2.94494e-09
0 2.94494e-09
0 2.94494e-09
0 2.94494e-09
0 2.94494e-09
0 2.94494e-09
0 2.94494e-09
0 2.94494e-09
0 2.94494e-09
0 2.94494e-09
0 2.94494e-09
0 2.94494e-09
0 2.94494e-09
0 2.94494e-09
0 2.94494e-09
0 2.94494e-09
0 2.94494e-09
0 2.94494e-09
0 2.94494e-09
0 2.94494e-09
0 2.94494e-09
0 2.94494e-09
0 2.94494e-09
0 2.94494e-09
0 2.94494e-09
0 2.94494e-09
0 2.94494e-09
0 2.94494e-09
0 2.94494e-09
0 2.94494e-09
0 2.94494e-09
0 2.94494e-09
0 2.94494e-09
0 2.94494e-09
0 2.94494e-09
0 2.94494e-09
0 2.94494e-09
0 2.94494e-09
0 2.94494e-09
0 2.94494e-09
0 2.94494e-09
0 2.94494e-09
0 2.94494e-09
0 2.94494e-09
0 2.94494e-09
0 2.94494e-09
0 2.94494e-09
0 2.94494e-09
0 2.94494e-09
0 2.94494e-09
0 2.94494e-09
0 2.94494e-09
0 2.94494e-09
0 2.94494e-09
0 2.94494e-09
0 2.94494e-09
0 2.94494e-09
0 2.94494e-09
0 2.94494e-09
0 2.94494e-09
0 2.94494e-09
0 2.94494e-09
0 2.94494e-09
0 2.94494e-09
0 2.94494e-09
0 2.94494e-09
0 2.94494e-09
0 2.94494e-09
0 2.94494e-09
0 2.94494e-09
0 2.94494e-09
0 2.94494e-09
0 2.94494e-09
0 2.94494e-09
0 2.94494e-09
0 2.94494e-09
0 2.94494e-09
0 2.94494e-09
0 2.94494e-09
0 2.94494e-09
0 2.94494e-09
0 2.94494e-09
0 2.94494e-09
0 2.94494e-09
0 2.94494e-09
0 2.94494e-09
0 2.94494e-09
0 2.94494e-09
0 2.94494e-09
0 2.94494e-09
0 2.94494e-09
0 2.94494e-09
0 2.94494e-09
0 2.94494e-09
0 2.94494e-09
0 2.94494e-09
0 2.94494e-09
0 2.94494e-09
0 2.94494e-09
0 2.94494e-09
0 2.94494e-09
0 2.94494e-09
0 2.94494e-09
0 2.94494e-09
0 2.94494e-09
0 2.94494e-09
0 2.94494e-09
0 2.94494e-09
0 2.94494e-09
0 2.94494e-09
0 2.94494e-09
0 2.94494e-09
0 2.94494e-09
0 2.94494e-09
0 2.94494e-09
0 2.94494e-09
0 2.94494e-09
0 2.94494e-09
0 2.94494e-09
0 2.94494e-09
0 2.94494e-09
0 2.94494e-09
0 2.94494e-09
0 2.94494e-09
0 2.94494e-09
0 2.94494e-09
0 2.94494e-09
0 2.94494e-09
0 2.94494e-09
0 2.94494e-09
0 2.94494e-09
0 2.94494e-09
0 2.94494e-09
0 2.94494e-09
0 2.94494e-09
0 2.94494e-09
0 2.94494e-09
0 2.94494e-09
0 2.94494e-09
0 2.94494e-09
0 2.94494e-09
0 2.94494e-09
0 2.94494e-09
0 2.94494e-09
0 2.94494e-09
0 2.94494e-09
0 2.94494e-09
0 2.94494e-09
0 2.94494e-09
0 2.94494e-09
0 2.94494e-09
0 2.94494e-09
0 2.94494e-09
0 2.94494e-09
0 2.94494e-09
0 2.94494e-09
0 2.94494e-09
0 2.94494e-09
0 2.94494e-09
0 2.94494e-09
0 2.94494e-09
0 2.94494e-09
0 2.94494e-09
0 2.94494e-09
0 2.94494e-09
0 2.94494e-09
0 2.94494e-09
0 2.94494e-09
0 2.94494e-09
0 2.94494e-09
0 2.94494e-09
0 2.94494e-09
0 2.94494e-09
0 2.94494e-09
0 2.94494e-09
0 2.94494e-09
0 2.94494e-09
0 2.94494e-09
0 2.94494e-09
0 2.94494e-09
0 2.94494e-09
0 2.94494e-09
0 2.94494e-09
0 2.94494e-09
0 2.94494e-09
0 2.94494e-09
0 2.94494e-09
0 2.94494e-09
0 2.94494e-09
0 2.94494e-09
0 2.94494e-09
0 2.94494e-09
0 2.94494e-09
0 2.94494e-09
0 2.94494e-09
0 2.94494e-09
0 2.94494e-09
0 2.94494e-09
0 2.94494e-09
0 2.94494e-09
0 2.94494e-09
0 2.94494e-09
0 2.94494e-09
0 2.94494e-09
0 2.94494e-09
0 2.94494e-09
0 2.94494e-09
0 2.94494e-09
0 2.94494e-09
0 2.94494e-09
0 2.94494e-09
0 2.94494e-09
0 2.94494e-09
0 2.94494e-09
0 2.94494e-09
0 2.94494e-09
0 2.94494e-09
0 2.94494e-09
0 2.94494e-09
0 2.94494e-09
0 2.94494e-09
0 2.94494e-09
0 2.94494e-09
0 2.94494e-09
0 2.94494e-09
0 2.94494e-09
0 2.94494e-09
0 2.94494e-09
0 2.94494e-09
0 2.94494e-09
0 2.94494e-09
0 2.94494e-09
0 2.94494e-09
0 2.94494e-09
0 2.94494e-09
0 2.94494e-09
0 2.94494e-09
0 2.94494e-09
0 2.94494e-09
0 2.94494e-09
0 2.94494e-09
0 2.94494e-09
0 2.94494e-09
0 2.94494e-09
0 2.94494e-09
0 2.94494e-09
0 2.94494e-09
0 2.94494e-09
0 2.94494e-09
0 2.94494e-09
0 2.94494e-09
0 2.94494e-09
0 2.94494e-09
0 2.94494e-09
0 2.94494e-09
0 2.94494e-09
0 2.94494e-09
0 2.94494e-09
0 2.94494e-09
0 2.94494e-09
0 2.94494e-09
0 2.94494e-09
0 2.94494e-09
0 2.94494e-09
0 2.94494e-09
0 2.94494e-09
0 2.94494e-09
0 2.94494e-09
0 2.94494e-09
0 2.94494e-09
0 2.94494e-09
0 2.94494e-09
0 2.94494e-09
0 2.94494e-09
0 2.94494e-09
0 2.94494e-09
0 2.94494e-09
0 2.94494e-09
0 2.94494e-09
0 2.94494e-09
0 2.94494e-09
0 2.94494e-09
0 2.94494e-09
0 2.94494e-09
0 2.94494e-09
0 2.94494e-09
0 2.94494e-09
0 2.94494e-09
0 2.94494e-09
0 2.94494e-09
0 2.94494e-09
0 2.94494e-09
0 2.94494e-09
0 2.94494e-09
0 2.94494e-09
0 2.94494e-09
0 2.94494e-09
0 2.94494e-09
0 2.94494e-09
0 2.94494e-09
0 2.94494e-09
0 2.94494e-09
0 2.94494e-09
0 2.94494e-09
0 2.94494e-09
0 2.94494e-09
0 2.94494e-09
0 2.94494e-09
0 2.94494e-09
0 2.94494e-09
0 2.94494e-09
0 2.94494e-09
0 2.94494e-09
0 2.94494e-09
0 2.94494e-09
0 2.94494e-09
0 2.94494e-09

