0 0.323886
0 0.320912
0 0.313092
0 0.300922
0 0.285098
0 0.266467
0 0.245934
0 0.224381
0 0.202603
0 0.181263
0 0.160874
0 0.141797
0 0.124255
0 0.108353
0 0.0941083
0 0.0814707
0 0.0703462
0 0.060615
0 0.0521446
0 0.0447991
0 0.0384462
0 0.0329613
0 0.0282272
0 0.0241325
0 0.0205685
0 0.0174361
0 0.0146715
0 0.0122578
0 0.0101904
0 0.00844844
0 0.0069963
0 0.00579335
0 0.00480027
0 0.00398179
0 0.00330756
0 0.00275197
0 0.00229376
0 0.00191539
0 0.00160248
0 0.00134326
0 0.00112812
0 0.00094923
0 0.000800191
0 0.000675777
0 0.000571716
0 0.000484508
0 0.000411284
0 0.000349686
0 0.000297775
0 0.000253948
0 0.000216882
0 0.000185483
0 0.000158841
0 0.0001362
0 0.00011693
0 0.000100505
0 8.64849e-05
0 7.45024e-05
0 6.42475e-05
0 5.54601e-05
0 4.79212e-05
0 4.14458e-05
0 3.58776e-05
0 3.10843e-05
0 2.69538e-05
0 2.33909e-05
0 2.03145e-05
0 1.76558e-05
0 1.53559e-05
0 1.33648e-05
0 1.16394e-05
0 1.01432e-05
0 8.84462e-06
0 7.71675e-06
0 6.73643e-06
0 5.88375e-06
0 5.14159e-06
0 4.49519e-06
0 3.93184e-06
0 3.44056e-06
0 3.01189e-06
0 2.63762e-06
0 2.31068e-06
0 2.02492e-06
0 1.77503e-06
0 1.55639e-06
0 1.36501e-06
0 1.19741e-06
0 1.05057e-06
0 9.21868e-07
0 8.09011e-07
0 7.10014e-07
0 6.2314e-07
0 5.4688e-07
0 4.79915e-07
0 4.21093e-07
0 3.69409e-07
0 3.23986e-07
0 2.84056e-07
0 2.48947e-07
0 2.18071e-07
0 1.90915e-07
0 1.67029e-07
0 1.46016e-07
0 1.27532e-07
0 1.11274e-07
0 9.69741e-08
0 8.44004e-08
0 7.33477e-08
0 6.36361e-08
0 5.51078e-08
0 4.76242e-08
0 4.10635e-08
0 3.53188e-08
0 3.02962e-08
0 2.59134e-08
0 2.20981e-08
0 1.87869e-08
0 1.59241e-08
0 1.34613e-08
0 1.13558e-08
0 9.5706e-09
0 8.07337e-09
0 6.83612e-09
0 5.83464e-09
0 5.04813e-09
0 4.45883e-09
0 4.05173e-09
0 3.8143e-09
0 5.55742e-18
0 5.55302e-18
0 5.54869e-18
0 5.54443e-18
0 5.54025e-18
0 5.53613e-18
0 5.53209e-18
0 5.52811e-18
0 5.52419e-18
0 5.52035e-18
0 5.51656e-18
0 5.51283e-18
0 5.50917e-18
0 5.50556e-18
0 5.502e-18
0 5.49851e-18
0 5.49506e-18
0 5.49167e-18
0 5.48833e-18
0 5.48504e-18
0 5.4818e-18
0 5.47861e-18
0 5.47546e-18
0 5.47237e-18
0 5.46931e-18
0 5.4663e-18
0 5.46333e-18
0 5.46041e-18
0 5.45753e-18
0 5.45468e-18
0 5.45188e-18
0 5.44911e-18
0 5.44639e-18
0 5.4437e-18
0 5.44104e-18
0 5.43843e-18
0 5.43584e-18
0 5.43329e-18
0 5.43078e-18
0 5.4283e-18
0 5.42585e-18
0 5.42343e-18
0 5.42104e-18
0 5.41868e-18
0 5.41636e-18
0 5.41406e-18
0 5.41179e-18
0 5.40955e-18
0 5.40734e-18
0 5.40515e-18
0 5.40299e-18
0 5.40086e-18
0 5.39875e-18
0 5.39667e-18
0 5.39462e-18
0 5.39258e-18
0 5.39057e-18
0 5.38859e-18
0 5.38663e-18
0 5.38469e-18
0 5.38277e-18
0 5.38088e-18
0 5.379e-18
0 5.37715e-18
0 5.37532e-18
0 5.37351e-18
0 5.37172e-18
0 5.36995e-18
0 5.36819e-18
0 5.36646e-18
0 5.36475e-18
0 5.36305e-18
0 5.36138e-18
0 5.35972e-18
0 5.35808e-18
0 5.35645e-18
0 5.35485e-18
0 5.35326e-18
0 5.35168e-18
0 5.35013e-18
0 5.34859e-18
0 5.34706e-18
0 5.34555e-18
0 5.34406e-18
0 5.34258e-18
0 5.34111e-18
0 5.33966e-18
0 5.33823e-18
0 5.33681e-18
0 5.3354e-18
0 5.33401e-18
0 5.33263e-18
0 5.33126e-18
0 5.32991e-18
0 5.32857e-18
0 5.32724e-18
0 5.32593e-18
0 5.32463e-18
0 5.32334e-18
0 5.32206e-18
0 5.3208e-18
0 5.31954e-18
0 5.3183e-18
0 5.31707e-18
0 5.31585e-18
0 5.31464e-18
0 5.31345e-18
0 5.31226e-18
0 5.31108e-18
0 5.30992e-18
0 5.30876e-18
0 5.30762e-18
0 5.30649e-18
0 5.30536e-18
0 5.30425e-18
0 5.30314e-18
0 5.30205e-18
0 5.30096e-18
0 5.29989e-18
0 5.29882e-18
0 5.29776e-18
0 5.29671e-18
0 5.29567e-18
0 5.29464e-18
0 5.29362e-18
0 5.29261e-18
0 5.2916e-18
0 5.2906e-18
0 5.28961e-18
0 5.28863e-18
0 5.28766e-18
0 5.2867e-18
0 5.28574e-18
0 5.28479e-18
0 5.28385e-18
0 5.28292e-18
0 5.28199e-18
0 5.28107e-18
0 5.28016e-18
0 5.27925e-18
0 5.27836e-18
0 5.27747e-18
0 5.27658e-18
0 5.27571e-18
0 5.27484e-18
0 5.27398e-18
0 5.27312e-18
0 5.27227e-18
0 5.27143e-18
0 5.27059e-18
0 5.26976e-18
0 5.26893e-18
0 5.26812e-18
0 5.2673e-18
0 5.2665e-18
0 5.2657e-18
0 5.26491e-18
0 5.26412e-18
0 5.26334e-18
0 5.26256e-18
0 5.26179e-18
0 5.26102e-18
0 5.26026e-18
0 5.25951e-18
0 5.25876e-18
0 5.25802e-18
0 5.25728e-18
0 5.25655e-18
0 5.25582e-18
0 5.2551e-18
0 5.25438e-18
0 5.25367e-18
0 5.25296e-18
0 5.25226e-18
0 5.25156e-18
0 5.25087e-18
0 5.25018e-18
0 5.2495e-18
0 5.24882e-18
0 5.24814e-18
0 5.24747e-18
0 5.24681e-18
0 5.24615e-18
0 5.24549e-18
0 5.24484e-18
0 5.2442e-18
0 5.24355e-18
0 5.24291e-18
0 5.24228e-18
0 5.24165e-18
0 5.24102e-18
0 5.2404e-18
0 5.23979e-18
0 5.23917e-18
0 5.23856e-18
0 5.23796e-18
0 5.23735e-18
0 5.23676e-18
0 5.23616e-18
0 5.23557e-18
0 5.23499e-18
0 5.2344e-18
0 5.23382e-18
0 5.23325e-18
0 5.23268e-18
0 5.23211e-18
0 5.23154e-18
0 5.23098e-18
0 5.23042e-18
0 5.22987e-18
0 5.22932e-18
0 5.22877e-18
0 5.22823e-18
0 5.22769e-18
0 5.22715e-18
0 5.22662e-18
0 5.22609e-18
0 5.22556e-18
0 5.22503e-18
0 5.22451e-18
0 5.22399e-18
0 5.22348e-18
0 5.22297e-18
0 5.22246e-18
0 5.22195e-18
0 5.22145e-18
0 5.22095e-18
0 5.22045e-18
0 5.21996e-18
0 5.21947e-18
0 5.21898e-18
0 5.21849e-18
0 5.21801e-18
0 5.21753e-18
0 5.21705e-18
0 5.21658e-18
0 5.2161e-18
0 5.21564e-18
0 5.21517e-18
0 5.21471e-18
0 5.21424e-18
0 5.21379e-18
0 5.21333e-18
0 5.21288e-18
0 5.21242e-18
0 5.21198e-18
0 5.21153e-18
0 5.21109e-18
0 5.21065e-18
0 5.21021e-18
0 5.20977e-18
0 5.20934e-18
0 5.20891e-18
0 5.20848e-18
0 5.20805e-18
0 5.20763e-18
0 5.2072e-18
0 5.20678e-18
0 5.20637e-18
0 5.20595e-18
0 5.20554e-18
0 5.20513e-18
0 5.20472e-18
0 5.20431e-18
0 5.20391e-18
0 5.2035e-18
0 5.2031e-18
0 5.20271e-18
0 5.20231e-18
0 5.20192e-18
0 5.20152e-18
0 5.20113e-18
0 5.20075e-18
0 5.20036e-18
0 5.19998e-18
0 5.1996e-18
0 5.19922e-18
0 5.19884e-18
0 5.19846e-18
0 5.19809e-18
0 5.19772e-18
0 5.19735e-18
0 5.19698e-18
0 5.19661e-18
0 5.19625e-18
0 5.19588e-18
0 5.19552e-18
0 5.19516e-18
0 5.1948e-18
0 5.19445e-18
0 5.1941e-18
0 5.19374e-18
0 5.19339e-18
0 5.19304e-18
0 5.1927e-18
0 5.19235e-18
0 5.19201e-18
0 5.19167e-18
0 5.19133e-18
0 5.19099e-18
0 5.19065e-18
0 5.19031e-18
0 5.18998e-18
0 5.18965e-18
0 5.18932e-18
0 5.18899e-18
0 5.18866e-18
0 5.18834e-18
0 5.18801e-18
0 5.18769e-18
0 5.18737e-18
0 5.18705e-18
0 5.18673e-18
0 5.18641e-18
0 5.1861e-18
0 5.18578e-18
0 5.18547e-18
0 5.18516e-18
0 5.18485e-18
0 5.18454e-18
0 5.18424e-18
0 5.18393e-18
0 5.18363e-18
0 5.18332e-18
0 5.18302e-18
0 5.18272e-18
0 5.18243e-18
0 5.18213e-18
0 5.18183e-18
0 5.18154e-18
0 5.18125e-18
0 5.18095e-18
0 5.18066e-18
0 5.18037e-18
0 5.18009e-18
0 5.1798e-18
0 5.17951e-18
0 5.17923e-18
0 5.17895e-18
0 5.17867e-18
0 5.17839e-18
0 5.17811e-18
0 5.17783e-18
0 5.17755e-18
0 5.17728e-18
0 5.177e-18
0 5.17673e-18
0 5.17646e-18
0 5.17619e-18
0 5.17592e-18
0 5.17565e-18
0 5.17538e-18
0 5.17512e-18
0 5.17485e-18
0 5.17459e-18
0 5.17433e-18
0 5.17407e-18
0 5.17381e-18
0 5.17355e-18
0 5.17329e-18
0 5.17303e-18
0 5.17278e-18
0 5.17252e-18
0 5.17227e-18
0 5.17201e-18
0 5.17176e-18
0 5.17151e-18
0 5.17126e-18
0 5.17101e-18
0 5.17077e-18
0 5.17052e-18
0 5.17027e-18
0 5.17003e-18
0 5.16979e-18
0 5.16954e-18
0 5.1693e-18
0 5.16906e-18
0 5.16882e-18
0 5.16858e-18
0 5.16835e-18
0 5.16811e-18
0 5.16787e-18
0 5.16764e-18
0 5.16741e-18
0 5.16717e-18
0 5.16694e-18
0 5.16671e-18
0 5.16648e-18
0 5.16625e-18
0 5.16602e-18
0 5.1658e-18
0 5.16557e-18
0 5.16534e-18
0 5.16512e-18
0 5.1649e-18
0 5.16467e-18
0 5.16445e-18
0 5.16423e-18
0 5.16401e-18
0 5.16379e-18
0 5.16357e-18
0 5.16335e-18
0 5.16314e-18
0 5.16292e-18
0 5.16271e-18
0 5.16249e-18
0 5.16228e-18
0 5.16207e-18
0 5.16185e-18
0 5.16164e-18
0 5.16143e-18
0 5.16122e-18
0 5.16102e-18
0 5.16081e-18
0 5.1606e-18
0 5.16039e-18
0 5.16019e-18
0 5.15998e-18
0 5.15978e-18
0 5.15958e-18
0 5.15937e-18
0 5.15917e-18
0 5.15897e-18
0 5.15877e-18
0 5.15857e-18
0 5.15837e-18
0 5.15818e-18
0 5.15798e-18
0 5.15778e-18
0 5.15759e-18
0 5.15739e-18
0 5.1572e-18
0 5.157e-18
0 5.15681e-18
0 5.15662e-18
0 5.15643e-18
0 5.15624e-18
0 5.15605e-18
0 5.15586e-18
0 5.15567e-18
0 5.15548e-18
0 5.15529e-18
0 5.15511e-18
0 5.15492e-18
0 5.15473e-18
0 5.15455e-18
0 5.15437e-18
0 5.15418e-18
0 5.154e-18
0 5.15382e-18
0 5.15364e-18
0 5.15345e-18
0 5.15327e-18
0 5.1531e-18
0 5.15292e-18
0 5.15274e-18
0 5.15256e-18
0 5.15238e-18
0 5.15221e-18
0 5.15203e-18
0 5.15186e-18
0 5.15168e-18
0 5.15151e-18
0 5.15133e-18
0 5.15116e-18
0 5.15099e-18
0 5.15082e-18
0 5.15065e-18
0 5.15048e-18
0 5.15031e-18
0 5.15014e-18
0 5.14997e-18
0 5.1498e-18
0 5.14963e-18
0 5.14947e-18
0 5.1493e-18
0 5.14913e-18
0 5.14897e-18
0 5.1488e-18
0 5.14864e-18
0 5.14848e-18
0 5.14831e-18
0 5.14815e-18
0 5.14799e-18
0 5.14783e-18
0 5.14767e-18
0 5.14751e-18
0 5.14735e-18
0 5.14719e-18
0 5.14703e-18
0 5.14687e-18
0 5.14671e-18
0 5.14656e-18
0 5.1464e-18
0 5.14624e-18
0 5.14609e-18
0 5.14593e-18
0 5.14578e-18
0 5.14562e-18
0 5.14547e-18
0 5.14532e-18
0 5.14517e-18
0 5.14501e-18
0 5.14486e-18
0 5.14471e-18
0 5.14456e-18
0 5.14441e-18
0 5.14426e-18
0 5.14411e-18
0 5.14396e-18
0 5.14381e-18
0 5.14367e-18
0 5.14352e-18
0 5.14337e-18
0 5.14323e-18
0 5.14308e-18
0 5.14293e-18
0 5.14279e-18
0 5.14265e-18
0 5.1425e-18
0 5.14236e-18
0 5.14221e-18
0 5.14207e-18
0 5.14193e-18
0 5.14179e-18
0 5.14165e-18
0 5.14151e-18
0 5.14137e-18
0 5.14123e-18
0 5.14109e-18
0 5.14095e-18
0 5.14081e-18
0 5.14067e-18
0 5.14053e-18
0 5.1404e-18
0 5.14026e-18
0 5.14012e-18
0 5.13999e-18
0 5.13985e-18
0 5.13971e-18
0 5.13958e-18
0 5.13944e-18
0 5.13931e-18
0 5.13918e-18
0 5.13904e-18
0 5.13891e-18
0 5.13878e-18
0 5.13865e-18
0 5.13852e-18
0 5.13838e-18
0 5.13825e-18
0 5.13812e-18
0 5.13799e-18
0 5.13786e-18
0 5.13773e-18
0 5.1376e-18
0 5.13748e-18
0 5.13735e-18
0 5.13722e-18
0 5.13709e-18
0 5.13697e-18
0 5.13684e-18
0 5.13671e-18
0 5.13659e-18
0 5.13646e-18
0 5.13634e-18
0 5.13621e-18
0 5.13609e-18
0 5.13596e-18
0 5.13584e-18
0 5.13572e-18
0 5.13559e-18
0 5.13547e-18
0 5.13535e-18
0 5.13523e-18
0 5.13511e-18
0 5.13498e-18
0 5.13486e-18
0 5.13474e-18
0 5.13462e-18
0 5.1345e-18
0 5.13438e-18
0 5.13426e-18
0 5.13415e-18
0 5.13403e-18
0 5.13391e-18
0 5.13379e-18
0 5.13367e-18
0 5.13356e-18
0 5.13344e-18
0 5.13332e-18
0 5.13321e-18
0 5.13309e-18
0 5.13298e-18
0 5.13286e-18
0 5.13275e-18
0 5.13263e-18
0 5.13252e-18
0 5.1324e-18
0 5.13229e-18
0 5.13218e-18
0 5.13207e-18
0 5.13195e-18
0 5.13184e-18
0 5.13173e-18
0 5.13162e-18
0 5.13151e-18
0 5.13139e-18
0 5.13128e-18
0 5.13117e-18
0 5.13106e-18
0 5.13095e-18
0 5.13084e-18
0 5.13074e-18
0 5.13063e-18
0 5.13052e-18
0 5.13041e-18
0 5.1303e-18
0 5.13019e-18
0 5.13009e-18
0 5.12998e-18
0 5.12987e-18
0 5.12977e-18
0 5.12966e-18
0 5.12955e-18
0 5.12945e-18
0 5.12934e-18
0 5.12924e-18
0 5.12913e-18
0 5.12903e-18
0 5.12892e-18
0 5.12882e-18
0 5.12872e-18
0 5.12861e-18
0 5.12851e-18
0 5.12841e-18
0 5.12831e-18
0 5.1282e-18
0 5.1281e-18
0 5.128e-18
0 5.1279e-18
0 5.1278e-18
0 5.1277e-18
0 5.1276e-18
0 5.1275e-18
0 5.12739e-18
0 5.1273e-18
0 5.1272e-18
0 5.1271e-18
0 5.127e-18
0 5.1269e-18
0 5.1268e-18
0 5.1267e-18
0 5.1266e-18
0 5.12651e-18
0 5.12641e-18
0 5.12631e-18
0 5.12621e-18
0 5.12612e-18
0 5.12602e-18
0 5.12592e-18
0 5.12583e-18
0 5.12573e-18
0 5.12564e-18
0 5.12554e-18
0 5.12545e-18
0 5.12535e-18
0 5.12526e-18
0 5.12516e-18
0 5.12507e-18
0 5.12498e-18
0 5.12488e-18
0 5.12479e-18
0 5.12469e-18
0 5.1246e-18
0 5.12451e-18
0 5.12442e-18
0 5.12432e-18
0 5.12423e-18
0 5.12414e-18
0 5.12405e-18
0 5.12396e-18
0 5.12387e-18
0 5.12378e-18
0 5.12369e-18
0 5.1236e-18
0 5.12351e-18
0 5.12342e-18
0 5.12333e-18
0 5.12324e-18
0 5.12315e-18
0 5.12306e-18
0 5.12297e-18
0 5.12288e-18
0 5.12279e-18
0 5.1227e-18
0 5.12262e-18
0 5.12253e-18
0 5.12244e-18
0 5.12235e-18
0 5.12227e-18
0 5.12218e-18
0 5.12209e-18
0 5.12201e-18
0 5.12192e-18
0 5.12184e-18
0 5.12175e-18
0 5.12166e-18
0 5.12158e-18
0 5.12149e-18
0 5.12141e-18
0 5.12132e-18
0 5.12124e-18
0 5.12116e-18
0 5.12107e-18
0 5.12099e-18
0 5.1209e-18
0 5.12082e-18
0 5.12074e-18
0 5.12065e-18
0 5.12057e-18
0 5.12049e-18
0 5.12041e-18
0 5.12032e-18
0 5.12024e-18
0 5.12016e-18
0 5.12008e-18
0 5.12e-18
0 5.11991e-18
0 5.11983e-18
0 5.11975e-18
0 5.11967e-18
0 5.11959e-18
0 5.11951e-18
0 5.11943e-18
0 5.11935e-18
0 5.11927e-18
0 5.11919e-18
0 5.11911e-18
0 5.11903e-18
0 5.11895e-18
0 5.11887e-18
0 5.1188e-18
0 5.11872e-18
0 5.11864e-18
0 5.11856e-18
0 5.11848e-18
0 5.1184e-18
0 5.11833e-18
0 5.11825e-18
0 5.11817e-18
0 5.1181e-18
0 5.11802e-18
0 5.11794e-18
0 5.11787e-18
0 5.11779e-18
0 5.11771e-18
0 5.11764e-18
0 5.11756e-18
0 5.11749e-18
0 5.11741e-18
0 5.11733e-18
0 5.11726e-18
0 5.11718e-18
0 5.11711e-18
0 5.11704e-18
0 5.11696e-18
0 5.11689e-18
0 5.11681e-18
0 5.11674e-18
0 5.11666e-18
0 5.11659e-18
0 5.11652e-18
0 5.11644e-18
0 5.11637e-18
0 5.1163e-18
0 5.11623e-18
0 5.11615e-18
0 5.11608e-18
0 5.11601e-18
0 5.11594e-18
0 5.11586e-18
0 5.11579e-18
0 5.11572e-18
0 5.11565e-18
0 5.11558e-18
0 5.11551e-18
0 5.11544e-18
0 5.11536e-18
0 5.11529e-18
0 5.11522e-18
0 5.11515e-18
0 5.11508e-18
0 5.11501e-18
0 5.11494e-18
0 5.11487e-18
0 5.1148e-18
0 5.11473e-18
0 5.11466e-18
0 5.11459e-18
0 5.11453e-18
0 5.11446e-18
0 5.11439e-18
0 5.11432e-18
0 5.11425e-18
0 5.11418e-18
0 5.11412e-18
0 5.11405e-18
0 5.11398e-18
0 5.11391e-18
0 5.11384e-18
0 5.11378e-18
0 5.11371e-18
0 5.11364e-18
0 5.11358e-18
0 5.11351e-18
0 5.11344e-18
0 5.11338e-18
0 5.11331e-18
0 5.11324e-18
0 5.11318e-18
0 5.11311e-18
0 5.11304e-18
0 5.11298e-18
0 5.11291e-18
0 5.11285e-18
0 5.11278e-18
0 5.11272e-18
0 5.11265e-18
0 5.11259e-18
0 5.11252e-18
0 5.11246e-18
0 5.11239e-18
0 5.11233e-18
0 5.11227e-18
0 5.1122e-18
0 5.11214e-18
0 5.11207e-18
0 5.11201e-18
0 5.11195e-18
0 5.11188e-18
0 5.11182e-18
0 5.11176e-18
0 5.11169e-18
0 5.11163e-18
0 5.11157e-18
0 5.11151e-18
0 5.11144e-18
0 5.11138e-18
0 5.11132e-18
0 5.11126e-18
0 5.1112e-18
0 5.11113e-18
0 5.11107e-18
0 5.11101e-18
0 5.11095e-18
0 5.11089e-18
0 5.11083e-18
0 5.11077e-18
0 5.11071e-18
0 5.11064e-18
0 5.11058e-18
0 5.11052e-18
0 5.11046e-18
0 5.1104e-18
0 5.11034e-18
0 5.11028e-18
0 5.11022e-18
0 5.11016e-18
0 5.1101e-18
0 5.11004e-18

