0 48540.3
0 2941.22
0 584.819
0 240.295
0 129.948
0 80.7386
0 54.4808
0 38.803
0 28.6956
0 21.8055
0 16.9054
0 13.3027
0 10.5826
0 8.48416
0 6.83685
0 5.52583
0 4.47184
0 3.61937
0 2.92913
0 2.37217
0 1.92493
0 1.56682
0 1.28006
0 1.04996
0 0.864716
0 0.715019
0 0.593549
0 0.494568
0 0.413576
0 0.347034
0 0.292146
0 0.246699
0 0.208932
0 0.177436
0 0.151083
0 0.128963
0 0.11034
0 0.0946161
0 0.0813035
0 0.0700032
0 0.0603873
0 0.0521857
0 0.0451746
0 0.0391686
0 0.0340131
0 0.0295792
0 0.025759
0 0.0224617
0 0.0196111
0 0.0171427
0 0.0150021
0 0.0131429
0 0.0115261
0 0.0101181
0 0.00889047
0 0.00781875
0 0.00688208
0 0.00606254
0 0.00534471
0 0.00471534
0 0.00416298
0 0.00367776
0 0.00325113
0 0.0028757
0 0.00254505
0 0.00225361
0 0.00199652
0 0.00176958
0 0.00156911
0 0.00139191
0 0.00123516
0 0.00109643
0 0.000973567
0 0.000864697
0 0.000768174
0 0.000682552
0 0.000606563
0 0.00053909
0 0.000479153
0 0.000425886
0 0.000378529
0 0.00033641
0 0.000298935
0 0.000265583
0 0.000235889
0 0.000209446
0 0.000185892
0 0.000164906
0 0.000146204
0 0.000129537
0 0.000114679
0 0.000101434
0 8.96267e-05
0 7.91005e-05
0 6.97172e-05
0 6.13536e-05
0 5.39005e-05
0 4.72605e-05
0 4.13469e-05
0 3.60829e-05
0 3.13997e-05
0 2.72363e-05
0 2.35382e-05
0 2.02571e-05
0 1.73498e-05
0 1.47778e-05
0 1.25069e-05
0 1.05065e-05
0 8.74963e-06
0 7.21202e-06
0 5.87221e-06
0 4.7111e-06
0 3.71173e-06
0 2.85907e-06
0 2.13981e-06
0 1.5422e-06
0 1.05588e-06
0 6.71748e-07
0 3.81854e-07
0 1.79275e-07
0 5.80302e-08
0 1.29966e-08
0 4.10188e-15
0 4.09865e-15
0 4.09546e-15
0 4.09234e-15
0 4.08927e-15
0 4.08625e-15
0 4.08328e-15
0 4.08037e-15
0 4.0775e-15
0 4.07468e-15
0 4.07191e-15
0 4.06918e-15
0 4.0665e-15
0 4.06386e-15
0 4.06126e-15
0 4.0587e-15
0 4.05618e-15
0 4.05371e-15
0 4.05127e-15
0 4.04886e-15
0 4.0465e-15
0 4.04417e-15
0 4.04187e-15
0 4.03961e-15
0 4.03739e-15
0 4.03519e-15
0 4.03303e-15
0 4.0309e-15
0 4.0288e-15
0 4.02673e-15
0 4.02469e-15
0 4.02268e-15
0 4.02069e-15
0 4.01873e-15
0 4.0168e-15
0 4.0149e-15
0 4.01302e-15
0 4.01117e-15
0 4.00934e-15
0 4.00754e-15
0 4.00576e-15
0 4.004e-15
0 4.00227e-15
0 4.00056e-15
0 3.99887e-15
0 3.99721e-15
0 3.99556e-15
0 3.99393e-15
0 3.99233e-15
0 3.99075e-15
0 3.98918e-15
0 3.98763e-15
0 3.98611e-15
0 3.9846e-15
0 3.98311e-15
0 3.98164e-15
0 3.98018e-15
0 3.97875e-15
0 3.97733e-15
0 3.97592e-15
0 3.97454e-15
0 3.97317e-15
0 3.97181e-15
0 3.97047e-15
0 3.96915e-15
0 3.96784e-15
0 3.96654e-15
0 3.96526e-15
0 3.964e-15
0 3.96275e-15
0 3.96151e-15
0 3.96028e-15
0 3.95907e-15
0 3.95788e-15
0 3.95669e-15
0 3.95552e-15
0 3.95436e-15
0 3.95321e-15
0 3.95208e-15
0 3.95095e-15
0 3.94984e-15
0 3.94874e-15
0 3.94765e-15
0 3.94658e-15
0 3.94551e-15
0 3.94446e-15
0 3.94341e-15
0 3.94238e-15
0 3.94135e-15
0 3.94034e-15
0 3.93934e-15
0 3.93834e-15
0 3.93736e-15
0 3.93638e-15
0 3.93542e-15
0 3.93446e-15
0 3.93352e-15
0 3.93258e-15
0 3.93165e-15
0 3.93073e-15
0 3.92982e-15
0 3.92892e-15
0 3.92803e-15
0 3.92714e-15
0 3.92627e-15
0 3.9254e-15
0 3.92454e-15
0 3.92368e-15
0 3.92284e-15
0 3.922e-15
0 3.92117e-15
0 3.92035e-15
0 3.91953e-15
0 3.91873e-15
0 3.91793e-15
0 3.91713e-15
0 3.91635e-15
0 3.91557e-15
0 3.91479e-15
0 3.91403e-15
0 3.91327e-15
0 3.91252e-15
0 3.91177e-15
0 3.91103e-15
0 3.91029e-15
0 3.90957e-15
0 3.90885e-15
0 3.90813e-15
0 3.90742e-15
0 3.90672e-15
0 3.90602e-15
0 3.90533e-15
0 3.90464e-15
0 3.90396e-15
0 3.90329e-15
0 3.90262e-15
0 3.90195e-15
0 3.90129e-15
0 3.90064e-15
0 3.89999e-15
0 3.89935e-15
0 3.89871e-15
0 3.89808e-15
0 3.89745e-15
0 3.89683e-15
0 3.89621e-15
0 3.89559e-15
0 3.89499e-15
0 3.89438e-15
0 3.89378e-15
0 3.89319e-15
0 3.8926e-15
0 3.89201e-15
0 3.89143e-15
0 3.89085e-15
0 3.89028e-15
0 3.88971e-15
0 3.88915e-15
0 3.88859e-15
0 3.88803e-15
0 3.88748e-15
0 3.88693e-15
0 3.88639e-15
0 3.88585e-15
0 3.88531e-15
0 3.88478e-15
0 3.88425e-15
0 3.88373e-15
0 3.88321e-15
0 3.88269e-15
0 3.88218e-15
0 3.88167e-15
0 3.88116e-15
0 3.88066e-15
0 3.88016e-15
0 3.87967e-15
0 3.87918e-15
0 3.87869e-15
0 3.8782e-15
0 3.87772e-15
0 3.87724e-15
0 3.87677e-15
0 3.8763e-15
0 3.87583e-15
0 3.87536e-15
0 3.8749e-15
0 3.87444e-15
0 3.87398e-15
0 3.87353e-15
0 3.87308e-15
0 3.87263e-15
0 3.87219e-15
0 3.87175e-15
0 3.87131e-15
0 3.87087e-15
0 3.87044e-15
0 3.87001e-15
0 3.86958e-15
0 3.86916e-15
0 3.86874e-15
0 3.86832e-15
0 3.8679e-15
0 3.86749e-15
0 3.86708e-15
0 3.86667e-15
0 3.86627e-15
0 3.86586e-15
0 3.86546e-15
0 3.86506e-15
0 3.86467e-15
0 3.86428e-15
0 3.86388e-15
0 3.8635e-15
0 3.86311e-15
0 3.86273e-15
0 3.86235e-15
0 3.86197e-15
0 3.86159e-15
0 3.86122e-15
0 3.86084e-15
0 3.86048e-15
0 3.86011e-15
0 3.85974e-15
0 3.85938e-15
0 3.85902e-15
0 3.85866e-15
0 3.8583e-15
0 3.85795e-15
0 3.8576e-15
0 3.85725e-15
0 3.8569e-15
0 3.85655e-15
0 3.85621e-15
0 3.85586e-15
0 3.85552e-15
0 3.85519e-15
0 3.85485e-15
0 3.85452e-15
0 3.85418e-15
0 3.85385e-15
0 3.85352e-15
0 3.8532e-15
0 3.85287e-15
0 3.85255e-15
0 3.85223e-15
0 3.85191e-15
0 3.85159e-15
0 3.85127e-15
0 3.85096e-15
0 3.85065e-15
0 3.85034e-15
0 3.85003e-15
0 3.84972e-15
0 3.84941e-15
0 3.84911e-15
0 3.84881e-15
0 3.84851e-15
0 3.84821e-15
0 3.84791e-15
0 3.84762e-15
0 3.84732e-15
0 3.84703e-15
0 3.84674e-15
0 3.84645e-15
0 3.84616e-15
0 3.84587e-15
0 3.84559e-15
0 3.84531e-15
0 3.84502e-15
0 3.84474e-15
0 3.84446e-15
0 3.84419e-15
0 3.84391e-15
0 3.84364e-15
0 3.84336e-15
0 3.84309e-15
0 3.84282e-15
0 3.84255e-15
0 3.84228e-15
0 3.84202e-15
0 3.84175e-15
0 3.84149e-15
0 3.84123e-15
0 3.84097e-15
0 3.84071e-15
0 3.84045e-15
0 3.84019e-15
0 3.83994e-15
0 3.83968e-15
0 3.83943e-15
0 3.83918e-15
0 3.83893e-15
0 3.83868e-15
0 3.83843e-15
0 3.83818e-15
0 3.83794e-15
0 3.83769e-15
0 3.83745e-15
0 3.83721e-15
0 3.83697e-15
0 3.83673e-15
0 3.83649e-15
0 3.83625e-15
0 3.83601e-15
0 3.83578e-15
0 3.83554e-15
0 3.83531e-15
0 3.83508e-15
0 3.83485e-15
0 3.83462e-15
0 3.83439e-15
0 3.83416e-15
0 3.83394e-15
0 3.83371e-15
0 3.83349e-15
0 3.83327e-15
0 3.83304e-15
0 3.83282e-15
0 3.8326e-15
0 3.83238e-15
0 3.83217e-15
0 3.83195e-15
0 3.83173e-15
0 3.83152e-15
0 3.8313e-15
0 3.83109e-15
0 3.83088e-15
0 3.83067e-15
0 3.83046e-15
0 3.83025e-15
0 3.83004e-15
0 3.82983e-15
0 3.82963e-15
0 3.82942e-15
0 3.82922e-15
0 3.82901e-15
0 3.82881e-15
0 3.82861e-15
0 3.82841e-15
0 3.82821e-15
0 3.82801e-15
0 3.82781e-15
0 3.82761e-15
0 3.82742e-15
0 3.82722e-15
0 3.82703e-15
0 3.82683e-15
0 3.82664e-15
0 3.82645e-15
0 3.82626e-15
0 3.82607e-15
0 3.82588e-15
0 3.82569e-15
0 3.8255e-15
0 3.82531e-15
0 3.82513e-15
0 3.82494e-15
0 3.82475e-15
0 3.82457e-15
0 3.82439e-15
0 3.82421e-15
0 3.82402e-15
0 3.82384e-15
0 3.82366e-15
0 3.82348e-15
0 3.8233e-15
0 3.82313e-15
0 3.82295e-15
0 3.82277e-15
0 3.8226e-15
0 3.82242e-15
0 3.82225e-15
0 3.82207e-15
0 3.8219e-15
0 3.82173e-15
0 3.82156e-15
0 3.82139e-15
0 3.82122e-15
0 3.82105e-15
0 3.82088e-15
0 3.82071e-15
0 3.82054e-15
0 3.82038e-15
0 3.82021e-15
0 3.82005e-15
0 3.81988e-15
0 3.81972e-15
0 3.81955e-15
0 3.81939e-15
0 3.81923e-15
0 3.81907e-15
0 3.81891e-15
0 3.81875e-15
0 3.81859e-15
0 3.81843e-15
0 3.81827e-15
0 3.81811e-15
0 3.81796e-15
0 3.8178e-15
0 3.81765e-15
0 3.81749e-15
0 3.81734e-15
0 3.81718e-15
0 3.81703e-15
0 3.81688e-15
0 3.81672e-15
0 3.81657e-15
0 3.81642e-15
0 3.81627e-15
0 3.81612e-15
0 3.81597e-15
0 3.81582e-15
0 3.81568e-15
0 3.81553e-15
0 3.81538e-15
0 3.81524e-15
0 3.81509e-15
0 3.81494e-15
0 3.8148e-15
0 3.81466e-15
0 3.81451e-15
0 3.81437e-15
0 3.81423e-15
0 3.81409e-15
0 3.81394e-15
0 3.8138e-15
0 3.81366e-15
0 3.81352e-15
0 3.81338e-15
0 3.81324e-15
0 3.81311e-15
0 3.81297e-15
0 3.81283e-15
0 3.81269e-15
0 3.81256e-15
0 3.81242e-15
0 3.81229e-15
0 3.81215e-15
0 3.81202e-15
0 3.81188e-15
0 3.81175e-15
0 3.81162e-15
0 3.81149e-15
0 3.81135e-15
0 3.81122e-15
0 3.81109e-15
0 3.81096e-15
0 3.81083e-15
0 3.8107e-15
0 3.81057e-15
0 3.81044e-15
0 3.81032e-15
0 3.81019e-15
0 3.81006e-15
0 3.80993e-15
0 3.80981e-15
0 3.80968e-15
0 3.80956e-15
0 3.80943e-15
0 3.80931e-15
0 3.80918e-15
0 3.80906e-15
0 3.80894e-15
0 3.80881e-15
0 3.80869e-15
0 3.80857e-15
0 3.80845e-15
0 3.80833e-15
0 3.8082e-15
0 3.80808e-15
0 3.80796e-15
0 3.80784e-15
0 3.80773e-15
0 3.80761e-15
0 3.80749e-15
0 3.80737e-15
0 3.80725e-15
0 3.80714e-15
0 3.80702e-15
0 3.8069e-15
0 3.80679e-15
0 3.80667e-15
0 3.80656e-15
0 3.80644e-15
0 3.80633e-15
0 3.80621e-15
0 3.8061e-15
0 3.80599e-15
0 3.80587e-15
0 3.80576e-15
0 3.80565e-15
0 3.80554e-15
0 3.80543e-15
0 3.80532e-15
0 3.80521e-15
0 3.80509e-15
0 3.80498e-15
0 3.80488e-15
0 3.80477e-15
0 3.80466e-15
0 3.80455e-15
0 3.80444e-15
0 3.80433e-15
0 3.80423e-15
0 3.80412e-15
0 3.80401e-15
0 3.80391e-15
0 3.8038e-15
0 3.80369e-15
0 3.80359e-15
0 3.80348e-15
0 3.80338e-15
0 3.80328e-15
0 3.80317e-15
0 3.80307e-15
0 3.80296e-15
0 3.80286e-15
0 3.80276e-15
0 3.80266e-15
0 3.80255e-15
0 3.80245e-15
0 3.80235e-15
0 3.80225e-15
0 3.80215e-15
0 3.80205e-15
0 3.80195e-15
0 3.80185e-15
0 3.80175e-15
0 3.80165e-15
0 3.80155e-15
0 3.80145e-15
0 3.80136e-15
0 3.80126e-15
0 3.80116e-15
0 3.80106e-15
0 3.80097e-15
0 3.80087e-15
0 3.80077e-15
0 3.80068e-15
0 3.80058e-15
0 3.80049e-15
0 3.80039e-15
0 3.8003e-15
0 3.8002e-15
0 3.80011e-15
0 3.80001e-15
0 3.79992e-15
0 3.79982e-15
0 3.79973e-15
0 3.79964e-15
0 3.79955e-15
0 3.79945e-15
0 3.79936e-15
0 3.79927e-15
0 3.79918e-15
0 3.79909e-15
0 3.799e-15
0 3.79891e-15
0 3.79882e-15
0 3.79872e-15
0 3.79864e-15
0 3.79855e-15
0 3.79846e-15
0 3.79837e-15
0 3.79828e-15
0 3.79819e-15
0 3.7981e-15
0 3.79801e-15
0 3.79793e-15
0 3.79784e-15
0 3.79775e-15
0 3.79766e-15
0 3.79758e-15
0 3.79749e-15
0 3.7974e-15
0 3.79732e-15
0 3.79723e-15
0 3.79715e-15
0 3.79706e-15
0 3.79698e-15
0 3.79689e-15
0 3.79681e-15
0 3.79672e-15
0 3.79664e-15
0 3.79656e-15
0 3.79647e-15
0 3.79639e-15
0 3.79631e-15
0 3.79622e-15
0 3.79614e-15
0 3.79606e-15
0 3.79598e-15
0 3.79589e-15
0 3.79581e-15
0 3.79573e-15
0 3.79565e-15
0 3.79557e-15
0 3.79549e-15
0 3.79541e-15
0 3.79533e-15
0 3.79525e-15
0 3.79517e-15
0 3.79509e-15
0 3.79501e-15
0 3.79493e-15
0 3.79485e-15
0 3.79477e-15
0 3.79469e-15
0 3.79461e-15
0 3.79454e-15
0 3.79446e-15
0 3.79438e-15
0 3.7943e-15
0 3.79423e-15
0 3.79415e-15
0 3.79407e-15
0 3.794e-15
0 3.79392e-15
0 3.79384e-15
0 3.79377e-15
0 3.79369e-15
0 3.79362e-15
0 3.79354e-15
0 3.79347e-15
0 3.79339e-15
0 3.79332e-15
0 3.79324e-15
0 3.79317e-15
0 3.79309e-15
0 3.79302e-15
0 3.79295e-15
0 3.79287e-15
0 3.7928e-15
0 3.79273e-15
0 3.79265e-15
0 3.79258e-15
0 3.79251e-15
0 3.79243e-15
0 3.79236e-15
0 3.79229e-15
0 3.79222e-15
0 3.79215e-15
0 3.79208e-15
0 3.792e-15
0 3.79193e-15
0 3.79186e-15
0 3.79179e-15
0 3.79172e-15
0 3.79165e-15
0 3.79158e-15
0 3.79151e-15
0 3.79144e-15
0 3.79137e-15
0 3.7913e-15
0 3.79123e-15
0 3.79117e-15
0 3.7911e-15
0 3.79103e-15
0 3.79096e-15
0 3.79089e-15
0 3.79082e-15
0 3.79076e-15
0 3.79069e-15
0 3.79062e-15
0 3.79055e-15
0 3.79049e-15
0 3.79042e-15
0 3.79035e-15
0 3.79028e-15
0 3.79022e-15
0 3.79015e-15
0 3.79009e-15
0 3.79002e-15
0 3.78995e-15
0 3.78989e-15
0 3.78982e-15
0 3.78976e-15
0 3.78969e-15
0 3.78963e-15
0 3.78956e-15
0 3.7895e-15
0 3.78943e-15
0 3.78937e-15
0 3.7893e-15
0 3.78924e-15
0 3.78918e-15
0 3.78911e-15
0 3.78905e-15
0 3.78899e-15
0 3.78892e-15
0 3.78886e-15
0 3.7888e-15
0 3.78873e-15
0 3.78867e-15
0 3.78861e-15
0 3.78855e-15
0 3.78848e-15
0 3.78842e-15
0 3.78836e-15
0 3.7883e-15
0 3.78824e-15
0 3.78818e-15
0 3.78811e-15
0 3.78805e-15
0 3.78799e-15
0 3.78793e-15
0 3.78787e-15
0 3.78781e-15
0 3.78775e-15
0 3.78769e-15
0 3.78763e-15
0 3.78757e-15
0 3.78751e-15
0 3.78745e-15
0 3.78739e-15
0 3.78733e-15
0 3.78727e-15
0 3.78721e-15
0 3.78716e-15
0 3.7871e-15
0 3.78704e-15
0 3.78698e-15
0 3.78692e-15
0 3.78686e-15
0 3.7868e-15
0 3.78675e-15
0 3.78669e-15
0 3.78663e-15
0 3.78657e-15
0 3.78652e-15
0 3.78646e-15
0 3.7864e-15
0 3.78635e-15
0 3.78629e-15
0 3.78623e-15
0 3.78618e-15
0 3.78612e-15
0 3.78606e-15
0 3.78601e-15
0 3.78595e-15
0 3.78589e-15
0 3.78584e-15
0 3.78578e-15
0 3.78573e-15
0 3.78567e-15
0 3.78562e-15
0 3.78556e-15
0 3.78551e-15
0 3.78545e-15
0 3.7854e-15
0 3.78534e-15
0 3.78529e-15
0 3.78523e-15
0 3.78518e-15
0 3.78513e-15
0 3.78507e-15
0 3.78502e-15
0 3.78496e-15
0 3.78491e-15
0 3.78486e-15
0 3.7848e-15
0 3.78475e-15
0 3.7847e-15
0 3.78464e-15
0 3.78459e-15
0 3.78454e-15
0 3.78449e-15
0 3.78443e-15
0 3.78438e-15
0 3.78433e-15
0 3.78428e-15
0 3.78423e-15
0 3.78417e-15
0 3.78412e-15
0 3.78407e-15
0 3.78402e-15
0 3.78397e-15
0 3.78392e-15
0 3.78386e-15
0 3.78381e-15
0 3.78376e-15
0 3.78371e-15
0 3.78366e-15
0 3.78361e-15
0 3.78356e-15
0 3.78351e-15
0 3.78346e-15
0 3.78341e-15
0 3.78336e-15
0 3.78331e-15
0 3.78326e-15
0 3.78321e-15
0 3.78316e-15
0 3.78311e-15
0 3.78306e-15
0 3.78301e-15
0 3.78296e-15
0 3.78291e-15
0 3.78286e-15
0 3.78282e-15
0 3.78277e-15
0 3.78272e-15
0 3.78267e-15
0 3.78262e-15
0 3.78257e-15
0 3.78252e-15
0 3.78248e-15
0 3.78243e-15
0 3.78238e-15
0 3.78233e-15
0 3.78228e-15
0 3.78224e-15
0 3.78219e-15
0 3.78214e-15
0 3.7821e-15
0 3.78205e-15
0 3.782e-15
0 3.78195e-15
0 3.78191e-15
0 3.78186e-15
0 3.78181e-15
0 3.78177e-15
0 3.78172e-15
0 3.78167e-15
0 3.78163e-15
0 3.78158e-15
0 3.78154e-15
0 3.78149e-15
0 3.78144e-15
0 3.7814e-15
0 3.78135e-15
0 3.78131e-15
0 3.78126e-15
0 3.78122e-15
0 3.78117e-15
0 3.78112e-15
0 3.78108e-15
0 3.78103e-15
0 3.78099e-15
0 3.78095e-15
0 3.7809e-15
0 3.78086e-15
0 3.78081e-15
0 3.78077e-15
0 3.78072e-15
0 3.78068e-15
0 3.78063e-15
0 3.78059e-15
0 3.78055e-15
0 3.7805e-15
0 3.78046e-15
0 3.78041e-15
0 3.78037e-15
0 3.78033e-15
0 3.78028e-15
0 3.78024e-15
0 3.7802e-15
0 3.78015e-15
0 3.78011e-15
0 3.78007e-15
0 3.78002e-15
0 3.77998e-15
0 3.77994e-15
0 3.7799e-15
0 3.77985e-15
0 3.77981e-15
0 3.77977e-15
0 3.77973e-15
0 3.77968e-15
0 3.77964e-15
0 3.7796e-15
0 3.77956e-15
0 3.77952e-15
0 3.77947e-15
0 3.77943e-15
0 3.77939e-15
0 3.77935e-15
0 3.77931e-15

