0 0.170898
0 0.169751
0 0.166714
0 0.161929
0 0.155599
0 0.147979
0 0.139356
0 0.130026
0 0.120281
0 0.110386
0 0.100573
0 0.0910354
0 0.0819208
0 0.073337
0 0.0653542
0 0.05801
0 0.0513161
0 0.0452635
0 0.0398275
0 0.0349731
0 0.0306584
0 0.0268379
0 0.0234626
0 0.0204804
0 0.0178344
0 0.0154631
0 0.013313
0 0.0113621
0 0.00962112
0 0.00810164
0 0.00679899
0 0.00569536
0 0.00476724
0 0.00399023
0 0.00334143
0 0.00280046
0 0.00234961
0 0.00197384
0 0.00166048
0 0.00139893
0 0.00118038
0 0.00099752
0 0.000844311
0 0.000715749
0 0.0006077
0 0.000516746
0 0.000440059
0 0.000375297
0 0.000320519
0 0.000274112
0 0.000234736
0 0.000201276
0 0.0001728
0 0.000148532
0 0.000127821
0 0.000110121
0 9.49745e-05
0 8.19972e-05
0 7.08644e-05
0 6.13026e-05
0 5.30806e-05
0 4.60028e-05
0 3.99034e-05
0 3.46418e-05
0 3.00982e-05
0 2.61709e-05
0 2.27731e-05
0 1.98308e-05
0 1.72807e-05
0 1.50685e-05
0 1.31481e-05
0 1.14795e-05
0 1.00286e-05
0 8.76613e-06
0 7.66681e-06
0 6.70888e-06
0 5.87361e-06
0 5.14482e-06
0 4.50853e-06
0 3.95267e-06
0 3.46679e-06
0 3.04184e-06
0 2.66996e-06
0 2.34437e-06
0 2.05915e-06
0 1.80917e-06
0 1.58998e-06
0 1.39769e-06
0 1.22893e-06
0 1.08076e-06
0 9.506e-07
0 8.36227e-07
0 7.35687e-07
0 6.47273e-07
0 5.69496e-07
0 5.01054e-07
0 4.40809e-07
0 3.87763e-07
0 3.41043e-07
0 2.99885e-07
0 2.63619e-07
0 2.31657e-07
0 2.03484e-07
0 1.78647e-07
0 1.56749e-07
0 1.37441e-07
0 1.20416e-07
0 1.05406e-07
0 9.21737e-08
0 8.05101e-08
0 7.02324e-08
0 6.11794e-08
0 5.3209e-08
0 4.61966e-08
0 4.0032e-08
0 3.46187e-08
0 2.98713e-08
0 2.57151e-08
0 2.20841e-08
0 1.89203e-08
0 1.61729e-08
0 1.37972e-08
0 1.17539e-08
0 1.00089e-08
0 8.53205e-09
0 7.29742e-09
0 6.28232e-09
0 5.46722e-09
0 4.83531e-09
0 4.37229e-09
0 4.06611e-09
0 4.07484e-18
0 4.07189e-18
0 4.06899e-18
0 4.06614e-18
0 4.06333e-18
0 4.06058e-18
0 4.05786e-18
0 4.0552e-18
0 4.05257e-18
0 4.04999e-18
0 4.04745e-18
0 4.04495e-18
0 4.04248e-18
0 4.04006e-18
0 4.03767e-18
0 4.03532e-18
0 4.03301e-18
0 4.03073e-18
0 4.02848e-18
0 4.02627e-18
0 4.02409e-18
0 4.02194e-18
0 4.01983e-18
0 4.01774e-18
0 4.01568e-18
0 4.01366e-18
0 4.01166e-18
0 4.00969e-18
0 4.00775e-18
0 4.00583e-18
0 4.00394e-18
0 4.00207e-18
0 4.00024e-18
0 3.99842e-18
0 3.99663e-18
0 3.99487e-18
0 3.99312e-18
0 3.9914e-18
0 3.9897e-18
0 3.98803e-18
0 3.98637e-18
0 3.98474e-18
0 3.98313e-18
0 3.98154e-18
0 3.97996e-18
0 3.97841e-18
0 3.97688e-18
0 3.97536e-18
0 3.97387e-18
0 3.97239e-18
0 3.97093e-18
0 3.96949e-18
0 3.96806e-18
0 3.96665e-18
0 3.96526e-18
0 3.96388e-18
0 3.96252e-18
0 3.96118e-18
0 3.95985e-18
0 3.95854e-18
0 3.95724e-18
0 3.95596e-18
0 3.95469e-18
0 3.95343e-18
0 3.95219e-18
0 3.95096e-18
0 3.94975e-18
0 3.94855e-18
0 3.94736e-18
0 3.94619e-18
0 3.94502e-18
0 3.94387e-18
0 3.94274e-18
0 3.94161e-18
0 3.9405e-18
0 3.9394e-18
0 3.93831e-18
0 3.93723e-18
0 3.93616e-18
0 3.9351e-18
0 3.93406e-18
0 3.93302e-18
0 3.932e-18
0 3.93098e-18
0 3.92998e-18
0 3.92898e-18
0 3.928e-18
0 3.92702e-18
0 3.92606e-18
0 3.9251e-18
0 3.92416e-18
0 3.92322e-18
0 3.92229e-18
0 3.92137e-18
0 3.92046e-18
0 3.91956e-18
0 3.91866e-18
0 3.91778e-18
0 3.9169e-18
0 3.91603e-18
0 3.91517e-18
0 3.91432e-18
0 3.91347e-18
0 3.91264e-18
0 3.91181e-18
0 3.91098e-18
0 3.91017e-18
0 3.90936e-18
0 3.90856e-18
0 3.90777e-18
0 3.90698e-18
0 3.9062e-18
0 3.90543e-18
0 3.90467e-18
0 3.90391e-18
0 3.90316e-18
0 3.90241e-18
0 3.90167e-18
0 3.90094e-18
0 3.90021e-18
0 3.89949e-18
0 3.89878e-18
0 3.89807e-18
0 3.89736e-18
0 3.89667e-18
0 3.89598e-18
0 3.89529e-18
0 3.89461e-18
0 3.89394e-18
0 3.89327e-18
0 3.89261e-18
0 3.89195e-18
0 3.8913e-18
0 3.89065e-18
0 3.89001e-18
0 3.88937e-18
0 3.88874e-18
0 3.88811e-18
0 3.88749e-18
0 3.88687e-18
0 3.88626e-18
0 3.88565e-18
0 3.88505e-18
0 3.88445e-18
0 3.88386e-18
0 3.88327e-18
0 3.88269e-18
0 3.88211e-18
0 3.88153e-18
0 3.88096e-18
0 3.88039e-18
0 3.87983e-18
0 3.87927e-18
0 3.87872e-18
0 3.87817e-18
0 3.87762e-18
0 3.87708e-18
0 3.87654e-18
0 3.87601e-18
0 3.87548e-18
0 3.87495e-18
0 3.87443e-18
0 3.87391e-18
0 3.87339e-18
0 3.87288e-18
0 3.87237e-18
0 3.87187e-18
0 3.87137e-18
0 3.87087e-18
0 3.87038e-18
0 3.86989e-18
0 3.8694e-18
0 3.86892e-18
0 3.86844e-18
0 3.86796e-18
0 3.86749e-18
0 3.86702e-18
0 3.86655e-18
0 3.86609e-18
0 3.86563e-18
0 3.86517e-18
0 3.86471e-18
0 3.86426e-18
0 3.86381e-18
0 3.86337e-18
0 3.86293e-18
0 3.86249e-18
0 3.86205e-18
0 3.86162e-18
0 3.86119e-18
0 3.86076e-18
0 3.86033e-18
0 3.85991e-18
0 3.85949e-18
0 3.85907e-18
0 3.85866e-18
0 3.85825e-18
0 3.85784e-18
0 3.85743e-18
0 3.85703e-18
0 3.85663e-18
0 3.85623e-18
0 3.85583e-18
0 3.85544e-18
0 3.85505e-18
0 3.85466e-18
0 3.85427e-18
0 3.85389e-18
0 3.8535e-18
0 3.85313e-18
0 3.85275e-18
0 3.85237e-18
0 3.852e-18
0 3.85163e-18
0 3.85126e-18
0 3.8509e-18
0 3.85053e-18
0 3.85017e-18
0 3.84981e-18
0 3.84946e-18
0 3.8491e-18
0 3.84875e-18
0 3.8484e-18
0 3.84805e-18
0 3.8477e-18
0 3.84736e-18
0 3.84702e-18
0 3.84668e-18
0 3.84634e-18
0 3.846e-18
0 3.84567e-18
0 3.84533e-18
0 3.845e-18
0 3.84467e-18
0 3.84435e-18
0 3.84402e-18
0 3.8437e-18
0 3.84338e-18
0 3.84306e-18
0 3.84274e-18
0 3.84242e-18
0 3.84211e-18
0 3.8418e-18
0 3.84149e-18
0 3.84118e-18
0 3.84087e-18
0 3.84056e-18
0 3.84026e-18
0 3.83996e-18
0 3.83966e-18
0 3.83936e-18
0 3.83906e-18
0 3.83876e-18
0 3.83847e-18
0 3.83818e-18
0 3.83789e-18
0 3.8376e-18
0 3.83731e-18
0 3.83702e-18
0 3.83674e-18
0 3.83646e-18
0 3.83617e-18
0 3.83589e-18
0 3.83561e-18
0 3.83534e-18
0 3.83506e-18
0 3.83479e-18
0 3.83451e-18
0 3.83424e-18
0 3.83397e-18
0 3.8337e-18
0 3.83344e-18
0 3.83317e-18
0 3.83291e-18
0 3.83264e-18
0 3.83238e-18
0 3.83212e-18
0 3.83186e-18
0 3.8316e-18
0 3.83135e-18
0 3.83109e-18
0 3.83084e-18
0 3.83058e-18
0 3.83033e-18
0 3.83008e-18
0 3.82983e-18
0 3.82959e-18
0 3.82934e-18
0 3.82909e-18
0 3.82885e-18
0 3.82861e-18
0 3.82836e-18
0 3.82812e-18
0 3.82789e-18
0 3.82765e-18
0 3.82741e-18
0 3.82717e-18
0 3.82694e-18
0 3.82671e-18
0 3.82647e-18
0 3.82624e-18
0 3.82601e-18
0 3.82578e-18
0 3.82555e-18
0 3.82533e-18
0 3.8251e-18
0 3.82488e-18
0 3.82465e-18
0 3.82443e-18
0 3.82421e-18
0 3.82399e-18
0 3.82377e-18
0 3.82355e-18
0 3.82333e-18
0 3.82312e-18
0 3.8229e-18
0 3.82269e-18
0 3.82247e-18
0 3.82226e-18
0 3.82205e-18
0 3.82184e-18
0 3.82163e-18
0 3.82142e-18
0 3.82121e-18
0 3.82101e-18
0 3.8208e-18
0 3.8206e-18
0 3.82039e-18
0 3.82019e-18
0 3.81999e-18
0 3.81978e-18
0 3.81958e-18
0 3.81939e-18
0 3.81919e-18
0 3.81899e-18
0 3.81879e-18
0 3.8186e-18
0 3.8184e-18
0 3.81821e-18
0 3.81801e-18
0 3.81782e-18
0 3.81763e-18
0 3.81744e-18
0 3.81725e-18
0 3.81706e-18
0 3.81687e-18
0 3.81668e-18
0 3.8165e-18
0 3.81631e-18
0 3.81613e-18
0 3.81594e-18
0 3.81576e-18
0 3.81558e-18
0 3.81539e-18
0 3.81521e-18
0 3.81503e-18
0 3.81485e-18
0 3.81467e-18
0 3.8145e-18
0 3.81432e-18
0 3.81414e-18
0 3.81397e-18
0 3.81379e-18
0 3.81362e-18
0 3.81344e-18
0 3.81327e-18
0 3.8131e-18
0 3.81293e-18
0 3.81276e-18
0 3.81259e-18
0 3.81242e-18
0 3.81225e-18
0 3.81208e-18
0 3.81191e-18
0 3.81175e-18
0 3.81158e-18
0 3.81141e-18
0 3.81125e-18
0 3.81109e-18
0 3.81092e-18
0 3.81076e-18
0 3.8106e-18
0 3.81044e-18
0 3.81028e-18
0 3.81012e-18
0 3.80996e-18
0 3.8098e-18
0 3.80964e-18
0 3.80948e-18
0 3.80932e-18
0 3.80917e-18
0 3.80901e-18
0 3.80886e-18
0 3.8087e-18
0 3.80855e-18
0 3.8084e-18
0 3.80824e-18
0 3.80809e-18
0 3.80794e-18
0 3.80779e-18
0 3.80764e-18
0 3.80749e-18
0 3.80734e-18
0 3.80719e-18
0 3.80704e-18
0 3.8069e-18
0 3.80675e-18
0 3.8066e-18
0 3.80646e-18
0 3.80631e-18
0 3.80617e-18
0 3.80602e-18
0 3.80588e-18
0 3.80574e-18
0 3.8056e-18
0 3.80545e-18
0 3.80531e-18
0 3.80517e-18
0 3.80503e-18
0 3.80489e-18
0 3.80475e-18
0 3.80461e-18
0 3.80448e-18
0 3.80434e-18
0 3.8042e-18
0 3.80406e-18
0 3.80393e-18
0 3.80379e-18
0 3.80366e-18
0 3.80352e-18
0 3.80339e-18
0 3.80325e-18
0 3.80312e-18
0 3.80299e-18
0 3.80286e-18
0 3.80272e-18
0 3.80259e-18
0 3.80246e-18
0 3.80233e-18
0 3.8022e-18
0 3.80207e-18
0 3.80194e-18
0 3.80182e-18
0 3.80169e-18
0 3.80156e-18
0 3.80143e-18
0 3.80131e-18
0 3.80118e-18
0 3.80105e-18
0 3.80093e-18
0 3.8008e-18
0 3.80068e-18
0 3.80056e-18
0 3.80043e-18
0 3.80031e-18
0 3.80019e-18
0 3.80006e-18
0 3.79994e-18
0 3.79982e-18
0 3.7997e-18
0 3.79958e-18
0 3.79946e-18
0 3.79934e-18
0 3.79922e-18
0 3.7991e-18
0 3.79898e-18
0 3.79886e-18
0 3.79875e-18
0 3.79863e-18
0 3.79851e-18
0 3.7984e-18
0 3.79828e-18
0 3.79816e-18
0 3.79805e-18
0 3.79793e-18
0 3.79782e-18
0 3.79771e-18
0 3.79759e-18
0 3.79748e-18
0 3.79737e-18
0 3.79725e-18
0 3.79714e-18
0 3.79703e-18
0 3.79692e-18
0 3.79681e-18
0 3.7967e-18
0 3.79659e-18
0 3.79648e-18
0 3.79637e-18
0 3.79626e-18
0 3.79615e-18
0 3.79604e-18
0 3.79593e-18
0 3.79582e-18
0 3.79572e-18
0 3.79561e-18
0 3.7955e-18
0 3.7954e-18
0 3.79529e-18
0 3.79518e-18
0 3.79508e-18
0 3.79497e-18
0 3.79487e-18
0 3.79476e-18
0 3.79466e-18
0 3.79456e-18
0 3.79445e-18
0 3.79435e-18
0 3.79425e-18
0 3.79415e-18
0 3.79404e-18
0 3.79394e-18
0 3.79384e-18
0 3.79374e-18
0 3.79364e-18
0 3.79354e-18
0 3.79344e-18
0 3.79334e-18
0 3.79324e-18
0 3.79314e-18
0 3.79304e-18
0 3.79294e-18
0 3.79284e-18
0 3.79275e-18
0 3.79265e-18
0 3.79255e-18
0 3.79245e-18
0 3.79236e-18
0 3.79226e-18
0 3.79216e-18
0 3.79207e-18
0 3.79197e-18
0 3.79188e-18
0 3.79178e-18
0 3.79169e-18
0 3.79159e-18
0 3.7915e-18
0 3.79141e-18
0 3.79131e-18
0 3.79122e-18
0 3.79113e-18
0 3.79103e-18
0 3.79094e-18
0 3.79085e-18
0 3.79076e-18
0 3.79067e-18
0 3.79058e-18
0 3.79048e-18
0 3.79039e-18
0 3.7903e-18
0 3.79021e-18
0 3.79012e-18
0 3.79003e-18
0 3.78994e-18
0 3.78985e-18
0 3.78977e-18
0 3.78968e-18
0 3.78959e-18
0 3.7895e-18
0 3.78941e-18
0 3.78933e-18
0 3.78924e-18
0 3.78915e-18
0 3.78907e-18
0 3.78898e-18
0 3.78889e-18
0 3.78881e-18
0 3.78872e-18
0 3.78864e-18
0 3.78855e-18
0 3.78847e-18
0 3.78838e-18
0 3.7883e-18
0 3.78821e-18
0 3.78813e-18
0 3.78804e-18
0 3.78796e-18
0 3.78788e-18
0 3.78779e-18
0 3.78771e-18
0 3.78763e-18
0 3.78755e-18
0 3.78746e-18
0 3.78738e-18
0 3.7873e-18
0 3.78722e-18
0 3.78714e-18
0 3.78706e-18
0 3.78698e-18
0 3.7869e-18
0 3.78682e-18
0 3.78674e-18
0 3.78666e-18
0 3.78658e-18
0 3.7865e-18
0 3.78642e-18
0 3.78634e-18
0 3.78626e-18
0 3.78618e-18
0 3.78611e-18
0 3.78603e-18
0 3.78595e-18
0 3.78587e-18
0 3.78579e-18
0 3.78572e-18
0 3.78564e-18
0 3.78556e-18
0 3.78549e-18
0 3.78541e-18
0 3.78533e-18
0 3.78526e-18
0 3.78518e-18
0 3.78511e-18
0 3.78503e-18
0 3.78496e-18
0 3.78488e-18
0 3.78481e-18
0 3.78473e-18
0 3.78466e-18
0 3.78459e-18
0 3.78451e-18
0 3.78444e-18
0 3.78437e-18
0 3.78429e-18
0 3.78422e-18
0 3.78415e-18
0 3.78407e-18
0 3.784e-18
0 3.78393e-18
0 3.78386e-18
0 3.78379e-18
0 3.78371e-18
0 3.78364e-18
0 3.78357e-18
0 3.7835e-18
0 3.78343e-18
0 3.78336e-18
0 3.78329e-18
0 3.78322e-18
0 3.78315e-18
0 3.78308e-18
0 3.78301e-18
0 3.78294e-18
0 3.78287e-18
0 3.7828e-18
0 3.78273e-18
0 3.78266e-18
0 3.78259e-18
0 3.78252e-18
0 3.78246e-18
0 3.78239e-18
0 3.78232e-18
0 3.78225e-18
0 3.78218e-18
0 3.78212e-18
0 3.78205e-18
0 3.78198e-18
0 3.78192e-18
0 3.78185e-18
0 3.78178e-18
0 3.78172e-18
0 3.78165e-18
0 3.78158e-18
0 3.78152e-18
0 3.78145e-18
0 3.78139e-18
0 3.78132e-18
0 3.78126e-18
0 3.78119e-18
0 3.78113e-18
0 3.78106e-18
0 3.781e-18
0 3.78093e-18
0 3.78087e-18
0 3.7808e-18
0 3.78074e-18
0 3.78068e-18
0 3.78061e-18
0 3.78055e-18
0 3.78049e-18
0 3.78042e-18
0 3.78036e-18
0 3.7803e-18
0 3.78024e-18
0 3.78017e-18
0 3.78011e-18
0 3.78005e-18
0 3.77999e-18
0 3.77992e-18
0 3.77986e-18
0 3.7798e-18
0 3.77974e-18
0 3.77968e-18
0 3.77962e-18
0 3.77956e-18
0 3.7795e-18
0 3.77944e-18
0 3.77938e-18
0 3.77932e-18
0 3.77925e-18
0 3.77919e-18
0 3.77913e-18
0 3.77908e-18
0 3.77902e-18
0 3.77896e-18
0 3.7789e-18
0 3.77884e-18
0 3.77878e-18
0 3.77872e-18
0 3.77866e-18
0 3.7786e-18
0 3.77854e-18
0 3.77849e-18
0 3.77843e-18
0 3.77837e-18
0 3.77831e-18
0 3.77825e-18
0 3.7782e-18
0 3.77814e-18
0 3.77808e-18
0 3.77802e-18
0 3.77797e-18
0 3.77791e-18
0 3.77785e-18
0 3.7778e-18
0 3.77774e-18
0 3.77768e-18
0 3.77763e-18
0 3.77757e-18
0 3.77752e-18
0 3.77746e-18
0 3.7774e-18
0 3.77735e-18
0 3.77729e-18
0 3.77724e-18
0 3.77718e-18
0 3.77713e-18
0 3.77707e-18
0 3.77702e-18
0 3.77696e-18
0 3.77691e-18
0 3.77685e-18
0 3.7768e-18
0 3.77675e-18
0 3.77669e-18
0 3.77664e-18
0 3.77658e-18
0 3.77653e-18
0 3.77648e-18
0 3.77642e-18
0 3.77637e-18
0 3.77632e-18
0 3.77626e-18
0 3.77621e-18
0 3.77616e-18
0 3.77611e-18
0 3.77605e-18
0 3.776e-18
0 3.77595e-18
0 3.7759e-18
0 3.77584e-18
0 3.77579e-18
0 3.77574e-18
0 3.77569e-18
0 3.77564e-18
0 3.77559e-18
0 3.77553e-18
0 3.77548e-18
0 3.77543e-18
0 3.77538e-18
0 3.77533e-18
0 3.77528e-18
0 3.77523e-18
0 3.77518e-18
0 3.77513e-18
0 3.77508e-18
0 3.77503e-18
0 3.77498e-18
0 3.77493e-18
0 3.77488e-18
0 3.77483e-18
0 3.77478e-18
0 3.77473e-18
0 3.77468e-18
0 3.77463e-18
0 3.77458e-18
0 3.77453e-18
0 3.77448e-18
0 3.77443e-18
0 3.77438e-18
0 3.77434e-18
0 3.77429e-18
0 3.77424e-18
0 3.77419e-18
0 3.77414e-18
0 3.77409e-18
0 3.77405e-18
0 3.774e-18
0 3.77395e-18
0 3.7739e-18
0 3.77385e-18
0 3.77381e-18
0 3.77376e-18
0 3.77371e-18
0 3.77367e-18
0 3.77362e-18
0 3.77357e-18
0 3.77352e-18
0 3.77348e-18
0 3.77343e-18
0 3.77338e-18
0 3.77334e-18
0 3.77329e-18
0 3.77324e-18
0 3.7732e-18
0 3.77315e-18
0 3.77311e-18
0 3.77306e-18
0 3.77301e-18
0 3.77297e-18
0 3.77292e-18
0 3.77288e-18
0 3.77283e-18
0 3.77279e-18
0 3.77274e-18
0 3.7727e-18
0 3.77265e-18
0 3.77261e-18
0 3.77256e-18
0 3.77252e-18
0 3.77247e-18
0 3.77243e-18
0 3.77238e-18
0 3.77234e-18
0 3.7723e-18
0 3.77225e-18
0 3.77221e-18
0 3.77216e-18
0 3.77212e-18
0 3.77208e-18
0 3.77203e-18
0 3.77199e-18
0 3.77194e-18
0 3.7719e-18
0 3.77186e-18
0 3.77181e-18
0 3.77177e-18
0 3.77173e-18
0 3.77169e-18
0 3.77164e-18
0 3.7716e-18
0 3.77156e-18
0 3.77151e-18
0 3.77147e-18
0 3.77143e-18
0 3.77139e-18
0 3.77134e-18
0 3.7713e-18
0 3.77126e-18
0 3.77122e-18
0 3.77118e-18
0 3.77113e-18
0 3.77109e-18
0 3.77105e-18
0 3.77101e-18
0 3.77097e-18
0 3.77093e-18
0 3.77088e-18
0 3.77084e-18

