0 880.159
0 445.886
0 141.145
0 52.3165
0 24.5333
0 13.6573
0 8.52363
0 5.74433
0 4.08227
0 3.01228
0 2.28376
0 1.76571
0 1.38452
0 1.09637
0 0.87392
0 0.699475
0 0.561287
0 0.451364
0 0.363983
0 0.294638
0 0.239586
0 0.195764
0 0.160737
0 0.132606
0 0.109897
0 0.091473
0 0.0764506
0 0.064143
0 0.0540131
0 0.0456391
0 0.0386878
0 0.0328948
0 0.0280492
0 0.0239816
0 0.0205559
0 0.0176615
0 0.0152089
0 0.0131247
0 0.0113489
0 0.00983195
0 0.00853312
0 0.00741847
0 0.00645985
0 0.00563371
0 0.00492038
0 0.00430331
0 0.00376857
0 0.0033044
0 0.00290085
0 0.00254947
0 0.00224307
0 0.00197553
0 0.0017416
0 0.00153681
0 0.00135731
0 0.0011998
0 0.00106142
0 0.000939732
0 0.000832607
0 0.000738211
0 0.000654955
0 0.000581459
0 0.000516521
0 0.000459099
0 0.000408282
0 0.000363276
0 0.000323387
0 0.000288009
0 0.00025661
0 0.000228725
0 0.000203945
0 0.000181912
0 0.000162308
0 0.000144858
0 0.000129315
0 0.000115465
0 0.000103117
0 9.21035e-05
0 8.22754e-05
0 7.35015e-05
0 6.56656e-05
0 5.86649e-05
0 5.24079e-05
0 4.68138e-05
0 4.18108e-05
0 3.73351e-05
0 3.333e-05
0 2.97451e-05
0 2.65357e-05
0 2.36618e-05
0 2.10879e-05
0 1.87825e-05
0 1.67171e-05
0 1.48668e-05
0 1.3209e-05
0 1.17238e-05
0 1.03932e-05
0 9.20129e-06
0 8.13376e-06
0 7.17785e-06
0 6.32216e-06
0 5.55647e-06
0 4.87165e-06
0 4.25953e-06
0 3.7128e-06
0 3.2249e-06
0 2.78999e-06
0 2.4028e-06
0 2.05864e-06
0 1.75332e-06
0 1.48305e-06
0 1.24448e-06
0 1.03459e-06
0 8.50687e-07
0 6.90372e-07
0 5.51496e-07
0 4.32146e-07
0 3.30619e-07
0 2.45401e-07
0 1.75153e-07
0 1.18688e-07
0 7.49641e-08
0 4.30654e-08
0 2.21946e-08
0 1.16615e-08
0 4.80624e-16
0 4.80292e-16
0 4.79966e-16
0 4.79646e-16
0 4.79331e-16
0 4.79021e-16
0 4.78716e-16
0 4.78416e-16
0 4.78121e-16
0 4.77831e-16
0 4.77546e-16
0 4.77265e-16
0 4.76988e-16
0 4.76716e-16
0 4.76448e-16
0 4.76184e-16
0 4.75925e-16
0 4.75669e-16
0 4.75417e-16
0 4.75168e-16
0 4.74924e-16
0 4.74683e-16
0 4.74445e-16
0 4.74211e-16
0 4.73981e-16
0 4.73753e-16
0 4.73529e-16
0 4.73308e-16
0 4.7309e-16
0 4.72875e-16
0 4.72663e-16
0 4.72454e-16
0 4.72248e-16
0 4.72045e-16
0 4.71844e-16
0 4.71646e-16
0 4.71451e-16
0 4.71258e-16
0 4.71068e-16
0 4.7088e-16
0 4.70694e-16
0 4.70511e-16
0 4.70331e-16
0 4.70152e-16
0 4.69976e-16
0 4.69802e-16
0 4.69631e-16
0 4.69461e-16
0 4.69293e-16
0 4.69128e-16
0 4.68964e-16
0 4.68803e-16
0 4.68643e-16
0 4.68485e-16
0 4.6833e-16
0 4.68176e-16
0 4.68023e-16
0 4.67873e-16
0 4.67724e-16
0 4.67577e-16
0 4.67432e-16
0 4.67288e-16
0 4.67146e-16
0 4.67006e-16
0 4.66867e-16
0 4.6673e-16
0 4.66594e-16
0 4.66459e-16
0 4.66327e-16
0 4.66195e-16
0 4.66065e-16
0 4.65937e-16
0 4.65809e-16
0 4.65683e-16
0 4.65559e-16
0 4.65436e-16
0 4.65314e-16
0 4.65193e-16
0 4.65074e-16
0 4.64956e-16
0 4.64839e-16
0 4.64723e-16
0 4.64608e-16
0 4.64495e-16
0 4.64382e-16
0 4.64271e-16
0 4.64161e-16
0 4.64052e-16
0 4.63944e-16
0 4.63837e-16
0 4.63732e-16
0 4.63627e-16
0 4.63523e-16
0 4.6342e-16
0 4.63319e-16
0 4.63218e-16
0 4.63118e-16
0 4.63019e-16
0 4.62921e-16
0 4.62824e-16
0 4.62728e-16
0 4.62632e-16
0 4.62538e-16
0 4.62445e-16
0 4.62352e-16
0 4.6226e-16
0 4.62169e-16
0 4.62079e-16
0 4.61989e-16
0 4.61901e-16
0 4.61813e-16
0 4.61726e-16
0 4.6164e-16
0 4.61554e-16
0 4.6147e-16
0 4.61386e-16
0 4.61302e-16
0 4.6122e-16
0 4.61138e-16
0 4.61057e-16
0 4.60976e-16
0 4.60896e-16
0 4.60817e-16
0 4.60739e-16
0 4.60661e-16
0 4.60584e-16
0 4.60507e-16
0 4.60432e-16
0 4.60356e-16
0 4.60282e-16
0 4.60208e-16
0 4.60134e-16
0 4.60061e-16
0 4.59989e-16
0 4.59918e-16
0 4.59846e-16
0 4.59776e-16
0 4.59706e-16
0 4.59637e-16
0 4.59568e-16
0 4.59499e-16
0 4.59432e-16
0 4.59364e-16
0 4.59298e-16
0 4.59231e-16
0 4.59166e-16
0 4.591e-16
0 4.59036e-16
0 4.58972e-16
0 4.58908e-16
0 4.58845e-16
0 4.58782e-16
0 4.5872e-16
0 4.58658e-16
0 4.58596e-16
0 4.58535e-16
0 4.58475e-16
0 4.58415e-16
0 4.58355e-16
0 4.58296e-16
0 4.58237e-16
0 4.58179e-16
0 4.58121e-16
0 4.58064e-16
0 4.58007e-16
0 4.5795e-16
0 4.57894e-16
0 4.57838e-16
0 4.57783e-16
0 4.57728e-16
0 4.57673e-16
0 4.57619e-16
0 4.57565e-16
0 4.57511e-16
0 4.57458e-16
0 4.57405e-16
0 4.57353e-16
0 4.57301e-16
0 4.57249e-16
0 4.57198e-16
0 4.57147e-16
0 4.57096e-16
0 4.57046e-16
0 4.56996e-16
0 4.56946e-16
0 4.56897e-16
0 4.56848e-16
0 4.56799e-16
0 4.56751e-16
0 4.56702e-16
0 4.56655e-16
0 4.56607e-16
0 4.5656e-16
0 4.56513e-16
0 4.56467e-16
0 4.56421e-16
0 4.56375e-16
0 4.56329e-16
0 4.56284e-16
0 4.56239e-16
0 4.56194e-16
0 4.5615e-16
0 4.56106e-16
0 4.56062e-16
0 4.56018e-16
0 4.55975e-16
0 4.55932e-16
0 4.55889e-16
0 4.55846e-16
0 4.55804e-16
0 4.55762e-16
0 4.5572e-16
0 4.55679e-16
0 4.55637e-16
0 4.55596e-16
0 4.55556e-16
0 4.55515e-16
0 4.55475e-16
0 4.55435e-16
0 4.55395e-16
0 4.55356e-16
0 4.55316e-16
0 4.55277e-16
0 4.55238e-16
0 4.552e-16
0 4.55161e-16
0 4.55123e-16
0 4.55085e-16
0 4.55047e-16
0 4.5501e-16
0 4.54973e-16
0 4.54936e-16
0 4.54899e-16
0 4.54862e-16
0 4.54826e-16
0 4.54789e-16
0 4.54753e-16
0 4.54718e-16
0 4.54682e-16
0 4.54647e-16
0 4.54611e-16
0 4.54576e-16
0 4.54542e-16
0 4.54507e-16
0 4.54473e-16
0 4.54438e-16
0 4.54404e-16
0 4.5437e-16
0 4.54337e-16
0 4.54303e-16
0 4.5427e-16
0 4.54237e-16
0 4.54204e-16
0 4.54171e-16
0 4.54138e-16
0 4.54106e-16
0 4.54074e-16
0 4.54042e-16
0 4.5401e-16
0 4.53978e-16
0 4.53947e-16
0 4.53915e-16
0 4.53884e-16
0 4.53853e-16
0 4.53822e-16
0 4.53791e-16
0 4.53761e-16
0 4.5373e-16
0 4.537e-16
0 4.5367e-16
0 4.5364e-16
0 4.5361e-16
0 4.53581e-16
0 4.53551e-16
0 4.53522e-16
0 4.53493e-16
0 4.53464e-16
0 4.53435e-16
0 4.53406e-16
0 4.53378e-16
0 4.53349e-16
0 4.53321e-16
0 4.53293e-16
0 4.53265e-16
0 4.53237e-16
0 4.53209e-16
0 4.53182e-16
0 4.53154e-16
0 4.53127e-16
0 4.531e-16
0 4.53073e-16
0 4.53046e-16
0 4.53019e-16
0 4.52992e-16
0 4.52966e-16
0 4.52939e-16
0 4.52913e-16
0 4.52887e-16
0 4.52861e-16
0 4.52835e-16
0 4.52809e-16
0 4.52784e-16
0 4.52758e-16
0 4.52733e-16
0 4.52708e-16
0 4.52682e-16
0 4.52657e-16
0 4.52632e-16
0 4.52608e-16
0 4.52583e-16
0 4.52558e-16
0 4.52534e-16
0 4.5251e-16
0 4.52485e-16
0 4.52461e-16
0 4.52437e-16
0 4.52414e-16
0 4.5239e-16
0 4.52366e-16
0 4.52343e-16
0 4.52319e-16
0 4.52296e-16
0 4.52273e-16
0 4.52249e-16
0 4.52226e-16
0 4.52204e-16
0 4.52181e-16
0 4.52158e-16
0 4.52135e-16
0 4.52113e-16
0 4.52091e-16
0 4.52068e-16
0 4.52046e-16
0 4.52024e-16
0 4.52002e-16
0 4.5198e-16
0 4.51958e-16
0 4.51937e-16
0 4.51915e-16
0 4.51893e-16
0 4.51872e-16
0 4.51851e-16
0 4.51829e-16
0 4.51808e-16
0 4.51787e-16
0 4.51766e-16
0 4.51745e-16
0 4.51725e-16
0 4.51704e-16
0 4.51683e-16
0 4.51663e-16
0 4.51642e-16
0 4.51622e-16
0 4.51602e-16
0 4.51582e-16
0 4.51562e-16
0 4.51542e-16
0 4.51522e-16
0 4.51502e-16
0 4.51482e-16
0 4.51462e-16
0 4.51443e-16
0 4.51423e-16
0 4.51404e-16
0 4.51385e-16
0 4.51365e-16
0 4.51346e-16
0 4.51327e-16
0 4.51308e-16
0 4.51289e-16
0 4.5127e-16
0 4.51252e-16
0 4.51233e-16
0 4.51214e-16
0 4.51196e-16
0 4.51177e-16
0 4.51159e-16
0 4.51141e-16
0 4.51122e-16
0 4.51104e-16
0 4.51086e-16
0 4.51068e-16
0 4.5105e-16
0 4.51032e-16
0 4.51014e-16
0 4.50997e-16
0 4.50979e-16
0 4.50961e-16
0 4.50944e-16
0 4.50926e-16
0 4.50909e-16
0 4.50892e-16
0 4.50875e-16
0 4.50857e-16
0 4.5084e-16
0 4.50823e-16
0 4.50806e-16
0 4.50789e-16
0 4.50772e-16
0 4.50756e-16
0 4.50739e-16
0 4.50722e-16
0 4.50706e-16
0 4.50689e-16
0 4.50673e-16
0 4.50656e-16
0 4.5064e-16
0 4.50624e-16
0 4.50608e-16
0 4.50591e-16
0 4.50575e-16
0 4.50559e-16
0 4.50543e-16
0 4.50527e-16
0 4.50512e-16
0 4.50496e-16
0 4.5048e-16
0 4.50464e-16
0 4.50449e-16
0 4.50433e-16
0 4.50418e-16
0 4.50402e-16
0 4.50387e-16
0 4.50372e-16
0 4.50356e-16
0 4.50341e-16
0 4.50326e-16
0 4.50311e-16
0 4.50296e-16
0 4.50281e-16
0 4.50266e-16
0 4.50251e-16
0 4.50236e-16
0 4.50222e-16
0 4.50207e-16
0 4.50192e-16
0 4.50178e-16
0 4.50163e-16
0 4.50149e-16
0 4.50134e-16
0 4.5012e-16
0 4.50105e-16
0 4.50091e-16
0 4.50077e-16
0 4.50063e-16
0 4.50049e-16
0 4.50034e-16
0 4.5002e-16
0 4.50006e-16
0 4.49992e-16
0 4.49979e-16
0 4.49965e-16
0 4.49951e-16
0 4.49937e-16
0 4.49924e-16
0 4.4991e-16
0 4.49896e-16
0 4.49883e-16
0 4.49869e-16
0 4.49856e-16
0 4.49842e-16
0 4.49829e-16
0 4.49816e-16
0 4.49802e-16
0 4.49789e-16
0 4.49776e-16
0 4.49763e-16
0 4.4975e-16
0 4.49737e-16
0 4.49724e-16
0 4.49711e-16
0 4.49698e-16
0 4.49685e-16
0 4.49672e-16
0 4.49659e-16
0 4.49647e-16
0 4.49634e-16
0 4.49621e-16
0 4.49609e-16
0 4.49596e-16
0 4.49584e-16
0 4.49571e-16
0 4.49559e-16
0 4.49546e-16
0 4.49534e-16
0 4.49522e-16
0 4.49509e-16
0 4.49497e-16
0 4.49485e-16
0 4.49473e-16
0 4.49461e-16
0 4.49449e-16
0 4.49437e-16
0 4.49425e-16
0 4.49413e-16
0 4.49401e-16
0 4.49389e-16
0 4.49377e-16
0 4.49365e-16
0 4.49354e-16
0 4.49342e-16
0 4.4933e-16
0 4.49319e-16
0 4.49307e-16
0 4.49295e-16
0 4.49284e-16
0 4.49272e-16
0 4.49261e-16
0 4.4925e-16
0 4.49238e-16
0 4.49227e-16
0 4.49215e-16
0 4.49204e-16
0 4.49193e-16
0 4.49182e-16
0 4.49171e-16
0 4.49159e-16
0 4.49148e-16
0 4.49137e-16
0 4.49126e-16
0 4.49115e-16
0 4.49104e-16
0 4.49093e-16
0 4.49083e-16
0 4.49072e-16
0 4.49061e-16
0 4.4905e-16
0 4.49039e-16
0 4.49029e-16
0 4.49018e-16
0 4.49007e-16
0 4.48997e-16
0 4.48986e-16
0 4.48975e-16
0 4.48965e-16
0 4.48954e-16
0 4.48944e-16
0 4.48934e-16
0 4.48923e-16
0 4.48913e-16
0 4.48903e-16
0 4.48892e-16
0 4.48882e-16
0 4.48872e-16
0 4.48862e-16
0 4.48851e-16
0 4.48841e-16
0 4.48831e-16
0 4.48821e-16
0 4.48811e-16
0 4.48801e-16
0 4.48791e-16
0 4.48781e-16
0 4.48771e-16
0 4.48761e-16
0 4.48751e-16
0 4.48741e-16
0 4.48732e-16
0 4.48722e-16
0 4.48712e-16
0 4.48702e-16
0 4.48693e-16
0 4.48683e-16
0 4.48673e-16
0 4.48664e-16
0 4.48654e-16
0 4.48645e-16
0 4.48635e-16
0 4.48626e-16
0 4.48616e-16
0 4.48607e-16
0 4.48597e-16
0 4.48588e-16
0 4.48578e-16
0 4.48569e-16
0 4.4856e-16
0 4.48551e-16
0 4.48541e-16
0 4.48532e-16
0 4.48523e-16
0 4.48514e-16
0 4.48505e-16
0 4.48495e-16
0 4.48486e-16
0 4.48477e-16
0 4.48468e-16
0 4.48459e-16
0 4.4845e-16
0 4.48441e-16
0 4.48432e-16
0 4.48423e-16
0 4.48415e-16
0 4.48406e-16
0 4.48397e-16
0 4.48388e-16
0 4.48379e-16
0 4.4837e-16
0 4.48362e-16
0 4.48353e-16
0 4.48344e-16
0 4.48336e-16
0 4.48327e-16
0 4.48318e-16
0 4.4831e-16
0 4.48301e-16
0 4.48293e-16
0 4.48284e-16
0 4.48276e-16
0 4.48267e-16
0 4.48259e-16
0 4.4825e-16
0 4.48242e-16
0 4.48233e-16
0 4.48225e-16
0 4.48217e-16
0 4.48208e-16
0 4.482e-16
0 4.48192e-16
0 4.48184e-16
0 4.48175e-16
0 4.48167e-16
0 4.48159e-16
0 4.48151e-16
0 4.48143e-16
0 4.48135e-16
0 4.48127e-16
0 4.48118e-16
0 4.4811e-16
0 4.48102e-16
0 4.48094e-16
0 4.48086e-16
0 4.48078e-16
0 4.48071e-16
0 4.48063e-16
0 4.48055e-16
0 4.48047e-16
0 4.48039e-16
0 4.48031e-16
0 4.48023e-16
0 4.48016e-16
0 4.48008e-16
0 4.48e-16
0 4.47992e-16
0 4.47985e-16
0 4.47977e-16
0 4.47969e-16
0 4.47962e-16
0 4.47954e-16
0 4.47946e-16
0 4.47939e-16
0 4.47931e-16
0 4.47924e-16
0 4.47916e-16
0 4.47909e-16
0 4.47901e-16
0 4.47894e-16
0 4.47886e-16
0 4.47879e-16
0 4.47871e-16
0 4.47864e-16
0 4.47856e-16
0 4.47849e-16
0 4.47842e-16
0 4.47834e-16
0 4.47827e-16
0 4.4782e-16
0 4.47813e-16
0 4.47805e-16
0 4.47798e-16
0 4.47791e-16
0 4.47784e-16
0 4.47777e-16
0 4.47769e-16
0 4.47762e-16
0 4.47755e-16
0 4.47748e-16
0 4.47741e-16
0 4.47734e-16
0 4.47727e-16
0 4.4772e-16
0 4.47713e-16
0 4.47706e-16
0 4.47699e-16
0 4.47692e-16
0 4.47685e-16
0 4.47678e-16
0 4.47671e-16
0 4.47664e-16
0 4.47657e-16
0 4.47651e-16
0 4.47644e-16
0 4.47637e-16
0 4.4763e-16
0 4.47623e-16
0 4.47617e-16
0 4.4761e-16
0 4.47603e-16
0 4.47596e-16
0 4.4759e-16
0 4.47583e-16
0 4.47576e-16
0 4.4757e-16
0 4.47563e-16
0 4.47556e-16
0 4.4755e-16
0 4.47543e-16
0 4.47537e-16
0 4.4753e-16
0 4.47524e-16
0 4.47517e-16
0 4.4751e-16
0 4.47504e-16
0 4.47497e-16
0 4.47491e-16
0 4.47485e-16
0 4.47478e-16
0 4.47472e-16
0 4.47465e-16
0 4.47459e-16
0 4.47453e-16
0 4.47446e-16
0 4.4744e-16
0 4.47434e-16
0 4.47427e-16
0 4.47421e-16
0 4.47415e-16
0 4.47408e-16
0 4.47402e-16
0 4.47396e-16
0 4.4739e-16
0 4.47384e-16
0 4.47377e-16
0 4.47371e-16
0 4.47365e-16
0 4.47359e-16
0 4.47353e-16
0 4.47347e-16
0 4.4734e-16
0 4.47334e-16
0 4.47328e-16
0 4.47322e-16
0 4.47316e-16
0 4.4731e-16
0 4.47304e-16
0 4.47298e-16
0 4.47292e-16
0 4.47286e-16
0 4.4728e-16
0 4.47274e-16
0 4.47268e-16
0 4.47262e-16
0 4.47257e-16
0 4.47251e-16
0 4.47245e-16
0 4.47239e-16
0 4.47233e-16
0 4.47227e-16
0 4.47221e-16
0 4.47216e-16
0 4.4721e-16
0 4.47204e-16
0 4.47198e-16
0 4.47192e-16
0 4.47187e-16
0 4.47181e-16
0 4.47175e-16
0 4.4717e-16
0 4.47164e-16
0 4.47158e-16
0 4.47152e-16
0 4.47147e-16
0 4.47141e-16
0 4.47136e-16
0 4.4713e-16
0 4.47124e-16
0 4.47119e-16
0 4.47113e-16
0 4.47108e-16
0 4.47102e-16
0 4.47097e-16
0 4.47091e-16
0 4.47085e-16
0 4.4708e-16
0 4.47074e-16
0 4.47069e-16
0 4.47064e-16
0 4.47058e-16
0 4.47053e-16
0 4.47047e-16
0 4.47042e-16
0 4.47036e-16
0 4.47031e-16
0 4.47026e-16
0 4.4702e-16
0 4.47015e-16
0 4.47009e-16
0 4.47004e-16
0 4.46999e-16
0 4.46994e-16
0 4.46988e-16
0 4.46983e-16
0 4.46978e-16
0 4.46972e-16
0 4.46967e-16
0 4.46962e-16
0 4.46957e-16
0 4.46951e-16
0 4.46946e-16
0 4.46941e-16
0 4.46936e-16
0 4.46931e-16
0 4.46925e-16
0 4.4692e-16
0 4.46915e-16
0 4.4691e-16
0 4.46905e-16
0 4.469e-16
0 4.46895e-16
0 4.4689e-16
0 4.46885e-16
0 4.46879e-16
0 4.46874e-16
0 4.46869e-16
0 4.46864e-16
0 4.46859e-16
0 4.46854e-16
0 4.46849e-16
0 4.46844e-16
0 4.46839e-16
0 4.46834e-16
0 4.46829e-16
0 4.46824e-16
0 4.4682e-16
0 4.46815e-16
0 4.4681e-16
0 4.46805e-16
0 4.468e-16
0 4.46795e-16
0 4.4679e-16
0 4.46785e-16
0 4.4678e-16
0 4.46776e-16
0 4.46771e-16
0 4.46766e-16
0 4.46761e-16
0 4.46756e-16
0 4.46751e-16
0 4.46747e-16
0 4.46742e-16
0 4.46737e-16
0 4.46732e-16
0 4.46728e-16
0 4.46723e-16
0 4.46718e-16
0 4.46713e-16
0 4.46709e-16
0 4.46704e-16
0 4.46699e-16
0 4.46695e-16
0 4.4669e-16
0 4.46685e-16
0 4.46681e-16
0 4.46676e-16
0 4.46671e-16
0 4.46667e-16
0 4.46662e-16
0 4.46658e-16
0 4.46653e-16
0 4.46648e-16
0 4.46644e-16
0 4.46639e-16
0 4.46635e-16
0 4.4663e-16
0 4.46626e-16
0 4.46621e-16

