0 2.08377e+07
0 37759.8
0 11171.4
0 4943.1
0 2656.81
0 1609.12
0 1055.89
0 733.034
0 530.171
0 395.291
0 301.53
0 233.982
0 183.885
0 145.838
0 116.381
0 93.2241
0 74.8187
0 60.0981
0 48.3155
0 38.9159
0 31.4429
0 25.506
0 20.7811
0 17.0079
0 13.982
0 11.5444
0 9.57152
0 7.96733
0 6.65701
0 5.58206
0 4.69647
0 3.96398
0 3.35578
0 2.84895
0 2.42514
0 2.0696
0 1.77038
0 1.51784
0 1.30409
0 1.1227
0 0.968386
0 0.836788
0 0.72431
0 0.627968
0 0.54528
0 0.474172
0 0.412909
0 0.360037
0 0.314329
0 0.274751
0 0.24043
0 0.210624
0 0.184704
0 0.162132
0 0.142452
0 0.125271
0 0.110257
0 0.0971196
0 0.0856134
0 0.0755253
0 0.0666719
0 0.0588948
0 0.0520571
0 0.0460401
0 0.0407409
0 0.0360703
0 0.0319505
0 0.028314
0 0.0251018
0 0.0222624
0 0.0197511
0 0.0175285
0 0.0155602
0 0.0138163
0 0.0122703
0 0.0108989
0 0.00968201
0 0.00860159
0 0.00764193
0 0.00678918
0 0.00603113
0 0.00535702
0 0.00475735
0 0.00422372
0 0.00374873
0 0.00332582
0 0.00294919
0 0.00261371
0 0.00231484
0 0.00204854
0 0.00181125
0 0.00159979
0 0.00141136
0 0.00124345
0 0.00109385
0 0.000960585
0 0.000841906
0 0.000736253
0 0.000642239
0 0.000558631
0 0.000484332
0 0.000418363
0 0.000359855
0 0.000308032
0 0.000262206
0 0.00022176
0 0.00018615
0 0.000154887
0 0.00012754
0 0.000103723
0 8.3095e-05
0 6.53514e-05
0 5.02236e-05
0 3.74738e-05
0 2.68915e-05
0 1.82917e-05
0 1.15118e-05
0 6.40967e-06
0 2.86163e-06
0 7.60924e-07
0 1.61208e-08
0 9.96108e-14
0 9.95318e-14
0 9.94542e-14
0 9.9378e-14
0 9.93031e-14
0 9.92295e-14
0 9.91571e-14
0 9.9086e-14
0 9.90161e-14
0 9.89474e-14
0 9.88798e-14
0 9.88133e-14
0 9.87479e-14
0 9.86836e-14
0 9.86203e-14
0 9.8558e-14
0 9.84967e-14
0 9.84363e-14
0 9.83769e-14
0 9.83184e-14
0 9.82609e-14
0 9.82041e-14
0 9.81483e-14
0 9.80933e-14
0 9.80391e-14
0 9.79857e-14
0 9.79331e-14
0 9.78812e-14
0 9.78301e-14
0 9.77797e-14
0 9.77301e-14
0 9.76811e-14
0 9.76329e-14
0 9.75853e-14
0 9.75384e-14
0 9.74921e-14
0 9.74464e-14
0 9.74014e-14
0 9.7357e-14
0 9.73132e-14
0 9.72699e-14
0 9.72272e-14
0 9.71851e-14
0 9.71436e-14
0 9.71025e-14
0 9.7062e-14
0 9.7022e-14
0 9.69826e-14
0 9.69436e-14
0 9.69051e-14
0 9.68671e-14
0 9.68296e-14
0 9.67925e-14
0 9.67559e-14
0 9.67197e-14
0 9.6684e-14
0 9.66487e-14
0 9.66138e-14
0 9.65793e-14
0 9.65452e-14
0 9.65116e-14
0 9.64783e-14
0 9.64454e-14
0 9.64129e-14
0 9.63808e-14
0 9.6349e-14
0 9.63176e-14
0 9.62866e-14
0 9.62559e-14
0 9.62255e-14
0 9.61955e-14
0 9.61658e-14
0 9.61364e-14
0 9.61074e-14
0 9.60786e-14
0 9.60502e-14
0 9.60221e-14
0 9.59943e-14
0 9.59667e-14
0 9.59395e-14
0 9.59126e-14
0 9.58859e-14
0 9.58595e-14
0 9.58334e-14
0 9.58076e-14
0 9.5782e-14
0 9.57567e-14
0 9.57316e-14
0 9.57068e-14
0 9.56822e-14
0 9.56579e-14
0 9.56338e-14
0 9.561e-14
0 9.55864e-14
0 9.5563e-14
0 9.55399e-14
0 9.55169e-14
0 9.54942e-14
0 9.54718e-14
0 9.54495e-14
0 9.54274e-14
0 9.54056e-14
0 9.53839e-14
0 9.53625e-14
0 9.53413e-14
0 9.53202e-14
0 9.52994e-14
0 9.52787e-14
0 9.52583e-14
0 9.5238e-14
0 9.52179e-14
0 9.5198e-14
0 9.51782e-14
0 9.51587e-14
0 9.51393e-14
0 9.51201e-14
0 9.5101e-14
0 9.50822e-14
0 9.50635e-14
0 9.50449e-14
0 9.50265e-14
0 9.50083e-14
0 9.49902e-14
0 9.49723e-14
0 9.49546e-14
0 9.49369e-14
0 9.49195e-14
0 9.49022e-14
0 9.4885e-14
0 9.4868e-14
0 9.48511e-14
0 9.48343e-14
0 9.48177e-14
0 9.48013e-14
0 9.47849e-14
0 9.47687e-14
0 9.47527e-14
0 9.47367e-14
0 9.47209e-14
0 9.47052e-14
0 9.46897e-14
0 9.46742e-14
0 9.46589e-14
0 9.46437e-14
0 9.46286e-14
0 9.46137e-14
0 9.45989e-14
0 9.45841e-14
0 9.45695e-14
0 9.4555e-14
0 9.45406e-14
0 9.45264e-14
0 9.45122e-14
0 9.44981e-14
0 9.44842e-14
0 9.44703e-14
0 9.44566e-14
0 9.4443e-14
0 9.44294e-14
0 9.4416e-14
0 9.44026e-14
0 9.43894e-14
0 9.43762e-14
0 9.43632e-14
0 9.43502e-14
0 9.43374e-14
0 9.43246e-14
0 9.4312e-14
0 9.42994e-14
0 9.42869e-14
0 9.42745e-14
0 9.42622e-14
0 9.42499e-14
0 9.42378e-14
0 9.42257e-14
0 9.42138e-14
0 9.42019e-14
0 9.41901e-14
0 9.41783e-14
0 9.41667e-14
0 9.41551e-14
0 9.41437e-14
0 9.41323e-14
0 9.41209e-14
0 9.41097e-14
0 9.40985e-14
0 9.40874e-14
0 9.40764e-14
0 9.40654e-14
0 9.40546e-14
0 9.40438e-14
0 9.4033e-14
0 9.40224e-14
0 9.40118e-14
0 9.40012e-14
0 9.39908e-14
0 9.39804e-14
0 9.39701e-14
0 9.39598e-14
0 9.39497e-14
0 9.39395e-14
0 9.39295e-14
0 9.39195e-14
0 9.39096e-14
0 9.38997e-14
0 9.38899e-14
0 9.38802e-14
0 9.38705e-14
0 9.38609e-14
0 9.38513e-14
0 9.38418e-14
0 9.38324e-14
0 9.3823e-14
0 9.38137e-14
0 9.38044e-14
0 9.37952e-14
0 9.37861e-14
0 9.3777e-14
0 9.3768e-14
0 9.3759e-14
0 9.375e-14
0 9.37412e-14
0 9.37323e-14
0 9.37236e-14
0 9.37149e-14
0 9.37062e-14
0 9.36976e-14
0 9.3689e-14
0 9.36805e-14
0 9.36721e-14
0 9.36636e-14
0 9.36553e-14
0 9.3647e-14
0 9.36387e-14
0 9.36305e-14
0 9.36223e-14
0 9.36142e-14
0 9.36061e-14
0 9.35981e-14
0 9.35901e-14
0 9.35822e-14
0 9.35743e-14
0 9.35664e-14
0 9.35586e-14
0 9.35509e-14
0 9.35432e-14
0 9.35355e-14
0 9.35279e-14
0 9.35203e-14
0 9.35127e-14
0 9.35052e-14
0 9.34978e-14
0 9.34903e-14
0 9.3483e-14
0 9.34756e-14
0 9.34683e-14
0 9.34611e-14
0 9.34539e-14
0 9.34467e-14
0 9.34395e-14
0 9.34324e-14
0 9.34254e-14
0 9.34183e-14
0 9.34114e-14
0 9.34044e-14
0 9.33975e-14
0 9.33906e-14
0 9.33838e-14
0 9.3377e-14
0 9.33702e-14
0 9.33635e-14
0 9.33568e-14
0 9.33501e-14
0 9.33435e-14
0 9.33369e-14
0 9.33303e-14
0 9.33238e-14
0 9.33173e-14
0 9.33109e-14
0 9.33044e-14
0 9.3298e-14
0 9.32917e-14
0 9.32854e-14
0 9.32791e-14
0 9.32728e-14
0 9.32666e-14
0 9.32604e-14
0 9.32542e-14
0 9.32481e-14
0 9.32419e-14
0 9.32359e-14
0 9.32298e-14
0 9.32238e-14
0 9.32178e-14
0 9.32119e-14
0 9.32059e-14
0 9.32e-14
0 9.31942e-14
0 9.31883e-14
0 9.31825e-14
0 9.31767e-14
0 9.3171e-14
0 9.31653e-14
0 9.31596e-14
0 9.31539e-14
0 9.31482e-14
0 9.31426e-14
0 9.3137e-14
0 9.31315e-14
0 9.31259e-14
0 9.31204e-14
0 9.31149e-14
0 9.31095e-14
0 9.3104e-14
0 9.30986e-14
0 9.30933e-14
0 9.30879e-14
0 9.30826e-14
0 9.30773e-14
0 9.3072e-14
0 9.30667e-14
0 9.30615e-14
0 9.30563e-14
0 9.30511e-14
0 9.30459e-14
0 9.30408e-14
0 9.30357e-14
0 9.30306e-14
0 9.30255e-14
0 9.30205e-14
0 9.30155e-14
0 9.30105e-14
0 9.30055e-14
0 9.30005e-14
0 9.29956e-14
0 9.29907e-14
0 9.29858e-14
0 9.29809e-14
0 9.29761e-14
0 9.29713e-14
0 9.29665e-14
0 9.29617e-14
0 9.29569e-14
0 9.29522e-14
0 9.29475e-14
0 9.29428e-14
0 9.29381e-14
0 9.29334e-14
0 9.29288e-14
0 9.29242e-14
0 9.29196e-14
0 9.2915e-14
0 9.29105e-14
0 9.29059e-14
0 9.29014e-14
0 9.28969e-14
0 9.28925e-14
0 9.2888e-14
0 9.28836e-14
0 9.28791e-14
0 9.28747e-14
0 9.28704e-14
0 9.2866e-14
0 9.28616e-14
0 9.28573e-14
0 9.2853e-14
0 9.28487e-14
0 9.28444e-14
0 9.28402e-14
0 9.2836e-14
0 9.28317e-14
0 9.28275e-14
0 9.28233e-14
0 9.28192e-14
0 9.2815e-14
0 9.28109e-14
0 9.28068e-14
0 9.28027e-14
0 9.27986e-14
0 9.27945e-14
0 9.27905e-14
0 9.27865e-14
0 9.27824e-14
0 9.27784e-14
0 9.27745e-14
0 9.27705e-14
0 9.27665e-14
0 9.27626e-14
0 9.27587e-14
0 9.27548e-14
0 9.27509e-14
0 9.2747e-14
0 9.27432e-14
0 9.27393e-14
0 9.27355e-14
0 9.27317e-14
0 9.27279e-14
0 9.27241e-14
0 9.27203e-14
0 9.27166e-14
0 9.27128e-14
0 9.27091e-14
0 9.27054e-14
0 9.27017e-14
0 9.2698e-14
0 9.26944e-14
0 9.26907e-14
0 9.26871e-14
0 9.26835e-14
0 9.26799e-14
0 9.26763e-14
0 9.26727e-14
0 9.26691e-14
0 9.26656e-14
0 9.2662e-14
0 9.26585e-14
0 9.2655e-14
0 9.26515e-14
0 9.2648e-14
0 9.26445e-14
0 9.26411e-14
0 9.26376e-14
0 9.26342e-14
0 9.26308e-14
0 9.26273e-14
0 9.26239e-14
0 9.26206e-14
0 9.26172e-14
0 9.26138e-14
0 9.26105e-14
0 9.26072e-14
0 9.26038e-14
0 9.26005e-14
0 9.25972e-14
0 9.25939e-14
0 9.25907e-14
0 9.25874e-14
0 9.25842e-14
0 9.25809e-14
0 9.25777e-14
0 9.25745e-14
0 9.25713e-14
0 9.25681e-14
0 9.25649e-14
0 9.25617e-14
0 9.25586e-14
0 9.25554e-14
0 9.25523e-14
0 9.25492e-14
0 9.25461e-14
0 9.2543e-14
0 9.25399e-14
0 9.25368e-14
0 9.25337e-14
0 9.25307e-14
0 9.25276e-14
0 9.25246e-14
0 9.25216e-14
0 9.25186e-14
0 9.25156e-14
0 9.25126e-14
0 9.25096e-14
0 9.25066e-14
0 9.25037e-14
0 9.25007e-14
0 9.24978e-14
0 9.24948e-14
0 9.24919e-14
0 9.2489e-14
0 9.24861e-14
0 9.24832e-14
0 9.24804e-14
0 9.24775e-14
0 9.24746e-14
0 9.24718e-14
0 9.24689e-14
0 9.24661e-14
0 9.24633e-14
0 9.24605e-14
0 9.24577e-14
0 9.24549e-14
0 9.24521e-14
0 9.24493e-14
0 9.24466e-14
0 9.24438e-14
0 9.24411e-14
0 9.24383e-14
0 9.24356e-14
0 9.24329e-14
0 9.24302e-14
0 9.24275e-14
0 9.24248e-14
0 9.24221e-14
0 9.24194e-14
0 9.24167e-14
0 9.24141e-14
0 9.24114e-14
0 9.24088e-14
0 9.24062e-14
0 9.24036e-14
0 9.24009e-14
0 9.23983e-14
0 9.23957e-14
0 9.23932e-14
0 9.23906e-14
0 9.2388e-14
0 9.23855e-14
0 9.23829e-14
0 9.23804e-14
0 9.23778e-14
0 9.23753e-14
0 9.23728e-14
0 9.23703e-14
0 9.23677e-14
0 9.23653e-14
0 9.23628e-14
0 9.23603e-14
0 9.23578e-14
0 9.23553e-14
0 9.23529e-14
0 9.23504e-14
0 9.2348e-14
0 9.23456e-14
0 9.23431e-14
0 9.23407e-14
0 9.23383e-14
0 9.23359e-14
0 9.23335e-14
0 9.23311e-14
0 9.23287e-14
0 9.23264e-14
0 9.2324e-14
0 9.23216e-14
0 9.23193e-14
0 9.2317e-14
0 9.23146e-14
0 9.23123e-14
0 9.231e-14
0 9.23076e-14
0 9.23053e-14
0 9.2303e-14
0 9.23007e-14
0 9.22985e-14
0 9.22962e-14
0 9.22939e-14
0 9.22916e-14
0 9.22894e-14
0 9.22871e-14
0 9.22849e-14
0 9.22826e-14
0 9.22804e-14
0 9.22782e-14
0 9.2276e-14
0 9.22738e-14
0 9.22716e-14
0 9.22694e-14
0 9.22672e-14
0 9.2265e-14
0 9.22628e-14
0 9.22606e-14
0 9.22585e-14
0 9.22563e-14
0 9.22542e-14
0 9.2252e-14
0 9.22499e-14
0 9.22477e-14
0 9.22456e-14
0 9.22435e-14
0 9.22414e-14
0 9.22393e-14
0 9.22372e-14
0 9.22351e-14
0 9.2233e-14
0 9.22309e-14
0 9.22288e-14
0 9.22267e-14
0 9.22247e-14
0 9.22226e-14
0 9.22206e-14
0 9.22185e-14
0 9.22165e-14
0 9.22144e-14
0 9.22124e-14
0 9.22104e-14
0 9.22084e-14
0 9.22064e-14
0 9.22044e-14
0 9.22024e-14
0 9.22004e-14
0 9.21984e-14
0 9.21964e-14
0 9.21944e-14
0 9.21924e-14
0 9.21905e-14
0 9.21885e-14
0 9.21866e-14
0 9.21846e-14
0 9.21827e-14
0 9.21807e-14
0 9.21788e-14
0 9.21769e-14
0 9.21749e-14
0 9.2173e-14
0 9.21711e-14
0 9.21692e-14
0 9.21673e-14
0 9.21654e-14
0 9.21635e-14
0 9.21616e-14
0 9.21597e-14
0 9.21579e-14
0 9.2156e-14
0 9.21541e-14
0 9.21523e-14
0 9.21504e-14
0 9.21486e-14
0 9.21467e-14
0 9.21449e-14
0 9.21431e-14
0 9.21412e-14
0 9.21394e-14
0 9.21376e-14
0 9.21358e-14
0 9.2134e-14
0 9.21322e-14
0 9.21304e-14
0 9.21286e-14
0 9.21268e-14
0 9.2125e-14
0 9.21232e-14
0 9.21214e-14
0 9.21197e-14
0 9.21179e-14
0 9.21161e-14
0 9.21144e-14
0 9.21126e-14
0 9.21109e-14
0 9.21091e-14
0 9.21074e-14
0 9.21057e-14
0 9.21039e-14
0 9.21022e-14
0 9.21005e-14
0 9.20988e-14
0 9.20971e-14
0 9.20954e-14
0 9.20937e-14
0 9.2092e-14
0 9.20903e-14
0 9.20886e-14
0 9.20869e-14
0 9.20852e-14
0 9.20836e-14
0 9.20819e-14
0 9.20802e-14
0 9.20786e-14
0 9.20769e-14
0 9.20753e-14
0 9.20736e-14
0 9.2072e-14
0 9.20703e-14
0 9.20687e-14
0 9.20671e-14
0 9.20654e-14
0 9.20638e-14
0 9.20622e-14
0 9.20606e-14
0 9.2059e-14
0 9.20574e-14
0 9.20558e-14
0 9.20542e-14
0 9.20526e-14
0 9.2051e-14
0 9.20494e-14
0 9.20478e-14
0 9.20462e-14
0 9.20447e-14
0 9.20431e-14
0 9.20415e-14
0 9.204e-14
0 9.20384e-14
0 9.20369e-14
0 9.20353e-14
0 9.20338e-14
0 9.20322e-14
0 9.20307e-14
0 9.20292e-14
0 9.20276e-14
0 9.20261e-14
0 9.20246e-14
0 9.20231e-14
0 9.20215e-14
0 9.202e-14
0 9.20185e-14
0 9.2017e-14
0 9.20155e-14
0 9.2014e-14
0 9.20125e-14
0 9.2011e-14
0 9.20096e-14
0 9.20081e-14
0 9.20066e-14
0 9.20051e-14
0 9.20036e-14
0 9.20022e-14
0 9.20007e-14
0 9.19993e-14
0 9.19978e-14
0 9.19964e-14
0 9.19949e-14
0 9.19935e-14
0 9.1992e-14
0 9.19906e-14
0 9.19891e-14
0 9.19877e-14
0 9.19863e-14
0 9.19849e-14
0 9.19834e-14
0 9.1982e-14
0 9.19806e-14
0 9.19792e-14
0 9.19778e-14
0 9.19764e-14
0 9.1975e-14
0 9.19736e-14
0 9.19722e-14
0 9.19708e-14
0 9.19694e-14
0 9.1968e-14
0 9.19666e-14
0 9.19653e-14
0 9.19639e-14
0 9.19625e-14
0 9.19612e-14
0 9.19598e-14
0 9.19584e-14
0 9.19571e-14
0 9.19557e-14
0 9.19544e-14
0 9.1953e-14
0 9.19517e-14
0 9.19503e-14
0 9.1949e-14
0 9.19477e-14
0 9.19463e-14
0 9.1945e-14
0 9.19437e-14
0 9.19423e-14
0 9.1941e-14
0 9.19397e-14
0 9.19384e-14
0 9.19371e-14
0 9.19358e-14
0 9.19345e-14
0 9.19332e-14
0 9.19319e-14
0 9.19306e-14
0 9.19293e-14
0 9.1928e-14
0 9.19267e-14
0 9.19254e-14
0 9.19241e-14
0 9.19229e-14
0 9.19216e-14
0 9.19203e-14
0 9.1919e-14
0 9.19178e-14
0 9.19165e-14
0 9.19152e-14
0 9.1914e-14
0 9.19127e-14
0 9.19115e-14
0 9.19102e-14
0 9.1909e-14
0 9.19077e-14
0 9.19065e-14
0 9.19053e-14
0 9.1904e-14
0 9.19028e-14
0 9.19016e-14
0 9.19003e-14
0 9.18991e-14
0 9.18979e-14
0 9.18967e-14
0 9.18955e-14
0 9.18942e-14
0 9.1893e-14
0 9.18918e-14
0 9.18906e-14
0 9.18894e-14
0 9.18882e-14
0 9.1887e-14
0 9.18858e-14
0 9.18846e-14
0 9.18834e-14
0 9.18823e-14
0 9.18811e-14
0 9.18799e-14
0 9.18787e-14
0 9.18775e-14
0 9.18764e-14
0 9.18752e-14
0 9.1874e-14
0 9.18729e-14
0 9.18717e-14
0 9.18705e-14
0 9.18694e-14
0 9.18682e-14
0 9.18671e-14
0 9.18659e-14
0 9.18648e-14
0 9.18636e-14
0 9.18625e-14
0 9.18613e-14
0 9.18602e-14
0 9.18591e-14
0 9.18579e-14
0 9.18568e-14
0 9.18557e-14
0 9.18545e-14
0 9.18534e-14
0 9.18523e-14
0 9.18512e-14
0 9.18501e-14
0 9.1849e-14
0 9.18478e-14
0 9.18467e-14
0 9.18456e-14
0 9.18445e-14
0 9.18434e-14
0 9.18423e-14
0 9.18412e-14
0 9.18401e-14
0 9.1839e-14
0 9.18379e-14
0 9.18369e-14
0 9.18358e-14
0 9.18347e-14
0 9.18336e-14
0 9.18325e-14
0 9.18314e-14
0 9.18304e-14
0 9.18293e-14
0 9.18282e-14
0 9.18272e-14
0 9.18261e-14
0 9.1825e-14
0 9.1824e-14
0 9.18229e-14
0 9.18219e-14
0 9.18208e-14
0 9.18197e-14
0 9.18187e-14
0 9.18176e-14
0 9.18166e-14
0 9.18156e-14
0 9.18145e-14
0 9.18135e-14
0 9.18124e-14
0 9.18114e-14
0 9.18104e-14
0 9.18093e-14
0 9.18083e-14
0 9.18073e-14
0 9.18063e-14
0 9.18052e-14
0 9.18042e-14
0 9.18032e-14
0 9.18022e-14
0 9.18012e-14
0 9.18002e-14
0 9.17991e-14
0 9.17981e-14
0 9.17971e-14
0 9.17961e-14
0 9.17951e-14
0 9.17941e-14
0 9.17931e-14
0 9.17921e-14

