0 2730.89
0 901.368
0 210.402
0 75.1357
0 36.3872
0 21.052
0 13.5729
0 9.38522
0 6.80565
0 5.10303
0 3.91946
0 3.06321
0 2.42402
0 1.93492
0 1.55332
0 1.25119
0 1.00962
0 0.81562
0 0.659936
0 0.535391
0 0.435933
0 0.356442
0 0.292733
0 0.241474
0 0.200051
0 0.166422
0 0.138995
0 0.116525
0 0.0980365
0 0.0827593
0 0.070085
0 0.05953
0 0.0507079
0 0.0433086
0 0.0370823
0 0.0318269
0 0.0273777
0 0.0236006
0 0.0203856
0 0.0176421
0 0.0152954
0 0.0132836
0 0.0115551
0 0.010067
0 0.00878341
0 0.00767415
0 0.00671385
0 0.00588112
0 0.00515786
0 0.00452871
0 0.00398064
0 0.00350253
0 0.00308489
0 0.00271962
0 0.00239976
0 0.00211934
0 0.00187321
0 0.00165697
0 0.00146678
0 0.00129934
0 0.00115179
0 0.00102165
0 0.000906773
0 0.000805276
0 0.000715532
0 0.000636119
0 0.000565795
0 0.000503477
0 0.000448215
0 0.000399178
0 0.000355638
0 0.000316955
0 0.000282568
0 0.000251981
0 0.000224762
0 0.000200525
0 0.000178935
0 0.000159693
0 0.000142537
0 0.000127232
0 0.000113575
0 0.000101383
0 9.04951e-05
0 8.07682e-05
0 7.20759e-05
0 6.43058e-05
0 5.73582e-05
0 5.11444e-05
0 4.55858e-05
0 4.06121e-05
0 3.61612e-05
0 3.21776e-05
0 2.86117e-05
0 2.54196e-05
0 2.25619e-05
0 2.00038e-05
0 1.77138e-05
0 1.56642e-05
0 1.383e-05
0 1.21891e-05
0 1.07214e-05
0 9.40924e-06
0 8.23677e-06
0 7.18977e-06
0 6.25553e-06
0 5.42271e-06
0 4.68112e-06
0 4.0217e-06
0 3.4363e-06
0 2.91765e-06
0 2.45926e-06
0 2.05531e-06
0 1.7006e-06
0 1.39049e-06
0 1.12085e-06
0 8.87993e-07
0 6.88626e-07
0 5.19833e-07
0 3.79024e-07
0 2.63909e-07
0 1.72465e-07
0 1.02917e-07
0 5.37124e-08
0 2.3503e-08
0 1.11263e-08
0 8.87688e-16
0 8.87059e-16
0 8.86442e-16
0 8.85834e-16
0 8.85238e-16
0 8.84651e-16
0 8.84073e-16
0 8.83506e-16
0 8.82947e-16
0 8.82398e-16
0 8.81857e-16
0 8.81325e-16
0 8.80801e-16
0 8.80286e-16
0 8.79778e-16
0 8.79278e-16
0 8.78786e-16
0 8.78302e-16
0 8.77824e-16
0 8.77354e-16
0 8.76891e-16
0 8.76435e-16
0 8.75985e-16
0 8.75542e-16
0 8.75105e-16
0 8.74675e-16
0 8.7425e-16
0 8.73832e-16
0 8.73419e-16
0 8.73013e-16
0 8.72611e-16
0 8.72216e-16
0 8.71825e-16
0 8.7144e-16
0 8.71061e-16
0 8.70686e-16
0 8.70316e-16
0 8.69951e-16
0 8.69591e-16
0 8.69235e-16
0 8.68885e-16
0 8.68538e-16
0 8.68196e-16
0 8.67859e-16
0 8.67525e-16
0 8.67196e-16
0 8.66871e-16
0 8.6655e-16
0 8.66233e-16
0 8.65919e-16
0 8.6561e-16
0 8.65304e-16
0 8.65002e-16
0 8.64704e-16
0 8.64409e-16
0 8.64117e-16
0 8.63829e-16
0 8.63545e-16
0 8.63263e-16
0 8.62985e-16
0 8.6271e-16
0 8.62438e-16
0 8.6217e-16
0 8.61904e-16
0 8.61641e-16
0 8.61381e-16
0 8.61124e-16
0 8.6087e-16
0 8.60619e-16
0 8.6037e-16
0 8.60124e-16
0 8.59881e-16
0 8.5964e-16
0 8.59402e-16
0 8.59166e-16
0 8.58933e-16
0 8.58703e-16
0 8.58474e-16
0 8.58249e-16
0 8.58025e-16
0 8.57804e-16
0 8.57585e-16
0 8.57368e-16
0 8.57153e-16
0 8.56941e-16
0 8.56731e-16
0 8.56522e-16
0 8.56316e-16
0 8.56112e-16
0 8.5591e-16
0 8.5571e-16
0 8.55512e-16
0 8.55315e-16
0 8.55121e-16
0 8.54928e-16
0 8.54738e-16
0 8.54549e-16
0 8.54362e-16
0 8.54176e-16
0 8.53993e-16
0 8.53811e-16
0 8.53631e-16
0 8.53452e-16
0 8.53275e-16
0 8.531e-16
0 8.52926e-16
0 8.52754e-16
0 8.52584e-16
0 8.52415e-16
0 8.52247e-16
0 8.52081e-16
0 8.51916e-16
0 8.51753e-16
0 8.51592e-16
0 8.51431e-16
0 8.51272e-16
0 8.51115e-16
0 8.50959e-16
0 8.50804e-16
0 8.50651e-16
0 8.50498e-16
0 8.50347e-16
0 8.50198e-16
0 8.5005e-16
0 8.49902e-16
0 8.49757e-16
0 8.49612e-16
0 8.49468e-16
0 8.49326e-16
0 8.49185e-16
0 8.49045e-16
0 8.48906e-16
0 8.48769e-16
0 8.48632e-16
0 8.48496e-16
0 8.48362e-16
0 8.48229e-16
0 8.48096e-16
0 8.47965e-16
0 8.47835e-16
0 8.47706e-16
0 8.47578e-16
0 8.47451e-16
0 8.47324e-16
0 8.47199e-16
0 8.47075e-16
0 8.46952e-16
0 8.46829e-16
0 8.46708e-16
0 8.46587e-16
0 8.46468e-16
0 8.46349e-16
0 8.46231e-16
0 8.46114e-16
0 8.45998e-16
0 8.45883e-16
0 8.45769e-16
0 8.45655e-16
0 8.45543e-16
0 8.45431e-16
0 8.4532e-16
0 8.4521e-16
0 8.451e-16
0 8.44992e-16
0 8.44884e-16
0 8.44777e-16
0 8.4467e-16
0 8.44565e-16
0 8.4446e-16
0 8.44356e-16
0 8.44252e-16
0 8.4415e-16
0 8.44048e-16
0 8.43947e-16
0 8.43846e-16
0 8.43746e-16
0 8.43647e-16
0 8.43549e-16
0 8.43451e-16
0 8.43354e-16
0 8.43258e-16
0 8.43162e-16
0 8.43067e-16
0 8.42972e-16
0 8.42878e-16
0 8.42785e-16
0 8.42692e-16
0 8.426e-16
0 8.42509e-16
0 8.42418e-16
0 8.42328e-16
0 8.42238e-16
0 8.42149e-16
0 8.42061e-16
0 8.41973e-16
0 8.41886e-16
0 8.41799e-16
0 8.41713e-16
0 8.41627e-16
0 8.41542e-16
0 8.41457e-16
0 8.41373e-16
0 8.4129e-16
0 8.41207e-16
0 8.41124e-16
0 8.41042e-16
0 8.40961e-16
0 8.4088e-16
0 8.408e-16
0 8.4072e-16
0 8.4064e-16
0 8.40561e-16
0 8.40483e-16
0 8.40405e-16
0 8.40327e-16
0 8.4025e-16
0 8.40174e-16
0 8.40098e-16
0 8.40022e-16
0 8.39947e-16
0 8.39872e-16
0 8.39798e-16
0 8.39724e-16
0 8.39651e-16
0 8.39578e-16
0 8.39505e-16
0 8.39433e-16
0 8.39361e-16
0 8.3929e-16
0 8.39219e-16
0 8.39149e-16
0 8.39079e-16
0 8.39009e-16
0 8.3894e-16
0 8.38871e-16
0 8.38802e-16
0 8.38734e-16
0 8.38667e-16
0 8.38599e-16
0 8.38532e-16
0 8.38466e-16
0 8.384e-16
0 8.38334e-16
0 8.38268e-16
0 8.38203e-16
0 8.38139e-16
0 8.38074e-16
0 8.3801e-16
0 8.37947e-16
0 8.37883e-16
0 8.3782e-16
0 8.37758e-16
0 8.37696e-16
0 8.37634e-16
0 8.37572e-16
0 8.37511e-16
0 8.3745e-16
0 8.37389e-16
0 8.37329e-16
0 8.37269e-16
0 8.37209e-16
0 8.3715e-16
0 8.37091e-16
0 8.37032e-16
0 8.36974e-16
0 8.36916e-16
0 8.36858e-16
0 8.36801e-16
0 8.36744e-16
0 8.36687e-16
0 8.3663e-16
0 8.36574e-16
0 8.36518e-16
0 8.36462e-16
0 8.36407e-16
0 8.36352e-16
0 8.36297e-16
0 8.36242e-16
0 8.36188e-16
0 8.36134e-16
0 8.3608e-16
0 8.36027e-16
0 8.35974e-16
0 8.35921e-16
0 8.35868e-16
0 8.35816e-16
0 8.35764e-16
0 8.35712e-16
0 8.3566e-16
0 8.35609e-16
0 8.35558e-16
0 8.35507e-16
0 8.35456e-16
0 8.35406e-16
0 8.35356e-16
0 8.35306e-16
0 8.35256e-16
0 8.35207e-16
0 8.35158e-16
0 8.35109e-16
0 8.3506e-16
0 8.35012e-16
0 8.34964e-16
0 8.34916e-16
0 8.34868e-16
0 8.3482e-16
0 8.34773e-16
0 8.34726e-16
0 8.34679e-16
0 8.34633e-16
0 8.34586e-16
0 8.3454e-16
0 8.34494e-16
0 8.34448e-16
0 8.34403e-16
0 8.34357e-16
0 8.34312e-16
0 8.34267e-16
0 8.34223e-16
0 8.34178e-16
0 8.34134e-16
0 8.3409e-16
0 8.34046e-16
0 8.34002e-16
0 8.33959e-16
0 8.33916e-16
0 8.33872e-16
0 8.3383e-16
0 8.33787e-16
0 8.33744e-16
0 8.33702e-16
0 8.3366e-16
0 8.33618e-16
0 8.33576e-16
0 8.33535e-16
0 8.33493e-16
0 8.33452e-16
0 8.33411e-16
0 8.3337e-16
0 8.3333e-16
0 8.33289e-16
0 8.33249e-16
0 8.33209e-16
0 8.33169e-16
0 8.33129e-16
0 8.33089e-16
0 8.3305e-16
0 8.33011e-16
0 8.32972e-16
0 8.32933e-16
0 8.32894e-16
0 8.32855e-16
0 8.32817e-16
0 8.32779e-16
0 8.32741e-16
0 8.32703e-16
0 8.32665e-16
0 8.32627e-16
0 8.3259e-16
0 8.32553e-16
0 8.32515e-16
0 8.32478e-16
0 8.32442e-16
0 8.32405e-16
0 8.32368e-16
0 8.32332e-16
0 8.32296e-16
0 8.3226e-16
0 8.32224e-16
0 8.32188e-16
0 8.32153e-16
0 8.32117e-16
0 8.32082e-16
0 8.32047e-16
0 8.32012e-16
0 8.31977e-16
0 8.31942e-16
0 8.31907e-16
0 8.31873e-16
0 8.31839e-16
0 8.31804e-16
0 8.3177e-16
0 8.31736e-16
0 8.31703e-16
0 8.31669e-16
0 8.31635e-16
0 8.31602e-16
0 8.31569e-16
0 8.31536e-16
0 8.31503e-16
0 8.3147e-16
0 8.31437e-16
0 8.31405e-16
0 8.31372e-16
0 8.3134e-16
0 8.31308e-16
0 8.31276e-16
0 8.31244e-16
0 8.31212e-16
0 8.3118e-16
0 8.31148e-16
0 8.31117e-16
0 8.31086e-16
0 8.31054e-16
0 8.31023e-16
0 8.30992e-16
0 8.30962e-16
0 8.30931e-16
0 8.309e-16
0 8.3087e-16
0 8.30839e-16
0 8.30809e-16
0 8.30779e-16
0 8.30749e-16
0 8.30719e-16
0 8.30689e-16
0 8.30659e-16
0 8.3063e-16
0 8.306e-16
0 8.30571e-16
0 8.30542e-16
0 8.30513e-16
0 8.30483e-16
0 8.30455e-16
0 8.30426e-16
0 8.30397e-16
0 8.30368e-16
0 8.3034e-16
0 8.30311e-16
0 8.30283e-16
0 8.30255e-16
0 8.30227e-16
0 8.30199e-16
0 8.30171e-16
0 8.30143e-16
0 8.30116e-16
0 8.30088e-16
0 8.3006e-16
0 8.30033e-16
0 8.30006e-16
0 8.29979e-16
0 8.29952e-16
0 8.29925e-16
0 8.29898e-16
0 8.29871e-16
0 8.29844e-16
0 8.29818e-16
0 8.29791e-16
0 8.29765e-16
0 8.29738e-16
0 8.29712e-16
0 8.29686e-16
0 8.2966e-16
0 8.29634e-16
0 8.29608e-16
0 8.29582e-16
0 8.29557e-16
0 8.29531e-16
0 8.29505e-16
0 8.2948e-16
0 8.29455e-16
0 8.29429e-16
0 8.29404e-16
0 8.29379e-16
0 8.29354e-16
0 8.29329e-16
0 8.29305e-16
0 8.2928e-16
0 8.29255e-16
0 8.29231e-16
0 8.29206e-16
0 8.29182e-16
0 8.29158e-16
0 8.29133e-16
0 8.29109e-16
0 8.29085e-16
0 8.29061e-16
0 8.29037e-16
0 8.29013e-16
0 8.2899e-16
0 8.28966e-16
0 8.28943e-16
0 8.28919e-16
0 8.28896e-16
0 8.28872e-16
0 8.28849e-16
0 8.28826e-16
0 8.28803e-16
0 8.2878e-16
0 8.28757e-16
0 8.28734e-16
0 8.28711e-16
0 8.28688e-16
0 8.28666e-16
0 8.28643e-16
0 8.28621e-16
0 8.28598e-16
0 8.28576e-16
0 8.28554e-16
0 8.28531e-16
0 8.28509e-16
0 8.28487e-16
0 8.28465e-16
0 8.28443e-16
0 8.28421e-16
0 8.284e-16
0 8.28378e-16
0 8.28356e-16
0 8.28335e-16
0 8.28313e-16
0 8.28292e-16
0 8.2827e-16
0 8.28249e-16
0 8.28228e-16
0 8.28207e-16
0 8.28186e-16
0 8.28165e-16
0 8.28144e-16
0 8.28123e-16
0 8.28102e-16
0 8.28081e-16
0 8.2806e-16
0 8.2804e-16
0 8.28019e-16
0 8.27999e-16
0 8.27978e-16
0 8.27958e-16
0 8.27938e-16
0 8.27917e-16
0 8.27897e-16
0 8.27877e-16
0 8.27857e-16
0 8.27837e-16
0 8.27817e-16
0 8.27797e-16
0 8.27777e-16
0 8.27758e-16
0 8.27738e-16
0 8.27718e-16
0 8.27699e-16
0 8.27679e-16
0 8.2766e-16
0 8.2764e-16
0 8.27621e-16
0 8.27602e-16
0 8.27583e-16
0 8.27563e-16
0 8.27544e-16
0 8.27525e-16
0 8.27506e-16
0 8.27487e-16
0 8.27469e-16
0 8.2745e-16
0 8.27431e-16
0 8.27412e-16
0 8.27394e-16
0 8.27375e-16
0 8.27356e-16
0 8.27338e-16
0 8.2732e-16
0 8.27301e-16
0 8.27283e-16
0 8.27265e-16
0 8.27246e-16
0 8.27228e-16
0 8.2721e-16
0 8.27192e-16
0 8.27174e-16
0 8.27156e-16
0 8.27138e-16
0 8.2712e-16
0 8.27103e-16
0 8.27085e-16
0 8.27067e-16
0 8.2705e-16
0 8.27032e-16
0 8.27014e-16
0 8.26997e-16
0 8.2698e-16
0 8.26962e-16
0 8.26945e-16
0 8.26928e-16
0 8.2691e-16
0 8.26893e-16
0 8.26876e-16
0 8.26859e-16
0 8.26842e-16
0 8.26825e-16
0 8.26808e-16
0 8.26791e-16
0 8.26774e-16
0 8.26757e-16
0 8.26741e-16
0 8.26724e-16
0 8.26707e-16
0 8.26691e-16
0 8.26674e-16
0 8.26658e-16
0 8.26641e-16
0 8.26625e-16
0 8.26608e-16
0 8.26592e-16
0 8.26576e-16
0 8.2656e-16
0 8.26543e-16
0 8.26527e-16
0 8.26511e-16
0 8.26495e-16
0 8.26479e-16
0 8.26463e-16
0 8.26447e-16
0 8.26431e-16
0 8.26416e-16
0 8.264e-16
0 8.26384e-16
0 8.26368e-16
0 8.26353e-16
0 8.26337e-16
0 8.26321e-16
0 8.26306e-16
0 8.2629e-16
0 8.26275e-16
0 8.2626e-16
0 8.26244e-16
0 8.26229e-16
0 8.26214e-16
0 8.26198e-16
0 8.26183e-16
0 8.26168e-16
0 8.26153e-16
0 8.26138e-16
0 8.26123e-16
0 8.26108e-16
0 8.26093e-16
0 8.26078e-16
0 8.26063e-16
0 8.26048e-16
0 8.26033e-16
0 8.26019e-16
0 8.26004e-16
0 8.25989e-16
0 8.25975e-16
0 8.2596e-16
0 8.25945e-16
0 8.25931e-16
0 8.25916e-16
0 8.25902e-16
0 8.25887e-16
0 8.25873e-16
0 8.25859e-16
0 8.25844e-16
0 8.2583e-16
0 8.25816e-16
0 8.25802e-16
0 8.25788e-16
0 8.25774e-16
0 8.25759e-16
0 8.25745e-16
0 8.25731e-16
0 8.25717e-16
0 8.25704e-16
0 8.2569e-16
0 8.25676e-16
0 8.25662e-16
0 8.25648e-16
0 8.25634e-16
0 8.25621e-16
0 8.25607e-16
0 8.25593e-16
0 8.2558e-16
0 8.25566e-16
0 8.25553e-16
0 8.25539e-16
0 8.25526e-16
0 8.25512e-16
0 8.25499e-16
0 8.25485e-16
0 8.25472e-16
0 8.25459e-16
0 8.25445e-16
0 8.25432e-16
0 8.25419e-16
0 8.25406e-16
0 8.25393e-16
0 8.2538e-16
0 8.25367e-16
0 8.25353e-16
0 8.2534e-16
0 8.25328e-16
0 8.25315e-16
0 8.25302e-16
0 8.25289e-16
0 8.25276e-16
0 8.25263e-16
0 8.2525e-16
0 8.25238e-16
0 8.25225e-16
0 8.25212e-16
0 8.25199e-16
0 8.25187e-16
0 8.25174e-16
0 8.25162e-16
0 8.25149e-16
0 8.25137e-16
0 8.25124e-16
0 8.25112e-16
0 8.25099e-16
0 8.25087e-16
0 8.25075e-16
0 8.25062e-16
0 8.2505e-16
0 8.25038e-16
0 8.25025e-16
0 8.25013e-16
0 8.25001e-16
0 8.24989e-16
0 8.24977e-16
0 8.24965e-16
0 8.24953e-16
0 8.24941e-16
0 8.24929e-16
0 8.24917e-16
0 8.24905e-16
0 8.24893e-16
0 8.24881e-16
0 8.24869e-16
0 8.24857e-16
0 8.24845e-16
0 8.24834e-16
0 8.24822e-16
0 8.2481e-16
0 8.24799e-16
0 8.24787e-16
0 8.24775e-16
0 8.24764e-16
0 8.24752e-16
0 8.2474e-16
0 8.24729e-16
0 8.24717e-16
0 8.24706e-16
0 8.24695e-16
0 8.24683e-16
0 8.24672e-16
0 8.2466e-16
0 8.24649e-16
0 8.24638e-16
0 8.24626e-16
0 8.24615e-16
0 8.24604e-16
0 8.24593e-16
0 8.24582e-16
0 8.2457e-16
0 8.24559e-16
0 8.24548e-16
0 8.24537e-16
0 8.24526e-16
0 8.24515e-16
0 8.24504e-16
0 8.24493e-16
0 8.24482e-16
0 8.24471e-16
0 8.2446e-16
0 8.24449e-16
0 8.24438e-16
0 8.24428e-16
0 8.24417e-16
0 8.24406e-16
0 8.24395e-16
0 8.24385e-16
0 8.24374e-16
0 8.24363e-16
0 8.24353e-16
0 8.24342e-16
0 8.24331e-16
0 8.24321e-16
0 8.2431e-16
0 8.243e-16
0 8.24289e-16
0 8.24279e-16
0 8.24268e-16
0 8.24258e-16
0 8.24247e-16
0 8.24237e-16
0 8.24227e-16
0 8.24216e-16
0 8.24206e-16
0 8.24196e-16
0 8.24185e-16
0 8.24175e-16
0 8.24165e-16
0 8.24155e-16
0 8.24144e-16
0 8.24134e-16
0 8.24124e-16
0 8.24114e-16
0 8.24104e-16
0 8.24094e-16
0 8.24084e-16
0 8.24074e-16
0 8.24064e-16
0 8.24054e-16
0 8.24044e-16
0 8.24034e-16
0 8.24024e-16
0 8.24014e-16
0 8.24004e-16
0 8.23994e-16
0 8.23984e-16
0 8.23974e-16
0 8.23965e-16
0 8.23955e-16
0 8.23945e-16
0 8.23935e-16
0 8.23926e-16
0 8.23916e-16
0 8.23906e-16
0 8.23897e-16
0 8.23887e-16
0 8.23877e-16
0 8.23868e-16
0 8.23858e-16
0 8.23849e-16
0 8.23839e-16
0 8.2383e-16
0 8.2382e-16
0 8.23811e-16
0 8.23801e-16
0 8.23792e-16
0 8.23782e-16
0 8.23773e-16
0 8.23764e-16
0 8.23754e-16
0 8.23745e-16
0 8.23736e-16
0 8.23726e-16
0 8.23717e-16
0 8.23708e-16
0 8.23699e-16
0 8.23689e-16
0 8.2368e-16
0 8.23671e-16
0 8.23662e-16
0 8.23653e-16
0 8.23644e-16
0 8.23635e-16
0 8.23626e-16
0 8.23616e-16
0 8.23607e-16
0 8.23598e-16
0 8.23589e-16
0 8.2358e-16
0 8.23571e-16
0 8.23563e-16
0 8.23554e-16
0 8.23545e-16
0 8.23536e-16
0 8.23527e-16
0 8.23518e-16
0 8.23509e-16
0 8.235e-16
0 8.23492e-16
0 8.23483e-16
0 8.23474e-16
0 8.23465e-16
0 8.23457e-16
0 8.23448e-16
0 8.23439e-16
0 8.23431e-16
0 8.23422e-16
0 8.23413e-16
0 8.23405e-16
0 8.23396e-16
0 8.23387e-16
0 8.23379e-16
0 8.2337e-16

