0 291.602
0 195.449
0 86.8526
0 37.0296
0 17.7352
0 9.68257
0 5.87362
0 3.85096
0 2.67153
0 1.93128
0 1.439
0 1.09626
0 0.848741
0 0.664696
0 0.524671
0 0.416289
0 0.331447
0 0.264703
0 0.212189
0 0.170887
0 0.138345
0 0.112605
0 0.0921425
0 0.0757853
0 0.0626357
0 0.0520059
0 0.0433668
0 0.0363097
0 0.0305166
0 0.0257392
0 0.0217823
0 0.0184915
0 0.015744
0 0.0134418
0 0.011506
0 0.00987309
0 0.00849139
0 0.0073189
0 0.00632122
0 0.00547009
0 0.00474221
0 0.0041183
0 0.00358233
0 0.00312095
0 0.00272299
0 0.0023791
0 0.0020814
0 0.00182325
0 0.00159903
0 0.00140399
0 0.00123408
0 0.00108585
0 0.000956369
0 0.000843118
0 0.000743943
0 0.000656993
0 0.000580677
0 0.000513621
0 0.000454643
0 0.000402719
0 0.000356962
0 0.000316603
0 0.000280975
0 0.000249497
0 0.000221663
0 0.000197034
0 0.000175223
0 0.000155895
0 0.000138756
0 0.000123548
0 0.000110045
0 9.80482e-05
0 8.73841e-05
0 7.78993e-05
0 6.9459e-05
0 6.19443e-05
0 5.52505e-05
0 4.92852e-05
0 4.39669e-05
0 3.92234e-05
0 3.49909e-05
0 3.12129e-05
0 2.78396e-05
0 2.48266e-05
0 2.21345e-05
0 1.97286e-05
0 1.75779e-05
0 1.56549e-05
0 1.39352e-05
0 1.2397e-05
0 1.1021e-05
0 9.78992e-06
0 8.68851e-06
0 7.70307e-06
0 6.82142e-06
0 6.0327e-06
0 5.32721e-06
0 4.69632e-06
0 4.13228e-06
0 3.62822e-06
0 3.17796e-06
0 2.77601e-06
0 2.41744e-06
0 2.09785e-06
0 1.81331e-06
0 1.56032e-06
0 1.33572e-06
0 1.1367e-06
0 9.60766e-07
0 8.05662e-07
0 6.69386e-07
0 5.5015e-07
0 4.46357e-07
0 3.56587e-07
0 2.79572e-07
0 2.14186e-07
0 1.59432e-07
0 1.14426e-07
0 7.8386e-08
0 5.06276e-08
0 3.05499e-08
0 1.76301e-08
0 1.14171e-08
0 2.61009e-16
0 2.60825e-16
0 2.60644e-16
0 2.60466e-16
0 2.60291e-16
0 2.60119e-16
0 2.59951e-16
0 2.59784e-16
0 2.59621e-16
0 2.5946e-16
0 2.59302e-16
0 2.59147e-16
0 2.58994e-16
0 2.58843e-16
0 2.58695e-16
0 2.58549e-16
0 2.58405e-16
0 2.58264e-16
0 2.58125e-16
0 2.57988e-16
0 2.57852e-16
0 2.57719e-16
0 2.57588e-16
0 2.57459e-16
0 2.57332e-16
0 2.57206e-16
0 2.57083e-16
0 2.56961e-16
0 2.5684e-16
0 2.56722e-16
0 2.56605e-16
0 2.5649e-16
0 2.56376e-16
0 2.56264e-16
0 2.56154e-16
0 2.56045e-16
0 2.55937e-16
0 2.55831e-16
0 2.55726e-16
0 2.55623e-16
0 2.55521e-16
0 2.5542e-16
0 2.55321e-16
0 2.55223e-16
0 2.55126e-16
0 2.5503e-16
0 2.54936e-16
0 2.54843e-16
0 2.5475e-16
0 2.54659e-16
0 2.5457e-16
0 2.54481e-16
0 2.54393e-16
0 2.54307e-16
0 2.54221e-16
0 2.54136e-16
0 2.54053e-16
0 2.5397e-16
0 2.53889e-16
0 2.53808e-16
0 2.53728e-16
0 2.53649e-16
0 2.53572e-16
0 2.53495e-16
0 2.53418e-16
0 2.53343e-16
0 2.53269e-16
0 2.53195e-16
0 2.53122e-16
0 2.5305e-16
0 2.52979e-16
0 2.52908e-16
0 2.52839e-16
0 2.5277e-16
0 2.52702e-16
0 2.52634e-16
0 2.52567e-16
0 2.52501e-16
0 2.52436e-16
0 2.52371e-16
0 2.52307e-16
0 2.52244e-16
0 2.52181e-16
0 2.52119e-16
0 2.52057e-16
0 2.51997e-16
0 2.51936e-16
0 2.51877e-16
0 2.51818e-16
0 2.51759e-16
0 2.51701e-16
0 2.51644e-16
0 2.51587e-16
0 2.51531e-16
0 2.51476e-16
0 2.51421e-16
0 2.51366e-16
0 2.51312e-16
0 2.51258e-16
0 2.51205e-16
0 2.51153e-16
0 2.51101e-16
0 2.51049e-16
0 2.50998e-16
0 2.50947e-16
0 2.50897e-16
0 2.50848e-16
0 2.50798e-16
0 2.50749e-16
0 2.50701e-16
0 2.50653e-16
0 2.50606e-16
0 2.50559e-16
0 2.50512e-16
0 2.50466e-16
0 2.5042e-16
0 2.50374e-16
0 2.50329e-16
0 2.50285e-16
0 2.5024e-16
0 2.50196e-16
0 2.50153e-16
0 2.5011e-16
0 2.50067e-16
0 2.50025e-16
0 2.49983e-16
0 2.49941e-16
0 2.49899e-16
0 2.49858e-16
0 2.49818e-16
0 2.49777e-16
0 2.49737e-16
0 2.49698e-16
0 2.49658e-16
0 2.49619e-16
0 2.4958e-16
0 2.49542e-16
0 2.49504e-16
0 2.49466e-16
0 2.49429e-16
0 2.49391e-16
0 2.49354e-16
0 2.49318e-16
0 2.49281e-16
0 2.49245e-16
0 2.4921e-16
0 2.49174e-16
0 2.49139e-16
0 2.49104e-16
0 2.49069e-16
0 2.49035e-16
0 2.49001e-16
0 2.48967e-16
0 2.48933e-16
0 2.489e-16
0 2.48866e-16
0 2.48833e-16
0 2.48801e-16
0 2.48768e-16
0 2.48736e-16
0 2.48704e-16
0 2.48672e-16
0 2.48641e-16
0 2.4861e-16
0 2.48579e-16
0 2.48548e-16
0 2.48517e-16
0 2.48487e-16
0 2.48457e-16
0 2.48427e-16
0 2.48397e-16
0 2.48368e-16
0 2.48338e-16
0 2.48309e-16
0 2.4828e-16
0 2.48251e-16
0 2.48223e-16
0 2.48195e-16
0 2.48167e-16
0 2.48139e-16
0 2.48111e-16
0 2.48083e-16
0 2.48056e-16
0 2.48029e-16
0 2.48002e-16
0 2.47975e-16
0 2.47948e-16
0 2.47922e-16
0 2.47896e-16
0 2.47869e-16
0 2.47844e-16
0 2.47818e-16
0 2.47792e-16
0 2.47767e-16
0 2.47741e-16
0 2.47716e-16
0 2.47691e-16
0 2.47667e-16
0 2.47642e-16
0 2.47618e-16
0 2.47593e-16
0 2.47569e-16
0 2.47545e-16
0 2.47521e-16
0 2.47498e-16
0 2.47474e-16
0 2.47451e-16
0 2.47427e-16
0 2.47404e-16
0 2.47381e-16
0 2.47359e-16
0 2.47336e-16
0 2.47313e-16
0 2.47291e-16
0 2.47269e-16
0 2.47247e-16
0 2.47225e-16
0 2.47203e-16
0 2.47181e-16
0 2.47159e-16
0 2.47138e-16
0 2.47117e-16
0 2.47095e-16
0 2.47074e-16
0 2.47053e-16
0 2.47032e-16
0 2.47012e-16
0 2.46991e-16
0 2.46971e-16
0 2.4695e-16
0 2.4693e-16
0 2.4691e-16
0 2.4689e-16
0 2.4687e-16
0 2.4685e-16
0 2.46831e-16
0 2.46811e-16
0 2.46792e-16
0 2.46772e-16
0 2.46753e-16
0 2.46734e-16
0 2.46715e-16
0 2.46696e-16
0 2.46677e-16
0 2.46659e-16
0 2.4664e-16
0 2.46622e-16
0 2.46603e-16
0 2.46585e-16
0 2.46567e-16
0 2.46549e-16
0 2.46531e-16
0 2.46513e-16
0 2.46495e-16
0 2.46478e-16
0 2.4646e-16
0 2.46443e-16
0 2.46425e-16
0 2.46408e-16
0 2.46391e-16
0 2.46374e-16
0 2.46357e-16
0 2.4634e-16
0 2.46323e-16
0 2.46306e-16
0 2.46289e-16
0 2.46273e-16
0 2.46256e-16
0 2.4624e-16
0 2.46224e-16
0 2.46207e-16
0 2.46191e-16
0 2.46175e-16
0 2.46159e-16
0 2.46143e-16
0 2.46128e-16
0 2.46112e-16
0 2.46096e-16
0 2.46081e-16
0 2.46065e-16
0 2.4605e-16
0 2.46034e-16
0 2.46019e-16
0 2.46004e-16
0 2.45989e-16
0 2.45974e-16
0 2.45959e-16
0 2.45944e-16
0 2.45929e-16
0 2.45915e-16
0 2.459e-16
0 2.45885e-16
0 2.45871e-16
0 2.45856e-16
0 2.45842e-16
0 2.45828e-16
0 2.45814e-16
0 2.45799e-16
0 2.45785e-16
0 2.45771e-16
0 2.45757e-16
0 2.45743e-16
0 2.4573e-16
0 2.45716e-16
0 2.45702e-16
0 2.45689e-16
0 2.45675e-16
0 2.45662e-16
0 2.45648e-16
0 2.45635e-16
0 2.45621e-16
0 2.45608e-16
0 2.45595e-16
0 2.45582e-16
0 2.45569e-16
0 2.45556e-16
0 2.45543e-16
0 2.4553e-16
0 2.45517e-16
0 2.45505e-16
0 2.45492e-16
0 2.45479e-16
0 2.45467e-16
0 2.45454e-16
0 2.45442e-16
0 2.45429e-16
0 2.45417e-16
0 2.45405e-16
0 2.45392e-16
0 2.4538e-16
0 2.45368e-16
0 2.45356e-16
0 2.45344e-16
0 2.45332e-16
0 2.4532e-16
0 2.45308e-16
0 2.45297e-16
0 2.45285e-16
0 2.45273e-16
0 2.45261e-16
0 2.4525e-16
0 2.45238e-16
0 2.45227e-16
0 2.45215e-16
0 2.45204e-16
0 2.45193e-16
0 2.45181e-16
0 2.4517e-16
0 2.45159e-16
0 2.45148e-16
0 2.45137e-16
0 2.45126e-16
0 2.45115e-16
0 2.45104e-16
0 2.45093e-16
0 2.45082e-16
0 2.45071e-16
0 2.4506e-16
0 2.4505e-16
0 2.45039e-16
0 2.45028e-16
0 2.45018e-16
0 2.45007e-16
0 2.44997e-16
0 2.44986e-16
0 2.44976e-16
0 2.44965e-16
0 2.44955e-16
0 2.44945e-16
0 2.44935e-16
0 2.44924e-16
0 2.44914e-16
0 2.44904e-16
0 2.44894e-16
0 2.44884e-16
0 2.44874e-16
0 2.44864e-16
0 2.44854e-16
0 2.44844e-16
0 2.44835e-16
0 2.44825e-16
0 2.44815e-16
0 2.44805e-16
0 2.44796e-16
0 2.44786e-16
0 2.44776e-16
0 2.44767e-16
0 2.44757e-16
0 2.44748e-16
0 2.44738e-16
0 2.44729e-16
0 2.4472e-16
0 2.4471e-16
0 2.44701e-16
0 2.44692e-16
0 2.44683e-16
0 2.44673e-16
0 2.44664e-16
0 2.44655e-16
0 2.44646e-16
0 2.44637e-16
0 2.44628e-16
0 2.44619e-16
0 2.4461e-16
0 2.44601e-16
0 2.44592e-16
0 2.44584e-16
0 2.44575e-16
0 2.44566e-16
0 2.44557e-16
0 2.44549e-16
0 2.4454e-16
0 2.44531e-16
0 2.44523e-16
0 2.44514e-16
0 2.44506e-16
0 2.44497e-16
0 2.44489e-16
0 2.4448e-16
0 2.44472e-16
0 2.44463e-16
0 2.44455e-16
0 2.44447e-16
0 2.44438e-16
0 2.4443e-16
0 2.44422e-16
0 2.44414e-16
0 2.44406e-16
0 2.44398e-16
0 2.44389e-16
0 2.44381e-16
0 2.44373e-16
0 2.44365e-16
0 2.44357e-16
0 2.44349e-16
0 2.44342e-16
0 2.44334e-16
0 2.44326e-16
0 2.44318e-16
0 2.4431e-16
0 2.44302e-16
0 2.44295e-16
0 2.44287e-16
0 2.44279e-16
0 2.44272e-16
0 2.44264e-16
0 2.44256e-16
0 2.44249e-16
0 2.44241e-16
0 2.44234e-16
0 2.44226e-16
0 2.44219e-16
0 2.44211e-16
0 2.44204e-16
0 2.44196e-16
0 2.44189e-16
0 2.44182e-16
0 2.44174e-16
0 2.44167e-16
0 2.4416e-16
0 2.44153e-16
0 2.44145e-16
0 2.44138e-16
0 2.44131e-16
0 2.44124e-16
0 2.44117e-16
0 2.4411e-16
0 2.44103e-16
0 2.44096e-16
0 2.44088e-16
0 2.44081e-16
0 2.44075e-16
0 2.44068e-16
0 2.44061e-16
0 2.44054e-16
0 2.44047e-16
0 2.4404e-16
0 2.44033e-16
0 2.44026e-16
0 2.4402e-16
0 2.44013e-16
0 2.44006e-16
0 2.43999e-16
0 2.43993e-16
0 2.43986e-16
0 2.43979e-16
0 2.43973e-16
0 2.43966e-16
0 2.4396e-16
0 2.43953e-16
0 2.43946e-16
0 2.4394e-16
0 2.43933e-16
0 2.43927e-16
0 2.43921e-16
0 2.43914e-16
0 2.43908e-16
0 2.43901e-16
0 2.43895e-16
0 2.43889e-16
0 2.43882e-16
0 2.43876e-16
0 2.4387e-16
0 2.43863e-16
0 2.43857e-16
0 2.43851e-16
0 2.43845e-16
0 2.43839e-16
0 2.43832e-16
0 2.43826e-16
0 2.4382e-16
0 2.43814e-16
0 2.43808e-16
0 2.43802e-16
0 2.43796e-16
0 2.4379e-16
0 2.43784e-16
0 2.43778e-16
0 2.43772e-16
0 2.43766e-16
0 2.4376e-16
0 2.43754e-16
0 2.43748e-16
0 2.43742e-16
0 2.43736e-16
0 2.4373e-16
0 2.43725e-16
0 2.43719e-16
0 2.43713e-16
0 2.43707e-16
0 2.43702e-16
0 2.43696e-16
0 2.4369e-16
0 2.43684e-16
0 2.43679e-16
0 2.43673e-16
0 2.43667e-16
0 2.43662e-16
0 2.43656e-16
0 2.43651e-16
0 2.43645e-16
0 2.43639e-16
0 2.43634e-16
0 2.43628e-16
0 2.43623e-16
0 2.43617e-16
0 2.43612e-16
0 2.43606e-16
0 2.43601e-16
0 2.43596e-16
0 2.4359e-16
0 2.43585e-16
0 2.43579e-16
0 2.43574e-16
0 2.43569e-16
0 2.43563e-16
0 2.43558e-16
0 2.43553e-16
0 2.43548e-16
0 2.43542e-16
0 2.43537e-16
0 2.43532e-16
0 2.43527e-16
0 2.43521e-16
0 2.43516e-16
0 2.43511e-16
0 2.43506e-16
0 2.43501e-16
0 2.43496e-16
0 2.4349e-16
0 2.43485e-16
0 2.4348e-16
0 2.43475e-16
0 2.4347e-16
0 2.43465e-16
0 2.4346e-16
0 2.43455e-16
0 2.4345e-16
0 2.43445e-16
0 2.4344e-16
0 2.43435e-16
0 2.4343e-16
0 2.43425e-16
0 2.4342e-16
0 2.43416e-16
0 2.43411e-16
0 2.43406e-16
0 2.43401e-16
0 2.43396e-16
0 2.43391e-16
0 2.43386e-16
0 2.43382e-16
0 2.43377e-16
0 2.43372e-16
0 2.43367e-16
0 2.43363e-16
0 2.43358e-16
0 2.43353e-16
0 2.43348e-16
0 2.43344e-16
0 2.43339e-16
0 2.43334e-16
0 2.4333e-16
0 2.43325e-16
0 2.43321e-16
0 2.43316e-16
0 2.43311e-16
0 2.43307e-16
0 2.43302e-16
0 2.43298e-16
0 2.43293e-16
0 2.43289e-16
0 2.43284e-16
0 2.4328e-16
0 2.43275e-16
0 2.43271e-16
0 2.43266e-16
0 2.43262e-16
0 2.43257e-16
0 2.43253e-16
0 2.43248e-16
0 2.43244e-16
0 2.43239e-16
0 2.43235e-16
0 2.43231e-16
0 2.43226e-16
0 2.43222e-16
0 2.43218e-16
0 2.43213e-16
0 2.43209e-16
0 2.43205e-16
0 2.432e-16
0 2.43196e-16
0 2.43192e-16
0 2.43188e-16
0 2.43183e-16
0 2.43179e-16
0 2.43175e-16
0 2.43171e-16
0 2.43166e-16
0 2.43162e-16
0 2.43158e-16
0 2.43154e-16
0 2.4315e-16
0 2.43146e-16
0 2.43141e-16
0 2.43137e-16
0 2.43133e-16
0 2.43129e-16
0 2.43125e-16
0 2.43121e-16
0 2.43117e-16
0 2.43113e-16
0 2.43109e-16
0 2.43105e-16
0 2.43101e-16
0 2.43097e-16
0 2.43093e-16
0 2.43089e-16
0 2.43085e-16
0 2.43081e-16
0 2.43077e-16
0 2.43073e-16
0 2.43069e-16
0 2.43065e-16
0 2.43061e-16
0 2.43057e-16
0 2.43053e-16
0 2.43049e-16
0 2.43045e-16
0 2.43042e-16
0 2.43038e-16
0 2.43034e-16
0 2.4303e-16
0 2.43026e-16
0 2.43022e-16
0 2.43018e-16
0 2.43015e-16
0 2.43011e-16
0 2.43007e-16
0 2.43003e-16
0 2.43e-16
0 2.42996e-16
0 2.42992e-16
0 2.42988e-16
0 2.42985e-16
0 2.42981e-16
0 2.42977e-16
0 2.42973e-16
0 2.4297e-16
0 2.42966e-16
0 2.42962e-16
0 2.42959e-16
0 2.42955e-16
0 2.42951e-16
0 2.42948e-16
0 2.42944e-16
0 2.4294e-16
0 2.42937e-16
0 2.42933e-16
0 2.4293e-16
0 2.42926e-16
0 2.42922e-16
0 2.42919e-16
0 2.42915e-16
0 2.42912e-16
0 2.42908e-16
0 2.42905e-16
0 2.42901e-16
0 2.42898e-16
0 2.42894e-16
0 2.42891e-16
0 2.42887e-16
0 2.42884e-16
0 2.4288e-16
0 2.42877e-16
0 2.42873e-16
0 2.4287e-16
0 2.42866e-16
0 2.42863e-16
0 2.4286e-16
0 2.42856e-16
0 2.42853e-16
0 2.42849e-16
0 2.42846e-16
0 2.42843e-16
0 2.42839e-16
0 2.42836e-16
0 2.42832e-16
0 2.42829e-16
0 2.42826e-16
0 2.42822e-16
0 2.42819e-16
0 2.42816e-16
0 2.42812e-16
0 2.42809e-16
0 2.42806e-16
0 2.42803e-16
0 2.42799e-16
0 2.42796e-16
0 2.42793e-16
0 2.42789e-16
0 2.42786e-16
0 2.42783e-16
0 2.4278e-16
0 2.42776e-16
0 2.42773e-16
0 2.4277e-16
0 2.42767e-16
0 2.42764e-16
0 2.4276e-16
0 2.42757e-16
0 2.42754e-16
0 2.42751e-16
0 2.42748e-16
0 2.42745e-16
0 2.42741e-16
0 2.42738e-16
0 2.42735e-16
0 2.42732e-16
0 2.42729e-16
0 2.42726e-16
0 2.42723e-16
0 2.4272e-16
0 2.42717e-16
0 2.42713e-16
0 2.4271e-16
0 2.42707e-16
0 2.42704e-16
0 2.42701e-16
0 2.42698e-16
0 2.42695e-16
0 2.42692e-16
0 2.42689e-16
0 2.42686e-16
0 2.42683e-16
0 2.4268e-16
0 2.42677e-16
0 2.42674e-16
0 2.42671e-16
0 2.42668e-16
0 2.42665e-16
0 2.42662e-16
0 2.42659e-16
0 2.42656e-16
0 2.42653e-16
0 2.4265e-16
0 2.42647e-16
0 2.42644e-16
0 2.42642e-16
0 2.42639e-16
0 2.42636e-16
0 2.42633e-16
0 2.4263e-16
0 2.42627e-16
0 2.42624e-16
0 2.42621e-16
0 2.42618e-16
0 2.42616e-16
0 2.42613e-16
0 2.4261e-16
0 2.42607e-16
0 2.42604e-16
0 2.42601e-16
0 2.42598e-16
0 2.42596e-16
0 2.42593e-16
0 2.4259e-16
0 2.42587e-16
0 2.42584e-16
0 2.42582e-16
0 2.42579e-16
0 2.42576e-16
0 2.42573e-16
0 2.42571e-16
0 2.42568e-16
0 2.42565e-16
0 2.42562e-16
0 2.4256e-16
0 2.42557e-16
0 2.42554e-16
0 2.42551e-16
0 2.42549e-16
0 2.42546e-16
0 2.42543e-16
0 2.42541e-16
0 2.42538e-16
0 2.42535e-16
0 2.42532e-16
0 2.4253e-16
0 2.42527e-16
0 2.42524e-16
0 2.42522e-16
0 2.42519e-16
0 2.42516e-16
0 2.42514e-16
0 2.42511e-16
0 2.42509e-16
0 2.42506e-16
0 2.42503e-16
0 2.42501e-16
0 2.42498e-16
0 2.42495e-16
0 2.42493e-16
0 2.4249e-16
0 2.42488e-16
0 2.42485e-16
0 2.42483e-16
0 2.4248e-16
0 2.42477e-16
0 2.42475e-16
0 2.42472e-16
0 2.4247e-16
0 2.42467e-16
0 2.42465e-16
0 2.42462e-16
0 2.4246e-16
0 2.42457e-16
0 2.42455e-16
0 2.42452e-16
0 2.42449e-16
0 2.42447e-16
0 2.42444e-16
0 2.42442e-16
0 2.4244e-16
0 2.42437e-16
0 2.42435e-16
0 2.42432e-16
0 2.4243e-16
0 2.42427e-16
0 2.42425e-16
0 2.42422e-16
0 2.4242e-16
0 2.42417e-16
0 2.42415e-16
0 2.42412e-16
0 2.4241e-16

