0 48551.9
0 2941.34
0 584.876
0 240.327
0 129.967
0 80.7509
0 54.4892
0 38.809
0 28.7
0 21.8089
0 16.908
0 13.3048
0 10.5842
0 8.48544
0 6.83789
0 5.52667
0 4.47252
0 3.61992
0 2.92958
0 2.37253
0 1.92522
0 1.56706
0 1.28025
0 1.05011
0 0.864845
0 0.715126
0 0.593637
0 0.494641
0 0.413638
0 0.347085
0 0.29219
0 0.246736
0 0.208963
0 0.177463
0 0.151106
0 0.128983
0 0.110358
0 0.0946313
0 0.0813168
0 0.0700148
0 0.0603976
0 0.0521948
0 0.0451827
0 0.0391758
0 0.0340195
0 0.029585
0 0.0257642
0 0.0224665
0 0.0196154
0 0.0171466
0 0.0150056
0 0.0131462
0 0.0115291
0 0.0101209
0 0.00889305
0 0.00782115
0 0.00688432
0 0.00606463
0 0.00534667
0 0.00471718
0 0.00416471
0 0.00367939
0 0.00325267
0 0.00287716
0 0.00254643
0 0.00225492
0 0.00199777
0 0.00177078
0 0.00157025
0 0.001393
0 0.0012362
0 0.00109743
0 0.000974525
0 0.000865618
0 0.000769059
0 0.000683403
0 0.000607382
0 0.00053988
0 0.000479914
0 0.000426621
0 0.000379238
0 0.000337095
0 0.000299597
0 0.000266222
0 0.000236508
0 0.000210044
0 0.000186471
0 0.000165466
0 0.000146746
0 0.000130061
0 0.000115186
0 0.000101925
0 9.0101e-05
0 7.9559e-05
0 7.01602e-05
0 6.17815e-05
0 5.43135e-05
0 4.76589e-05
0 4.17309e-05
0 3.64525e-05
0 3.1755e-05
0 2.75775e-05
0 2.38653e-05
0 2.057e-05
0 1.76485e-05
0 1.50622e-05
0 1.27769e-05
0 1.0762e-05
0 8.99032e-06
0 7.43767e-06
0 6.08252e-06
0 4.90571e-06
0 3.89025e-06
0 3.02105e-06
0 2.28475e-06
0 1.66953e-06
0 1.16497e-06
0 7.61917e-07
0 4.52338e-07
0 2.2924e-07
0 8.65664e-08
0 1.91111e-08
0 4.10233e-15
0 4.0991e-15
0 4.09592e-15
0 4.09279e-15
0 4.08972e-15
0 4.0867e-15
0 4.08373e-15
0 4.08082e-15
0 4.07795e-15
0 4.07513e-15
0 4.07236e-15
0 4.06963e-15
0 4.06694e-15
0 4.0643e-15
0 4.0617e-15
0 4.05915e-15
0 4.05663e-15
0 4.05415e-15
0 4.05171e-15
0 4.04931e-15
0 4.04694e-15
0 4.04461e-15
0 4.04232e-15
0 4.04006e-15
0 4.03783e-15
0 4.03564e-15
0 4.03347e-15
0 4.03134e-15
0 4.02924e-15
0 4.02717e-15
0 4.02513e-15
0 4.02312e-15
0 4.02113e-15
0 4.01917e-15
0 4.01724e-15
0 4.01534e-15
0 4.01346e-15
0 4.01161e-15
0 4.00978e-15
0 4.00798e-15
0 4.0062e-15
0 4.00444e-15
0 4.00271e-15
0 4.001e-15
0 3.99931e-15
0 3.99764e-15
0 3.996e-15
0 3.99437e-15
0 3.99277e-15
0 3.99118e-15
0 3.98962e-15
0 3.98807e-15
0 3.98654e-15
0 3.98504e-15
0 3.98355e-15
0 3.98207e-15
0 3.98062e-15
0 3.97918e-15
0 3.97776e-15
0 3.97636e-15
0 3.97497e-15
0 3.9736e-15
0 3.97225e-15
0 3.97091e-15
0 3.96958e-15
0 3.96827e-15
0 3.96698e-15
0 3.9657e-15
0 3.96443e-15
0 3.96318e-15
0 3.96194e-15
0 3.96072e-15
0 3.95951e-15
0 3.95831e-15
0 3.95712e-15
0 3.95595e-15
0 3.95479e-15
0 3.95364e-15
0 3.95251e-15
0 3.95139e-15
0 3.95027e-15
0 3.94917e-15
0 3.94809e-15
0 3.94701e-15
0 3.94594e-15
0 3.94489e-15
0 3.94384e-15
0 3.94281e-15
0 3.94178e-15
0 3.94077e-15
0 3.93977e-15
0 3.93877e-15
0 3.93779e-15
0 3.93681e-15
0 3.93585e-15
0 3.93489e-15
0 3.93395e-15
0 3.93301e-15
0 3.93208e-15
0 3.93116e-15
0 3.93025e-15
0 3.92935e-15
0 3.92846e-15
0 3.92757e-15
0 3.9267e-15
0 3.92583e-15
0 3.92497e-15
0 3.92411e-15
0 3.92327e-15
0 3.92243e-15
0 3.9216e-15
0 3.92078e-15
0 3.91996e-15
0 3.91915e-15
0 3.91835e-15
0 3.91756e-15
0 3.91677e-15
0 3.91599e-15
0 3.91522e-15
0 3.91445e-15
0 3.9137e-15
0 3.91294e-15
0 3.9122e-15
0 3.91146e-15
0 3.91072e-15
0 3.90999e-15
0 3.90927e-15
0 3.90856e-15
0 3.90785e-15
0 3.90714e-15
0 3.90645e-15
0 3.90575e-15
0 3.90507e-15
0 3.90439e-15
0 3.90371e-15
0 3.90304e-15
0 3.90238e-15
0 3.90172e-15
0 3.90106e-15
0 3.90042e-15
0 3.89977e-15
0 3.89914e-15
0 3.8985e-15
0 3.89787e-15
0 3.89725e-15
0 3.89663e-15
0 3.89602e-15
0 3.89541e-15
0 3.89481e-15
0 3.89421e-15
0 3.89361e-15
0 3.89302e-15
0 3.89244e-15
0 3.89185e-15
0 3.89128e-15
0 3.8907e-15
0 3.89014e-15
0 3.88957e-15
0 3.88901e-15
0 3.88846e-15
0 3.8879e-15
0 3.88736e-15
0 3.88681e-15
0 3.88627e-15
0 3.88574e-15
0 3.88521e-15
0 3.88468e-15
0 3.88415e-15
0 3.88363e-15
0 3.88312e-15
0 3.8826e-15
0 3.88209e-15
0 3.88159e-15
0 3.88108e-15
0 3.88059e-15
0 3.88009e-15
0 3.8796e-15
0 3.87911e-15
0 3.87862e-15
0 3.87814e-15
0 3.87766e-15
0 3.87719e-15
0 3.87672e-15
0 3.87625e-15
0 3.87578e-15
0 3.87532e-15
0 3.87486e-15
0 3.87441e-15
0 3.87395e-15
0 3.8735e-15
0 3.87305e-15
0 3.87261e-15
0 3.87217e-15
0 3.87173e-15
0 3.8713e-15
0 3.87086e-15
0 3.87043e-15
0 3.87001e-15
0 3.86958e-15
0 3.86916e-15
0 3.86874e-15
0 3.86833e-15
0 3.86791e-15
0 3.8675e-15
0 3.86709e-15
0 3.86669e-15
0 3.86628e-15
0 3.86588e-15
0 3.86549e-15
0 3.86509e-15
0 3.8647e-15
0 3.86431e-15
0 3.86392e-15
0 3.86353e-15
0 3.86315e-15
0 3.86277e-15
0 3.86239e-15
0 3.86201e-15
0 3.86164e-15
0 3.86127e-15
0 3.8609e-15
0 3.86053e-15
0 3.86016e-15
0 3.8598e-15
0 3.85944e-15
0 3.85908e-15
0 3.85872e-15
0 3.85837e-15
0 3.85802e-15
0 3.85767e-15
0 3.85732e-15
0 3.85697e-15
0 3.85663e-15
0 3.85628e-15
0 3.85594e-15
0 3.85561e-15
0 3.85527e-15
0 3.85493e-15
0 3.8546e-15
0 3.85427e-15
0 3.85394e-15
0 3.85362e-15
0 3.85329e-15
0 3.85297e-15
0 3.85265e-15
0 3.85233e-15
0 3.85201e-15
0 3.85169e-15
0 3.85138e-15
0 3.85107e-15
0 3.85076e-15
0 3.85045e-15
0 3.85014e-15
0 3.84983e-15
0 3.84953e-15
0 3.84923e-15
0 3.84893e-15
0 3.84863e-15
0 3.84833e-15
0 3.84803e-15
0 3.84774e-15
0 3.84745e-15
0 3.84716e-15
0 3.84687e-15
0 3.84658e-15
0 3.84629e-15
0 3.84601e-15
0 3.84572e-15
0 3.84544e-15
0 3.84516e-15
0 3.84488e-15
0 3.8446e-15
0 3.84433e-15
0 3.84405e-15
0 3.84378e-15
0 3.84351e-15
0 3.84324e-15
0 3.84297e-15
0 3.8427e-15
0 3.84244e-15
0 3.84217e-15
0 3.84191e-15
0 3.84164e-15
0 3.84138e-15
0 3.84112e-15
0 3.84087e-15
0 3.84061e-15
0 3.84035e-15
0 3.8401e-15
0 3.83985e-15
0 3.83959e-15
0 3.83934e-15
0 3.83909e-15
0 3.83885e-15
0 3.8386e-15
0 3.83835e-15
0 3.83811e-15
0 3.83787e-15
0 3.83762e-15
0 3.83738e-15
0 3.83714e-15
0 3.8369e-15
0 3.83667e-15
0 3.83643e-15
0 3.8362e-15
0 3.83596e-15
0 3.83573e-15
0 3.8355e-15
0 3.83527e-15
0 3.83504e-15
0 3.83481e-15
0 3.83458e-15
0 3.83435e-15
0 3.83413e-15
0 3.8339e-15
0 3.83368e-15
0 3.83346e-15
0 3.83324e-15
0 3.83302e-15
0 3.8328e-15
0 3.83258e-15
0 3.83236e-15
0 3.83215e-15
0 3.83193e-15
0 3.83172e-15
0 3.83151e-15
0 3.83129e-15
0 3.83108e-15
0 3.83087e-15
0 3.83066e-15
0 3.83046e-15
0 3.83025e-15
0 3.83004e-15
0 3.82984e-15
0 3.82963e-15
0 3.82943e-15
0 3.82923e-15
0 3.82902e-15
0 3.82882e-15
0 3.82862e-15
0 3.82842e-15
0 3.82823e-15
0 3.82803e-15
0 3.82783e-15
0 3.82764e-15
0 3.82744e-15
0 3.82725e-15
0 3.82706e-15
0 3.82686e-15
0 3.82667e-15
0 3.82648e-15
0 3.82629e-15
0 3.8261e-15
0 3.82591e-15
0 3.82573e-15
0 3.82554e-15
0 3.82536e-15
0 3.82517e-15
0 3.82499e-15
0 3.8248e-15
0 3.82462e-15
0 3.82444e-15
0 3.82426e-15
0 3.82408e-15
0 3.8239e-15
0 3.82372e-15
0 3.82354e-15
0 3.82336e-15
0 3.82319e-15
0 3.82301e-15
0 3.82284e-15
0 3.82266e-15
0 3.82249e-15
0 3.82232e-15
0 3.82214e-15
0 3.82197e-15
0 3.8218e-15
0 3.82163e-15
0 3.82146e-15
0 3.82129e-15
0 3.82113e-15
0 3.82096e-15
0 3.82079e-15
0 3.82063e-15
0 3.82046e-15
0 3.8203e-15
0 3.82013e-15
0 3.81997e-15
0 3.81981e-15
0 3.81964e-15
0 3.81948e-15
0 3.81932e-15
0 3.81916e-15
0 3.819e-15
0 3.81884e-15
0 3.81869e-15
0 3.81853e-15
0 3.81837e-15
0 3.81822e-15
0 3.81806e-15
0 3.81791e-15
0 3.81775e-15
0 3.8176e-15
0 3.81744e-15
0 3.81729e-15
0 3.81714e-15
0 3.81699e-15
0 3.81684e-15
0 3.81669e-15
0 3.81654e-15
0 3.81639e-15
0 3.81624e-15
0 3.81609e-15
0 3.81594e-15
0 3.8158e-15
0 3.81565e-15
0 3.8155e-15
0 3.81536e-15
0 3.81521e-15
0 3.81507e-15
0 3.81493e-15
0 3.81478e-15
0 3.81464e-15
0 3.8145e-15
0 3.81436e-15
0 3.81422e-15
0 3.81408e-15
0 3.81394e-15
0 3.8138e-15
0 3.81366e-15
0 3.81352e-15
0 3.81338e-15
0 3.81325e-15
0 3.81311e-15
0 3.81297e-15
0 3.81284e-15
0 3.8127e-15
0 3.81257e-15
0 3.81243e-15
0 3.8123e-15
0 3.81216e-15
0 3.81203e-15
0 3.8119e-15
0 3.81177e-15
0 3.81164e-15
0 3.8115e-15
0 3.81137e-15
0 3.81124e-15
0 3.81111e-15
0 3.81099e-15
0 3.81086e-15
0 3.81073e-15
0 3.8106e-15
0 3.81047e-15
0 3.81035e-15
0 3.81022e-15
0 3.81009e-15
0 3.80997e-15
0 3.80984e-15
0 3.80972e-15
0 3.8096e-15
0 3.80947e-15
0 3.80935e-15
0 3.80923e-15
0 3.8091e-15
0 3.80898e-15
0 3.80886e-15
0 3.80874e-15
0 3.80862e-15
0 3.8085e-15
0 3.80838e-15
0 3.80826e-15
0 3.80814e-15
0 3.80802e-15
0 3.8079e-15
0 3.80778e-15
0 3.80767e-15
0 3.80755e-15
0 3.80743e-15
0 3.80732e-15
0 3.8072e-15
0 3.80708e-15
0 3.80697e-15
0 3.80686e-15
0 3.80674e-15
0 3.80663e-15
0 3.80651e-15
0 3.8064e-15
0 3.80629e-15
0 3.80617e-15
0 3.80606e-15
0 3.80595e-15
0 3.80584e-15
0 3.80573e-15
0 3.80562e-15
0 3.80551e-15
0 3.8054e-15
0 3.80529e-15
0 3.80518e-15
0 3.80507e-15
0 3.80496e-15
0 3.80485e-15
0 3.80475e-15
0 3.80464e-15
0 3.80453e-15
0 3.80443e-15
0 3.80432e-15
0 3.80421e-15
0 3.80411e-15
0 3.804e-15
0 3.8039e-15
0 3.80379e-15
0 3.80369e-15
0 3.80358e-15
0 3.80348e-15
0 3.80338e-15
0 3.80327e-15
0 3.80317e-15
0 3.80307e-15
0 3.80297e-15
0 3.80287e-15
0 3.80276e-15
0 3.80266e-15
0 3.80256e-15
0 3.80246e-15
0 3.80236e-15
0 3.80226e-15
0 3.80216e-15
0 3.80206e-15
0 3.80196e-15
0 3.80187e-15
0 3.80177e-15
0 3.80167e-15
0 3.80157e-15
0 3.80148e-15
0 3.80138e-15
0 3.80128e-15
0 3.80119e-15
0 3.80109e-15
0 3.80099e-15
0 3.8009e-15
0 3.8008e-15
0 3.80071e-15
0 3.80061e-15
0 3.80052e-15
0 3.80042e-15
0 3.80033e-15
0 3.80024e-15
0 3.80014e-15
0 3.80005e-15
0 3.79996e-15
0 3.79987e-15
0 3.79977e-15
0 3.79968e-15
0 3.79959e-15
0 3.7995e-15
0 3.79941e-15
0 3.79932e-15
0 3.79923e-15
0 3.79914e-15
0 3.79905e-15
0 3.79896e-15
0 3.79887e-15
0 3.79878e-15
0 3.79869e-15
0 3.7986e-15
0 3.79851e-15
0 3.79843e-15
0 3.79834e-15
0 3.79825e-15
0 3.79816e-15
0 3.79808e-15
0 3.79799e-15
0 3.7979e-15
0 3.79782e-15
0 3.79773e-15
0 3.79764e-15
0 3.79756e-15
0 3.79747e-15
0 3.79739e-15
0 3.7973e-15
0 3.79722e-15
0 3.79713e-15
0 3.79705e-15
0 3.79697e-15
0 3.79688e-15
0 3.7968e-15
0 3.79672e-15
0 3.79663e-15
0 3.79655e-15
0 3.79647e-15
0 3.79639e-15
0 3.79631e-15
0 3.79622e-15
0 3.79614e-15
0 3.79606e-15
0 3.79598e-15
0 3.7959e-15
0 3.79582e-15
0 3.79574e-15
0 3.79566e-15
0 3.79558e-15
0 3.7955e-15
0 3.79542e-15
0 3.79534e-15
0 3.79526e-15
0 3.79518e-15
0 3.7951e-15
0 3.79503e-15
0 3.79495e-15
0 3.79487e-15
0 3.79479e-15
0 3.79471e-15
0 3.79464e-15
0 3.79456e-15
0 3.79448e-15
0 3.79441e-15
0 3.79433e-15
0 3.79425e-15
0 3.79418e-15
0 3.7941e-15
0 3.79403e-15
0 3.79395e-15
0 3.79388e-15
0 3.7938e-15
0 3.79373e-15
0 3.79365e-15
0 3.79358e-15
0 3.7935e-15
0 3.79343e-15
0 3.79336e-15
0 3.79328e-15
0 3.79321e-15
0 3.79314e-15
0 3.79306e-15
0 3.79299e-15
0 3.79292e-15
0 3.79285e-15
0 3.79277e-15
0 3.7927e-15
0 3.79263e-15
0 3.79256e-15
0 3.79249e-15
0 3.79242e-15
0 3.79235e-15
0 3.79227e-15
0 3.7922e-15
0 3.79213e-15
0 3.79206e-15
0 3.79199e-15
0 3.79192e-15
0 3.79185e-15
0 3.79178e-15
0 3.79171e-15
0 3.79165e-15
0 3.79158e-15
0 3.79151e-15
0 3.79144e-15
0 3.79137e-15
0 3.7913e-15
0 3.79123e-15
0 3.79117e-15
0 3.7911e-15
0 3.79103e-15
0 3.79096e-15
0 3.7909e-15
0 3.79083e-15
0 3.79076e-15
0 3.7907e-15
0 3.79063e-15
0 3.79056e-15
0 3.7905e-15
0 3.79043e-15
0 3.79036e-15
0 3.7903e-15
0 3.79023e-15
0 3.79017e-15
0 3.7901e-15
0 3.79004e-15
0 3.78997e-15
0 3.78991e-15
0 3.78984e-15
0 3.78978e-15
0 3.78972e-15
0 3.78965e-15
0 3.78959e-15
0 3.78952e-15
0 3.78946e-15
0 3.7894e-15
0 3.78933e-15
0 3.78927e-15
0 3.78921e-15
0 3.78914e-15
0 3.78908e-15
0 3.78902e-15
0 3.78896e-15
0 3.7889e-15
0 3.78883e-15
0 3.78877e-15
0 3.78871e-15
0 3.78865e-15
0 3.78859e-15
0 3.78853e-15
0 3.78846e-15
0 3.7884e-15
0 3.78834e-15
0 3.78828e-15
0 3.78822e-15
0 3.78816e-15
0 3.7881e-15
0 3.78804e-15
0 3.78798e-15
0 3.78792e-15
0 3.78786e-15
0 3.7878e-15
0 3.78774e-15
0 3.78768e-15
0 3.78762e-15
0 3.78757e-15
0 3.78751e-15
0 3.78745e-15
0 3.78739e-15
0 3.78733e-15
0 3.78727e-15
0 3.78722e-15
0 3.78716e-15
0 3.7871e-15
0 3.78704e-15
0 3.78698e-15
0 3.78693e-15
0 3.78687e-15
0 3.78681e-15
0 3.78676e-15
0 3.7867e-15
0 3.78664e-15
0 3.78659e-15
0 3.78653e-15
0 3.78647e-15
0 3.78642e-15
0 3.78636e-15
0 3.78631e-15
0 3.78625e-15
0 3.78619e-15
0 3.78614e-15
0 3.78608e-15
0 3.78603e-15
0 3.78597e-15
0 3.78592e-15
0 3.78586e-15
0 3.78581e-15
0 3.78575e-15
0 3.7857e-15
0 3.78564e-15
0 3.78559e-15
0 3.78554e-15
0 3.78548e-15
0 3.78543e-15
0 3.78537e-15
0 3.78532e-15
0 3.78527e-15
0 3.78521e-15
0 3.78516e-15
0 3.78511e-15
0 3.78506e-15
0 3.785e-15
0 3.78495e-15
0 3.7849e-15
0 3.78484e-15
0 3.78479e-15
0 3.78474e-15
0 3.78469e-15
0 3.78464e-15
0 3.78458e-15
0 3.78453e-15
0 3.78448e-15
0 3.78443e-15
0 3.78438e-15
0 3.78433e-15
0 3.78427e-15
0 3.78422e-15
0 3.78417e-15
0 3.78412e-15
0 3.78407e-15
0 3.78402e-15
0 3.78397e-15
0 3.78392e-15
0 3.78387e-15
0 3.78382e-15
0 3.78377e-15
0 3.78372e-15
0 3.78367e-15
0 3.78362e-15
0 3.78357e-15
0 3.78352e-15
0 3.78347e-15
0 3.78342e-15
0 3.78337e-15
0 3.78332e-15
0 3.78327e-15
0 3.78323e-15
0 3.78318e-15
0 3.78313e-15
0 3.78308e-15
0 3.78303e-15
0 3.78298e-15
0 3.78293e-15
0 3.78289e-15
0 3.78284e-15
0 3.78279e-15
0 3.78274e-15
0 3.78269e-15
0 3.78265e-15
0 3.7826e-15
0 3.78255e-15
0 3.78251e-15
0 3.78246e-15
0 3.78241e-15
0 3.78236e-15
0 3.78232e-15
0 3.78227e-15
0 3.78222e-15
0 3.78218e-15
0 3.78213e-15
0 3.78208e-15
0 3.78204e-15
0 3.78199e-15
0 3.78195e-15
0 3.7819e-15
0 3.78185e-15
0 3.78181e-15
0 3.78176e-15
0 3.78172e-15
0 3.78167e-15
0 3.78163e-15
0 3.78158e-15
0 3.78153e-15
0 3.78149e-15
0 3.78144e-15
0 3.7814e-15
0 3.78135e-15
0 3.78131e-15
0 3.78127e-15
0 3.78122e-15
0 3.78118e-15
0 3.78113e-15
0 3.78109e-15
0 3.78104e-15
0 3.781e-15
0 3.78096e-15
0 3.78091e-15
0 3.78087e-15
0 3.78082e-15
0 3.78078e-15
0 3.78074e-15
0 3.78069e-15
0 3.78065e-15
0 3.78061e-15
0 3.78056e-15
0 3.78052e-15
0 3.78048e-15
0 3.78043e-15
0 3.78039e-15
0 3.78035e-15
0 3.78031e-15
0 3.78026e-15
0 3.78022e-15
0 3.78018e-15
0 3.78014e-15
0 3.78009e-15
0 3.78005e-15
0 3.78001e-15
0 3.77997e-15
0 3.77993e-15
0 3.77988e-15
0 3.77984e-15
0 3.7798e-15
0 3.77976e-15
0 3.77972e-15

