0 33.6659
0 29.6635
0 21.7463
0 14.1512
0 8.74395
0 5.39309
0 3.41556
0 2.24473
0 1.53162
0 1.08083
0 0.784741
0 0.583155
0 0.441418
0 0.338921
0 0.263002
0 0.205636
0 0.161594
0 0.127396
0 0.100692
0 0.079841
0 0.0635859
0 0.0509024
0 0.0409719
0 0.033159
0 0.0269783
0 0.0220609
0 0.0181264
0 0.014961
0 0.0124009
0 0.0103199
0 0.00862024
0 0.00722582
0 0.00607692
0 0.00512649
0 0.00433727
0 0.00367956
0 0.0031296
0 0.00266827
0 0.00228013
0 0.00195263
0 0.00167557
0 0.00144057
0 0.00124078
0 0.00107053
0 0.000925142
0 0.000800732
0 0.000694068
0 0.000602448
0 0.000523612
0 0.000455664
0 0.000397008
0 0.000346295
0 0.000302386
0 0.000264317
0 0.000231268
0 0.000202539
0 0.000177537
0 0.000155753
0 0.000136752
0 0.000120161
0 0.000105659
0 9.29719e-05
0 8.18614e-05
0 7.21233e-05
0 6.35806e-05
0 5.60804e-05
0 4.94905e-05
0 4.36959e-05
0 3.85969e-05
0 3.4107e-05
0 3.01508e-05
0 2.66625e-05
0 2.35851e-05
0 2.08684e-05
0 1.84688e-05
0 1.63483e-05
0 1.44733e-05
0 1.28147e-05
0 1.13468e-05
0 1.00471e-05
0 8.8959e-06
0 7.87578e-06
0 6.9715e-06
0 6.16965e-06
0 5.4584e-06
0 4.82734e-06
0 4.26729e-06
0 3.77015e-06
0 3.32877e-06
0 2.93685e-06
0 2.58881e-06
0 2.27971e-06
0 2.00519e-06
0 1.76141e-06
0 1.54494e-06
0 1.35276e-06
0 1.18219e-06
0 1.03086e-06
0 8.96659e-07
0 7.77723e-07
0 6.72398e-07
0 5.79213e-07
0 4.96868e-07
0 4.24205e-07
0 3.602e-07
0 3.03942e-07
0 2.54625e-07
0 2.11535e-07
0 1.74036e-07
0 1.41568e-07
0 1.13635e-07
0 8.97975e-08
0 6.96697e-08
0 5.2911e-08
0 3.92223e-08
0 2.83423e-08
0 2.00432e-08
0 1.41276e-08
0 1.04256e-08
0 8.7926e-09
0 7.56111e-17
0 7.55517e-17
0 7.54934e-17
0 7.54361e-17
0 7.53799e-17
0 7.53246e-17
0 7.52703e-17
0 7.52169e-17
0 7.51644e-17
0 7.51128e-17
0 7.50621e-17
0 7.50122e-17
0 7.49632e-17
0 7.49149e-17
0 7.48674e-17
0 7.48207e-17
0 7.47748e-17
0 7.47295e-17
0 7.4685e-17
0 7.46412e-17
0 7.4598e-17
0 7.45555e-17
0 7.45137e-17
0 7.44725e-17
0 7.44319e-17
0 7.43919e-17
0 7.43525e-17
0 7.43137e-17
0 7.42754e-17
0 7.42377e-17
0 7.42006e-17
0 7.4164e-17
0 7.41279e-17
0 7.40923e-17
0 7.40571e-17
0 7.40225e-17
0 7.39884e-17
0 7.39547e-17
0 7.39215e-17
0 7.38887e-17
0 7.38564e-17
0 7.38245e-17
0 7.3793e-17
0 7.37619e-17
0 7.37313e-17
0 7.3701e-17
0 7.36711e-17
0 7.36417e-17
0 7.36125e-17
0 7.35838e-17
0 7.35554e-17
0 7.35274e-17
0 7.34997e-17
0 7.34723e-17
0 7.34453e-17
0 7.34186e-17
0 7.33923e-17
0 7.33662e-17
0 7.33405e-17
0 7.33151e-17
0 7.329e-17
0 7.32651e-17
0 7.32406e-17
0 7.32163e-17
0 7.31924e-17
0 7.31687e-17
0 7.31452e-17
0 7.31221e-17
0 7.30992e-17
0 7.30765e-17
0 7.30541e-17
0 7.3032e-17
0 7.30101e-17
0 7.29884e-17
0 7.2967e-17
0 7.29458e-17
0 7.29249e-17
0 7.29041e-17
0 7.28836e-17
0 7.28633e-17
0 7.28432e-17
0 7.28234e-17
0 7.28037e-17
0 7.27842e-17
0 7.2765e-17
0 7.27459e-17
0 7.27271e-17
0 7.27084e-17
0 7.26899e-17
0 7.26716e-17
0 7.26535e-17
0 7.26356e-17
0 7.26178e-17
0 7.26002e-17
0 7.25828e-17
0 7.25656e-17
0 7.25485e-17
0 7.25316e-17
0 7.25149e-17
0 7.24983e-17
0 7.24819e-17
0 7.24656e-17
0 7.24495e-17
0 7.24335e-17
0 7.24177e-17
0 7.24021e-17
0 7.23866e-17
0 7.23712e-17
0 7.2356e-17
0 7.23409e-17
0 7.23259e-17
0 7.23111e-17
0 7.22964e-17
0 7.22819e-17
0 7.22674e-17
0 7.22531e-17
0 7.2239e-17
0 7.22249e-17
0 7.2211e-17
0 7.21972e-17
0 7.21836e-17
0 7.217e-17
0 7.21566e-17
0 7.21432e-17
0 7.213e-17
0 7.21169e-17
0 7.21039e-17
0 7.20911e-17
0 7.20783e-17
0 7.20656e-17
0 7.20531e-17
0 7.20406e-17
0 7.20283e-17
0 7.20161e-17
0 7.20039e-17
0 7.19919e-17
0 7.19799e-17
0 7.19681e-17
0 7.19563e-17
0 7.19447e-17
0 7.19331e-17
0 7.19216e-17
0 7.19102e-17
0 7.1899e-17
0 7.18878e-17
0 7.18766e-17
0 7.18656e-17
0 7.18547e-17
0 7.18438e-17
0 7.1833e-17
0 7.18224e-17
0 7.18118e-17
0 7.18012e-17
0 7.17908e-17
0 7.17804e-17
0 7.17701e-17
0 7.17599e-17
0 7.17498e-17
0 7.17397e-17
0 7.17298e-17
0 7.17198e-17
0 7.171e-17
0 7.17002e-17
0 7.16906e-17
0 7.16809e-17
0 7.16714e-17
0 7.16619e-17
0 7.16525e-17
0 7.16432e-17
0 7.16339e-17
0 7.16247e-17
0 7.16155e-17
0 7.16064e-17
0 7.15974e-17
0 7.15885e-17
0 7.15796e-17
0 7.15708e-17
0 7.1562e-17
0 7.15533e-17
0 7.15447e-17
0 7.15361e-17
0 7.15276e-17
0 7.15191e-17
0 7.15107e-17
0 7.15023e-17
0 7.1494e-17
0 7.14858e-17
0 7.14776e-17
0 7.14695e-17
0 7.14614e-17
0 7.14534e-17
0 7.14454e-17
0 7.14375e-17
0 7.14297e-17
0 7.14219e-17
0 7.14141e-17
0 7.14064e-17
0 7.13987e-17
0 7.13911e-17
0 7.13836e-17
0 7.13761e-17
0 7.13686e-17
0 7.13612e-17
0 7.13538e-17
0 7.13465e-17
0 7.13393e-17
0 7.1332e-17
0 7.13249e-17
0 7.13177e-17
0 7.13106e-17
0 7.13036e-17
0 7.12966e-17
0 7.12896e-17
0 7.12827e-17
0 7.12758e-17
0 7.1269e-17
0 7.12622e-17
0 7.12555e-17
0 7.12488e-17
0 7.12421e-17
0 7.12355e-17
0 7.12289e-17
0 7.12224e-17
0 7.12159e-17
0 7.12094e-17
0 7.1203e-17
0 7.11966e-17
0 7.11903e-17
0 7.11839e-17
0 7.11777e-17
0 7.11714e-17
0 7.11652e-17
0 7.11591e-17
0 7.11529e-17
0 7.11469e-17
0 7.11408e-17
0 7.11348e-17
0 7.11288e-17
0 7.11228e-17
0 7.11169e-17
0 7.1111e-17
0 7.11052e-17
0 7.10994e-17
0 7.10936e-17
0 7.10878e-17
0 7.10821e-17
0 7.10764e-17
0 7.10708e-17
0 7.10651e-17
0 7.10596e-17
0 7.1054e-17
0 7.10485e-17
0 7.1043e-17
0 7.10375e-17
0 7.10321e-17
0 7.10266e-17
0 7.10213e-17
0 7.10159e-17
0 7.10106e-17
0 7.10053e-17
0 7.1e-17
0 7.09948e-17
0 7.09896e-17
0 7.09844e-17
0 7.09793e-17
0 7.09742e-17
0 7.09691e-17
0 7.0964e-17
0 7.09589e-17
0 7.09539e-17
0 7.09489e-17
0 7.0944e-17
0 7.0939e-17
0 7.09341e-17
0 7.09292e-17
0 7.09244e-17
0 7.09195e-17
0 7.09147e-17
0 7.091e-17
0 7.09052e-17
0 7.09005e-17
0 7.08957e-17
0 7.08911e-17
0 7.08864e-17
0 7.08818e-17
0 7.08771e-17
0 7.08725e-17
0 7.0868e-17
0 7.08634e-17
0 7.08589e-17
0 7.08544e-17
0 7.08499e-17
0 7.08455e-17
0 7.0841e-17
0 7.08366e-17
0 7.08322e-17
0 7.08279e-17
0 7.08235e-17
0 7.08192e-17
0 7.08149e-17
0 7.08106e-17
0 7.08063e-17
0 7.08021e-17
0 7.07979e-17
0 7.07937e-17
0 7.07895e-17
0 7.07853e-17
0 7.07812e-17
0 7.07771e-17
0 7.0773e-17
0 7.07689e-17
0 7.07648e-17
0 7.07608e-17
0 7.07568e-17
0 7.07528e-17
0 7.07488e-17
0 7.07448e-17
0 7.07409e-17
0 7.07369e-17
0 7.0733e-17
0 7.07291e-17
0 7.07253e-17
0 7.07214e-17
0 7.07176e-17
0 7.07137e-17
0 7.07099e-17
0 7.07061e-17
0 7.07024e-17
0 7.06986e-17
0 7.06949e-17
0 7.06912e-17
0 7.06875e-17
0 7.06838e-17
0 7.06801e-17
0 7.06765e-17
0 7.06728e-17
0 7.06692e-17
0 7.06656e-17
0 7.0662e-17
0 7.06585e-17
0 7.06549e-17
0 7.06514e-17
0 7.06478e-17
0 7.06443e-17
0 7.06408e-17
0 7.06374e-17
0 7.06339e-17
0 7.06305e-17
0 7.0627e-17
0 7.06236e-17
0 7.06202e-17
0 7.06168e-17
0 7.06135e-17
0 7.06101e-17
0 7.06068e-17
0 7.06034e-17
0 7.06001e-17
0 7.05968e-17
0 7.05935e-17
0 7.05903e-17
0 7.0587e-17
0 7.05838e-17
0 7.05805e-17
0 7.05773e-17
0 7.05741e-17
0 7.05709e-17
0 7.05677e-17
0 7.05646e-17
0 7.05614e-17
0 7.05583e-17
0 7.05552e-17
0 7.05521e-17
0 7.0549e-17
0 7.05459e-17
0 7.05428e-17
0 7.05398e-17
0 7.05367e-17
0 7.05337e-17
0 7.05307e-17
0 7.05276e-17
0 7.05246e-17
0 7.05217e-17
0 7.05187e-17
0 7.05157e-17
0 7.05128e-17
0 7.05099e-17
0 7.05069e-17
0 7.0504e-17
0 7.05011e-17
0 7.04982e-17
0 7.04953e-17
0 7.04925e-17
0 7.04896e-17
0 7.04868e-17
0 7.0484e-17
0 7.04811e-17
0 7.04783e-17
0 7.04755e-17
0 7.04727e-17
0 7.047e-17
0 7.04672e-17
0 7.04644e-17
0 7.04617e-17
0 7.0459e-17
0 7.04562e-17
0 7.04535e-17
0 7.04508e-17
0 7.04481e-17
0 7.04455e-17
0 7.04428e-17
0 7.04401e-17
0 7.04375e-17
0 7.04348e-17
0 7.04322e-17
0 7.04296e-17
0 7.0427e-17
0 7.04244e-17
0 7.04218e-17
0 7.04192e-17
0 7.04166e-17
0 7.04141e-17
0 7.04115e-17
0 7.0409e-17
0 7.04065e-17
0 7.04039e-17
0 7.04014e-17
0 7.03989e-17
0 7.03964e-17
0 7.03939e-17
0 7.03915e-17
0 7.0389e-17
0 7.03866e-17
0 7.03841e-17
0 7.03817e-17
0 7.03792e-17
0 7.03768e-17
0 7.03744e-17
0 7.0372e-17
0 7.03696e-17
0 7.03672e-17
0 7.03648e-17
0 7.03625e-17
0 7.03601e-17
0 7.03578e-17
0 7.03554e-17
0 7.03531e-17
0 7.03508e-17
0 7.03484e-17
0 7.03461e-17
0 7.03438e-17
0 7.03415e-17
0 7.03393e-17
0 7.0337e-17
0 7.03347e-17
0 7.03325e-17
0 7.03302e-17
0 7.0328e-17
0 7.03257e-17
0 7.03235e-17
0 7.03213e-17
0 7.03191e-17
0 7.03169e-17
0 7.03147e-17
0 7.03125e-17
0 7.03103e-17
0 7.03081e-17
0 7.03059e-17
0 7.03038e-17
0 7.03016e-17
0 7.02995e-17
0 7.02974e-17
0 7.02952e-17
0 7.02931e-17
0 7.0291e-17
0 7.02889e-17
0 7.02868e-17
0 7.02847e-17
0 7.02826e-17
0 7.02805e-17
0 7.02784e-17
0 7.02764e-17
0 7.02743e-17
0 7.02723e-17
0 7.02702e-17
0 7.02682e-17
0 7.02662e-17
0 7.02641e-17
0 7.02621e-17
0 7.02601e-17
0 7.02581e-17
0 7.02561e-17
0 7.02541e-17
0 7.02521e-17
0 7.02502e-17
0 7.02482e-17
0 7.02462e-17
0 7.02443e-17
0 7.02423e-17
0 7.02404e-17
0 7.02384e-17
0 7.02365e-17
0 7.02346e-17
0 7.02327e-17
0 7.02308e-17
0 7.02288e-17
0 7.02269e-17
0 7.02251e-17
0 7.02232e-17
0 7.02213e-17
0 7.02194e-17
0 7.02175e-17
0 7.02157e-17
0 7.02138e-17
0 7.0212e-17
0 7.02101e-17
0 7.02083e-17
0 7.02064e-17
0 7.02046e-17
0 7.02028e-17
0 7.0201e-17
0 7.01992e-17
0 7.01974e-17
0 7.01956e-17
0 7.01938e-17
0 7.0192e-17
0 7.01902e-17
0 7.01884e-17
0 7.01867e-17
0 7.01849e-17
0 7.01831e-17
0 7.01814e-17
0 7.01796e-17
0 7.01779e-17
0 7.01761e-17
0 7.01744e-17
0 7.01727e-17
0 7.0171e-17
0 7.01692e-17
0 7.01675e-17
0 7.01658e-17
0 7.01641e-17
0 7.01624e-17
0 7.01607e-17
0 7.01591e-17
0 7.01574e-17
0 7.01557e-17
0 7.0154e-17
0 7.01524e-17
0 7.01507e-17
0 7.01491e-17
0 7.01474e-17
0 7.01458e-17
0 7.01441e-17
0 7.01425e-17
0 7.01409e-17
0 7.01392e-17
0 7.01376e-17
0 7.0136e-17
0 7.01344e-17
0 7.01328e-17
0 7.01312e-17
0 7.01296e-17
0 7.0128e-17
0 7.01264e-17
0 7.01248e-17
0 7.01233e-17
0 7.01217e-17
0 7.01201e-17
0 7.01186e-17
0 7.0117e-17
0 7.01154e-17
0 7.01139e-17
0 7.01123e-17
0 7.01108e-17
0 7.01093e-17
0 7.01077e-17
0 7.01062e-17
0 7.01047e-17
0 7.01032e-17
0 7.01017e-17
0 7.01002e-17
0 7.00986e-17
0 7.00971e-17
0 7.00957e-17
0 7.00942e-17
0 7.00927e-17
0 7.00912e-17
0 7.00897e-17
0 7.00882e-17
0 7.00868e-17
0 7.00853e-17
0 7.00838e-17
0 7.00824e-17
0 7.00809e-17
0 7.00795e-17
0 7.0078e-17
0 7.00766e-17
0 7.00752e-17
0 7.00737e-17
0 7.00723e-17
0 7.00709e-17
0 7.00694e-17
0 7.0068e-17
0 7.00666e-17
0 7.00652e-17
0 7.00638e-17
0 7.00624e-17
0 7.0061e-17
0 7.00596e-17
0 7.00582e-17
0 7.00568e-17
0 7.00555e-17
0 7.00541e-17
0 7.00527e-17
0 7.00513e-17
0 7.005e-17
0 7.00486e-17
0 7.00472e-17
0 7.00459e-17
0 7.00445e-17
0 7.00432e-17
0 7.00418e-17
0 7.00405e-17
0 7.00392e-17
0 7.00378e-17
0 7.00365e-17
0 7.00352e-17
0 7.00339e-17
0 7.00325e-17
0 7.00312e-17
0 7.00299e-17
0 7.00286e-17
0 7.00273e-17
0 7.0026e-17
0 7.00247e-17
0 7.00234e-17
0 7.00221e-17
0 7.00208e-17
0 7.00195e-17
0 7.00183e-17
0 7.0017e-17
0 7.00157e-17
0 7.00144e-17
0 7.00132e-17
0 7.00119e-17
0 7.00107e-17
0 7.00094e-17
0 7.00082e-17
0 7.00069e-17
0 7.00057e-17
0 7.00044e-17
0 7.00032e-17
0 7.00019e-17
0 7.00007e-17
0 6.99995e-17
0 6.99982e-17
0 6.9997e-17
0 6.99958e-17
0 6.99946e-17
0 6.99934e-17
0 6.99922e-17
0 6.99909e-17
0 6.99897e-17
0 6.99885e-17
0 6.99873e-17
0 6.99861e-17
0 6.9985e-17
0 6.99838e-17
0 6.99826e-17
0 6.99814e-17
0 6.99802e-17
0 6.9979e-17
0 6.99779e-17
0 6.99767e-17
0 6.99755e-17
0 6.99744e-17
0 6.99732e-17
0 6.9972e-17
0 6.99709e-17
0 6.99697e-17
0 6.99686e-17
0 6.99674e-17
0 6.99663e-17
0 6.99651e-17
0 6.9964e-17
0 6.99629e-17
0 6.99617e-17
0 6.99606e-17
0 6.99595e-17
0 6.99584e-17
0 6.99572e-17
0 6.99561e-17
0 6.9955e-17
0 6.99539e-17
0 6.99528e-17
0 6.99517e-17
0 6.99506e-17
0 6.99495e-17
0 6.99484e-17
0 6.99473e-17
0 6.99462e-17
0 6.99451e-17
0 6.9944e-17
0 6.99429e-17
0 6.99418e-17
0 6.99407e-17
0 6.99397e-17
0 6.99386e-17
0 6.99375e-17
0 6.99364e-17
0 6.99354e-17
0 6.99343e-17
0 6.99332e-17
0 6.99322e-17
0 6.99311e-17
0 6.99301e-17
0 6.9929e-17
0 6.9928e-17
0 6.99269e-17
0 6.99259e-17
0 6.99248e-17
0 6.99238e-17
0 6.99228e-17
0 6.99217e-17
0 6.99207e-17
0 6.99197e-17
0 6.99186e-17
0 6.99176e-17
0 6.99166e-17
0 6.99156e-17
0 6.99145e-17
0 6.99135e-17
0 6.99125e-17
0 6.99115e-17
0 6.99105e-17
0 6.99095e-17
0 6.99085e-17
0 6.99075e-17
0 6.99065e-17
0 6.99055e-17
0 6.99045e-17
0 6.99035e-17
0 6.99025e-17
0 6.99015e-17
0 6.99006e-17
0 6.98996e-17
0 6.98986e-17
0 6.98976e-17
0 6.98966e-17
0 6.98957e-17
0 6.98947e-17
0 6.98937e-17
0 6.98928e-17
0 6.98918e-17
0 6.98908e-17
0 6.98899e-17
0 6.98889e-17
0 6.9888e-17
0 6.9887e-17
0 6.98861e-17
0 6.98851e-17
0 6.98842e-17
0 6.98832e-17
0 6.98823e-17
0 6.98813e-17
0 6.98804e-17
0 6.98795e-17
0 6.98785e-17
0 6.98776e-17
0 6.98767e-17
0 6.98757e-17
0 6.98748e-17
0 6.98739e-17
0 6.9873e-17
0 6.98721e-17
0 6.98711e-17
0 6.98702e-17
0 6.98693e-17
0 6.98684e-17
0 6.98675e-17
0 6.98666e-17
0 6.98657e-17
0 6.98648e-17
0 6.98639e-17
0 6.9863e-17
0 6.98621e-17
0 6.98612e-17
0 6.98603e-17
0 6.98594e-17
0 6.98585e-17
0 6.98576e-17
0 6.98568e-17
0 6.98559e-17
0 6.9855e-17
0 6.98541e-17
0 6.98532e-17
0 6.98524e-17
0 6.98515e-17
0 6.98506e-17
0 6.98498e-17
0 6.98489e-17
0 6.9848e-17
0 6.98472e-17
0 6.98463e-17
0 6.98454e-17
0 6.98446e-17
0 6.98437e-17
0 6.98429e-17
0 6.9842e-17
0 6.98412e-17
0 6.98403e-17
0 6.98395e-17
0 6.98386e-17
0 6.98378e-17
0 6.98369e-17
0 6.98361e-17
0 6.98353e-17
0 6.98344e-17
0 6.98336e-17
0 6.98328e-17
0 6.98319e-17
0 6.98311e-17
0 6.98303e-17
0 6.98295e-17
0 6.98286e-17
0 6.98278e-17
0 6.9827e-17
0 6.98262e-17
0 6.98254e-17
0 6.98246e-17
0 6.98237e-17
0 6.98229e-17
0 6.98221e-17
0 6.98213e-17
0 6.98205e-17
0 6.98197e-17
0 6.98189e-17
0 6.98181e-17
0 6.98173e-17
0 6.98165e-17
0 6.98157e-17
0 6.98149e-17
0 6.98141e-17
0 6.98133e-17
0 6.98125e-17
0 6.98118e-17
0 6.9811e-17
0 6.98102e-17
0 6.98094e-17
0 6.98086e-17
0 6.98079e-17
0 6.98071e-17
0 6.98063e-17
0 6.98055e-17
0 6.98048e-17
0 6.9804e-17
0 6.98032e-17
0 6.98024e-17
0 6.98017e-17
0 6.98009e-17
0 6.98002e-17
0 6.97994e-17
0 6.97986e-17
0 6.97979e-17
0 6.97971e-17
0 6.97964e-17
0 6.97956e-17
0 6.97949e-17
0 6.97941e-17
0 6.97934e-17
0 6.97926e-17
0 6.97919e-17
0 6.97911e-17
0 6.97904e-17
0 6.97896e-17
0 6.97889e-17
0 6.97882e-17
0 6.97874e-17
0 6.97867e-17
0 6.9786e-17

