0 0.0180581
0 0.0180151
0 0.0178995
0 0.0177134
0 0.0174594
0 0.017141
0 0.0167622
0 0.0163281
0 0.0158441
0 0.0153162
0 0.0147504
0 0.0141532
0 0.0135309
0 0.01289
0 0.0122365
0 0.0115763
0 0.0109149
0 0.0102574
0 0.00960851
0 0.00897227
0 0.00835233
0 0.00775181
0 0.0071733
0 0.00661889
0 0.0060902
0 0.00558841
0 0.00511429
0 0.00466822
0 0.00425025
0 0.00386016
0 0.00349744
0 0.00316138
0 0.00285112
0 0.0025656
0 0.00230371
0 0.00206422
0 0.00184586
0 0.00164734
0 0.00146734
0 0.00130458
0 0.00115777
0 0.00102568
0 0.000907116
0 0.000800932
0 0.000706046
0 0.000621438
0 0.000546148
0 0.000479283
0 0.000420014
0 0.000367575
0 0.000321262
0 0.000280429
0 0.000244487
0 0.000212902
0 0.000185187
0 0.000160905
0 0.000139661
0 0.0001211
0 0.000104906
0 9.07937e-05
0 7.85111e-05
0 6.78335e-05
0 5.85617e-05
0 5.05192e-05
0 4.35502e-05
0 3.75173e-05
0 3.22998e-05
0 2.77914e-05
0 2.38991e-05
0 2.05414e-05
0 1.7647e-05
0 1.51539e-05
0 1.30077e-05
0 1.11615e-05
0 9.57418e-06
0 8.21023e-06
0 7.0388e-06
0 6.03319e-06
0 5.17029e-06
0 4.43015e-06
0 3.79551e-06
0 3.25151e-06
0 2.78534e-06
0 2.38595e-06
0 2.04384e-06
0 1.75086e-06
0 1.49997e-06
0 1.28516e-06
0 1.10124e-06
0 9.43789e-07
0 8.08988e-07
0 6.93579e-07
0 5.94766e-07
0 5.10157e-07
0 4.37702e-07
0 3.75646e-07
0 3.22488e-07
0 2.76944e-07
0 2.37915e-07
0 2.04462e-07
0 1.7578e-07
0 1.51182e-07
0 1.30081e-07
0 1.11973e-07
0 9.64287e-08
0 8.30806e-08
0 7.16141e-08
0 6.176e-08
0 5.32883e-08
0 4.6002e-08
0 3.97325e-08
0 3.43353e-08
0 2.96863e-08
0 2.56794e-08
0 2.22242e-08
0 1.92429e-08
0 1.66692e-08
0 1.44463e-08
0 1.25253e-08
0 1.08644e-08
0 9.42776e-09
0 8.18444e-09
0 7.10794e-09
0 6.17548e-09
0 5.3674e-09
0 4.66683e-09
0 4.0592e-09
0 3.53196e-09
0 3.0743e-09
0 2.67686e-09
0 2.3316e-09
0 2.03155e-09
0 1.7707e-09
0 1.54383e-09
0 1.34645e-09
0 1.17468e-09
0 1.02512e-09
0 8.94876e-10
0 7.81406e-10
0 6.8252e-10
0 5.96315e-10
0 5.21143e-10
0 4.5557e-10
0 3.98354e-10
0 3.48416e-10
0 3.04816e-10
0 2.6674e-10
0 2.33477e-10
0 2.04413e-10
0 1.7901e-10
0 1.568e-10
0 1.37378e-10
0 1.2039e-10
0 1.05525e-10
0 9.25168e-11
0 8.11294e-11
0 7.11588e-11
0 6.24267e-11
0 5.47774e-11
0 4.80751e-11
0 4.22013e-11
0 3.70524e-11
0 3.2538e-11
0 2.85791e-11
0 2.51065e-11
0 2.20598e-11
0 1.93864e-11
0 1.70399e-11
0 1.49801e-11
0 1.31715e-11
0 1.15831e-11
0 1.0188e-11
0 8.96231e-12
0 7.88531e-12
0 6.93879e-12
0 6.10679e-12
0 5.37532e-12
0 4.73213e-12
0 4.16647e-12
0 3.6689e-12
0 3.23117e-12
0 2.846e-12
0 2.50704e-12
0 2.20869e-12
0 1.94605e-12
0 1.71481e-12
0 1.51118e-12
0 1.33184e-12
0 1.17387e-12
0 1.03471e-12
0 9.12089e-13
0 8.04038e-13
0 7.08811e-13
0 6.24874e-13
0 5.50879e-13
0 4.85641e-13
0 4.28116e-13
0 3.77387e-13
0 3.32646e-13
0 2.93182e-13
0 2.58369e-13
0 2.27655e-13
0 2.00556e-13
0 1.76645e-13
0 1.55544e-13
0 1.36923e-13
0 1.20489e-13
0 1.05984e-13
0 9.31825e-14
0 8.18835e-14
0 7.19111e-14
0 6.311e-14
0 5.5343e-14
0 4.84895e-14
0 4.2443e-14
0 3.71096e-14
0 3.24065e-14
0 2.82608e-14
0 2.46082e-14
0 2.1392e-14
0 1.85621e-14
0 1.60746e-14
0 1.38908e-14
0 1.19766e-14
0 1.0302e-14
0 8.84057e-15
0 7.56934e-15
0 6.46805e-15
0 5.51903e-15
0 4.70689e-15
0 4.01826e-15
0 3.44162e-15
0 2.96705e-15
0 2.58613e-15
0 2.29178e-15
0 2.07814e-15
0 1.94048e-15
0 3.95967e-19
0 3.9568e-19
0 3.95396e-19
0 3.95115e-19
0 3.94836e-19
0 3.94561e-19
0 3.94288e-19
0 3.94019e-19
0 3.93751e-19
0 3.93487e-19
0 3.93225e-19
0 3.92966e-19
0 3.92709e-19
0 3.92455e-19
0 3.92204e-19
0 3.91955e-19
0 3.91708e-19
0 3.91463e-19
0 3.91221e-19
0 3.90982e-19
0 3.90744e-19
0 3.90509e-19
0 3.90276e-19
0 3.90045e-19
0 3.89817e-19
0 3.8959e-19
0 3.89366e-19
0 3.89143e-19
0 3.88923e-19
0 3.88705e-19
0 3.88488e-19
0 3.88274e-19
0 3.88061e-19
0 3.87851e-19
0 3.87642e-19
0 3.87435e-19
0 3.8723e-19
0 3.87027e-19
0 3.86826e-19
0 3.86626e-19
0 3.86428e-19
0 3.86232e-19
0 3.86037e-19
0 3.85844e-19
0 3.85653e-19
0 3.85463e-19
0 3.85275e-19
0 3.85089e-19
0 3.84904e-19
0 3.84721e-19
0 3.84539e-19
0 3.84359e-19
0 3.8418e-19
0 3.84002e-19
0 3.83827e-19
0 3.83652e-19
0 3.83479e-19
0 3.83307e-19
0 3.83137e-19
0 3.82968e-19
0 3.82801e-19
0 3.82635e-19
0 3.8247e-19
0 3.82306e-19
0 3.82144e-19
0 3.81983e-19
0 3.81823e-19
0 3.81664e-19
0 3.81507e-19
0 3.81351e-19
0 3.81196e-19
0 3.81042e-19
0 3.8089e-19
0 3.80738e-19
0 3.80588e-19
0 3.80439e-19
0 3.80291e-19
0 3.80144e-19
0 3.79998e-19
0 3.79854e-19
0 3.7971e-19
0 3.79567e-19
0 3.79426e-19
0 3.79285e-19
0 3.79146e-19
0 3.79007e-19
0 3.7887e-19
0 3.78733e-19
0 3.78598e-19
0 3.78463e-19
0 3.7833e-19
0 3.78197e-19
0 3.78065e-19
0 3.77935e-19
0 3.77805e-19
0 3.77676e-19
0 3.77548e-19
0 3.77421e-19
0 3.77294e-19
0 3.77169e-19
0 3.77045e-19
0 3.76921e-19
0 3.76798e-19
0 3.76676e-19
0 3.76555e-19
0 3.76435e-19
0 3.76315e-19
0 3.76196e-19
0 3.76078e-19
0 3.75961e-19
0 3.75845e-19
0 3.75729e-19
0 3.75615e-19
0 3.75501e-19
0 3.75387e-19
0 3.75275e-19
0 3.75163e-19
0 3.75052e-19
0 3.74941e-19
0 3.74832e-19
0 3.74723e-19
0 3.74614e-19
0 3.74507e-19
0 3.744e-19
0 3.74294e-19
0 3.74188e-19
0 3.74083e-19
0 3.73979e-19
0 3.73875e-19
0 3.73773e-19
0 3.7367e-19
0 3.73569e-19
0 3.73468e-19
0 3.73367e-19
0 3.73268e-19
0 3.73168e-19
0 3.7307e-19
0 3.72972e-19
0 3.72875e-19
0 3.72778e-19
0 3.72682e-19
0 3.72586e-19
0 3.72491e-19
0 3.72397e-19
0 3.72303e-19
0 3.72209e-19
0 3.72117e-19
0 3.72024e-19
0 3.71933e-19
0 3.71842e-19
0 3.71751e-19
0 3.71661e-19
0 3.71571e-19
0 3.71482e-19
0 3.71394e-19
0 3.71306e-19
0 3.71219e-19
0 3.71132e-19
0 3.71045e-19
0 3.70959e-19
0 3.70874e-19
0 3.70789e-19
0 3.70704e-19
0 3.7062e-19
0 3.70536e-19
0 3.70453e-19
0 3.70371e-19
0 3.70289e-19
0 3.70207e-19
0 3.70126e-19
0 3.70045e-19
0 3.69964e-19
0 3.69885e-19
0 3.69805e-19
0 3.69726e-19
0 3.69647e-19
0 3.69569e-19
0 3.69491e-19
0 3.69414e-19
0 3.69337e-19
0 3.69261e-19
0 3.69185e-19
0 3.69109e-19
0 3.69034e-19
0 3.68959e-19
0 3.68884e-19
0 3.6881e-19
0 3.68737e-19
0 3.68663e-19
0 3.6859e-19
0 3.68518e-19
0 3.68446e-19
0 3.68374e-19
0 3.68303e-19
0 3.68232e-19
0 3.68161e-19
0 3.68091e-19
0 3.68021e-19
0 3.67951e-19
0 3.67882e-19
0 3.67813e-19
0 3.67745e-19
0 3.67676e-19
0 3.67609e-19
0 3.67541e-19
0 3.67474e-19
0 3.67407e-19
0 3.67341e-19
0 3.67275e-19
0 3.67209e-19
0 3.67143e-19
0 3.67078e-19
0 3.67014e-19
0 3.66949e-19
0 3.66885e-19
0 3.66821e-19
0 3.66757e-19
0 3.66694e-19
0 3.66631e-19
0 3.66569e-19
0 3.66506e-19
0 3.66444e-19
0 3.66383e-19
0 3.66321e-19
0 3.6626e-19
0 3.66199e-19
0 3.66139e-19
0 3.66079e-19
0 3.66019e-19
0 3.65959e-19
0 3.659e-19
0 3.65841e-19
0 3.65782e-19
0 3.65723e-19
0 3.65665e-19
0 3.65607e-19
0 3.65549e-19
0 3.65492e-19
0 3.65435e-19
0 3.65378e-19
0 3.65321e-19
0 3.65265e-19
0 3.65209e-19
0 3.65153e-19
0 3.65097e-19
0 3.65042e-19
0 3.64987e-19
0 3.64932e-19
0 3.64877e-19
0 3.64823e-19
0 3.64769e-19
0 3.64715e-19
0 3.64662e-19
0 3.64608e-19
0 3.64555e-19
0 3.64502e-19
0 3.64449e-19
0 3.64397e-19
0 3.64345e-19
0 3.64293e-19
0 3.64241e-19
0 3.6419e-19
0 3.64138e-19
0 3.64087e-19
0 3.64037e-19
0 3.63986e-19
0 3.63936e-19
0 3.63886e-19
0 3.63836e-19
0 3.63786e-19
0 3.63736e-19
0 3.63687e-19
0 3.63638e-19
0 3.63589e-19
0 3.63541e-19
0 3.63492e-19
0 3.63444e-19
0 3.63396e-19
0 3.63348e-19
0 3.633e-19
0 3.63253e-19
0 3.63206e-19
0 3.63159e-19
0 3.63112e-19
0 3.63065e-19
0 3.63019e-19
0 3.62973e-19
0 3.62927e-19
0 3.62881e-19
0 3.62835e-19
0 3.6279e-19
0 3.62745e-19
0 3.62699e-19
0 3.62655e-19
0 3.6261e-19
0 3.62565e-19
0 3.62521e-19
0 3.62477e-19
0 3.62433e-19
0 3.62389e-19
0 3.62345e-19
0 3.62302e-19
0 3.62259e-19
0 3.62216e-19
0 3.62173e-19
0 3.6213e-19
0 3.62087e-19
0 3.62045e-19
0 3.62003e-19
0 3.61961e-19
0 3.61919e-19
0 3.61877e-19
0 3.61836e-19
0 3.61794e-19
0 3.61753e-19
0 3.61712e-19
0 3.61671e-19
0 3.6163e-19
0 3.6159e-19
0 3.61549e-19
0 3.61509e-19
0 3.61469e-19
0 3.61429e-19
0 3.61389e-19
0 3.61349e-19
0 3.6131e-19
0 3.61271e-19
0 3.61231e-19
0 3.61192e-19
0 3.61154e-19
0 3.61115e-19
0 3.61076e-19
0 3.61038e-19
0 3.61e-19
0 3.60961e-19
0 3.60923e-19
0 3.60886e-19
0 3.60848e-19
0 3.6081e-19
0 3.60773e-19
0 3.60736e-19
0 3.60698e-19
0 3.60661e-19
0 3.60625e-19
0 3.60588e-19
0 3.60551e-19
0 3.60515e-19
0 3.60478e-19
0 3.60442e-19
0 3.60406e-19
0 3.6037e-19
0 3.60335e-19
0 3.60299e-19
0 3.60263e-19
0 3.60228e-19
0 3.60193e-19
0 3.60158e-19
0 3.60123e-19
0 3.60088e-19
0 3.60053e-19
0 3.60018e-19
0 3.59984e-19
0 3.59949e-19
0 3.59915e-19
0 3.59881e-19
0 3.59847e-19
0 3.59813e-19
0 3.59779e-19
0 3.59746e-19
0 3.59712e-19
0 3.59679e-19
0 3.59646e-19
0 3.59612e-19
0 3.59579e-19
0 3.59547e-19
0 3.59514e-19
0 3.59481e-19
0 3.59448e-19
0 3.59416e-19
0 3.59384e-19
0 3.59351e-19
0 3.59319e-19
0 3.59287e-19
0 3.59255e-19
0 3.59224e-19
0 3.59192e-19
0 3.5916e-19
0 3.59129e-19
0 3.59098e-19
0 3.59066e-19
0 3.59035e-19
0 3.59004e-19
0 3.58973e-19
0 3.58942e-19
0 3.58912e-19
0 3.58881e-19
0 3.58851e-19
0 3.5882e-19
0 3.5879e-19
0 3.5876e-19
0 3.5873e-19
0 3.587e-19
0 3.5867e-19
0 3.5864e-19
0 3.5861e-19
0 3.58581e-19
0 3.58551e-19
0 3.58522e-19
0 3.58493e-19
0 3.58463e-19
0 3.58434e-19
0 3.58405e-19
0 3.58376e-19
0 3.58348e-19
0 3.58319e-19
0 3.5829e-19
0 3.58262e-19
0 3.58233e-19
0 3.58205e-19
0 3.58177e-19
0 3.58149e-19
0 3.58121e-19
0 3.58093e-19
0 3.58065e-19
0 3.58037e-19
0 3.58009e-19
0 3.57982e-19
0 3.57954e-19
0 3.57927e-19
0 3.57899e-19
0 3.57872e-19
0 3.57845e-19
0 3.57818e-19
0 3.57791e-19
0 3.57764e-19
0 3.57737e-19
0 3.57711e-19
0 3.57684e-19
0 3.57657e-19
0 3.57631e-19
0 3.57604e-19
0 3.57578e-19
0 3.57552e-19
0 3.57526e-19
0 3.575e-19
0 3.57474e-19
0 3.57448e-19
0 3.57422e-19
0 3.57396e-19
0 3.57371e-19
0 3.57345e-19
0 3.5732e-19
0 3.57294e-19
0 3.57269e-19
0 3.57244e-19
0 3.57218e-19
0 3.57193e-19
0 3.57168e-19
0 3.57143e-19
0 3.57119e-19
0 3.57094e-19
0 3.57069e-19
0 3.57044e-19
0 3.5702e-19
0 3.56995e-19
0 3.56971e-19
0 3.56947e-19
0 3.56922e-19
0 3.56898e-19
0 3.56874e-19
0 3.5685e-19
0 3.56826e-19
0 3.56802e-19
0 3.56778e-19
0 3.56755e-19
0 3.56731e-19
0 3.56707e-19
0 3.56684e-19
0 3.5666e-19
0 3.56637e-19
0 3.56614e-19
0 3.5659e-19
0 3.56567e-19
0 3.56544e-19
0 3.56521e-19
0 3.56498e-19
0 3.56475e-19
0 3.56452e-19
0 3.56429e-19
0 3.56407e-19
0 3.56384e-19
0 3.56361e-19
0 3.56339e-19
0 3.56316e-19
0 3.56294e-19
0 3.56272e-19
0 3.56249e-19
0 3.56227e-19
0 3.56205e-19
0 3.56183e-19
0 3.56161e-19
0 3.56139e-19
0 3.56117e-19
0 3.56095e-19
0 3.56074e-19
0 3.56052e-19
0 3.5603e-19
0 3.56009e-19
0 3.55987e-19
0 3.55966e-19
0 3.55945e-19
0 3.55923e-19
0 3.55902e-19
0 3.55881e-19
0 3.5586e-19
0 3.55839e-19
0 3.55818e-19
0 3.55797e-19
0 3.55776e-19
0 3.55755e-19
0 3.55734e-19
0 3.55713e-19
0 3.55693e-19
0 3.55672e-19
0 3.55652e-19
0 3.55631e-19
0 3.55611e-19
0 3.5559e-19
0 3.5557e-19
0 3.5555e-19
0 3.5553e-19
0 3.55509e-19
0 3.55489e-19
0 3.55469e-19
0 3.55449e-19
0 3.55429e-19
0 3.55409e-19
0 3.5539e-19
0 3.5537e-19
0 3.5535e-19
0 3.55331e-19
0 3.55311e-19
0 3.55291e-19
0 3.55272e-19
0 3.55252e-19
0 3.55233e-19
0 3.55214e-19
0 3.55194e-19
0 3.55175e-19
0 3.55156e-19
0 3.55137e-19
0 3.55118e-19
0 3.55099e-19
0 3.5508e-19
0 3.55061e-19
0 3.55042e-19
0 3.55023e-19
0 3.55004e-19
0 3.54986e-19
0 3.54967e-19
0 3.54948e-19
0 3.5493e-19
0 3.54911e-19
0 3.54893e-19
0 3.54875e-19
0 3.54856e-19
0 3.54838e-19
0 3.5482e-19
0 3.54801e-19
0 3.54783e-19
0 3.54765e-19
0 3.54747e-19
0 3.54729e-19
0 3.54711e-19
0 3.54693e-19
0 3.54675e-19
0 3.54657e-19
0 3.54639e-19
0 3.54622e-19
0 3.54604e-19
0 3.54586e-19
0 3.54569e-19
0 3.54551e-19
0 3.54534e-19
0 3.54516e-19
0 3.54499e-19
0 3.54481e-19
0 3.54464e-19
0 3.54447e-19
0 3.54429e-19
0 3.54412e-19
0 3.54395e-19
0 3.54378e-19
0 3.54361e-19
0 3.54344e-19
0 3.54327e-19
0 3.5431e-19
0 3.54293e-19
0 3.54276e-19
0 3.54259e-19
0 3.54242e-19
0 3.54226e-19
0 3.54209e-19
0 3.54192e-19
0 3.54176e-19
0 3.54159e-19
0 3.54143e-19
0 3.54126e-19
0 3.5411e-19
0 3.54093e-19
0 3.54077e-19
0 3.54061e-19
0 3.54044e-19
0 3.54028e-19
0 3.54012e-19
0 3.53996e-19
0 3.5398e-19
0 3.53963e-19
0 3.53947e-19
0 3.53931e-19
0 3.53915e-19
0 3.539e-19
0 3.53884e-19
0 3.53868e-19
0 3.53852e-19
0 3.53836e-19
0 3.5382e-19
0 3.53805e-19
0 3.53789e-19
0 3.53774e-19
0 3.53758e-19
0 3.53742e-19
0 3.53727e-19
0 3.53711e-19
0 3.53696e-19
0 3.53681e-19
0 3.53665e-19
0 3.5365e-19
0 3.53635e-19
0 3.53619e-19
0 3.53604e-19
0 3.53589e-19
0 3.53574e-19
0 3.53559e-19
0 3.53544e-19
0 3.53529e-19
0 3.53514e-19
0 3.53499e-19
0 3.53484e-19
0 3.53469e-19
0 3.53454e-19
0 3.53439e-19
0 3.53425e-19
0 3.5341e-19
0 3.53395e-19
0 3.53381e-19
0 3.53366e-19
0 3.53351e-19
0 3.53337e-19
0 3.53322e-19
0 3.53308e-19
0 3.53293e-19
0 3.53279e-19
0 3.53264e-19
0 3.5325e-19
0 3.53236e-19
0 3.53221e-19
0 3.53207e-19
0 3.53193e-19
0 3.53179e-19
0 3.53165e-19
0 3.5315e-19
0 3.53136e-19
0 3.53122e-19
0 3.53108e-19
0 3.53094e-19
0 3.5308e-19
0 3.53066e-19
0 3.53052e-19
0 3.53039e-19
0 3.53025e-19
0 3.53011e-19
0 3.52997e-19
0 3.52983e-19
0 3.5297e-19
0 3.52956e-19
0 3.52942e-19
0 3.52929e-19
0 3.52915e-19
0 3.52902e-19
0 3.52888e-19
0 3.52875e-19
0 3.52861e-19
0 3.52848e-19
0 3.52834e-19
0 3.52821e-19
0 3.52808e-19
0 3.52794e-19
0 3.52781e-19
0 3.52768e-19
0 3.52755e-19
0 3.52741e-19
0 3.52728e-19
0 3.52715e-19
0 3.52702e-19
0 3.52689e-19
0 3.52676e-19
0 3.52663e-19
0 3.5265e-19
0 3.52637e-19
0 3.52624e-19
0 3.52611e-19
0 3.52598e-19
0 3.52585e-19
0 3.52573e-19
0 3.5256e-19
0 3.52547e-19
0 3.52534e-19
0 3.52522e-19
0 3.52509e-19
0 3.52496e-19
0 3.52484e-19
0 3.52471e-19
0 3.52458e-19
0 3.52446e-19
0 3.52433e-19
0 3.52421e-19
0 3.52408e-19
0 3.52396e-19
0 3.52384e-19
0 3.52371e-19
0 3.52359e-19
0 3.52347e-19
0 3.52334e-19
0 3.52322e-19
0 3.5231e-19
0 3.52298e-19
0 3.52285e-19
0 3.52273e-19
0 3.52261e-19
0 3.52249e-19
0 3.52237e-19
0 3.52225e-19
0 3.52213e-19
0 3.52201e-19
0 3.52189e-19
0 3.52177e-19
0 3.52165e-19
0 3.52153e-19
0 3.52141e-19
0 3.52129e-19
0 3.52117e-19
0 3.52106e-19
0 3.52094e-19
0 3.52082e-19
0 3.5207e-19
0 3.52059e-19
0 3.52047e-19
0 3.52035e-19
0 3.52024e-19
0 3.52012e-19
0 3.52001e-19
0 3.51989e-19

