0 31286.9
0 2540.51
0 491.142
0 196.86
0 105.15
0 64.9333
0 43.6861
0 31.0742
0 22.9706
0 17.4565
0 13.5381
0 10.6578
0 8.48255
0 6.80371
0 5.48509
0 4.43507
0 3.59051
0 2.90723
0 2.35397
0 1.90758
0 1.54911
0 1.26197
0 1.03192
0 0.847179
0 0.69834
0 0.57796
0 0.480193
0 0.400459
0 0.33516
0 0.281465
0 0.237138
0 0.200405
0 0.169854
0 0.144357
0 0.123006
0 0.105072
0 0.0899615
0 0.0771941
0 0.0663772
0 0.057189
0 0.0493652
0 0.0426877
0 0.0369757
0 0.0320795
0 0.027874
0 0.024255
0 0.0211349
0 0.0184404
0 0.0161095
0 0.0140899
0 0.0123375
0 0.0108147
0 0.00948968
0 0.00833514
0 0.00732793
0 0.00644817
0 0.00567887
0 0.0050054
0 0.00441521
0 0.00389748
0 0.00344286
0 0.00304329
0 0.0026918
0 0.00238232
0 0.00210962
0 0.00186913
0 0.00165689
0 0.00146944
0 0.00130377
0 0.00115725
0 0.00102759
0 0.000912762
0 0.000811021
0 0.000720821
0 0.00064081
0 0.000569798
0 0.000506742
0 0.000450725
0 0.000400937
0 0.000356666
0 0.000317286
0 0.000282241
0 0.000251044
0 0.000223263
0 0.000198515
0 0.000176463
0 0.000156808
0 0.000139285
0 0.000123659
0 0.000109723
0 9.72922e-05
0 8.62024e-05
0 7.63083e-05
0 6.74807e-05
0 5.96047e-05
0 5.25783e-05
0 4.63106e-05
0 4.07206e-05
0 3.57366e-05
0 3.12943e-05
0 2.73367e-05
0 2.38129e-05
0 2.06777e-05
0 1.78905e-05
0 1.54155e-05
0 1.32204e-05
0 1.12767e-05
0 9.55888e-06
0 8.04416e-06
0 6.7123e-06
0 5.54524e-06
0 4.52694e-06
0 3.64311e-06
0 2.88104e-06
0 2.22947e-06
0 1.67842e-06
0 1.21907e-06
0 8.43621e-07
0 5.45232e-07
0 3.1791e-07
0 1.5643e-07
0 5.62712e-08
0 1.35544e-08
0 3.24993e-15
0 3.24742e-15
0 3.24496e-15
0 3.24254e-15
0 3.24016e-15
0 3.23782e-15
0 3.23552e-15
0 3.23326e-15
0 3.23104e-15
0 3.22885e-15
0 3.2267e-15
0 3.22458e-15
0 3.2225e-15
0 3.22045e-15
0 3.21844e-15
0 3.21645e-15
0 3.2145e-15
0 3.21258e-15
0 3.21068e-15
0 3.20882e-15
0 3.20698e-15
0 3.20517e-15
0 3.20339e-15
0 3.20163e-15
0 3.1999e-15
0 3.1982e-15
0 3.19652e-15
0 3.19486e-15
0 3.19323e-15
0 3.19162e-15
0 3.19003e-15
0 3.18847e-15
0 3.18693e-15
0 3.1854e-15
0 3.1839e-15
0 3.18242e-15
0 3.18096e-15
0 3.17952e-15
0 3.1781e-15
0 3.1767e-15
0 3.17531e-15
0 3.17394e-15
0 3.1726e-15
0 3.17126e-15
0 3.16995e-15
0 3.16865e-15
0 3.16737e-15
0 3.16611e-15
0 3.16486e-15
0 3.16362e-15
0 3.1624e-15
0 3.1612e-15
0 3.16001e-15
0 3.15883e-15
0 3.15767e-15
0 3.15653e-15
0 3.15539e-15
0 3.15427e-15
0 3.15317e-15
0 3.15207e-15
0 3.15099e-15
0 3.14992e-15
0 3.14887e-15
0 3.14782e-15
0 3.14679e-15
0 3.14577e-15
0 3.14476e-15
0 3.14376e-15
0 3.14278e-15
0 3.1418e-15
0 3.14083e-15
0 3.13988e-15
0 3.13894e-15
0 3.138e-15
0 3.13708e-15
0 3.13616e-15
0 3.13526e-15
0 3.13436e-15
0 3.13348e-15
0 3.1326e-15
0 3.13173e-15
0 3.13087e-15
0 3.13002e-15
0 3.12918e-15
0 3.12835e-15
0 3.12753e-15
0 3.12671e-15
0 3.1259e-15
0 3.12511e-15
0 3.12431e-15
0 3.12353e-15
0 3.12275e-15
0 3.12199e-15
0 3.12123e-15
0 3.12047e-15
0 3.11973e-15
0 3.11899e-15
0 3.11825e-15
0 3.11753e-15
0 3.11681e-15
0 3.1161e-15
0 3.1154e-15
0 3.1147e-15
0 3.11401e-15
0 3.11332e-15
0 3.11264e-15
0 3.11197e-15
0 3.1113e-15
0 3.11064e-15
0 3.10999e-15
0 3.10934e-15
0 3.1087e-15
0 3.10806e-15
0 3.10743e-15
0 3.1068e-15
0 3.10618e-15
0 3.10557e-15
0 3.10496e-15
0 3.10435e-15
0 3.10375e-15
0 3.10316e-15
0 3.10257e-15
0 3.10199e-15
0 3.10141e-15
0 3.10083e-15
0 3.10027e-15
0 3.0997e-15
0 3.09914e-15
0 3.09859e-15
0 3.09804e-15
0 3.09749e-15
0 3.09695e-15
0 3.09641e-15
0 3.09588e-15
0 3.09535e-15
0 3.09483e-15
0 3.09431e-15
0 3.09379e-15
0 3.09328e-15
0 3.09277e-15
0 3.09227e-15
0 3.09177e-15
0 3.09128e-15
0 3.09079e-15
0 3.0903e-15
0 3.08981e-15
0 3.08933e-15
0 3.08886e-15
0 3.08838e-15
0 3.08791e-15
0 3.08745e-15
0 3.08699e-15
0 3.08653e-15
0 3.08607e-15
0 3.08562e-15
0 3.08517e-15
0 3.08473e-15
0 3.08429e-15
0 3.08385e-15
0 3.08341e-15
0 3.08298e-15
0 3.08255e-15
0 3.08213e-15
0 3.0817e-15
0 3.08129e-15
0 3.08087e-15
0 3.08046e-15
0 3.08004e-15
0 3.07964e-15
0 3.07923e-15
0 3.07883e-15
0 3.07843e-15
0 3.07804e-15
0 3.07764e-15
0 3.07725e-15
0 3.07686e-15
0 3.07648e-15
0 3.0761e-15
0 3.07572e-15
0 3.07534e-15
0 3.07496e-15
0 3.07459e-15
0 3.07422e-15
0 3.07385e-15
0 3.07349e-15
0 3.07313e-15
0 3.07277e-15
0 3.07241e-15
0 3.07205e-15
0 3.0717e-15
0 3.07135e-15
0 3.071e-15
0 3.07066e-15
0 3.07031e-15
0 3.06997e-15
0 3.06963e-15
0 3.0693e-15
0 3.06896e-15
0 3.06863e-15
0 3.0683e-15
0 3.06797e-15
0 3.06765e-15
0 3.06732e-15
0 3.067e-15
0 3.06668e-15
0 3.06636e-15
0 3.06605e-15
0 3.06573e-15
0 3.06542e-15
0 3.06511e-15
0 3.0648e-15
0 3.0645e-15
0 3.06419e-15
0 3.06389e-15
0 3.06359e-15
0 3.06329e-15
0 3.06299e-15
0 3.0627e-15
0 3.0624e-15
0 3.06211e-15
0 3.06182e-15
0 3.06153e-15
0 3.06125e-15
0 3.06096e-15
0 3.06068e-15
0 3.0604e-15
0 3.06012e-15
0 3.05984e-15
0 3.05956e-15
0 3.05929e-15
0 3.05902e-15
0 3.05874e-15
0 3.05847e-15
0 3.05821e-15
0 3.05794e-15
0 3.05767e-15
0 3.05741e-15
0 3.05715e-15
0 3.05689e-15
0 3.05663e-15
0 3.05637e-15
0 3.05611e-15
0 3.05586e-15
0 3.05561e-15
0 3.05535e-15
0 3.0551e-15
0 3.05485e-15
0 3.05461e-15
0 3.05436e-15
0 3.05411e-15
0 3.05387e-15
0 3.05363e-15
0 3.05339e-15
0 3.05315e-15
0 3.05291e-15
0 3.05267e-15
0 3.05244e-15
0 3.0522e-15
0 3.05197e-15
0 3.05174e-15
0 3.0515e-15
0 3.05127e-15
0 3.05105e-15
0 3.05082e-15
0 3.05059e-15
0 3.05037e-15
0 3.05014e-15
0 3.04992e-15
0 3.0497e-15
0 3.04948e-15
0 3.04926e-15
0 3.04904e-15
0 3.04883e-15
0 3.04861e-15
0 3.0484e-15
0 3.04818e-15
0 3.04797e-15
0 3.04776e-15
0 3.04755e-15
0 3.04734e-15
0 3.04713e-15
0 3.04693e-15
0 3.04672e-15
0 3.04652e-15
0 3.04631e-15
0 3.04611e-15
0 3.04591e-15
0 3.04571e-15
0 3.04551e-15
0 3.04531e-15
0 3.04511e-15
0 3.04492e-15
0 3.04472e-15
0 3.04453e-15
0 3.04433e-15
0 3.04414e-15
0 3.04395e-15
0 3.04376e-15
0 3.04357e-15
0 3.04338e-15
0 3.04319e-15
0 3.043e-15
0 3.04281e-15
0 3.04263e-15
0 3.04244e-15
0 3.04226e-15
0 3.04208e-15
0 3.0419e-15
0 3.04172e-15
0 3.04154e-15
0 3.04136e-15
0 3.04118e-15
0 3.041e-15
0 3.04082e-15
0 3.04065e-15
0 3.04047e-15
0 3.0403e-15
0 3.04012e-15
0 3.03995e-15
0 3.03978e-15
0 3.03961e-15
0 3.03944e-15
0 3.03927e-15
0 3.0391e-15
0 3.03893e-15
0 3.03876e-15
0 3.0386e-15
0 3.03843e-15
0 3.03827e-15
0 3.0381e-15
0 3.03794e-15
0 3.03778e-15
0 3.03761e-15
0 3.03745e-15
0 3.03729e-15
0 3.03713e-15
0 3.03697e-15
0 3.03681e-15
0 3.03666e-15
0 3.0365e-15
0 3.03634e-15
0 3.03619e-15
0 3.03603e-15
0 3.03588e-15
0 3.03573e-15
0 3.03557e-15
0 3.03542e-15
0 3.03527e-15
0 3.03512e-15
0 3.03497e-15
0 3.03482e-15
0 3.03467e-15
0 3.03452e-15
0 3.03437e-15
0 3.03423e-15
0 3.03408e-15
0 3.03393e-15
0 3.03379e-15
0 3.03364e-15
0 3.0335e-15
0 3.03336e-15
0 3.03321e-15
0 3.03307e-15
0 3.03293e-15
0 3.03279e-15
0 3.03265e-15
0 3.03251e-15
0 3.03237e-15
0 3.03223e-15
0 3.03209e-15
0 3.03195e-15
0 3.03182e-15
0 3.03168e-15
0 3.03155e-15
0 3.03141e-15
0 3.03128e-15
0 3.03114e-15
0 3.03101e-15
0 3.03088e-15
0 3.03074e-15
0 3.03061e-15
0 3.03048e-15
0 3.03035e-15
0 3.03022e-15
0 3.03009e-15
0 3.02996e-15
0 3.02983e-15
0 3.0297e-15
0 3.02957e-15
0 3.02945e-15
0 3.02932e-15
0 3.02919e-15
0 3.02907e-15
0 3.02894e-15
0 3.02882e-15
0 3.02869e-15
0 3.02857e-15
0 3.02845e-15
0 3.02832e-15
0 3.0282e-15
0 3.02808e-15
0 3.02796e-15
0 3.02784e-15
0 3.02772e-15
0 3.0276e-15
0 3.02748e-15
0 3.02736e-15
0 3.02724e-15
0 3.02712e-15
0 3.027e-15
0 3.02689e-15
0 3.02677e-15
0 3.02665e-15
0 3.02654e-15
0 3.02642e-15
0 3.02631e-15
0 3.02619e-15
0 3.02608e-15
0 3.02597e-15
0 3.02585e-15
0 3.02574e-15
0 3.02563e-15
0 3.02552e-15
0 3.0254e-15
0 3.02529e-15
0 3.02518e-15
0 3.02507e-15
0 3.02496e-15
0 3.02485e-15
0 3.02474e-15
0 3.02463e-15
0 3.02453e-15
0 3.02442e-15
0 3.02431e-15
0 3.0242e-15
0 3.0241e-15
0 3.02399e-15
0 3.02388e-15
0 3.02378e-15
0 3.02367e-15
0 3.02357e-15
0 3.02346e-15
0 3.02336e-15
0 3.02326e-15
0 3.02315e-15
0 3.02305e-15
0 3.02295e-15
0 3.02285e-15
0 3.02274e-15
0 3.02264e-15
0 3.02254e-15
0 3.02244e-15
0 3.02234e-15
0 3.02224e-15
0 3.02214e-15
0 3.02204e-15
0 3.02194e-15
0 3.02184e-15
0 3.02174e-15
0 3.02165e-15
0 3.02155e-15
0 3.02145e-15
0 3.02136e-15
0 3.02126e-15
0 3.02116e-15
0 3.02107e-15
0 3.02097e-15
0 3.02088e-15
0 3.02078e-15
0 3.02069e-15
0 3.02059e-15
0 3.0205e-15
0 3.0204e-15
0 3.02031e-15
0 3.02022e-15
0 3.02013e-15
0 3.02003e-15
0 3.01994e-15
0 3.01985e-15
0 3.01976e-15
0 3.01967e-15
0 3.01958e-15
0 3.01949e-15
0 3.01939e-15
0 3.01931e-15
0 3.01922e-15
0 3.01913e-15
0 3.01904e-15
0 3.01895e-15
0 3.01886e-15
0 3.01877e-15
0 3.01868e-15
0 3.0186e-15
0 3.01851e-15
0 3.01842e-15
0 3.01834e-15
0 3.01825e-15
0 3.01816e-15
0 3.01808e-15
0 3.01799e-15
0 3.01791e-15
0 3.01782e-15
0 3.01774e-15
0 3.01765e-15
0 3.01757e-15
0 3.01748e-15
0 3.0174e-15
0 3.01732e-15
0 3.01723e-15
0 3.01715e-15
0 3.01707e-15
0 3.01699e-15
0 3.0169e-15
0 3.01682e-15
0 3.01674e-15
0 3.01666e-15
0 3.01658e-15
0 3.0165e-15
0 3.01642e-15
0 3.01634e-15
0 3.01626e-15
0 3.01618e-15
0 3.0161e-15
0 3.01602e-15
0 3.01594e-15
0 3.01586e-15
0 3.01578e-15
0 3.01571e-15
0 3.01563e-15
0 3.01555e-15
0 3.01547e-15
0 3.0154e-15
0 3.01532e-15
0 3.01524e-15
0 3.01516e-15
0 3.01509e-15
0 3.01501e-15
0 3.01494e-15
0 3.01486e-15
0 3.01479e-15
0 3.01471e-15
0 3.01464e-15
0 3.01456e-15
0 3.01449e-15
0 3.01441e-15
0 3.01434e-15
0 3.01426e-15
0 3.01419e-15
0 3.01412e-15
0 3.01404e-15
0 3.01397e-15
0 3.0139e-15
0 3.01383e-15
0 3.01375e-15
0 3.01368e-15
0 3.01361e-15
0 3.01354e-15
0 3.01347e-15
0 3.0134e-15
0 3.01333e-15
0 3.01326e-15
0 3.01318e-15
0 3.01311e-15
0 3.01304e-15
0 3.01297e-15
0 3.0129e-15
0 3.01284e-15
0 3.01277e-15
0 3.0127e-15
0 3.01263e-15
0 3.01256e-15
0 3.01249e-15
0 3.01242e-15
0 3.01235e-15
0 3.01229e-15
0 3.01222e-15
0 3.01215e-15
0 3.01208e-15
0 3.01202e-15
0 3.01195e-15
0 3.01188e-15
0 3.01182e-15
0 3.01175e-15
0 3.01168e-15
0 3.01162e-15
0 3.01155e-15
0 3.01149e-15
0 3.01142e-15
0 3.01136e-15
0 3.01129e-15
0 3.01123e-15
0 3.01116e-15
0 3.0111e-15
0 3.01103e-15
0 3.01097e-15
0 3.01091e-15
0 3.01084e-15
0 3.01078e-15
0 3.01072e-15
0 3.01065e-15
0 3.01059e-15
0 3.01053e-15
0 3.01046e-15
0 3.0104e-15
0 3.01034e-15
0 3.01028e-15
0 3.01022e-15
0 3.01015e-15
0 3.01009e-15
0 3.01003e-15
0 3.00997e-15
0 3.00991e-15
0 3.00985e-15
0 3.00979e-15
0 3.00973e-15
0 3.00967e-15
0 3.00961e-15
0 3.00955e-15
0 3.00949e-15
0 3.00943e-15
0 3.00937e-15
0 3.00931e-15
0 3.00925e-15
0 3.00919e-15
0 3.00913e-15
0 3.00907e-15
0 3.00901e-15
0 3.00895e-15
0 3.00889e-15
0 3.00884e-15
0 3.00878e-15
0 3.00872e-15
0 3.00866e-15
0 3.00861e-15
0 3.00855e-15
0 3.00849e-15
0 3.00843e-15
0 3.00838e-15
0 3.00832e-15
0 3.00826e-15
0 3.00821e-15
0 3.00815e-15
0 3.00809e-15
0 3.00804e-15
0 3.00798e-15
0 3.00793e-15
0 3.00787e-15
0 3.00782e-15
0 3.00776e-15
0 3.00771e-15
0 3.00765e-15
0 3.0076e-15
0 3.00754e-15
0 3.00749e-15
0 3.00743e-15
0 3.00738e-15
0 3.00732e-15
0 3.00727e-15
0 3.00722e-15
0 3.00716e-15
0 3.00711e-15
0 3.00706e-15
0 3.007e-15
0 3.00695e-15
0 3.0069e-15
0 3.00684e-15
0 3.00679e-15
0 3.00674e-15
0 3.00669e-15
0 3.00663e-15
0 3.00658e-15
0 3.00653e-15
0 3.00648e-15
0 3.00642e-15
0 3.00637e-15
0 3.00632e-15
0 3.00627e-15
0 3.00622e-15
0 3.00617e-15
0 3.00612e-15
0 3.00607e-15
0 3.00601e-15
0 3.00596e-15
0 3.00591e-15
0 3.00586e-15
0 3.00581e-15
0 3.00576e-15
0 3.00571e-15
0 3.00566e-15
0 3.00561e-15
0 3.00556e-15
0 3.00551e-15
0 3.00546e-15
0 3.00542e-15
0 3.00537e-15
0 3.00532e-15
0 3.00527e-15
0 3.00522e-15
0 3.00517e-15
0 3.00512e-15
0 3.00507e-15
0 3.00503e-15
0 3.00498e-15
0 3.00493e-15
0 3.00488e-15
0 3.00483e-15
0 3.00479e-15
0 3.00474e-15
0 3.00469e-15
0 3.00464e-15
0 3.0046e-15
0 3.00455e-15
0 3.0045e-15
0 3.00446e-15
0 3.00441e-15
0 3.00436e-15
0 3.00432e-15
0 3.00427e-15
0 3.00422e-15
0 3.00418e-15
0 3.00413e-15
0 3.00408e-15
0 3.00404e-15
0 3.00399e-15
0 3.00395e-15
0 3.0039e-15
0 3.00386e-15
0 3.00381e-15
0 3.00376e-15
0 3.00372e-15
0 3.00367e-15
0 3.00363e-15
0 3.00358e-15
0 3.00354e-15
0 3.0035e-15
0 3.00345e-15
0 3.00341e-15
0 3.00336e-15
0 3.00332e-15
0 3.00327e-15
0 3.00323e-15
0 3.00319e-15
0 3.00314e-15
0 3.0031e-15
0 3.00306e-15
0 3.00301e-15
0 3.00297e-15
0 3.00293e-15
0 3.00288e-15
0 3.00284e-15
0 3.0028e-15
0 3.00275e-15
0 3.00271e-15
0 3.00267e-15
0 3.00262e-15
0 3.00258e-15
0 3.00254e-15
0 3.0025e-15
0 3.00246e-15
0 3.00241e-15
0 3.00237e-15
0 3.00233e-15
0 3.00229e-15
0 3.00225e-15
0 3.0022e-15
0 3.00216e-15
0 3.00212e-15
0 3.00208e-15
0 3.00204e-15
0 3.002e-15
0 3.00196e-15
0 3.00192e-15
0 3.00188e-15
0 3.00183e-15
0 3.00179e-15
0 3.00175e-15
0 3.00171e-15
0 3.00167e-15
0 3.00163e-15
0 3.00159e-15
0 3.00155e-15
0 3.00151e-15
0 3.00147e-15
0 3.00143e-15
0 3.00139e-15
0 3.00135e-15
0 3.00131e-15
0 3.00127e-15
0 3.00123e-15
0 3.00119e-15
0 3.00116e-15
0 3.00112e-15
0 3.00108e-15
0 3.00104e-15
0 3.001e-15
0 3.00096e-15
0 3.00092e-15
0 3.00088e-15
0 3.00084e-15
0 3.00081e-15
0 3.00077e-15
0 3.00073e-15
0 3.00069e-15
0 3.00065e-15
0 3.00061e-15
0 3.00058e-15
0 3.00054e-15
0 3.0005e-15
0 3.00046e-15
0 3.00043e-15
0 3.00039e-15
0 3.00035e-15
0 3.00031e-15
0 3.00028e-15
0 3.00024e-15
0 3.0002e-15
0 3.00016e-15
0 3.00013e-15
0 3.00009e-15
0 3.00005e-15
0 3.00002e-15
0 2.99998e-15
0 2.99994e-15
0 2.99991e-15
0 2.99987e-15
0 2.99983e-15
0 2.9998e-15
0 2.99976e-15
0 2.99973e-15
0 2.99969e-15
0 2.99965e-15
0 2.99962e-15
0 2.99958e-15
0 2.99955e-15
0 2.99951e-15
0 2.99948e-15
0 2.99944e-15
0 2.9994e-15
0 2.99937e-15
0 2.99933e-15
0 2.9993e-15
0 2.99926e-15
0 2.99923e-15
0 2.99919e-15
0 2.99916e-15
0 2.99912e-15
0 2.99909e-15
0 2.99905e-15
0 2.99902e-15
0 2.99898e-15
0 2.99895e-15
0 2.99892e-15
0 2.99888e-15
0 2.99885e-15
0 2.99881e-15
0 2.99878e-15
0 2.99874e-15
0 2.99871e-15
0 2.99868e-15
0 2.99864e-15
0 2.99861e-15
0 2.99858e-15
0 2.99854e-15
0 2.99851e-15
0 2.99847e-15
0 2.99844e-15
0 2.99841e-15
0 2.99837e-15
0 2.99834e-15
0 2.99831e-15
0 2.99827e-15
0 2.99824e-15
0 2.99821e-15
0 2.99818e-15
0 2.99814e-15
0 2.99811e-15
0 2.99808e-15

