0 4.45795
0 4.2815
0 3.85283
0 3.27441
0 2.65699
0 2.08421
0 1.59965
0 1.21365
0 0.917464
0 0.694945
0 0.529342
0 0.40625
0 0.314369
0 0.245258
0 0.192776
0 0.152505
0 0.121279
0 0.0968182
0 0.0774796
0 0.0620615
0 0.0496832
0 0.0397246
0 0.031755
0 0.0254229
0 0.0204112
0 0.0164459
0 0.0133026
0 0.0108033
0 0.00880871
0 0.00721055
0 0.00592476
0 0.00488602
0 0.00404344
0 0.00335729
0 0.00279639
0 0.00233618
0 0.00195726
0 0.00164422
0 0.00138478
0 0.00116909
0 0.000989269
0 0.000838924
0 0.000712896
0 0.000606986
0 0.000517771
0 0.000442449
0 0.00037872
0 0.000324687
0 0.000278787
0 0.000239723
0 0.000206417
0 0.000177973
0 0.000153641
0 0.000132795
0 0.000114909
0 9.9541e-05
0 8.63189e-05
0 7.49283e-05
0 6.51032e-05
0 5.66185e-05
0 4.92829e-05
0 4.2934e-05
0 3.74331e-05
0 3.26623e-05
0 2.85206e-05
0 2.49218e-05
0 2.17918e-05
0 1.90673e-05
0 1.66937e-05
0 1.46243e-05
0 1.28186e-05
0 1.12418e-05
0 9.86404e-06
0 8.65928e-06
0 7.6051e-06
0 6.68211e-06
0 5.87348e-06
0 5.16461e-06
0 4.54285e-06
0 3.99719e-06
0 3.51806e-06
0 3.09714e-06
0 2.72717e-06
0 2.40184e-06
0 2.11562e-06
0 1.86371e-06
0 1.64191e-06
0 1.44653e-06
0 1.27438e-06
0 1.12262e-06
0 9.88814e-07
0 8.70788e-07
0 7.66655e-07
0 6.74756e-07
0 5.93635e-07
0 5.22012e-07
0 4.58765e-07
0 4.02906e-07
0 3.53568e-07
0 3.09986e-07
0 2.71488e-07
0 2.37483e-07
0 2.07449e-07
0 1.80928e-07
0 1.57514e-07
0 1.3685e-07
0 1.18622e-07
0 1.02554e-07
0 8.83986e-08
0 7.59416e-08
0 6.49921e-08
0 5.53822e-08
0 4.69635e-08
0 3.96056e-08
0 3.31931e-08
0 2.76247e-08
0 2.28112e-08
0 1.8674e-08
0 1.51443e-08
0 1.21617e-08
0 9.67353e-09
0 7.63374e-09
0 6.00248e-09
0 4.74532e-09
0 3.83274e-09
0 3.23965e-09
0 2.94499e-09
0 2.3064e-17
0 2.30459e-17
0 2.30281e-17
0 2.30107e-17
0 2.29935e-17
0 2.29766e-17
0 2.296e-17
0 2.29436e-17
0 2.29275e-17
0 2.29117e-17
0 2.28962e-17
0 2.28808e-17
0 2.28658e-17
0 2.28509e-17
0 2.28363e-17
0 2.2822e-17
0 2.28078e-17
0 2.27939e-17
0 2.27801e-17
0 2.27666e-17
0 2.27533e-17
0 2.27401e-17
0 2.27272e-17
0 2.27145e-17
0 2.27019e-17
0 2.26895e-17
0 2.26773e-17
0 2.26653e-17
0 2.26534e-17
0 2.26417e-17
0 2.26302e-17
0 2.26188e-17
0 2.26076e-17
0 2.25965e-17
0 2.25856e-17
0 2.25748e-17
0 2.25642e-17
0 2.25537e-17
0 2.25433e-17
0 2.25331e-17
0 2.2523e-17
0 2.2513e-17
0 2.25032e-17
0 2.24935e-17
0 2.24839e-17
0 2.24745e-17
0 2.24651e-17
0 2.24559e-17
0 2.24468e-17
0 2.24378e-17
0 2.24289e-17
0 2.24201e-17
0 2.24114e-17
0 2.24028e-17
0 2.23943e-17
0 2.2386e-17
0 2.23777e-17
0 2.23695e-17
0 2.23614e-17
0 2.23534e-17
0 2.23455e-17
0 2.23377e-17
0 2.233e-17
0 2.23224e-17
0 2.23148e-17
0 2.23073e-17
0 2.23e-17
0 2.22926e-17
0 2.22854e-17
0 2.22783e-17
0 2.22712e-17
0 2.22642e-17
0 2.22573e-17
0 2.22505e-17
0 2.22437e-17
0 2.2237e-17
0 2.22304e-17
0 2.22238e-17
0 2.22173e-17
0 2.22109e-17
0 2.22046e-17
0 2.21983e-17
0 2.2192e-17
0 2.21859e-17
0 2.21798e-17
0 2.21737e-17
0 2.21677e-17
0 2.21618e-17
0 2.2156e-17
0 2.21502e-17
0 2.21444e-17
0 2.21387e-17
0 2.21331e-17
0 2.21275e-17
0 2.2122e-17
0 2.21165e-17
0 2.21111e-17
0 2.21057e-17
0 2.21004e-17
0 2.20951e-17
0 2.20899e-17
0 2.20847e-17
0 2.20796e-17
0 2.20745e-17
0 2.20695e-17
0 2.20645e-17
0 2.20595e-17
0 2.20546e-17
0 2.20498e-17
0 2.2045e-17
0 2.20402e-17
0 2.20355e-17
0 2.20308e-17
0 2.20262e-17
0 2.20216e-17
0 2.2017e-17
0 2.20125e-17
0 2.2008e-17
0 2.20035e-17
0 2.19991e-17
0 2.19948e-17
0 2.19904e-17
0 2.19861e-17
0 2.19819e-17
0 2.19777e-17
0 2.19735e-17
0 2.19693e-17
0 2.19652e-17
0 2.19611e-17
0 2.19571e-17
0 2.19531e-17
0 2.19491e-17
0 2.19451e-17
0 2.19412e-17
0 2.19373e-17
0 2.19334e-17
0 2.19296e-17
0 2.19258e-17
0 2.19221e-17
0 2.19183e-17
0 2.19146e-17
0 2.19109e-17
0 2.19073e-17
0 2.19037e-17
0 2.19001e-17
0 2.18965e-17
0 2.1893e-17
0 2.18895e-17
0 2.1886e-17
0 2.18825e-17
0 2.18791e-17
0 2.18757e-17
0 2.18723e-17
0 2.18689e-17
0 2.18656e-17
0 2.18623e-17
0 2.1859e-17
0 2.18558e-17
0 2.18525e-17
0 2.18493e-17
0 2.18461e-17
0 2.1843e-17
0 2.18398e-17
0 2.18367e-17
0 2.18336e-17
0 2.18305e-17
0 2.18275e-17
0 2.18245e-17
0 2.18215e-17
0 2.18185e-17
0 2.18155e-17
0 2.18126e-17
0 2.18096e-17
0 2.18067e-17
0 2.18039e-17
0 2.1801e-17
0 2.17981e-17
0 2.17953e-17
0 2.17925e-17
0 2.17897e-17
0 2.1787e-17
0 2.17842e-17
0 2.17815e-17
0 2.17788e-17
0 2.17761e-17
0 2.17734e-17
0 2.17707e-17
0 2.17681e-17
0 2.17655e-17
0 2.17629e-17
0 2.17603e-17
0 2.17577e-17
0 2.17552e-17
0 2.17526e-17
0 2.17501e-17
0 2.17476e-17
0 2.17451e-17
0 2.17426e-17
0 2.17402e-17
0 2.17377e-17
0 2.17353e-17
0 2.17329e-17
0 2.17305e-17
0 2.17281e-17
0 2.17258e-17
0 2.17234e-17
0 2.17211e-17
0 2.17188e-17
0 2.17165e-17
0 2.17142e-17
0 2.17119e-17
0 2.17096e-17
0 2.17074e-17
0 2.17051e-17
0 2.17029e-17
0 2.17007e-17
0 2.16985e-17
0 2.16963e-17
0 2.16941e-17
0 2.1692e-17
0 2.16898e-17
0 2.16877e-17
0 2.16856e-17
0 2.16835e-17
0 2.16814e-17
0 2.16793e-17
0 2.16772e-17
0 2.16752e-17
0 2.16731e-17
0 2.16711e-17
0 2.16691e-17
0 2.16671e-17
0 2.16651e-17
0 2.16631e-17
0 2.16611e-17
0 2.16592e-17
0 2.16572e-17
0 2.16553e-17
0 2.16533e-17
0 2.16514e-17
0 2.16495e-17
0 2.16476e-17
0 2.16457e-17
0 2.16438e-17
0 2.1642e-17
0 2.16401e-17
0 2.16383e-17
0 2.16364e-17
0 2.16346e-17
0 2.16328e-17
0 2.1631e-17
0 2.16292e-17
0 2.16274e-17
0 2.16256e-17
0 2.16239e-17
0 2.16221e-17
0 2.16204e-17
0 2.16186e-17
0 2.16169e-17
0 2.16152e-17
0 2.16135e-17
0 2.16118e-17
0 2.16101e-17
0 2.16084e-17
0 2.16067e-17
0 2.16051e-17
0 2.16034e-17
0 2.16018e-17
0 2.16001e-17
0 2.15985e-17
0 2.15969e-17
0 2.15953e-17
0 2.15937e-17
0 2.15921e-17
0 2.15905e-17
0 2.15889e-17
0 2.15873e-17
0 2.15857e-17
0 2.15842e-17
0 2.15826e-17
0 2.15811e-17
0 2.15796e-17
0 2.1578e-17
0 2.15765e-17
0 2.1575e-17
0 2.15735e-17
0 2.1572e-17
0 2.15705e-17
0 2.15691e-17
0 2.15676e-17
0 2.15661e-17
0 2.15647e-17
0 2.15632e-17
0 2.15618e-17
0 2.15603e-17
0 2.15589e-17
0 2.15575e-17
0 2.15561e-17
0 2.15547e-17
0 2.15532e-17
0 2.15519e-17
0 2.15505e-17
0 2.15491e-17
0 2.15477e-17
0 2.15463e-17
0 2.1545e-17
0 2.15436e-17
0 2.15423e-17
0 2.15409e-17
0 2.15396e-17
0 2.15383e-17
0 2.15369e-17
0 2.15356e-17
0 2.15343e-17
0 2.1533e-17
0 2.15317e-17
0 2.15304e-17
0 2.15291e-17
0 2.15278e-17
0 2.15266e-17
0 2.15253e-17
0 2.1524e-17
0 2.15228e-17
0 2.15215e-17
0 2.15203e-17
0 2.1519e-17
0 2.15178e-17
0 2.15166e-17
0 2.15153e-17
0 2.15141e-17
0 2.15129e-17
0 2.15117e-17
0 2.15105e-17
0 2.15093e-17
0 2.15081e-17
0 2.15069e-17
0 2.15057e-17
0 2.15046e-17
0 2.15034e-17
0 2.15022e-17
0 2.15011e-17
0 2.14999e-17
0 2.14988e-17
0 2.14976e-17
0 2.14965e-17
0 2.14953e-17
0 2.14942e-17
0 2.14931e-17
0 2.1492e-17
0 2.14909e-17
0 2.14897e-17
0 2.14886e-17
0 2.14875e-17
0 2.14864e-17
0 2.14854e-17
0 2.14843e-17
0 2.14832e-17
0 2.14821e-17
0 2.1481e-17
0 2.148e-17
0 2.14789e-17
0 2.14778e-17
0 2.14768e-17
0 2.14757e-17
0 2.14747e-17
0 2.14736e-17
0 2.14726e-17
0 2.14716e-17
0 2.14705e-17
0 2.14695e-17
0 2.14685e-17
0 2.14675e-17
0 2.14665e-17
0 2.14655e-17
0 2.14645e-17
0 2.14635e-17
0 2.14625e-17
0 2.14615e-17
0 2.14605e-17
0 2.14595e-17
0 2.14585e-17
0 2.14575e-17
0 2.14566e-17
0 2.14556e-17
0 2.14546e-17
0 2.14537e-17
0 2.14527e-17
0 2.14518e-17
0 2.14508e-17
0 2.14499e-17
0 2.14489e-17
0 2.1448e-17
0 2.14471e-17
0 2.14461e-17
0 2.14452e-17
0 2.14443e-17
0 2.14434e-17
0 2.14424e-17
0 2.14415e-17
0 2.14406e-17
0 2.14397e-17
0 2.14388e-17
0 2.14379e-17
0 2.1437e-17
0 2.14361e-17
0 2.14352e-17
0 2.14344e-17
0 2.14335e-17
0 2.14326e-17
0 2.14317e-17
0 2.14309e-17
0 2.143e-17
0 2.14291e-17
0 2.14283e-17
0 2.14274e-17
0 2.14265e-17
0 2.14257e-17
0 2.14248e-17
0 2.1424e-17
0 2.14232e-17
0 2.14223e-17
0 2.14215e-17
0 2.14207e-17
0 2.14198e-17
0 2.1419e-17
0 2.14182e-17
0 2.14174e-17
0 2.14165e-17
0 2.14157e-17
0 2.14149e-17
0 2.14141e-17
0 2.14133e-17
0 2.14125e-17
0 2.14117e-17
0 2.14109e-17
0 2.14101e-17
0 2.14093e-17
0 2.14085e-17
0 2.14077e-17
0 2.1407e-17
0 2.14062e-17
0 2.14054e-17
0 2.14046e-17
0 2.14039e-17
0 2.14031e-17
0 2.14023e-17
0 2.14016e-17
0 2.14008e-17
0 2.14e-17
0 2.13993e-17
0 2.13985e-17
0 2.13978e-17
0 2.1397e-17
0 2.13963e-17
0 2.13956e-17
0 2.13948e-17
0 2.13941e-17
0 2.13934e-17
0 2.13926e-17
0 2.13919e-17
0 2.13912e-17
0 2.13904e-17
0 2.13897e-17
0 2.1389e-17
0 2.13883e-17
0 2.13876e-17
0 2.13869e-17
0 2.13862e-17
0 2.13855e-17
0 2.13847e-17
0 2.1384e-17
0 2.13833e-17
0 2.13827e-17
0 2.1382e-17
0 2.13813e-17
0 2.13806e-17
0 2.13799e-17
0 2.13792e-17
0 2.13785e-17
0 2.13778e-17
0 2.13772e-17
0 2.13765e-17
0 2.13758e-17
0 2.13751e-17
0 2.13745e-17
0 2.13738e-17
0 2.13731e-17
0 2.13725e-17
0 2.13718e-17
0 2.13712e-17
0 2.13705e-17
0 2.13699e-17
0 2.13692e-17
0 2.13686e-17
0 2.13679e-17
0 2.13673e-17
0 2.13666e-17
0 2.1366e-17
0 2.13653e-17
0 2.13647e-17
0 2.13641e-17
0 2.13634e-17
0 2.13628e-17
0 2.13622e-17
0 2.13616e-17
0 2.13609e-17
0 2.13603e-17
0 2.13597e-17
0 2.13591e-17
0 2.13585e-17
0 2.13578e-17
0 2.13572e-17
0 2.13566e-17
0 2.1356e-17
0 2.13554e-17
0 2.13548e-17
0 2.13542e-17
0 2.13536e-17
0 2.1353e-17
0 2.13524e-17
0 2.13518e-17
0 2.13512e-17
0 2.13506e-17
0 2.135e-17
0 2.13494e-17
0 2.13489e-17
0 2.13483e-17
0 2.13477e-17
0 2.13471e-17
0 2.13465e-17
0 2.1346e-17
0 2.13454e-17
0 2.13448e-17
0 2.13442e-17
0 2.13437e-17
0 2.13431e-17
0 2.13425e-17
0 2.1342e-17
0 2.13414e-17
0 2.13408e-17
0 2.13403e-17
0 2.13397e-17
0 2.13392e-17
0 2.13386e-17
0 2.13381e-17
0 2.13375e-17
0 2.1337e-17
0 2.13364e-17
0 2.13359e-17
0 2.13353e-17
0 2.13348e-17
0 2.13343e-17
0 2.13337e-17
0 2.13332e-17
0 2.13326e-17
0 2.13321e-17
0 2.13316e-17
0 2.1331e-17
0 2.13305e-17
0 2.133e-17
0 2.13295e-17
0 2.13289e-17
0 2.13284e-17
0 2.13279e-17
0 2.13274e-17
0 2.13268e-17
0 2.13263e-17
0 2.13258e-17
0 2.13253e-17
0 2.13248e-17
0 2.13243e-17
0 2.13238e-17
0 2.13233e-17
0 2.13228e-17
0 2.13222e-17
0 2.13217e-17
0 2.13212e-17
0 2.13207e-17
0 2.13202e-17
0 2.13197e-17
0 2.13192e-17
0 2.13188e-17
0 2.13183e-17
0 2.13178e-17
0 2.13173e-17
0 2.13168e-17
0 2.13163e-17
0 2.13158e-17
0 2.13153e-17
0 2.13148e-17
0 2.13144e-17
0 2.13139e-17
0 2.13134e-17
0 2.13129e-17
0 2.13124e-17
0 2.1312e-17
0 2.13115e-17
0 2.1311e-17
0 2.13105e-17
0 2.13101e-17
0 2.13096e-17
0 2.13091e-17
0 2.13087e-17
0 2.13082e-17
0 2.13077e-17
0 2.13073e-17
0 2.13068e-17
0 2.13064e-17
0 2.13059e-17
0 2.13054e-17
0 2.1305e-17
0 2.13045e-17
0 2.13041e-17
0 2.13036e-17
0 2.13032e-17
0 2.13027e-17
0 2.13023e-17
0 2.13018e-17
0 2.13014e-17
0 2.13009e-17
0 2.13005e-17
0 2.13001e-17
0 2.12996e-17
0 2.12992e-17
0 2.12987e-17
0 2.12983e-17
0 2.12979e-17
0 2.12974e-17
0 2.1297e-17
0 2.12966e-17
0 2.12961e-17
0 2.12957e-17
0 2.12953e-17
0 2.12948e-17
0 2.12944e-17
0 2.1294e-17
0 2.12936e-17
0 2.12931e-17
0 2.12927e-17
0 2.12923e-17
0 2.12919e-17
0 2.12914e-17
0 2.1291e-17
0 2.12906e-17
0 2.12902e-17
0 2.12898e-17
0 2.12894e-17
0 2.1289e-17
0 2.12885e-17
0 2.12881e-17
0 2.12877e-17
0 2.12873e-17
0 2.12869e-17
0 2.12865e-17
0 2.12861e-17
0 2.12857e-17
0 2.12853e-17
0 2.12849e-17
0 2.12845e-17
0 2.12841e-17
0 2.12837e-17
0 2.12833e-17
0 2.12829e-17
0 2.12825e-17
0 2.12821e-17
0 2.12817e-17
0 2.12813e-17
0 2.12809e-17
0 2.12805e-17
0 2.12801e-17
0 2.12797e-17
0 2.12794e-17
0 2.1279e-17
0 2.12786e-17
0 2.12782e-17
0 2.12778e-17
0 2.12774e-17
0 2.1277e-17
0 2.12767e-17
0 2.12763e-17
0 2.12759e-17
0 2.12755e-17
0 2.12752e-17
0 2.12748e-17
0 2.12744e-17
0 2.1274e-17
0 2.12737e-17
0 2.12733e-17
0 2.12729e-17
0 2.12725e-17
0 2.12722e-17
0 2.12718e-17
0 2.12714e-17
0 2.12711e-17
0 2.12707e-17
0 2.12703e-17
0 2.127e-17
0 2.12696e-17
0 2.12692e-17
0 2.12689e-17
0 2.12685e-17
0 2.12682e-17
0 2.12678e-17
0 2.12674e-17
0 2.12671e-17
0 2.12667e-17
0 2.12664e-17
0 2.1266e-17
0 2.12657e-17
0 2.12653e-17
0 2.1265e-17
0 2.12646e-17
0 2.12643e-17
0 2.12639e-17
0 2.12636e-17
0 2.12632e-17
0 2.12629e-17
0 2.12625e-17
0 2.12622e-17
0 2.12618e-17
0 2.12615e-17
0 2.12611e-17
0 2.12608e-17
0 2.12605e-17
0 2.12601e-17
0 2.12598e-17
0 2.12594e-17
0 2.12591e-17
0 2.12588e-17
0 2.12584e-17
0 2.12581e-17
0 2.12578e-17
0 2.12574e-17
0 2.12571e-17
0 2.12568e-17
0 2.12564e-17
0 2.12561e-17
0 2.12558e-17
0 2.12554e-17
0 2.12551e-17
0 2.12548e-17
0 2.12544e-17
0 2.12541e-17
0 2.12538e-17
0 2.12535e-17
0 2.12531e-17
0 2.12528e-17
0 2.12525e-17
0 2.12522e-17
0 2.12519e-17
0 2.12515e-17
0 2.12512e-17
0 2.12509e-17
0 2.12506e-17
0 2.12503e-17
0 2.12499e-17
0 2.12496e-17
0 2.12493e-17
0 2.1249e-17
0 2.12487e-17
0 2.12484e-17
0 2.12481e-17
0 2.12478e-17
0 2.12474e-17
0 2.12471e-17
0 2.12468e-17
0 2.12465e-17
0 2.12462e-17
0 2.12459e-17
0 2.12456e-17
0 2.12453e-17
0 2.1245e-17
0 2.12447e-17
0 2.12444e-17
0 2.12441e-17
0 2.12438e-17
0 2.12435e-17
0 2.12432e-17
0 2.12429e-17
0 2.12426e-17
0 2.12423e-17
0 2.1242e-17
0 2.12417e-17
0 2.12414e-17
0 2.12411e-17
0 2.12408e-17
0 2.12405e-17
0 2.12402e-17
0 2.12399e-17
0 2.12396e-17
0 2.12393e-17
0 2.1239e-17
0 2.12387e-17
0 2.12384e-17
0 2.12381e-17
0 2.12379e-17
0 2.12376e-17
0 2.12373e-17
0 2.1237e-17
0 2.12367e-17
0 2.12364e-17
0 2.12361e-17
0 2.12358e-17
0 2.12356e-17
0 2.12353e-17
0 2.1235e-17
0 2.12347e-17
0 2.12344e-17
0 2.12341e-17
0 2.12339e-17
0 2.12336e-17
0 2.12333e-17
0 2.1233e-17
0 2.12327e-17
0 2.12325e-17
0 2.12322e-17
0 2.12319e-17
0 2.12316e-17
0 2.12314e-17
0 2.12311e-17
0 2.12308e-17
0 2.12305e-17
0 2.12303e-17
0 2.123e-17
0 2.12297e-17
0 2.12295e-17
0 2.12292e-17
0 2.12289e-17
0 2.12286e-17
0 2.12284e-17
0 2.12281e-17
0 2.12278e-17
0 2.12276e-17
0 2.12273e-17
0 2.1227e-17
0 2.12268e-17
0 2.12265e-17
0 2.12262e-17
0 2.1226e-17
0 2.12257e-17
0 2.12255e-17
0 2.12252e-17
0 2.12249e-17
0 2.12247e-17
0 2.12244e-17
0 2.12242e-17
0 2.12239e-17
0 2.12236e-17
0 2.12234e-17
0 2.12231e-17
0 2.12229e-17
0 2.12226e-17
0 2.12223e-17
0 2.12221e-17
0 2.12218e-17
0 2.12216e-17
0 2.12213e-17
0 2.12211e-17
0 2.12208e-17
0 2.12206e-17
0 2.12203e-17
0 2.12201e-17
0 2.12198e-17
0 2.12196e-17
0 2.12193e-17
0 2.12191e-17
0 2.12188e-17
0 2.12186e-17
0 2.12183e-17
0 2.12181e-17
0 2.12178e-17
0 2.12176e-17
0 2.12173e-17

