0 0.00910762
0 0.00909148
0 0.00904802
0 0.00897786
0 0.00888169
0 0.00876042
0 0.00861523
0 0.00844745
0 0.00825865
0 0.00805051
0 0.00782488
0 0.00758369
0 0.00732896
0 0.00706274
0 0.0067871
0 0.0065041
0 0.00621576
0 0.00592404
0 0.00563083
0 0.00533789
0 0.00504691
0 0.00475941
0 0.00447679
0 0.00420032
0 0.0039311
0 0.0036701
0 0.00341814
0 0.00317588
0 0.00294385
0 0.00272248
0 0.00251201
0 0.00231263
0 0.00212439
0 0.00194724
0 0.00178107
0 0.00162568
0 0.00148079
0 0.0013461
0 0.00122124
0 0.00110581
0 0.000999383
0 0.000901512
0 0.000811738
0 0.000729593
0 0.00065461
0 0.000586323
0 0.000524276
0 0.000468024
0 0.000417135
0 0.000371196
0 0.000329809
0 0.000292597
0 0.000259206
0 0.000229298
0 0.000202559
0 0.000178698
0 0.00015744
0 0.000138535
0 0.000121749
0 0.000106868
0 9.3698e-05
0 8.20585e-05
0 7.1787e-05
0 6.27355e-05
0 5.47701e-05
0 4.77697e-05
0 4.16254e-05
0 3.6239e-05
0 3.15227e-05
0 2.73979e-05
0 2.37944e-05
0 2.06497e-05
0 1.79081e-05
0 1.55202e-05
0 1.34425e-05
0 1.16361e-05
0 1.0067e-05
0 8.70508e-06
0 7.5239e-06
0 6.5002e-06
0 5.61359e-06
0 4.84618e-06
0 4.18235e-06
0 3.60842e-06
0 3.11248e-06
0 2.68413e-06
0 2.31432e-06
0 1.99516e-06
0 1.71983e-06
0 1.48237e-06
0 1.27763e-06
0 1.10115e-06
0 9.49059e-07
0 8.18007e-07
0 7.051e-07
0 6.07836e-07
0 5.24053e-07
0 4.51885e-07
0 3.89724e-07
0 3.3618e-07
0 2.90056e-07
0 2.50322e-07
0 2.16088e-07
0 1.86589e-07
0 1.61166e-07
0 1.39253e-07
0 1.2036e-07
0 1.04068e-07
0 9.00154e-08
0 7.78908e-08
0 6.74269e-08
0 5.83933e-08
0 5.05921e-08
0 4.38527e-08
0 3.80286e-08
0 3.2993e-08
0 2.86369e-08
0 2.48668e-08
0 2.16022e-08
0 1.8774e-08
0 1.63227e-08
0 1.41971e-08
0 1.23532e-08
0 1.07528e-08
0 9.36326e-09
0 8.15628e-09
0 7.10743e-09
0 6.19564e-09
0 5.40268e-09
0 4.71279e-09
0 4.11237e-09
0 3.5896e-09
0 3.13428e-09
0 2.73758e-09
0 2.39182e-09
0 2.09035e-09
0 1.82743e-09
0 1.59803e-09
0 1.39784e-09
0 1.22306e-09
0 1.07043e-09
0 9.37098e-10
0 8.20593e-10
0 7.18759e-10
0 6.29724e-10
0 5.51857e-10
0 4.83738e-10
0 4.24131e-10
0 3.71958e-10
0 3.26279e-10
0 2.86276e-10
0 2.51235e-10
0 2.20533e-10
0 1.93625e-10
0 1.70038e-10
0 1.49355e-10
0 1.31217e-10
0 1.15304e-10
0 1.01343e-10
0 8.90895e-11
0 7.83334e-11
0 6.88893e-11
0 6.05956e-11
0 5.33105e-11
0 4.691e-11
0 4.12856e-11
0 3.63422e-11
0 3.19965e-11
0 2.81754e-11
0 2.4815e-11
0 2.18592e-11
0 1.92588e-11
0 1.69706e-11
0 1.49567e-11
0 1.3184e-11
0 1.16234e-11
0 1.02491e-11
0 9.03878e-12
0 7.97265e-12
0 7.03338e-12
0 6.20575e-12
0 5.47635e-12
0 4.83343e-12
0 4.26665e-12
0 3.76691e-12
0 3.32621e-12
0 2.93752e-12
0 2.59465e-12
0 2.29214e-12
0 2.02522e-12
0 1.78966e-12
0 1.58174e-12
0 1.39819e-12
0 1.23614e-12
0 1.09305e-12
0 9.66675e-13
0 8.55055e-13
0 7.56452e-13
0 6.69336e-13
0 5.92359e-13
0 5.24331e-13
0 4.64204e-13
0 4.11053e-13
0 3.64063e-13
0 3.22515e-13
0 2.85773e-13
0 2.53278e-13
0 2.24534e-13
0 1.99106e-13
0 1.76608e-13
0 1.56701e-13
0 1.39082e-13
0 1.23489e-13
0 1.09685e-13
0 9.74646e-14
0 8.66444e-14
0 7.70628e-14
0 6.85772e-14
0 6.10613e-14
0 5.44035e-14
0 4.85054e-14
0 4.32797e-14
0 3.86494e-14
0 3.45464e-14
0 3.09104e-14
0 2.76882e-14
0 2.48327e-14
0 2.23023e-14
0 2.00601e-14
0 1.80735e-14
0 1.63139e-14
0 1.47557e-14
0 1.33766e-14
0 1.21566e-14
0 1.10783e-14
0 1.01261e-14
0 9.28655e-15
0 8.54755e-15
0 7.89859e-15
0 7.3304e-15
0 6.83489e-15
0 6.405e-15
0 6.03457e-15
0 5.7183e-15
0 5.4516e-15
0 5.23061e-15
0 5.05204e-15
0 4.91321e-15
0 4.81192e-15
0 4.74649e-15
0 4.71568e-15
0 2.28037e-19
0 2.27888e-19
0 2.27739e-19
0 2.27592e-19
0 2.27447e-19
0 2.27303e-19
0 2.2716e-19
0 2.27019e-19
0 2.26879e-19
0 2.2674e-19
0 2.26603e-19
0 2.26467e-19
0 2.26332e-19
0 2.26199e-19
0 2.26066e-19
0 2.25935e-19
0 2.25806e-19
0 2.25677e-19
0 2.25549e-19
0 2.25423e-19
0 2.25298e-19
0 2.25174e-19
0 2.25051e-19
0 2.24929e-19
0 2.24808e-19
0 2.24688e-19
0 2.24569e-19
0 2.24452e-19
0 2.24335e-19
0 2.24219e-19
0 2.24105e-19
0 2.23991e-19
0 2.23878e-19
0 2.23766e-19
0 2.23656e-19
0 2.23546e-19
0 2.23437e-19
0 2.23329e-19
0 2.23221e-19
0 2.23115e-19
0 2.2301e-19
0 2.22905e-19
0 2.22802e-19
0 2.22699e-19
0 2.22597e-19
0 2.22496e-19
0 2.22395e-19
0 2.22296e-19
0 2.22197e-19
0 2.22099e-19
0 2.22002e-19
0 2.21905e-19
0 2.2181e-19
0 2.21715e-19
0 2.2162e-19
0 2.21527e-19
0 2.21434e-19
0 2.21342e-19
0 2.21251e-19
0 2.2116e-19
0 2.2107e-19
0 2.20981e-19
0 2.20893e-19
0 2.20805e-19
0 2.20717e-19
0 2.20631e-19
0 2.20545e-19
0 2.2046e-19
0 2.20375e-19
0 2.20291e-19
0 2.20207e-19
0 2.20125e-19
0 2.20042e-19
0 2.19961e-19
0 2.1988e-19
0 2.19799e-19
0 2.19719e-19
0 2.1964e-19
0 2.19561e-19
0 2.19483e-19
0 2.19406e-19
0 2.19328e-19
0 2.19252e-19
0 2.19176e-19
0 2.191e-19
0 2.19026e-19
0 2.18951e-19
0 2.18877e-19
0 2.18804e-19
0 2.18731e-19
0 2.18658e-19
0 2.18587e-19
0 2.18515e-19
0 2.18444e-19
0 2.18374e-19
0 2.18304e-19
0 2.18234e-19
0 2.18165e-19
0 2.18097e-19
0 2.18029e-19
0 2.17961e-19
0 2.17894e-19
0 2.17827e-19
0 2.1776e-19
0 2.17694e-19
0 2.17629e-19
0 2.17564e-19
0 2.17499e-19
0 2.17435e-19
0 2.17371e-19
0 2.17308e-19
0 2.17245e-19
0 2.17182e-19
0 2.1712e-19
0 2.17058e-19
0 2.16997e-19
0 2.16936e-19
0 2.16875e-19
0 2.16815e-19
0 2.16755e-19
0 2.16695e-19
0 2.16636e-19
0 2.16577e-19
0 2.16519e-19
0 2.16461e-19
0 2.16403e-19
0 2.16346e-19
0 2.16289e-19
0 2.16232e-19
0 2.16176e-19
0 2.1612e-19
0 2.16064e-19
0 2.16008e-19
0 2.15953e-19
0 2.15899e-19
0 2.15844e-19
0 2.1579e-19
0 2.15737e-19
0 2.15683e-19
0 2.1563e-19
0 2.15577e-19
0 2.15525e-19
0 2.15473e-19
0 2.15421e-19
0 2.15369e-19
0 2.15318e-19
0 2.15267e-19
0 2.15216e-19
0 2.15166e-19
0 2.15116e-19
0 2.15066e-19
0 2.15017e-19
0 2.14967e-19
0 2.14918e-19
0 2.1487e-19
0 2.14821e-19
0 2.14773e-19
0 2.14725e-19
0 2.14677e-19
0 2.1463e-19
0 2.14583e-19
0 2.14536e-19
0 2.14489e-19
0 2.14443e-19
0 2.14397e-19
0 2.14351e-19
0 2.14306e-19
0 2.1426e-19
0 2.14215e-19
0 2.1417e-19
0 2.14126e-19
0 2.14081e-19
0 2.14037e-19
0 2.13993e-19
0 2.1395e-19
0 2.13906e-19
0 2.13863e-19
0 2.1382e-19
0 2.13777e-19
0 2.13735e-19
0 2.13692e-19
0 2.1365e-19
0 2.13608e-19
0 2.13567e-19
0 2.13525e-19
0 2.13484e-19
0 2.13443e-19
0 2.13402e-19
0 2.13362e-19
0 2.13321e-19
0 2.13281e-19
0 2.13241e-19
0 2.13201e-19
0 2.13162e-19
0 2.13122e-19
0 2.13083e-19
0 2.13044e-19
0 2.13006e-19
0 2.12967e-19
0 2.12929e-19
0 2.1289e-19
0 2.12852e-19
0 2.12815e-19
0 2.12777e-19
0 2.12739e-19
0 2.12702e-19
0 2.12665e-19
0 2.12628e-19
0 2.12591e-19
0 2.12555e-19
0 2.12518e-19
0 2.12482e-19
0 2.12446e-19
0 2.1241e-19
0 2.12375e-19
0 2.12339e-19
0 2.12304e-19
0 2.12269e-19
0 2.12234e-19
0 2.12199e-19
0 2.12164e-19
0 2.1213e-19
0 2.12095e-19
0 2.12061e-19
0 2.12027e-19
0 2.11993e-19
0 2.1196e-19
0 2.11926e-19
0 2.11893e-19
0 2.11859e-19
0 2.11826e-19
0 2.11793e-19
0 2.11761e-19
0 2.11728e-19
0 2.11696e-19
0 2.11663e-19
0 2.11631e-19
0 2.11599e-19
0 2.11567e-19
0 2.11535e-19
0 2.11504e-19
0 2.11472e-19
0 2.11441e-19
0 2.1141e-19
0 2.11379e-19
0 2.11348e-19
0 2.11317e-19
0 2.11286e-19
0 2.11256e-19
0 2.11226e-19
0 2.11195e-19
0 2.11165e-19
0 2.11135e-19
0 2.11106e-19
0 2.11076e-19
0 2.11046e-19
0 2.11017e-19
0 2.10988e-19
0 2.10958e-19
0 2.10929e-19
0 2.109e-19
0 2.10872e-19
0 2.10843e-19
0 2.10814e-19
0 2.10786e-19
0 2.10758e-19
0 2.10729e-19
0 2.10701e-19
0 2.10673e-19
0 2.10646e-19
0 2.10618e-19
0 2.1059e-19
0 2.10563e-19
0 2.10535e-19
0 2.10508e-19
0 2.10481e-19
0 2.10454e-19
0 2.10427e-19
0 2.104e-19
0 2.10374e-19
0 2.10347e-19
0 2.10321e-19
0 2.10294e-19
0 2.10268e-19
0 2.10242e-19
0 2.10216e-19
0 2.1019e-19
0 2.10164e-19
0 2.10138e-19
0 2.10113e-19
0 2.10087e-19
0 2.10062e-19
0 2.10036e-19
0 2.10011e-19
0 2.09986e-19
0 2.09961e-19
0 2.09936e-19
0 2.09911e-19
0 2.09887e-19
0 2.09862e-19
0 2.09838e-19
0 2.09813e-19
0 2.09789e-19
0 2.09765e-19
0 2.09741e-19
0 2.09717e-19
0 2.09693e-19
0 2.09669e-19
0 2.09645e-19
0 2.09621e-19
0 2.09598e-19
0 2.09574e-19
0 2.09551e-19
0 2.09528e-19
0 2.09505e-19
0 2.09482e-19
0 2.09459e-19
0 2.09436e-19
0 2.09413e-19
0 2.0939e-19
0 2.09367e-19
0 2.09345e-19
0 2.09322e-19
0 2.093e-19
0 2.09278e-19
0 2.09255e-19
0 2.09233e-19
0 2.09211e-19
0 2.09189e-19
0 2.09167e-19
0 2.09145e-19
0 2.09124e-19
0 2.09102e-19
0 2.0908e-19
0 2.09059e-19
0 2.09038e-19
0 2.09016e-19
0 2.08995e-19
0 2.08974e-19
0 2.08953e-19
0 2.08932e-19
0 2.08911e-19
0 2.0889e-19
0 2.08869e-19
0 2.08848e-19
0 2.08828e-19
0 2.08807e-19
0 2.08787e-19
0 2.08766e-19
0 2.08746e-19
0 2.08726e-19
0 2.08706e-19
0 2.08685e-19
0 2.08665e-19
0 2.08645e-19
0 2.08625e-19
0 2.08606e-19
0 2.08586e-19
0 2.08566e-19
0 2.08547e-19
0 2.08527e-19
0 2.08508e-19
0 2.08488e-19
0 2.08469e-19
0 2.0845e-19
0 2.0843e-19
0 2.08411e-19
0 2.08392e-19
0 2.08373e-19
0 2.08354e-19
0 2.08335e-19
0 2.08316e-19
0 2.08298e-19
0 2.08279e-19
0 2.0826e-19
0 2.08242e-19
0 2.08223e-19
0 2.08205e-19
0 2.08187e-19
0 2.08168e-19
0 2.0815e-19
0 2.08132e-19
0 2.08114e-19
0 2.08096e-19
0 2.08078e-19
0 2.0806e-19
0 2.08042e-19
0 2.08024e-19
0 2.08007e-19
0 2.07989e-19
0 2.07971e-19
0 2.07954e-19
0 2.07936e-19
0 2.07919e-19
0 2.07901e-19
0 2.07884e-19
0 2.07867e-19
0 2.0785e-19
0 2.07832e-19
0 2.07815e-19
0 2.07798e-19
0 2.07781e-19
0 2.07764e-19
0 2.07747e-19
0 2.07731e-19
0 2.07714e-19
0 2.07697e-19
0 2.07681e-19
0 2.07664e-19
0 2.07647e-19
0 2.07631e-19
0 2.07614e-19
0 2.07598e-19
0 2.07582e-19
0 2.07566e-19
0 2.07549e-19
0 2.07533e-19
0 2.07517e-19
0 2.07501e-19
0 2.07485e-19
0 2.07469e-19
0 2.07453e-19
0 2.07437e-19
0 2.07421e-19
0 2.07406e-19
0 2.0739e-19
0 2.07374e-19
0 2.07359e-19
0 2.07343e-19
0 2.07328e-19
0 2.07312e-19
0 2.07297e-19
0 2.07281e-19
0 2.07266e-19
0 2.07251e-19
0 2.07236e-19
0 2.0722e-19
0 2.07205e-19
0 2.0719e-19
0 2.07175e-19
0 2.0716e-19
0 2.07145e-19
0 2.0713e-19
0 2.07116e-19
0 2.07101e-19
0 2.07086e-19
0 2.07071e-19
0 2.07057e-19
0 2.07042e-19
0 2.07027e-19
0 2.07013e-19
0 2.06998e-19
0 2.06984e-19
0 2.0697e-19
0 2.06955e-19
0 2.06941e-19
0 2.06927e-19
0 2.06912e-19
0 2.06898e-19
0 2.06884e-19
0 2.0687e-19
0 2.06856e-19
0 2.06842e-19
0 2.06828e-19
0 2.06814e-19
0 2.068e-19
0 2.06786e-19
0 2.06773e-19
0 2.06759e-19
0 2.06745e-19
0 2.06731e-19
0 2.06718e-19
0 2.06704e-19
0 2.06691e-19
0 2.06677e-19
0 2.06664e-19
0 2.0665e-19
0 2.06637e-19
0 2.06624e-19
0 2.0661e-19
0 2.06597e-19
0 2.06584e-19
0 2.0657e-19
0 2.06557e-19
0 2.06544e-19
0 2.06531e-19
0 2.06518e-19
0 2.06505e-19
0 2.06492e-19
0 2.06479e-19
0 2.06466e-19
0 2.06453e-19
0 2.06441e-19
0 2.06428e-19
0 2.06415e-19
0 2.06402e-19
0 2.0639e-19
0 2.06377e-19
0 2.06364e-19
0 2.06352e-19
0 2.06339e-19
0 2.06327e-19
0 2.06314e-19
0 2.06302e-19
0 2.0629e-19
0 2.06277e-19
0 2.06265e-19
0 2.06253e-19
0 2.0624e-19
0 2.06228e-19
0 2.06216e-19
0 2.06204e-19
0 2.06192e-19
0 2.0618e-19
0 2.06168e-19
0 2.06156e-19
0 2.06144e-19
0 2.06132e-19
0 2.0612e-19
0 2.06108e-19
0 2.06096e-19
0 2.06084e-19
0 2.06072e-19
0 2.06061e-19
0 2.06049e-19
0 2.06037e-19
0 2.06026e-19
0 2.06014e-19
0 2.06002e-19
0 2.05991e-19
0 2.05979e-19
0 2.05968e-19
0 2.05956e-19
0 2.05945e-19
0 2.05934e-19
0 2.05922e-19
0 2.05911e-19
0 2.059e-19
0 2.05888e-19
0 2.05877e-19
0 2.05866e-19
0 2.05855e-19
0 2.05843e-19
0 2.05832e-19
0 2.05821e-19
0 2.0581e-19
0 2.05799e-19
0 2.05788e-19
0 2.05777e-19
0 2.05766e-19
0 2.05755e-19
0 2.05744e-19
0 2.05734e-19
0 2.05723e-19
0 2.05712e-19
0 2.05701e-19
0 2.0569e-19
0 2.0568e-19
0 2.05669e-19
0 2.05658e-19
0 2.05648e-19
0 2.05637e-19
0 2.05626e-19
0 2.05616e-19
0 2.05605e-19
0 2.05595e-19
0 2.05584e-19
0 2.05574e-19
0 2.05564e-19
0 2.05553e-19
0 2.05543e-19
0 2.05533e-19
0 2.05522e-19
0 2.05512e-19
0 2.05502e-19
0 2.05491e-19
0 2.05481e-19
0 2.05471e-19
0 2.05461e-19
0 2.05451e-19
0 2.05441e-19
0 2.05431e-19
0 2.05421e-19
0 2.05411e-19
0 2.05401e-19
0 2.05391e-19
0 2.05381e-19
0 2.05371e-19
0 2.05361e-19
0 2.05351e-19
0 2.05341e-19
0 2.05331e-19
0 2.05322e-19
0 2.05312e-19
0 2.05302e-19
0 2.05292e-19
0 2.05283e-19
0 2.05273e-19
0 2.05263e-19
0 2.05254e-19
0 2.05244e-19
0 2.05234e-19
0 2.05225e-19
0 2.05215e-19
0 2.05206e-19
0 2.05196e-19
0 2.05187e-19
0 2.05177e-19
0 2.05168e-19
0 2.05159e-19
0 2.05149e-19
0 2.0514e-19
0 2.05131e-19
0 2.05121e-19
0 2.05112e-19
0 2.05103e-19
0 2.05094e-19
0 2.05084e-19
0 2.05075e-19
0 2.05066e-19
0 2.05057e-19
0 2.05048e-19
0 2.05039e-19
0 2.0503e-19
0 2.05021e-19
0 2.05012e-19
0 2.05003e-19
0 2.04994e-19
0 2.04985e-19
0 2.04976e-19
0 2.04967e-19
0 2.04958e-19
0 2.04949e-19
0 2.0494e-19
0 2.04931e-19
0 2.04922e-19
0 2.04914e-19
0 2.04905e-19
0 2.04896e-19
0 2.04887e-19
0 2.04879e-19
0 2.0487e-19
0 2.04861e-19
0 2.04853e-19
0 2.04844e-19
0 2.04835e-19
0 2.04827e-19
0 2.04818e-19
0 2.0481e-19
0 2.04801e-19
0 2.04793e-19
0 2.04784e-19
0 2.04776e-19
0 2.04767e-19
0 2.04759e-19
0 2.0475e-19
0 2.04742e-19
0 2.04734e-19
0 2.04725e-19
0 2.04717e-19
0 2.04709e-19
0 2.047e-19
0 2.04692e-19
0 2.04684e-19
0 2.04676e-19
0 2.04667e-19
0 2.04659e-19
0 2.04651e-19
0 2.04643e-19
0 2.04635e-19
0 2.04627e-19
0 2.04619e-19
0 2.0461e-19
0 2.04602e-19
0 2.04594e-19
0 2.04586e-19
0 2.04578e-19
0 2.0457e-19
0 2.04562e-19
0 2.04554e-19
0 2.04546e-19
0 2.04539e-19
0 2.04531e-19
0 2.04523e-19
0 2.04515e-19
0 2.04507e-19
0 2.04499e-19
0 2.04491e-19
0 2.04484e-19
0 2.04476e-19
0 2.04468e-19
0 2.0446e-19
0 2.04453e-19
0 2.04445e-19
0 2.04437e-19
0 2.0443e-19
0 2.04422e-19
0 2.04414e-19
0 2.04407e-19
0 2.04399e-19
0 2.04391e-19
0 2.04384e-19
0 2.04376e-19
0 2.04369e-19
0 2.04361e-19
0 2.04354e-19
0 2.04346e-19
0 2.04339e-19
0 2.04331e-19
0 2.04324e-19
0 2.04316e-19
0 2.04309e-19
0 2.04302e-19
0 2.04294e-19
0 2.04287e-19
0 2.0428e-19
0 2.04272e-19
0 2.04265e-19
0 2.04258e-19
0 2.0425e-19
0 2.04243e-19
0 2.04236e-19
0 2.04229e-19
0 2.04221e-19
0 2.04214e-19
0 2.04207e-19
0 2.042e-19
0 2.04193e-19
0 2.04186e-19
0 2.04178e-19
0 2.04171e-19
0 2.04164e-19
0 2.04157e-19
0 2.0415e-19
0 2.04143e-19
0 2.04136e-19
0 2.04129e-19
0 2.04122e-19
0 2.04115e-19
0 2.04108e-19
0 2.04101e-19
0 2.04094e-19
0 2.04087e-19
0 2.0408e-19
0 2.04073e-19
0 2.04066e-19
0 2.0406e-19
0 2.04053e-19
0 2.04046e-19

