0 2.17326
0 2.11669
0 1.97445
0 1.77026
0 1.53333
0 1.29087
0 1.06303
0 0.86157
0 0.691007
0 0.550948
0 0.438267
0 0.348754
0 0.278118
0 0.222496
0 0.178639
0 0.143943
0 0.116365
0 0.0943275
0 0.0766191
0 0.0623093
0 0.0506782
0 0.041164
0 0.033341
0 0.0269213
0 0.0217047
0 0.017506
0 0.0141445
0 0.0114577
0 0.00930905
0 0.00758758
0 0.00620481
0 0.00509075
0 0.00419029
0 0.00346003
0 0.00286579
0 0.00238063
0 0.0019832
0 0.0016566
0 0.00138737
0 0.00116476
0 0.000980176
0 0.00082669
0 0.000698726
0 0.000591769
0 0.000502152
0 0.000426891
0 0.000363546
0 0.000310116
0 0.00026496
0 0.000226722
0 0.000194282
0 0.000166713
0 0.000143244
0 0.000123234
0 0.000106146
0 9.15315e-05
0 7.90157e-05
0 6.82824e-05
0 5.90659e-05
0 5.1142e-05
0 4.43213e-05
0 3.84436e-05
0 3.3373e-05
0 2.8994e-05
0 2.52085e-05
0 2.19329e-05
0 1.90959e-05
0 1.66365e-05
0 1.45027e-05
0 1.26498e-05
0 1.10396e-05
0 9.6392e-06
0 8.42039e-06
0 7.35886e-06
0 6.43369e-06
0 5.62685e-06
0 4.92277e-06
0 4.30798e-06
0 3.77086e-06
0 3.30133e-06
0 2.89069e-06
0 2.53136e-06
0 2.21678e-06
0 1.94126e-06
0 1.69985e-06
0 1.48825e-06
0 1.3027e-06
0 1.13994e-06
0 9.97135e-07
0 8.71802e-07
0 7.61779e-07
0 6.65178e-07
0 5.80349e-07
0 5.05851e-07
0 4.40424e-07
0 3.82966e-07
0 3.32512e-07
0 2.88217e-07
0 2.49341e-07
0 2.15237e-07
0 1.85335e-07
0 1.59137e-07
0 1.36208e-07
0 1.16163e-07
0 9.86682e-08
0 8.34279e-08
0 7.01843e-08
0 5.87113e-08
0 4.88108e-08
0 4.03096e-08
0 3.30562e-08
0 2.69185e-08
0 2.17813e-08
0 1.75447e-08
0 1.41221e-08
0 1.14389e-08
0 9.43122e-09
0 8.04467e-09
0 7.23354e-09
0 1.54288e-17
0 1.54142e-17
0 1.53999e-17
0 1.53858e-17
0 1.5372e-17
0 1.53585e-17
0 1.53452e-17
0 1.53321e-17
0 1.53192e-17
0 1.53066e-17
0 1.52942e-17
0 1.5282e-17
0 1.527e-17
0 1.52583e-17
0 1.52467e-17
0 1.52353e-17
0 1.52241e-17
0 1.52131e-17
0 1.52022e-17
0 1.51916e-17
0 1.51811e-17
0 1.51707e-17
0 1.51606e-17
0 1.51506e-17
0 1.51407e-17
0 1.5131e-17
0 1.51215e-17
0 1.5112e-17
0 1.51028e-17
0 1.50936e-17
0 1.50846e-17
0 1.50758e-17
0 1.5067e-17
0 1.50584e-17
0 1.50499e-17
0 1.50416e-17
0 1.50333e-17
0 1.50252e-17
0 1.50172e-17
0 1.50093e-17
0 1.50015e-17
0 1.49938e-17
0 1.49862e-17
0 1.49787e-17
0 1.49713e-17
0 1.4964e-17
0 1.49568e-17
0 1.49497e-17
0 1.49427e-17
0 1.49358e-17
0 1.4929e-17
0 1.49222e-17
0 1.49156e-17
0 1.4909e-17
0 1.49025e-17
0 1.48961e-17
0 1.48898e-17
0 1.48836e-17
0 1.48774e-17
0 1.48713e-17
0 1.48653e-17
0 1.48593e-17
0 1.48534e-17
0 1.48476e-17
0 1.48419e-17
0 1.48362e-17
0 1.48306e-17
0 1.48251e-17
0 1.48196e-17
0 1.48142e-17
0 1.48088e-17
0 1.48035e-17
0 1.47983e-17
0 1.47931e-17
0 1.4788e-17
0 1.47829e-17
0 1.47779e-17
0 1.4773e-17
0 1.47681e-17
0 1.47632e-17
0 1.47585e-17
0 1.47537e-17
0 1.4749e-17
0 1.47444e-17
0 1.47398e-17
0 1.47353e-17
0 1.47308e-17
0 1.47263e-17
0 1.47219e-17
0 1.47176e-17
0 1.47132e-17
0 1.4709e-17
0 1.47047e-17
0 1.47006e-17
0 1.46964e-17
0 1.46923e-17
0 1.46883e-17
0 1.46843e-17
0 1.46803e-17
0 1.46763e-17
0 1.46724e-17
0 1.46686e-17
0 1.46647e-17
0 1.4661e-17
0 1.46572e-17
0 1.46535e-17
0 1.46498e-17
0 1.46462e-17
0 1.46425e-17
0 1.4639e-17
0 1.46354e-17
0 1.46319e-17
0 1.46284e-17
0 1.4625e-17
0 1.46215e-17
0 1.46182e-17
0 1.46148e-17
0 1.46115e-17
0 1.46082e-17
0 1.46049e-17
0 1.46017e-17
0 1.45985e-17
0 1.45953e-17
0 1.45921e-17
0 1.4589e-17
0 1.45859e-17
0 1.45828e-17
0 1.45798e-17
0 1.45768e-17
0 1.45738e-17
0 1.45708e-17
0 1.45679e-17
0 1.45649e-17
0 1.4562e-17
0 1.45592e-17
0 1.45563e-17
0 1.45535e-17
0 1.45507e-17
0 1.45479e-17
0 1.45452e-17
0 1.45424e-17
0 1.45397e-17
0 1.4537e-17
0 1.45344e-17
0 1.45317e-17
0 1.45291e-17
0 1.45265e-17
0 1.45239e-17
0 1.45214e-17
0 1.45188e-17
0 1.45163e-17
0 1.45138e-17
0 1.45113e-17
0 1.45089e-17
0 1.45064e-17
0 1.4504e-17
0 1.45016e-17
0 1.44992e-17
0 1.44968e-17
0 1.44945e-17
0 1.44921e-17
0 1.44898e-17
0 1.44875e-17
0 1.44852e-17
0 1.4483e-17
0 1.44807e-17
0 1.44785e-17
0 1.44763e-17
0 1.44741e-17
0 1.44719e-17
0 1.44697e-17
0 1.44676e-17
0 1.44654e-17
0 1.44633e-17
0 1.44612e-17
0 1.44591e-17
0 1.4457e-17
0 1.4455e-17
0 1.44529e-17
0 1.44509e-17
0 1.44489e-17
0 1.44469e-17
0 1.44449e-17
0 1.44429e-17
0 1.44409e-17
0 1.4439e-17
0 1.44371e-17
0 1.44351e-17
0 1.44332e-17
0 1.44313e-17
0 1.44294e-17
0 1.44276e-17
0 1.44257e-17
0 1.44239e-17
0 1.4422e-17
0 1.44202e-17
0 1.44184e-17
0 1.44166e-17
0 1.44148e-17
0 1.44131e-17
0 1.44113e-17
0 1.44095e-17
0 1.44078e-17
0 1.44061e-17
0 1.44044e-17
0 1.44026e-17
0 1.4401e-17
0 1.43993e-17
0 1.43976e-17
0 1.43959e-17
0 1.43943e-17
0 1.43926e-17
0 1.4391e-17
0 1.43894e-17
0 1.43878e-17
0 1.43862e-17
0 1.43846e-17
0 1.4383e-17
0 1.43814e-17
0 1.43799e-17
0 1.43783e-17
0 1.43768e-17
0 1.43752e-17
0 1.43737e-17
0 1.43722e-17
0 1.43707e-17
0 1.43692e-17
0 1.43677e-17
0 1.43662e-17
0 1.43648e-17
0 1.43633e-17
0 1.43619e-17
0 1.43604e-17
0 1.4359e-17
0 1.43575e-17
0 1.43561e-17
0 1.43547e-17
0 1.43533e-17
0 1.43519e-17
0 1.43505e-17
0 1.43492e-17
0 1.43478e-17
0 1.43464e-17
0 1.43451e-17
0 1.43437e-17
0 1.43424e-17
0 1.43411e-17
0 1.43397e-17
0 1.43384e-17
0 1.43371e-17
0 1.43358e-17
0 1.43345e-17
0 1.43332e-17
0 1.4332e-17
0 1.43307e-17
0 1.43294e-17
0 1.43282e-17
0 1.43269e-17
0 1.43257e-17
0 1.43244e-17
0 1.43232e-17
0 1.4322e-17
0 1.43208e-17
0 1.43196e-17
0 1.43183e-17
0 1.43171e-17
0 1.4316e-17
0 1.43148e-17
0 1.43136e-17
0 1.43124e-17
0 1.43113e-17
0 1.43101e-17
0 1.43089e-17
0 1.43078e-17
0 1.43067e-17
0 1.43055e-17
0 1.43044e-17
0 1.43033e-17
0 1.43022e-17
0 1.4301e-17
0 1.42999e-17
0 1.42988e-17
0 1.42977e-17
0 1.42966e-17
0 1.42956e-17
0 1.42945e-17
0 1.42934e-17
0 1.42923e-17
0 1.42913e-17
0 1.42902e-17
0 1.42892e-17
0 1.42881e-17
0 1.42871e-17
0 1.42861e-17
0 1.4285e-17
0 1.4284e-17
0 1.4283e-17
0 1.4282e-17
0 1.4281e-17
0 1.428e-17
0 1.4279e-17
0 1.4278e-17
0 1.4277e-17
0 1.4276e-17
0 1.4275e-17
0 1.4274e-17
0 1.42731e-17
0 1.42721e-17
0 1.42711e-17
0 1.42702e-17
0 1.42692e-17
0 1.42683e-17
0 1.42673e-17
0 1.42664e-17
0 1.42655e-17
0 1.42645e-17
0 1.42636e-17
0 1.42627e-17
0 1.42618e-17
0 1.42609e-17
0 1.426e-17
0 1.42591e-17
0 1.42582e-17
0 1.42573e-17
0 1.42564e-17
0 1.42555e-17
0 1.42546e-17
0 1.42537e-17
0 1.42528e-17
0 1.4252e-17
0 1.42511e-17
0 1.42502e-17
0 1.42494e-17
0 1.42485e-17
0 1.42477e-17
0 1.42468e-17
0 1.4246e-17
0 1.42452e-17
0 1.42443e-17
0 1.42435e-17
0 1.42427e-17
0 1.42418e-17
0 1.4241e-17
0 1.42402e-17
0 1.42394e-17
0 1.42386e-17
0 1.42378e-17
0 1.4237e-17
0 1.42362e-17
0 1.42354e-17
0 1.42346e-17
0 1.42338e-17
0 1.4233e-17
0 1.42322e-17
0 1.42315e-17
0 1.42307e-17
0 1.42299e-17
0 1.42291e-17
0 1.42284e-17
0 1.42276e-17
0 1.42269e-17
0 1.42261e-17
0 1.42253e-17
0 1.42246e-17
0 1.42239e-17
0 1.42231e-17
0 1.42224e-17
0 1.42216e-17
0 1.42209e-17
0 1.42202e-17
0 1.42194e-17
0 1.42187e-17
0 1.4218e-17
0 1.42173e-17
0 1.42166e-17
0 1.42159e-17
0 1.42152e-17
0 1.42144e-17
0 1.42137e-17
0 1.4213e-17
0 1.42123e-17
0 1.42117e-17
0 1.4211e-17
0 1.42103e-17
0 1.42096e-17
0 1.42089e-17
0 1.42082e-17
0 1.42075e-17
0 1.42069e-17
0 1.42062e-17
0 1.42055e-17
0 1.42049e-17
0 1.42042e-17
0 1.42035e-17
0 1.42029e-17
0 1.42022e-17
0 1.42016e-17
0 1.42009e-17
0 1.42003e-17
0 1.41996e-17
0 1.4199e-17
0 1.41983e-17
0 1.41977e-17
0 1.41971e-17
0 1.41964e-17
0 1.41958e-17
0 1.41952e-17
0 1.41946e-17
0 1.41939e-17
0 1.41933e-17
0 1.41927e-17
0 1.41921e-17
0 1.41915e-17
0 1.41909e-17
0 1.41903e-17
0 1.41896e-17
0 1.4189e-17
0 1.41884e-17
0 1.41878e-17
0 1.41872e-17
0 1.41866e-17
0 1.41861e-17
0 1.41855e-17
0 1.41849e-17
0 1.41843e-17
0 1.41837e-17
0 1.41831e-17
0 1.41825e-17
0 1.4182e-17
0 1.41814e-17
0 1.41808e-17
0 1.41803e-17
0 1.41797e-17
0 1.41791e-17
0 1.41786e-17
0 1.4178e-17
0 1.41774e-17
0 1.41769e-17
0 1.41763e-17
0 1.41758e-17
0 1.41752e-17
0 1.41747e-17
0 1.41741e-17
0 1.41736e-17
0 1.4173e-17
0 1.41725e-17
0 1.41719e-17
0 1.41714e-17
0 1.41709e-17
0 1.41703e-17
0 1.41698e-17
0 1.41693e-17
0 1.41687e-17
0 1.41682e-17
0 1.41677e-17
0 1.41672e-17
0 1.41666e-17
0 1.41661e-17
0 1.41656e-17
0 1.41651e-17
0 1.41646e-17
0 1.41641e-17
0 1.41636e-17
0 1.41631e-17
0 1.41625e-17
0 1.4162e-17
0 1.41615e-17
0 1.4161e-17
0 1.41605e-17
0 1.416e-17
0 1.41595e-17
0 1.41591e-17
0 1.41586e-17
0 1.41581e-17
0 1.41576e-17
0 1.41571e-17
0 1.41566e-17
0 1.41561e-17
0 1.41556e-17
0 1.41552e-17
0 1.41547e-17
0 1.41542e-17
0 1.41537e-17
0 1.41533e-17
0 1.41528e-17
0 1.41523e-17
0 1.41518e-17
0 1.41514e-17
0 1.41509e-17
0 1.41504e-17
0 1.415e-17
0 1.41495e-17
0 1.41491e-17
0 1.41486e-17
0 1.41481e-17
0 1.41477e-17
0 1.41472e-17
0 1.41468e-17
0 1.41463e-17
0 1.41459e-17
0 1.41454e-17
0 1.4145e-17
0 1.41445e-17
0 1.41441e-17
0 1.41437e-17
0 1.41432e-17
0 1.41428e-17
0 1.41423e-17
0 1.41419e-17
0 1.41415e-17
0 1.4141e-17
0 1.41406e-17
0 1.41402e-17
0 1.41397e-17
0 1.41393e-17
0 1.41389e-17
0 1.41385e-17
0 1.4138e-17
0 1.41376e-17
0 1.41372e-17
0 1.41368e-17
0 1.41364e-17
0 1.41359e-17
0 1.41355e-17
0 1.41351e-17
0 1.41347e-17
0 1.41343e-17
0 1.41339e-17
0 1.41335e-17
0 1.41331e-17
0 1.41327e-17
0 1.41323e-17
0 1.41318e-17
0 1.41314e-17
0 1.4131e-17
0 1.41306e-17
0 1.41302e-17
0 1.41298e-17
0 1.41295e-17
0 1.41291e-17
0 1.41287e-17
0 1.41283e-17
0 1.41279e-17
0 1.41275e-17
0 1.41271e-17
0 1.41267e-17
0 1.41263e-17
0 1.41259e-17
0 1.41256e-17
0 1.41252e-17
0 1.41248e-17
0 1.41244e-17
0 1.4124e-17
0 1.41236e-17
0 1.41233e-17
0 1.41229e-17
0 1.41225e-17
0 1.41221e-17
0 1.41218e-17
0 1.41214e-17
0 1.4121e-17
0 1.41207e-17
0 1.41203e-17
0 1.41199e-17
0 1.41196e-17
0 1.41192e-17
0 1.41188e-17
0 1.41185e-17
0 1.41181e-17
0 1.41177e-17
0 1.41174e-17
0 1.4117e-17
0 1.41167e-17
0 1.41163e-17
0 1.4116e-17
0 1.41156e-17
0 1.41152e-17
0 1.41149e-17
0 1.41145e-17
0 1.41142e-17
0 1.41138e-17
0 1.41135e-17
0 1.41131e-17
0 1.41128e-17
0 1.41125e-17
0 1.41121e-17
0 1.41118e-17
0 1.41114e-17
0 1.41111e-17
0 1.41107e-17
0 1.41104e-17
0 1.41101e-17
0 1.41097e-17
0 1.41094e-17
0 1.41091e-17
0 1.41087e-17
0 1.41084e-17
0 1.41081e-17
0 1.41077e-17
0 1.41074e-17
0 1.41071e-17
0 1.41067e-17
0 1.41064e-17
0 1.41061e-17
0 1.41058e-17
0 1.41054e-17
0 1.41051e-17
0 1.41048e-17
0 1.41045e-17
0 1.41041e-17
0 1.41038e-17
0 1.41035e-17
0 1.41032e-17
0 1.41029e-17
0 1.41025e-17
0 1.41022e-17
0 1.41019e-17
0 1.41016e-17
0 1.41013e-17
0 1.4101e-17
0 1.41007e-17
0 1.41003e-17
0 1.41e-17
0 1.40997e-17
0 1.40994e-17
0 1.40991e-17
0 1.40988e-17
0 1.40985e-17
0 1.40982e-17
0 1.40979e-17
0 1.40976e-17
0 1.40973e-17
0 1.4097e-17
0 1.40967e-17
0 1.40964e-17
0 1.40961e-17
0 1.40958e-17
0 1.40955e-17
0 1.40952e-17
0 1.40949e-17
0 1.40946e-17
0 1.40943e-17
0 1.4094e-17
0 1.40937e-17
0 1.40934e-17
0 1.40931e-17
0 1.40928e-17
0 1.40926e-17
0 1.40923e-17
0 1.4092e-17
0 1.40917e-17
0 1.40914e-17
0 1.40911e-17
0 1.40908e-17
0 1.40905e-17
0 1.40903e-17
0 1.409e-17
0 1.40897e-17
0 1.40894e-17
0 1.40891e-17
0 1.40889e-17
0 1.40886e-17
0 1.40883e-17
0 1.4088e-17
0 1.40877e-17
0 1.40875e-17
0 1.40872e-17
0 1.40869e-17
0 1.40866e-17
0 1.40864e-17
0 1.40861e-17
0 1.40858e-17
0 1.40855e-17
0 1.40853e-17
0 1.4085e-17
0 1.40847e-17
0 1.40845e-17
0 1.40842e-17
0 1.40839e-17
0 1.40837e-17
0 1.40834e-17
0 1.40831e-17
0 1.40829e-17
0 1.40826e-17
0 1.40823e-17
0 1.40821e-17
0 1.40818e-17
0 1.40816e-17
0 1.40813e-17
0 1.4081e-17
0 1.40808e-17
0 1.40805e-17
0 1.40803e-17
0 1.408e-17
0 1.40797e-17
0 1.40795e-17
0 1.40792e-17
0 1.4079e-17
0 1.40787e-17
0 1.40785e-17
0 1.40782e-17
0 1.4078e-17
0 1.40777e-17
0 1.40775e-17
0 1.40772e-17
0 1.4077e-17
0 1.40767e-17
0 1.40765e-17
0 1.40762e-17
0 1.4076e-17
0 1.40757e-17
0 1.40755e-17
0 1.40752e-17
0 1.4075e-17
0 1.40747e-17
0 1.40745e-17
0 1.40743e-17
0 1.4074e-17
0 1.40738e-17
0 1.40735e-17
0 1.40733e-17
0 1.40731e-17
0 1.40728e-17
0 1.40726e-17
0 1.40723e-17
0 1.40721e-17
0 1.40719e-17
0 1.40716e-17
0 1.40714e-17
0 1.40712e-17
0 1.40709e-17
0 1.40707e-17
0 1.40704e-17
0 1.40702e-17
0 1.407e-17
0 1.40697e-17
0 1.40695e-17
0 1.40693e-17
0 1.40691e-17
0 1.40688e-17
0 1.40686e-17
0 1.40684e-17
0 1.40681e-17
0 1.40679e-17
0 1.40677e-17
0 1.40675e-17
0 1.40672e-17
0 1.4067e-17
0 1.40668e-17
0 1.40666e-17
0 1.40663e-17
0 1.40661e-17
0 1.40659e-17
0 1.40657e-17
0 1.40654e-17
0 1.40652e-17
0 1.4065e-17
0 1.40648e-17
0 1.40646e-17
0 1.40643e-17
0 1.40641e-17
0 1.40639e-17
0 1.40637e-17
0 1.40635e-17
0 1.40632e-17
0 1.4063e-17
0 1.40628e-17
0 1.40626e-17
0 1.40624e-17
0 1.40622e-17
0 1.4062e-17
0 1.40617e-17
0 1.40615e-17
0 1.40613e-17
0 1.40611e-17
0 1.40609e-17
0 1.40607e-17
0 1.40605e-17
0 1.40603e-17
0 1.406e-17
0 1.40598e-17
0 1.40596e-17
0 1.40594e-17
0 1.40592e-17
0 1.4059e-17
0 1.40588e-17
0 1.40586e-17
0 1.40584e-17
0 1.40582e-17
0 1.4058e-17
0 1.40578e-17
0 1.40576e-17
0 1.40574e-17
0 1.40572e-17
0 1.4057e-17
0 1.40568e-17
0 1.40566e-17
0 1.40564e-17
0 1.40561e-17
0 1.40559e-17
0 1.40557e-17
0 1.40555e-17
0 1.40554e-17
0 1.40552e-17
0 1.4055e-17
0 1.40548e-17
0 1.40546e-17
0 1.40544e-17
0 1.40542e-17
0 1.4054e-17
0 1.40538e-17
0 1.40536e-17
0 1.40534e-17
0 1.40532e-17
0 1.4053e-17
0 1.40528e-17
0 1.40526e-17
0 1.40524e-17
0 1.40522e-17
0 1.4052e-17
0 1.40518e-17
0 1.40516e-17
0 1.40515e-17
0 1.40513e-17
0 1.40511e-17
0 1.40509e-17
0 1.40507e-17
0 1.40505e-17
0 1.40503e-17
0 1.40501e-17
0 1.40499e-17
0 1.40498e-17
0 1.40496e-17
0 1.40494e-17
0 1.40492e-17
0 1.4049e-17
0 1.40488e-17
0 1.40486e-17
0 1.40485e-17
0 1.40483e-17
0 1.40481e-17
0 1.40479e-17
0 1.40477e-17
0 1.40475e-17
0 1.40474e-17
0 1.40472e-17
0 1.4047e-17
0 1.40468e-17
0 1.40466e-17
0 1.40465e-17
0 1.40463e-17
0 1.40461e-17
0 1.40459e-17
0 1.40457e-17
0 1.40456e-17
0 1.40454e-17
0 1.40452e-17
0 1.4045e-17
0 1.40449e-17
0 1.40447e-17
0 1.40445e-17
0 1.40443e-17
0 1.40441e-17
0 1.4044e-17
0 1.40438e-17
0 1.40436e-17
0 1.40435e-17
0 1.40433e-17
0 1.40431e-17
0 1.40429e-17
0 1.40428e-17
0 1.40426e-17
0 1.40424e-17
0 1.40422e-17
0 1.40421e-17
0 1.40419e-17
0 1.40417e-17
0 1.40416e-17
0 1.40414e-17
0 1.40412e-17
0 1.40411e-17

