0 0.00283106
0 0.00282555
0 0.00281072
0 0.00278678
0 0.00275399
0 0.00271265
0 0.00266318
0 0.00260606
0 0.00254183
0 0.0024711
0 0.00239452
0 0.00231277
0 0.00222657
0 0.00213665
0 0.00204376
0 0.00194862
0 0.00185195
0 0.00175446
0 0.00165682
0 0.00155965
0 0.00146355
0 0.00136906
0 0.00127667
0 0.00118681
0 0.00109987
0 0.00101617
0 0.000935972
0 0.00085949
0 0.000786881
0 0.000718256
0 0.000653672
0 0.000593149
0 0.000536664
0 0.000484159
0 0.000435545
0 0.000390708
0 0.00034951
0 0.000311796
0 0.000277397
0 0.000246133
0 0.000217816
0 0.000192258
0 0.000169266
0 0.000148651
0 0.000130226
0 0.000113811
0 9.92315e-05
0 8.6321e-05
0 7.49221e-05
0 6.48867e-05
0 5.60764e-05
0 4.83628e-05
0 4.16271e-05
0 3.57607e-05
0 3.06639e-05
0 2.62466e-05
0 2.24272e-05
0 1.91321e-05
0 1.62955e-05
0 1.38589e-05
0 1.17698e-05
0 9.98236e-06
0 8.45567e-06
0 7.154e-06
0 6.04604e-06
0 5.10444e-06
0 4.3054e-06
0 3.62829e-06
0 3.05526e-06
0 2.57089e-06
0 2.16193e-06
0 1.817e-06
0 1.52636e-06
0 1.28167e-06
0 1.07584e-06
0 9.02812e-07
0 7.57454e-07
0 6.35407e-07
0 5.32982e-07
0 4.47059e-07
0 3.75002e-07
0 3.14589e-07
0 2.63949e-07
0 2.21505e-07
0 1.85933e-07
0 1.56121e-07
0 1.31134e-07
0 1.10189e-07
0 9.2629e-08
0 7.79039e-08
0 6.55527e-08
0 5.51893e-08
0 4.64908e-08
0 3.91868e-08
0 3.30511e-08
0 2.78942e-08
0 2.3558e-08
0 1.99098e-08
0 1.68386e-08
0 1.42518e-08
0 1.20714e-08
0 1.02326e-08
0 8.68066e-09
0 7.37001e-09
0 6.26232e-09
0 5.32535e-09
0 4.53208e-09
0 3.85988e-09
0 3.28978e-09
0 2.80588e-09
0 2.39481e-09
0 2.04533e-09
0 1.748e-09
0 1.49484e-09
0 1.27914e-09
0 1.09523e-09
0 9.3831e-10
0 8.04335e-10
0 6.89876e-10
0 5.92028e-10
0 5.0833e-10
0 4.36691e-10
0 3.75339e-10
0 3.22767e-10
0 2.77694e-10
0 2.39028e-10
0 2.05841e-10
0 1.77342e-10
0 1.52857e-10
0 1.3181e-10
0 1.13709e-10
0 9.81341e-11
0 8.47272e-11
0 7.31812e-11
0 6.32332e-11
0 5.46584e-11
0 4.72641e-11
0 4.08851e-11
0 3.53798e-11
0 3.06266e-11
0 2.65211e-11
0 2.29738e-11
0 1.99075e-11
0 1.72562e-11
0 1.49627e-11
0 1.29781e-11
0 1.12602e-11
0 9.77264e-12
0 8.48412e-12
0 7.36762e-12
0 6.39987e-12
0 5.56079e-12
0 4.83305e-12
0 4.20167e-12
0 3.65373e-12
0 3.17807e-12
0 2.76502e-12
0 2.40626e-12
0 2.09455e-12
0 1.82364e-12
0 1.58814e-12
0 1.38337e-12
0 1.20526e-12
0 1.0503e-12
0 9.15459e-13
0 7.98086e-13
0 6.95897e-13
0 6.06905e-13
0 5.29388e-13
0 4.61851e-13
0 4.02995e-13
0 3.51694e-13
0 3.06967e-13
0 2.67964e-13
0 2.33945e-13
0 2.04268e-13
0 1.78372e-13
0 1.55772e-13
0 1.36044e-13
0 1.1882e-13
0 1.0378e-13
0 9.06442e-14
0 7.91695e-14
0 6.91443e-14
0 6.03841e-14
0 5.2728e-14
0 4.60361e-14
0 4.0186e-14
0 3.50713e-14
0 3.05989e-14
0 2.66878e-14
0 2.32674e-14
0 2.02757e-14
0 1.7659e-14
0 1.53703e-14
0 1.33684e-14
0 1.16175e-14
0 1.00862e-14
0 8.74725e-15
0 7.57673e-15
0 6.55376e-15
0 5.66011e-15
0 4.87986e-15
0 4.19912e-15
0 3.60575e-15
0 3.08916e-15
0 2.6401e-15
0 2.25055e-15
0 1.91347e-15
0 1.62279e-15
0 1.3732e-15
0 1.16014e-15
0 9.79631e-16
0 8.28285e-16
0 7.03186e-16
0 6.01863e-16
0 5.22236e-16
0 4.62579e-16
0 4.21485e-16
0 3.97842e-16
0 4.71939e-20
0 4.71485e-20
0 4.71035e-20
0 4.70591e-20
0 4.70152e-20
0 4.69717e-20
0 4.69288e-20
0 4.68864e-20
0 4.68444e-20
0 4.68029e-20
0 4.67619e-20
0 4.67213e-20
0 4.66812e-20
0 4.66415e-20
0 4.66022e-20
0 4.65633e-20
0 4.65249e-20
0 4.64869e-20
0 4.64493e-20
0 4.64121e-20
0 4.63753e-20
0 4.63388e-20
0 4.63028e-20
0 4.62671e-20
0 4.62318e-20
0 4.61968e-20
0 4.61622e-20
0 4.6128e-20
0 4.60941e-20
0 4.60605e-20
0 4.60273e-20
0 4.59944e-20
0 4.59618e-20
0 4.59296e-20
0 4.58976e-20
0 4.5866e-20
0 4.58347e-20
0 4.58037e-20
0 4.5773e-20
0 4.57425e-20
0 4.57124e-20
0 4.56826e-20
0 4.5653e-20
0 4.56237e-20
0 4.55947e-20
0 4.5566e-20
0 4.55375e-20
0 4.55093e-20
0 4.54813e-20
0 4.54536e-20
0 4.54261e-20
0 4.53989e-20
0 4.5372e-20
0 4.53453e-20
0 4.53188e-20
0 4.52926e-20
0 4.52665e-20
0 4.52408e-20
0 4.52152e-20
0 4.51899e-20
0 4.51648e-20
0 4.51399e-20
0 4.51152e-20
0 4.50907e-20
0 4.50665e-20
0 4.50424e-20
0 4.50186e-20
0 4.49949e-20
0 4.49715e-20
0 4.49482e-20
0 4.49252e-20
0 4.49023e-20
0 4.48796e-20
0 4.48571e-20
0 4.48348e-20
0 4.48127e-20
0 4.47907e-20
0 4.4769e-20
0 4.47474e-20
0 4.4726e-20
0 4.47047e-20
0 4.46836e-20
0 4.46627e-20
0 4.4642e-20
0 4.46214e-20
0 4.4601e-20
0 4.45807e-20
0 4.45606e-20
0 4.45406e-20
0 4.45208e-20
0 4.45012e-20
0 4.44817e-20
0 4.44624e-20
0 4.44432e-20
0 4.44241e-20
0 4.44052e-20
0 4.43864e-20
0 4.43678e-20
0 4.43493e-20
0 4.4331e-20
0 4.43128e-20
0 4.42947e-20
0 4.42767e-20
0 4.42589e-20
0 4.42412e-20
0 4.42237e-20
0 4.42063e-20
0 4.4189e-20
0 4.41718e-20
0 4.41547e-20
0 4.41378e-20
0 4.4121e-20
0 4.41043e-20
0 4.40877e-20
0 4.40712e-20
0 4.40549e-20
0 4.40387e-20
0 4.40226e-20
0 4.40065e-20
0 4.39907e-20
0 4.39749e-20
0 4.39592e-20
0 4.39436e-20
0 4.39282e-20
0 4.39128e-20
0 4.38975e-20
0 4.38824e-20
0 4.38673e-20
0 4.38524e-20
0 4.38376e-20
0 4.38228e-20
0 4.38082e-20
0 4.37936e-20
0 4.37791e-20
0 4.37648e-20
0 4.37505e-20
0 4.37363e-20
0 4.37223e-20
0 4.37083e-20
0 4.36944e-20
0 4.36805e-20
0 4.36668e-20
0 4.36532e-20
0 4.36396e-20
0 4.36262e-20
0 4.36128e-20
0 4.35995e-20
0 4.35863e-20
0 4.35732e-20
0 4.35601e-20
0 4.35472e-20
0 4.35343e-20
0 4.35215e-20
0 4.35088e-20
0 4.34961e-20
0 4.34836e-20
0 4.34711e-20
0 4.34587e-20
0 4.34463e-20
0 4.34341e-20
0 4.34219e-20
0 4.34098e-20
0 4.33977e-20
0 4.33858e-20
0 4.33739e-20
0 4.3362e-20
0 4.33503e-20
0 4.33386e-20
0 4.3327e-20
0 4.33154e-20
0 4.3304e-20
0 4.32926e-20
0 4.32812e-20
0 4.32699e-20
0 4.32587e-20
0 4.32476e-20
0 4.32365e-20
0 4.32255e-20
0 4.32145e-20
0 4.32036e-20
0 4.31928e-20
0 4.3182e-20
0 4.31713e-20
0 4.31607e-20
0 4.31501e-20
0 4.31395e-20
0 4.31291e-20
0 4.31187e-20
0 4.31083e-20
0 4.3098e-20
0 4.30878e-20
0 4.30776e-20
0 4.30675e-20
0 4.30574e-20
0 4.30474e-20
0 4.30374e-20
0 4.30275e-20
0 4.30177e-20
0 4.30079e-20
0 4.29981e-20
0 4.29884e-20
0 4.29788e-20
0 4.29692e-20
0 4.29597e-20
0 4.29502e-20
0 4.29407e-20
0 4.29314e-20
0 4.2922e-20
0 4.29127e-20
0 4.29035e-20
0 4.28943e-20
0 4.28852e-20
0 4.28761e-20
0 4.2867e-20
0 4.2858e-20
0 4.28491e-20
0 4.28402e-20
0 4.28313e-20
0 4.28225e-20
0 4.28138e-20
0 4.2805e-20
0 4.27964e-20
0 4.27877e-20
0 4.27791e-20
0 4.27706e-20
0 4.27621e-20
0 4.27536e-20
0 4.27452e-20
0 4.27368e-20
0 4.27285e-20
0 4.27202e-20
0 4.2712e-20
0 4.27038e-20
0 4.26956e-20
0 4.26875e-20
0 4.26794e-20
0 4.26713e-20
0 4.26633e-20
0 4.26553e-20
0 4.26474e-20
0 4.26395e-20
0 4.26317e-20
0 4.26239e-20
0 4.26161e-20
0 4.26083e-20
0 4.26006e-20
0 4.2593e-20
0 4.25853e-20
0 4.25778e-20
0 4.25702e-20
0 4.25627e-20
0 4.25552e-20
0 4.25477e-20
0 4.25403e-20
0 4.2533e-20
0 4.25256e-20
0 4.25183e-20
0 4.2511e-20
0 4.25038e-20
0 4.24966e-20
0 4.24894e-20
0 4.24823e-20
0 4.24752e-20
0 4.24681e-20
0 4.2461e-20
0 4.2454e-20
0 4.24471e-20
0 4.24401e-20
0 4.24332e-20
0 4.24263e-20
0 4.24195e-20
0 4.24126e-20
0 4.24059e-20
0 4.23991e-20
0 4.23924e-20
0 4.23857e-20
0 4.2379e-20
0 4.23724e-20
0 4.23658e-20
0 4.23592e-20
0 4.23526e-20
0 4.23461e-20
0 4.23396e-20
0 4.23332e-20
0 4.23267e-20
0 4.23203e-20
0 4.23139e-20
0 4.23076e-20
0 4.23013e-20
0 4.2295e-20
0 4.22887e-20
0 4.22825e-20
0 4.22762e-20
0 4.22701e-20
0 4.22639e-20
0 4.22578e-20
0 4.22517e-20
0 4.22456e-20
0 4.22395e-20
0 4.22335e-20
0 4.22275e-20
0 4.22215e-20
0 4.22156e-20
0 4.22096e-20
0 4.22037e-20
0 4.21978e-20
0 4.2192e-20
0 4.21862e-20
0 4.21804e-20
0 4.21746e-20
0 4.21688e-20
0 4.21631e-20
0 4.21574e-20
0 4.21517e-20
0 4.2146e-20
0 4.21404e-20
0 4.21348e-20
0 4.21292e-20
0 4.21236e-20
0 4.21181e-20
0 4.21126e-20
0 4.21071e-20
0 4.21016e-20
0 4.20961e-20
0 4.20907e-20
0 4.20853e-20
0 4.20799e-20
0 4.20745e-20
0 4.20692e-20
0 4.20638e-20
0 4.20585e-20
0 4.20533e-20
0 4.2048e-20
0 4.20428e-20
0 4.20375e-20
0 4.20323e-20
0 4.20272e-20
0 4.2022e-20
0 4.20169e-20
0 4.20117e-20
0 4.20066e-20
0 4.20016e-20
0 4.19965e-20
0 4.19915e-20
0 4.19864e-20
0 4.19814e-20
0 4.19765e-20
0 4.19715e-20
0 4.19666e-20
0 4.19616e-20
0 4.19567e-20
0 4.19519e-20
0 4.1947e-20
0 4.19421e-20
0 4.19373e-20
0 4.19325e-20
0 4.19277e-20
0 4.19229e-20
0 4.19182e-20
0 4.19134e-20
0 4.19087e-20
0 4.1904e-20
0 4.18993e-20
0 4.18947e-20
0 4.189e-20
0 4.18854e-20
0 4.18808e-20
0 4.18762e-20
0 4.18716e-20
0 4.1867e-20
0 4.18625e-20
0 4.18579e-20
0 4.18534e-20
0 4.18489e-20
0 4.18445e-20
0 4.184e-20
0 4.18355e-20
0 4.18311e-20
0 4.18267e-20
0 4.18223e-20
0 4.18179e-20
0 4.18135e-20
0 4.18092e-20
0 4.18049e-20
0 4.18005e-20
0 4.17962e-20
0 4.17919e-20
0 4.17877e-20
0 4.17834e-20
0 4.17792e-20
0 4.17749e-20
0 4.17707e-20
0 4.17665e-20
0 4.17623e-20
0 4.17582e-20
0 4.1754e-20
0 4.17499e-20
0 4.17458e-20
0 4.17417e-20
0 4.17376e-20
0 4.17335e-20
0 4.17294e-20
0 4.17254e-20
0 4.17213e-20
0 4.17173e-20
0 4.17133e-20
0 4.17093e-20
0 4.17053e-20
0 4.17013e-20
0 4.16974e-20
0 4.16934e-20
0 4.16895e-20
0 4.16856e-20
0 4.16817e-20
0 4.16778e-20
0 4.16739e-20
0 4.16701e-20
0 4.16662e-20
0 4.16624e-20
0 4.16586e-20
0 4.16548e-20
0 4.1651e-20
0 4.16472e-20
0 4.16434e-20
0 4.16397e-20
0 4.16359e-20
0 4.16322e-20
0 4.16285e-20
0 4.16248e-20
0 4.16211e-20
0 4.16174e-20
0 4.16137e-20
0 4.161e-20
0 4.16064e-20
0 4.16028e-20
0 4.15991e-20
0 4.15955e-20
0 4.15919e-20
0 4.15884e-20
0 4.15848e-20
0 4.15812e-20
0 4.15777e-20
0 4.15741e-20
0 4.15706e-20
0 4.15671e-20
0 4.15636e-20
0 4.15601e-20
0 4.15566e-20
0 4.15531e-20
0 4.15497e-20
0 4.15462e-20
0 4.15428e-20
0 4.15394e-20
0 4.15359e-20
0 4.15325e-20
0 4.15291e-20
0 4.15258e-20
0 4.15224e-20
0 4.1519e-20
0 4.15157e-20
0 4.15123e-20
0 4.1509e-20
0 4.15057e-20
0 4.15024e-20
0 4.14991e-20
0 4.14958e-20
0 4.14925e-20
0 4.14892e-20
0 4.1486e-20
0 4.14827e-20
0 4.14795e-20
0 4.14763e-20
0 4.14731e-20
0 4.14699e-20
0 4.14667e-20
0 4.14635e-20
0 4.14603e-20
0 4.14571e-20
0 4.1454e-20
0 4.14508e-20
0 4.14477e-20
0 4.14446e-20
0 4.14414e-20
0 4.14383e-20
0 4.14352e-20
0 4.14321e-20
0 4.14291e-20
0 4.1426e-20
0 4.14229e-20
0 4.14199e-20
0 4.14168e-20
0 4.14138e-20
0 4.14108e-20
0 4.14078e-20
0 4.14048e-20
0 4.14018e-20
0 4.13988e-20
0 4.13958e-20
0 4.13928e-20
0 4.13899e-20
0 4.13869e-20
0 4.1384e-20
0 4.1381e-20
0 4.13781e-20
0 4.13752e-20
0 4.13723e-20
0 4.13694e-20
0 4.13665e-20
0 4.13636e-20
0 4.13607e-20
0 4.13579e-20
0 4.1355e-20
0 4.13521e-20
0 4.13493e-20
0 4.13465e-20
0 4.13436e-20
0 4.13408e-20
0 4.1338e-20
0 4.13352e-20
0 4.13324e-20
0 4.13296e-20
0 4.13269e-20
0 4.13241e-20
0 4.13213e-20
0 4.13186e-20
0 4.13158e-20
0 4.13131e-20
0 4.13104e-20
0 4.13077e-20
0 4.13049e-20
0 4.13022e-20
0 4.12995e-20
0 4.12968e-20
0 4.12942e-20
0 4.12915e-20
0 4.12888e-20
0 4.12862e-20
0 4.12835e-20
0 4.12809e-20
0 4.12782e-20
0 4.12756e-20
0 4.1273e-20
0 4.12704e-20
0 4.12678e-20
0 4.12652e-20
0 4.12626e-20
0 4.126e-20
0 4.12574e-20
0 4.12548e-20
0 4.12523e-20
0 4.12497e-20
0 4.12472e-20
0 4.12446e-20
0 4.12421e-20
0 4.12396e-20
0 4.1237e-20
0 4.12345e-20
0 4.1232e-20
0 4.12295e-20
0 4.1227e-20
0 4.12245e-20
0 4.1222e-20
0 4.12196e-20
0 4.12171e-20
0 4.12146e-20
0 4.12122e-20
0 4.12097e-20
0 4.12073e-20
0 4.12049e-20
0 4.12024e-20
0 4.12e-20
0 4.11976e-20
0 4.11952e-20
0 4.11928e-20
0 4.11904e-20
0 4.1188e-20
0 4.11856e-20
0 4.11833e-20
0 4.11809e-20
0 4.11785e-20
0 4.11762e-20
0 4.11738e-20
0 4.11715e-20
0 4.11691e-20
0 4.11668e-20
0 4.11645e-20
0 4.11622e-20
0 4.11599e-20
0 4.11575e-20
0 4.11552e-20
0 4.1153e-20
0 4.11507e-20
0 4.11484e-20
0 4.11461e-20
0 4.11438e-20
0 4.11416e-20
0 4.11393e-20
0 4.11371e-20
0 4.11348e-20
0 4.11326e-20
0 4.11303e-20
0 4.11281e-20
0 4.11259e-20
0 4.11237e-20
0 4.11214e-20
0 4.11192e-20
0 4.1117e-20
0 4.11148e-20
0 4.11127e-20
0 4.11105e-20
0 4.11083e-20
0 4.11061e-20
0 4.1104e-20
0 4.11018e-20
0 4.10996e-20
0 4.10975e-20
0 4.10953e-20
0 4.10932e-20
0 4.10911e-20
0 4.10889e-20
0 4.10868e-20
0 4.10847e-20
0 4.10826e-20
0 4.10805e-20
0 4.10784e-20
0 4.10763e-20
0 4.10742e-20
0 4.10721e-20
0 4.107e-20
0 4.10679e-20
0 4.10659e-20
0 4.10638e-20
0 4.10617e-20
0 4.10597e-20
0 4.10576e-20
0 4.10556e-20
0 4.10536e-20
0 4.10515e-20
0 4.10495e-20
0 4.10475e-20
0 4.10454e-20
0 4.10434e-20
0 4.10414e-20
0 4.10394e-20
0 4.10374e-20
0 4.10354e-20
0 4.10334e-20
0 4.10314e-20
0 4.10295e-20
0 4.10275e-20
0 4.10255e-20
0 4.10235e-20
0 4.10216e-20
0 4.10196e-20
0 4.10177e-20
0 4.10157e-20
0 4.10138e-20
0 4.10118e-20
0 4.10099e-20
0 4.1008e-20
0 4.10061e-20
0 4.10041e-20
0 4.10022e-20
0 4.10003e-20
0 4.09984e-20
0 4.09965e-20
0 4.09946e-20
0 4.09927e-20
0 4.09908e-20
0 4.0989e-20
0 4.09871e-20
0 4.09852e-20
0 4.09833e-20
0 4.09815e-20
0 4.09796e-20
0 4.09778e-20
0 4.09759e-20
0 4.09741e-20
0 4.09722e-20
0 4.09704e-20
0 4.09685e-20
0 4.09667e-20
0 4.09649e-20
0 4.09631e-20
0 4.09612e-20
0 4.09594e-20
0 4.09576e-20
0 4.09558e-20
0 4.0954e-20
0 4.09522e-20
0 4.09504e-20
0 4.09486e-20
0 4.09469e-20
0 4.09451e-20
0 4.09433e-20
0 4.09415e-20
0 4.09398e-20
0 4.0938e-20
0 4.09362e-20
0 4.09345e-20
0 4.09327e-20
0 4.0931e-20
0 4.09292e-20
0 4.09275e-20
0 4.09258e-20
0 4.0924e-20
0 4.09223e-20
0 4.09206e-20
0 4.09189e-20
0 4.09172e-20
0 4.09154e-20
0 4.09137e-20
0 4.0912e-20
0 4.09103e-20
0 4.09086e-20
0 4.09069e-20
0 4.09053e-20
0 4.09036e-20
0 4.09019e-20
0 4.09002e-20
0 4.08985e-20
0 4.08969e-20
0 4.08952e-20
0 4.08935e-20
0 4.08919e-20
0 4.08902e-20
0 4.08886e-20
0 4.08869e-20
0 4.08853e-20
0 4.08837e-20
0 4.0882e-20
0 4.08804e-20
0 4.08788e-20
0 4.08771e-20
0 4.08755e-20
0 4.08739e-20
0 4.08723e-20
0 4.08707e-20
0 4.08691e-20
0 4.08675e-20
0 4.08659e-20
0 4.08643e-20
0 4.08627e-20
0 4.08611e-20
0 4.08595e-20
0 4.08579e-20
0 4.08563e-20
0 4.08548e-20
0 4.08532e-20
0 4.08516e-20
0 4.085e-20
0 4.08485e-20
0 4.08469e-20
0 4.08454e-20
0 4.08438e-20
0 4.08423e-20
0 4.08407e-20
0 4.08392e-20
0 4.08376e-20
0 4.08361e-20
0 4.08346e-20
0 4.0833e-20
0 4.08315e-20
0 4.083e-20
0 4.08285e-20
0 4.0827e-20
0 4.08254e-20
0 4.08239e-20
0 4.08224e-20
0 4.08209e-20
0 4.08194e-20
0 4.08179e-20
0 4.08164e-20
0 4.0815e-20
0 4.08135e-20
0 4.0812e-20
0 4.08105e-20
0 4.0809e-20
0 4.08075e-20
0 4.08061e-20

