0 2.10445
0 2.05116
0 1.91691
0 1.72361
0 1.49834
0 1.26662
0 1.04763
0 0.852786
0 0.686796
0 0.549655
0 0.438684
0 0.350061
0 0.279795
0 0.22424
0 0.180298
0 0.145448
0 0.117696
0 0.0954888
0 0.0776255
0 0.0631797
0 0.0514325
0 0.0418206
0 0.0339109
0 0.0274054
0 0.0221039
0 0.017828
0 0.0144006
0 0.0116597
0 0.00946765
0 0.00771173
0 0.00630181
0 0.00516644
0 0.0042493
0 0.00350599
0 0.00290155
0 0.00240841
0 0.00200476
0 0.00167328
0 0.00140024
0 0.00117466
0 0.000987745
0 0.00083244
0 0.000703055
0 0.000594989
0 0.00050451
0 0.000428579
0 0.000364715
0 0.000310886
0 0.000265424
0 0.000226952
0 0.000194337
0 0.000166638
0 0.000143074
0 0.000122995
0 0.00010586
0 9.12149e-05
0 7.86808e-05
0 6.79388e-05
0 5.87207e-05
0 5.08005e-05
0 4.39873e-05
0 3.81199e-05
0 3.30613e-05
0 2.86956e-05
0 2.4924e-05
0 2.16625e-05
0 1.88396e-05
0 1.63941e-05
0 1.42738e-05
0 1.24339e-05
0 1.08361e-05
0 9.44747e-06
0 8.2398e-06
0 7.18879e-06
0 6.27351e-06
0 5.47594e-06
0 4.78053e-06
0 4.17386e-06
0 3.64432e-06
0 3.18187e-06
0 2.77783e-06
0 2.42466e-06
0 2.11584e-06
0 1.8457e-06
0 1.60932e-06
0 1.40242e-06
0 1.22129e-06
0 1.06268e-06
0 9.23772e-07
0 8.0212e-07
0 6.95577e-07
0 6.02276e-07
0 5.20586e-07
0 4.49085e-07
0 3.86528e-07
0 3.31831e-07
0 2.84043e-07
0 2.42335e-07
0 2.05981e-07
0 1.74346e-07
0 1.46876e-07
0 1.23085e-07
0 1.02549e-07
0 8.48994e-08
0 6.9812e-08
0 5.70054e-08
0 4.62346e-08
0 3.72868e-08
0 2.99776e-08
0 2.41481e-08
0 1.96615e-08
0 1.64012e-08
0 1.42683e-08
0 1.31801e-08
0 1.52316e-17
0 1.52157e-17
0 1.52001e-17
0 1.51849e-17
0 1.51699e-17
0 1.51552e-17
0 1.51407e-17
0 1.51266e-17
0 1.51127e-17
0 1.5099e-17
0 1.50856e-17
0 1.50724e-17
0 1.50595e-17
0 1.50468e-17
0 1.50343e-17
0 1.50221e-17
0 1.501e-17
0 1.49982e-17
0 1.49865e-17
0 1.49751e-17
0 1.49638e-17
0 1.49528e-17
0 1.49419e-17
0 1.49312e-17
0 1.49206e-17
0 1.49102e-17
0 1.49e-17
0 1.489e-17
0 1.48801e-17
0 1.48704e-17
0 1.48608e-17
0 1.48513e-17
0 1.4842e-17
0 1.48329e-17
0 1.48238e-17
0 1.48149e-17
0 1.48062e-17
0 1.47975e-17
0 1.4789e-17
0 1.47806e-17
0 1.47724e-17
0 1.47642e-17
0 1.47562e-17
0 1.47483e-17
0 1.47404e-17
0 1.47327e-17
0 1.47251e-17
0 1.47176e-17
0 1.47102e-17
0 1.47029e-17
0 1.46957e-17
0 1.46886e-17
0 1.46816e-17
0 1.46747e-17
0 1.46679e-17
0 1.46611e-17
0 1.46545e-17
0 1.46479e-17
0 1.46414e-17
0 1.4635e-17
0 1.46287e-17
0 1.46224e-17
0 1.46162e-17
0 1.46101e-17
0 1.46041e-17
0 1.45982e-17
0 1.45923e-17
0 1.45865e-17
0 1.45807e-17
0 1.45751e-17
0 1.45695e-17
0 1.45639e-17
0 1.45584e-17
0 1.4553e-17
0 1.45477e-17
0 1.45424e-17
0 1.45372e-17
0 1.4532e-17
0 1.45269e-17
0 1.45218e-17
0 1.45168e-17
0 1.45119e-17
0 1.4507e-17
0 1.45022e-17
0 1.44974e-17
0 1.44926e-17
0 1.4488e-17
0 1.44833e-17
0 1.44787e-17
0 1.44742e-17
0 1.44697e-17
0 1.44653e-17
0 1.44609e-17
0 1.44565e-17
0 1.44522e-17
0 1.4448e-17
0 1.44438e-17
0 1.44396e-17
0 1.44355e-17
0 1.44314e-17
0 1.44273e-17
0 1.44233e-17
0 1.44193e-17
0 1.44154e-17
0 1.44115e-17
0 1.44077e-17
0 1.44038e-17
0 1.44001e-17
0 1.43963e-17
0 1.43926e-17
0 1.43889e-17
0 1.43853e-17
0 1.43817e-17
0 1.43781e-17
0 1.43746e-17
0 1.43711e-17
0 1.43676e-17
0 1.43642e-17
0 1.43608e-17
0 1.43574e-17
0 1.43541e-17
0 1.43507e-17
0 1.43475e-17
0 1.43442e-17
0 1.4341e-17
0 1.43378e-17
0 1.43346e-17
0 1.43315e-17
0 1.43283e-17
0 1.43253e-17
0 1.43222e-17
0 1.43192e-17
0 1.43162e-17
0 1.43132e-17
0 1.43102e-17
0 1.43073e-17
0 1.43044e-17
0 1.43015e-17
0 1.42986e-17
0 1.42958e-17
0 1.4293e-17
0 1.42902e-17
0 1.42874e-17
0 1.42847e-17
0 1.4282e-17
0 1.42793e-17
0 1.42766e-17
0 1.42739e-17
0 1.42713e-17
0 1.42687e-17
0 1.42661e-17
0 1.42635e-17
0 1.4261e-17
0 1.42585e-17
0 1.4256e-17
0 1.42535e-17
0 1.4251e-17
0 1.42485e-17
0 1.42461e-17
0 1.42437e-17
0 1.42413e-17
0 1.42389e-17
0 1.42366e-17
0 1.42342e-17
0 1.42319e-17
0 1.42296e-17
0 1.42273e-17
0 1.4225e-17
0 1.42228e-17
0 1.42205e-17
0 1.42183e-17
0 1.42161e-17
0 1.42139e-17
0 1.42118e-17
0 1.42096e-17
0 1.42075e-17
0 1.42053e-17
0 1.42032e-17
0 1.42011e-17
0 1.41991e-17
0 1.4197e-17
0 1.41949e-17
0 1.41929e-17
0 1.41909e-17
0 1.41889e-17
0 1.41869e-17
0 1.41849e-17
0 1.41829e-17
0 1.4181e-17
0 1.4179e-17
0 1.41771e-17
0 1.41752e-17
0 1.41733e-17
0 1.41714e-17
0 1.41696e-17
0 1.41677e-17
0 1.41658e-17
0 1.4164e-17
0 1.41622e-17
0 1.41604e-17
0 1.41586e-17
0 1.41568e-17
0 1.4155e-17
0 1.41533e-17
0 1.41515e-17
0 1.41498e-17
0 1.4148e-17
0 1.41463e-17
0 1.41446e-17
0 1.41429e-17
0 1.41412e-17
0 1.41396e-17
0 1.41379e-17
0 1.41362e-17
0 1.41346e-17
0 1.4133e-17
0 1.41314e-17
0 1.41297e-17
0 1.41281e-17
0 1.41265e-17
0 1.4125e-17
0 1.41234e-17
0 1.41218e-17
0 1.41203e-17
0 1.41187e-17
0 1.41172e-17
0 1.41157e-17
0 1.41142e-17
0 1.41127e-17
0 1.41112e-17
0 1.41097e-17
0 1.41082e-17
0 1.41067e-17
0 1.41053e-17
0 1.41038e-17
0 1.41024e-17
0 1.4101e-17
0 1.40995e-17
0 1.40981e-17
0 1.40967e-17
0 1.40953e-17
0 1.40939e-17
0 1.40925e-17
0 1.40912e-17
0 1.40898e-17
0 1.40884e-17
0 1.40871e-17
0 1.40857e-17
0 1.40844e-17
0 1.40831e-17
0 1.40817e-17
0 1.40804e-17
0 1.40791e-17
0 1.40778e-17
0 1.40765e-17
0 1.40752e-17
0 1.4074e-17
0 1.40727e-17
0 1.40714e-17
0 1.40702e-17
0 1.40689e-17
0 1.40677e-17
0 1.40665e-17
0 1.40652e-17
0 1.4064e-17
0 1.40628e-17
0 1.40616e-17
0 1.40604e-17
0 1.40592e-17
0 1.4058e-17
0 1.40568e-17
0 1.40556e-17
0 1.40545e-17
0 1.40533e-17
0 1.40522e-17
0 1.4051e-17
0 1.40499e-17
0 1.40487e-17
0 1.40476e-17
0 1.40465e-17
0 1.40453e-17
0 1.40442e-17
0 1.40431e-17
0 1.4042e-17
0 1.40409e-17
0 1.40398e-17
0 1.40387e-17
0 1.40377e-17
0 1.40366e-17
0 1.40355e-17
0 1.40344e-17
0 1.40334e-17
0 1.40323e-17
0 1.40313e-17
0 1.40302e-17
0 1.40292e-17
0 1.40282e-17
0 1.40271e-17
0 1.40261e-17
0 1.40251e-17
0 1.40241e-17
0 1.40231e-17
0 1.40221e-17
0 1.40211e-17
0 1.40201e-17
0 1.40191e-17
0 1.40181e-17
0 1.40172e-17
0 1.40162e-17
0 1.40152e-17
0 1.40143e-17
0 1.40133e-17
0 1.40123e-17
0 1.40114e-17
0 1.40104e-17
0 1.40095e-17
0 1.40086e-17
0 1.40076e-17
0 1.40067e-17
0 1.40058e-17
0 1.40049e-17
0 1.4004e-17
0 1.40031e-17
0 1.40022e-17
0 1.40013e-17
0 1.40004e-17
0 1.39995e-17
0 1.39986e-17
0 1.39977e-17
0 1.39968e-17
0 1.39959e-17
0 1.39951e-17
0 1.39942e-17
0 1.39933e-17
0 1.39925e-17
0 1.39916e-17
0 1.39908e-17
0 1.39899e-17
0 1.39891e-17
0 1.39882e-17
0 1.39874e-17
0 1.39866e-17
0 1.39857e-17
0 1.39849e-17
0 1.39841e-17
0 1.39833e-17
0 1.39825e-17
0 1.39817e-17
0 1.39809e-17
0 1.398e-17
0 1.39793e-17
0 1.39785e-17
0 1.39777e-17
0 1.39769e-17
0 1.39761e-17
0 1.39753e-17
0 1.39745e-17
0 1.39738e-17
0 1.3973e-17
0 1.39722e-17
0 1.39715e-17
0 1.39707e-17
0 1.39699e-17
0 1.39692e-17
0 1.39684e-17
0 1.39677e-17
0 1.39669e-17
0 1.39662e-17
0 1.39655e-17
0 1.39647e-17
0 1.3964e-17
0 1.39633e-17
0 1.39625e-17
0 1.39618e-17
0 1.39611e-17
0 1.39604e-17
0 1.39597e-17
0 1.39589e-17
0 1.39582e-17
0 1.39575e-17
0 1.39568e-17
0 1.39561e-17
0 1.39554e-17
0 1.39547e-17
0 1.3954e-17
0 1.39534e-17
0 1.39527e-17
0 1.3952e-17
0 1.39513e-17
0 1.39506e-17
0 1.395e-17
0 1.39493e-17
0 1.39486e-17
0 1.3948e-17
0 1.39473e-17
0 1.39466e-17
0 1.3946e-17
0 1.39453e-17
0 1.39447e-17
0 1.3944e-17
0 1.39434e-17
0 1.39427e-17
0 1.39421e-17
0 1.39414e-17
0 1.39408e-17
0 1.39402e-17
0 1.39395e-17
0 1.39389e-17
0 1.39383e-17
0 1.39377e-17
0 1.3937e-17
0 1.39364e-17
0 1.39358e-17
0 1.39352e-17
0 1.39346e-17
0 1.3934e-17
0 1.39334e-17
0 1.39327e-17
0 1.39321e-17
0 1.39315e-17
0 1.39309e-17
0 1.39303e-17
0 1.39298e-17
0 1.39292e-17
0 1.39286e-17
0 1.3928e-17
0 1.39274e-17
0 1.39268e-17
0 1.39262e-17
0 1.39257e-17
0 1.39251e-17
0 1.39245e-17
0 1.39239e-17
0 1.39234e-17
0 1.39228e-17
0 1.39222e-17
0 1.39217e-17
0 1.39211e-17
0 1.39206e-17
0 1.392e-17
0 1.39194e-17
0 1.39189e-17
0 1.39183e-17
0 1.39178e-17
0 1.39172e-17
0 1.39167e-17
0 1.39162e-17
0 1.39156e-17
0 1.39151e-17
0 1.39145e-17
0 1.3914e-17
0 1.39135e-17
0 1.39129e-17
0 1.39124e-17
0 1.39119e-17
0 1.39114e-17
0 1.39108e-17
0 1.39103e-17
0 1.39098e-17
0 1.39093e-17
0 1.39088e-17
0 1.39082e-17
0 1.39077e-17
0 1.39072e-17
0 1.39067e-17
0 1.39062e-17
0 1.39057e-17
0 1.39052e-17
0 1.39047e-17
0 1.39042e-17
0 1.39037e-17
0 1.39032e-17
0 1.39027e-17
0 1.39022e-17
0 1.39017e-17
0 1.39012e-17
0 1.39007e-17
0 1.39003e-17
0 1.38998e-17
0 1.38993e-17
0 1.38988e-17
0 1.38983e-17
0 1.38979e-17
0 1.38974e-17
0 1.38969e-17
0 1.38964e-17
0 1.3896e-17
0 1.38955e-17
0 1.3895e-17
0 1.38946e-17
0 1.38941e-17
0 1.38936e-17
0 1.38932e-17
0 1.38927e-17
0 1.38923e-17
0 1.38918e-17
0 1.38913e-17
0 1.38909e-17
0 1.38904e-17
0 1.389e-17
0 1.38895e-17
0 1.38891e-17
0 1.38886e-17
0 1.38882e-17
0 1.38877e-17
0 1.38873e-17
0 1.38869e-17
0 1.38864e-17
0 1.3886e-17
0 1.38856e-17
0 1.38851e-17
0 1.38847e-17
0 1.38843e-17
0 1.38838e-17
0 1.38834e-17
0 1.3883e-17
0 1.38825e-17
0 1.38821e-17
0 1.38817e-17
0 1.38813e-17
0 1.38808e-17
0 1.38804e-17
0 1.388e-17
0 1.38796e-17
0 1.38792e-17
0 1.38788e-17
0 1.38784e-17
0 1.38779e-17
0 1.38775e-17
0 1.38771e-17
0 1.38767e-17
0 1.38763e-17
0 1.38759e-17
0 1.38755e-17
0 1.38751e-17
0 1.38747e-17
0 1.38743e-17
0 1.38739e-17
0 1.38735e-17
0 1.38731e-17
0 1.38727e-17
0 1.38723e-17
0 1.38719e-17
0 1.38715e-17
0 1.38711e-17
0 1.38708e-17
0 1.38704e-17
0 1.387e-17
0 1.38696e-17
0 1.38692e-17
0 1.38688e-17
0 1.38684e-17
0 1.38681e-17
0 1.38677e-17
0 1.38673e-17
0 1.38669e-17
0 1.38666e-17
0 1.38662e-17
0 1.38658e-17
0 1.38654e-17
0 1.38651e-17
0 1.38647e-17
0 1.38643e-17
0 1.3864e-17
0 1.38636e-17
0 1.38632e-17
0 1.38629e-17
0 1.38625e-17
0 1.38621e-17
0 1.38618e-17
0 1.38614e-17
0 1.3861e-17
0 1.38607e-17
0 1.38603e-17
0 1.386e-17
0 1.38596e-17
0 1.38593e-17
0 1.38589e-17
0 1.38586e-17
0 1.38582e-17
0 1.38579e-17
0 1.38575e-17
0 1.38572e-17
0 1.38568e-17
0 1.38565e-17
0 1.38561e-17
0 1.38558e-17
0 1.38554e-17
0 1.38551e-17
0 1.38548e-17
0 1.38544e-17
0 1.38541e-17
0 1.38537e-17
0 1.38534e-17
0 1.38531e-17
0 1.38527e-17
0 1.38524e-17
0 1.38521e-17
0 1.38517e-17
0 1.38514e-17
0 1.38511e-17
0 1.38507e-17
0 1.38504e-17
0 1.38501e-17
0 1.38498e-17
0 1.38494e-17
0 1.38491e-17
0 1.38488e-17
0 1.38485e-17
0 1.38481e-17
0 1.38478e-17
0 1.38475e-17
0 1.38472e-17
0 1.38469e-17
0 1.38465e-17
0 1.38462e-17
0 1.38459e-17
0 1.38456e-17
0 1.38453e-17
0 1.3845e-17
0 1.38447e-17
0 1.38443e-17
0 1.3844e-17
0 1.38437e-17
0 1.38434e-17
0 1.38431e-17
0 1.38428e-17
0 1.38425e-17
0 1.38422e-17
0 1.38419e-17
0 1.38416e-17
0 1.38413e-17
0 1.3841e-17
0 1.38407e-17
0 1.38404e-17
0 1.38401e-17
0 1.38398e-17
0 1.38395e-17
0 1.38392e-17
0 1.38389e-17
0 1.38386e-17
0 1.38383e-17
0 1.3838e-17
0 1.38377e-17
0 1.38374e-17
0 1.38371e-17
0 1.38368e-17
0 1.38366e-17
0 1.38363e-17
0 1.3836e-17
0 1.38357e-17
0 1.38354e-17
0 1.38351e-17
0 1.38348e-17
0 1.38345e-17
0 1.38343e-17
0 1.3834e-17
0 1.38337e-17
0 1.38334e-17
0 1.38331e-17
0 1.38329e-17
0 1.38326e-17
0 1.38323e-17
0 1.3832e-17
0 1.38317e-17
0 1.38315e-17
0 1.38312e-17
0 1.38309e-17
0 1.38306e-17
0 1.38304e-17
0 1.38301e-17
0 1.38298e-17
0 1.38295e-17
0 1.38293e-17
0 1.3829e-17
0 1.38287e-17
0 1.38285e-17
0 1.38282e-17
0 1.38279e-17
0 1.38277e-17
0 1.38274e-17
0 1.38271e-17
0 1.38269e-17
0 1.38266e-17
0 1.38263e-17
0 1.38261e-17
0 1.38258e-17
0 1.38256e-17
0 1.38253e-17
0 1.3825e-17
0 1.38248e-17
0 1.38245e-17
0 1.38243e-17
0 1.3824e-17
0 1.38237e-17
0 1.38235e-17
0 1.38232e-17
0 1.3823e-17
0 1.38227e-17
0 1.38225e-17
0 1.38222e-17
0 1.3822e-17
0 1.38217e-17
0 1.38215e-17
0 1.38212e-17
0 1.3821e-17
0 1.38207e-17
0 1.38205e-17
0 1.38202e-17
0 1.382e-17
0 1.38197e-17
0 1.38195e-17
0 1.38192e-17
0 1.3819e-17
0 1.38187e-17
0 1.38185e-17
0 1.38183e-17
0 1.3818e-17
0 1.38178e-17
0 1.38175e-17
0 1.38173e-17
0 1.38171e-17
0 1.38168e-17
0 1.38166e-17
0 1.38163e-17
0 1.38161e-17
0 1.38159e-17
0 1.38156e-17
0 1.38154e-17
0 1.38152e-17
0 1.38149e-17
0 1.38147e-17
0 1.38145e-17
0 1.38142e-17
0 1.3814e-17
0 1.38138e-17
0 1.38135e-17
0 1.38133e-17
0 1.38131e-17
0 1.38128e-17
0 1.38126e-17
0 1.38124e-17
0 1.38121e-17
0 1.38119e-17
0 1.38117e-17
0 1.38115e-17
0 1.38112e-17
0 1.3811e-17
0 1.38108e-17
0 1.38106e-17
0 1.38103e-17
0 1.38101e-17
0 1.38099e-17
0 1.38097e-17
0 1.38095e-17
0 1.38092e-17
0 1.3809e-17
0 1.38088e-17
0 1.38086e-17
0 1.38083e-17
0 1.38081e-17
0 1.38079e-17
0 1.38077e-17
0 1.38075e-17
0 1.38073e-17
0 1.3807e-17
0 1.38068e-17
0 1.38066e-17
0 1.38064e-17
0 1.38062e-17
0 1.3806e-17
0 1.38058e-17
0 1.38055e-17
0 1.38053e-17
0 1.38051e-17
0 1.38049e-17
0 1.38047e-17
0 1.38045e-17
0 1.38043e-17
0 1.38041e-17
0 1.38039e-17
0 1.38037e-17
0 1.38034e-17
0 1.38032e-17
0 1.3803e-17
0 1.38028e-17
0 1.38026e-17
0 1.38024e-17
0 1.38022e-17
0 1.3802e-17
0 1.38018e-17
0 1.38016e-17
0 1.38014e-17
0 1.38012e-17
0 1.3801e-17
0 1.38008e-17
0 1.38006e-17
0 1.38004e-17
0 1.38002e-17
0 1.38e-17
0 1.37998e-17
0 1.37996e-17
0 1.37994e-17
0 1.37992e-17
0 1.3799e-17
0 1.37988e-17
0 1.37986e-17
0 1.37984e-17
0 1.37982e-17
0 1.3798e-17
0 1.37978e-17
0 1.37976e-17
0 1.37974e-17
0 1.37972e-17
0 1.3797e-17
0 1.37968e-17
0 1.37966e-17
0 1.37965e-17
0 1.37963e-17
0 1.37961e-17
0 1.37959e-17
0 1.37957e-17
0 1.37955e-17
0 1.37953e-17
0 1.37951e-17
0 1.37949e-17
0 1.37947e-17
0 1.37946e-17
0 1.37944e-17
0 1.37942e-17
0 1.3794e-17
0 1.37938e-17
0 1.37936e-17
0 1.37934e-17
0 1.37932e-17
0 1.37931e-17
0 1.37929e-17
0 1.37927e-17
0 1.37925e-17
0 1.37923e-17
0 1.37921e-17
0 1.3792e-17
0 1.37918e-17
0 1.37916e-17
0 1.37914e-17
0 1.37912e-17
0 1.3791e-17
0 1.37909e-17
0 1.37907e-17
0 1.37905e-17
0 1.37903e-17
0 1.37902e-17
0 1.379e-17
0 1.37898e-17
0 1.37896e-17
0 1.37894e-17
0 1.37893e-17
0 1.37891e-17
0 1.37889e-17
0 1.37887e-17
0 1.37886e-17
0 1.37884e-17
0 1.37882e-17
0 1.3788e-17
0 1.37879e-17
0 1.37877e-17
0 1.37875e-17
0 1.37873e-17
0 1.37872e-17
0 1.3787e-17
0 1.37868e-17
0 1.37867e-17
0 1.37865e-17
0 1.37863e-17
0 1.37861e-17
0 1.3786e-17
0 1.37858e-17
0 1.37856e-17
0 1.37855e-17
0 1.37853e-17
0 1.37851e-17
0 1.3785e-17
0 1.37848e-17
0 1.37846e-17
0 1.37845e-17
0 1.37843e-17

