0 2.11291
0 2.05919
0 1.9239
0 1.72919
0 1.50241
0 1.2693
0 1.04917
0 0.853522
0 0.687031
0 0.549618
0 0.438518
0 0.349848
0 0.279579
0 0.224042
0 0.180124
0 0.145299
0 0.117571
0 0.0953841
0 0.0775377
0 0.0631058
0 0.0513697
0 0.0417667
0 0.0338645
0 0.0273664
0 0.0220721
0 0.0178028
0 0.0143811
0 0.0116448
0 0.00945634
0 0.00770322
0 0.00629546
0 0.00516175
0 0.00424586
0 0.00350351
0 0.00289979
0 0.00240719
0 0.00200394
0 0.00167277
0 0.00139995
0 0.00117453
0 0.00098773
0 0.000832507
0 0.000703179
0 0.000595151
0 0.000504695
0 0.000428777
0 0.000364919
0 0.00031109
0 0.000265623
0 0.000227145
0 0.000194522
0 0.000166813
0 0.000143239
0 0.00012315
0 0.000106004
0 9.13497e-05
0 7.88061e-05
0 6.80551e-05
0 5.88285e-05
0 5.09004e-05
0 4.40798e-05
0 3.82055e-05
0 3.31406e-05
0 2.87689e-05
0 2.49919e-05
0 2.17255e-05
0 1.8898e-05
0 1.64484e-05
0 1.43242e-05
0 1.24807e-05
0 1.08797e-05
0 9.48814e-06
0 8.27777e-06
0 7.22427e-06
0 6.30672e-06
0 5.50706e-06
0 4.80974e-06
0 4.2013e-06
0 3.67013e-06
0 3.20619e-06
0 2.80076e-06
0 2.44631e-06
0 2.13631e-06
0 1.86507e-06
0 1.62766e-06
0 1.41981e-06
0 1.23778e-06
0 1.07833e-06
0 9.38637e-07
0 8.16238e-07
0 7.08988e-07
0 6.15013e-07
0 5.3268e-07
0 4.6056e-07
0 3.97408e-07
0 3.42133e-07
0 2.93783e-07
0 2.51524e-07
0 2.14628e-07
0 1.82457e-07
0 1.54454e-07
0 1.30129e-07
0 1.09057e-07
0 9.08653e-08
0 7.52268e-08
0 6.18574e-08
0 5.0509e-08
0 4.09656e-08
0 3.30396e-08
0 2.65687e-08
0 2.14123e-08
0 1.74502e-08
0 1.45794e-08
0 1.27129e-08
0 1.17777e-08
0 1.52495e-17
0 1.52339e-17
0 1.52186e-17
0 1.52036e-17
0 1.51889e-17
0 1.51744e-17
0 1.51602e-17
0 1.51463e-17
0 1.51326e-17
0 1.51192e-17
0 1.5106e-17
0 1.50931e-17
0 1.50804e-17
0 1.50679e-17
0 1.50556e-17
0 1.50435e-17
0 1.50317e-17
0 1.502e-17
0 1.50085e-17
0 1.49973e-17
0 1.49862e-17
0 1.49753e-17
0 1.49645e-17
0 1.4954e-17
0 1.49436e-17
0 1.49334e-17
0 1.49233e-17
0 1.49134e-17
0 1.49036e-17
0 1.4894e-17
0 1.48846e-17
0 1.48752e-17
0 1.48661e-17
0 1.4857e-17
0 1.48481e-17
0 1.48393e-17
0 1.48307e-17
0 1.48222e-17
0 1.48138e-17
0 1.48055e-17
0 1.47973e-17
0 1.47893e-17
0 1.47813e-17
0 1.47735e-17
0 1.47658e-17
0 1.47582e-17
0 1.47507e-17
0 1.47433e-17
0 1.47359e-17
0 1.47287e-17
0 1.47216e-17
0 1.47146e-17
0 1.47077e-17
0 1.47008e-17
0 1.46941e-17
0 1.46874e-17
0 1.46808e-17
0 1.46743e-17
0 1.46679e-17
0 1.46615e-17
0 1.46553e-17
0 1.46491e-17
0 1.4643e-17
0 1.4637e-17
0 1.4631e-17
0 1.46251e-17
0 1.46193e-17
0 1.46135e-17
0 1.46079e-17
0 1.46022e-17
0 1.45967e-17
0 1.45912e-17
0 1.45858e-17
0 1.45804e-17
0 1.45751e-17
0 1.45699e-17
0 1.45647e-17
0 1.45596e-17
0 1.45545e-17
0 1.45495e-17
0 1.45446e-17
0 1.45397e-17
0 1.45348e-17
0 1.453e-17
0 1.45253e-17
0 1.45206e-17
0 1.4516e-17
0 1.45114e-17
0 1.45068e-17
0 1.45023e-17
0 1.44979e-17
0 1.44935e-17
0 1.44891e-17
0 1.44848e-17
0 1.44806e-17
0 1.44763e-17
0 1.44722e-17
0 1.4468e-17
0 1.44639e-17
0 1.44599e-17
0 1.44559e-17
0 1.44519e-17
0 1.44479e-17
0 1.4444e-17
0 1.44402e-17
0 1.44364e-17
0 1.44326e-17
0 1.44288e-17
0 1.44251e-17
0 1.44214e-17
0 1.44178e-17
0 1.44142e-17
0 1.44106e-17
0 1.44071e-17
0 1.44036e-17
0 1.44001e-17
0 1.43966e-17
0 1.43932e-17
0 1.43898e-17
0 1.43865e-17
0 1.43832e-17
0 1.43799e-17
0 1.43766e-17
0 1.43734e-17
0 1.43702e-17
0 1.4367e-17
0 1.43639e-17
0 1.43607e-17
0 1.43576e-17
0 1.43546e-17
0 1.43515e-17
0 1.43485e-17
0 1.43455e-17
0 1.43426e-17
0 1.43396e-17
0 1.43367e-17
0 1.43338e-17
0 1.4331e-17
0 1.43281e-17
0 1.43253e-17
0 1.43225e-17
0 1.43198e-17
0 1.4317e-17
0 1.43143e-17
0 1.43116e-17
0 1.43089e-17
0 1.43062e-17
0 1.43036e-17
0 1.4301e-17
0 1.42984e-17
0 1.42958e-17
0 1.42933e-17
0 1.42907e-17
0 1.42882e-17
0 1.42857e-17
0 1.42833e-17
0 1.42808e-17
0 1.42784e-17
0 1.42759e-17
0 1.42735e-17
0 1.42712e-17
0 1.42688e-17
0 1.42665e-17
0 1.42641e-17
0 1.42618e-17
0 1.42595e-17
0 1.42573e-17
0 1.4255e-17
0 1.42528e-17
0 1.42505e-17
0 1.42483e-17
0 1.42461e-17
0 1.4244e-17
0 1.42418e-17
0 1.42397e-17
0 1.42375e-17
0 1.42354e-17
0 1.42333e-17
0 1.42312e-17
0 1.42292e-17
0 1.42271e-17
0 1.42251e-17
0 1.4223e-17
0 1.4221e-17
0 1.4219e-17
0 1.42171e-17
0 1.42151e-17
0 1.42131e-17
0 1.42112e-17
0 1.42093e-17
0 1.42073e-17
0 1.42054e-17
0 1.42036e-17
0 1.42017e-17
0 1.41998e-17
0 1.4198e-17
0 1.41961e-17
0 1.41943e-17
0 1.41925e-17
0 1.41907e-17
0 1.41889e-17
0 1.41871e-17
0 1.41854e-17
0 1.41836e-17
0 1.41819e-17
0 1.41801e-17
0 1.41784e-17
0 1.41767e-17
0 1.4175e-17
0 1.41733e-17
0 1.41716e-17
0 1.417e-17
0 1.41683e-17
0 1.41667e-17
0 1.4165e-17
0 1.41634e-17
0 1.41618e-17
0 1.41602e-17
0 1.41586e-17
0 1.4157e-17
0 1.41554e-17
0 1.41539e-17
0 1.41523e-17
0 1.41508e-17
0 1.41492e-17
0 1.41477e-17
0 1.41462e-17
0 1.41447e-17
0 1.41432e-17
0 1.41417e-17
0 1.41402e-17
0 1.41388e-17
0 1.41373e-17
0 1.41358e-17
0 1.41344e-17
0 1.4133e-17
0 1.41315e-17
0 1.41301e-17
0 1.41287e-17
0 1.41273e-17
0 1.41259e-17
0 1.41245e-17
0 1.41231e-17
0 1.41218e-17
0 1.41204e-17
0 1.41191e-17
0 1.41177e-17
0 1.41164e-17
0 1.4115e-17
0 1.41137e-17
0 1.41124e-17
0 1.41111e-17
0 1.41098e-17
0 1.41085e-17
0 1.41072e-17
0 1.41059e-17
0 1.41047e-17
0 1.41034e-17
0 1.41021e-17
0 1.41009e-17
0 1.40996e-17
0 1.40984e-17
0 1.40972e-17
0 1.4096e-17
0 1.40947e-17
0 1.40935e-17
0 1.40923e-17
0 1.40911e-17
0 1.40899e-17
0 1.40888e-17
0 1.40876e-17
0 1.40864e-17
0 1.40852e-17
0 1.40841e-17
0 1.40829e-17
0 1.40818e-17
0 1.40806e-17
0 1.40795e-17
0 1.40784e-17
0 1.40773e-17
0 1.40761e-17
0 1.4075e-17
0 1.40739e-17
0 1.40728e-17
0 1.40717e-17
0 1.40706e-17
0 1.40696e-17
0 1.40685e-17
0 1.40674e-17
0 1.40663e-17
0 1.40653e-17
0 1.40642e-17
0 1.40632e-17
0 1.40621e-17
0 1.40611e-17
0 1.40601e-17
0 1.4059e-17
0 1.4058e-17
0 1.4057e-17
0 1.4056e-17
0 1.4055e-17
0 1.4054e-17
0 1.4053e-17
0 1.4052e-17
0 1.4051e-17
0 1.405e-17
0 1.4049e-17
0 1.4048e-17
0 1.40471e-17
0 1.40461e-17
0 1.40452e-17
0 1.40442e-17
0 1.40432e-17
0 1.40423e-17
0 1.40414e-17
0 1.40404e-17
0 1.40395e-17
0 1.40386e-17
0 1.40376e-17
0 1.40367e-17
0 1.40358e-17
0 1.40349e-17
0 1.4034e-17
0 1.40331e-17
0 1.40322e-17
0 1.40313e-17
0 1.40304e-17
0 1.40295e-17
0 1.40286e-17
0 1.40278e-17
0 1.40269e-17
0 1.4026e-17
0 1.40252e-17
0 1.40243e-17
0 1.40234e-17
0 1.40226e-17
0 1.40217e-17
0 1.40209e-17
0 1.40201e-17
0 1.40192e-17
0 1.40184e-17
0 1.40176e-17
0 1.40167e-17
0 1.40159e-17
0 1.40151e-17
0 1.40143e-17
0 1.40135e-17
0 1.40127e-17
0 1.40119e-17
0 1.40111e-17
0 1.40103e-17
0 1.40095e-17
0 1.40087e-17
0 1.40079e-17
0 1.40071e-17
0 1.40063e-17
0 1.40055e-17
0 1.40048e-17
0 1.4004e-17
0 1.40032e-17
0 1.40025e-17
0 1.40017e-17
0 1.4001e-17
0 1.40002e-17
0 1.39995e-17
0 1.39987e-17
0 1.3998e-17
0 1.39972e-17
0 1.39965e-17
0 1.39958e-17
0 1.3995e-17
0 1.39943e-17
0 1.39936e-17
0 1.39929e-17
0 1.39921e-17
0 1.39914e-17
0 1.39907e-17
0 1.399e-17
0 1.39893e-17
0 1.39886e-17
0 1.39879e-17
0 1.39872e-17
0 1.39865e-17
0 1.39858e-17
0 1.39851e-17
0 1.39844e-17
0 1.39837e-17
0 1.39831e-17
0 1.39824e-17
0 1.39817e-17
0 1.3981e-17
0 1.39804e-17
0 1.39797e-17
0 1.3979e-17
0 1.39784e-17
0 1.39777e-17
0 1.39771e-17
0 1.39764e-17
0 1.39758e-17
0 1.39751e-17
0 1.39745e-17
0 1.39738e-17
0 1.39732e-17
0 1.39725e-17
0 1.39719e-17
0 1.39713e-17
0 1.39706e-17
0 1.397e-17
0 1.39694e-17
0 1.39688e-17
0 1.39681e-17
0 1.39675e-17
0 1.39669e-17
0 1.39663e-17
0 1.39657e-17
0 1.39651e-17
0 1.39645e-17
0 1.39639e-17
0 1.39633e-17
0 1.39627e-17
0 1.39621e-17
0 1.39615e-17
0 1.39609e-17
0 1.39603e-17
0 1.39597e-17
0 1.39591e-17
0 1.39585e-17
0 1.3958e-17
0 1.39574e-17
0 1.39568e-17
0 1.39562e-17
0 1.39556e-17
0 1.39551e-17
0 1.39545e-17
0 1.39539e-17
0 1.39534e-17
0 1.39528e-17
0 1.39523e-17
0 1.39517e-17
0 1.39511e-17
0 1.39506e-17
0 1.395e-17
0 1.39495e-17
0 1.39489e-17
0 1.39484e-17
0 1.39478e-17
0 1.39473e-17
0 1.39468e-17
0 1.39462e-17
0 1.39457e-17
0 1.39452e-17
0 1.39446e-17
0 1.39441e-17
0 1.39436e-17
0 1.3943e-17
0 1.39425e-17
0 1.3942e-17
0 1.39415e-17
0 1.3941e-17
0 1.39404e-17
0 1.39399e-17
0 1.39394e-17
0 1.39389e-17
0 1.39384e-17
0 1.39379e-17
0 1.39374e-17
0 1.39369e-17
0 1.39364e-17
0 1.39359e-17
0 1.39354e-17
0 1.39349e-17
0 1.39344e-17
0 1.39339e-17
0 1.39334e-17
0 1.39329e-17
0 1.39324e-17
0 1.39319e-17
0 1.39314e-17
0 1.3931e-17
0 1.39305e-17
0 1.393e-17
0 1.39295e-17
0 1.3929e-17
0 1.39286e-17
0 1.39281e-17
0 1.39276e-17
0 1.39272e-17
0 1.39267e-17
0 1.39262e-17
0 1.39258e-17
0 1.39253e-17
0 1.39248e-17
0 1.39244e-17
0 1.39239e-17
0 1.39234e-17
0 1.3923e-17
0 1.39225e-17
0 1.39221e-17
0 1.39216e-17
0 1.39212e-17
0 1.39207e-17
0 1.39203e-17
0 1.39198e-17
0 1.39194e-17
0 1.3919e-17
0 1.39185e-17
0 1.39181e-17
0 1.39176e-17
0 1.39172e-17
0 1.39168e-17
0 1.39163e-17
0 1.39159e-17
0 1.39155e-17
0 1.3915e-17
0 1.39146e-17
0 1.39142e-17
0 1.39137e-17
0 1.39133e-17
0 1.39129e-17
0 1.39125e-17
0 1.39121e-17
0 1.39116e-17
0 1.39112e-17
0 1.39108e-17
0 1.39104e-17
0 1.391e-17
0 1.39096e-17
0 1.39092e-17
0 1.39087e-17
0 1.39083e-17
0 1.39079e-17
0 1.39075e-17
0 1.39071e-17
0 1.39067e-17
0 1.39063e-17
0 1.39059e-17
0 1.39055e-17
0 1.39051e-17
0 1.39047e-17
0 1.39043e-17
0 1.39039e-17
0 1.39035e-17
0 1.39031e-17
0 1.39028e-17
0 1.39024e-17
0 1.3902e-17
0 1.39016e-17
0 1.39012e-17
0 1.39008e-17
0 1.39004e-17
0 1.39001e-17
0 1.38997e-17
0 1.38993e-17
0 1.38989e-17
0 1.38985e-17
0 1.38982e-17
0 1.38978e-17
0 1.38974e-17
0 1.3897e-17
0 1.38967e-17
0 1.38963e-17
0 1.38959e-17
0 1.38956e-17
0 1.38952e-17
0 1.38948e-17
0 1.38945e-17
0 1.38941e-17
0 1.38937e-17
0 1.38934e-17
0 1.3893e-17
0 1.38926e-17
0 1.38923e-17
0 1.38919e-17
0 1.38916e-17
0 1.38912e-17
0 1.38909e-17
0 1.38905e-17
0 1.38902e-17
0 1.38898e-17
0 1.38895e-17
0 1.38891e-17
0 1.38888e-17
0 1.38884e-17
0 1.38881e-17
0 1.38877e-17
0 1.38874e-17
0 1.3887e-17
0 1.38867e-17
0 1.38863e-17
0 1.3886e-17
0 1.38857e-17
0 1.38853e-17
0 1.3885e-17
0 1.38847e-17
0 1.38843e-17
0 1.3884e-17
0 1.38836e-17
0 1.38833e-17
0 1.3883e-17
0 1.38827e-17
0 1.38823e-17
0 1.3882e-17
0 1.38817e-17
0 1.38813e-17
0 1.3881e-17
0 1.38807e-17
0 1.38804e-17
0 1.388e-17
0 1.38797e-17
0 1.38794e-17
0 1.38791e-17
0 1.38788e-17
0 1.38784e-17
0 1.38781e-17
0 1.38778e-17
0 1.38775e-17
0 1.38772e-17
0 1.38769e-17
0 1.38765e-17
0 1.38762e-17
0 1.38759e-17
0 1.38756e-17
0 1.38753e-17
0 1.3875e-17
0 1.38747e-17
0 1.38744e-17
0 1.38741e-17
0 1.38738e-17
0 1.38735e-17
0 1.38732e-17
0 1.38728e-17
0 1.38725e-17
0 1.38722e-17
0 1.38719e-17
0 1.38716e-17
0 1.38713e-17
0 1.3871e-17
0 1.38707e-17
0 1.38705e-17
0 1.38702e-17
0 1.38699e-17
0 1.38696e-17
0 1.38693e-17
0 1.3869e-17
0 1.38687e-17
0 1.38684e-17
0 1.38681e-17
0 1.38678e-17
0 1.38675e-17
0 1.38672e-17
0 1.3867e-17
0 1.38667e-17
0 1.38664e-17
0 1.38661e-17
0 1.38658e-17
0 1.38655e-17
0 1.38652e-17
0 1.3865e-17
0 1.38647e-17
0 1.38644e-17
0 1.38641e-17
0 1.38638e-17
0 1.38636e-17
0 1.38633e-17
0 1.3863e-17
0 1.38627e-17
0 1.38625e-17
0 1.38622e-17
0 1.38619e-17
0 1.38616e-17
0 1.38614e-17
0 1.38611e-17
0 1.38608e-17
0 1.38605e-17
0 1.38603e-17
0 1.386e-17
0 1.38597e-17
0 1.38595e-17
0 1.38592e-17
0 1.38589e-17
0 1.38587e-17
0 1.38584e-17
0 1.38581e-17
0 1.38579e-17
0 1.38576e-17
0 1.38574e-17
0 1.38571e-17
0 1.38568e-17
0 1.38566e-17
0 1.38563e-17
0 1.38561e-17
0 1.38558e-17
0 1.38555e-17
0 1.38553e-17
0 1.3855e-17
0 1.38548e-17
0 1.38545e-17
0 1.38543e-17
0 1.3854e-17
0 1.38538e-17
0 1.38535e-17
0 1.38532e-17
0 1.3853e-17
0 1.38527e-17
0 1.38525e-17
0 1.38522e-17
0 1.3852e-17
0 1.38517e-17
0 1.38515e-17
0 1.38513e-17
0 1.3851e-17
0 1.38508e-17
0 1.38505e-17
0 1.38503e-17
0 1.385e-17
0 1.38498e-17
0 1.38495e-17
0 1.38493e-17
0 1.38491e-17
0 1.38488e-17
0 1.38486e-17
0 1.38483e-17
0 1.38481e-17
0 1.38479e-17
0 1.38476e-17
0 1.38474e-17
0 1.38471e-17
0 1.38469e-17
0 1.38467e-17
0 1.38464e-17
0 1.38462e-17
0 1.3846e-17
0 1.38457e-17
0 1.38455e-17
0 1.38453e-17
0 1.3845e-17
0 1.38448e-17
0 1.38446e-17
0 1.38443e-17
0 1.38441e-17
0 1.38439e-17
0 1.38437e-17
0 1.38434e-17
0 1.38432e-17
0 1.3843e-17
0 1.38428e-17
0 1.38425e-17
0 1.38423e-17
0 1.38421e-17
0 1.38419e-17
0 1.38416e-17
0 1.38414e-17
0 1.38412e-17
0 1.3841e-17
0 1.38407e-17
0 1.38405e-17
0 1.38403e-17
0 1.38401e-17
0 1.38399e-17
0 1.38396e-17
0 1.38394e-17
0 1.38392e-17
0 1.3839e-17
0 1.38388e-17
0 1.38385e-17
0 1.38383e-17
0 1.38381e-17
0 1.38379e-17
0 1.38377e-17
0 1.38375e-17
0 1.38373e-17
0 1.3837e-17
0 1.38368e-17
0 1.38366e-17
0 1.38364e-17
0 1.38362e-17
0 1.3836e-17
0 1.38358e-17
0 1.38356e-17
0 1.38354e-17
0 1.38351e-17
0 1.38349e-17
0 1.38347e-17
0 1.38345e-17
0 1.38343e-17
0 1.38341e-17
0 1.38339e-17
0 1.38337e-17
0 1.38335e-17
0 1.38333e-17
0 1.38331e-17
0 1.38329e-17
0 1.38327e-17
0 1.38325e-17
0 1.38323e-17
0 1.38321e-17
0 1.38319e-17
0 1.38317e-17
0 1.38315e-17
0 1.38313e-17
0 1.38311e-17
0 1.38309e-17
0 1.38307e-17
0 1.38305e-17
0 1.38303e-17
0 1.38301e-17
0 1.38299e-17
0 1.38297e-17
0 1.38295e-17
0 1.38293e-17
0 1.38291e-17
0 1.38289e-17
0 1.38287e-17
0 1.38285e-17
0 1.38283e-17
0 1.38281e-17
0 1.38279e-17
0 1.38277e-17
0 1.38276e-17
0 1.38274e-17
0 1.38272e-17
0 1.3827e-17
0 1.38268e-17
0 1.38266e-17
0 1.38264e-17
0 1.38262e-17
0 1.3826e-17
0 1.38258e-17
0 1.38257e-17
0 1.38255e-17
0 1.38253e-17
0 1.38251e-17
0 1.38249e-17
0 1.38247e-17
0 1.38245e-17
0 1.38244e-17
0 1.38242e-17
0 1.3824e-17
0 1.38238e-17
0 1.38236e-17
0 1.38234e-17
0 1.38233e-17
0 1.38231e-17
0 1.38229e-17
0 1.38227e-17
0 1.38225e-17
0 1.38223e-17
0 1.38222e-17
0 1.3822e-17
0 1.38218e-17
0 1.38216e-17
0 1.38214e-17
0 1.38213e-17
0 1.38211e-17
0 1.38209e-17
0 1.38207e-17
0 1.38206e-17
0 1.38204e-17
0 1.38202e-17
0 1.382e-17
0 1.38199e-17
0 1.38197e-17
0 1.38195e-17
0 1.38193e-17
0 1.38192e-17
0 1.3819e-17
0 1.38188e-17
0 1.38186e-17
0 1.38185e-17
0 1.38183e-17
0 1.38181e-17
0 1.38179e-17
0 1.38178e-17
0 1.38176e-17
0 1.38174e-17
0 1.38173e-17
0 1.38171e-17
0 1.38169e-17
0 1.38168e-17
0 1.38166e-17
0 1.38164e-17
0 1.38163e-17
0 1.38161e-17
0 1.38159e-17
0 1.38157e-17

