0 8913.21
0 1594.51
0 311.376
0 115.908
0 59.0809
0 35.4981
0 23.4983
0 16.5526
0 12.1642
0 9.21135
0 7.12838
0 5.60438
0 4.45678
0 3.57255
0 2.87873
0 2.32663
0 1.88294
0 1.52454
0 1.23506
0 1.00211
0 0.815336
0 0.665758
0 0.545802
0 0.449318
0 0.371422
0 0.308271
0 0.256854
0 0.21481
0 0.180285
0 0.151819
0 0.128255
0 0.108676
0 0.0923493
0 0.0786869
0 0.067217
0 0.0575576
0 0.0493989
0 0.0424883
0 0.0366191
0 0.0316219
0 0.0273568
0 0.0237081
0 0.0205801
0 0.0178928
0 0.0155796
0 0.0135847
0 0.0118612
0 0.0103696
0 0.00907674
0 0.00795427
0 0.00697834
0 0.00612862
0 0.00538779
0 0.00474105
0 0.00417577
0 0.0036811
0 0.00324773
0 0.00286765
0 0.00253396
0 0.00224071
0 0.00198276
0 0.00175564
0 0.00155549
0 0.00137896
0 0.00122315
0 0.0010855
0 0.000963815
0 0.000856164
0 0.000760861
0 0.000676435
0 0.000601597
0 0.000535217
0 0.000476305
0 0.000423991
0 0.000377512
0 0.000336195
0 0.000299448
0 0.000266752
0 0.000237646
0 0.000211726
0 0.000188632
0 0.00016805
0 0.000149699
0 0.000133332
0 0.00011873
0 0.000105699
0 9.40672e-05
0 8.36812e-05
0 7.44059e-05
0 6.61211e-05
0 5.872e-05
0 5.21075e-05
0 4.61992e-05
0 4.09199e-05
0 3.62027e-05
0 3.1988e-05
0 2.82228e-05
0 2.48597e-05
0 2.18566e-05
0 1.91759e-05
0 1.67839e-05
0 1.46509e-05
0 1.275e-05
0 1.10574e-05
0 9.55178e-06
0 8.2142e-06
0 7.02764e-06
0 5.97696e-06
0 5.04862e-06
0 4.23056e-06
0 3.51199e-06
0 2.88332e-06
0 2.336e-06
0 1.86239e-06
0 1.45573e-06
0 1.11e-06
0 8.19875e-07
0 5.80629e-07
0 3.88109e-07
0 2.38661e-07
0 1.29088e-07
0 5.66118e-08
0 1.88331e-08
0 1.67148e-15
0 1.67022e-15
0 1.66898e-15
0 1.66777e-15
0 1.66657e-15
0 1.6654e-15
0 1.66424e-15
0 1.66311e-15
0 1.66199e-15
0 1.66089e-15
0 1.65981e-15
0 1.65875e-15
0 1.6577e-15
0 1.65668e-15
0 1.65566e-15
0 1.65467e-15
0 1.65368e-15
0 1.65272e-15
0 1.65177e-15
0 1.65083e-15
0 1.64991e-15
0 1.649e-15
0 1.6481e-15
0 1.64722e-15
0 1.64635e-15
0 1.64549e-15
0 1.64465e-15
0 1.64382e-15
0 1.643e-15
0 1.64219e-15
0 1.64139e-15
0 1.6406e-15
0 1.63983e-15
0 1.63906e-15
0 1.63831e-15
0 1.63756e-15
0 1.63683e-15
0 1.6361e-15
0 1.63539e-15
0 1.63468e-15
0 1.63399e-15
0 1.6333e-15
0 1.63262e-15
0 1.63195e-15
0 1.63129e-15
0 1.63064e-15
0 1.63e-15
0 1.62936e-15
0 1.62873e-15
0 1.62811e-15
0 1.6275e-15
0 1.62689e-15
0 1.6263e-15
0 1.6257e-15
0 1.62512e-15
0 1.62454e-15
0 1.62397e-15
0 1.62341e-15
0 1.62285e-15
0 1.6223e-15
0 1.62176e-15
0 1.62122e-15
0 1.62069e-15
0 1.62017e-15
0 1.61965e-15
0 1.61913e-15
0 1.61863e-15
0 1.61812e-15
0 1.61763e-15
0 1.61714e-15
0 1.61665e-15
0 1.61617e-15
0 1.6157e-15
0 1.61523e-15
0 1.61476e-15
0 1.6143e-15
0 1.61385e-15
0 1.6134e-15
0 1.61295e-15
0 1.61251e-15
0 1.61207e-15
0 1.61164e-15
0 1.61121e-15
0 1.61079e-15
0 1.61037e-15
0 1.60996e-15
0 1.60955e-15
0 1.60914e-15
0 1.60874e-15
0 1.60834e-15
0 1.60795e-15
0 1.60756e-15
0 1.60717e-15
0 1.60679e-15
0 1.60641e-15
0 1.60603e-15
0 1.60566e-15
0 1.60529e-15
0 1.60493e-15
0 1.60457e-15
0 1.60421e-15
0 1.60386e-15
0 1.6035e-15
0 1.60316e-15
0 1.60281e-15
0 1.60247e-15
0 1.60213e-15
0 1.6018e-15
0 1.60146e-15
0 1.60113e-15
0 1.60081e-15
0 1.60048e-15
0 1.60016e-15
0 1.59985e-15
0 1.59953e-15
0 1.59922e-15
0 1.59891e-15
0 1.5986e-15
0 1.5983e-15
0 1.598e-15
0 1.5977e-15
0 1.5974e-15
0 1.59711e-15
0 1.59682e-15
0 1.59653e-15
0 1.59624e-15
0 1.59596e-15
0 1.59568e-15
0 1.5954e-15
0 1.59512e-15
0 1.59485e-15
0 1.59457e-15
0 1.5943e-15
0 1.59403e-15
0 1.59377e-15
0 1.59351e-15
0 1.59324e-15
0 1.59298e-15
0 1.59273e-15
0 1.59247e-15
0 1.59222e-15
0 1.59197e-15
0 1.59172e-15
0 1.59147e-15
0 1.59123e-15
0 1.59098e-15
0 1.59074e-15
0 1.5905e-15
0 1.59026e-15
0 1.59003e-15
0 1.58979e-15
0 1.58956e-15
0 1.58933e-15
0 1.5891e-15
0 1.58887e-15
0 1.58865e-15
0 1.58842e-15
0 1.5882e-15
0 1.58798e-15
0 1.58776e-15
0 1.58754e-15
0 1.58733e-15
0 1.58711e-15
0 1.5869e-15
0 1.58669e-15
0 1.58648e-15
0 1.58627e-15
0 1.58606e-15
0 1.58586e-15
0 1.58566e-15
0 1.58545e-15
0 1.58525e-15
0 1.58505e-15
0 1.58485e-15
0 1.58466e-15
0 1.58446e-15
0 1.58427e-15
0 1.58408e-15
0 1.58389e-15
0 1.5837e-15
0 1.58351e-15
0 1.58332e-15
0 1.58313e-15
0 1.58295e-15
0 1.58276e-15
0 1.58258e-15
0 1.5824e-15
0 1.58222e-15
0 1.58204e-15
0 1.58186e-15
0 1.58169e-15
0 1.58151e-15
0 1.58134e-15
0 1.58117e-15
0 1.58099e-15
0 1.58082e-15
0 1.58065e-15
0 1.58049e-15
0 1.58032e-15
0 1.58015e-15
0 1.57999e-15
0 1.57982e-15
0 1.57966e-15
0 1.5795e-15
0 1.57934e-15
0 1.57918e-15
0 1.57902e-15
0 1.57886e-15
0 1.5787e-15
0 1.57855e-15
0 1.57839e-15
0 1.57824e-15
0 1.57808e-15
0 1.57793e-15
0 1.57778e-15
0 1.57763e-15
0 1.57748e-15
0 1.57733e-15
0 1.57718e-15
0 1.57704e-15
0 1.57689e-15
0 1.57675e-15
0 1.5766e-15
0 1.57646e-15
0 1.57632e-15
0 1.57617e-15
0 1.57603e-15
0 1.57589e-15
0 1.57575e-15
0 1.57562e-15
0 1.57548e-15
0 1.57534e-15
0 1.57521e-15
0 1.57507e-15
0 1.57494e-15
0 1.5748e-15
0 1.57467e-15
0 1.57454e-15
0 1.57441e-15
0 1.57428e-15
0 1.57415e-15
0 1.57402e-15
0 1.57389e-15
0 1.57376e-15
0 1.57363e-15
0 1.57351e-15
0 1.57338e-15
0 1.57326e-15
0 1.57313e-15
0 1.57301e-15
0 1.57289e-15
0 1.57276e-15
0 1.57264e-15
0 1.57252e-15
0 1.5724e-15
0 1.57228e-15
0 1.57216e-15
0 1.57205e-15
0 1.57193e-15
0 1.57181e-15
0 1.5717e-15
0 1.57158e-15
0 1.57146e-15
0 1.57135e-15
0 1.57124e-15
0 1.57112e-15
0 1.57101e-15
0 1.5709e-15
0 1.57079e-15
0 1.57068e-15
0 1.57057e-15
0 1.57046e-15
0 1.57035e-15
0 1.57024e-15
0 1.57013e-15
0 1.57002e-15
0 1.56992e-15
0 1.56981e-15
0 1.5697e-15
0 1.5696e-15
0 1.56949e-15
0 1.56939e-15
0 1.56929e-15
0 1.56918e-15
0 1.56908e-15
0 1.56898e-15
0 1.56888e-15
0 1.56878e-15
0 1.56868e-15
0 1.56858e-15
0 1.56848e-15
0 1.56838e-15
0 1.56828e-15
0 1.56818e-15
0 1.56808e-15
0 1.56799e-15
0 1.56789e-15
0 1.56779e-15
0 1.5677e-15
0 1.5676e-15
0 1.56751e-15
0 1.56741e-15
0 1.56732e-15
0 1.56723e-15
0 1.56713e-15
0 1.56704e-15
0 1.56695e-15
0 1.56686e-15
0 1.56677e-15
0 1.56667e-15
0 1.56658e-15
0 1.56649e-15
0 1.5664e-15
0 1.56632e-15
0 1.56623e-15
0 1.56614e-15
0 1.56605e-15
0 1.56596e-15
0 1.56588e-15
0 1.56579e-15
0 1.5657e-15
0 1.56562e-15
0 1.56553e-15
0 1.56545e-15
0 1.56536e-15
0 1.56528e-15
0 1.56519e-15
0 1.56511e-15
0 1.56503e-15
0 1.56495e-15
0 1.56486e-15
0 1.56478e-15
0 1.5647e-15
0 1.56462e-15
0 1.56454e-15
0 1.56446e-15
0 1.56438e-15
0 1.5643e-15
0 1.56422e-15
0 1.56414e-15
0 1.56406e-15
0 1.56398e-15
0 1.5639e-15
0 1.56383e-15
0 1.56375e-15
0 1.56367e-15
0 1.56359e-15
0 1.56352e-15
0 1.56344e-15
0 1.56337e-15
0 1.56329e-15
0 1.56322e-15
0 1.56314e-15
0 1.56307e-15
0 1.56299e-15
0 1.56292e-15
0 1.56285e-15
0 1.56277e-15
0 1.5627e-15
0 1.56263e-15
0 1.56255e-15
0 1.56248e-15
0 1.56241e-15
0 1.56234e-15
0 1.56227e-15
0 1.5622e-15
0 1.56213e-15
0 1.56206e-15
0 1.56199e-15
0 1.56192e-15
0 1.56185e-15
0 1.56178e-15
0 1.56171e-15
0 1.56164e-15
0 1.56157e-15
0 1.56151e-15
0 1.56144e-15
0 1.56137e-15
0 1.56131e-15
0 1.56124e-15
0 1.56117e-15
0 1.56111e-15
0 1.56104e-15
0 1.56097e-15
0 1.56091e-15
0 1.56084e-15
0 1.56078e-15
0 1.56071e-15
0 1.56065e-15
0 1.56059e-15
0 1.56052e-15
0 1.56046e-15
0 1.5604e-15
0 1.56033e-15
0 1.56027e-15
0 1.56021e-15
0 1.56014e-15
0 1.56008e-15
0 1.56002e-15
0 1.55996e-15
0 1.5599e-15
0 1.55984e-15
0 1.55978e-15
0 1.55971e-15
0 1.55965e-15
0 1.55959e-15
0 1.55953e-15
0 1.55947e-15
0 1.55941e-15
0 1.55936e-15
0 1.5593e-15
0 1.55924e-15
0 1.55918e-15
0 1.55912e-15
0 1.55906e-15
0 1.559e-15
0 1.55895e-15
0 1.55889e-15
0 1.55883e-15
0 1.55878e-15
0 1.55872e-15
0 1.55866e-15
0 1.55861e-15
0 1.55855e-15
0 1.55849e-15
0 1.55844e-15
0 1.55838e-15
0 1.55833e-15
0 1.55827e-15
0 1.55822e-15
0 1.55816e-15
0 1.55811e-15
0 1.55805e-15
0 1.558e-15
0 1.55794e-15
0 1.55789e-15
0 1.55784e-15
0 1.55778e-15
0 1.55773e-15
0 1.55768e-15
0 1.55762e-15
0 1.55757e-15
0 1.55752e-15
0 1.55747e-15
0 1.55742e-15
0 1.55736e-15
0 1.55731e-15
0 1.55726e-15
0 1.55721e-15
0 1.55716e-15
0 1.55711e-15
0 1.55706e-15
0 1.55701e-15
0 1.55696e-15
0 1.5569e-15
0 1.55685e-15
0 1.55681e-15
0 1.55676e-15
0 1.55671e-15
0 1.55666e-15
0 1.55661e-15
0 1.55656e-15
0 1.55651e-15
0 1.55646e-15
0 1.55641e-15
0 1.55636e-15
0 1.55632e-15
0 1.55627e-15
0 1.55622e-15
0 1.55617e-15
0 1.55612e-15
0 1.55608e-15
0 1.55603e-15
0 1.55598e-15
0 1.55594e-15
0 1.55589e-15
0 1.55584e-15
0 1.5558e-15
0 1.55575e-15
0 1.5557e-15
0 1.55566e-15
0 1.55561e-15
0 1.55557e-15
0 1.55552e-15
0 1.55548e-15
0 1.55543e-15
0 1.55539e-15
0 1.55534e-15
0 1.5553e-15
0 1.55525e-15
0 1.55521e-15
0 1.55516e-15
0 1.55512e-15
0 1.55508e-15
0 1.55503e-15
0 1.55499e-15
0 1.55494e-15
0 1.5549e-15
0 1.55486e-15
0 1.55482e-15
0 1.55477e-15
0 1.55473e-15
0 1.55469e-15
0 1.55464e-15
0 1.5546e-15
0 1.55456e-15
0 1.55452e-15
0 1.55448e-15
0 1.55443e-15
0 1.55439e-15
0 1.55435e-15
0 1.55431e-15
0 1.55427e-15
0 1.55423e-15
0 1.55419e-15
0 1.55414e-15
0 1.5541e-15
0 1.55406e-15
0 1.55402e-15
0 1.55398e-15
0 1.55394e-15
0 1.5539e-15
0 1.55386e-15
0 1.55382e-15
0 1.55378e-15
0 1.55374e-15
0 1.5537e-15
0 1.55366e-15
0 1.55362e-15
0 1.55358e-15
0 1.55355e-15
0 1.55351e-15
0 1.55347e-15
0 1.55343e-15
0 1.55339e-15
0 1.55335e-15
0 1.55331e-15
0 1.55328e-15
0 1.55324e-15
0 1.5532e-15
0 1.55316e-15
0 1.55312e-15
0 1.55309e-15
0 1.55305e-15
0 1.55301e-15
0 1.55297e-15
0 1.55294e-15
0 1.5529e-15
0 1.55286e-15
0 1.55283e-15
0 1.55279e-15
0 1.55275e-15
0 1.55272e-15
0 1.55268e-15
0 1.55264e-15
0 1.55261e-15
0 1.55257e-15
0 1.55254e-15
0 1.5525e-15
0 1.55246e-15
0 1.55243e-15
0 1.55239e-15
0 1.55236e-15
0 1.55232e-15
0 1.55229e-15
0 1.55225e-15
0 1.55222e-15
0 1.55218e-15
0 1.55215e-15
0 1.55211e-15
0 1.55208e-15
0 1.55204e-15
0 1.55201e-15
0 1.55197e-15
0 1.55194e-15
0 1.55191e-15
0 1.55187e-15
0 1.55184e-15
0 1.5518e-15
0 1.55177e-15
0 1.55174e-15
0 1.5517e-15
0 1.55167e-15
0 1.55164e-15
0 1.5516e-15
0 1.55157e-15
0 1.55154e-15
0 1.55151e-15
0 1.55147e-15
0 1.55144e-15
0 1.55141e-15
0 1.55137e-15
0 1.55134e-15
0 1.55131e-15
0 1.55128e-15
0 1.55125e-15
0 1.55121e-15
0 1.55118e-15
0 1.55115e-15
0 1.55112e-15
0 1.55109e-15
0 1.55105e-15
0 1.55102e-15
0 1.55099e-15
0 1.55096e-15
0 1.55093e-15
0 1.5509e-15
0 1.55087e-15
0 1.55083e-15
0 1.5508e-15
0 1.55077e-15
0 1.55074e-15
0 1.55071e-15
0 1.55068e-15
0 1.55065e-15
0 1.55062e-15
0 1.55059e-15
0 1.55056e-15
0 1.55053e-15
0 1.5505e-15
0 1.55047e-15
0 1.55044e-15
0 1.55041e-15
0 1.55038e-15
0 1.55035e-15
0 1.55032e-15
0 1.55029e-15
0 1.55026e-15
0 1.55023e-15
0 1.5502e-15
0 1.55017e-15
0 1.55014e-15
0 1.55011e-15
0 1.55009e-15
0 1.55006e-15
0 1.55003e-15
0 1.55e-15
0 1.54997e-15
0 1.54994e-15
0 1.54991e-15
0 1.54989e-15
0 1.54986e-15
0 1.54983e-15
0 1.5498e-15
0 1.54977e-15
0 1.54974e-15
0 1.54972e-15
0 1.54969e-15
0 1.54966e-15
0 1.54963e-15
0 1.5496e-15
0 1.54958e-15
0 1.54955e-15
0 1.54952e-15
0 1.54949e-15
0 1.54947e-15
0 1.54944e-15
0 1.54941e-15
0 1.54939e-15
0 1.54936e-15
0 1.54933e-15
0 1.5493e-15
0 1.54928e-15
0 1.54925e-15
0 1.54922e-15
0 1.5492e-15
0 1.54917e-15
0 1.54914e-15
0 1.54912e-15
0 1.54909e-15
0 1.54907e-15
0 1.54904e-15
0 1.54901e-15
0 1.54899e-15
0 1.54896e-15
0 1.54893e-15
0 1.54891e-15
0 1.54888e-15
0 1.54886e-15
0 1.54883e-15
0 1.54881e-15
0 1.54878e-15
0 1.54875e-15
0 1.54873e-15
0 1.5487e-15
0 1.54868e-15
0 1.54865e-15
0 1.54863e-15
0 1.5486e-15
0 1.54858e-15
0 1.54855e-15
0 1.54853e-15
0 1.5485e-15
0 1.54848e-15
0 1.54845e-15
0 1.54843e-15
0 1.5484e-15
0 1.54838e-15
0 1.54836e-15
0 1.54833e-15
0 1.54831e-15
0 1.54828e-15
0 1.54826e-15
0 1.54823e-15
0 1.54821e-15
0 1.54819e-15
0 1.54816e-15
0 1.54814e-15
0 1.54811e-15
0 1.54809e-15
0 1.54807e-15
0 1.54804e-15
0 1.54802e-15
0 1.54799e-15
0 1.54797e-15
0 1.54795e-15
0 1.54792e-15
0 1.5479e-15
0 1.54788e-15
0 1.54785e-15
0 1.54783e-15
0 1.54781e-15
0 1.54778e-15
0 1.54776e-15
0 1.54774e-15
0 1.54772e-15
0 1.54769e-15
0 1.54767e-15
0 1.54765e-15
0 1.54762e-15
0 1.5476e-15
0 1.54758e-15
0 1.54756e-15
0 1.54753e-15
0 1.54751e-15
0 1.54749e-15
0 1.54747e-15
0 1.54744e-15
0 1.54742e-15
0 1.5474e-15
0 1.54738e-15
0 1.54736e-15
0 1.54733e-15
0 1.54731e-15
0 1.54729e-15
0 1.54727e-15
0 1.54725e-15
0 1.54722e-15
0 1.5472e-15
0 1.54718e-15
0 1.54716e-15
0 1.54714e-15
0 1.54712e-15
0 1.54709e-15
0 1.54707e-15
0 1.54705e-15
0 1.54703e-15
0 1.54701e-15
0 1.54699e-15
0 1.54697e-15
0 1.54694e-15
0 1.54692e-15
0 1.5469e-15
0 1.54688e-15
0 1.54686e-15
0 1.54684e-15
0 1.54682e-15
0 1.5468e-15
0 1.54678e-15
0 1.54676e-15
0 1.54674e-15
0 1.54672e-15
0 1.54669e-15
0 1.54667e-15
0 1.54665e-15
0 1.54663e-15
0 1.54661e-15
0 1.54659e-15
0 1.54657e-15
0 1.54655e-15
0 1.54653e-15
0 1.54651e-15
0 1.54649e-15
0 1.54647e-15
0 1.54645e-15
0 1.54643e-15
0 1.54641e-15
0 1.54639e-15
0 1.54637e-15
0 1.54635e-15
0 1.54633e-15
0 1.54631e-15
0 1.54629e-15
0 1.54627e-15
0 1.54625e-15
0 1.54623e-15
0 1.54621e-15
0 1.54619e-15
0 1.54618e-15
0 1.54616e-15
0 1.54614e-15
0 1.54612e-15
0 1.5461e-15
0 1.54608e-15
0 1.54606e-15
0 1.54604e-15
0 1.54602e-15
0 1.546e-15
0 1.54598e-15
0 1.54596e-15
0 1.54595e-15
0 1.54593e-15
0 1.54591e-15
0 1.54589e-15
0 1.54587e-15
0 1.54585e-15
0 1.54583e-15
0 1.54581e-15
0 1.5458e-15
0 1.54578e-15
0 1.54576e-15
0 1.54574e-15
0 1.54572e-15
0 1.5457e-15
0 1.54568e-15
0 1.54567e-15
0 1.54565e-15
0 1.54563e-15
0 1.54561e-15
0 1.54559e-15
0 1.54558e-15
0 1.54556e-15
0 1.54554e-15
0 1.54552e-15
0 1.5455e-15
0 1.54548e-15
0 1.54547e-15
0 1.54545e-15
0 1.54543e-15
0 1.54541e-15
0 1.5454e-15
0 1.54538e-15
0 1.54536e-15
0 1.54534e-15
0 1.54533e-15
0 1.54531e-15
0 1.54529e-15
0 1.54527e-15
0 1.54526e-15
0 1.54524e-15
0 1.54522e-15
0 1.5452e-15
0 1.54519e-15
0 1.54517e-15
0 1.54515e-15
0 1.54513e-15
0 1.54512e-15
0 1.5451e-15
0 1.54508e-15
0 1.54507e-15
0 1.54505e-15
0 1.54503e-15
0 1.54501e-15
0 1.545e-15
0 1.54498e-15
0 1.54496e-15
0 1.54495e-15
0 1.54493e-15
0 1.54491e-15
0 1.5449e-15
0 1.54488e-15
0 1.54486e-15
0 1.54485e-15
0 1.54483e-15
0 1.54481e-15
0 1.5448e-15
0 1.54478e-15

