0 0.00471689
0 0.00471072
0 0.00469409
0 0.00466719
0 0.00463021
0 0.00458342
0 0.00452714
0 0.00446176
0 0.00438772
0 0.00430552
0 0.0042157
0 0.00411885
0 0.00401559
0 0.00390655
0 0.0037924
0 0.00367382
0 0.00355147
0 0.00342605
0 0.00329821
0 0.00316863
0 0.00303794
0 0.00290675
0 0.00277565
0 0.0026452
0 0.00251592
0 0.00238829
0 0.00226276
0 0.00213973
0 0.00201956
0 0.00190257
0 0.00178904
0 0.0016792
0 0.00157325
0 0.00147135
0 0.00137362
0 0.00128013
0 0.00119095
0 0.00110609
0 0.00102555
0 0.000949299
0 0.000877275
0 0.000809404
0 0.000745594
0 0.000685734
0 0.000629702
0 0.000577366
0 0.000528582
0 0.000483203
0 0.000441075
0 0.000402042
0 0.000365944
0 0.000332624
0 0.000301925
0 0.00027369
0 0.000247767
0 0.000224008
0 0.00020227
0 0.000182412
0 0.000164302
0 0.000147812
0 0.00013282
0 0.000119211
0 0.000106875
0 9.57097e-05
0 8.56182e-05
0 7.65098e-05
0 6.82999e-05
0 6.09097e-05
0 5.42659e-05
0 4.83007e-05
0 4.29514e-05
0 3.81601e-05
0 3.38736e-05
0 3.00432e-05
0 2.6624e-05
0 2.35752e-05
0 2.08596e-05
0 1.84432e-05
0 1.62951e-05
0 1.43874e-05
0 1.26947e-05
0 1.11941e-05
0 9.865e-06
0 8.68874e-06
0 7.64858e-06
0 6.72948e-06
0 5.91794e-06
0 5.20188e-06
0 4.5705e-06
0 4.01413e-06
0 3.52417e-06
0 3.09293e-06
0 2.71359e-06
0 2.38008e-06
0 2.087e-06
0 1.82957e-06
0 1.60355e-06
0 1.40518e-06
0 1.23116e-06
0 1.07853e-06
0 9.44721e-07
0 8.27437e-07
0 7.24665e-07
0 6.34631e-07
0 5.55771e-07
0 4.86712e-07
0 4.26243e-07
0 3.73304e-07
0 3.26961e-07
0 2.86396e-07
0 2.5089e-07
0 2.19812e-07
0 1.92612e-07
0 1.68805e-07
0 1.47966e-07
0 1.29725e-07
0 1.13756e-07
0 9.97762e-08
0 8.7535e-08
0 7.68152e-08
0 6.74263e-08
0 5.92016e-08
0 5.19954e-08
0 4.56799e-08
0 4.0143e-08
0 3.52873e-08
0 3.10277e-08
0 2.72897e-08
0 2.40085e-08
0 2.11275e-08
0 1.8597e-08
0 1.63738e-08
0 1.442e-08
0 1.27024e-08
0 1.11922e-08
0 9.86391e-09
0 8.6953e-09
0 7.66691e-09
0 6.76168e-09
0 5.96468e-09
0 5.26278e-09
0 4.64448e-09
0 4.0997e-09
0 3.61958e-09
0 3.19635e-09
0 2.82319e-09
0 2.49409e-09
0 2.20379e-09
0 1.94765e-09
0 1.72162e-09
0 1.52211e-09
0 1.34596e-09
0 1.19042e-09
0 1.05305e-09
0 9.31689e-10
0 8.24462e-10
0 7.29702e-10
0 6.45943e-10
0 5.71894e-10
0 5.06418e-10
0 4.48511e-10
0 3.9729e-10
0 3.51974e-10
0 3.11875e-10
0 2.76388e-10
0 2.44976e-10
0 2.17166e-10
0 1.92542e-10
0 1.70735e-10
0 1.51419e-10
0 1.34308e-10
0 1.19147e-10
0 1.05712e-10
0 9.38045e-11
0 8.32496e-11
0 7.38921e-11
0 6.5595e-11
0 5.82371e-11
0 5.1711e-11
0 4.59221e-11
0 4.07862e-11
0 3.62291e-11
0 3.2185e-11
0 2.85958e-11
0 2.54097e-11
0 2.25812e-11
0 2.00699e-11
0 1.78398e-11
0 1.58592e-11
0 1.41e-11
0 1.25373e-11
0 1.11489e-11
0 9.91532e-12
0 8.81907e-12
0 7.84478e-12
0 6.97879e-12
0 6.20897e-12
0 5.52457e-12
0 4.91603e-12
0 4.3749e-12
0 3.89365e-12
0 3.46561e-12
0 3.08487e-12
0 2.74615e-12
0 2.44479e-12
0 2.17664e-12
0 1.93803e-12
0 1.72566e-12
0 1.53665e-12
0 1.3684e-12
0 1.21863e-12
0 1.08528e-12
0 9.66555e-13
0 8.60833e-13
0 7.66685e-13
0 6.82835e-13
0 6.08152e-13
0 5.41628e-13
0 4.82368e-13
0 4.29573e-13
0 3.82535e-13
0 3.40624e-13
0 3.03278e-13
0 2.69998e-13
0 2.40339e-13
0 2.13906e-13
0 1.90347e-13
0 1.69349e-13
0 1.50631e-13
0 1.33947e-13
0 1.19074e-13
0 1.05816e-13
0 9.39982e-14
0 8.34631e-14
0 7.40721e-14
0 6.57014e-14
0 5.82405e-14
0 5.15911e-14
0 4.56657e-14
0 4.03862e-14
0 3.56832e-14
0 3.14947e-14
0 2.77656e-14
0 2.44468e-14
0 2.14947e-14
0 1.88702e-14
0 1.65388e-14
0 1.44696e-14
0 1.26353e-14
0 1.10115e-14
0 9.57647e-15
0 8.31115e-15
0 7.1985e-15
0 6.22347e-15
0 5.37278e-15
0 4.63474e-15
0 3.99907e-15
0 3.45678e-15
0 3.00006e-15
0 2.62215e-15
0 2.31727e-15
0 2.08052e-15
0 1.90782e-15
0 1.79586e-15
0 1.55488e-19
0 1.55399e-19
0 1.5531e-19
0 1.55223e-19
0 1.55136e-19
0 1.5505e-19
0 1.54965e-19
0 1.5488e-19
0 1.54797e-19
0 1.54714e-19
0 1.54632e-19
0 1.5455e-19
0 1.5447e-19
0 1.5439e-19
0 1.5431e-19
0 1.54232e-19
0 1.54154e-19
0 1.54076e-19
0 1.54e-19
0 1.53924e-19
0 1.53849e-19
0 1.53774e-19
0 1.537e-19
0 1.53626e-19
0 1.53554e-19
0 1.53481e-19
0 1.5341e-19
0 1.53339e-19
0 1.53268e-19
0 1.53198e-19
0 1.53129e-19
0 1.5306e-19
0 1.52992e-19
0 1.52925e-19
0 1.52858e-19
0 1.52791e-19
0 1.52725e-19
0 1.5266e-19
0 1.52595e-19
0 1.5253e-19
0 1.52466e-19
0 1.52403e-19
0 1.5234e-19
0 1.52277e-19
0 1.52215e-19
0 1.52154e-19
0 1.52093e-19
0 1.52032e-19
0 1.51972e-19
0 1.51913e-19
0 1.51853e-19
0 1.51795e-19
0 1.51736e-19
0 1.51678e-19
0 1.51621e-19
0 1.51564e-19
0 1.51507e-19
0 1.51451e-19
0 1.51395e-19
0 1.5134e-19
0 1.51285e-19
0 1.5123e-19
0 1.51176e-19
0 1.51122e-19
0 1.51069e-19
0 1.51016e-19
0 1.50963e-19
0 1.50911e-19
0 1.50859e-19
0 1.50808e-19
0 1.50757e-19
0 1.50706e-19
0 1.50655e-19
0 1.50605e-19
0 1.50555e-19
0 1.50506e-19
0 1.50457e-19
0 1.50408e-19
0 1.5036e-19
0 1.50312e-19
0 1.50264e-19
0 1.50216e-19
0 1.50169e-19
0 1.50123e-19
0 1.50076e-19
0 1.5003e-19
0 1.49984e-19
0 1.49938e-19
0 1.49893e-19
0 1.49848e-19
0 1.49804e-19
0 1.49759e-19
0 1.49715e-19
0 1.49671e-19
0 1.49628e-19
0 1.49584e-19
0 1.49542e-19
0 1.49499e-19
0 1.49456e-19
0 1.49414e-19
0 1.49372e-19
0 1.49331e-19
0 1.49289e-19
0 1.49248e-19
0 1.49207e-19
0 1.49167e-19
0 1.49127e-19
0 1.49087e-19
0 1.49047e-19
0 1.49007e-19
0 1.48968e-19
0 1.48929e-19
0 1.4889e-19
0 1.48851e-19
0 1.48813e-19
0 1.48775e-19
0 1.48737e-19
0 1.48699e-19
0 1.48662e-19
0 1.48624e-19
0 1.48587e-19
0 1.4855e-19
0 1.48514e-19
0 1.48478e-19
0 1.48441e-19
0 1.48405e-19
0 1.4837e-19
0 1.48334e-19
0 1.48299e-19
0 1.48264e-19
0 1.48229e-19
0 1.48194e-19
0 1.4816e-19
0 1.48125e-19
0 1.48091e-19
0 1.48057e-19
0 1.48024e-19
0 1.4799e-19
0 1.47957e-19
0 1.47924e-19
0 1.47891e-19
0 1.47858e-19
0 1.47825e-19
0 1.47793e-19
0 1.47761e-19
0 1.47729e-19
0 1.47697e-19
0 1.47665e-19
0 1.47633e-19
0 1.47602e-19
0 1.47571e-19
0 1.4754e-19
0 1.47509e-19
0 1.47478e-19
0 1.47448e-19
0 1.47418e-19
0 1.47387e-19
0 1.47357e-19
0 1.47328e-19
0 1.47298e-19
0 1.47268e-19
0 1.47239e-19
0 1.4721e-19
0 1.47181e-19
0 1.47152e-19
0 1.47123e-19
0 1.47094e-19
0 1.47066e-19
0 1.47038e-19
0 1.47009e-19
0 1.46981e-19
0 1.46953e-19
0 1.46926e-19
0 1.46898e-19
0 1.46871e-19
0 1.46843e-19
0 1.46816e-19
0 1.46789e-19
0 1.46762e-19
0 1.46736e-19
0 1.46709e-19
0 1.46682e-19
0 1.46656e-19
0 1.4663e-19
0 1.46604e-19
0 1.46578e-19
0 1.46552e-19
0 1.46526e-19
0 1.46501e-19
0 1.46475e-19
0 1.4645e-19
0 1.46425e-19
0 1.464e-19
0 1.46375e-19
0 1.4635e-19
0 1.46325e-19
0 1.46301e-19
0 1.46276e-19
0 1.46252e-19
0 1.46228e-19
0 1.46203e-19
0 1.46179e-19
0 1.46156e-19
0 1.46132e-19
0 1.46108e-19
0 1.46085e-19
0 1.46061e-19
0 1.46038e-19
0 1.46015e-19
0 1.45992e-19
0 1.45969e-19
0 1.45946e-19
0 1.45923e-19
0 1.459e-19
0 1.45878e-19
0 1.45855e-19
0 1.45833e-19
0 1.45811e-19
0 1.45788e-19
0 1.45766e-19
0 1.45745e-19
0 1.45723e-19
0 1.45701e-19
0 1.45679e-19
0 1.45658e-19
0 1.45636e-19
0 1.45615e-19
0 1.45594e-19
0 1.45573e-19
0 1.45551e-19
0 1.4553e-19
0 1.4551e-19
0 1.45489e-19
0 1.45468e-19
0 1.45448e-19
0 1.45427e-19
0 1.45407e-19
0 1.45386e-19
0 1.45366e-19
0 1.45346e-19
0 1.45326e-19
0 1.45306e-19
0 1.45286e-19
0 1.45266e-19
0 1.45247e-19
0 1.45227e-19
0 1.45207e-19
0 1.45188e-19
0 1.45169e-19
0 1.45149e-19
0 1.4513e-19
0 1.45111e-19
0 1.45092e-19
0 1.45073e-19
0 1.45054e-19
0 1.45035e-19
0 1.45017e-19
0 1.44998e-19
0 1.44979e-19
0 1.44961e-19
0 1.44942e-19
0 1.44924e-19
0 1.44906e-19
0 1.44888e-19
0 1.4487e-19
0 1.44852e-19
0 1.44834e-19
0 1.44816e-19
0 1.44798e-19
0 1.4478e-19
0 1.44763e-19
0 1.44745e-19
0 1.44728e-19
0 1.4471e-19
0 1.44693e-19
0 1.44675e-19
0 1.44658e-19
0 1.44641e-19
0 1.44624e-19
0 1.44607e-19
0 1.4459e-19
0 1.44573e-19
0 1.44556e-19
0 1.4454e-19
0 1.44523e-19
0 1.44506e-19
0 1.4449e-19
0 1.44473e-19
0 1.44457e-19
0 1.44441e-19
0 1.44424e-19
0 1.44408e-19
0 1.44392e-19
0 1.44376e-19
0 1.4436e-19
0 1.44344e-19
0 1.44328e-19
0 1.44312e-19
0 1.44296e-19
0 1.44281e-19
0 1.44265e-19
0 1.44249e-19
0 1.44234e-19
0 1.44218e-19
0 1.44203e-19
0 1.44188e-19
0 1.44172e-19
0 1.44157e-19
0 1.44142e-19
0 1.44127e-19
0 1.44112e-19
0 1.44097e-19
0 1.44082e-19
0 1.44067e-19
0 1.44052e-19
0 1.44037e-19
0 1.44023e-19
0 1.44008e-19
0 1.43993e-19
0 1.43979e-19
0 1.43964e-19
0 1.4395e-19
0 1.43935e-19
0 1.43921e-19
0 1.43907e-19
0 1.43893e-19
0 1.43878e-19
0 1.43864e-19
0 1.4385e-19
0 1.43836e-19
0 1.43822e-19
0 1.43808e-19
0 1.43794e-19
0 1.43781e-19
0 1.43767e-19
0 1.43753e-19
0 1.43739e-19
0 1.43726e-19
0 1.43712e-19
0 1.43699e-19
0 1.43685e-19
0 1.43672e-19
0 1.43658e-19
0 1.43645e-19
0 1.43632e-19
0 1.43619e-19
0 1.43605e-19
0 1.43592e-19
0 1.43579e-19
0 1.43566e-19
0 1.43553e-19
0 1.4354e-19
0 1.43527e-19
0 1.43514e-19
0 1.43502e-19
0 1.43489e-19
0 1.43476e-19
0 1.43463e-19
0 1.43451e-19
0 1.43438e-19
0 1.43426e-19
0 1.43413e-19
0 1.43401e-19
0 1.43388e-19
0 1.43376e-19
0 1.43363e-19
0 1.43351e-19
0 1.43339e-19
0 1.43327e-19
0 1.43314e-19
0 1.43302e-19
0 1.4329e-19
0 1.43278e-19
0 1.43266e-19
0 1.43254e-19
0 1.43242e-19
0 1.4323e-19
0 1.43219e-19
0 1.43207e-19
0 1.43195e-19
0 1.43183e-19
0 1.43172e-19
0 1.4316e-19
0 1.43148e-19
0 1.43137e-19
0 1.43125e-19
0 1.43114e-19
0 1.43102e-19
0 1.43091e-19
0 1.4308e-19
0 1.43068e-19
0 1.43057e-19
0 1.43046e-19
0 1.43034e-19
0 1.43023e-19
0 1.43012e-19
0 1.43001e-19
0 1.4299e-19
0 1.42979e-19
0 1.42968e-19
0 1.42957e-19
0 1.42946e-19
0 1.42935e-19
0 1.42924e-19
0 1.42913e-19
0 1.42903e-19
0 1.42892e-19
0 1.42881e-19
0 1.4287e-19
0 1.4286e-19
0 1.42849e-19
0 1.42838e-19
0 1.42828e-19
0 1.42817e-19
0 1.42807e-19
0 1.42796e-19
0 1.42786e-19
0 1.42776e-19
0 1.42765e-19
0 1.42755e-19
0 1.42745e-19
0 1.42734e-19
0 1.42724e-19
0 1.42714e-19
0 1.42704e-19
0 1.42694e-19
0 1.42684e-19
0 1.42673e-19
0 1.42663e-19
0 1.42653e-19
0 1.42643e-19
0 1.42634e-19
0 1.42624e-19
0 1.42614e-19
0 1.42604e-19
0 1.42594e-19
0 1.42584e-19
0 1.42575e-19
0 1.42565e-19
0 1.42555e-19
0 1.42545e-19
0 1.42536e-19
0 1.42526e-19
0 1.42517e-19
0 1.42507e-19
0 1.42497e-19
0 1.42488e-19
0 1.42479e-19
0 1.42469e-19
0 1.4246e-19
0 1.4245e-19
0 1.42441e-19
0 1.42432e-19
0 1.42422e-19
0 1.42413e-19
0 1.42404e-19
0 1.42395e-19
0 1.42385e-19
0 1.42376e-19
0 1.42367e-19
0 1.42358e-19
0 1.42349e-19
0 1.4234e-19
0 1.42331e-19
0 1.42322e-19
0 1.42313e-19
0 1.42304e-19
0 1.42295e-19
0 1.42286e-19
0 1.42277e-19
0 1.42268e-19
0 1.4226e-19
0 1.42251e-19
0 1.42242e-19
0 1.42233e-19
0 1.42225e-19
0 1.42216e-19
0 1.42207e-19
0 1.42199e-19
0 1.4219e-19
0 1.42181e-19
0 1.42173e-19
0 1.42164e-19
0 1.42156e-19
0 1.42147e-19
0 1.42139e-19
0 1.4213e-19
0 1.42122e-19
0 1.42113e-19
0 1.42105e-19
0 1.42097e-19
0 1.42088e-19
0 1.4208e-19
0 1.42072e-19
0 1.42064e-19
0 1.42055e-19
0 1.42047e-19
0 1.42039e-19
0 1.42031e-19
0 1.42023e-19
0 1.42015e-19
0 1.42006e-19
0 1.41998e-19
0 1.4199e-19
0 1.41982e-19
0 1.41974e-19
0 1.41966e-19
0 1.41958e-19
0 1.4195e-19
0 1.41943e-19
0 1.41935e-19
0 1.41927e-19
0 1.41919e-19
0 1.41911e-19
0 1.41903e-19
0 1.41895e-19
0 1.41888e-19
0 1.4188e-19
0 1.41872e-19
0 1.41865e-19
0 1.41857e-19
0 1.41849e-19
0 1.41842e-19
0 1.41834e-19
0 1.41826e-19
0 1.41819e-19
0 1.41811e-19
0 1.41804e-19
0 1.41796e-19
0 1.41789e-19
0 1.41781e-19
0 1.41774e-19
0 1.41766e-19
0 1.41759e-19
0 1.41751e-19
0 1.41744e-19
0 1.41737e-19
0 1.41729e-19
0 1.41722e-19
0 1.41715e-19
0 1.41708e-19
0 1.417e-19
0 1.41693e-19
0 1.41686e-19
0 1.41679e-19
0 1.41671e-19
0 1.41664e-19
0 1.41657e-19
0 1.4165e-19
0 1.41643e-19
0 1.41636e-19
0 1.41629e-19
0 1.41622e-19
0 1.41615e-19
0 1.41608e-19
0 1.41601e-19
0 1.41594e-19
0 1.41587e-19
0 1.4158e-19
0 1.41573e-19
0 1.41566e-19
0 1.41559e-19
0 1.41552e-19
0 1.41545e-19
0 1.41538e-19
0 1.41532e-19
0 1.41525e-19
0 1.41518e-19
0 1.41511e-19
0 1.41505e-19
0 1.41498e-19
0 1.41491e-19
0 1.41484e-19
0 1.41478e-19
0 1.41471e-19
0 1.41464e-19
0 1.41458e-19
0 1.41451e-19
0 1.41445e-19
0 1.41438e-19
0 1.41431e-19
0 1.41425e-19
0 1.41418e-19
0 1.41412e-19
0 1.41405e-19
0 1.41399e-19
0 1.41392e-19
0 1.41386e-19
0 1.41379e-19
0 1.41373e-19
0 1.41367e-19
0 1.4136e-19
0 1.41354e-19
0 1.41348e-19
0 1.41341e-19
0 1.41335e-19
0 1.41329e-19
0 1.41322e-19
0 1.41316e-19
0 1.4131e-19
0 1.41303e-19
0 1.41297e-19
0 1.41291e-19
0 1.41285e-19
0 1.41279e-19
0 1.41272e-19
0 1.41266e-19
0 1.4126e-19
0 1.41254e-19
0 1.41248e-19
0 1.41242e-19
0 1.41236e-19
0 1.4123e-19
0 1.41224e-19
0 1.41218e-19
0 1.41212e-19
0 1.41206e-19
0 1.412e-19
0 1.41194e-19
0 1.41188e-19
0 1.41182e-19
0 1.41176e-19
0 1.4117e-19
0 1.41164e-19
0 1.41158e-19
0 1.41152e-19
0 1.41146e-19
0 1.4114e-19
0 1.41135e-19
0 1.41129e-19
0 1.41123e-19
0 1.41117e-19
0 1.41111e-19
0 1.41106e-19
0 1.411e-19
0 1.41094e-19
0 1.41088e-19
0 1.41083e-19
0 1.41077e-19
0 1.41071e-19
0 1.41066e-19
0 1.4106e-19
0 1.41054e-19
0 1.41049e-19
0 1.41043e-19
0 1.41037e-19
0 1.41032e-19
0 1.41026e-19
0 1.41021e-19
0 1.41015e-19
0 1.4101e-19
0 1.41004e-19
0 1.40999e-19
0 1.40993e-19
0 1.40988e-19
0 1.40982e-19
0 1.40977e-19
0 1.40971e-19
0 1.40966e-19
0 1.4096e-19
0 1.40955e-19
0 1.40949e-19
0 1.40944e-19
0 1.40939e-19
0 1.40933e-19
0 1.40928e-19
0 1.40923e-19
0 1.40917e-19
0 1.40912e-19
0 1.40907e-19
0 1.40901e-19
0 1.40896e-19
0 1.40891e-19
0 1.40885e-19
0 1.4088e-19
0 1.40875e-19
0 1.4087e-19
0 1.40865e-19
0 1.40859e-19
0 1.40854e-19
0 1.40849e-19
0 1.40844e-19
0 1.40839e-19
0 1.40834e-19
0 1.40828e-19
0 1.40823e-19
0 1.40818e-19
0 1.40813e-19
0 1.40808e-19
0 1.40803e-19
0 1.40798e-19
0 1.40793e-19
0 1.40788e-19
0 1.40783e-19
0 1.40778e-19
0 1.40773e-19
0 1.40768e-19
0 1.40763e-19
0 1.40758e-19
0 1.40753e-19
0 1.40748e-19
0 1.40743e-19
0 1.40738e-19
0 1.40733e-19
0 1.40728e-19
0 1.40723e-19
0 1.40718e-19
0 1.40713e-19
0 1.40709e-19
0 1.40704e-19
0 1.40699e-19
0 1.40694e-19
0 1.40689e-19
0 1.40684e-19
0 1.4068e-19
0 1.40675e-19
0 1.4067e-19
0 1.40665e-19
0 1.4066e-19
0 1.40656e-19
0 1.40651e-19
0 1.40646e-19
0 1.40641e-19
0 1.40637e-19
0 1.40632e-19
0 1.40627e-19
0 1.40623e-19
0 1.40618e-19
0 1.40613e-19
0 1.40609e-19
0 1.40604e-19
0 1.40599e-19
0 1.40595e-19
0 1.4059e-19
0 1.40586e-19
0 1.40581e-19

