0 0.0145728
0 0.0145345
0 0.0144315
0 0.0142658
0 0.0140397
0 0.0137563
0 0.0134195
0 0.0130338
0 0.0126041
0 0.0121359
0 0.011635
0 0.0111073
0 0.0105587
0 0.00999522
0 0.00942259
0 0.00884631
0 0.00827156
0 0.00770313
0 0.00714533
0 0.00660198
0 0.0060764
0 0.00557136
0 0.00508914
0 0.00463148
0 0.00419964
0 0.00379445
0 0.00341631
0 0.00306523
0 0.00274091
0 0.00244276
0 0.00216995
0 0.00192147
0 0.00169613
0 0.00149266
0 0.00130968
0 0.0011458
0 0.000999594
0 0.00086964
0 0.000754557
0 0.000653002
0 0.000563692
0 0.00048541
0 0.000417014
0 0.000357441
0 0.000305706
0 0.000260909
0 0.000222225
0 0.000188911
0 0.000160294
0 0.000135772
0 0.000114809
0 9.69279e-05
0 8.17094e-05
0 6.8783e-05
0 5.78249e-05
0 4.85525e-05
0 4.072e-05
0 3.41148e-05
0 2.85531e-05
0 2.38767e-05
0 1.99501e-05
0 1.66571e-05
0 1.38987e-05
0 1.15905e-05
0 9.66092e-06
0 8.04926e-06
0 6.7042e-06
0 5.58242e-06
0 4.64744e-06
0 3.86857e-06
0 3.22003e-06
0 2.68022e-06
0 2.23105e-06
0 1.85738e-06
0 1.54657e-06
0 1.28807e-06
0 1.07308e-06
0 8.9427e-07
0 7.45539e-07
0 6.21807e-07
0 5.18851e-07
0 4.3316e-07
0 3.61817e-07
0 3.02398e-07
0 2.52891e-07
0 2.11624e-07
0 1.77209e-07
0 1.48493e-07
0 1.2452e-07
0 1.04495e-07
0 8.77564e-08
0 7.37568e-08
0 6.20399e-08
0 5.22268e-08
0 4.40022e-08
0 3.7104e-08
0 3.13138e-08
0 2.64501e-08
0 2.23612e-08
0 1.89211e-08
0 1.60244e-08
0 1.3583e-08
0 1.15234e-08
0 9.7841e-09
0 8.31397e-09
0 7.0702e-09
0 6.01703e-09
0 5.12447e-09
0 4.36742e-09
0 3.72478e-09
0 3.17884e-09
0 2.71468e-09
0 2.31978e-09
0 1.98355e-09
0 1.69708e-09
0 1.45284e-09
0 1.24446e-09
0 1.06657e-09
0 9.14601e-10
0 7.84706e-10
0 6.73609e-10
0 5.78535e-10
0 4.97126e-10
0 4.2738e-10
0 3.67593e-10
0 3.16317e-10
0 2.72316e-10
0 2.3454e-10
0 2.02091e-10
0 1.74206e-10
0 1.50231e-10
0 1.29608e-10
0 1.11861e-10
0 9.6581e-11
0 8.34203e-11
0 7.208e-11
0 6.23041e-11
0 5.38734e-11
0 4.65999e-11
0 4.03224e-11
0 3.49023e-11
0 3.02208e-11
0 2.61758e-11
0 2.26794e-11
0 1.96563e-11
0 1.70413e-11
0 1.47787e-11
0 1.28203e-11
0 1.11246e-11
0 9.65601e-12
0 8.38361e-12
0 7.28087e-12
0 6.32488e-12
0 5.49587e-12
0 4.77675e-12
0 4.15278e-12
0 3.61122e-12
0 3.14104e-12
0 2.73273e-12
0 2.37806e-12
0 2.06988e-12
0 1.80205e-12
0 1.56921e-12
0 1.36675e-12
0 1.19065e-12
0 1.03745e-12
0 9.04143e-13
0 7.88109e-13
0 6.87091e-13
0 5.99126e-13
0 5.22509e-13
0 4.55763e-13
0 3.97602e-13
0 3.46912e-13
0 3.02725e-13
0 2.64197e-13
0 2.30598e-13
0 2.0129e-13
0 1.75722e-13
0 1.53412e-13
0 1.33941e-13
0 1.16945e-13
0 1.02106e-13
0 8.9149e-14
0 7.78331e-14
0 6.79491e-14
0 5.93143e-14
0 5.17698e-14
0 4.51771e-14
0 3.94154e-14
0 3.43794e-14
0 2.99772e-14
0 2.61287e-14
0 2.2764e-14
0 1.98222e-14
0 1.725e-14
0 1.50011e-14
0 1.30347e-14
0 1.13157e-14
0 9.81301e-15
0 8.49971e-15
0 7.35224e-15
0 6.35003e-15
0 5.47511e-15
0 4.71182e-15
0 4.04647e-15
0 3.46711e-15
0 2.96335e-15
0 2.5261e-15
0 2.14746e-15
0 1.82058e-15
0 1.53947e-15
0 1.29897e-15
0 1.09462e-15
0 9.22566e-16
0 7.79511e-16
0 6.62651e-16
0 5.69618e-16
0 4.98436e-16
0 4.47486e-16
0 4.15472e-16
0 2.00034e-19
0 1.99853e-19
0 1.99673e-19
0 1.99496e-19
0 1.9932e-19
0 1.99147e-19
0 1.98975e-19
0 1.98805e-19
0 1.98638e-19
0 1.98472e-19
0 1.98308e-19
0 1.98145e-19
0 1.97984e-19
0 1.97826e-19
0 1.97668e-19
0 1.97513e-19
0 1.97359e-19
0 1.97207e-19
0 1.97056e-19
0 1.96907e-19
0 1.96759e-19
0 1.96613e-19
0 1.96468e-19
0 1.96325e-19
0 1.96183e-19
0 1.96043e-19
0 1.95904e-19
0 1.95767e-19
0 1.95631e-19
0 1.95496e-19
0 1.95363e-19
0 1.9523e-19
0 1.951e-19
0 1.9497e-19
0 1.94842e-19
0 1.94714e-19
0 1.94589e-19
0 1.94464e-19
0 1.9434e-19
0 1.94218e-19
0 1.94097e-19
0 1.93977e-19
0 1.93858e-19
0 1.9374e-19
0 1.93623e-19
0 1.93507e-19
0 1.93392e-19
0 1.93279e-19
0 1.93166e-19
0 1.93054e-19
0 1.92944e-19
0 1.92834e-19
0 1.92726e-19
0 1.92618e-19
0 1.92511e-19
0 1.92405e-19
0 1.923e-19
0 1.92196e-19
0 1.92093e-19
0 1.91991e-19
0 1.9189e-19
0 1.91789e-19
0 1.9169e-19
0 1.91591e-19
0 1.91493e-19
0 1.91396e-19
0 1.91299e-19
0 1.91204e-19
0 1.91109e-19
0 1.91015e-19
0 1.90922e-19
0 1.9083e-19
0 1.90738e-19
0 1.90647e-19
0 1.90557e-19
0 1.90467e-19
0 1.90379e-19
0 1.90291e-19
0 1.90203e-19
0 1.90117e-19
0 1.90031e-19
0 1.89945e-19
0 1.89861e-19
0 1.89777e-19
0 1.89693e-19
0 1.89611e-19
0 1.89529e-19
0 1.89447e-19
0 1.89366e-19
0 1.89286e-19
0 1.89207e-19
0 1.89128e-19
0 1.89049e-19
0 1.88972e-19
0 1.88894e-19
0 1.88818e-19
0 1.88742e-19
0 1.88666e-19
0 1.88591e-19
0 1.88517e-19
0 1.88443e-19
0 1.8837e-19
0 1.88297e-19
0 1.88225e-19
0 1.88153e-19
0 1.88082e-19
0 1.88011e-19
0 1.87941e-19
0 1.87871e-19
0 1.87802e-19
0 1.87733e-19
0 1.87665e-19
0 1.87597e-19
0 1.8753e-19
0 1.87463e-19
0 1.87397e-19
0 1.87331e-19
0 1.87265e-19
0 1.872e-19
0 1.87136e-19
0 1.87072e-19
0 1.87008e-19
0 1.86945e-19
0 1.86882e-19
0 1.8682e-19
0 1.86758e-19
0 1.86696e-19
0 1.86635e-19
0 1.86574e-19
0 1.86514e-19
0 1.86454e-19
0 1.86394e-19
0 1.86335e-19
0 1.86276e-19
0 1.86218e-19
0 1.8616e-19
0 1.86102e-19
0 1.86045e-19
0 1.85988e-19
0 1.85931e-19
0 1.85875e-19
0 1.85819e-19
0 1.85764e-19
0 1.85709e-19
0 1.85654e-19
0 1.85599e-19
0 1.85545e-19
0 1.85492e-19
0 1.85438e-19
0 1.85385e-19
0 1.85332e-19
0 1.8528e-19
0 1.85228e-19
0 1.85176e-19
0 1.85124e-19
0 1.85073e-19
0 1.85022e-19
0 1.84972e-19
0 1.84922e-19
0 1.84872e-19
0 1.84822e-19
0 1.84773e-19
0 1.84723e-19
0 1.84675e-19
0 1.84626e-19
0 1.84578e-19
0 1.8453e-19
0 1.84482e-19
0 1.84435e-19
0 1.84388e-19
0 1.84341e-19
0 1.84295e-19
0 1.84248e-19
0 1.84202e-19
0 1.84157e-19
0 1.84111e-19
0 1.84066e-19
0 1.84021e-19
0 1.83976e-19
0 1.83932e-19
0 1.83888e-19
0 1.83844e-19
0 1.838e-19
0 1.83757e-19
0 1.83713e-19
0 1.8367e-19
0 1.83628e-19
0 1.83585e-19
0 1.83543e-19
0 1.83501e-19
0 1.83459e-19
0 1.83418e-19
0 1.83376e-19
0 1.83335e-19
0 1.83294e-19
0 1.83254e-19
0 1.83213e-19
0 1.83173e-19
0 1.83133e-19
0 1.83093e-19
0 1.83054e-19
0 1.83014e-19
0 1.82975e-19
0 1.82936e-19
0 1.82897e-19
0 1.82859e-19
0 1.8282e-19
0 1.82782e-19
0 1.82744e-19
0 1.82707e-19
0 1.82669e-19
0 1.82632e-19
0 1.82595e-19
0 1.82558e-19
0 1.82521e-19
0 1.82484e-19
0 1.82448e-19
0 1.82412e-19
0 1.82376e-19
0 1.8234e-19
0 1.82304e-19
0 1.82269e-19
0 1.82233e-19
0 1.82198e-19
0 1.82163e-19
0 1.82129e-19
0 1.82094e-19
0 1.8206e-19
0 1.82025e-19
0 1.81991e-19
0 1.81957e-19
0 1.81924e-19
0 1.8189e-19
0 1.81857e-19
0 1.81823e-19
0 1.8179e-19
0 1.81757e-19
0 1.81724e-19
0 1.81692e-19
0 1.81659e-19
0 1.81627e-19
0 1.81595e-19
0 1.81563e-19
0 1.81531e-19
0 1.815e-19
0 1.81468e-19
0 1.81437e-19
0 1.81405e-19
0 1.81374e-19
0 1.81343e-19
0 1.81313e-19
0 1.81282e-19
0 1.81251e-19
0 1.81221e-19
0 1.81191e-19
0 1.81161e-19
0 1.81131e-19
0 1.81101e-19
0 1.81071e-19
0 1.81042e-19
0 1.81013e-19
0 1.80983e-19
0 1.80954e-19
0 1.80925e-19
0 1.80896e-19
0 1.80868e-19
0 1.80839e-19
0 1.80811e-19
0 1.80782e-19
0 1.80754e-19
0 1.80726e-19
0 1.80698e-19
0 1.8067e-19
0 1.80643e-19
0 1.80615e-19
0 1.80588e-19
0 1.8056e-19
0 1.80533e-19
0 1.80506e-19
0 1.80479e-19
0 1.80452e-19
0 1.80425e-19
0 1.80399e-19
0 1.80372e-19
0 1.80346e-19
0 1.8032e-19
0 1.80294e-19
0 1.80267e-19
0 1.80242e-19
0 1.80216e-19
0 1.8019e-19
0 1.80164e-19
0 1.80139e-19
0 1.80114e-19
0 1.80088e-19
0 1.80063e-19
0 1.80038e-19
0 1.80013e-19
0 1.79988e-19
0 1.79964e-19
0 1.79939e-19
0 1.79915e-19
0 1.7989e-19
0 1.79866e-19
0 1.79842e-19
0 1.79817e-19
0 1.79793e-19
0 1.7977e-19
0 1.79746e-19
0 1.79722e-19
0 1.79698e-19
0 1.79675e-19
0 1.79651e-19
0 1.79628e-19
0 1.79605e-19
0 1.79582e-19
0 1.79559e-19
0 1.79536e-19
0 1.79513e-19
0 1.7949e-19
0 1.79468e-19
0 1.79445e-19
0 1.79422e-19
0 1.794e-19
0 1.79378e-19
0 1.79356e-19
0 1.79333e-19
0 1.79311e-19
0 1.79289e-19
0 1.79268e-19
0 1.79246e-19
0 1.79224e-19
0 1.79202e-19
0 1.79181e-19
0 1.7916e-19
0 1.79138e-19
0 1.79117e-19
0 1.79096e-19
0 1.79075e-19
0 1.79054e-19
0 1.79033e-19
0 1.79012e-19
0 1.78991e-19
0 1.7897e-19
0 1.7895e-19
0 1.78929e-19
0 1.78909e-19
0 1.78888e-19
0 1.78868e-19
0 1.78848e-19
0 1.78828e-19
0 1.78808e-19
0 1.78788e-19
0 1.78768e-19
0 1.78748e-19
0 1.78728e-19
0 1.78708e-19
0 1.78689e-19
0 1.78669e-19
0 1.7865e-19
0 1.7863e-19
0 1.78611e-19
0 1.78592e-19
0 1.78573e-19
0 1.78554e-19
0 1.78535e-19
0 1.78516e-19
0 1.78497e-19
0 1.78478e-19
0 1.78459e-19
0 1.7844e-19
0 1.78422e-19
0 1.78403e-19
0 1.78385e-19
0 1.78366e-19
0 1.78348e-19
0 1.7833e-19
0 1.78312e-19
0 1.78293e-19
0 1.78275e-19
0 1.78257e-19
0 1.78239e-19
0 1.78221e-19
0 1.78204e-19
0 1.78186e-19
0 1.78168e-19
0 1.7815e-19
0 1.78133e-19
0 1.78115e-19
0 1.78098e-19
0 1.78081e-19
0 1.78063e-19
0 1.78046e-19
0 1.78029e-19
0 1.78012e-19
0 1.77995e-19
0 1.77978e-19
0 1.77961e-19
0 1.77944e-19
0 1.77927e-19
0 1.7791e-19
0 1.77893e-19
0 1.77877e-19
0 1.7786e-19
0 1.77844e-19
0 1.77827e-19
0 1.77811e-19
0 1.77794e-19
0 1.77778e-19
0 1.77762e-19
0 1.77745e-19
0 1.77729e-19
0 1.77713e-19
0 1.77697e-19
0 1.77681e-19
0 1.77665e-19
0 1.77649e-19
0 1.77633e-19
0 1.77618e-19
0 1.77602e-19
0 1.77586e-19
0 1.77571e-19
0 1.77555e-19
0 1.7754e-19
0 1.77524e-19
0 1.77509e-19
0 1.77493e-19
0 1.77478e-19
0 1.77463e-19
0 1.77448e-19
0 1.77432e-19
0 1.77417e-19
0 1.77402e-19
0 1.77387e-19
0 1.77372e-19
0 1.77357e-19
0 1.77343e-19
0 1.77328e-19
0 1.77313e-19
0 1.77298e-19
0 1.77284e-19
0 1.77269e-19
0 1.77254e-19
0 1.7724e-19
0 1.77225e-19
0 1.77211e-19
0 1.77197e-19
0 1.77182e-19
0 1.77168e-19
0 1.77154e-19
0 1.7714e-19
0 1.77125e-19
0 1.77111e-19
0 1.77097e-19
0 1.77083e-19
0 1.77069e-19
0 1.77055e-19
0 1.77041e-19
0 1.77028e-19
0 1.77014e-19
0 1.77e-19
0 1.76986e-19
0 1.76973e-19
0 1.76959e-19
0 1.76945e-19
0 1.76932e-19
0 1.76918e-19
0 1.76905e-19
0 1.76892e-19
0 1.76878e-19
0 1.76865e-19
0 1.76852e-19
0 1.76838e-19
0 1.76825e-19
0 1.76812e-19
0 1.76799e-19
0 1.76786e-19
0 1.76773e-19
0 1.7676e-19
0 1.76747e-19
0 1.76734e-19
0 1.76721e-19
0 1.76708e-19
0 1.76695e-19
0 1.76682e-19
0 1.7667e-19
0 1.76657e-19
0 1.76644e-19
0 1.76632e-19
0 1.76619e-19
0 1.76607e-19
0 1.76594e-19
0 1.76582e-19
0 1.76569e-19
0 1.76557e-19
0 1.76545e-19
0 1.76532e-19
0 1.7652e-19
0 1.76508e-19
0 1.76496e-19
0 1.76483e-19
0 1.76471e-19
0 1.76459e-19
0 1.76447e-19
0 1.76435e-19
0 1.76423e-19
0 1.76411e-19
0 1.76399e-19
0 1.76387e-19
0 1.76375e-19
0 1.76364e-19
0 1.76352e-19
0 1.7634e-19
0 1.76328e-19
0 1.76317e-19
0 1.76305e-19
0 1.76293e-19
0 1.76282e-19
0 1.7627e-19
0 1.76259e-19
0 1.76247e-19
0 1.76236e-19
0 1.76225e-19
0 1.76213e-19
0 1.76202e-19
0 1.7619e-19
0 1.76179e-19
0 1.76168e-19
0 1.76157e-19
0 1.76146e-19
0 1.76134e-19
0 1.76123e-19
0 1.76112e-19
0 1.76101e-19
0 1.7609e-19
0 1.76079e-19
0 1.76068e-19
0 1.76057e-19
0 1.76046e-19
0 1.76035e-19
0 1.76025e-19
0 1.76014e-19
0 1.76003e-19
0 1.75992e-19
0 1.75982e-19
0 1.75971e-19
0 1.7596e-19
0 1.7595e-19
0 1.75939e-19
0 1.75928e-19
0 1.75918e-19
0 1.75907e-19
0 1.75897e-19
0 1.75886e-19
0 1.75876e-19
0 1.75866e-19
0 1.75855e-19
0 1.75845e-19
0 1.75835e-19
0 1.75824e-19
0 1.75814e-19
0 1.75804e-19
0 1.75794e-19
0 1.75783e-19
0 1.75773e-19
0 1.75763e-19
0 1.75753e-19
0 1.75743e-19
0 1.75733e-19
0 1.75723e-19
0 1.75713e-19
0 1.75703e-19
0 1.75693e-19
0 1.75683e-19
0 1.75673e-19
0 1.75663e-19
0 1.75654e-19
0 1.75644e-19
0 1.75634e-19
0 1.75624e-19
0 1.75615e-19
0 1.75605e-19
0 1.75595e-19
0 1.75586e-19
0 1.75576e-19
0 1.75566e-19
0 1.75557e-19
0 1.75547e-19
0 1.75538e-19
0 1.75528e-19
0 1.75519e-19
0 1.75509e-19
0 1.755e-19
0 1.7549e-19
0 1.75481e-19
0 1.75472e-19
0 1.75462e-19
0 1.75453e-19
0 1.75444e-19
0 1.75435e-19
0 1.75425e-19
0 1.75416e-19
0 1.75407e-19
0 1.75398e-19
0 1.75389e-19
0 1.7538e-19
0 1.75371e-19
0 1.75361e-19
0 1.75352e-19
0 1.75343e-19
0 1.75334e-19
0 1.75325e-19
0 1.75317e-19
0 1.75308e-19
0 1.75299e-19
0 1.7529e-19
0 1.75281e-19
0 1.75272e-19
0 1.75263e-19
0 1.75255e-19
0 1.75246e-19
0 1.75237e-19
0 1.75228e-19
0 1.7522e-19
0 1.75211e-19
0 1.75202e-19
0 1.75194e-19
0 1.75185e-19
0 1.75176e-19
0 1.75168e-19
0 1.75159e-19
0 1.75151e-19
0 1.75142e-19
0 1.75134e-19
0 1.75125e-19
0 1.75117e-19
0 1.75108e-19
0 1.751e-19
0 1.75092e-19
0 1.75083e-19
0 1.75075e-19
0 1.75067e-19
0 1.75058e-19
0 1.7505e-19
0 1.75042e-19
0 1.75034e-19
0 1.75025e-19
0 1.75017e-19
0 1.75009e-19
0 1.75001e-19
0 1.74993e-19
0 1.74985e-19
0 1.74976e-19
0 1.74968e-19
0 1.7496e-19
0 1.74952e-19
0 1.74944e-19
0 1.74936e-19
0 1.74928e-19
0 1.7492e-19
0 1.74912e-19
0 1.74904e-19
0 1.74897e-19
0 1.74889e-19
0 1.74881e-19
0 1.74873e-19
0 1.74865e-19
0 1.74857e-19
0 1.7485e-19
0 1.74842e-19
0 1.74834e-19
0 1.74826e-19
0 1.74819e-19
0 1.74811e-19
0 1.74803e-19
0 1.74795e-19
0 1.74788e-19
0 1.7478e-19
0 1.74773e-19
0 1.74765e-19
0 1.74757e-19
0 1.7475e-19
0 1.74742e-19
0 1.74735e-19
0 1.74727e-19
0 1.7472e-19
0 1.74712e-19
0 1.74705e-19
0 1.74697e-19
0 1.7469e-19
0 1.74683e-19
0 1.74675e-19
0 1.74668e-19
0 1.74661e-19
0 1.74653e-19
0 1.74646e-19
0 1.74639e-19
0 1.74631e-19
0 1.74624e-19
0 1.74617e-19
0 1.7461e-19
0 1.74602e-19
0 1.74595e-19
0 1.74588e-19
0 1.74581e-19
0 1.74574e-19
0 1.74566e-19
0 1.74559e-19
0 1.74552e-19
0 1.74545e-19
0 1.74538e-19
0 1.74531e-19
0 1.74524e-19
0 1.74517e-19
0 1.7451e-19
0 1.74503e-19
0 1.74496e-19
0 1.74489e-19
0 1.74482e-19
0 1.74475e-19
0 1.74468e-19
0 1.74461e-19
0 1.74455e-19
0 1.74448e-19
0 1.74441e-19
0 1.74434e-19
0 1.74427e-19
0 1.7442e-19
0 1.74414e-19
0 1.74407e-19
0 1.744e-19
0 1.74393e-19
0 1.74387e-19
0 1.7438e-19
0 1.74373e-19
0 1.74366e-19
0 1.7436e-19
0 1.74353e-19
0 1.74346e-19
0 1.7434e-19
0 1.74333e-19
0 1.74327e-19
0 1.7432e-19
0 1.74313e-19
0 1.74307e-19
0 1.743e-19
0 1.74294e-19
0 1.74287e-19
0 1.74281e-19
0 1.74274e-19
0 1.74268e-19
0 1.74261e-19
0 1.74255e-19
0 1.74249e-19
0 1.74242e-19
0 1.74236e-19
0 1.74229e-19
0 1.74223e-19
0 1.74217e-19
0 1.7421e-19
0 1.74204e-19
0 1.74198e-19
0 1.74191e-19
0 1.74185e-19
0 1.74179e-19
0 1.74172e-19
0 1.74166e-19
0 1.7416e-19
0 1.74154e-19
0 1.74148e-19
0 1.74141e-19
0 1.74135e-19
0 1.74129e-19
0 1.74123e-19
0 1.74117e-19
0 1.74111e-19
0 1.74104e-19
0 1.74098e-19
0 1.74092e-19

