0 608.02
0 342.979
0 121.644
0 46.7134
0 21.8912
0 12.0661
0 7.45057
0 4.97428
0 3.50744
0 2.5714
0 1.93902
0 1.49236
0 1.16563
0 0.919902
0 0.731047
0 0.583546
0 0.467143
0 0.374889
0 0.301806
0 0.243978
0 0.198177
0 0.161786
0 0.132742
0 0.109443
0 0.0906547
0 0.0754239
0 0.0630139
0 0.0528526
0 0.0444936
0 0.0375865
0 0.0318551
0 0.0270803
0 0.0230875
0 0.0197366
0 0.016915
0 0.0145316
0 0.0125123
0 0.0107966
0 0.00933493
0 0.00808654
0 0.00701773
0 0.00610058
0 0.00531189
0 0.00463226
0 0.00404547
0 0.0035379
0 0.00309809
0 0.00271635
0 0.00238448
0 0.00209553
0 0.00184359
0 0.00162361
0 0.00143128
0 0.00126291
0 0.00111534
0 0.000985857
0 0.00087211
0 0.000772085
0 0.000684035
0 0.000606452
0 0.000538028
0 0.000477627
0 0.000424263
0 0.000377077
0 0.00033532
0 0.000298341
0 0.000265567
0 0.000236501
0 0.000210706
0 0.000187798
0 0.000167442
0 0.000149343
0 0.000133241
0 0.000118908
0 0.000106143
0 9.47685e-05
0 8.46281e-05
0 7.55838e-05
0 6.75135e-05
0 6.03092e-05
0 5.38755e-05
0 4.81277e-05
0 4.2991e-05
0 3.83986e-05
0 3.42918e-05
0 3.06179e-05
0 2.73306e-05
0 2.43884e-05
0 2.17544e-05
0 1.9396e-05
0 1.7284e-05
0 1.53922e-05
0 1.36977e-05
0 1.21797e-05
0 1.08197e-05
0 9.60142e-06
0 8.51006e-06
0 7.53252e-06
0 6.65709e-06
0 5.87327e-06
0 5.1717e-06
0 4.54401e-06
0 3.98269e-06
0 3.48103e-06
0 3.03303e-06
0 2.63332e-06
0 2.27709e-06
0 1.96003e-06
0 1.67828e-06
0 1.42839e-06
0 1.20728e-06
0 1.01219e-06
0 8.40639e-07
0 6.90423e-07
0 5.59571e-07
0 4.46323e-07
0 3.49111e-07
0 2.6654e-07
0 1.97372e-07
0 1.40507e-07
0 9.49773e-08
0 5.99284e-08
0 3.46127e-08
0 1.83792e-08
0 1.06649e-08
0 3.92225e-16
0 3.91956e-16
0 3.91691e-16
0 3.91431e-16
0 3.91175e-16
0 3.90924e-16
0 3.90677e-16
0 3.90434e-16
0 3.90194e-16
0 3.89959e-16
0 3.89728e-16
0 3.895e-16
0 3.89275e-16
0 3.89054e-16
0 3.88837e-16
0 3.88623e-16
0 3.88412e-16
0 3.88205e-16
0 3.88e-16
0 3.87799e-16
0 3.876e-16
0 3.87405e-16
0 3.87212e-16
0 3.87022e-16
0 3.86835e-16
0 3.8665e-16
0 3.86469e-16
0 3.86289e-16
0 3.86113e-16
0 3.85938e-16
0 3.85766e-16
0 3.85597e-16
0 3.85429e-16
0 3.85264e-16
0 3.85102e-16
0 3.84941e-16
0 3.84782e-16
0 3.84626e-16
0 3.84472e-16
0 3.84319e-16
0 3.84169e-16
0 3.8402e-16
0 3.83874e-16
0 3.83729e-16
0 3.83586e-16
0 3.83445e-16
0 3.83306e-16
0 3.83168e-16
0 3.83032e-16
0 3.82898e-16
0 3.82765e-16
0 3.82634e-16
0 3.82504e-16
0 3.82376e-16
0 3.8225e-16
0 3.82125e-16
0 3.82002e-16
0 3.81879e-16
0 3.81759e-16
0 3.81639e-16
0 3.81522e-16
0 3.81405e-16
0 3.8129e-16
0 3.81176e-16
0 3.81063e-16
0 3.80952e-16
0 3.80841e-16
0 3.80732e-16
0 3.80625e-16
0 3.80518e-16
0 3.80413e-16
0 3.80308e-16
0 3.80205e-16
0 3.80103e-16
0 3.80002e-16
0 3.79902e-16
0 3.79803e-16
0 3.79705e-16
0 3.79608e-16
0 3.79512e-16
0 3.79417e-16
0 3.79323e-16
0 3.7923e-16
0 3.79138e-16
0 3.79047e-16
0 3.78957e-16
0 3.78868e-16
0 3.78779e-16
0 3.78692e-16
0 3.78605e-16
0 3.78519e-16
0 3.78434e-16
0 3.7835e-16
0 3.78266e-16
0 3.78184e-16
0 3.78102e-16
0 3.78021e-16
0 3.77941e-16
0 3.77861e-16
0 3.77782e-16
0 3.77704e-16
0 3.77627e-16
0 3.7755e-16
0 3.77475e-16
0 3.77399e-16
0 3.77325e-16
0 3.77251e-16
0 3.77178e-16
0 3.77105e-16
0 3.77033e-16
0 3.76962e-16
0 3.76891e-16
0 3.76821e-16
0 3.76752e-16
0 3.76683e-16
0 3.76615e-16
0 3.76548e-16
0 3.76481e-16
0 3.76414e-16
0 3.76348e-16
0 3.76283e-16
0 3.76218e-16
0 3.76154e-16
0 3.7609e-16
0 3.76027e-16
0 3.75965e-16
0 3.75903e-16
0 3.75841e-16
0 3.7578e-16
0 3.75719e-16
0 3.75659e-16
0 3.756e-16
0 3.75541e-16
0 3.75482e-16
0 3.75424e-16
0 3.75366e-16
0 3.75309e-16
0 3.75252e-16
0 3.75196e-16
0 3.7514e-16
0 3.75084e-16
0 3.75029e-16
0 3.74975e-16
0 3.74921e-16
0 3.74867e-16
0 3.74814e-16
0 3.74761e-16
0 3.74708e-16
0 3.74656e-16
0 3.74604e-16
0 3.74553e-16
0 3.74502e-16
0 3.74452e-16
0 3.74401e-16
0 3.74352e-16
0 3.74302e-16
0 3.74253e-16
0 3.74204e-16
0 3.74156e-16
0 3.74108e-16
0 3.7406e-16
0 3.74013e-16
0 3.73966e-16
0 3.73919e-16
0 3.73873e-16
0 3.73827e-16
0 3.73781e-16
0 3.73736e-16
0 3.73691e-16
0 3.73646e-16
0 3.73602e-16
0 3.73558e-16
0 3.73514e-16
0 3.73471e-16
0 3.73428e-16
0 3.73385e-16
0 3.73342e-16
0 3.733e-16
0 3.73258e-16
0 3.73216e-16
0 3.73175e-16
0 3.73134e-16
0 3.73093e-16
0 3.73052e-16
0 3.73012e-16
0 3.72972e-16
0 3.72932e-16
0 3.72893e-16
0 3.72854e-16
0 3.72815e-16
0 3.72776e-16
0 3.72737e-16
0 3.72699e-16
0 3.72661e-16
0 3.72623e-16
0 3.72586e-16
0 3.72549e-16
0 3.72512e-16
0 3.72475e-16
0 3.72438e-16
0 3.72402e-16
0 3.72366e-16
0 3.7233e-16
0 3.72295e-16
0 3.72259e-16
0 3.72224e-16
0 3.72189e-16
0 3.72154e-16
0 3.7212e-16
0 3.72085e-16
0 3.72051e-16
0 3.72017e-16
0 3.71984e-16
0 3.7195e-16
0 3.71917e-16
0 3.71884e-16
0 3.71851e-16
0 3.71818e-16
0 3.71786e-16
0 3.71754e-16
0 3.71721e-16
0 3.7169e-16
0 3.71658e-16
0 3.71626e-16
0 3.71595e-16
0 3.71564e-16
0 3.71533e-16
0 3.71502e-16
0 3.71471e-16
0 3.71441e-16
0 3.71411e-16
0 3.71381e-16
0 3.71351e-16
0 3.71321e-16
0 3.71291e-16
0 3.71262e-16
0 3.71233e-16
0 3.71204e-16
0 3.71175e-16
0 3.71146e-16
0 3.71117e-16
0 3.71089e-16
0 3.71061e-16
0 3.71033e-16
0 3.71005e-16
0 3.70977e-16
0 3.70949e-16
0 3.70922e-16
0 3.70895e-16
0 3.70867e-16
0 3.7084e-16
0 3.70813e-16
0 3.70787e-16
0 3.7076e-16
0 3.70734e-16
0 3.70707e-16
0 3.70681e-16
0 3.70655e-16
0 3.70629e-16
0 3.70604e-16
0 3.70578e-16
0 3.70552e-16
0 3.70527e-16
0 3.70502e-16
0 3.70477e-16
0 3.70452e-16
0 3.70427e-16
0 3.70402e-16
0 3.70378e-16
0 3.70353e-16
0 3.70329e-16
0 3.70305e-16
0 3.70281e-16
0 3.70257e-16
0 3.70233e-16
0 3.7021e-16
0 3.70186e-16
0 3.70163e-16
0 3.70139e-16
0 3.70116e-16
0 3.70093e-16
0 3.7007e-16
0 3.70047e-16
0 3.70024e-16
0 3.70002e-16
0 3.69979e-16
0 3.69957e-16
0 3.69935e-16
0 3.69913e-16
0 3.6989e-16
0 3.69869e-16
0 3.69847e-16
0 3.69825e-16
0 3.69803e-16
0 3.69782e-16
0 3.6976e-16
0 3.69739e-16
0 3.69718e-16
0 3.69697e-16
0 3.69676e-16
0 3.69655e-16
0 3.69634e-16
0 3.69613e-16
0 3.69593e-16
0 3.69572e-16
0 3.69552e-16
0 3.69532e-16
0 3.69511e-16
0 3.69491e-16
0 3.69471e-16
0 3.69451e-16
0 3.69431e-16
0 3.69412e-16
0 3.69392e-16
0 3.69372e-16
0 3.69353e-16
0 3.69334e-16
0 3.69314e-16
0 3.69295e-16
0 3.69276e-16
0 3.69257e-16
0 3.69238e-16
0 3.69219e-16
0 3.692e-16
0 3.69182e-16
0 3.69163e-16
0 3.69145e-16
0 3.69126e-16
0 3.69108e-16
0 3.6909e-16
0 3.69071e-16
0 3.69053e-16
0 3.69035e-16
0 3.69017e-16
0 3.69e-16
0 3.68982e-16
0 3.68964e-16
0 3.68946e-16
0 3.68929e-16
0 3.68911e-16
0 3.68894e-16
0 3.68877e-16
0 3.6886e-16
0 3.68842e-16
0 3.68825e-16
0 3.68808e-16
0 3.68791e-16
0 3.68774e-16
0 3.68758e-16
0 3.68741e-16
0 3.68724e-16
0 3.68708e-16
0 3.68691e-16
0 3.68675e-16
0 3.68658e-16
0 3.68642e-16
0 3.68626e-16
0 3.6861e-16
0 3.68594e-16
0 3.68578e-16
0 3.68562e-16
0 3.68546e-16
0 3.6853e-16
0 3.68514e-16
0 3.68499e-16
0 3.68483e-16
0 3.68467e-16
0 3.68452e-16
0 3.68436e-16
0 3.68421e-16
0 3.68406e-16
0 3.68391e-16
0 3.68375e-16
0 3.6836e-16
0 3.68345e-16
0 3.6833e-16
0 3.68315e-16
0 3.683e-16
0 3.68286e-16
0 3.68271e-16
0 3.68256e-16
0 3.68242e-16
0 3.68227e-16
0 3.68212e-16
0 3.68198e-16
0 3.68184e-16
0 3.68169e-16
0 3.68155e-16
0 3.68141e-16
0 3.68127e-16
0 3.68113e-16
0 3.68098e-16
0 3.68084e-16
0 3.68071e-16
0 3.68057e-16
0 3.68043e-16
0 3.68029e-16
0 3.68015e-16
0 3.68002e-16
0 3.67988e-16
0 3.67974e-16
0 3.67961e-16
0 3.67947e-16
0 3.67934e-16
0 3.67921e-16
0 3.67907e-16
0 3.67894e-16
0 3.67881e-16
0 3.67868e-16
0 3.67855e-16
0 3.67842e-16
0 3.67829e-16
0 3.67816e-16
0 3.67803e-16
0 3.6779e-16
0 3.67777e-16
0 3.67764e-16
0 3.67752e-16
0 3.67739e-16
0 3.67726e-16
0 3.67714e-16
0 3.67701e-16
0 3.67689e-16
0 3.67676e-16
0 3.67664e-16
0 3.67652e-16
0 3.67639e-16
0 3.67627e-16
0 3.67615e-16
0 3.67603e-16
0 3.67591e-16
0 3.67578e-16
0 3.67566e-16
0 3.67554e-16
0 3.67543e-16
0 3.67531e-16
0 3.67519e-16
0 3.67507e-16
0 3.67495e-16
0 3.67483e-16
0 3.67472e-16
0 3.6746e-16
0 3.67449e-16
0 3.67437e-16
0 3.67425e-16
0 3.67414e-16
0 3.67403e-16
0 3.67391e-16
0 3.6738e-16
0 3.67369e-16
0 3.67357e-16
0 3.67346e-16
0 3.67335e-16
0 3.67324e-16
0 3.67313e-16
0 3.67302e-16
0 3.6729e-16
0 3.67279e-16
0 3.67269e-16
0 3.67258e-16
0 3.67247e-16
0 3.67236e-16
0 3.67225e-16
0 3.67214e-16
0 3.67204e-16
0 3.67193e-16
0 3.67182e-16
0 3.67172e-16
0 3.67161e-16
0 3.6715e-16
0 3.6714e-16
0 3.67129e-16
0 3.67119e-16
0 3.67109e-16
0 3.67098e-16
0 3.67088e-16
0 3.67078e-16
0 3.67067e-16
0 3.67057e-16
0 3.67047e-16
0 3.67037e-16
0 3.67027e-16
0 3.67017e-16
0 3.67006e-16
0 3.66996e-16
0 3.66986e-16
0 3.66976e-16
0 3.66967e-16
0 3.66957e-16
0 3.66947e-16
0 3.66937e-16
0 3.66927e-16
0 3.66917e-16
0 3.66908e-16
0 3.66898e-16
0 3.66888e-16
0 3.66879e-16
0 3.66869e-16
0 3.6686e-16
0 3.6685e-16
0 3.6684e-16
0 3.66831e-16
0 3.66822e-16
0 3.66812e-16
0 3.66803e-16
0 3.66793e-16
0 3.66784e-16
0 3.66775e-16
0 3.66765e-16
0 3.66756e-16
0 3.66747e-16
0 3.66738e-16
0 3.66729e-16
0 3.6672e-16
0 3.6671e-16
0 3.66701e-16
0 3.66692e-16
0 3.66683e-16
0 3.66674e-16
0 3.66665e-16
0 3.66657e-16
0 3.66648e-16
0 3.66639e-16
0 3.6663e-16
0 3.66621e-16
0 3.66612e-16
0 3.66604e-16
0 3.66595e-16
0 3.66586e-16
0 3.66577e-16
0 3.66569e-16
0 3.6656e-16
0 3.66552e-16
0 3.66543e-16
0 3.66534e-16
0 3.66526e-16
0 3.66517e-16
0 3.66509e-16
0 3.66501e-16
0 3.66492e-16
0 3.66484e-16
0 3.66475e-16
0 3.66467e-16
0 3.66459e-16
0 3.66451e-16
0 3.66442e-16
0 3.66434e-16
0 3.66426e-16
0 3.66418e-16
0 3.66409e-16
0 3.66401e-16
0 3.66393e-16
0 3.66385e-16
0 3.66377e-16
0 3.66369e-16
0 3.66361e-16
0 3.66353e-16
0 3.66345e-16
0 3.66337e-16
0 3.66329e-16
0 3.66321e-16
0 3.66313e-16
0 3.66306e-16
0 3.66298e-16
0 3.6629e-16
0 3.66282e-16
0 3.66274e-16
0 3.66267e-16
0 3.66259e-16
0 3.66251e-16
0 3.66244e-16
0 3.66236e-16
0 3.66228e-16
0 3.66221e-16
0 3.66213e-16
0 3.66206e-16
0 3.66198e-16
0 3.66191e-16
0 3.66183e-16
0 3.66176e-16
0 3.66168e-16
0 3.66161e-16
0 3.66153e-16
0 3.66146e-16
0 3.66139e-16
0 3.66131e-16
0 3.66124e-16
0 3.66117e-16
0 3.66109e-16
0 3.66102e-16
0 3.66095e-16
0 3.66088e-16
0 3.6608e-16
0 3.66073e-16
0 3.66066e-16
0 3.66059e-16
0 3.66052e-16
0 3.66045e-16
0 3.66038e-16
0 3.66031e-16
0 3.66024e-16
0 3.66017e-16
0 3.6601e-16
0 3.66003e-16
0 3.65996e-16
0 3.65989e-16
0 3.65982e-16
0 3.65975e-16
0 3.65968e-16
0 3.65961e-16
0 3.65954e-16
0 3.65948e-16
0 3.65941e-16
0 3.65934e-16
0 3.65927e-16
0 3.6592e-16
0 3.65914e-16
0 3.65907e-16
0 3.659e-16
0 3.65894e-16
0 3.65887e-16
0 3.6588e-16
0 3.65874e-16
0 3.65867e-16
0 3.65861e-16
0 3.65854e-16
0 3.65847e-16
0 3.65841e-16
0 3.65834e-16
0 3.65828e-16
0 3.65821e-16
0 3.65815e-16
0 3.65808e-16
0 3.65802e-16
0 3.65796e-16
0 3.65789e-16
0 3.65783e-16
0 3.65776e-16
0 3.6577e-16
0 3.65764e-16
0 3.65758e-16
0 3.65751e-16
0 3.65745e-16
0 3.65739e-16
0 3.65732e-16
0 3.65726e-16
0 3.6572e-16
0 3.65714e-16
0 3.65708e-16
0 3.65701e-16
0 3.65695e-16
0 3.65689e-16
0 3.65683e-16
0 3.65677e-16
0 3.65671e-16
0 3.65665e-16
0 3.65659e-16
0 3.65653e-16
0 3.65647e-16
0 3.65641e-16
0 3.65635e-16
0 3.65629e-16
0 3.65623e-16
0 3.65617e-16
0 3.65611e-16
0 3.65605e-16
0 3.65599e-16
0 3.65593e-16
0 3.65587e-16
0 3.65582e-16
0 3.65576e-16
0 3.6557e-16
0 3.65564e-16
0 3.65558e-16
0 3.65553e-16
0 3.65547e-16
0 3.65541e-16
0 3.65535e-16
0 3.6553e-16
0 3.65524e-16
0 3.65518e-16
0 3.65512e-16
0 3.65507e-16
0 3.65501e-16
0 3.65496e-16
0 3.6549e-16
0 3.65484e-16
0 3.65479e-16
0 3.65473e-16
0 3.65468e-16
0 3.65462e-16
0 3.65456e-16
0 3.65451e-16
0 3.65445e-16
0 3.6544e-16
0 3.65434e-16
0 3.65429e-16
0 3.65424e-16
0 3.65418e-16
0 3.65413e-16
0 3.65407e-16
0 3.65402e-16
0 3.65396e-16
0 3.65391e-16
0 3.65386e-16
0 3.6538e-16
0 3.65375e-16
0 3.6537e-16
0 3.65364e-16
0 3.65359e-16
0 3.65354e-16
0 3.65349e-16
0 3.65343e-16
0 3.65338e-16
0 3.65333e-16
0 3.65328e-16
0 3.65322e-16
0 3.65317e-16
0 3.65312e-16
0 3.65307e-16
0 3.65302e-16
0 3.65297e-16
0 3.65291e-16
0 3.65286e-16
0 3.65281e-16
0 3.65276e-16
0 3.65271e-16
0 3.65266e-16
0 3.65261e-16
0 3.65256e-16
0 3.65251e-16
0 3.65246e-16
0 3.65241e-16
0 3.65236e-16
0 3.65231e-16
0 3.65226e-16
0 3.65221e-16
0 3.65216e-16
0 3.65211e-16
0 3.65206e-16
0 3.65201e-16
0 3.65196e-16
0 3.65191e-16
0 3.65186e-16
0 3.65182e-16
0 3.65177e-16
0 3.65172e-16
0 3.65167e-16
0 3.65162e-16
0 3.65157e-16
0 3.65153e-16
0 3.65148e-16
0 3.65143e-16
0 3.65138e-16
0 3.65133e-16
0 3.65129e-16
0 3.65124e-16
0 3.65119e-16
0 3.65114e-16
0 3.6511e-16
0 3.65105e-16
0 3.651e-16
0 3.65096e-16
0 3.65091e-16
0 3.65086e-16
0 3.65082e-16
0 3.65077e-16
0 3.65072e-16
0 3.65068e-16
0 3.65063e-16
0 3.65059e-16
0 3.65054e-16
0 3.6505e-16
0 3.65045e-16
0 3.6504e-16
0 3.65036e-16
0 3.65031e-16
0 3.65027e-16
0 3.65022e-16
0 3.65018e-16
0 3.65013e-16
0 3.65009e-16
0 3.65004e-16
0 3.65e-16
0 3.64995e-16
0 3.64991e-16
0 3.64987e-16
0 3.64982e-16
0 3.64978e-16
0 3.64973e-16
0 3.64969e-16
0 3.64965e-16
0 3.6496e-16
0 3.64956e-16
0 3.64952e-16
0 3.64947e-16
0 3.64943e-16
0 3.64939e-16
0 3.64934e-16
0 3.6493e-16
0 3.64926e-16
0 3.64921e-16
0 3.64917e-16
0 3.64913e-16
0 3.64909e-16
0 3.64904e-16
0 3.649e-16
0 3.64896e-16
0 3.64892e-16
0 3.64887e-16
0 3.64883e-16
0 3.64879e-16
0 3.64875e-16
0 3.64871e-16
0 3.64866e-16
0 3.64862e-16
0 3.64858e-16
0 3.64854e-16
0 3.6485e-16
0 3.64846e-16
0 3.64842e-16
0 3.64838e-16
0 3.64833e-16
0 3.64829e-16
0 3.64825e-16
0 3.64821e-16
0 3.64817e-16
0 3.64813e-16
0 3.64809e-16
0 3.64805e-16
0 3.64801e-16
0 3.64797e-16
0 3.64793e-16
0 3.64789e-16
0 3.64785e-16
0 3.64781e-16
0 3.64777e-16
0 3.64773e-16
0 3.64769e-16
0 3.64765e-16
0 3.64761e-16
0 3.64757e-16
0 3.64753e-16
0 3.64749e-16
0 3.64746e-16
0 3.64742e-16
0 3.64738e-16
0 3.64734e-16
0 3.6473e-16
0 3.64726e-16
0 3.64722e-16
0 3.64718e-16
0 3.64715e-16
0 3.64711e-16
0 3.64707e-16
0 3.64703e-16
0 3.64699e-16
0 3.64695e-16
0 3.64692e-16
0 3.64688e-16
0 3.64684e-16
0 3.6468e-16
0 3.64677e-16
0 3.64673e-16
0 3.64669e-16
0 3.64665e-16
0 3.64662e-16
0 3.64658e-16
0 3.64654e-16
0 3.6465e-16
0 3.64647e-16
0 3.64643e-16
0 3.64639e-16
0 3.64636e-16
0 3.64632e-16

