0 0.187405
0 0.186598
0 0.184453
0 0.181086
0 0.176648
0 0.171323
0 0.165301
0 0.158771
0 0.1519
0 0.144835
0 0.137693
0 0.130562
0 0.123505
0 0.11656
0 0.109749
0 0.103082
0 0.0965569
0 0.0901721
0 0.0839239
0 0.077814
0 0.0718565
0 0.0660873
0 0.0605694
0 0.0553766
0 0.0505598
0 0.0461361
0 0.0420984
0 0.0384265
0 0.0350944
0 0.0320741
0 0.0293377
0 0.0268584
0 0.0246114
0 0.0225736
0 0.0207241
0 0.019044
0 0.0175163
0 0.0161258
0 0.0148587
0 0.0137029
0 0.0126475
0 0.0116827
0 0.0107999
0 0.00999114
0 0.00924957
0 0.00856892
0 0.00794359
0 0.00736857
0 0.00683934
0 0.00635183
0 0.00590239
0 0.00548771
0 0.00510482
0 0.00475101
0 0.00442385
0 0.00412112
0 0.00384081
0 0.00358109
0 0.00334032
0 0.00311697
0 0.00290966
0 0.00271714
0 0.00253826
0 0.00237197
0 0.0022173
0 0.00207337
0 0.00193939
0 0.00181459
0 0.00169831
0 0.00158992
0 0.00148883
0 0.00139453
0 0.00130652
0 0.00122435
0 0.00114761
0 0.00107592
0 0.00100891
0 0.000946259
0 0.00088767
0 0.000832858
0 0.000781565
0 0.000733549
0 0.000688588
0 0.000646475
0 0.000607017
0 0.000570038
0 0.00053537
0 0.000502861
0 0.000472368
0 0.000443756
0 0.000416904
0 0.000391695
0 0.000368021
0 0.000345784
0 0.00032489
0 0.000305252
0 0.000286789
0 0.000269425
0 0.00025309
0 0.000237717
0 0.000223245
0 0.000209617
0 0.000196778
0 0.000184678
0 0.00017327
0 0.00016251
0 0.000152357
0 0.000142771
0 0.000133717
0 0.00012516
0 0.000117068
0 0.000109412
0 0.000102164
0 9.52956e-05
0 8.87836e-05
0 8.26042e-05
0 7.67353e-05
0 7.11563e-05
0 6.58475e-05
0 6.07905e-05
0 5.5968e-05
0 5.13635e-05
0 4.69615e-05
0 4.27473e-05
0 3.87069e-05
0 3.48271e-05
0 3.10955e-05
0 2.75001e-05
0 2.40295e-05
0 2.0673e-05
0 1.74203e-05
0 1.42614e-05
0 1.1187e-05
0 8.18801e-06
0 5.2557e-06
0 2.38172e-06
0 1.87405e-09
0 1.87405e-09
0 1.87405e-09
0 1.87405e-09
0 1.87405e-09
0 1.87405e-09
0 1.87405e-09
0 1.87405e-09
0 1.87405e-09
0 1.87405e-09
0 1.87405e-09
0 1.87405e-09
0 1.87405e-09
0 1.87405e-09
0 1.87405e-09
0 1.87405e-09
0 1.87405e-09
0 1.87405e-09
0 1.87405e-09
0 1.87405e-09
0 1.87405e-09
0 1.87405e-09
0 1.87405e-09
0 1.87405e-09
0 1.87405e-09
0 1.87405e-09
0 1.87405e-09
0 1.87405e-09
0 1.87405e-09
0 1.87405e-09
0 1.87405e-09
0 1.87405e-09
0 1.87405e-09
0 1.87405e-09
0 1.87405e-09
0 1.87405e-09
0 1.87405e-09
0 1.87405e-09
0 1.87405e-09
0 1.87405e-09
0 1.87405e-09
0 1.87405e-09
0 1.87405e-09
0 1.87405e-09
0 1.87405e-09
0 1.87405e-09
0 1.87405e-09
0 1.87405e-09
0 1.87405e-09
0 1.87405e-09
0 1.87405e-09
0 1.87405e-09
0 1.87405e-09
0 1.87405e-09
0 1.87405e-09
0 1.87405e-09
0 1.87405e-09
0 1.87405e-09
0 1.87405e-09
0 1.87405e-09
0 1.87405e-09
0 1.87405e-09
0 1.87405e-09
0 1.87405e-09
0 1.87405e-09
0 1.87405e-09
0 1.87405e-09
0 1.87405e-09
0 1.87405e-09
0 1.87405e-09
0 1.87405e-09
0 1.87405e-09
0 1.87405e-09
0 1.87405e-09
0 1.87405e-09
0 1.87405e-09
0 1.87405e-09
0 1.87405e-09
0 1.87405e-09
0 1.87405e-09
0 1.87405e-09
0 1.87405e-09
0 1.87405e-09
0 1.87405e-09
0 1.87405e-09
0 1.87405e-09
0 1.87405e-09
0 1.87405e-09
0 1.87405e-09
0 1.87405e-09
0 1.87405e-09
0 1.87405e-09
0 1.87405e-09
0 1.87405e-09
0 1.87405e-09
0 1.87405e-09
0 1.87405e-09
0 1.87405e-09
0 1.87405e-09
0 1.87405e-09
0 1.87405e-09
0 1.87405e-09
0 1.87405e-09
0 1.87405e-09
0 1.87405e-09
0 1.87405e-09
0 1.87405e-09
0 1.87405e-09
0 1.87405e-09
0 1.87405e-09
0 1.87405e-09
0 1.87405e-09
0 1.87405e-09
0 1.87405e-09
0 1.87405e-09
0 1.87405e-09
0 1.87405e-09
0 1.87405e-09
0 1.87405e-09
0 1.87405e-09
0 1.87405e-09
0 1.87405e-09
0 1.87405e-09
0 1.87405e-09
0 1.87405e-09
0 1.87405e-09
0 1.87405e-09
0 1.87405e-09
0 1.87405e-09
0 1.87405e-09
0 1.87405e-09
0 1.87405e-09
0 1.87405e-09
0 1.87405e-09
0 1.87405e-09
0 1.87405e-09
0 1.87405e-09
0 1.87405e-09
0 1.87405e-09
0 1.87405e-09
0 1.87405e-09
0 1.87405e-09
0 1.87405e-09
0 1.87405e-09
0 1.87405e-09
0 1.87405e-09
0 1.87405e-09
0 1.87405e-09
0 1.87405e-09
0 1.87405e-09
0 1.87405e-09
0 1.87405e-09
0 1.87405e-09
0 1.87405e-09
0 1.87405e-09
0 1.87405e-09
0 1.87405e-09
0 1.87405e-09
0 1.87405e-09
0 1.87405e-09
0 1.87405e-09
0 1.87405e-09
0 1.87405e-09
0 1.87405e-09
0 1.87405e-09
0 1.87405e-09
0 1.87405e-09
0 1.87405e-09
0 1.87405e-09
0 1.87405e-09
0 1.87405e-09
0 1.87405e-09
0 1.87405e-09
0 1.87405e-09
0 1.87405e-09
0 1.87405e-09
0 1.87405e-09
0 1.87405e-09
0 1.87405e-09
0 1.87405e-09
0 1.87405e-09
0 1.87405e-09
0 1.87405e-09
0 1.87405e-09
0 1.87405e-09
0 1.87405e-09
0 1.87405e-09
0 1.87405e-09
0 1.87405e-09
0 1.87405e-09
0 1.87405e-09
0 1.87405e-09
0 1.87405e-09
0 1.87405e-09
0 1.87405e-09
0 1.87405e-09
0 1.87405e-09
0 1.87405e-09
0 1.87405e-09
0 1.87405e-09
0 1.87405e-09
0 1.87405e-09
0 1.87405e-09
0 1.87405e-09
0 1.87405e-09
0 1.87405e-09
0 1.87405e-09
0 1.87405e-09
0 1.87405e-09
0 1.87405e-09
0 1.87405e-09
0 1.87405e-09
0 1.87405e-09
0 1.87405e-09
0 1.87405e-09
0 1.87405e-09
0 1.87405e-09
0 1.87405e-09
0 1.87405e-09
0 1.87405e-09
0 1.87405e-09
0 1.87405e-09
0 1.87405e-09
0 1.87405e-09
0 1.87405e-09
0 1.87405e-09
0 1.87405e-09
0 1.87405e-09
0 1.87405e-09
0 1.87405e-09
0 1.87405e-09
0 1.87405e-09
0 1.87405e-09
0 1.87405e-09
0 1.87405e-09
0 1.87405e-09
0 1.87405e-09
0 1.87405e-09
0 1.87405e-09
0 1.87405e-09
0 1.87405e-09
0 1.87405e-09
0 1.87405e-09
0 1.87405e-09
0 1.87405e-09
0 1.87405e-09
0 1.87405e-09
0 1.87405e-09
0 1.87405e-09
0 1.87405e-09
0 1.87405e-09
0 1.87405e-09
0 1.87405e-09
0 1.87405e-09
0 1.87405e-09
0 1.87405e-09
0 1.87405e-09
0 1.87405e-09
0 1.87405e-09
0 1.87405e-09
0 1.87405e-09
0 1.87405e-09
0 1.87405e-09
0 1.87405e-09
0 1.87405e-09
0 1.87405e-09
0 1.87405e-09
0 1.87405e-09
0 1.87405e-09
0 1.87405e-09
0 1.87405e-09
0 1.87405e-09
0 1.87405e-09
0 1.87405e-09
0 1.87405e-09
0 1.87405e-09
0 1.87405e-09
0 1.87405e-09
0 1.87405e-09
0 1.87405e-09
0 1.87405e-09
0 1.87405e-09
0 1.87405e-09
0 1.87405e-09
0 1.87405e-09
0 1.87405e-09
0 1.87405e-09
0 1.87405e-09
0 1.87405e-09
0 1.87405e-09
0 1.87405e-09
0 1.87405e-09
0 1.87405e-09
0 1.87405e-09
0 1.87405e-09
0 1.87405e-09
0 1.87405e-09
0 1.87405e-09
0 1.87405e-09
0 1.87405e-09
0 1.87405e-09
0 1.87405e-09
0 1.87405e-09
0 1.87405e-09
0 1.87405e-09
0 1.87405e-09
0 1.87405e-09
0 1.87405e-09
0 1.87405e-09
0 1.87405e-09
0 1.87405e-09
0 1.87405e-09
0 1.87405e-09
0 1.87405e-09
0 1.87405e-09
0 1.87405e-09
0 1.87405e-09
0 1.87405e-09
0 1.87405e-09
0 1.87405e-09
0 1.87405e-09
0 1.87405e-09
0 1.87405e-09
0 1.87405e-09
0 1.87405e-09
0 1.87405e-09
0 1.87405e-09
0 1.87405e-09
0 1.87405e-09
0 1.87405e-09
0 1.87405e-09
0 1.87405e-09
0 1.87405e-09
0 1.87405e-09
0 1.87405e-09
0 1.87405e-09
0 1.87405e-09
0 1.87405e-09
0 1.87405e-09
0 1.87405e-09
0 1.87405e-09
0 1.87405e-09
0 1.87405e-09
0 1.87405e-09
0 1.87405e-09
0 1.87405e-09
0 1.87405e-09
0 1.87405e-09
0 1.87405e-09
0 1.87405e-09
0 1.87405e-09
0 1.87405e-09
0 1.87405e-09
0 1.87405e-09
0 1.87405e-09
0 1.87405e-09
0 1.87405e-09
0 1.87405e-09
0 1.87405e-09
0 1.87405e-09
0 1.87405e-09
0 1.87405e-09
0 1.87405e-09
0 1.87405e-09
0 1.87405e-09
0 1.87405e-09
0 1.87405e-09
0 1.87405e-09
0 1.87405e-09
0 1.87405e-09
0 1.87405e-09
0 1.87405e-09
0 1.87405e-09
0 1.87405e-09
0 1.87405e-09
0 1.87405e-09
0 1.87405e-09
0 1.87405e-09
0 1.87405e-09
0 1.87405e-09
0 1.87405e-09
0 1.87405e-09
0 1.87405e-09
0 1.87405e-09
0 1.87405e-09
0 1.87405e-09
0 1.87405e-09
0 1.87405e-09
0 1.87405e-09
0 1.87405e-09
0 1.87405e-09
0 1.87405e-09
0 1.87405e-09
0 1.87405e-09
0 1.87405e-09
0 1.87405e-09
0 1.87405e-09
0 1.87405e-09
0 1.87405e-09
0 1.87405e-09
0 1.87405e-09
0 1.87405e-09
0 1.87405e-09
0 1.87405e-09
0 1.87405e-09
0 1.87405e-09
0 1.87405e-09
0 1.87405e-09
0 1.87405e-09
0 1.87405e-09
0 1.87405e-09
0 1.87405e-09
0 1.87405e-09
0 1.87405e-09
0 1.87405e-09
0 1.87405e-09
0 1.87405e-09
0 1.87405e-09
0 1.87405e-09
0 1.87405e-09
0 1.87405e-09
0 1.87405e-09
0 1.87405e-09
0 1.87405e-09
0 1.87405e-09
0 1.87405e-09
0 1.87405e-09
0 1.87405e-09
0 1.87405e-09
0 1.87405e-09
0 1.87405e-09
0 1.87405e-09
0 1.87405e-09
0 1.87405e-09
0 1.87405e-09
0 1.87405e-09
0 1.87405e-09
0 1.87405e-09
0 1.87405e-09
0 1.87405e-09
0 1.87405e-09
0 1.87405e-09
0 1.87405e-09
0 1.87405e-09
0 1.87405e-09
0 1.87405e-09
0 1.87405e-09
0 1.87405e-09
0 1.87405e-09
0 1.87405e-09
0 1.87405e-09
0 1.87405e-09
0 1.87405e-09
0 1.87405e-09
0 1.87405e-09
0 1.87405e-09
0 1.87405e-09
0 1.87405e-09
0 1.87405e-09
0 1.87405e-09
0 1.87405e-09
0 1.87405e-09
0 1.87405e-09
0 1.87405e-09
0 1.87405e-09
0 1.87405e-09
0 1.87405e-09
0 1.87405e-09
0 1.87405e-09
0 1.87405e-09
0 1.87405e-09
0 1.87405e-09
0 1.87405e-09
0 1.87405e-09
0 1.87405e-09
0 1.87405e-09
0 1.87405e-09
0 1.87405e-09
0 1.87405e-09
0 1.87405e-09
0 1.87405e-09
0 1.87405e-09
0 1.87405e-09
0 1.87405e-09
0 1.87405e-09
0 1.87405e-09
0 1.87405e-09
0 1.87405e-09
0 1.87405e-09
0 1.87405e-09
0 1.87405e-09
0 1.87405e-09
0 1.87405e-09
0 1.87405e-09
0 1.87405e-09
0 1.87405e-09
0 1.87405e-09
0 1.87405e-09
0 1.87405e-09
0 1.87405e-09
0 1.87405e-09
0 1.87405e-09
0 1.87405e-09
0 1.87405e-09
0 1.87405e-09
0 1.87405e-09
0 1.87405e-09
0 1.87405e-09
0 1.87405e-09
0 1.87405e-09
0 1.87405e-09
0 1.87405e-09
0 1.87405e-09
0 1.87405e-09
0 1.87405e-09
0 1.87405e-09
0 1.87405e-09
0 1.87405e-09
0 1.87405e-09
0 1.87405e-09
0 1.87405e-09
0 1.87405e-09
0 1.87405e-09
0 1.87405e-09
0 1.87405e-09
0 1.87405e-09
0 1.87405e-09
0 1.87405e-09
0 1.87405e-09
0 1.87405e-09
0 1.87405e-09
0 1.87405e-09
0 1.87405e-09
0 1.87405e-09
0 1.87405e-09
0 1.87405e-09
0 1.87405e-09
0 1.87405e-09
0 1.87405e-09
0 1.87405e-09
0 1.87405e-09
0 1.87405e-09
0 1.87405e-09
0 1.87405e-09
0 1.87405e-09
0 1.87405e-09
0 1.87405e-09
0 1.87405e-09
0 1.87405e-09
0 1.87405e-09
0 1.87405e-09
0 1.87405e-09
0 1.87405e-09
0 1.87405e-09
0 1.87405e-09
0 1.87405e-09
0 1.87405e-09
0 1.87405e-09
0 1.87405e-09
0 1.87405e-09
0 1.87405e-09
0 1.87405e-09
0 1.87405e-09
0 1.87405e-09
0 1.87405e-09
0 1.87405e-09
0 1.87405e-09
0 1.87405e-09
0 1.87405e-09
0 1.87405e-09
0 1.87405e-09
0 1.87405e-09
0 1.87405e-09
0 1.87405e-09
0 1.87405e-09
0 1.87405e-09
0 1.87405e-09
0 1.87405e-09
0 1.87405e-09
0 1.87405e-09
0 1.87405e-09
0 1.87405e-09
0 1.87405e-09
0 1.87405e-09
0 1.87405e-09
0 1.87405e-09
0 1.87405e-09
0 1.87405e-09
0 1.87405e-09
0 1.87405e-09
0 1.87405e-09
0 1.87405e-09
0 1.87405e-09
0 1.87405e-09
0 1.87405e-09
0 1.87405e-09
0 1.87405e-09
0 1.87405e-09
0 1.87405e-09
0 1.87405e-09
0 1.87405e-09
0 1.87405e-09
0 1.87405e-09
0 1.87405e-09
0 1.87405e-09
0 1.87405e-09
0 1.87405e-09
0 1.87405e-09
0 1.87405e-09
0 1.87405e-09
0 1.87405e-09
0 1.87405e-09
0 1.87405e-09
0 1.87405e-09
0 1.87405e-09
0 1.87405e-09
0 1.87405e-09
0 1.87405e-09
0 1.87405e-09
0 1.87405e-09
0 1.87405e-09
0 1.87405e-09
0 1.87405e-09
0 1.87405e-09
0 1.87405e-09
0 1.87405e-09
0 1.87405e-09
0 1.87405e-09
0 1.87405e-09
0 1.87405e-09
0 1.87405e-09
0 1.87405e-09
0 1.87405e-09
0 1.87405e-09
0 1.87405e-09
0 1.87405e-09
0 1.87405e-09
0 1.87405e-09
0 1.87405e-09
0 1.87405e-09
0 1.87405e-09
0 1.87405e-09
0 1.87405e-09
0 1.87405e-09
0 1.87405e-09
0 1.87405e-09
0 1.87405e-09
0 1.87405e-09
0 1.87405e-09
0 1.87405e-09
0 1.87405e-09
0 1.87405e-09
0 1.87405e-09
0 1.87405e-09
0 1.87405e-09
0 1.87405e-09
0 1.87405e-09
0 1.87405e-09
0 1.87405e-09
0 1.87405e-09
0 1.87405e-09
0 1.87405e-09
0 1.87405e-09
0 1.87405e-09
0 1.87405e-09
0 1.87405e-09
0 1.87405e-09
0 1.87405e-09
0 1.87405e-09
0 1.87405e-09
0 1.87405e-09
0 1.87405e-09
0 1.87405e-09
0 1.87405e-09
0 1.87405e-09
0 1.87405e-09
0 1.87405e-09
0 1.87405e-09
0 1.87405e-09
0 1.87405e-09
0 1.87405e-09
0 1.87405e-09
0 1.87405e-09
0 1.87405e-09
0 1.87405e-09
0 1.87405e-09
0 1.87405e-09
0 1.87405e-09
0 1.87405e-09
0 1.87405e-09
0 1.87405e-09
0 1.87405e-09
0 1.87405e-09
0 1.87405e-09
0 1.87405e-09
0 1.87405e-09
0 1.87405e-09
0 1.87405e-09
0 1.87405e-09
0 1.87405e-09
0 1.87405e-09
0 1.87405e-09
0 1.87405e-09
0 1.87405e-09
0 1.87405e-09
0 1.87405e-09
0 1.87405e-09
0 1.87405e-09
0 1.87405e-09
0 1.87405e-09
0 1.87405e-09
0 1.87405e-09
0 1.87405e-09
0 1.87405e-09
0 1.87405e-09
0 1.87405e-09
0 1.87405e-09
0 1.87405e-09
0 1.87405e-09
0 1.87405e-09
0 1.87405e-09
0 1.87405e-09
0 1.87405e-09
0 1.87405e-09
0 1.87405e-09
0 1.87405e-09
0 1.87405e-09
0 1.87405e-09
0 1.87405e-09
0 1.87405e-09
0 1.87405e-09
0 1.87405e-09
0 1.87405e-09
0 1.87405e-09
0 1.87405e-09
0 1.87405e-09
0 1.87405e-09
0 1.87405e-09
0 1.87405e-09
0 1.87405e-09
0 1.87405e-09
0 1.87405e-09
0 1.87405e-09
0 1.87405e-09
0 1.87405e-09
0 1.87405e-09
0 1.87405e-09
0 1.87405e-09
0 1.87405e-09
0 1.87405e-09
0 1.87405e-09
0 1.87405e-09
0 1.87405e-09
0 1.87405e-09
0 1.87405e-09
0 1.87405e-09
0 1.87405e-09
0 1.87405e-09
0 1.87405e-09
0 1.87405e-09
0 1.87405e-09
0 1.87405e-09
0 1.87405e-09
0 1.87405e-09
0 1.87405e-09
0 1.87405e-09
0 1.87405e-09
0 1.87405e-09
0 1.87405e-09
0 1.87405e-09
0 1.87405e-09
0 1.87405e-09
0 1.87405e-09
0 1.87405e-09
0 1.87405e-09
0 1.87405e-09
0 1.87405e-09
0 1.87405e-09
0 1.87405e-09
0 1.87405e-09
0 1.87405e-09
0 1.87405e-09
0 1.87405e-09
0 1.87405e-09
0 1.87405e-09
0 1.87405e-09
0 1.87405e-09
0 1.87405e-09
0 1.87405e-09
0 1.87405e-09
0 1.87405e-09
0 1.87405e-09
0 1.87405e-09
0 1.87405e-09
0 1.87405e-09
0 1.87405e-09
0 1.87405e-09
0 1.87405e-09
0 1.87405e-09
0 1.87405e-09
0 1.87405e-09
0 1.87405e-09
0 1.87405e-09
0 1.87405e-09
0 1.87405e-09
0 1.87405e-09
0 1.87405e-09
0 1.87405e-09
0 1.87405e-09
0 1.87405e-09
0 1.87405e-09
0 1.87405e-09
0 1.87405e-09
0 1.87405e-09
0 1.87405e-09
0 1.87405e-09
0 1.87405e-09
0 1.87405e-09
0 1.87405e-09
0 1.87405e-09
0 1.87405e-09
0 1.87405e-09
0 1.87405e-09
0 1.87405e-09
0 1.87405e-09
0 1.87405e-09
0 1.87405e-09
0 1.87405e-09
0 1.87405e-09
0 1.87405e-09
0 1.87405e-09
0 1.87405e-09
0 1.87405e-09
0 1.87405e-09
0 1.87405e-09
0 1.87405e-09
0 1.87405e-09
0 1.87405e-09
0 1.87405e-09
0 1.87405e-09
0 1.87405e-09
0 1.87405e-09
0 1.87405e-09
0 1.87405e-09
0 1.87405e-09
0 1.87405e-09
0 1.87405e-09
0 1.87405e-09
0 1.87405e-09
0 1.87405e-09
0 1.87405e-09
0 1.87405e-09
0 1.87405e-09
0 1.87405e-09
0 1.87405e-09
0 1.87405e-09
0 1.87405e-09
0 1.87405e-09
0 1.87405e-09
0 1.87405e-09
0 1.87405e-09
0 1.87405e-09
0 1.87405e-09
0 1.87405e-09

