0.006 0.021418
0.066 0.0214012
0.126 0.0213556
0.186 0.0212818
0.246 0.02118
0.306 0.0210507
0.366 0.0208943
0.426 0.0207115
0.486 0.020503
0.546 0.0202695
0.606 0.0200121
0.666 0.0197316
0.726 0.0194292
0.786 0.019106
0.846 0.0187632
0.906 0.018402
0.966 0.0180239
1.026 0.01763
1.086 0.0172219
1.146 0.0168009
1.206 0.0163685
1.266 0.0159261
1.326 0.0154752
1.386 0.0150172
1.446 0.0145536
1.506 0.0140857
1.566 0.013615
1.626 0.0131428
1.686 0.0126704
1.746 0.0121991
1.806 0.0117301
1.866 0.0112645
1.926 0.0108036
1.986 0.0103482
2.046 0.00989938
2.106 0.00945807
2.166 0.00902507
2.226 0.00860114
2.286 0.00818698
2.346 0.00778318
2.406 0.0073903
2.466 0.0070088
2.526 0.00663907
2.586 0.00628144
2.646 0.00593617
2.706 0.00560345
2.766 0.0052834
2.826 0.00497609
2.886 0.00468155
2.946 0.00439971
3.006 0.0041305
3.066 0.00387377
3.126 0.00362934
3.186 0.003397
3.246 0.0031765
3.306 0.00296755
3.366 0.00276984
3.426 0.00258304
3.486 0.00240681
3.546 0.00224077
3.606 0.00208455
3.666 0.00193776
3.726 0.00180001
3.786 0.00167089
3.846 0.00155002
3.906 0.001437
3.966 0.00133144
4.026 0.00123294
4.086 0.00114114
4.146 0.00105565
4.206 0.000976126
4.266 0.000902213
4.326 0.000833574
4.386 0.000769884
4.446 0.000710833
4.506 0.000656122
4.566 0.000605466
4.626 0.000558595
4.686 0.000515252
4.746 0.000475194
4.806 0.00043819
4.866 0.000404025
4.926 0.000372493
4.986 0.000343404
5.046 0.000316578
5.106 0.000291847
5.166 0.000269053
5.226 0.000248051
5.286 0.000228703
5.346 0.000210882
5.406 0.000194471
5.466 0.00017936
5.526 0.000165446
5.586 0.000152637
5.646 0.000140844
5.706 0.000129988
5.766 0.000119994
5.826 0.000110792
5.886 0.00010232
5.946 9.45195e-05
6.006 8.73361e-05
6.066 8.07204e-05
6.126 7.46266e-05
6.186 6.90128e-05
6.246 6.38402e-05
6.306 5.90731e-05
6.366 5.46782e-05
6.426 5.06249e-05
6.486 4.68853e-05
6.546 4.34339e-05
6.606 4.02473e-05
6.666 3.73044e-05
6.726 3.45855e-05
6.786 3.20728e-05
6.846 2.975e-05
6.906 2.7602e-05
6.966 2.56151e-05
7.026 2.37767e-05
7.086 2.20752e-05
7.146 2.04999e-05
7.206 1.90412e-05
7.266 1.769e-05
7.326 1.6438e-05
7.386 1.52778e-05
7.446 1.42022e-05
7.506 1.3205e-05
7.566 1.22801e-05
7.626 1.14221e-05
7.686 1.0626e-05
7.746 9.88713e-06
7.806 9.20128e-06
7.866 8.56449e-06
7.926 7.97312e-06
7.986 7.42382e-06
8.046 6.9135e-06
8.106 6.43929e-06
8.166 5.99855e-06
8.226 5.58884e-06
8.286 5.20792e-06
8.346 4.85368e-06
8.406 4.5242e-06
8.466 4.2177e-06
8.526 3.93252e-06
8.586 3.66714e-06
8.646 3.42015e-06
8.706 3.19022e-06
8.766 2.97614e-06
8.826 2.7768e-06
8.886 2.59115e-06
8.946 2.41822e-06
9.006 2.25712e-06
9.066 2.10701e-06
9.126 1.96713e-06
9.186 1.83676e-06
9.246 1.71524e-06
9.306 1.60195e-06
9.366 1.49632e-06
9.426 1.39782e-06
9.486 1.30595e-06
9.546 1.22027e-06
9.606 1.14034e-06
9.666 1.06576e-06
9.726 9.96183e-07
9.786 9.31252e-07
9.846 8.70653e-07
9.906 8.14091e-07
9.966 7.61293e-07
10.026 7.12003e-07
10.086 6.65983e-07
10.146 6.23014e-07
10.206 5.82888e-07
10.266 5.45415e-07
10.326 5.10417e-07
10.386 4.77728e-07
10.446 4.47194e-07
10.506 4.18671e-07
10.566 3.92025e-07
10.626 3.67132e-07
10.686 3.43875e-07
10.746 3.22146e-07
10.806 3.01845e-07
10.866 2.82878e-07
10.926 2.65158e-07
10.986 2.48602e-07
11.046 2.33134e-07
11.106 2.18685e-07
11.166 2.05188e-07
11.226 1.92582e-07
11.286 1.80809e-07
11.346 1.69816e-07
11.406 1.59553e-07
11.466 1.49974e-07
11.526 1.41036e-07
11.586 1.32698e-07
11.646 1.24923e-07
11.706 1.17676e-07
11.766 1.10924e-07
11.826 1.04638e-07
11.886 9.87882e-08
11.946 9.33496e-08
12.006 8.82975e-08
12.066 8.36092e-08
12.126 7.92638e-08
12.186 7.52416e-08
12.246 7.15246e-08
12.306 6.8096e-08
12.366 6.49403e-08
12.426 6.20431e-08
12.486 5.93913e-08
12.546 5.69726e-08
12.606 5.47758e-08
12.666 5.27907e-08
12.726 5.10079e-08
12.786 4.94187e-08
12.846 4.80154e-08
12.906 4.67911e-08
12.966 4.57393e-08
13.026 4.48546e-08
13.086 4.41318e-08
13.146 4.35668e-08
13.206 4.31557e-08
13.266 4.28955e-08
13.326 4.27834e-08
13.386 2.1418e-10
13.446 2.1418e-10
13.506 2.1418e-10
13.566 2.1418e-10
13.626 2.1418e-10
13.686 2.1418e-10
13.746 2.1418e-10
13.806 2.1418e-10
13.866 2.1418e-10
13.926 2.1418e-10
13.986 2.1418e-10
14.046 2.1418e-10
14.106 2.1418e-10
14.166 2.1418e-10
14.226 2.1418e-10
14.286 2.1418e-10
14.346 2.1418e-10
14.406 2.1418e-10
14.466 2.1418e-10
14.526 2.1418e-10
14.586 2.1418e-10
14.646 2.1418e-10
14.706 2.1418e-10
14.766 2.1418e-10
14.826 2.1418e-10
14.886 2.1418e-10
14.946 2.1418e-10
15.006 2.1418e-10
15.066 2.1418e-10
15.126 2.1418e-10
15.186 2.1418e-10
15.246 2.1418e-10
15.306 2.1418e-10
15.366 2.1418e-10
15.426 2.1418e-10
15.486 2.1418e-10
15.546 2.1418e-10
15.606 2.1418e-10
15.666 2.1418e-10
15.726 2.1418e-10
15.786 2.1418e-10
15.846 2.1418e-10
15.906 2.1418e-10
15.966 2.1418e-10
16.026 2.1418e-10
16.086 2.1418e-10
16.146 2.1418e-10
16.206 2.1418e-10
16.266 2.1418e-10
16.326 2.1418e-10
16.386 2.1418e-10
16.446 2.1418e-10
16.506 2.1418e-10
16.566 2.1418e-10
16.626 2.1418e-10
16.686 2.1418e-10
16.746 2.1418e-10
16.806 2.1418e-10
16.866 2.1418e-10
16.926 2.1418e-10
16.986 2.1418e-10
17.046 2.1418e-10
17.106 2.1418e-10
17.166 2.1418e-10
17.226 2.1418e-10
17.286 2.1418e-10
17.346 2.1418e-10
17.406 2.1418e-10
17.466 2.1418e-10
17.526 2.1418e-10
17.586 2.1418e-10
17.646 2.1418e-10
17.706 2.1418e-10
17.766 2.1418e-10
17.826 2.1418e-10
17.886 2.1418e-10
17.946 2.1418e-10
18.006 2.1418e-10
18.066 2.1418e-10
18.126 2.1418e-10
18.186 2.1418e-10
18.246 2.1418e-10
18.306 2.1418e-10
18.366 2.1418e-10
18.426 2.1418e-10
18.486 2.1418e-10
18.546 2.1418e-10
18.606 2.1418e-10
18.666 2.1418e-10
18.726 2.1418e-10
18.786 2.1418e-10
18.846 2.1418e-10
18.906 2.1418e-10
18.966 2.1418e-10
19.026 2.1418e-10
19.086 2.1418e-10
19.146 2.1418e-10
19.206 2.1418e-10
19.266 2.1418e-10
19.326 2.1418e-10
19.386 2.1418e-10
19.446 2.1418e-10
19.506 2.1418e-10
19.566 2.1418e-10
19.626 2.1418e-10
19.686 2.1418e-10
19.746 2.1418e-10
19.806 2.1418e-10
19.866 2.1418e-10
19.926 2.1418e-10
19.986 2.1418e-10
20.046 2.1418e-10
20.106 2.1418e-10
20.166 2.1418e-10
20.226 2.1418e-10
20.286 2.1418e-10
20.346 2.1418e-10
20.406 2.1418e-10
20.466 2.1418e-10
20.526 2.1418e-10
20.586 2.1418e-10
20.646 2.1418e-10
20.706 2.1418e-10
20.766 2.1418e-10
20.826 2.1418e-10
20.886 2.1418e-10
20.946 2.1418e-10
21.006 2.1418e-10
21.066 2.1418e-10
21.126 2.1418e-10
21.186 2.1418e-10
21.246 2.1418e-10
21.306 2.1418e-10
21.366 2.1418e-10
21.426 2.1418e-10
21.486 2.1418e-10
21.546 2.1418e-10
21.606 2.1418e-10
21.666 2.1418e-10
21.726 2.1418e-10
21.786 2.1418e-10
21.846 2.1418e-10
21.906 2.1418e-10
21.966 2.1418e-10
22.026 2.1418e-10
22.086 2.1418e-10
22.146 2.1418e-10
22.206 2.1418e-10
22.266 2.1418e-10
22.326 2.1418e-10
22.386 2.1418e-10
22.446 2.1418e-10
22.506 2.1418e-10
22.566 2.1418e-10
22.626 2.1418e-10
22.686 2.1418e-10
22.746 2.1418e-10
22.806 2.1418e-10
22.866 2.1418e-10
22.926 2.1418e-10
22.986 2.1418e-10
23.046 2.1418e-10
23.106 2.1418e-10
23.166 2.1418e-10
23.226 2.1418e-10
23.286 2.1418e-10
23.346 2.1418e-10
23.406 2.1418e-10
23.466 2.1418e-10
23.526 2.1418e-10
23.586 2.1418e-10
23.646 2.1418e-10
23.706 2.1418e-10
23.766 2.1418e-10
23.826 2.1418e-10
23.886 2.1418e-10
23.946 2.1418e-10
24.006 2.1418e-10
24.066 2.1418e-10
24.126 2.1418e-10
24.186 2.1418e-10
24.246 2.1418e-10
24.306 2.1418e-10
24.366 2.1418e-10
24.426 2.1418e-10
24.486 2.1418e-10
24.546 2.1418e-10
24.606 2.1418e-10
24.666 2.1418e-10
24.726 2.1418e-10
24.786 2.1418e-10
24.846 2.1418e-10
24.906 2.1418e-10
24.966 2.1418e-10
25.026 2.1418e-10
25.086 2.1418e-10
25.146 2.1418e-10
25.206 2.1418e-10
25.266 2.1418e-10
25.326 2.1418e-10
25.386 2.1418e-10
25.446 2.1418e-10
25.506 2.1418e-10
25.566 2.1418e-10
25.626 2.1418e-10
25.686 2.1418e-10
25.746 2.1418e-10
25.806 2.1418e-10
25.866 2.1418e-10
25.926 2.1418e-10
25.986 2.1418e-10
26.046 2.1418e-10
26.106 2.1418e-10
26.166 2.1418e-10
26.226 2.1418e-10
26.286 2.1418e-10
26.346 2.1418e-10
26.406 2.1418e-10
26.466 2.1418e-10
26.526 2.1418e-10
26.586 2.1418e-10
26.646 2.1418e-10
26.706 2.1418e-10
26.766 2.1418e-10
26.826 2.1418e-10
26.886 2.1418e-10
26.946 2.1418e-10
27.006 2.1418e-10
27.066 2.1418e-10
27.126 2.1418e-10
27.186 2.1418e-10
27.246 2.1418e-10
27.306 2.1418e-10
27.366 2.1418e-10
27.426 2.1418e-10
27.486 2.1418e-10
27.546 2.1418e-10
27.606 2.1418e-10
27.666 2.1418e-10
27.726 2.1418e-10
27.786 2.1418e-10
27.846 2.1418e-10
27.906 2.1418e-10
27.966 2.1418e-10
28.026 2.1418e-10
28.086 2.1418e-10
28.146 2.1418e-10
28.206 2.1418e-10
28.266 2.1418e-10
28.326 2.1418e-10
28.386 2.1418e-10
28.446 2.1418e-10
28.506 2.1418e-10
28.566 2.1418e-10
28.626 2.1418e-10
28.686 2.1418e-10
28.746 2.1418e-10
28.806 2.1418e-10
28.866 2.1418e-10
28.926 2.1418e-10
28.986 2.1418e-10
29.046 2.1418e-10
29.106 2.1418e-10
29.166 2.1418e-10
29.226 2.1418e-10
29.286 2.1418e-10
29.346 2.1418e-10
29.406 2.1418e-10
29.466 2.1418e-10
29.526 2.1418e-10
29.586 2.1418e-10
29.646 2.1418e-10
29.706 2.1418e-10
29.766 2.1418e-10
29.826 2.1418e-10
29.886 2.1418e-10
29.946 2.1418e-10
30.006 2.1418e-10
30.066 2.1418e-10
30.126 2.1418e-10
30.186 2.1418e-10
30.246 2.1418e-10
30.306 2.1418e-10
30.366 2.1418e-10
30.426 2.1418e-10
30.486 2.1418e-10
30.546 2.1418e-10
30.606 2.1418e-10
30.666 2.1418e-10
30.726 2.1418e-10
30.786 2.1418e-10
30.846 2.1418e-10
30.906 2.1418e-10
30.966 2.1418e-10
31.026 2.1418e-10
31.086 2.1418e-10
31.146 2.1418e-10
31.206 2.1418e-10
31.266 2.1418e-10
31.326 2.1418e-10
31.386 2.1418e-10
31.446 2.1418e-10
31.506 2.1418e-10
31.566 2.1418e-10
31.626 2.1418e-10
31.686 2.1418e-10
31.746 2.1418e-10
31.806 2.1418e-10
31.866 2.1418e-10
31.926 2.1418e-10
31.986 2.1418e-10
32.046 2.1418e-10
32.106 2.1418e-10
32.166 2.1418e-10
32.226 2.1418e-10
32.286 2.1418e-10
32.346 2.1418e-10
32.406 2.1418e-10
32.466 2.1418e-10
32.526 2.1418e-10
32.586 2.1418e-10
32.646 2.1418e-10
32.706 2.1418e-10
32.766 2.1418e-10
32.826 2.1418e-10
32.886 2.1418e-10
32.946 2.1418e-10
33.006 2.1418e-10
33.066 2.1418e-10
33.126 2.1418e-10
33.186 2.1418e-10
33.246 2.1418e-10
33.306 2.1418e-10
33.366 2.1418e-10
33.426 2.1418e-10
33.486 2.1418e-10
33.546 2.1418e-10
33.606 2.1418e-10
33.666 2.1418e-10
33.726 2.1418e-10
33.786 2.1418e-10
33.846 2.1418e-10
33.906 2.1418e-10
33.966 2.1418e-10
34.026 2.1418e-10
34.086 2.1418e-10
34.146 2.1418e-10
34.206 2.1418e-10
34.266 2.1418e-10
34.326 2.1418e-10
34.386 2.1418e-10
34.446 2.1418e-10
34.506 2.1418e-10
34.566 2.1418e-10
34.626 2.1418e-10
34.686 2.1418e-10
34.746 2.1418e-10
34.806 2.1418e-10
34.866 2.1418e-10
34.926 2.1418e-10
34.986 2.1418e-10
35.046 2.1418e-10
35.106 2.1418e-10
35.166 2.1418e-10
35.226 2.1418e-10
35.286 2.1418e-10
35.346 2.1418e-10
35.406 2.1418e-10
35.466 2.1418e-10
35.526 2.1418e-10
35.586 2.1418e-10
35.646 2.1418e-10
35.706 2.1418e-10
35.766 2.1418e-10
35.826 2.1418e-10
35.886 2.1418e-10
35.946 2.1418e-10
36.006 2.1418e-10
36.066 2.1418e-10
36.126 2.1418e-10
36.186 2.1418e-10
36.246 2.1418e-10
36.306 2.1418e-10
36.366 2.1418e-10
36.426 2.1418e-10
36.486 2.1418e-10
36.546 2.1418e-10
36.606 2.1418e-10
36.666 2.1418e-10
36.726 2.1418e-10
36.786 2.1418e-10
36.846 2.1418e-10
36.906 2.1418e-10
36.966 2.1418e-10
37.026 2.1418e-10
37.086 2.1418e-10
37.146 2.1418e-10
37.206 2.1418e-10
37.266 2.1418e-10
37.326 2.1418e-10
37.386 2.1418e-10
37.446 2.1418e-10
37.506 2.1418e-10
37.566 2.1418e-10
37.626 2.1418e-10
37.686 2.1418e-10
37.746 2.1418e-10
37.806 2.1418e-10
37.866 2.1418e-10
37.926 2.1418e-10
37.986 2.1418e-10
38.046 2.1418e-10
38.106 2.1418e-10
38.166 2.1418e-10
38.226 2.1418e-10
38.286 2.1418e-10
38.346 2.1418e-10
38.406 2.1418e-10
38.466 2.1418e-10
38.526 2.1418e-10
38.586 2.1418e-10
38.646 2.1418e-10
38.706 2.1418e-10
38.766 2.1418e-10
38.826 2.1418e-10
38.886 2.1418e-10
38.946 2.1418e-10
39.006 2.1418e-10
39.066 2.1418e-10
39.126 2.1418e-10
39.186 2.1418e-10
39.246 2.1418e-10
39.306 2.1418e-10
39.366 2.1418e-10
39.426 2.1418e-10
39.486 2.1418e-10
39.546 2.1418e-10
39.606 2.1418e-10
39.666 2.1418e-10
39.726 2.1418e-10
39.786 2.1418e-10
39.846 2.1418e-10
39.906 2.1418e-10
39.966 2.1418e-10
40.026 2.1418e-10
40.086 2.1418e-10
40.146 2.1418e-10
40.206 2.1418e-10
40.266 2.1418e-10
40.326 2.1418e-10
40.386 2.1418e-10
40.446 2.1418e-10
40.506 2.1418e-10
40.566 2.1418e-10
40.626 2.1418e-10
40.686 2.1418e-10
40.746 2.1418e-10
40.806 2.1418e-10
40.866 2.1418e-10
40.926 2.1418e-10
40.986 2.1418e-10
41.046 2.1418e-10
41.106 2.1418e-10
41.166 2.1418e-10
41.226 2.1418e-10
41.286 2.1418e-10
41.346 2.1418e-10
41.406 2.1418e-10
41.466 2.1418e-10
41.526 2.1418e-10
41.586 2.1418e-10
41.646 2.1418e-10
41.706 2.1418e-10
41.766 2.1418e-10
41.826 2.1418e-10
41.886 2.1418e-10
41.946 2.1418e-10
42.006 2.1418e-10
42.066 2.1418e-10
42.126 2.1418e-10
42.186 2.1418e-10
42.246 2.1418e-10
42.306 2.1418e-10
42.366 2.1418e-10
42.426 2.1418e-10
42.486 2.1418e-10
42.546 2.1418e-10
42.606 2.1418e-10
42.666 2.1418e-10
42.726 2.1418e-10
42.786 2.1418e-10
42.846 2.1418e-10
42.906 2.1418e-10
42.966 2.1418e-10
43.026 2.1418e-10
43.086 2.1418e-10
43.146 2.1418e-10
43.206 2.1418e-10
43.266 2.1418e-10
43.326 2.1418e-10
43.386 2.1418e-10
43.446 2.1418e-10
43.506 2.1418e-10
43.566 2.1418e-10
43.626 2.1418e-10
43.686 2.1418e-10
43.746 2.1418e-10
43.806 2.1418e-10
43.866 2.1418e-10
43.926 2.1418e-10
43.986 2.1418e-10
44.046 2.1418e-10
44.106 2.1418e-10
44.166 2.1418e-10
44.226 2.1418e-10
44.286 2.1418e-10
44.346 2.1418e-10
44.406 2.1418e-10
44.466 2.1418e-10
44.526 2.1418e-10
44.586 2.1418e-10
44.646 2.1418e-10
44.706 2.1418e-10
44.766 2.1418e-10
44.826 2.1418e-10
44.886 2.1418e-10
44.946 2.1418e-10
45.006 2.1418e-10
45.066 2.1418e-10
45.126 2.1418e-10
45.186 2.1418e-10
45.246 2.1418e-10
45.306 2.1418e-10
45.366 2.1418e-10
45.426 2.1418e-10
45.486 2.1418e-10
45.546 2.1418e-10
45.606 2.1418e-10
45.666 2.1418e-10
45.726 2.1418e-10
45.786 2.1418e-10
45.846 2.1418e-10
45.906 2.1418e-10
45.966 2.1418e-10
46.026 2.1418e-10
46.086 2.1418e-10
46.146 2.1418e-10
46.206 2.1418e-10
46.266 2.1418e-10
46.326 2.1418e-10
46.386 2.1418e-10
46.446 2.1418e-10
46.506 2.1418e-10
46.566 2.1418e-10
46.626 2.1418e-10
46.686 2.1418e-10
46.746 2.1418e-10
46.806 2.1418e-10
46.866 2.1418e-10
46.926 2.1418e-10
46.986 2.1418e-10
47.046 2.1418e-10
47.106 2.1418e-10
47.166 2.1418e-10
47.226 2.1418e-10
47.286 2.1418e-10
47.346 2.1418e-10
47.406 2.1418e-10
47.466 2.1418e-10
47.526 2.1418e-10
47.586 2.1418e-10
47.646 2.1418e-10
47.706 2.1418e-10
47.766 2.1418e-10
47.826 2.1418e-10
47.886 2.1418e-10
47.946 2.1418e-10
48.006 2.1418e-10
48.066 2.1418e-10
48.126 2.1418e-10
48.186 2.1418e-10
48.246 2.1418e-10
48.306 2.1418e-10
48.366 2.1418e-10
48.426 2.1418e-10
48.486 2.1418e-10
48.546 2.1418e-10
48.606 2.1418e-10
48.666 2.1418e-10
48.726 2.1418e-10
48.786 2.1418e-10
48.846 2.1418e-10
48.906 2.1418e-10
48.966 2.1418e-10
49.026 2.1418e-10
49.086 2.1418e-10
49.146 2.1418e-10
49.206 2.1418e-10
49.266 2.1418e-10
49.326 2.1418e-10
49.386 2.1418e-10
49.446 2.1418e-10
49.506 2.1418e-10
49.566 2.1418e-10
49.626 2.1418e-10
49.686 2.1418e-10
49.746 2.1418e-10
49.806 2.1418e-10
49.866 2.1418e-10
49.926 2.1418e-10
49.986 2.1418e-10
50.046 2.1418e-10
50.106 2.1418e-10
50.166 2.1418e-10
50.226 2.1418e-10
50.286 2.1418e-10
50.346 2.1418e-10
50.406 2.1418e-10
50.466 2.1418e-10
50.526 2.1418e-10
50.586 2.1418e-10
50.646 2.1418e-10
50.706 2.1418e-10
50.766 2.1418e-10
50.826 2.1418e-10
50.886 2.1418e-10
50.946 2.1418e-10
51.006 2.1418e-10
51.066 2.1418e-10
51.126 2.1418e-10
51.186 2.1418e-10
51.246 2.1418e-10
51.306 2.1418e-10
51.366 2.1418e-10
51.426 2.1418e-10
51.486 2.1418e-10
51.546 2.1418e-10
51.606 2.1418e-10
51.666 2.1418e-10
51.726 2.1418e-10
51.786 2.1418e-10
51.846 2.1418e-10
51.906 2.1418e-10
51.966 2.1418e-10
52.026 2.1418e-10
52.086 2.1418e-10
52.146 2.1418e-10
52.206 2.1418e-10
52.266 2.1418e-10
52.326 2.1418e-10
52.386 2.1418e-10
52.446 2.1418e-10
52.506 2.1418e-10
52.566 2.1418e-10
52.626 2.1418e-10
52.686 2.1418e-10
52.746 2.1418e-10
52.806 2.1418e-10
52.866 2.1418e-10
52.926 2.1418e-10
52.986 2.1418e-10
53.046 2.1418e-10
53.106 2.1418e-10
53.166 2.1418e-10
53.226 2.1418e-10
53.286 2.1418e-10
53.346 2.1418e-10
53.406 2.1418e-10
53.466 2.1418e-10
53.526 2.1418e-10
53.586 2.1418e-10
53.646 2.1418e-10
53.706 2.1418e-10
53.766 2.1418e-10
53.826 2.1418e-10
53.886 2.1418e-10
53.946 2.1418e-10
54.006 2.1418e-10
54.066 2.1418e-10
54.126 2.1418e-10
54.186 2.1418e-10
54.246 2.1418e-10
54.306 2.1418e-10
54.366 2.1418e-10
54.426 2.1418e-10
54.486 2.1418e-10
54.546 2.1418e-10
54.606 2.1418e-10
54.666 2.1418e-10
54.726 2.1418e-10
54.786 2.1418e-10
54.846 2.1418e-10
54.906 2.1418e-10
54.966 2.1418e-10
55.026 2.1418e-10
55.086 2.1418e-10
55.146 2.1418e-10
55.206 2.1418e-10
55.266 2.1418e-10
55.326 2.1418e-10
55.386 2.1418e-10
55.446 2.1418e-10
55.506 2.1418e-10
55.566 2.1418e-10
55.626 2.1418e-10
55.686 2.1418e-10
55.746 2.1418e-10
55.806 2.1418e-10
55.866 2.1418e-10
55.926 2.1418e-10
55.986 2.1418e-10
56.046 2.1418e-10
56.106 2.1418e-10
56.166 2.1418e-10
56.226 2.1418e-10
56.286 2.1418e-10
56.346 2.1418e-10
56.406 2.1418e-10
56.466 2.1418e-10
56.526 2.1418e-10
56.586 2.1418e-10
56.646 2.1418e-10
56.706 2.1418e-10
56.766 2.1418e-10
56.826 2.1418e-10
56.886 2.1418e-10
56.946 2.1418e-10
57.006 2.1418e-10
57.066 2.1418e-10
57.126 2.1418e-10
57.186 2.1418e-10
57.246 2.1418e-10
57.306 2.1418e-10
57.366 2.1418e-10
57.426 2.1418e-10
57.486 2.1418e-10
57.546 2.1418e-10
57.606 2.1418e-10
57.666 2.1418e-10
57.726 2.1418e-10
57.786 2.1418e-10
57.846 2.1418e-10
57.906 2.1418e-10
57.966 2.1418e-10
58.026 2.1418e-10
58.086 2.1418e-10
58.146 2.1418e-10
58.206 2.1418e-10
58.266 2.1418e-10
58.326 2.1418e-10
58.386 2.1418e-10
58.446 2.1418e-10
58.506 2.1418e-10
58.566 2.1418e-10
58.626 2.1418e-10
58.686 2.1418e-10
58.746 2.1418e-10
58.806 2.1418e-10
58.866 2.1418e-10
58.926 2.1418e-10
58.986 2.1418e-10
59.046 2.1418e-10
59.106 2.1418e-10
59.166 2.1418e-10
59.226 2.1418e-10
59.286 2.1418e-10
59.346 2.1418e-10
59.406 2.1418e-10
59.466 2.1418e-10
59.526 2.1418e-10
59.586 2.1418e-10
59.646 2.1418e-10
59.706 2.1418e-10
59.766 2.1418e-10
59.826 2.1418e-10
59.886 2.1418e-10
59.946 2.1418e-10

