0 0.251658
0 0.24486
0 0.229045
0 0.209199
0 0.189214
0 0.171058
0 0.15527
0 0.14164
0 0.12978
0 0.11932
0 0.109955
0 0.101449
0 0.0936219
0 0.0863411
0 0.0795115
0 0.0730735
0 0.0670049
0 0.0613221
0 0.0560616
0 0.0512453
0 0.0468667
0 0.0429003
0 0.0393125
0 0.0360679
0 0.0331323
0 0.0304738
0 0.0280634
0 0.0258752
0 0.0238858
0 0.0220746
0 0.0204231
0 0.0189152
0 0.0175363
0 0.0162737
0 0.0151159
0 0.0140529
0 0.0130757
0 0.0121762
0 0.0113473
0 0.0105826
0 0.00987628
0 0.00922326
0 0.00861889
0 0.00805902
0 0.00753989
0 0.00705811
0 0.00661061
0 0.00619461
0 0.00580759
0 0.00544727
0 0.00511156
0 0.00479855
0 0.00450653
0 0.00423391
0 0.00397924
0 0.00374119
0 0.00351856
0 0.00331023
0 0.00311518
0 0.00293246
0 0.00276122
0 0.00260064
0 0.00245
0 0.00230861
0 0.00217585
0 0.00205114
0 0.00193393
0 0.00182373
0 0.00172008
0 0.00162256
0 0.00153075
0 0.0014443
0 0.00136286
0 0.0012861
0 0.00121375
0 0.0011455
0 0.00108112
0 0.00102035
0 0.000962974
0 0.00090878
0 0.000857573
0 0.000809169
0 0.000763397
0 0.000720096
0 0.000679117
0 0.000640319
0 0.000603569
0 0.000568745
0 0.00053573
0 0.000504416
0 0.000474701
0 0.000446488
0 0.000419687
0 0.000394213
0 0.000369987
0 0.000346933
0 0.00032498
0 0.000304062
0 0.000284115
0 0.000265081
0 0.000246902
0 0.000229526
0 0.000212903
0 0.000196986
0 0.000181728
0 0.000167089
0 0.000153028
0 0.000139505
0 0.000126486
0 0.000113936
0 0.000101821
0 9.01099e-05
0 7.87737e-05
0 6.77836e-05
0 5.71125e-05
0 4.67341e-05
0 3.66238e-05
0 2.67576e-05
0 1.71125e-05
0 7.66656e-06
0 2.51658e-09
0 2.51658e-09
0 2.51658e-09
0 2.51658e-09
0 2.51658e-09
0 2.51658e-09
0 2.51658e-09
0 2.51658e-09
0 2.51658e-09
0 2.51658e-09
0 2.51658e-09
0 2.51658e-09
0 2.51658e-09
0 2.51658e-09
0 2.51658e-09
0 2.51658e-09
0 2.51658e-09
0 2.51658e-09
0 2.51658e-09
0 2.51658e-09
0 2.51658e-09
0 2.51658e-09
0 2.51658e-09
0 2.51658e-09
0 2.51658e-09
0 2.51658e-09
0 2.51658e-09
0 2.51658e-09
0 2.51658e-09
0 2.51658e-09
0 2.51658e-09
0 2.51658e-09
0 2.51658e-09
0 2.51658e-09
0 2.51658e-09
0 2.51658e-09
0 2.51658e-09
0 2.51658e-09
0 2.51658e-09
0 2.51658e-09
0 2.51658e-09
0 2.51658e-09
0 2.51658e-09
0 2.51658e-09
0 2.51658e-09
0 2.51658e-09
0 2.51658e-09
0 2.51658e-09
0 2.51658e-09
0 2.51658e-09
0 2.51658e-09
0 2.51658e-09
0 2.51658e-09
0 2.51658e-09
0 2.51658e-09
0 2.51658e-09
0 2.51658e-09
0 2.51658e-09
0 2.51658e-09
0 2.51658e-09
0 2.51658e-09
0 2.51658e-09
0 2.51658e-09
0 2.51658e-09
0 2.51658e-09
0 2.51658e-09
0 2.51658e-09
0 2.51658e-09
0 2.51658e-09
0 2.51658e-09
0 2.51658e-09
0 2.51658e-09
0 2.51658e-09
0 2.51658e-09
0 2.51658e-09
0 2.51658e-09
0 2.51658e-09
0 2.51658e-09
0 2.51658e-09
0 2.51658e-09
0 2.51658e-09
0 2.51658e-09
0 2.51658e-09
0 2.51658e-09
0 2.51658e-09
0 2.51658e-09
0 2.51658e-09
0 2.51658e-09
0 2.51658e-09
0 2.51658e-09
0 2.51658e-09
0 2.51658e-09
0 2.51658e-09
0 2.51658e-09
0 2.51658e-09
0 2.51658e-09
0 2.51658e-09
0 2.51658e-09
0 2.51658e-09
0 2.51658e-09
0 2.51658e-09
0 2.51658e-09
0 2.51658e-09
0 2.51658e-09
0 2.51658e-09
0 2.51658e-09
0 2.51658e-09
0 2.51658e-09
0 2.51658e-09
0 2.51658e-09
0 2.51658e-09
0 2.51658e-09
0 2.51658e-09
0 2.51658e-09
0 2.51658e-09
0 2.51658e-09
0 2.51658e-09
0 2.51658e-09
0 2.51658e-09
0 2.51658e-09
0 2.51658e-09
0 2.51658e-09
0 2.51658e-09
0 2.51658e-09
0 2.51658e-09
0 2.51658e-09
0 2.51658e-09
0 2.51658e-09
0 2.51658e-09
0 2.51658e-09
0 2.51658e-09
0 2.51658e-09
0 2.51658e-09
0 2.51658e-09
0 2.51658e-09
0 2.51658e-09
0 2.51658e-09
0 2.51658e-09
0 2.51658e-09
0 2.51658e-09
0 2.51658e-09
0 2.51658e-09
0 2.51658e-09
0 2.51658e-09
0 2.51658e-09
0 2.51658e-09
0 2.51658e-09
0 2.51658e-09
0 2.51658e-09
0 2.51658e-09
0 2.51658e-09
0 2.51658e-09
0 2.51658e-09
0 2.51658e-09
0 2.51658e-09
0 2.51658e-09
0 2.51658e-09
0 2.51658e-09
0 2.51658e-09
0 2.51658e-09
0 2.51658e-09
0 2.51658e-09
0 2.51658e-09
0 2.51658e-09
0 2.51658e-09
0 2.51658e-09
0 2.51658e-09
0 2.51658e-09
0 2.51658e-09
0 2.51658e-09
0 2.51658e-09
0 2.51658e-09
0 2.51658e-09
0 2.51658e-09
0 2.51658e-09
0 2.51658e-09
0 2.51658e-09
0 2.51658e-09
0 2.51658e-09
0 2.51658e-09
0 2.51658e-09
0 2.51658e-09
0 2.51658e-09
0 2.51658e-09
0 2.51658e-09
0 2.51658e-09
0 2.51658e-09
0 2.51658e-09
0 2.51658e-09
0 2.51658e-09
0 2.51658e-09
0 2.51658e-09
0 2.51658e-09
0 2.51658e-09
0 2.51658e-09
0 2.51658e-09
0 2.51658e-09
0 2.51658e-09
0 2.51658e-09
0 2.51658e-09
0 2.51658e-09
0 2.51658e-09
0 2.51658e-09
0 2.51658e-09
0 2.51658e-09
0 2.51658e-09
0 2.51658e-09
0 2.51658e-09
0 2.51658e-09
0 2.51658e-09
0 2.51658e-09
0 2.51658e-09
0 2.51658e-09
0 2.51658e-09
0 2.51658e-09
0 2.51658e-09
0 2.51658e-09
0 2.51658e-09
0 2.51658e-09
0 2.51658e-09
0 2.51658e-09
0 2.51658e-09
0 2.51658e-09
0 2.51658e-09
0 2.51658e-09
0 2.51658e-09
0 2.51658e-09
0 2.51658e-09
0 2.51658e-09
0 2.51658e-09
0 2.51658e-09
0 2.51658e-09
0 2.51658e-09
0 2.51658e-09
0 2.51658e-09
0 2.51658e-09
0 2.51658e-09
0 2.51658e-09
0 2.51658e-09
0 2.51658e-09
0 2.51658e-09
0 2.51658e-09
0 2.51658e-09
0 2.51658e-09
0 2.51658e-09
0 2.51658e-09
0 2.51658e-09
0 2.51658e-09
0 2.51658e-09
0 2.51658e-09
0 2.51658e-09
0 2.51658e-09
0 2.51658e-09
0 2.51658e-09
0 2.51658e-09
0 2.51658e-09
0 2.51658e-09
0 2.51658e-09
0 2.51658e-09
0 2.51658e-09
0 2.51658e-09
0 2.51658e-09
0 2.51658e-09
0 2.51658e-09
0 2.51658e-09
0 2.51658e-09
0 2.51658e-09
0 2.51658e-09
0 2.51658e-09
0 2.51658e-09
0 2.51658e-09
0 2.51658e-09
0 2.51658e-09
0 2.51658e-09
0 2.51658e-09
0 2.51658e-09
0 2.51658e-09
0 2.51658e-09
0 2.51658e-09
0 2.51658e-09
0 2.51658e-09
0 2.51658e-09
0 2.51658e-09
0 2.51658e-09
0 2.51658e-09
0 2.51658e-09
0 2.51658e-09
0 2.51658e-09
0 2.51658e-09
0 2.51658e-09
0 2.51658e-09
0 2.51658e-09
0 2.51658e-09
0 2.51658e-09
0 2.51658e-09
0 2.51658e-09
0 2.51658e-09
0 2.51658e-09
0 2.51658e-09
0 2.51658e-09
0 2.51658e-09
0 2.51658e-09
0 2.51658e-09
0 2.51658e-09
0 2.51658e-09
0 2.51658e-09
0 2.51658e-09
0 2.51658e-09
0 2.51658e-09
0 2.51658e-09
0 2.51658e-09
0 2.51658e-09
0 2.51658e-09
0 2.51658e-09
0 2.51658e-09
0 2.51658e-09
0 2.51658e-09
0 2.51658e-09
0 2.51658e-09
0 2.51658e-09
0 2.51658e-09
0 2.51658e-09
0 2.51658e-09
0 2.51658e-09
0 2.51658e-09
0 2.51658e-09
0 2.51658e-09
0 2.51658e-09
0 2.51658e-09
0 2.51658e-09
0 2.51658e-09
0 2.51658e-09
0 2.51658e-09
0 2.51658e-09
0 2.51658e-09
0 2.51658e-09
0 2.51658e-09
0 2.51658e-09
0 2.51658e-09
0 2.51658e-09
0 2.51658e-09
0 2.51658e-09
0 2.51658e-09
0 2.51658e-09
0 2.51658e-09
0 2.51658e-09
0 2.51658e-09
0 2.51658e-09
0 2.51658e-09
0 2.51658e-09
0 2.51658e-09
0 2.51658e-09
0 2.51658e-09
0 2.51658e-09
0 2.51658e-09
0 2.51658e-09
0 2.51658e-09
0 2.51658e-09
0 2.51658e-09
0 2.51658e-09
0 2.51658e-09
0 2.51658e-09
0 2.51658e-09
0 2.51658e-09
0 2.51658e-09
0 2.51658e-09
0 2.51658e-09
0 2.51658e-09
0 2.51658e-09
0 2.51658e-09
0 2.51658e-09
0 2.51658e-09
0 2.51658e-09
0 2.51658e-09
0 2.51658e-09
0 2.51658e-09
0 2.51658e-09
0 2.51658e-09
0 2.51658e-09
0 2.51658e-09
0 2.51658e-09
0 2.51658e-09
0 2.51658e-09
0 2.51658e-09
0 2.51658e-09
0 2.51658e-09
0 2.51658e-09
0 2.51658e-09
0 2.51658e-09
0 2.51658e-09
0 2.51658e-09
0 2.51658e-09
0 2.51658e-09
0 2.51658e-09
0 2.51658e-09
0 2.51658e-09
0 2.51658e-09
0 2.51658e-09
0 2.51658e-09
0 2.51658e-09
0 2.51658e-09
0 2.51658e-09
0 2.51658e-09
0 2.51658e-09
0 2.51658e-09
0 2.51658e-09
0 2.51658e-09
0 2.51658e-09
0 2.51658e-09
0 2.51658e-09
0 2.51658e-09
0 2.51658e-09
0 2.51658e-09
0 2.51658e-09
0 2.51658e-09
0 2.51658e-09
0 2.51658e-09
0 2.51658e-09
0 2.51658e-09
0 2.51658e-09
0 2.51658e-09
0 2.51658e-09
0 2.51658e-09
0 2.51658e-09
0 2.51658e-09
0 2.51658e-09
0 2.51658e-09
0 2.51658e-09
0 2.51658e-09
0 2.51658e-09
0 2.51658e-09
0 2.51658e-09
0 2.51658e-09
0 2.51658e-09
0 2.51658e-09
0 2.51658e-09
0 2.51658e-09
0 2.51658e-09
0 2.51658e-09
0 2.51658e-09
0 2.51658e-09
0 2.51658e-09
0 2.51658e-09
0 2.51658e-09
0 2.51658e-09
0 2.51658e-09
0 2.51658e-09
0 2.51658e-09
0 2.51658e-09
0 2.51658e-09
0 2.51658e-09
0 2.51658e-09
0 2.51658e-09
0 2.51658e-09
0 2.51658e-09
0 2.51658e-09
0 2.51658e-09
0 2.51658e-09
0 2.51658e-09
0 2.51658e-09
0 2.51658e-09
0 2.51658e-09
0 2.51658e-09
0 2.51658e-09
0 2.51658e-09
0 2.51658e-09
0 2.51658e-09
0 2.51658e-09
0 2.51658e-09
0 2.51658e-09
0 2.51658e-09
0 2.51658e-09
0 2.51658e-09
0 2.51658e-09
0 2.51658e-09
0 2.51658e-09
0 2.51658e-09
0 2.51658e-09
0 2.51658e-09
0 2.51658e-09
0 2.51658e-09
0 2.51658e-09
0 2.51658e-09
0 2.51658e-09
0 2.51658e-09
0 2.51658e-09
0 2.51658e-09
0 2.51658e-09
0 2.51658e-09
0 2.51658e-09
0 2.51658e-09
0 2.51658e-09
0 2.51658e-09
0 2.51658e-09
0 2.51658e-09
0 2.51658e-09
0 2.51658e-09
0 2.51658e-09
0 2.51658e-09
0 2.51658e-09
0 2.51658e-09
0 2.51658e-09
0 2.51658e-09
0 2.51658e-09
0 2.51658e-09
0 2.51658e-09
0 2.51658e-09
0 2.51658e-09
0 2.51658e-09
0 2.51658e-09
0 2.51658e-09
0 2.51658e-09
0 2.51658e-09
0 2.51658e-09
0 2.51658e-09
0 2.51658e-09
0 2.51658e-09
0 2.51658e-09
0 2.51658e-09
0 2.51658e-09
0 2.51658e-09
0 2.51658e-09
0 2.51658e-09
0 2.51658e-09
0 2.51658e-09
0 2.51658e-09
0 2.51658e-09
0 2.51658e-09
0 2.51658e-09
0 2.51658e-09
0 2.51658e-09
0 2.51658e-09
0 2.51658e-09
0 2.51658e-09
0 2.51658e-09
0 2.51658e-09
0 2.51658e-09
0 2.51658e-09
0 2.51658e-09
0 2.51658e-09
0 2.51658e-09
0 2.51658e-09
0 2.51658e-09
0 2.51658e-09
0 2.51658e-09
0 2.51658e-09
0 2.51658e-09
0 2.51658e-09
0 2.51658e-09
0 2.51658e-09
0 2.51658e-09
0 2.51658e-09
0 2.51658e-09
0 2.51658e-09
0 2.51658e-09
0 2.51658e-09
0 2.51658e-09
0 2.51658e-09
0 2.51658e-09
0 2.51658e-09
0 2.51658e-09
0 2.51658e-09
0 2.51658e-09
0 2.51658e-09
0 2.51658e-09
0 2.51658e-09
0 2.51658e-09
0 2.51658e-09
0 2.51658e-09
0 2.51658e-09
0 2.51658e-09
0 2.51658e-09
0 2.51658e-09
0 2.51658e-09
0 2.51658e-09
0 2.51658e-09
0 2.51658e-09
0 2.51658e-09
0 2.51658e-09
0 2.51658e-09
0 2.51658e-09
0 2.51658e-09
0 2.51658e-09
0 2.51658e-09
0 2.51658e-09
0 2.51658e-09
0 2.51658e-09
0 2.51658e-09
0 2.51658e-09
0 2.51658e-09
0 2.51658e-09
0 2.51658e-09
0 2.51658e-09
0 2.51658e-09
0 2.51658e-09
0 2.51658e-09
0 2.51658e-09
0 2.51658e-09
0 2.51658e-09
0 2.51658e-09
0 2.51658e-09
0 2.51658e-09
0 2.51658e-09
0 2.51658e-09
0 2.51658e-09
0 2.51658e-09
0 2.51658e-09
0 2.51658e-09
0 2.51658e-09
0 2.51658e-09
0 2.51658e-09
0 2.51658e-09
0 2.51658e-09
0 2.51658e-09
0 2.51658e-09
0 2.51658e-09
0 2.51658e-09
0 2.51658e-09
0 2.51658e-09
0 2.51658e-09
0 2.51658e-09
0 2.51658e-09
0 2.51658e-09
0 2.51658e-09
0 2.51658e-09
0 2.51658e-09
0 2.51658e-09
0 2.51658e-09
0 2.51658e-09
0 2.51658e-09
0 2.51658e-09
0 2.51658e-09
0 2.51658e-09
0 2.51658e-09
0 2.51658e-09
0 2.51658e-09
0 2.51658e-09
0 2.51658e-09
0 2.51658e-09
0 2.51658e-09
0 2.51658e-09
0 2.51658e-09
0 2.51658e-09
0 2.51658e-09
0 2.51658e-09
0 2.51658e-09
0 2.51658e-09
0 2.51658e-09
0 2.51658e-09
0 2.51658e-09
0 2.51658e-09
0 2.51658e-09
0 2.51658e-09
0 2.51658e-09
0 2.51658e-09
0 2.51658e-09
0 2.51658e-09
0 2.51658e-09
0 2.51658e-09
0 2.51658e-09
0 2.51658e-09
0 2.51658e-09
0 2.51658e-09
0 2.51658e-09
0 2.51658e-09
0 2.51658e-09
0 2.51658e-09
0 2.51658e-09
0 2.51658e-09
0 2.51658e-09
0 2.51658e-09
0 2.51658e-09
0 2.51658e-09
0 2.51658e-09
0 2.51658e-09
0 2.51658e-09
0 2.51658e-09
0 2.51658e-09
0 2.51658e-09
0 2.51658e-09
0 2.51658e-09
0 2.51658e-09
0 2.51658e-09
0 2.51658e-09
0 2.51658e-09
0 2.51658e-09
0 2.51658e-09
0 2.51658e-09
0 2.51658e-09
0 2.51658e-09
0 2.51658e-09
0 2.51658e-09
0 2.51658e-09
0 2.51658e-09
0 2.51658e-09
0 2.51658e-09
0 2.51658e-09
0 2.51658e-09
0 2.51658e-09
0 2.51658e-09
0 2.51658e-09
0 2.51658e-09
0 2.51658e-09
0 2.51658e-09
0 2.51658e-09
0 2.51658e-09
0 2.51658e-09
0 2.51658e-09
0 2.51658e-09
0 2.51658e-09
0 2.51658e-09
0 2.51658e-09
0 2.51658e-09
0 2.51658e-09
0 2.51658e-09
0 2.51658e-09
0 2.51658e-09
0 2.51658e-09
0 2.51658e-09
0 2.51658e-09
0 2.51658e-09
0 2.51658e-09
0 2.51658e-09
0 2.51658e-09
0 2.51658e-09
0 2.51658e-09
0 2.51658e-09
0 2.51658e-09
0 2.51658e-09
0 2.51658e-09
0 2.51658e-09
0 2.51658e-09
0 2.51658e-09
0 2.51658e-09
0 2.51658e-09
0 2.51658e-09
0 2.51658e-09
0 2.51658e-09
0 2.51658e-09
0 2.51658e-09
0 2.51658e-09
0 2.51658e-09
0 2.51658e-09
0 2.51658e-09
0 2.51658e-09
0 2.51658e-09
0 2.51658e-09
0 2.51658e-09
0 2.51658e-09
0 2.51658e-09
0 2.51658e-09
0 2.51658e-09
0 2.51658e-09
0 2.51658e-09
0 2.51658e-09
0 2.51658e-09
0 2.51658e-09
0 2.51658e-09
0 2.51658e-09
0 2.51658e-09
0 2.51658e-09
0 2.51658e-09
0 2.51658e-09
0 2.51658e-09
0 2.51658e-09
0 2.51658e-09
0 2.51658e-09
0 2.51658e-09
0 2.51658e-09
0 2.51658e-09
0 2.51658e-09
0 2.51658e-09
0 2.51658e-09
0 2.51658e-09
0 2.51658e-09
0 2.51658e-09
0 2.51658e-09
0 2.51658e-09
0 2.51658e-09
0 2.51658e-09
0 2.51658e-09
0 2.51658e-09
0 2.51658e-09
0 2.51658e-09
0 2.51658e-09
0 2.51658e-09
0 2.51658e-09
0 2.51658e-09
0 2.51658e-09
0 2.51658e-09
0 2.51658e-09
0 2.51658e-09
0 2.51658e-09
0 2.51658e-09
0 2.51658e-09
0 2.51658e-09
0 2.51658e-09
0 2.51658e-09
0 2.51658e-09
0 2.51658e-09
0 2.51658e-09
0 2.51658e-09
0 2.51658e-09
0 2.51658e-09
0 2.51658e-09
0 2.51658e-09
0 2.51658e-09
0 2.51658e-09
0 2.51658e-09
0 2.51658e-09
0 2.51658e-09
0 2.51658e-09
0 2.51658e-09
0 2.51658e-09
0 2.51658e-09
0 2.51658e-09
0 2.51658e-09
0 2.51658e-09
0 2.51658e-09
0 2.51658e-09
0 2.51658e-09
0 2.51658e-09
0 2.51658e-09
0 2.51658e-09
0 2.51658e-09
0 2.51658e-09
0 2.51658e-09
0 2.51658e-09
0 2.51658e-09
0 2.51658e-09
0 2.51658e-09
0 2.51658e-09
0 2.51658e-09
0 2.51658e-09
0 2.51658e-09
0 2.51658e-09
0 2.51658e-09
0 2.51658e-09
0 2.51658e-09
0 2.51658e-09
0 2.51658e-09
0 2.51658e-09
0 2.51658e-09
0 2.51658e-09
0 2.51658e-09
0 2.51658e-09
0 2.51658e-09
0 2.51658e-09
0 2.51658e-09
0 2.51658e-09
0 2.51658e-09
0 2.51658e-09
0 2.51658e-09
0 2.51658e-09
0 2.51658e-09
0 2.51658e-09
0 2.51658e-09
0 2.51658e-09
0 2.51658e-09
0 2.51658e-09
0 2.51658e-09
0 2.51658e-09
0 2.51658e-09
0 2.51658e-09
0 2.51658e-09
0 2.51658e-09
0 2.51658e-09
0 2.51658e-09
0 2.51658e-09
0 2.51658e-09
0 2.51658e-09
0 2.51658e-09
0 2.51658e-09
0 2.51658e-09
0 2.51658e-09
0 2.51658e-09
0 2.51658e-09
0 2.51658e-09
0 2.51658e-09
0 2.51658e-09

