0 0.091025
0 0.0908783
0 0.090482
0 0.0898401
0 0.0889558
0 0.0878334
0 0.0864784
0 0.0848978
0 0.0830996
0 0.0810933
0 0.0788901
0 0.0765033
0 0.0739489
0 0.0712465
0 0.0684204
0 0.0655005
0 0.0625223
0 0.0595244
0 0.0565438
0 0.0536122
0 0.0507532
0 0.0479835
0 0.0453139
0 0.0427508
0 0.0402977
0 0.0379559
0 0.0357251
0 0.0336041
0 0.0315906
0 0.0296819
0 0.0278748
0 0.0261658
0 0.0245513
0 0.0230274
0 0.0215902
0 0.0202357
0 0.0189602
0 0.0177598
0 0.0166306
0 0.015569
0 0.0145715
0 0.0136346
0 0.0127549
0 0.0119294
0 0.0111549
0 0.0104286
0 0.0097476
0 0.00910936
0 0.00851135
0 0.00795117
0 0.00742658
0 0.00693544
0 0.00647573
0 0.00604554
0 0.00564307
0 0.00526662
0 0.00491458
0 0.00458543
0 0.00427776
0 0.00399022
0 0.00372155
0 0.00347055
0 0.00323612
0 0.00301719
0 0.00281278
0 0.00262196
0 0.00244385
0 0.00227765
0 0.00212257
0 0.0019779
0 0.00184296
0 0.00171711
0 0.00159976
0 0.00149035
0 0.00138836
0 0.00129329
0 0.00120469
0 0.00112213
0 0.00104519
0 0.000973521
0 0.000906752
0 0.000844558
0 0.000786631
0 0.000732683
0 0.000682443
0 0.000635661
0 0.0005921
0 0.000551543
0 0.000513783
0 0.000478629
0 0.000445902
0 0.000415436
0 0.000387076
0 0.000360676
0 0.0003361
0 0.000313224
0 0.000291929
0 0.000272106
0 0.000253654
0 0.000236476
0 0.000220484
0 0.000205596
0 0.000191736
0 0.000178831
0 0.000166815
0 0.000155627
0 0.000145208
0 0.000135506
0 0.000126469
0 0.000118052
0 0.000110212
0 0.000102908
0 9.61033e-05
0 8.97629e-05
0 8.38544e-05
0 7.83478e-05
0 7.32149e-05
0 6.84293e-05
0 6.39666e-05
0 5.98043e-05
0 5.59212e-05
0 5.22981e-05
0 4.89169e-05
0 4.57609e-05
0 4.28145e-05
0 4.00634e-05
0 3.74942e-05
0 3.50944e-05
0 3.28525e-05
0 3.07578e-05
0 2.88003e-05
0 2.69707e-05
0 2.52605e-05
0 2.36615e-05
0 2.21664e-05
0 2.07681e-05
0 1.94603e-05
0 1.82368e-05
0 1.70922e-05
0 1.60212e-05
0 1.50188e-05
0 1.40807e-05
0 1.32025e-05
0 1.23804e-05
0 1.16106e-05
0 1.08897e-05
0 1.02146e-05
0 9.58225e-06
0 8.98989e-06
0 8.43492e-06
0 7.91494e-06
0 7.42767e-06
0 6.97101e-06
0 6.54299e-06
0 6.14177e-06
0 5.76563e-06
0 5.41298e-06
0 5.0823e-06
0 4.77221e-06
0 4.48138e-06
0 4.2086e-06
0 3.95271e-06
0 3.71266e-06
0 3.48744e-06
0 3.27611e-06
0 3.0778e-06
0 2.89169e-06
0 2.71701e-06
0 2.55304e-06
0 2.39912e-06
0 2.25462e-06
0 2.11894e-06
0 1.99154e-06
0 1.8719e-06
0 1.75954e-06
0 1.654e-06
0 1.55487e-06
0 1.46174e-06
0 1.37425e-06
0 1.29204e-06
0 1.21479e-06
0 1.1422e-06
0 1.07397e-06
0 1.00983e-06
0 9.49544e-07
0 8.92864e-07
0 8.39571e-07
0 7.89456e-07
0 7.42325e-07
0 6.97994e-07
0 6.56293e-07
0 6.17059e-07
0 5.80142e-07
0 5.45399e-07
0 5.12698e-07
0 4.81912e-07
0 4.52926e-07
0 4.25628e-07
0 3.99914e-07
0 3.75688e-07
0 3.52857e-07
0 3.31336e-07
0 3.11044e-07
0 2.91904e-07
0 2.73846e-07
0 2.56801e-07
0 2.40707e-07
0 2.25503e-07
0 2.11134e-07
0 1.97547e-07
0 1.84691e-07
0 1.7252e-07
0 1.6099e-07
0 1.50058e-07
0 1.39685e-07
0 1.29833e-07
0 1.20468e-07
0 1.11556e-07
0 1.03064e-07
0 9.49643e-08
0 8.72267e-08
0 7.98246e-08
0 7.27323e-08
0 6.59253e-08
0 5.93803e-08
0 5.30748e-08
0 4.69877e-08
0 4.10984e-08
0 3.53873e-08
0 2.98356e-08
0 2.4425e-08
0 1.91381e-08
0 1.39579e-08
0 8.86773e-09
0 3.8517e-09
0 9.1025e-10
0 9.1025e-10
0 9.1025e-10
0 9.1025e-10
0 9.1025e-10
0 9.1025e-10
0 9.1025e-10
0 9.1025e-10
0 9.1025e-10
0 9.1025e-10
0 9.1025e-10
0 9.1025e-10
0 9.1025e-10
0 9.1025e-10
0 9.1025e-10
0 9.1025e-10
0 9.1025e-10
0 9.1025e-10
0 9.1025e-10
0 9.1025e-10
0 9.1025e-10
0 9.1025e-10
0 9.1025e-10
0 9.1025e-10
0 9.1025e-10
0 9.1025e-10
0 9.1025e-10
0 9.1025e-10
0 9.1025e-10
0 9.1025e-10
0 9.1025e-10
0 9.1025e-10
0 9.1025e-10
0 9.1025e-10
0 9.1025e-10
0 9.1025e-10
0 9.1025e-10
0 9.1025e-10
0 9.1025e-10
0 9.1025e-10
0 9.1025e-10
0 9.1025e-10
0 9.1025e-10
0 9.1025e-10
0 9.1025e-10
0 9.1025e-10
0 9.1025e-10
0 9.1025e-10
0 9.1025e-10
0 9.1025e-10
0 9.1025e-10
0 9.1025e-10
0 9.1025e-10
0 9.1025e-10
0 9.1025e-10
0 9.1025e-10
0 9.1025e-10
0 9.1025e-10
0 9.1025e-10
0 9.1025e-10
0 9.1025e-10
0 9.1025e-10
0 9.1025e-10
0 9.1025e-10
0 9.1025e-10
0 9.1025e-10
0 9.1025e-10
0 9.1025e-10
0 9.1025e-10
0 9.1025e-10
0 9.1025e-10
0 9.1025e-10
0 9.1025e-10
0 9.1025e-10
0 9.1025e-10
0 9.1025e-10
0 9.1025e-10
0 9.1025e-10
0 9.1025e-10
0 9.1025e-10
0 9.1025e-10
0 9.1025e-10
0 9.1025e-10
0 9.1025e-10
0 9.1025e-10
0 9.1025e-10
0 9.1025e-10
0 9.1025e-10
0 9.1025e-10
0 9.1025e-10
0 9.1025e-10
0 9.1025e-10
0 9.1025e-10
0 9.1025e-10
0 9.1025e-10
0 9.1025e-10
0 9.1025e-10
0 9.1025e-10
0 9.1025e-10
0 9.1025e-10
0 9.1025e-10
0 9.1025e-10
0 9.1025e-10
0 9.1025e-10
0 9.1025e-10
0 9.1025e-10
0 9.1025e-10
0 9.1025e-10
0 9.1025e-10
0 9.1025e-10
0 9.1025e-10
0 9.1025e-10
0 9.1025e-10
0 9.1025e-10
0 9.1025e-10
0 9.1025e-10
0 9.1025e-10
0 9.1025e-10
0 9.1025e-10
0 9.1025e-10
0 9.1025e-10
0 9.1025e-10
0 9.1025e-10
0 9.1025e-10
0 9.1025e-10
0 9.1025e-10
0 9.1025e-10
0 9.1025e-10
0 9.1025e-10
0 9.1025e-10
0 9.1025e-10
0 9.1025e-10
0 9.1025e-10
0 9.1025e-10
0 9.1025e-10
0 9.1025e-10
0 9.1025e-10
0 9.1025e-10
0 9.1025e-10
0 9.1025e-10
0 9.1025e-10
0 9.1025e-10
0 9.1025e-10
0 9.1025e-10
0 9.1025e-10
0 9.1025e-10
0 9.1025e-10
0 9.1025e-10
0 9.1025e-10
0 9.1025e-10
0 9.1025e-10
0 9.1025e-10
0 9.1025e-10
0 9.1025e-10
0 9.1025e-10
0 9.1025e-10
0 9.1025e-10
0 9.1025e-10
0 9.1025e-10
0 9.1025e-10
0 9.1025e-10
0 9.1025e-10
0 9.1025e-10
0 9.1025e-10
0 9.1025e-10
0 9.1025e-10
0 9.1025e-10
0 9.1025e-10
0 9.1025e-10
0 9.1025e-10
0 9.1025e-10
0 9.1025e-10
0 9.1025e-10
0 9.1025e-10
0 9.1025e-10
0 9.1025e-10
0 9.1025e-10
0 9.1025e-10
0 9.1025e-10
0 9.1025e-10
0 9.1025e-10
0 9.1025e-10
0 9.1025e-10
0 9.1025e-10
0 9.1025e-10
0 9.1025e-10
0 9.1025e-10
0 9.1025e-10
0 9.1025e-10
0 9.1025e-10
0 9.1025e-10
0 9.1025e-10
0 9.1025e-10
0 9.1025e-10
0 9.1025e-10
0 9.1025e-10
0 9.1025e-10
0 9.1025e-10
0 9.1025e-10
0 9.1025e-10
0 9.1025e-10
0 9.1025e-10
0 9.1025e-10
0 9.1025e-10
0 9.1025e-10
0 9.1025e-10
0 9.1025e-10
0 9.1025e-10
0 9.1025e-10
0 9.1025e-10
0 9.1025e-10
0 9.1025e-10
0 9.1025e-10
0 9.1025e-10
0 9.1025e-10
0 9.1025e-10
0 9.1025e-10
0 9.1025e-10
0 9.1025e-10
0 9.1025e-10
0 9.1025e-10
0 9.1025e-10
0 9.1025e-10
0 9.1025e-10
0 9.1025e-10
0 9.1025e-10
0 9.1025e-10
0 9.1025e-10
0 9.1025e-10
0 9.1025e-10
0 9.1025e-10
0 9.1025e-10
0 9.1025e-10
0 9.1025e-10
0 9.1025e-10
0 9.1025e-10
0 9.1025e-10
0 9.1025e-10
0 9.1025e-10
0 9.1025e-10
0 9.1025e-10
0 9.1025e-10
0 9.1025e-10
0 9.1025e-10
0 9.1025e-10
0 9.1025e-10
0 9.1025e-10
0 9.1025e-10
0 9.1025e-10
0 9.1025e-10
0 9.1025e-10
0 9.1025e-10
0 9.1025e-10
0 9.1025e-10
0 9.1025e-10
0 9.1025e-10
0 9.1025e-10
0 9.1025e-10
0 9.1025e-10
0 9.1025e-10
0 9.1025e-10
0 9.1025e-10
0 9.1025e-10
0 9.1025e-10
0 9.1025e-10
0 9.1025e-10
0 9.1025e-10
0 9.1025e-10
0 9.1025e-10
0 9.1025e-10
0 9.1025e-10
0 9.1025e-10
0 9.1025e-10
0 9.1025e-10
0 9.1025e-10
0 9.1025e-10
0 9.1025e-10
0 9.1025e-10
0 9.1025e-10
0 9.1025e-10
0 9.1025e-10
0 9.1025e-10
0 9.1025e-10
0 9.1025e-10
0 9.1025e-10
0 9.1025e-10
0 9.1025e-10
0 9.1025e-10
0 9.1025e-10
0 9.1025e-10
0 9.1025e-10
0 9.1025e-10
0 9.1025e-10
0 9.1025e-10
0 9.1025e-10
0 9.1025e-10
0 9.1025e-10
0 9.1025e-10
0 9.1025e-10
0 9.1025e-10
0 9.1025e-10
0 9.1025e-10
0 9.1025e-10
0 9.1025e-10
0 9.1025e-10
0 9.1025e-10
0 9.1025e-10
0 9.1025e-10
0 9.1025e-10
0 9.1025e-10
0 9.1025e-10
0 9.1025e-10
0 9.1025e-10
0 9.1025e-10
0 9.1025e-10
0 9.1025e-10
0 9.1025e-10
0 9.1025e-10
0 9.1025e-10
0 9.1025e-10
0 9.1025e-10
0 9.1025e-10
0 9.1025e-10
0 9.1025e-10
0 9.1025e-10
0 9.1025e-10
0 9.1025e-10
0 9.1025e-10
0 9.1025e-10
0 9.1025e-10
0 9.1025e-10
0 9.1025e-10
0 9.1025e-10
0 9.1025e-10
0 9.1025e-10
0 9.1025e-10
0 9.1025e-10
0 9.1025e-10
0 9.1025e-10
0 9.1025e-10
0 9.1025e-10
0 9.1025e-10
0 9.1025e-10
0 9.1025e-10
0 9.1025e-10
0 9.1025e-10
0 9.1025e-10
0 9.1025e-10
0 9.1025e-10
0 9.1025e-10
0 9.1025e-10
0 9.1025e-10
0 9.1025e-10
0 9.1025e-10
0 9.1025e-10
0 9.1025e-10
0 9.1025e-10
0 9.1025e-10
0 9.1025e-10
0 9.1025e-10
0 9.1025e-10
0 9.1025e-10
0 9.1025e-10
0 9.1025e-10
0 9.1025e-10
0 9.1025e-10
0 9.1025e-10
0 9.1025e-10
0 9.1025e-10
0 9.1025e-10
0 9.1025e-10
0 9.1025e-10
0 9.1025e-10
0 9.1025e-10
0 9.1025e-10
0 9.1025e-10
0 9.1025e-10
0 9.1025e-10
0 9.1025e-10
0 9.1025e-10
0 9.1025e-10
0 9.1025e-10
0 9.1025e-10
0 9.1025e-10
0 9.1025e-10
0 9.1025e-10
0 9.1025e-10
0 9.1025e-10
0 9.1025e-10
0 9.1025e-10
0 9.1025e-10
0 9.1025e-10
0 9.1025e-10
0 9.1025e-10
0 9.1025e-10
0 9.1025e-10
0 9.1025e-10
0 9.1025e-10
0 9.1025e-10
0 9.1025e-10
0 9.1025e-10
0 9.1025e-10
0 9.1025e-10
0 9.1025e-10
0 9.1025e-10
0 9.1025e-10
0 9.1025e-10
0 9.1025e-10
0 9.1025e-10
0 9.1025e-10
0 9.1025e-10
0 9.1025e-10
0 9.1025e-10
0 9.1025e-10
0 9.1025e-10
0 9.1025e-10
0 9.1025e-10
0 9.1025e-10
0 9.1025e-10
0 9.1025e-10
0 9.1025e-10
0 9.1025e-10
0 9.1025e-10
0 9.1025e-10
0 9.1025e-10
0 9.1025e-10
0 9.1025e-10
0 9.1025e-10
0 9.1025e-10
0 9.1025e-10
0 9.1025e-10
0 9.1025e-10
0 9.1025e-10
0 9.1025e-10
0 9.1025e-10
0 9.1025e-10
0 9.1025e-10
0 9.1025e-10
0 9.1025e-10
0 9.1025e-10
0 9.1025e-10
0 9.1025e-10
0 9.1025e-10
0 9.1025e-10
0 9.1025e-10
0 9.1025e-10
0 9.1025e-10
0 9.1025e-10
0 9.1025e-10
0 9.1025e-10
0 9.1025e-10
0 9.1025e-10
0 9.1025e-10
0 9.1025e-10
0 9.1025e-10
0 9.1025e-10
0 9.1025e-10
0 9.1025e-10
0 9.1025e-10
0 9.1025e-10
0 9.1025e-10
0 9.1025e-10
0 9.1025e-10
0 9.1025e-10
0 9.1025e-10
0 9.1025e-10
0 9.1025e-10
0 9.1025e-10
0 9.1025e-10
0 9.1025e-10
0 9.1025e-10
0 9.1025e-10
0 9.1025e-10
0 9.1025e-10
0 9.1025e-10
0 9.1025e-10
0 9.1025e-10
0 9.1025e-10
0 9.1025e-10
0 9.1025e-10
0 9.1025e-10
0 9.1025e-10
0 9.1025e-10
0 9.1025e-10
0 9.1025e-10
0 9.1025e-10
0 9.1025e-10
0 9.1025e-10
0 9.1025e-10
0 9.1025e-10
0 9.1025e-10
0 9.1025e-10
0 9.1025e-10
0 9.1025e-10
0 9.1025e-10
0 9.1025e-10
0 9.1025e-10
0 9.1025e-10
0 9.1025e-10
0 9.1025e-10
0 9.1025e-10
0 9.1025e-10
0 9.1025e-10
0 9.1025e-10
0 9.1025e-10
0 9.1025e-10
0 9.1025e-10
0 9.1025e-10
0 9.1025e-10
0 9.1025e-10
0 9.1025e-10
0 9.1025e-10
0 9.1025e-10
0 9.1025e-10
0 9.1025e-10
0 9.1025e-10
0 9.1025e-10
0 9.1025e-10
0 9.1025e-10
0 9.1025e-10
0 9.1025e-10
0 9.1025e-10
0 9.1025e-10
0 9.1025e-10
0 9.1025e-10
0 9.1025e-10
0 9.1025e-10
0 9.1025e-10
0 9.1025e-10
0 9.1025e-10
0 9.1025e-10
0 9.1025e-10
0 9.1025e-10
0 9.1025e-10
0 9.1025e-10
0 9.1025e-10
0 9.1025e-10
0 9.1025e-10
0 9.1025e-10
0 9.1025e-10
0 9.1025e-10
0 9.1025e-10
0 9.1025e-10
0 9.1025e-10
0 9.1025e-10
0 9.1025e-10
0 9.1025e-10
0 9.1025e-10
0 9.1025e-10
0 9.1025e-10
0 9.1025e-10
0 9.1025e-10
0 9.1025e-10
0 9.1025e-10
0 9.1025e-10
0 9.1025e-10
0 9.1025e-10
0 9.1025e-10
0 9.1025e-10
0 9.1025e-10
0 9.1025e-10
0 9.1025e-10
0 9.1025e-10
0 9.1025e-10
0 9.1025e-10
0 9.1025e-10
0 9.1025e-10
0 9.1025e-10
0 9.1025e-10
0 9.1025e-10
0 9.1025e-10
0 9.1025e-10
0 9.1025e-10
0 9.1025e-10
0 9.1025e-10
0 9.1025e-10
0 9.1025e-10
0 9.1025e-10
0 9.1025e-10
0 9.1025e-10
0 9.1025e-10
0 9.1025e-10
0 9.1025e-10
0 9.1025e-10
0 9.1025e-10
0 9.1025e-10
0 9.1025e-10
0 9.1025e-10
0 9.1025e-10
0 9.1025e-10
0 9.1025e-10
0 9.1025e-10
0 9.1025e-10
0 9.1025e-10
0 9.1025e-10
0 9.1025e-10
0 9.1025e-10
0 9.1025e-10
0 9.1025e-10
0 9.1025e-10
0 9.1025e-10
0 9.1025e-10
0 9.1025e-10
0 9.1025e-10
0 9.1025e-10
0 9.1025e-10
0 9.1025e-10
0 9.1025e-10
0 9.1025e-10
0 9.1025e-10
0 9.1025e-10
0 9.1025e-10
0 9.1025e-10
0 9.1025e-10
0 9.1025e-10
0 9.1025e-10
0 9.1025e-10
0 9.1025e-10
0 9.1025e-10
0 9.1025e-10
0 9.1025e-10
0 9.1025e-10
0 9.1025e-10
0 9.1025e-10
0 9.1025e-10
0 9.1025e-10
0 9.1025e-10
0 9.1025e-10
0 9.1025e-10
0 9.1025e-10
0 9.1025e-10
0 9.1025e-10
0 9.1025e-10
0 9.1025e-10
0 9.1025e-10
0 9.1025e-10
0 9.1025e-10
0 9.1025e-10
0 9.1025e-10
0 9.1025e-10
0 9.1025e-10
0 9.1025e-10
0 9.1025e-10
0 9.1025e-10
0 9.1025e-10
0 9.1025e-10
0 9.1025e-10
0 9.1025e-10
0 9.1025e-10
0 9.1025e-10
0 9.1025e-10
0 9.1025e-10
0 9.1025e-10
0 9.1025e-10
0 9.1025e-10
0 9.1025e-10
0 9.1025e-10
0 9.1025e-10
0 9.1025e-10
0 9.1025e-10
0 9.1025e-10
0 9.1025e-10
0 9.1025e-10
0 9.1025e-10
0 9.1025e-10
0 9.1025e-10
0 9.1025e-10
0 9.1025e-10
0 9.1025e-10
0 9.1025e-10
0 9.1025e-10
0 9.1025e-10
0 9.1025e-10
0 9.1025e-10
0 9.1025e-10
0 9.1025e-10
0 9.1025e-10
0 9.1025e-10
0 9.1025e-10
0 9.1025e-10
0 9.1025e-10
0 9.1025e-10
0 9.1025e-10
0 9.1025e-10
0 9.1025e-10
0 9.1025e-10
0 9.1025e-10
0 9.1025e-10
0 9.1025e-10
0 9.1025e-10
0 9.1025e-10
0 9.1025e-10
0 9.1025e-10
0 9.1025e-10
0 9.1025e-10
0 9.1025e-10
0 9.1025e-10
0 9.1025e-10
0 9.1025e-10
0 9.1025e-10
0 9.1025e-10
0 9.1025e-10
0 9.1025e-10
0 9.1025e-10
0 9.1025e-10
0 9.1025e-10
0 9.1025e-10
0 9.1025e-10
0 9.1025e-10
0 9.1025e-10
0 9.1025e-10
0 9.1025e-10
0 9.1025e-10
0 9.1025e-10
0 9.1025e-10
0 9.1025e-10
0 9.1025e-10
0 9.1025e-10
0 9.1025e-10
0 9.1025e-10
0 9.1025e-10
0 9.1025e-10
0 9.1025e-10
0 9.1025e-10
0 9.1025e-10
0 9.1025e-10
0 9.1025e-10
0 9.1025e-10
0 9.1025e-10
0 9.1025e-10
0 9.1025e-10
0 9.1025e-10
0 9.1025e-10
0 9.1025e-10
0 9.1025e-10
0 9.1025e-10
0 9.1025e-10
0 9.1025e-10
0 9.1025e-10
0 9.1025e-10
0 9.1025e-10
0 9.1025e-10
0 9.1025e-10
0 9.1025e-10
0 9.1025e-10
0 9.1025e-10
0 9.1025e-10
0 9.1025e-10
0 9.1025e-10
0 9.1025e-10
0 9.1025e-10
0 9.1025e-10
0 9.1025e-10
0 9.1025e-10
0 9.1025e-10
0 9.1025e-10
0 9.1025e-10
0 9.1025e-10
0 9.1025e-10
0 9.1025e-10
0 9.1025e-10
0 9.1025e-10
0 9.1025e-10
0 9.1025e-10
0 9.1025e-10

