0 0.342684
0 0.264124
0 0.220015
0 0.194422
0 0.176011
0 0.161476
0 0.149354
0 0.138864
0 0.129543
0 0.121093
0 0.11331
0 0.106049
0 0.0992007
0 0.0926875
0 0.0864509
0 0.0804506
0 0.0746649
0 0.0690937
0 0.0637633
0 0.0587214
0 0.0540138
0 0.0496633
0 0.0456686
0 0.0420142
0 0.0386776
0 0.0356339
0 0.032858
0 0.0303256
0 0.0280143
0 0.0259031
0 0.0239732
0 0.0222072
0 0.0205895
0 0.0191063
0 0.0177447
0 0.0164936
0 0.0153427
0 0.0142829
0 0.0133059
0 0.0124044
0 0.0115718
0 0.010802
0 0.0100896
0 0.00942983
0 0.00881818
0 0.0082507
0 0.00772376
0 0.0072341
0 0.00677873
0 0.00635494
0 0.00596026
0 0.00559245
0 0.00524946
0 0.0049294
0 0.00463057
0 0.00435139
0 0.00409043
0 0.00384635
0 0.00361795
0 0.0034041
0 0.00320379
0 0.00301606
0 0.00284005
0 0.00267493
0 0.00251998
0 0.0023745
0 0.00223785
0 0.00210945
0 0.00198875
0 0.00187524
0 0.00176845
0 0.00166795
0 0.00157332
0 0.0014842
0 0.00140023
0 0.00132108
0 0.00124646
0 0.00117606
0 0.00110964
0 0.00104694
0 0.000987737
0 0.000931808
0 0.000878955
0 0.000828989
0 0.000781733
0 0.000737024
0 0.000694705
0 0.000654632
0 0.000616669
0 0.000580689
0 0.000546572
0 0.000514205
0 0.000483484
0 0.000454308
0 0.000426584
0 0.000400225
0 0.000375148
0 0.000351275
0 0.000328532
0 0.000306851
0 0.000286166
0 0.000266415
0 0.000247541
0 0.000229488
0 0.000212204
0 0.000195639
0 0.000179748
0 0.000164485
0 0.000149809
0 0.00013568
0 0.00012206
0 0.000108913
0 9.62043e-05
0 8.39014e-05
0 7.1973e-05
0 6.03893e-05
0 4.91217e-05
0 3.81428e-05
0 2.74264e-05
0 1.69473e-05
0 6.68131e-06
0 3.42684e-09
0 3.42684e-09
0 3.42684e-09
0 3.42684e-09
0 3.42684e-09
0 3.42684e-09
0 3.42684e-09
0 3.42684e-09
0 3.42684e-09
0 3.42684e-09
0 3.42684e-09
0 3.42684e-09
0 3.42684e-09
0 3.42684e-09
0 3.42684e-09
0 3.42684e-09
0 3.42684e-09
0 3.42684e-09
0 3.42684e-09
0 3.42684e-09
0 3.42684e-09
0 3.42684e-09
0 3.42684e-09
0 3.42684e-09
0 3.42684e-09
0 3.42684e-09
0 3.42684e-09
0 3.42684e-09
0 3.42684e-09
0 3.42684e-09
0 3.42684e-09
0 3.42684e-09
0 3.42684e-09
0 3.42684e-09
0 3.42684e-09
0 3.42684e-09
0 3.42684e-09
0 3.42684e-09
0 3.42684e-09
0 3.42684e-09
0 3.42684e-09
0 3.42684e-09
0 3.42684e-09
0 3.42684e-09
0 3.42684e-09
0 3.42684e-09
0 3.42684e-09
0 3.42684e-09
0 3.42684e-09
0 3.42684e-09
0 3.42684e-09
0 3.42684e-09
0 3.42684e-09
0 3.42684e-09
0 3.42684e-09
0 3.42684e-09
0 3.42684e-09
0 3.42684e-09
0 3.42684e-09
0 3.42684e-09
0 3.42684e-09
0 3.42684e-09
0 3.42684e-09
0 3.42684e-09
0 3.42684e-09
0 3.42684e-09
0 3.42684e-09
0 3.42684e-09
0 3.42684e-09
0 3.42684e-09
0 3.42684e-09
0 3.42684e-09
0 3.42684e-09
0 3.42684e-09
0 3.42684e-09
0 3.42684e-09
0 3.42684e-09
0 3.42684e-09
0 3.42684e-09
0 3.42684e-09
0 3.42684e-09
0 3.42684e-09
0 3.42684e-09
0 3.42684e-09
0 3.42684e-09
0 3.42684e-09
0 3.42684e-09
0 3.42684e-09
0 3.42684e-09
0 3.42684e-09
0 3.42684e-09
0 3.42684e-09
0 3.42684e-09
0 3.42684e-09
0 3.42684e-09
0 3.42684e-09
0 3.42684e-09
0 3.42684e-09
0 3.42684e-09
0 3.42684e-09
0 3.42684e-09
0 3.42684e-09
0 3.42684e-09
0 3.42684e-09
0 3.42684e-09
0 3.42684e-09
0 3.42684e-09
0 3.42684e-09
0 3.42684e-09
0 3.42684e-09
0 3.42684e-09
0 3.42684e-09
0 3.42684e-09
0 3.42684e-09
0 3.42684e-09
0 3.42684e-09
0 3.42684e-09
0 3.42684e-09
0 3.42684e-09
0 3.42684e-09
0 3.42684e-09
0 3.42684e-09
0 3.42684e-09
0 3.42684e-09
0 3.42684e-09
0 3.42684e-09
0 3.42684e-09
0 3.42684e-09
0 3.42684e-09
0 3.42684e-09
0 3.42684e-09
0 3.42684e-09
0 3.42684e-09
0 3.42684e-09
0 3.42684e-09
0 3.42684e-09
0 3.42684e-09
0 3.42684e-09
0 3.42684e-09
0 3.42684e-09
0 3.42684e-09
0 3.42684e-09
0 3.42684e-09
0 3.42684e-09
0 3.42684e-09
0 3.42684e-09
0 3.42684e-09
0 3.42684e-09
0 3.42684e-09
0 3.42684e-09
0 3.42684e-09
0 3.42684e-09
0 3.42684e-09
0 3.42684e-09
0 3.42684e-09
0 3.42684e-09
0 3.42684e-09
0 3.42684e-09
0 3.42684e-09
0 3.42684e-09
0 3.42684e-09
0 3.42684e-09
0 3.42684e-09
0 3.42684e-09
0 3.42684e-09
0 3.42684e-09
0 3.42684e-09
0 3.42684e-09
0 3.42684e-09
0 3.42684e-09
0 3.42684e-09
0 3.42684e-09
0 3.42684e-09
0 3.42684e-09
0 3.42684e-09
0 3.42684e-09
0 3.42684e-09
0 3.42684e-09
0 3.42684e-09
0 3.42684e-09
0 3.42684e-09
0 3.42684e-09
0 3.42684e-09
0 3.42684e-09
0 3.42684e-09
0 3.42684e-09
0 3.42684e-09
0 3.42684e-09
0 3.42684e-09
0 3.42684e-09
0 3.42684e-09
0 3.42684e-09
0 3.42684e-09
0 3.42684e-09
0 3.42684e-09
0 3.42684e-09
0 3.42684e-09
0 3.42684e-09
0 3.42684e-09
0 3.42684e-09
0 3.42684e-09
0 3.42684e-09
0 3.42684e-09
0 3.42684e-09
0 3.42684e-09
0 3.42684e-09
0 3.42684e-09
0 3.42684e-09
0 3.42684e-09
0 3.42684e-09
0 3.42684e-09
0 3.42684e-09
0 3.42684e-09
0 3.42684e-09
0 3.42684e-09
0 3.42684e-09
0 3.42684e-09
0 3.42684e-09
0 3.42684e-09
0 3.42684e-09
0 3.42684e-09
0 3.42684e-09
0 3.42684e-09
0 3.42684e-09
0 3.42684e-09
0 3.42684e-09
0 3.42684e-09
0 3.42684e-09
0 3.42684e-09
0 3.42684e-09
0 3.42684e-09
0 3.42684e-09
0 3.42684e-09
0 3.42684e-09
0 3.42684e-09
0 3.42684e-09
0 3.42684e-09
0 3.42684e-09
0 3.42684e-09
0 3.42684e-09
0 3.42684e-09
0 3.42684e-09
0 3.42684e-09
0 3.42684e-09
0 3.42684e-09
0 3.42684e-09
0 3.42684e-09
0 3.42684e-09
0 3.42684e-09
0 3.42684e-09
0 3.42684e-09
0 3.42684e-09
0 3.42684e-09
0 3.42684e-09
0 3.42684e-09
0 3.42684e-09
0 3.42684e-09
0 3.42684e-09
0 3.42684e-09
0 3.42684e-09
0 3.42684e-09
0 3.42684e-09
0 3.42684e-09
0 3.42684e-09
0 3.42684e-09
0 3.42684e-09
0 3.42684e-09
0 3.42684e-09
0 3.42684e-09
0 3.42684e-09
0 3.42684e-09
0 3.42684e-09
0 3.42684e-09
0 3.42684e-09
0 3.42684e-09
0 3.42684e-09
0 3.42684e-09
0 3.42684e-09
0 3.42684e-09
0 3.42684e-09
0 3.42684e-09
0 3.42684e-09
0 3.42684e-09
0 3.42684e-09
0 3.42684e-09
0 3.42684e-09
0 3.42684e-09
0 3.42684e-09
0 3.42684e-09
0 3.42684e-09
0 3.42684e-09
0 3.42684e-09
0 3.42684e-09
0 3.42684e-09
0 3.42684e-09
0 3.42684e-09
0 3.42684e-09
0 3.42684e-09
0 3.42684e-09
0 3.42684e-09
0 3.42684e-09
0 3.42684e-09
0 3.42684e-09
0 3.42684e-09
0 3.42684e-09
0 3.42684e-09
0 3.42684e-09
0 3.42684e-09
0 3.42684e-09
0 3.42684e-09
0 3.42684e-09
0 3.42684e-09
0 3.42684e-09
0 3.42684e-09
0 3.42684e-09
0 3.42684e-09
0 3.42684e-09
0 3.42684e-09
0 3.42684e-09
0 3.42684e-09
0 3.42684e-09
0 3.42684e-09
0 3.42684e-09
0 3.42684e-09
0 3.42684e-09
0 3.42684e-09
0 3.42684e-09
0 3.42684e-09
0 3.42684e-09
0 3.42684e-09
0 3.42684e-09
0 3.42684e-09
0 3.42684e-09
0 3.42684e-09
0 3.42684e-09
0 3.42684e-09
0 3.42684e-09
0 3.42684e-09
0 3.42684e-09
0 3.42684e-09
0 3.42684e-09
0 3.42684e-09
0 3.42684e-09
0 3.42684e-09
0 3.42684e-09
0 3.42684e-09
0 3.42684e-09
0 3.42684e-09
0 3.42684e-09
0 3.42684e-09
0 3.42684e-09
0 3.42684e-09
0 3.42684e-09
0 3.42684e-09
0 3.42684e-09
0 3.42684e-09
0 3.42684e-09
0 3.42684e-09
0 3.42684e-09
0 3.42684e-09
0 3.42684e-09
0 3.42684e-09
0 3.42684e-09
0 3.42684e-09
0 3.42684e-09
0 3.42684e-09
0 3.42684e-09
0 3.42684e-09
0 3.42684e-09
0 3.42684e-09
0 3.42684e-09
0 3.42684e-09
0 3.42684e-09
0 3.42684e-09
0 3.42684e-09
0 3.42684e-09
0 3.42684e-09
0 3.42684e-09
0 3.42684e-09
0 3.42684e-09
0 3.42684e-09
0 3.42684e-09
0 3.42684e-09
0 3.42684e-09
0 3.42684e-09
0 3.42684e-09
0 3.42684e-09
0 3.42684e-09
0 3.42684e-09
0 3.42684e-09
0 3.42684e-09
0 3.42684e-09
0 3.42684e-09
0 3.42684e-09
0 3.42684e-09
0 3.42684e-09
0 3.42684e-09
0 3.42684e-09
0 3.42684e-09
0 3.42684e-09
0 3.42684e-09
0 3.42684e-09
0 3.42684e-09
0 3.42684e-09
0 3.42684e-09
0 3.42684e-09
0 3.42684e-09
0 3.42684e-09
0 3.42684e-09
0 3.42684e-09
0 3.42684e-09
0 3.42684e-09
0 3.42684e-09
0 3.42684e-09
0 3.42684e-09
0 3.42684e-09
0 3.42684e-09
0 3.42684e-09
0 3.42684e-09
0 3.42684e-09
0 3.42684e-09
0 3.42684e-09
0 3.42684e-09
0 3.42684e-09
0 3.42684e-09
0 3.42684e-09
0 3.42684e-09
0 3.42684e-09
0 3.42684e-09
0 3.42684e-09
0 3.42684e-09
0 3.42684e-09
0 3.42684e-09
0 3.42684e-09
0 3.42684e-09
0 3.42684e-09
0 3.42684e-09
0 3.42684e-09
0 3.42684e-09
0 3.42684e-09
0 3.42684e-09
0 3.42684e-09
0 3.42684e-09
0 3.42684e-09
0 3.42684e-09
0 3.42684e-09
0 3.42684e-09
0 3.42684e-09
0 3.42684e-09
0 3.42684e-09
0 3.42684e-09
0 3.42684e-09
0 3.42684e-09
0 3.42684e-09
0 3.42684e-09
0 3.42684e-09
0 3.42684e-09
0 3.42684e-09
0 3.42684e-09
0 3.42684e-09
0 3.42684e-09
0 3.42684e-09
0 3.42684e-09
0 3.42684e-09
0 3.42684e-09
0 3.42684e-09
0 3.42684e-09
0 3.42684e-09
0 3.42684e-09
0 3.42684e-09
0 3.42684e-09
0 3.42684e-09
0 3.42684e-09
0 3.42684e-09
0 3.42684e-09
0 3.42684e-09
0 3.42684e-09
0 3.42684e-09
0 3.42684e-09
0 3.42684e-09
0 3.42684e-09
0 3.42684e-09
0 3.42684e-09
0 3.42684e-09
0 3.42684e-09
0 3.42684e-09
0 3.42684e-09
0 3.42684e-09
0 3.42684e-09
0 3.42684e-09
0 3.42684e-09
0 3.42684e-09
0 3.42684e-09
0 3.42684e-09
0 3.42684e-09
0 3.42684e-09
0 3.42684e-09
0 3.42684e-09
0 3.42684e-09
0 3.42684e-09
0 3.42684e-09
0 3.42684e-09
0 3.42684e-09
0 3.42684e-09
0 3.42684e-09
0 3.42684e-09
0 3.42684e-09
0 3.42684e-09
0 3.42684e-09
0 3.42684e-09
0 3.42684e-09
0 3.42684e-09
0 3.42684e-09
0 3.42684e-09
0 3.42684e-09
0 3.42684e-09
0 3.42684e-09
0 3.42684e-09
0 3.42684e-09
0 3.42684e-09
0 3.42684e-09
0 3.42684e-09
0 3.42684e-09
0 3.42684e-09
0 3.42684e-09
0 3.42684e-09
0 3.42684e-09
0 3.42684e-09
0 3.42684e-09
0 3.42684e-09
0 3.42684e-09
0 3.42684e-09
0 3.42684e-09
0 3.42684e-09
0 3.42684e-09
0 3.42684e-09
0 3.42684e-09
0 3.42684e-09
0 3.42684e-09
0 3.42684e-09
0 3.42684e-09
0 3.42684e-09
0 3.42684e-09
0 3.42684e-09
0 3.42684e-09
0 3.42684e-09
0 3.42684e-09
0 3.42684e-09
0 3.42684e-09
0 3.42684e-09
0 3.42684e-09
0 3.42684e-09
0 3.42684e-09
0 3.42684e-09
0 3.42684e-09
0 3.42684e-09
0 3.42684e-09
0 3.42684e-09
0 3.42684e-09
0 3.42684e-09
0 3.42684e-09
0 3.42684e-09
0 3.42684e-09
0 3.42684e-09
0 3.42684e-09
0 3.42684e-09
0 3.42684e-09
0 3.42684e-09
0 3.42684e-09
0 3.42684e-09
0 3.42684e-09
0 3.42684e-09
0 3.42684e-09
0 3.42684e-09
0 3.42684e-09
0 3.42684e-09
0 3.42684e-09
0 3.42684e-09
0 3.42684e-09
0 3.42684e-09
0 3.42684e-09
0 3.42684e-09
0 3.42684e-09
0 3.42684e-09
0 3.42684e-09
0 3.42684e-09
0 3.42684e-09
0 3.42684e-09
0 3.42684e-09
0 3.42684e-09
0 3.42684e-09
0 3.42684e-09
0 3.42684e-09
0 3.42684e-09
0 3.42684e-09
0 3.42684e-09
0 3.42684e-09
0 3.42684e-09
0 3.42684e-09
0 3.42684e-09
0 3.42684e-09
0 3.42684e-09
0 3.42684e-09
0 3.42684e-09
0 3.42684e-09
0 3.42684e-09
0 3.42684e-09
0 3.42684e-09
0 3.42684e-09
0 3.42684e-09
0 3.42684e-09
0 3.42684e-09
0 3.42684e-09
0 3.42684e-09
0 3.42684e-09
0 3.42684e-09
0 3.42684e-09
0 3.42684e-09
0 3.42684e-09
0 3.42684e-09
0 3.42684e-09
0 3.42684e-09
0 3.42684e-09
0 3.42684e-09
0 3.42684e-09
0 3.42684e-09
0 3.42684e-09
0 3.42684e-09
0 3.42684e-09
0 3.42684e-09
0 3.42684e-09
0 3.42684e-09
0 3.42684e-09
0 3.42684e-09
0 3.42684e-09
0 3.42684e-09
0 3.42684e-09
0 3.42684e-09
0 3.42684e-09
0 3.42684e-09
0 3.42684e-09
0 3.42684e-09
0 3.42684e-09
0 3.42684e-09
0 3.42684e-09
0 3.42684e-09
0 3.42684e-09
0 3.42684e-09
0 3.42684e-09
0 3.42684e-09
0 3.42684e-09
0 3.42684e-09
0 3.42684e-09
0 3.42684e-09
0 3.42684e-09
0 3.42684e-09
0 3.42684e-09
0 3.42684e-09
0 3.42684e-09
0 3.42684e-09
0 3.42684e-09
0 3.42684e-09
0 3.42684e-09
0 3.42684e-09
0 3.42684e-09
0 3.42684e-09
0 3.42684e-09
0 3.42684e-09
0 3.42684e-09
0 3.42684e-09
0 3.42684e-09
0 3.42684e-09
0 3.42684e-09
0 3.42684e-09
0 3.42684e-09
0 3.42684e-09
0 3.42684e-09
0 3.42684e-09
0 3.42684e-09
0 3.42684e-09
0 3.42684e-09
0 3.42684e-09
0 3.42684e-09
0 3.42684e-09
0 3.42684e-09
0 3.42684e-09
0 3.42684e-09
0 3.42684e-09
0 3.42684e-09
0 3.42684e-09
0 3.42684e-09
0 3.42684e-09
0 3.42684e-09
0 3.42684e-09
0 3.42684e-09
0 3.42684e-09
0 3.42684e-09
0 3.42684e-09
0 3.42684e-09
0 3.42684e-09
0 3.42684e-09
0 3.42684e-09
0 3.42684e-09
0 3.42684e-09
0 3.42684e-09
0 3.42684e-09
0 3.42684e-09
0 3.42684e-09
0 3.42684e-09
0 3.42684e-09
0 3.42684e-09
0 3.42684e-09
0 3.42684e-09
0 3.42684e-09
0 3.42684e-09
0 3.42684e-09
0 3.42684e-09
0 3.42684e-09
0 3.42684e-09
0 3.42684e-09
0 3.42684e-09
0 3.42684e-09
0 3.42684e-09
0 3.42684e-09
0 3.42684e-09
0 3.42684e-09
0 3.42684e-09
0 3.42684e-09
0 3.42684e-09
0 3.42684e-09
0 3.42684e-09
0 3.42684e-09
0 3.42684e-09
0 3.42684e-09
0 3.42684e-09
0 3.42684e-09
0 3.42684e-09
0 3.42684e-09
0 3.42684e-09
0 3.42684e-09
0 3.42684e-09
0 3.42684e-09
0 3.42684e-09
0 3.42684e-09
0 3.42684e-09
0 3.42684e-09
0 3.42684e-09
0 3.42684e-09
0 3.42684e-09
0 3.42684e-09
0 3.42684e-09
0 3.42684e-09
0 3.42684e-09
0 3.42684e-09
0 3.42684e-09
0 3.42684e-09
0 3.42684e-09
0 3.42684e-09
0 3.42684e-09
0 3.42684e-09
0 3.42684e-09
0 3.42684e-09
0 3.42684e-09
0 3.42684e-09
0 3.42684e-09
0 3.42684e-09
0 3.42684e-09
0 3.42684e-09
0 3.42684e-09
0 3.42684e-09
0 3.42684e-09
0 3.42684e-09
0 3.42684e-09
0 3.42684e-09
0 3.42684e-09
0 3.42684e-09
0 3.42684e-09
0 3.42684e-09
0 3.42684e-09
0 3.42684e-09
0 3.42684e-09
0 3.42684e-09
0 3.42684e-09
0 3.42684e-09
0 3.42684e-09
0 3.42684e-09
0 3.42684e-09
0 3.42684e-09
0 3.42684e-09
0 3.42684e-09
0 3.42684e-09
0 3.42684e-09
0 3.42684e-09
0 3.42684e-09
0 3.42684e-09
0 3.42684e-09
0 3.42684e-09
0 3.42684e-09
0 3.42684e-09
0 3.42684e-09
0 3.42684e-09
0 3.42684e-09
0 3.42684e-09
0 3.42684e-09
0 3.42684e-09
0 3.42684e-09
0 3.42684e-09
0 3.42684e-09
0 3.42684e-09
0 3.42684e-09
0 3.42684e-09
0 3.42684e-09
0 3.42684e-09
0 3.42684e-09
0 3.42684e-09
0 3.42684e-09
0 3.42684e-09
0 3.42684e-09
0 3.42684e-09
0 3.42684e-09
0 3.42684e-09
0 3.42684e-09
0 3.42684e-09
0 3.42684e-09
0 3.42684e-09
0 3.42684e-09
0 3.42684e-09
0 3.42684e-09
0 3.42684e-09
0 3.42684e-09
0 3.42684e-09
0 3.42684e-09
0 3.42684e-09
0 3.42684e-09
0 3.42684e-09
0 3.42684e-09
0 3.42684e-09
0 3.42684e-09
0 3.42684e-09
0 3.42684e-09
0 3.42684e-09
0 3.42684e-09
0 3.42684e-09
0 3.42684e-09
0 3.42684e-09
0 3.42684e-09
0 3.42684e-09
0 3.42684e-09
0 3.42684e-09
0 3.42684e-09
0 3.42684e-09
0 3.42684e-09
0 3.42684e-09
0 3.42684e-09
0 3.42684e-09
0 3.42684e-09
0 3.42684e-09
0 3.42684e-09
0 3.42684e-09
0 3.42684e-09
0 3.42684e-09
0 3.42684e-09
0 3.42684e-09
0 3.42684e-09
0 3.42684e-09
0 3.42684e-09
0 3.42684e-09
0 3.42684e-09
0 3.42684e-09
0 3.42684e-09
0 3.42684e-09
0 3.42684e-09
0 3.42684e-09
0 3.42684e-09
0 3.42684e-09
0 3.42684e-09
0 3.42684e-09
0 3.42684e-09
0 3.42684e-09

