0 0.176696
0 0.176193
0 0.174846
0 0.172701
0 0.16982
0 0.166278
0 0.162162
0 0.157564
0 0.152573
0 0.147278
0 0.141756
0 0.136077
0 0.130297
0 0.124461
0 0.118603
0 0.112747
0 0.10691
0 0.1011
0 0.0953243
0 0.0895865
0 0.0838909
0 0.0782459
0 0.0726697
0 0.0671981
0 0.0618922
0 0.0568292
0 0.0520737
0 0.0476596
0 0.0435946
0 0.0398703
0 0.0364692
0 0.0333701
0 0.0305497
0 0.0279848
0 0.0256528
0 0.0235325
0 0.0216041
0 0.0198493
0 0.0182515
0 0.0167956
0 0.0154679
0 0.014256
0 0.013149
0 0.0121368
0 0.0112104
0 0.0103619
0 0.00958392
0 0.00887007
0 0.00821445
0 0.00761183
0 0.00705745
0 0.00654706
0 0.0060768
0 0.00564318
0 0.00524307
0 0.0048736
0 0.00453221
0 0.00421655
0 0.0039245
0 0.00365411
0 0.00340364
0 0.00317148
0 0.00295618
0 0.00275639
0 0.0025709
0 0.00239861
0 0.00223848
0 0.00208959
0 0.00195108
0 0.00182217
0 0.00170214
0 0.00159032
0 0.00148611
0 0.00138894
0 0.00129831
0 0.00121373
0 0.00113477
0 0.00106102
0 0.000992107
0 0.000927688
0 0.000867443
0 0.000811077
0 0.000758316
0 0.000708907
0 0.000662615
0 0.000619223
0 0.000578529
0 0.000540344
0 0.000504496
0 0.000470821
0 0.00043917
0 0.000409402
0 0.000381386
0 0.000355002
0 0.000330135
0 0.000306681
0 0.000284539
0 0.000263619
0 0.000243833
0 0.000225101
0 0.000207348
0 0.000190503
0 0.000174499
0 0.000159274
0 0.00014477
0 0.000130931
0 0.000117706
0 0.000105045
0 9.29036e-05
0 8.12369e-05
0 7.00041e-05
0 5.91659e-05
0 4.86853e-05
0 3.8527e-05
0 2.86572e-05
0 1.90439e-05
0 9.65643e-06
0 4.65217e-07
0 1.76696e-09
0 1.76696e-09
0 1.76696e-09
0 1.76696e-09
0 1.76696e-09
0 1.76696e-09
0 1.76696e-09
0 1.76696e-09
0 1.76696e-09
0 1.76696e-09
0 1.76696e-09
0 1.76696e-09
0 1.76696e-09
0 1.76696e-09
0 1.76696e-09
0 1.76696e-09
0 1.76696e-09
0 1.76696e-09
0 1.76696e-09
0 1.76696e-09
0 1.76696e-09
0 1.76696e-09
0 1.76696e-09
0 1.76696e-09
0 1.76696e-09
0 1.76696e-09
0 1.76696e-09
0 1.76696e-09
0 1.76696e-09
0 1.76696e-09
0 1.76696e-09
0 1.76696e-09
0 1.76696e-09
0 1.76696e-09
0 1.76696e-09
0 1.76696e-09
0 1.76696e-09
0 1.76696e-09
0 1.76696e-09
0 1.76696e-09
0 1.76696e-09
0 1.76696e-09
0 1.76696e-09
0 1.76696e-09
0 1.76696e-09
0 1.76696e-09
0 1.76696e-09
0 1.76696e-09
0 1.76696e-09
0 1.76696e-09
0 1.76696e-09
0 1.76696e-09
0 1.76696e-09
0 1.76696e-09
0 1.76696e-09
0 1.76696e-09
0 1.76696e-09
0 1.76696e-09
0 1.76696e-09
0 1.76696e-09
0 1.76696e-09
0 1.76696e-09
0 1.76696e-09
0 1.76696e-09
0 1.76696e-09
0 1.76696e-09
0 1.76696e-09
0 1.76696e-09
0 1.76696e-09
0 1.76696e-09
0 1.76696e-09
0 1.76696e-09
0 1.76696e-09
0 1.76696e-09
0 1.76696e-09
0 1.76696e-09
0 1.76696e-09
0 1.76696e-09
0 1.76696e-09
0 1.76696e-09
0 1.76696e-09
0 1.76696e-09
0 1.76696e-09
0 1.76696e-09
0 1.76696e-09
0 1.76696e-09
0 1.76696e-09
0 1.76696e-09
0 1.76696e-09
0 1.76696e-09
0 1.76696e-09
0 1.76696e-09
0 1.76696e-09
0 1.76696e-09
0 1.76696e-09
0 1.76696e-09
0 1.76696e-09
0 1.76696e-09
0 1.76696e-09
0 1.76696e-09
0 1.76696e-09
0 1.76696e-09
0 1.76696e-09
0 1.76696e-09
0 1.76696e-09
0 1.76696e-09
0 1.76696e-09
0 1.76696e-09
0 1.76696e-09
0 1.76696e-09
0 1.76696e-09
0 1.76696e-09
0 1.76696e-09
0 1.76696e-09
0 1.76696e-09
0 1.76696e-09
0 1.76696e-09
0 1.76696e-09
0 1.76696e-09
0 1.76696e-09
0 1.76696e-09
0 1.76696e-09
0 1.76696e-09
0 1.76696e-09
0 1.76696e-09
0 1.76696e-09
0 1.76696e-09
0 1.76696e-09
0 1.76696e-09
0 1.76696e-09
0 1.76696e-09
0 1.76696e-09
0 1.76696e-09
0 1.76696e-09
0 1.76696e-09
0 1.76696e-09
0 1.76696e-09
0 1.76696e-09
0 1.76696e-09
0 1.76696e-09
0 1.76696e-09
0 1.76696e-09
0 1.76696e-09
0 1.76696e-09
0 1.76696e-09
0 1.76696e-09
0 1.76696e-09
0 1.76696e-09
0 1.76696e-09
0 1.76696e-09
0 1.76696e-09
0 1.76696e-09
0 1.76696e-09
0 1.76696e-09
0 1.76696e-09
0 1.76696e-09
0 1.76696e-09
0 1.76696e-09
0 1.76696e-09
0 1.76696e-09
0 1.76696e-09
0 1.76696e-09
0 1.76696e-09
0 1.76696e-09
0 1.76696e-09
0 1.76696e-09
0 1.76696e-09
0 1.76696e-09
0 1.76696e-09
0 1.76696e-09
0 1.76696e-09
0 1.76696e-09
0 1.76696e-09
0 1.76696e-09
0 1.76696e-09
0 1.76696e-09
0 1.76696e-09
0 1.76696e-09
0 1.76696e-09
0 1.76696e-09
0 1.76696e-09
0 1.76696e-09
0 1.76696e-09
0 1.76696e-09
0 1.76696e-09
0 1.76696e-09
0 1.76696e-09
0 1.76696e-09
0 1.76696e-09
0 1.76696e-09
0 1.76696e-09
0 1.76696e-09
0 1.76696e-09
0 1.76696e-09
0 1.76696e-09
0 1.76696e-09
0 1.76696e-09
0 1.76696e-09
0 1.76696e-09
0 1.76696e-09
0 1.76696e-09
0 1.76696e-09
0 1.76696e-09
0 1.76696e-09
0 1.76696e-09
0 1.76696e-09
0 1.76696e-09
0 1.76696e-09
0 1.76696e-09
0 1.76696e-09
0 1.76696e-09
0 1.76696e-09
0 1.76696e-09
0 1.76696e-09
0 1.76696e-09
0 1.76696e-09
0 1.76696e-09
0 1.76696e-09
0 1.76696e-09
0 1.76696e-09
0 1.76696e-09
0 1.76696e-09
0 1.76696e-09
0 1.76696e-09
0 1.76696e-09
0 1.76696e-09
0 1.76696e-09
0 1.76696e-09
0 1.76696e-09
0 1.76696e-09
0 1.76696e-09
0 1.76696e-09
0 1.76696e-09
0 1.76696e-09
0 1.76696e-09
0 1.76696e-09
0 1.76696e-09
0 1.76696e-09
0 1.76696e-09
0 1.76696e-09
0 1.76696e-09
0 1.76696e-09
0 1.76696e-09
0 1.76696e-09
0 1.76696e-09
0 1.76696e-09
0 1.76696e-09
0 1.76696e-09
0 1.76696e-09
0 1.76696e-09
0 1.76696e-09
0 1.76696e-09
0 1.76696e-09
0 1.76696e-09
0 1.76696e-09
0 1.76696e-09
0 1.76696e-09
0 1.76696e-09
0 1.76696e-09
0 1.76696e-09
0 1.76696e-09
0 1.76696e-09
0 1.76696e-09
0 1.76696e-09
0 1.76696e-09
0 1.76696e-09
0 1.76696e-09
0 1.76696e-09
0 1.76696e-09
0 1.76696e-09
0 1.76696e-09
0 1.76696e-09
0 1.76696e-09
0 1.76696e-09
0 1.76696e-09
0 1.76696e-09
0 1.76696e-09
0 1.76696e-09
0 1.76696e-09
0 1.76696e-09
0 1.76696e-09
0 1.76696e-09
0 1.76696e-09
0 1.76696e-09
0 1.76696e-09
0 1.76696e-09
0 1.76696e-09
0 1.76696e-09
0 1.76696e-09
0 1.76696e-09
0 1.76696e-09
0 1.76696e-09
0 1.76696e-09
0 1.76696e-09
0 1.76696e-09
0 1.76696e-09
0 1.76696e-09
0 1.76696e-09
0 1.76696e-09
0 1.76696e-09
0 1.76696e-09
0 1.76696e-09
0 1.76696e-09
0 1.76696e-09
0 1.76696e-09
0 1.76696e-09
0 1.76696e-09
0 1.76696e-09
0 1.76696e-09
0 1.76696e-09
0 1.76696e-09
0 1.76696e-09
0 1.76696e-09
0 1.76696e-09
0 1.76696e-09
0 1.76696e-09
0 1.76696e-09
0 1.76696e-09
0 1.76696e-09
0 1.76696e-09
0 1.76696e-09
0 1.76696e-09
0 1.76696e-09
0 1.76696e-09
0 1.76696e-09
0 1.76696e-09
0 1.76696e-09
0 1.76696e-09
0 1.76696e-09
0 1.76696e-09
0 1.76696e-09
0 1.76696e-09
0 1.76696e-09
0 1.76696e-09
0 1.76696e-09
0 1.76696e-09
0 1.76696e-09
0 1.76696e-09
0 1.76696e-09
0 1.76696e-09
0 1.76696e-09
0 1.76696e-09
0 1.76696e-09
0 1.76696e-09
0 1.76696e-09
0 1.76696e-09
0 1.76696e-09
0 1.76696e-09
0 1.76696e-09
0 1.76696e-09
0 1.76696e-09
0 1.76696e-09
0 1.76696e-09
0 1.76696e-09
0 1.76696e-09
0 1.76696e-09
0 1.76696e-09
0 1.76696e-09
0 1.76696e-09
0 1.76696e-09
0 1.76696e-09
0 1.76696e-09
0 1.76696e-09
0 1.76696e-09
0 1.76696e-09
0 1.76696e-09
0 1.76696e-09
0 1.76696e-09
0 1.76696e-09
0 1.76696e-09
0 1.76696e-09
0 1.76696e-09
0 1.76696e-09
0 1.76696e-09
0 1.76696e-09
0 1.76696e-09
0 1.76696e-09
0 1.76696e-09
0 1.76696e-09
0 1.76696e-09
0 1.76696e-09
0 1.76696e-09
0 1.76696e-09
0 1.76696e-09
0 1.76696e-09
0 1.76696e-09
0 1.76696e-09
0 1.76696e-09
0 1.76696e-09
0 1.76696e-09
0 1.76696e-09
0 1.76696e-09
0 1.76696e-09
0 1.76696e-09
0 1.76696e-09
0 1.76696e-09
0 1.76696e-09
0 1.76696e-09
0 1.76696e-09
0 1.76696e-09
0 1.76696e-09
0 1.76696e-09
0 1.76696e-09
0 1.76696e-09
0 1.76696e-09
0 1.76696e-09
0 1.76696e-09
0 1.76696e-09
0 1.76696e-09
0 1.76696e-09
0 1.76696e-09
0 1.76696e-09
0 1.76696e-09
0 1.76696e-09
0 1.76696e-09
0 1.76696e-09
0 1.76696e-09
0 1.76696e-09
0 1.76696e-09
0 1.76696e-09
0 1.76696e-09
0 1.76696e-09
0 1.76696e-09
0 1.76696e-09
0 1.76696e-09
0 1.76696e-09
0 1.76696e-09
0 1.76696e-09
0 1.76696e-09
0 1.76696e-09
0 1.76696e-09
0 1.76696e-09
0 1.76696e-09
0 1.76696e-09
0 1.76696e-09
0 1.76696e-09
0 1.76696e-09
0 1.76696e-09
0 1.76696e-09
0 1.76696e-09
0 1.76696e-09
0 1.76696e-09
0 1.76696e-09
0 1.76696e-09
0 1.76696e-09
0 1.76696e-09
0 1.76696e-09
0 1.76696e-09
0 1.76696e-09
0 1.76696e-09
0 1.76696e-09
0 1.76696e-09
0 1.76696e-09
0 1.76696e-09
0 1.76696e-09
0 1.76696e-09
0 1.76696e-09
0 1.76696e-09
0 1.76696e-09
0 1.76696e-09
0 1.76696e-09
0 1.76696e-09
0 1.76696e-09
0 1.76696e-09
0 1.76696e-09
0 1.76696e-09
0 1.76696e-09
0 1.76696e-09
0 1.76696e-09
0 1.76696e-09
0 1.76696e-09
0 1.76696e-09
0 1.76696e-09
0 1.76696e-09
0 1.76696e-09
0 1.76696e-09
0 1.76696e-09
0 1.76696e-09
0 1.76696e-09
0 1.76696e-09
0 1.76696e-09
0 1.76696e-09
0 1.76696e-09
0 1.76696e-09
0 1.76696e-09
0 1.76696e-09
0 1.76696e-09
0 1.76696e-09
0 1.76696e-09
0 1.76696e-09
0 1.76696e-09
0 1.76696e-09
0 1.76696e-09
0 1.76696e-09
0 1.76696e-09
0 1.76696e-09
0 1.76696e-09
0 1.76696e-09
0 1.76696e-09
0 1.76696e-09
0 1.76696e-09
0 1.76696e-09
0 1.76696e-09
0 1.76696e-09
0 1.76696e-09
0 1.76696e-09
0 1.76696e-09
0 1.76696e-09
0 1.76696e-09
0 1.76696e-09
0 1.76696e-09
0 1.76696e-09
0 1.76696e-09
0 1.76696e-09
0 1.76696e-09
0 1.76696e-09
0 1.76696e-09
0 1.76696e-09
0 1.76696e-09
0 1.76696e-09
0 1.76696e-09
0 1.76696e-09
0 1.76696e-09
0 1.76696e-09
0 1.76696e-09
0 1.76696e-09
0 1.76696e-09
0 1.76696e-09
0 1.76696e-09
0 1.76696e-09
0 1.76696e-09
0 1.76696e-09
0 1.76696e-09
0 1.76696e-09
0 1.76696e-09
0 1.76696e-09
0 1.76696e-09
0 1.76696e-09
0 1.76696e-09
0 1.76696e-09
0 1.76696e-09
0 1.76696e-09
0 1.76696e-09
0 1.76696e-09
0 1.76696e-09
0 1.76696e-09
0 1.76696e-09
0 1.76696e-09
0 1.76696e-09
0 1.76696e-09
0 1.76696e-09
0 1.76696e-09
0 1.76696e-09
0 1.76696e-09
0 1.76696e-09
0 1.76696e-09
0 1.76696e-09
0 1.76696e-09
0 1.76696e-09
0 1.76696e-09
0 1.76696e-09
0 1.76696e-09
0 1.76696e-09
0 1.76696e-09
0 1.76696e-09
0 1.76696e-09
0 1.76696e-09
0 1.76696e-09
0 1.76696e-09
0 1.76696e-09
0 1.76696e-09
0 1.76696e-09
0 1.76696e-09
0 1.76696e-09
0 1.76696e-09
0 1.76696e-09
0 1.76696e-09
0 1.76696e-09
0 1.76696e-09
0 1.76696e-09
0 1.76696e-09
0 1.76696e-09
0 1.76696e-09
0 1.76696e-09
0 1.76696e-09
0 1.76696e-09
0 1.76696e-09
0 1.76696e-09
0 1.76696e-09
0 1.76696e-09
0 1.76696e-09
0 1.76696e-09
0 1.76696e-09
0 1.76696e-09
0 1.76696e-09
0 1.76696e-09
0 1.76696e-09
0 1.76696e-09
0 1.76696e-09
0 1.76696e-09
0 1.76696e-09
0 1.76696e-09
0 1.76696e-09
0 1.76696e-09
0 1.76696e-09
0 1.76696e-09
0 1.76696e-09
0 1.76696e-09
0 1.76696e-09
0 1.76696e-09
0 1.76696e-09
0 1.76696e-09
0 1.76696e-09
0 1.76696e-09
0 1.76696e-09
0 1.76696e-09
0 1.76696e-09
0 1.76696e-09
0 1.76696e-09
0 1.76696e-09
0 1.76696e-09
0 1.76696e-09
0 1.76696e-09
0 1.76696e-09
0 1.76696e-09
0 1.76696e-09
0 1.76696e-09
0 1.76696e-09
0 1.76696e-09
0 1.76696e-09
0 1.76696e-09
0 1.76696e-09
0 1.76696e-09
0 1.76696e-09
0 1.76696e-09
0 1.76696e-09
0 1.76696e-09
0 1.76696e-09
0 1.76696e-09
0 1.76696e-09
0 1.76696e-09
0 1.76696e-09
0 1.76696e-09
0 1.76696e-09
0 1.76696e-09
0 1.76696e-09
0 1.76696e-09
0 1.76696e-09
0 1.76696e-09
0 1.76696e-09
0 1.76696e-09
0 1.76696e-09
0 1.76696e-09
0 1.76696e-09
0 1.76696e-09
0 1.76696e-09
0 1.76696e-09
0 1.76696e-09
0 1.76696e-09
0 1.76696e-09
0 1.76696e-09
0 1.76696e-09
0 1.76696e-09
0 1.76696e-09
0 1.76696e-09
0 1.76696e-09
0 1.76696e-09
0 1.76696e-09
0 1.76696e-09
0 1.76696e-09
0 1.76696e-09
0 1.76696e-09
0 1.76696e-09
0 1.76696e-09
0 1.76696e-09
0 1.76696e-09
0 1.76696e-09
0 1.76696e-09
0 1.76696e-09
0 1.76696e-09
0 1.76696e-09
0 1.76696e-09
0 1.76696e-09
0 1.76696e-09
0 1.76696e-09
0 1.76696e-09
0 1.76696e-09
0 1.76696e-09
0 1.76696e-09
0 1.76696e-09
0 1.76696e-09
0 1.76696e-09
0 1.76696e-09
0 1.76696e-09
0 1.76696e-09
0 1.76696e-09
0 1.76696e-09
0 1.76696e-09
0 1.76696e-09
0 1.76696e-09
0 1.76696e-09
0 1.76696e-09
0 1.76696e-09
0 1.76696e-09
0 1.76696e-09
0 1.76696e-09
0 1.76696e-09
0 1.76696e-09
0 1.76696e-09
0 1.76696e-09
0 1.76696e-09
0 1.76696e-09
0 1.76696e-09
0 1.76696e-09
0 1.76696e-09
0 1.76696e-09
0 1.76696e-09
0 1.76696e-09
0 1.76696e-09
0 1.76696e-09
0 1.76696e-09
0 1.76696e-09
0 1.76696e-09
0 1.76696e-09
0 1.76696e-09
0 1.76696e-09
0 1.76696e-09
0 1.76696e-09
0 1.76696e-09
0 1.76696e-09
0 1.76696e-09
0 1.76696e-09
0 1.76696e-09
0 1.76696e-09
0 1.76696e-09
0 1.76696e-09
0 1.76696e-09
0 1.76696e-09
0 1.76696e-09
0 1.76696e-09
0 1.76696e-09
0 1.76696e-09
0 1.76696e-09
0 1.76696e-09
0 1.76696e-09
0 1.76696e-09
0 1.76696e-09
0 1.76696e-09
0 1.76696e-09
0 1.76696e-09
0 1.76696e-09
0 1.76696e-09
0 1.76696e-09
0 1.76696e-09
0 1.76696e-09
0 1.76696e-09
0 1.76696e-09
0 1.76696e-09
0 1.76696e-09
0 1.76696e-09
0 1.76696e-09
0 1.76696e-09
0 1.76696e-09
0 1.76696e-09
0 1.76696e-09
0 1.76696e-09
0 1.76696e-09
0 1.76696e-09
0 1.76696e-09
0 1.76696e-09
0 1.76696e-09
0 1.76696e-09
0 1.76696e-09
0 1.76696e-09
0 1.76696e-09
0 1.76696e-09
0 1.76696e-09
0 1.76696e-09
0 1.76696e-09
0 1.76696e-09
0 1.76696e-09
0 1.76696e-09
0 1.76696e-09
0 1.76696e-09
0 1.76696e-09
0 1.76696e-09
0 1.76696e-09
0 1.76696e-09
0 1.76696e-09
0 1.76696e-09
0 1.76696e-09
0 1.76696e-09
0 1.76696e-09
0 1.76696e-09
0 1.76696e-09
0 1.76696e-09
0 1.76696e-09
0 1.76696e-09
0 1.76696e-09
0 1.76696e-09
0 1.76696e-09
0 1.76696e-09
0 1.76696e-09
0 1.76696e-09
0 1.76696e-09
0 1.76696e-09
0 1.76696e-09
0 1.76696e-09
0 1.76696e-09
0 1.76696e-09
0 1.76696e-09
0 1.76696e-09
0 1.76696e-09
0 1.76696e-09
0 1.76696e-09
0 1.76696e-09
0 1.76696e-09
0 1.76696e-09
0 1.76696e-09
0 1.76696e-09
0 1.76696e-09
0 1.76696e-09
0 1.76696e-09
0 1.76696e-09
0 1.76696e-09
0 1.76696e-09
0 1.76696e-09
0 1.76696e-09
0 1.76696e-09
0 1.76696e-09
0 1.76696e-09
0 1.76696e-09
0 1.76696e-09
0 1.76696e-09
0 1.76696e-09
0 1.76696e-09
0 1.76696e-09
0 1.76696e-09
0 1.76696e-09
0 1.76696e-09
0 1.76696e-09
0 1.76696e-09
0 1.76696e-09
0 1.76696e-09
0 1.76696e-09
0 1.76696e-09
0 1.76696e-09
0 1.76696e-09
0 1.76696e-09
0 1.76696e-09
0 1.76696e-09
0 1.76696e-09
0 1.76696e-09
0 1.76696e-09
0 1.76696e-09
0 1.76696e-09
0 1.76696e-09
0 1.76696e-09
0 1.76696e-09
0 1.76696e-09
0 1.76696e-09
0 1.76696e-09
0 1.76696e-09
0 1.76696e-09
0 1.76696e-09
0 1.76696e-09
0 1.76696e-09
0 1.76696e-09
0 1.76696e-09
0 1.76696e-09
0 1.76696e-09
0 1.76696e-09
0 1.76696e-09
0 1.76696e-09
0 1.76696e-09
0 1.76696e-09
0 1.76696e-09
0 1.76696e-09
0 1.76696e-09
0 1.76696e-09
0 1.76696e-09
0 1.76696e-09

