0 0.364101
0 0.25862
0 0.219791
0 0.195989
0 0.178066
0 0.163535
0 0.151242
0 0.140525
0 0.130972
0 0.122303
0 0.114323
0 0.106887
0 0.0998856
0 0.0932384
0 0.0868843
0 0.0807809
0 0.0749042
0 0.0692522
0 0.06385
0 0.0587455
0 0.0539849
0 0.0495906
0 0.0455606
0 0.0418783
0 0.0385201
0 0.03546
0 0.0326721
0 0.0301314
0 0.0278147
0 0.0257006
0 0.0237697
0 0.0220043
0 0.0203885
0 0.0189081
0 0.0175502
0 0.0163033
0 0.015157
0 0.0141022
0 0.0131305
0 0.0122344
0 0.0114073
0 0.010643
0 0.00993615
0 0.00928182
0 0.00867557
0 0.0081134
0 0.00759166
0 0.00710708
0 0.00665665
0 0.00623767
0 0.00584766
0 0.00548438
0 0.00514576
0 0.00482993
0 0.00453518
0 0.00425994
0 0.00400277
0 0.00376234
0 0.00353746
0 0.00332699
0 0.00312993
0 0.00294533
0 0.00277231
0 0.00261008
0 0.00245789
0 0.00231507
0 0.00218097
0 0.00205501
0 0.00193665
0 0.00182539
0 0.00172075
0 0.00162232
0 0.00152967
0 0.00144245
0 0.00136029
0 0.00128289
0 0.00120993
0 0.00114114
0 0.00107625
0 0.00101502
0 0.000957217
0 0.000902635
0 0.000851072
0 0.000802342
0 0.00075627
0 0.000712694
0 0.000671461
0 0.000632428
0 0.000595461
0 0.000560435
0 0.000527231
0 0.000495739
0 0.000465854
0 0.000437481
0 0.000410525
0 0.000384901
0 0.000360529
0 0.00033733
0 0.000315233
0 0.00029417
0 0.000274077
0 0.000254893
0 0.000236561
0 0.000219027
0 0.00020224
0 0.000186151
0 0.000170714
0 0.000155887
0 0.000141627
0 0.000127896
0 0.000114657
0 0.000101874
0 8.95127e-05
0 7.75419e-05
0 6.59307e-05
0 5.46497e-05
0 4.36708e-05
0 3.29672e-05
0 2.25131e-05
0 1.22837e-05
0 2.25518e-06
0 3.64101e-09
0 3.64101e-09
0 3.64101e-09
0 3.64101e-09
0 3.64101e-09
0 3.64101e-09
0 3.64101e-09
0 3.64101e-09
0 3.64101e-09
0 3.64101e-09
0 3.64101e-09
0 3.64101e-09
0 3.64101e-09
0 3.64101e-09
0 3.64101e-09
0 3.64101e-09
0 3.64101e-09
0 3.64101e-09
0 3.64101e-09
0 3.64101e-09
0 3.64101e-09
0 3.64101e-09
0 3.64101e-09
0 3.64101e-09
0 3.64101e-09
0 3.64101e-09
0 3.64101e-09
0 3.64101e-09
0 3.64101e-09
0 3.64101e-09
0 3.64101e-09
0 3.64101e-09
0 3.64101e-09
0 3.64101e-09
0 3.64101e-09
0 3.64101e-09
0 3.64101e-09
0 3.64101e-09
0 3.64101e-09
0 3.64101e-09
0 3.64101e-09
0 3.64101e-09
0 3.64101e-09
0 3.64101e-09
0 3.64101e-09
0 3.64101e-09
0 3.64101e-09
0 3.64101e-09
0 3.64101e-09
0 3.64101e-09
0 3.64101e-09
0 3.64101e-09
0 3.64101e-09
0 3.64101e-09
0 3.64101e-09
0 3.64101e-09
0 3.64101e-09
0 3.64101e-09
0 3.64101e-09
0 3.64101e-09
0 3.64101e-09
0 3.64101e-09
0 3.64101e-09
0 3.64101e-09
0 3.64101e-09
0 3.64101e-09
0 3.64101e-09
0 3.64101e-09
0 3.64101e-09
0 3.64101e-09
0 3.64101e-09
0 3.64101e-09
0 3.64101e-09
0 3.64101e-09
0 3.64101e-09
0 3.64101e-09
0 3.64101e-09
0 3.64101e-09
0 3.64101e-09
0 3.64101e-09
0 3.64101e-09
0 3.64101e-09
0 3.64101e-09
0 3.64101e-09
0 3.64101e-09
0 3.64101e-09
0 3.64101e-09
0 3.64101e-09
0 3.64101e-09
0 3.64101e-09
0 3.64101e-09
0 3.64101e-09
0 3.64101e-09
0 3.64101e-09
0 3.64101e-09
0 3.64101e-09
0 3.64101e-09
0 3.64101e-09
0 3.64101e-09
0 3.64101e-09
0 3.64101e-09
0 3.64101e-09
0 3.64101e-09
0 3.64101e-09
0 3.64101e-09
0 3.64101e-09
0 3.64101e-09
0 3.64101e-09
0 3.64101e-09
0 3.64101e-09
0 3.64101e-09
0 3.64101e-09
0 3.64101e-09
0 3.64101e-09
0 3.64101e-09
0 3.64101e-09
0 3.64101e-09
0 3.64101e-09
0 3.64101e-09
0 3.64101e-09
0 3.64101e-09
0 3.64101e-09
0 3.64101e-09
0 3.64101e-09
0 3.64101e-09
0 3.64101e-09
0 3.64101e-09
0 3.64101e-09
0 3.64101e-09
0 3.64101e-09
0 3.64101e-09
0 3.64101e-09
0 3.64101e-09
0 3.64101e-09
0 3.64101e-09
0 3.64101e-09
0 3.64101e-09
0 3.64101e-09
0 3.64101e-09
0 3.64101e-09
0 3.64101e-09
0 3.64101e-09
0 3.64101e-09
0 3.64101e-09
0 3.64101e-09
0 3.64101e-09
0 3.64101e-09
0 3.64101e-09
0 3.64101e-09
0 3.64101e-09
0 3.64101e-09
0 3.64101e-09
0 3.64101e-09
0 3.64101e-09
0 3.64101e-09
0 3.64101e-09
0 3.64101e-09
0 3.64101e-09
0 3.64101e-09
0 3.64101e-09
0 3.64101e-09
0 3.64101e-09
0 3.64101e-09
0 3.64101e-09
0 3.64101e-09
0 3.64101e-09
0 3.64101e-09
0 3.64101e-09
0 3.64101e-09
0 3.64101e-09
0 3.64101e-09
0 3.64101e-09
0 3.64101e-09
0 3.64101e-09
0 3.64101e-09
0 3.64101e-09
0 3.64101e-09
0 3.64101e-09
0 3.64101e-09
0 3.64101e-09
0 3.64101e-09
0 3.64101e-09
0 3.64101e-09
0 3.64101e-09
0 3.64101e-09
0 3.64101e-09
0 3.64101e-09
0 3.64101e-09
0 3.64101e-09
0 3.64101e-09
0 3.64101e-09
0 3.64101e-09
0 3.64101e-09
0 3.64101e-09
0 3.64101e-09
0 3.64101e-09
0 3.64101e-09
0 3.64101e-09
0 3.64101e-09
0 3.64101e-09
0 3.64101e-09
0 3.64101e-09
0 3.64101e-09
0 3.64101e-09
0 3.64101e-09
0 3.64101e-09
0 3.64101e-09
0 3.64101e-09
0 3.64101e-09
0 3.64101e-09
0 3.64101e-09
0 3.64101e-09
0 3.64101e-09
0 3.64101e-09
0 3.64101e-09
0 3.64101e-09
0 3.64101e-09
0 3.64101e-09
0 3.64101e-09
0 3.64101e-09
0 3.64101e-09
0 3.64101e-09
0 3.64101e-09
0 3.64101e-09
0 3.64101e-09
0 3.64101e-09
0 3.64101e-09
0 3.64101e-09
0 3.64101e-09
0 3.64101e-09
0 3.64101e-09
0 3.64101e-09
0 3.64101e-09
0 3.64101e-09
0 3.64101e-09
0 3.64101e-09
0 3.64101e-09
0 3.64101e-09
0 3.64101e-09
0 3.64101e-09
0 3.64101e-09
0 3.64101e-09
0 3.64101e-09
0 3.64101e-09
0 3.64101e-09
0 3.64101e-09
0 3.64101e-09
0 3.64101e-09
0 3.64101e-09
0 3.64101e-09
0 3.64101e-09
0 3.64101e-09
0 3.64101e-09
0 3.64101e-09
0 3.64101e-09
0 3.64101e-09
0 3.64101e-09
0 3.64101e-09
0 3.64101e-09
0 3.64101e-09
0 3.64101e-09
0 3.64101e-09
0 3.64101e-09
0 3.64101e-09
0 3.64101e-09
0 3.64101e-09
0 3.64101e-09
0 3.64101e-09
0 3.64101e-09
0 3.64101e-09
0 3.64101e-09
0 3.64101e-09
0 3.64101e-09
0 3.64101e-09
0 3.64101e-09
0 3.64101e-09
0 3.64101e-09
0 3.64101e-09
0 3.64101e-09
0 3.64101e-09
0 3.64101e-09
0 3.64101e-09
0 3.64101e-09
0 3.64101e-09
0 3.64101e-09
0 3.64101e-09
0 3.64101e-09
0 3.64101e-09
0 3.64101e-09
0 3.64101e-09
0 3.64101e-09
0 3.64101e-09
0 3.64101e-09
0 3.64101e-09
0 3.64101e-09
0 3.64101e-09
0 3.64101e-09
0 3.64101e-09
0 3.64101e-09
0 3.64101e-09
0 3.64101e-09
0 3.64101e-09
0 3.64101e-09
0 3.64101e-09
0 3.64101e-09
0 3.64101e-09
0 3.64101e-09
0 3.64101e-09
0 3.64101e-09
0 3.64101e-09
0 3.64101e-09
0 3.64101e-09
0 3.64101e-09
0 3.64101e-09
0 3.64101e-09
0 3.64101e-09
0 3.64101e-09
0 3.64101e-09
0 3.64101e-09
0 3.64101e-09
0 3.64101e-09
0 3.64101e-09
0 3.64101e-09
0 3.64101e-09
0 3.64101e-09
0 3.64101e-09
0 3.64101e-09
0 3.64101e-09
0 3.64101e-09
0 3.64101e-09
0 3.64101e-09
0 3.64101e-09
0 3.64101e-09
0 3.64101e-09
0 3.64101e-09
0 3.64101e-09
0 3.64101e-09
0 3.64101e-09
0 3.64101e-09
0 3.64101e-09
0 3.64101e-09
0 3.64101e-09
0 3.64101e-09
0 3.64101e-09
0 3.64101e-09
0 3.64101e-09
0 3.64101e-09
0 3.64101e-09
0 3.64101e-09
0 3.64101e-09
0 3.64101e-09
0 3.64101e-09
0 3.64101e-09
0 3.64101e-09
0 3.64101e-09
0 3.64101e-09
0 3.64101e-09
0 3.64101e-09
0 3.64101e-09
0 3.64101e-09
0 3.64101e-09
0 3.64101e-09
0 3.64101e-09
0 3.64101e-09
0 3.64101e-09
0 3.64101e-09
0 3.64101e-09
0 3.64101e-09
0 3.64101e-09
0 3.64101e-09
0 3.64101e-09
0 3.64101e-09
0 3.64101e-09
0 3.64101e-09
0 3.64101e-09
0 3.64101e-09
0 3.64101e-09
0 3.64101e-09
0 3.64101e-09
0 3.64101e-09
0 3.64101e-09
0 3.64101e-09
0 3.64101e-09
0 3.64101e-09
0 3.64101e-09
0 3.64101e-09
0 3.64101e-09
0 3.64101e-09
0 3.64101e-09
0 3.64101e-09
0 3.64101e-09
0 3.64101e-09
0 3.64101e-09
0 3.64101e-09
0 3.64101e-09
0 3.64101e-09
0 3.64101e-09
0 3.64101e-09
0 3.64101e-09
0 3.64101e-09
0 3.64101e-09
0 3.64101e-09
0 3.64101e-09
0 3.64101e-09
0 3.64101e-09
0 3.64101e-09
0 3.64101e-09
0 3.64101e-09
0 3.64101e-09
0 3.64101e-09
0 3.64101e-09
0 3.64101e-09
0 3.64101e-09
0 3.64101e-09
0 3.64101e-09
0 3.64101e-09
0 3.64101e-09
0 3.64101e-09
0 3.64101e-09
0 3.64101e-09
0 3.64101e-09
0 3.64101e-09
0 3.64101e-09
0 3.64101e-09
0 3.64101e-09
0 3.64101e-09
0 3.64101e-09
0 3.64101e-09
0 3.64101e-09
0 3.64101e-09
0 3.64101e-09
0 3.64101e-09
0 3.64101e-09
0 3.64101e-09
0 3.64101e-09
0 3.64101e-09
0 3.64101e-09
0 3.64101e-09
0 3.64101e-09
0 3.64101e-09
0 3.64101e-09
0 3.64101e-09
0 3.64101e-09
0 3.64101e-09
0 3.64101e-09
0 3.64101e-09
0 3.64101e-09
0 3.64101e-09
0 3.64101e-09
0 3.64101e-09
0 3.64101e-09
0 3.64101e-09
0 3.64101e-09
0 3.64101e-09
0 3.64101e-09
0 3.64101e-09
0 3.64101e-09
0 3.64101e-09
0 3.64101e-09
0 3.64101e-09
0 3.64101e-09
0 3.64101e-09
0 3.64101e-09
0 3.64101e-09
0 3.64101e-09
0 3.64101e-09
0 3.64101e-09
0 3.64101e-09
0 3.64101e-09
0 3.64101e-09
0 3.64101e-09
0 3.64101e-09
0 3.64101e-09
0 3.64101e-09
0 3.64101e-09
0 3.64101e-09
0 3.64101e-09
0 3.64101e-09
0 3.64101e-09
0 3.64101e-09
0 3.64101e-09
0 3.64101e-09
0 3.64101e-09
0 3.64101e-09
0 3.64101e-09
0 3.64101e-09
0 3.64101e-09
0 3.64101e-09
0 3.64101e-09
0 3.64101e-09
0 3.64101e-09
0 3.64101e-09
0 3.64101e-09
0 3.64101e-09
0 3.64101e-09
0 3.64101e-09
0 3.64101e-09
0 3.64101e-09
0 3.64101e-09
0 3.64101e-09
0 3.64101e-09
0 3.64101e-09
0 3.64101e-09
0 3.64101e-09
0 3.64101e-09
0 3.64101e-09
0 3.64101e-09
0 3.64101e-09
0 3.64101e-09
0 3.64101e-09
0 3.64101e-09
0 3.64101e-09
0 3.64101e-09
0 3.64101e-09
0 3.64101e-09
0 3.64101e-09
0 3.64101e-09
0 3.64101e-09
0 3.64101e-09
0 3.64101e-09
0 3.64101e-09
0 3.64101e-09
0 3.64101e-09
0 3.64101e-09
0 3.64101e-09
0 3.64101e-09
0 3.64101e-09
0 3.64101e-09
0 3.64101e-09
0 3.64101e-09
0 3.64101e-09
0 3.64101e-09
0 3.64101e-09
0 3.64101e-09
0 3.64101e-09
0 3.64101e-09
0 3.64101e-09
0 3.64101e-09
0 3.64101e-09
0 3.64101e-09
0 3.64101e-09
0 3.64101e-09
0 3.64101e-09
0 3.64101e-09
0 3.64101e-09
0 3.64101e-09
0 3.64101e-09
0 3.64101e-09
0 3.64101e-09
0 3.64101e-09
0 3.64101e-09
0 3.64101e-09
0 3.64101e-09
0 3.64101e-09
0 3.64101e-09
0 3.64101e-09
0 3.64101e-09
0 3.64101e-09
0 3.64101e-09
0 3.64101e-09
0 3.64101e-09
0 3.64101e-09
0 3.64101e-09
0 3.64101e-09
0 3.64101e-09
0 3.64101e-09
0 3.64101e-09
0 3.64101e-09
0 3.64101e-09
0 3.64101e-09
0 3.64101e-09
0 3.64101e-09
0 3.64101e-09
0 3.64101e-09
0 3.64101e-09
0 3.64101e-09
0 3.64101e-09
0 3.64101e-09
0 3.64101e-09
0 3.64101e-09
0 3.64101e-09
0 3.64101e-09
0 3.64101e-09
0 3.64101e-09
0 3.64101e-09
0 3.64101e-09
0 3.64101e-09
0 3.64101e-09
0 3.64101e-09
0 3.64101e-09
0 3.64101e-09
0 3.64101e-09
0 3.64101e-09
0 3.64101e-09
0 3.64101e-09
0 3.64101e-09
0 3.64101e-09
0 3.64101e-09
0 3.64101e-09
0 3.64101e-09
0 3.64101e-09
0 3.64101e-09
0 3.64101e-09
0 3.64101e-09
0 3.64101e-09
0 3.64101e-09
0 3.64101e-09
0 3.64101e-09
0 3.64101e-09
0 3.64101e-09
0 3.64101e-09
0 3.64101e-09
0 3.64101e-09
0 3.64101e-09
0 3.64101e-09
0 3.64101e-09
0 3.64101e-09
0 3.64101e-09
0 3.64101e-09
0 3.64101e-09
0 3.64101e-09
0 3.64101e-09
0 3.64101e-09
0 3.64101e-09
0 3.64101e-09
0 3.64101e-09
0 3.64101e-09
0 3.64101e-09
0 3.64101e-09
0 3.64101e-09
0 3.64101e-09
0 3.64101e-09
0 3.64101e-09
0 3.64101e-09
0 3.64101e-09
0 3.64101e-09
0 3.64101e-09
0 3.64101e-09
0 3.64101e-09
0 3.64101e-09
0 3.64101e-09
0 3.64101e-09
0 3.64101e-09
0 3.64101e-09
0 3.64101e-09
0 3.64101e-09
0 3.64101e-09
0 3.64101e-09
0 3.64101e-09
0 3.64101e-09
0 3.64101e-09
0 3.64101e-09
0 3.64101e-09
0 3.64101e-09
0 3.64101e-09
0 3.64101e-09
0 3.64101e-09
0 3.64101e-09
0 3.64101e-09
0 3.64101e-09
0 3.64101e-09
0 3.64101e-09
0 3.64101e-09
0 3.64101e-09
0 3.64101e-09
0 3.64101e-09
0 3.64101e-09
0 3.64101e-09
0 3.64101e-09
0 3.64101e-09
0 3.64101e-09
0 3.64101e-09
0 3.64101e-09
0 3.64101e-09
0 3.64101e-09
0 3.64101e-09
0 3.64101e-09
0 3.64101e-09
0 3.64101e-09
0 3.64101e-09
0 3.64101e-09
0 3.64101e-09
0 3.64101e-09
0 3.64101e-09
0 3.64101e-09
0 3.64101e-09
0 3.64101e-09
0 3.64101e-09
0 3.64101e-09
0 3.64101e-09
0 3.64101e-09
0 3.64101e-09
0 3.64101e-09
0 3.64101e-09
0 3.64101e-09
0 3.64101e-09
0 3.64101e-09
0 3.64101e-09
0 3.64101e-09
0 3.64101e-09
0 3.64101e-09
0 3.64101e-09
0 3.64101e-09
0 3.64101e-09
0 3.64101e-09
0 3.64101e-09
0 3.64101e-09
0 3.64101e-09
0 3.64101e-09
0 3.64101e-09
0 3.64101e-09
0 3.64101e-09
0 3.64101e-09
0 3.64101e-09
0 3.64101e-09
0 3.64101e-09
0 3.64101e-09
0 3.64101e-09
0 3.64101e-09
0 3.64101e-09
0 3.64101e-09
0 3.64101e-09
0 3.64101e-09
0 3.64101e-09
0 3.64101e-09
0 3.64101e-09
0 3.64101e-09
0 3.64101e-09
0 3.64101e-09
0 3.64101e-09
0 3.64101e-09
0 3.64101e-09
0 3.64101e-09
0 3.64101e-09
0 3.64101e-09
0 3.64101e-09
0 3.64101e-09
0 3.64101e-09
0 3.64101e-09
0 3.64101e-09
0 3.64101e-09
0 3.64101e-09
0 3.64101e-09
0 3.64101e-09
0 3.64101e-09
0 3.64101e-09
0 3.64101e-09
0 3.64101e-09
0 3.64101e-09
0 3.64101e-09
0 3.64101e-09
0 3.64101e-09
0 3.64101e-09
0 3.64101e-09
0 3.64101e-09
0 3.64101e-09
0 3.64101e-09
0 3.64101e-09
0 3.64101e-09
0 3.64101e-09
0 3.64101e-09
0 3.64101e-09
0 3.64101e-09
0 3.64101e-09
0 3.64101e-09
0 3.64101e-09
0 3.64101e-09
0 3.64101e-09
0 3.64101e-09
0 3.64101e-09
0 3.64101e-09
0 3.64101e-09
0 3.64101e-09
0 3.64101e-09
0 3.64101e-09
0 3.64101e-09
0 3.64101e-09
0 3.64101e-09
0 3.64101e-09
0 3.64101e-09
0 3.64101e-09
0 3.64101e-09
0 3.64101e-09
0 3.64101e-09
0 3.64101e-09
0 3.64101e-09
0 3.64101e-09
0 3.64101e-09
0 3.64101e-09
0 3.64101e-09
0 3.64101e-09
0 3.64101e-09
0 3.64101e-09
0 3.64101e-09
0 3.64101e-09
0 3.64101e-09
0 3.64101e-09
0 3.64101e-09
0 3.64101e-09
0 3.64101e-09
0 3.64101e-09
0 3.64101e-09
0 3.64101e-09
0 3.64101e-09
0 3.64101e-09
0 3.64101e-09
0 3.64101e-09
0 3.64101e-09
0 3.64101e-09
0 3.64101e-09
0 3.64101e-09
0 3.64101e-09
0 3.64101e-09
0 3.64101e-09
0 3.64101e-09
0 3.64101e-09
0 3.64101e-09
0 3.64101e-09
0 3.64101e-09
0 3.64101e-09
0 3.64101e-09
0 3.64101e-09
0 3.64101e-09
0 3.64101e-09
0 3.64101e-09
0 3.64101e-09
0 3.64101e-09
0 3.64101e-09
0 3.64101e-09
0 3.64101e-09
0 3.64101e-09
0 3.64101e-09
0 3.64101e-09
0 3.64101e-09
0 3.64101e-09
0 3.64101e-09
0 3.64101e-09
0 3.64101e-09
0 3.64101e-09
0 3.64101e-09
0 3.64101e-09
0 3.64101e-09
0 3.64101e-09
0 3.64101e-09
0 3.64101e-09
0 3.64101e-09
0 3.64101e-09
0 3.64101e-09
0 3.64101e-09
0 3.64101e-09
0 3.64101e-09
0 3.64101e-09
0 3.64101e-09
0 3.64101e-09
0 3.64101e-09
0 3.64101e-09
0 3.64101e-09
0 3.64101e-09
0 3.64101e-09
0 3.64101e-09
0 3.64101e-09
0 3.64101e-09
0 3.64101e-09
0 3.64101e-09
0 3.64101e-09
0 3.64101e-09
0 3.64101e-09
0 3.64101e-09
0 3.64101e-09
0 3.64101e-09
0 3.64101e-09
0 3.64101e-09
0 3.64101e-09
0 3.64101e-09
0 3.64101e-09
0 3.64101e-09
0 3.64101e-09
0 3.64101e-09
0 3.64101e-09

