0 0.219532
0 0.217339
0 0.211665
0 0.203184
0 0.192746
0 0.181249
0 0.169485
0 0.157974
0 0.146998
0 0.136675
0 0.127026
0 0.118014
0 0.109576
0 0.101641
0 0.0941416
0 0.0870186
0 0.0802271
0 0.0737406
0 0.0675602
0 0.0617215
0 0.056281
0 0.0512791
0 0.0467219
0 0.0425912
0 0.0388568
0 0.0354846
0 0.03244
0 0.0296903
0 0.0272051
0 0.0249568
0 0.0229205
0 0.0210739
0 0.0193971
0 0.0178726
0 0.0164846
0 0.0152193
0 0.0140642
0 0.0130085
0 0.0120424
0 0.0111572
0 0.0103452
0 0.00959954
0 0.008914
0 0.00828309
0 0.00770188
0 0.00716593
0 0.00667127
0 0.0062143
0 0.00579179
0 0.00540082
0 0.00503874
0 0.00470318
0 0.00439196
0 0.0041031
0 0.00383483
0 0.00358551
0 0.00335365
0 0.00313791
0 0.00293703
0 0.0027499
0 0.00257548
0 0.00241281
0 0.00226102
0 0.00211932
0 0.00198696
0 0.00186328
0 0.00174765
0 0.0016395
0 0.00153829
0 0.00144354
0 0.0013548
0 0.00127165
0 0.0011937
0 0.0011206
0 0.00105202
0 0.000987646
0 0.0009272
0 0.000870416
0 0.000817048
0 0.000766868
0 0.000719666
0 0.000675243
0 0.000633416
0 0.000594015
0 0.00055688
0 0.000521861
0 0.000488821
0 0.000457631
0 0.000428168
0 0.00040032
0 0.000373982
0 0.000349053
0 0.000325443
0 0.000303063
0 0.000281832
0 0.000261674
0 0.000242517
0 0.000224293
0 0.00020694
0 0.000190397
0 0.000174609
0 0.000159522
0 0.000145087
0 0.000131256
0 0.000117984
0 0.00010523
0 9.29538e-05
0 8.11169e-05
0 6.96835e-05
0 5.86195e-05
0 4.78921e-05
0 3.74703e-05
0 2.73245e-05
0 1.74261e-05
0 7.74789e-06
0 2.19532e-09
0 2.19532e-09
0 2.19532e-09
0 2.19532e-09
0 2.19532e-09
0 2.19532e-09
0 2.19532e-09
0 2.19532e-09
0 2.19532e-09
0 2.19532e-09
0 2.19532e-09
0 2.19532e-09
0 2.19532e-09
0 2.19532e-09
0 2.19532e-09
0 2.19532e-09
0 2.19532e-09
0 2.19532e-09
0 2.19532e-09
0 2.19532e-09
0 2.19532e-09
0 2.19532e-09
0 2.19532e-09
0 2.19532e-09
0 2.19532e-09
0 2.19532e-09
0 2.19532e-09
0 2.19532e-09
0 2.19532e-09
0 2.19532e-09
0 2.19532e-09
0 2.19532e-09
0 2.19532e-09
0 2.19532e-09
0 2.19532e-09
0 2.19532e-09
0 2.19532e-09
0 2.19532e-09
0 2.19532e-09
0 2.19532e-09
0 2.19532e-09
0 2.19532e-09
0 2.19532e-09
0 2.19532e-09
0 2.19532e-09
0 2.19532e-09
0 2.19532e-09
0 2.19532e-09
0 2.19532e-09
0 2.19532e-09
0 2.19532e-09
0 2.19532e-09
0 2.19532e-09
0 2.19532e-09
0 2.19532e-09
0 2.19532e-09
0 2.19532e-09
0 2.19532e-09
0 2.19532e-09
0 2.19532e-09
0 2.19532e-09
0 2.19532e-09
0 2.19532e-09
0 2.19532e-09
0 2.19532e-09
0 2.19532e-09
0 2.19532e-09
0 2.19532e-09
0 2.19532e-09
0 2.19532e-09
0 2.19532e-09
0 2.19532e-09
0 2.19532e-09
0 2.19532e-09
0 2.19532e-09
0 2.19532e-09
0 2.19532e-09
0 2.19532e-09
0 2.19532e-09
0 2.19532e-09
0 2.19532e-09
0 2.19532e-09
0 2.19532e-09
0 2.19532e-09
0 2.19532e-09
0 2.19532e-09
0 2.19532e-09
0 2.19532e-09
0 2.19532e-09
0 2.19532e-09
0 2.19532e-09
0 2.19532e-09
0 2.19532e-09
0 2.19532e-09
0 2.19532e-09
0 2.19532e-09
0 2.19532e-09
0 2.19532e-09
0 2.19532e-09
0 2.19532e-09
0 2.19532e-09
0 2.19532e-09
0 2.19532e-09
0 2.19532e-09
0 2.19532e-09
0 2.19532e-09
0 2.19532e-09
0 2.19532e-09
0 2.19532e-09
0 2.19532e-09
0 2.19532e-09
0 2.19532e-09
0 2.19532e-09
0 2.19532e-09
0 2.19532e-09
0 2.19532e-09
0 2.19532e-09
0 2.19532e-09
0 2.19532e-09
0 2.19532e-09
0 2.19532e-09
0 2.19532e-09
0 2.19532e-09
0 2.19532e-09
0 2.19532e-09
0 2.19532e-09
0 2.19532e-09
0 2.19532e-09
0 2.19532e-09
0 2.19532e-09
0 2.19532e-09
0 2.19532e-09
0 2.19532e-09
0 2.19532e-09
0 2.19532e-09
0 2.19532e-09
0 2.19532e-09
0 2.19532e-09
0 2.19532e-09
0 2.19532e-09
0 2.19532e-09
0 2.19532e-09
0 2.19532e-09
0 2.19532e-09
0 2.19532e-09
0 2.19532e-09
0 2.19532e-09
0 2.19532e-09
0 2.19532e-09
0 2.19532e-09
0 2.19532e-09
0 2.19532e-09
0 2.19532e-09
0 2.19532e-09
0 2.19532e-09
0 2.19532e-09
0 2.19532e-09
0 2.19532e-09
0 2.19532e-09
0 2.19532e-09
0 2.19532e-09
0 2.19532e-09
0 2.19532e-09
0 2.19532e-09
0 2.19532e-09
0 2.19532e-09
0 2.19532e-09
0 2.19532e-09
0 2.19532e-09
0 2.19532e-09
0 2.19532e-09
0 2.19532e-09
0 2.19532e-09
0 2.19532e-09
0 2.19532e-09
0 2.19532e-09
0 2.19532e-09
0 2.19532e-09
0 2.19532e-09
0 2.19532e-09
0 2.19532e-09
0 2.19532e-09
0 2.19532e-09
0 2.19532e-09
0 2.19532e-09
0 2.19532e-09
0 2.19532e-09
0 2.19532e-09
0 2.19532e-09
0 2.19532e-09
0 2.19532e-09
0 2.19532e-09
0 2.19532e-09
0 2.19532e-09
0 2.19532e-09
0 2.19532e-09
0 2.19532e-09
0 2.19532e-09
0 2.19532e-09
0 2.19532e-09
0 2.19532e-09
0 2.19532e-09
0 2.19532e-09
0 2.19532e-09
0 2.19532e-09
0 2.19532e-09
0 2.19532e-09
0 2.19532e-09
0 2.19532e-09
0 2.19532e-09
0 2.19532e-09
0 2.19532e-09
0 2.19532e-09
0 2.19532e-09
0 2.19532e-09
0 2.19532e-09
0 2.19532e-09
0 2.19532e-09
0 2.19532e-09
0 2.19532e-09
0 2.19532e-09
0 2.19532e-09
0 2.19532e-09
0 2.19532e-09
0 2.19532e-09
0 2.19532e-09
0 2.19532e-09
0 2.19532e-09
0 2.19532e-09
0 2.19532e-09
0 2.19532e-09
0 2.19532e-09
0 2.19532e-09
0 2.19532e-09
0 2.19532e-09
0 2.19532e-09
0 2.19532e-09
0 2.19532e-09
0 2.19532e-09
0 2.19532e-09
0 2.19532e-09
0 2.19532e-09
0 2.19532e-09
0 2.19532e-09
0 2.19532e-09
0 2.19532e-09
0 2.19532e-09
0 2.19532e-09
0 2.19532e-09
0 2.19532e-09
0 2.19532e-09
0 2.19532e-09
0 2.19532e-09
0 2.19532e-09
0 2.19532e-09
0 2.19532e-09
0 2.19532e-09
0 2.19532e-09
0 2.19532e-09
0 2.19532e-09
0 2.19532e-09
0 2.19532e-09
0 2.19532e-09
0 2.19532e-09
0 2.19532e-09
0 2.19532e-09
0 2.19532e-09
0 2.19532e-09
0 2.19532e-09
0 2.19532e-09
0 2.19532e-09
0 2.19532e-09
0 2.19532e-09
0 2.19532e-09
0 2.19532e-09
0 2.19532e-09
0 2.19532e-09
0 2.19532e-09
0 2.19532e-09
0 2.19532e-09
0 2.19532e-09
0 2.19532e-09
0 2.19532e-09
0 2.19532e-09
0 2.19532e-09
0 2.19532e-09
0 2.19532e-09
0 2.19532e-09
0 2.19532e-09
0 2.19532e-09
0 2.19532e-09
0 2.19532e-09
0 2.19532e-09
0 2.19532e-09
0 2.19532e-09
0 2.19532e-09
0 2.19532e-09
0 2.19532e-09
0 2.19532e-09
0 2.19532e-09
0 2.19532e-09
0 2.19532e-09
0 2.19532e-09
0 2.19532e-09
0 2.19532e-09
0 2.19532e-09
0 2.19532e-09
0 2.19532e-09
0 2.19532e-09
0 2.19532e-09
0 2.19532e-09
0 2.19532e-09
0 2.19532e-09
0 2.19532e-09
0 2.19532e-09
0 2.19532e-09
0 2.19532e-09
0 2.19532e-09
0 2.19532e-09
0 2.19532e-09
0 2.19532e-09
0 2.19532e-09
0 2.19532e-09
0 2.19532e-09
0 2.19532e-09
0 2.19532e-09
0 2.19532e-09
0 2.19532e-09
0 2.19532e-09
0 2.19532e-09
0 2.19532e-09
0 2.19532e-09
0 2.19532e-09
0 2.19532e-09
0 2.19532e-09
0 2.19532e-09
0 2.19532e-09
0 2.19532e-09
0 2.19532e-09
0 2.19532e-09
0 2.19532e-09
0 2.19532e-09
0 2.19532e-09
0 2.19532e-09
0 2.19532e-09
0 2.19532e-09
0 2.19532e-09
0 2.19532e-09
0 2.19532e-09
0 2.19532e-09
0 2.19532e-09
0 2.19532e-09
0 2.19532e-09
0 2.19532e-09
0 2.19532e-09
0 2.19532e-09
0 2.19532e-09
0 2.19532e-09
0 2.19532e-09
0 2.19532e-09
0 2.19532e-09
0 2.19532e-09
0 2.19532e-09
0 2.19532e-09
0 2.19532e-09
0 2.19532e-09
0 2.19532e-09
0 2.19532e-09
0 2.19532e-09
0 2.19532e-09
0 2.19532e-09
0 2.19532e-09
0 2.19532e-09
0 2.19532e-09
0 2.19532e-09
0 2.19532e-09
0 2.19532e-09
0 2.19532e-09
0 2.19532e-09
0 2.19532e-09
0 2.19532e-09
0 2.19532e-09
0 2.19532e-09
0 2.19532e-09
0 2.19532e-09
0 2.19532e-09
0 2.19532e-09
0 2.19532e-09
0 2.19532e-09
0 2.19532e-09
0 2.19532e-09
0 2.19532e-09
0 2.19532e-09
0 2.19532e-09
0 2.19532e-09
0 2.19532e-09
0 2.19532e-09
0 2.19532e-09
0 2.19532e-09
0 2.19532e-09
0 2.19532e-09
0 2.19532e-09
0 2.19532e-09
0 2.19532e-09
0 2.19532e-09
0 2.19532e-09
0 2.19532e-09
0 2.19532e-09
0 2.19532e-09
0 2.19532e-09
0 2.19532e-09
0 2.19532e-09
0 2.19532e-09
0 2.19532e-09
0 2.19532e-09
0 2.19532e-09
0 2.19532e-09
0 2.19532e-09
0 2.19532e-09
0 2.19532e-09
0 2.19532e-09
0 2.19532e-09
0 2.19532e-09
0 2.19532e-09
0 2.19532e-09
0 2.19532e-09
0 2.19532e-09
0 2.19532e-09
0 2.19532e-09
0 2.19532e-09
0 2.19532e-09
0 2.19532e-09
0 2.19532e-09
0 2.19532e-09
0 2.19532e-09
0 2.19532e-09
0 2.19532e-09
0 2.19532e-09
0 2.19532e-09
0 2.19532e-09
0 2.19532e-09
0 2.19532e-09
0 2.19532e-09
0 2.19532e-09
0 2.19532e-09
0 2.19532e-09
0 2.19532e-09
0 2.19532e-09
0 2.19532e-09
0 2.19532e-09
0 2.19532e-09
0 2.19532e-09
0 2.19532e-09
0 2.19532e-09
0 2.19532e-09
0 2.19532e-09
0 2.19532e-09
0 2.19532e-09
0 2.19532e-09
0 2.19532e-09
0 2.19532e-09
0 2.19532e-09
0 2.19532e-09
0 2.19532e-09
0 2.19532e-09
0 2.19532e-09
0 2.19532e-09
0 2.19532e-09
0 2.19532e-09
0 2.19532e-09
0 2.19532e-09
0 2.19532e-09
0 2.19532e-09
0 2.19532e-09
0 2.19532e-09
0 2.19532e-09
0 2.19532e-09
0 2.19532e-09
0 2.19532e-09
0 2.19532e-09
0 2.19532e-09
0 2.19532e-09
0 2.19532e-09
0 2.19532e-09
0 2.19532e-09
0 2.19532e-09
0 2.19532e-09
0 2.19532e-09
0 2.19532e-09
0 2.19532e-09
0 2.19532e-09
0 2.19532e-09
0 2.19532e-09
0 2.19532e-09
0 2.19532e-09
0 2.19532e-09
0 2.19532e-09
0 2.19532e-09
0 2.19532e-09
0 2.19532e-09
0 2.19532e-09
0 2.19532e-09
0 2.19532e-09
0 2.19532e-09
0 2.19532e-09
0 2.19532e-09
0 2.19532e-09
0 2.19532e-09
0 2.19532e-09
0 2.19532e-09
0 2.19532e-09
0 2.19532e-09
0 2.19532e-09
0 2.19532e-09
0 2.19532e-09
0 2.19532e-09
0 2.19532e-09
0 2.19532e-09
0 2.19532e-09
0 2.19532e-09
0 2.19532e-09
0 2.19532e-09
0 2.19532e-09
0 2.19532e-09
0 2.19532e-09
0 2.19532e-09
0 2.19532e-09
0 2.19532e-09
0 2.19532e-09
0 2.19532e-09
0 2.19532e-09
0 2.19532e-09
0 2.19532e-09
0 2.19532e-09
0 2.19532e-09
0 2.19532e-09
0 2.19532e-09
0 2.19532e-09
0 2.19532e-09
0 2.19532e-09
0 2.19532e-09
0 2.19532e-09
0 2.19532e-09
0 2.19532e-09
0 2.19532e-09
0 2.19532e-09
0 2.19532e-09
0 2.19532e-09
0 2.19532e-09
0 2.19532e-09
0 2.19532e-09
0 2.19532e-09
0 2.19532e-09
0 2.19532e-09
0 2.19532e-09
0 2.19532e-09
0 2.19532e-09
0 2.19532e-09
0 2.19532e-09
0 2.19532e-09
0 2.19532e-09
0 2.19532e-09
0 2.19532e-09
0 2.19532e-09
0 2.19532e-09
0 2.19532e-09
0 2.19532e-09
0 2.19532e-09
0 2.19532e-09
0 2.19532e-09
0 2.19532e-09
0 2.19532e-09
0 2.19532e-09
0 2.19532e-09
0 2.19532e-09
0 2.19532e-09
0 2.19532e-09
0 2.19532e-09
0 2.19532e-09
0 2.19532e-09
0 2.19532e-09
0 2.19532e-09
0 2.19532e-09
0 2.19532e-09
0 2.19532e-09
0 2.19532e-09
0 2.19532e-09
0 2.19532e-09
0 2.19532e-09
0 2.19532e-09
0 2.19532e-09
0 2.19532e-09
0 2.19532e-09
0 2.19532e-09
0 2.19532e-09
0 2.19532e-09
0 2.19532e-09
0 2.19532e-09
0 2.19532e-09
0 2.19532e-09
0 2.19532e-09
0 2.19532e-09
0 2.19532e-09
0 2.19532e-09
0 2.19532e-09
0 2.19532e-09
0 2.19532e-09
0 2.19532e-09
0 2.19532e-09
0 2.19532e-09
0 2.19532e-09
0 2.19532e-09
0 2.19532e-09
0 2.19532e-09
0 2.19532e-09
0 2.19532e-09
0 2.19532e-09
0 2.19532e-09
0 2.19532e-09
0 2.19532e-09
0 2.19532e-09
0 2.19532e-09
0 2.19532e-09
0 2.19532e-09
0 2.19532e-09
0 2.19532e-09
0 2.19532e-09
0 2.19532e-09
0 2.19532e-09
0 2.19532e-09
0 2.19532e-09
0 2.19532e-09
0 2.19532e-09
0 2.19532e-09
0 2.19532e-09
0 2.19532e-09
0 2.19532e-09
0 2.19532e-09
0 2.19532e-09
0 2.19532e-09
0 2.19532e-09
0 2.19532e-09
0 2.19532e-09
0 2.19532e-09
0 2.19532e-09
0 2.19532e-09
0 2.19532e-09
0 2.19532e-09
0 2.19532e-09
0 2.19532e-09
0 2.19532e-09
0 2.19532e-09
0 2.19532e-09
0 2.19532e-09
0 2.19532e-09
0 2.19532e-09
0 2.19532e-09
0 2.19532e-09
0 2.19532e-09
0 2.19532e-09
0 2.19532e-09
0 2.19532e-09
0 2.19532e-09
0 2.19532e-09
0 2.19532e-09
0 2.19532e-09
0 2.19532e-09
0 2.19532e-09
0 2.19532e-09
0 2.19532e-09
0 2.19532e-09
0 2.19532e-09
0 2.19532e-09
0 2.19532e-09
0 2.19532e-09
0 2.19532e-09
0 2.19532e-09
0 2.19532e-09
0 2.19532e-09
0 2.19532e-09
0 2.19532e-09
0 2.19532e-09
0 2.19532e-09
0 2.19532e-09
0 2.19532e-09
0 2.19532e-09
0 2.19532e-09
0 2.19532e-09
0 2.19532e-09
0 2.19532e-09
0 2.19532e-09
0 2.19532e-09
0 2.19532e-09
0 2.19532e-09
0 2.19532e-09
0 2.19532e-09
0 2.19532e-09
0 2.19532e-09
0 2.19532e-09
0 2.19532e-09
0 2.19532e-09
0 2.19532e-09
0 2.19532e-09
0 2.19532e-09
0 2.19532e-09
0 2.19532e-09
0 2.19532e-09
0 2.19532e-09
0 2.19532e-09
0 2.19532e-09
0 2.19532e-09
0 2.19532e-09
0 2.19532e-09
0 2.19532e-09
0 2.19532e-09
0 2.19532e-09
0 2.19532e-09
0 2.19532e-09
0 2.19532e-09
0 2.19532e-09
0 2.19532e-09
0 2.19532e-09
0 2.19532e-09
0 2.19532e-09
0 2.19532e-09
0 2.19532e-09
0 2.19532e-09
0 2.19532e-09
0 2.19532e-09
0 2.19532e-09
0 2.19532e-09
0 2.19532e-09
0 2.19532e-09
0 2.19532e-09
0 2.19532e-09
0 2.19532e-09
0 2.19532e-09
0 2.19532e-09
0 2.19532e-09
0 2.19532e-09
0 2.19532e-09
0 2.19532e-09
0 2.19532e-09
0 2.19532e-09
0 2.19532e-09
0 2.19532e-09
0 2.19532e-09
0 2.19532e-09
0 2.19532e-09
0 2.19532e-09
0 2.19532e-09
0 2.19532e-09
0 2.19532e-09
0 2.19532e-09
0 2.19532e-09
0 2.19532e-09
0 2.19532e-09
0 2.19532e-09
0 2.19532e-09
0 2.19532e-09
0 2.19532e-09
0 2.19532e-09
0 2.19532e-09
0 2.19532e-09
0 2.19532e-09
0 2.19532e-09
0 2.19532e-09
0 2.19532e-09
0 2.19532e-09
0 2.19532e-09
0 2.19532e-09
0 2.19532e-09
0 2.19532e-09
0 2.19532e-09
0 2.19532e-09
0 2.19532e-09
0 2.19532e-09
0 2.19532e-09
0 2.19532e-09
0 2.19532e-09
0 2.19532e-09
0 2.19532e-09
0 2.19532e-09
0 2.19532e-09
0 2.19532e-09
0 2.19532e-09
0 2.19532e-09
0 2.19532e-09
0 2.19532e-09
0 2.19532e-09
0 2.19532e-09
0 2.19532e-09
0 2.19532e-09
0 2.19532e-09
0 2.19532e-09
0 2.19532e-09
0 2.19532e-09
0 2.19532e-09
0 2.19532e-09
0 2.19532e-09
0 2.19532e-09
0 2.19532e-09
0 2.19532e-09
0 2.19532e-09
0 2.19532e-09
0 2.19532e-09
0 2.19532e-09
0 2.19532e-09
0 2.19532e-09
0 2.19532e-09
0 2.19532e-09
0 2.19532e-09
0 2.19532e-09
0 2.19532e-09
0 2.19532e-09
0 2.19532e-09
0 2.19532e-09
0 2.19532e-09
0 2.19532e-09
0 2.19532e-09
0 2.19532e-09
0 2.19532e-09
0 2.19532e-09
0 2.19532e-09
0 2.19532e-09
0 2.19532e-09
0 2.19532e-09
0 2.19532e-09
0 2.19532e-09
0 2.19532e-09
0 2.19532e-09
0 2.19532e-09
0 2.19532e-09
0 2.19532e-09
0 2.19532e-09
0 2.19532e-09
0 2.19532e-09
0 2.19532e-09
0 2.19532e-09
0 2.19532e-09
0 2.19532e-09
0 2.19532e-09
0 2.19532e-09
0 2.19532e-09
0 2.19532e-09
0 2.19532e-09
0 2.19532e-09
0 2.19532e-09
0 2.19532e-09
0 2.19532e-09
0 2.19532e-09
0 2.19532e-09
0 2.19532e-09
0 2.19532e-09
0 2.19532e-09
0 2.19532e-09
0 2.19532e-09
0 2.19532e-09
0 2.19532e-09
0 2.19532e-09
0 2.19532e-09
0 2.19532e-09
0 2.19532e-09
0 2.19532e-09
0 2.19532e-09
0 2.19532e-09
0 2.19532e-09
0 2.19532e-09
0 2.19532e-09
0 2.19532e-09
0 2.19532e-09
0 2.19532e-09
0 2.19532e-09
0 2.19532e-09
0 2.19532e-09
0 2.19532e-09
0 2.19532e-09
0 2.19532e-09
0 2.19532e-09
0 2.19532e-09
0 2.19532e-09
0 2.19532e-09
0 2.19532e-09
0 2.19532e-09
0 2.19532e-09

