0 0.385519
0 0.257062
0 0.221835
0 0.198025
0 0.179492
0 0.164325
0 0.151502
0 0.140369
0 0.130494
0 0.121579
0 0.11341
0 0.105829
0 0.0987171
0 0.0919855
0 0.0855687
0 0.0794217
0 0.0735202
0 0.0678647
0 0.0624849
0 0.057429
0 0.0527365
0 0.0484206
0 0.0444726
0 0.0408717
0 0.037592
0 0.0346064
0 0.0318882
0 0.0294123
0 0.0271555
0 0.0250965
0 0.0232162
0 0.0214971
0 0.0199237
0 0.018482
0 0.0171595
0 0.0159449
0 0.0148281
0 0.0138003
0 0.0128532
0 0.0119796
0 0.011173
0 0.0104275
0 0.00973783
0 0.00909924
0 0.00850741
0 0.00795845
0 0.00744883
0 0.00697535
0 0.00653513
0 0.00612552
0 0.00574412
0 0.00538875
0 0.0050574
0 0.00474827
0 0.00445969
0 0.00419012
0 0.00393817
0 0.00370256
0 0.00348212
0 0.00327575
0 0.00308246
0 0.00290134
0 0.00273153
0 0.00257227
0 0.00242282
0 0.00228252
0 0.00215075
0 0.00202695
0 0.00191058
0 0.00180115
0 0.00169821
0 0.00160133
0 0.00151013
0 0.00142424
0 0.00134332
0 0.00126704
0 0.00119513
0 0.0011273
0 0.00106329
0 0.00100288
0 0.000945828
0 0.000891935
0 0.000841004
0 0.000792853
0 0.000747312
0 0.000704221
0 0.000663431
0 0.000624801
0 0.000588201
0 0.000553507
0 0.000520603
0 0.000489381
0 0.000459739
0 0.000431581
0 0.000404817
0 0.000379362
0 0.000355136
0 0.000332064
0 0.000310074
0 0.0002891
0 0.00026908
0 0.000249952
0 0.000231661
0 0.000214154
0 0.000197379
0 0.00018129
0 0.000165841
0 0.000150989
0 0.000136694
0 0.000122916
0 0.000109619
0 9.67679e-05
0 8.43293e-05
0 7.22712e-05
0 6.05634e-05
0 4.91766e-05
0 3.80829e-05
0 2.72558e-05
0 1.66695e-05
0 6.2993e-06
0 3.85519e-09
0 3.85519e-09
0 3.85519e-09
0 3.85519e-09
0 3.85519e-09
0 3.85519e-09
0 3.85519e-09
0 3.85519e-09
0 3.85519e-09
0 3.85519e-09
0 3.85519e-09
0 3.85519e-09
0 3.85519e-09
0 3.85519e-09
0 3.85519e-09
0 3.85519e-09
0 3.85519e-09
0 3.85519e-09
0 3.85519e-09
0 3.85519e-09
0 3.85519e-09
0 3.85519e-09
0 3.85519e-09
0 3.85519e-09
0 3.85519e-09
0 3.85519e-09
0 3.85519e-09
0 3.85519e-09
0 3.85519e-09
0 3.85519e-09
0 3.85519e-09
0 3.85519e-09
0 3.85519e-09
0 3.85519e-09
0 3.85519e-09
0 3.85519e-09
0 3.85519e-09
0 3.85519e-09
0 3.85519e-09
0 3.85519e-09
0 3.85519e-09
0 3.85519e-09
0 3.85519e-09
0 3.85519e-09
0 3.85519e-09
0 3.85519e-09
0 3.85519e-09
0 3.85519e-09
0 3.85519e-09
0 3.85519e-09
0 3.85519e-09
0 3.85519e-09
0 3.85519e-09
0 3.85519e-09
0 3.85519e-09
0 3.85519e-09
0 3.85519e-09
0 3.85519e-09
0 3.85519e-09
0 3.85519e-09
0 3.85519e-09
0 3.85519e-09
0 3.85519e-09
0 3.85519e-09
0 3.85519e-09
0 3.85519e-09
0 3.85519e-09
0 3.85519e-09
0 3.85519e-09
0 3.85519e-09
0 3.85519e-09
0 3.85519e-09
0 3.85519e-09
0 3.85519e-09
0 3.85519e-09
0 3.85519e-09
0 3.85519e-09
0 3.85519e-09
0 3.85519e-09
0 3.85519e-09
0 3.85519e-09
0 3.85519e-09
0 3.85519e-09
0 3.85519e-09
0 3.85519e-09
0 3.85519e-09
0 3.85519e-09
0 3.85519e-09
0 3.85519e-09
0 3.85519e-09
0 3.85519e-09
0 3.85519e-09
0 3.85519e-09
0 3.85519e-09
0 3.85519e-09
0 3.85519e-09
0 3.85519e-09
0 3.85519e-09
0 3.85519e-09
0 3.85519e-09
0 3.85519e-09
0 3.85519e-09
0 3.85519e-09
0 3.85519e-09
0 3.85519e-09
0 3.85519e-09
0 3.85519e-09
0 3.85519e-09
0 3.85519e-09
0 3.85519e-09
0 3.85519e-09
0 3.85519e-09
0 3.85519e-09
0 3.85519e-09
0 3.85519e-09
0 3.85519e-09
0 3.85519e-09
0 3.85519e-09
0 3.85519e-09
0 3.85519e-09
0 3.85519e-09
0 3.85519e-09
0 3.85519e-09
0 3.85519e-09
0 3.85519e-09
0 3.85519e-09
0 3.85519e-09
0 3.85519e-09
0 3.85519e-09
0 3.85519e-09
0 3.85519e-09
0 3.85519e-09
0 3.85519e-09
0 3.85519e-09
0 3.85519e-09
0 3.85519e-09
0 3.85519e-09
0 3.85519e-09
0 3.85519e-09
0 3.85519e-09
0 3.85519e-09
0 3.85519e-09
0 3.85519e-09
0 3.85519e-09
0 3.85519e-09
0 3.85519e-09
0 3.85519e-09
0 3.85519e-09
0 3.85519e-09
0 3.85519e-09
0 3.85519e-09
0 3.85519e-09
0 3.85519e-09
0 3.85519e-09
0 3.85519e-09
0 3.85519e-09
0 3.85519e-09
0 3.85519e-09
0 3.85519e-09
0 3.85519e-09
0 3.85519e-09
0 3.85519e-09
0 3.85519e-09
0 3.85519e-09
0 3.85519e-09
0 3.85519e-09
0 3.85519e-09
0 3.85519e-09
0 3.85519e-09
0 3.85519e-09
0 3.85519e-09
0 3.85519e-09
0 3.85519e-09
0 3.85519e-09
0 3.85519e-09
0 3.85519e-09
0 3.85519e-09
0 3.85519e-09
0 3.85519e-09
0 3.85519e-09
0 3.85519e-09
0 3.85519e-09
0 3.85519e-09
0 3.85519e-09
0 3.85519e-09
0 3.85519e-09
0 3.85519e-09
0 3.85519e-09
0 3.85519e-09
0 3.85519e-09
0 3.85519e-09
0 3.85519e-09
0 3.85519e-09
0 3.85519e-09
0 3.85519e-09
0 3.85519e-09
0 3.85519e-09
0 3.85519e-09
0 3.85519e-09
0 3.85519e-09
0 3.85519e-09
0 3.85519e-09
0 3.85519e-09
0 3.85519e-09
0 3.85519e-09
0 3.85519e-09
0 3.85519e-09
0 3.85519e-09
0 3.85519e-09
0 3.85519e-09
0 3.85519e-09
0 3.85519e-09
0 3.85519e-09
0 3.85519e-09
0 3.85519e-09
0 3.85519e-09
0 3.85519e-09
0 3.85519e-09
0 3.85519e-09
0 3.85519e-09
0 3.85519e-09
0 3.85519e-09
0 3.85519e-09
0 3.85519e-09
0 3.85519e-09
0 3.85519e-09
0 3.85519e-09
0 3.85519e-09
0 3.85519e-09
0 3.85519e-09
0 3.85519e-09
0 3.85519e-09
0 3.85519e-09
0 3.85519e-09
0 3.85519e-09
0 3.85519e-09
0 3.85519e-09
0 3.85519e-09
0 3.85519e-09
0 3.85519e-09
0 3.85519e-09
0 3.85519e-09
0 3.85519e-09
0 3.85519e-09
0 3.85519e-09
0 3.85519e-09
0 3.85519e-09
0 3.85519e-09
0 3.85519e-09
0 3.85519e-09
0 3.85519e-09
0 3.85519e-09
0 3.85519e-09
0 3.85519e-09
0 3.85519e-09
0 3.85519e-09
0 3.85519e-09
0 3.85519e-09
0 3.85519e-09
0 3.85519e-09
0 3.85519e-09
0 3.85519e-09
0 3.85519e-09
0 3.85519e-09
0 3.85519e-09
0 3.85519e-09
0 3.85519e-09
0 3.85519e-09
0 3.85519e-09
0 3.85519e-09
0 3.85519e-09
0 3.85519e-09
0 3.85519e-09
0 3.85519e-09
0 3.85519e-09
0 3.85519e-09
0 3.85519e-09
0 3.85519e-09
0 3.85519e-09
0 3.85519e-09
0 3.85519e-09
0 3.85519e-09
0 3.85519e-09
0 3.85519e-09
0 3.85519e-09
0 3.85519e-09
0 3.85519e-09
0 3.85519e-09
0 3.85519e-09
0 3.85519e-09
0 3.85519e-09
0 3.85519e-09
0 3.85519e-09
0 3.85519e-09
0 3.85519e-09
0 3.85519e-09
0 3.85519e-09
0 3.85519e-09
0 3.85519e-09
0 3.85519e-09
0 3.85519e-09
0 3.85519e-09
0 3.85519e-09
0 3.85519e-09
0 3.85519e-09
0 3.85519e-09
0 3.85519e-09
0 3.85519e-09
0 3.85519e-09
0 3.85519e-09
0 3.85519e-09
0 3.85519e-09
0 3.85519e-09
0 3.85519e-09
0 3.85519e-09
0 3.85519e-09
0 3.85519e-09
0 3.85519e-09
0 3.85519e-09
0 3.85519e-09
0 3.85519e-09
0 3.85519e-09
0 3.85519e-09
0 3.85519e-09
0 3.85519e-09
0 3.85519e-09
0 3.85519e-09
0 3.85519e-09
0 3.85519e-09
0 3.85519e-09
0 3.85519e-09
0 3.85519e-09
0 3.85519e-09
0 3.85519e-09
0 3.85519e-09
0 3.85519e-09
0 3.85519e-09
0 3.85519e-09
0 3.85519e-09
0 3.85519e-09
0 3.85519e-09
0 3.85519e-09
0 3.85519e-09
0 3.85519e-09
0 3.85519e-09
0 3.85519e-09
0 3.85519e-09
0 3.85519e-09
0 3.85519e-09
0 3.85519e-09
0 3.85519e-09
0 3.85519e-09
0 3.85519e-09
0 3.85519e-09
0 3.85519e-09
0 3.85519e-09
0 3.85519e-09
0 3.85519e-09
0 3.85519e-09
0 3.85519e-09
0 3.85519e-09
0 3.85519e-09
0 3.85519e-09
0 3.85519e-09
0 3.85519e-09
0 3.85519e-09
0 3.85519e-09
0 3.85519e-09
0 3.85519e-09
0 3.85519e-09
0 3.85519e-09
0 3.85519e-09
0 3.85519e-09
0 3.85519e-09
0 3.85519e-09
0 3.85519e-09
0 3.85519e-09
0 3.85519e-09
0 3.85519e-09
0 3.85519e-09
0 3.85519e-09
0 3.85519e-09
0 3.85519e-09
0 3.85519e-09
0 3.85519e-09
0 3.85519e-09
0 3.85519e-09
0 3.85519e-09
0 3.85519e-09
0 3.85519e-09
0 3.85519e-09
0 3.85519e-09
0 3.85519e-09
0 3.85519e-09
0 3.85519e-09
0 3.85519e-09
0 3.85519e-09
0 3.85519e-09
0 3.85519e-09
0 3.85519e-09
0 3.85519e-09
0 3.85519e-09
0 3.85519e-09
0 3.85519e-09
0 3.85519e-09
0 3.85519e-09
0 3.85519e-09
0 3.85519e-09
0 3.85519e-09
0 3.85519e-09
0 3.85519e-09
0 3.85519e-09
0 3.85519e-09
0 3.85519e-09
0 3.85519e-09
0 3.85519e-09
0 3.85519e-09
0 3.85519e-09
0 3.85519e-09
0 3.85519e-09
0 3.85519e-09
0 3.85519e-09
0 3.85519e-09
0 3.85519e-09
0 3.85519e-09
0 3.85519e-09
0 3.85519e-09
0 3.85519e-09
0 3.85519e-09
0 3.85519e-09
0 3.85519e-09
0 3.85519e-09
0 3.85519e-09
0 3.85519e-09
0 3.85519e-09
0 3.85519e-09
0 3.85519e-09
0 3.85519e-09
0 3.85519e-09
0 3.85519e-09
0 3.85519e-09
0 3.85519e-09
0 3.85519e-09
0 3.85519e-09
0 3.85519e-09
0 3.85519e-09
0 3.85519e-09
0 3.85519e-09
0 3.85519e-09
0 3.85519e-09
0 3.85519e-09
0 3.85519e-09
0 3.85519e-09
0 3.85519e-09
0 3.85519e-09
0 3.85519e-09
0 3.85519e-09
0 3.85519e-09
0 3.85519e-09
0 3.85519e-09
0 3.85519e-09
0 3.85519e-09
0 3.85519e-09
0 3.85519e-09
0 3.85519e-09
0 3.85519e-09
0 3.85519e-09
0 3.85519e-09
0 3.85519e-09
0 3.85519e-09
0 3.85519e-09
0 3.85519e-09
0 3.85519e-09
0 3.85519e-09
0 3.85519e-09
0 3.85519e-09
0 3.85519e-09
0 3.85519e-09
0 3.85519e-09
0 3.85519e-09
0 3.85519e-09
0 3.85519e-09
0 3.85519e-09
0 3.85519e-09
0 3.85519e-09
0 3.85519e-09
0 3.85519e-09
0 3.85519e-09
0 3.85519e-09
0 3.85519e-09
0 3.85519e-09
0 3.85519e-09
0 3.85519e-09
0 3.85519e-09
0 3.85519e-09
0 3.85519e-09
0 3.85519e-09
0 3.85519e-09
0 3.85519e-09
0 3.85519e-09
0 3.85519e-09
0 3.85519e-09
0 3.85519e-09
0 3.85519e-09
0 3.85519e-09
0 3.85519e-09
0 3.85519e-09
0 3.85519e-09
0 3.85519e-09
0 3.85519e-09
0 3.85519e-09
0 3.85519e-09
0 3.85519e-09
0 3.85519e-09
0 3.85519e-09
0 3.85519e-09
0 3.85519e-09
0 3.85519e-09
0 3.85519e-09
0 3.85519e-09
0 3.85519e-09
0 3.85519e-09
0 3.85519e-09
0 3.85519e-09
0 3.85519e-09
0 3.85519e-09
0 3.85519e-09
0 3.85519e-09
0 3.85519e-09
0 3.85519e-09
0 3.85519e-09
0 3.85519e-09
0 3.85519e-09
0 3.85519e-09
0 3.85519e-09
0 3.85519e-09
0 3.85519e-09
0 3.85519e-09
0 3.85519e-09
0 3.85519e-09
0 3.85519e-09
0 3.85519e-09
0 3.85519e-09
0 3.85519e-09
0 3.85519e-09
0 3.85519e-09
0 3.85519e-09
0 3.85519e-09
0 3.85519e-09
0 3.85519e-09
0 3.85519e-09
0 3.85519e-09
0 3.85519e-09
0 3.85519e-09
0 3.85519e-09
0 3.85519e-09
0 3.85519e-09
0 3.85519e-09
0 3.85519e-09
0 3.85519e-09
0 3.85519e-09
0 3.85519e-09
0 3.85519e-09
0 3.85519e-09
0 3.85519e-09
0 3.85519e-09
0 3.85519e-09
0 3.85519e-09
0 3.85519e-09
0 3.85519e-09
0 3.85519e-09
0 3.85519e-09
0 3.85519e-09
0 3.85519e-09
0 3.85519e-09
0 3.85519e-09
0 3.85519e-09
0 3.85519e-09
0 3.85519e-09
0 3.85519e-09
0 3.85519e-09
0 3.85519e-09
0 3.85519e-09
0 3.85519e-09
0 3.85519e-09
0 3.85519e-09
0 3.85519e-09
0 3.85519e-09
0 3.85519e-09
0 3.85519e-09
0 3.85519e-09
0 3.85519e-09
0 3.85519e-09
0 3.85519e-09
0 3.85519e-09
0 3.85519e-09
0 3.85519e-09
0 3.85519e-09
0 3.85519e-09
0 3.85519e-09
0 3.85519e-09
0 3.85519e-09
0 3.85519e-09
0 3.85519e-09
0 3.85519e-09
0 3.85519e-09
0 3.85519e-09
0 3.85519e-09
0 3.85519e-09
0 3.85519e-09
0 3.85519e-09
0 3.85519e-09
0 3.85519e-09
0 3.85519e-09
0 3.85519e-09
0 3.85519e-09
0 3.85519e-09
0 3.85519e-09
0 3.85519e-09
0 3.85519e-09
0 3.85519e-09
0 3.85519e-09
0 3.85519e-09
0 3.85519e-09
0 3.85519e-09
0 3.85519e-09
0 3.85519e-09
0 3.85519e-09
0 3.85519e-09
0 3.85519e-09
0 3.85519e-09
0 3.85519e-09
0 3.85519e-09
0 3.85519e-09
0 3.85519e-09
0 3.85519e-09
0 3.85519e-09
0 3.85519e-09
0 3.85519e-09
0 3.85519e-09
0 3.85519e-09
0 3.85519e-09
0 3.85519e-09
0 3.85519e-09
0 3.85519e-09
0 3.85519e-09
0 3.85519e-09
0 3.85519e-09
0 3.85519e-09
0 3.85519e-09
0 3.85519e-09
0 3.85519e-09
0 3.85519e-09
0 3.85519e-09
0 3.85519e-09
0 3.85519e-09
0 3.85519e-09
0 3.85519e-09
0 3.85519e-09
0 3.85519e-09
0 3.85519e-09
0 3.85519e-09
0 3.85519e-09
0 3.85519e-09
0 3.85519e-09
0 3.85519e-09
0 3.85519e-09
0 3.85519e-09
0 3.85519e-09
0 3.85519e-09
0 3.85519e-09
0 3.85519e-09
0 3.85519e-09
0 3.85519e-09
0 3.85519e-09
0 3.85519e-09
0 3.85519e-09
0 3.85519e-09
0 3.85519e-09
0 3.85519e-09
0 3.85519e-09
0 3.85519e-09
0 3.85519e-09
0 3.85519e-09
0 3.85519e-09
0 3.85519e-09
0 3.85519e-09
0 3.85519e-09
0 3.85519e-09
0 3.85519e-09
0 3.85519e-09
0 3.85519e-09
0 3.85519e-09
0 3.85519e-09
0 3.85519e-09
0 3.85519e-09
0 3.85519e-09
0 3.85519e-09
0 3.85519e-09
0 3.85519e-09
0 3.85519e-09
0 3.85519e-09
0 3.85519e-09
0 3.85519e-09
0 3.85519e-09
0 3.85519e-09
0 3.85519e-09
0 3.85519e-09
0 3.85519e-09
0 3.85519e-09
0 3.85519e-09
0 3.85519e-09
0 3.85519e-09
0 3.85519e-09
0 3.85519e-09
0 3.85519e-09
0 3.85519e-09
0 3.85519e-09
0 3.85519e-09
0 3.85519e-09
0 3.85519e-09
0 3.85519e-09
0 3.85519e-09
0 3.85519e-09
0 3.85519e-09
0 3.85519e-09
0 3.85519e-09
0 3.85519e-09
0 3.85519e-09
0 3.85519e-09
0 3.85519e-09
0 3.85519e-09
0 3.85519e-09
0 3.85519e-09
0 3.85519e-09
0 3.85519e-09
0 3.85519e-09
0 3.85519e-09
0 3.85519e-09
0 3.85519e-09
0 3.85519e-09
0 3.85519e-09
0 3.85519e-09
0 3.85519e-09
0 3.85519e-09
0 3.85519e-09
0 3.85519e-09
0 3.85519e-09
0 3.85519e-09
0 3.85519e-09
0 3.85519e-09
0 3.85519e-09
0 3.85519e-09
0 3.85519e-09
0 3.85519e-09
0 3.85519e-09
0 3.85519e-09
0 3.85519e-09
0 3.85519e-09
0 3.85519e-09
0 3.85519e-09
0 3.85519e-09
0 3.85519e-09
0 3.85519e-09
0 3.85519e-09
0 3.85519e-09
0 3.85519e-09
0 3.85519e-09
0 3.85519e-09
0 3.85519e-09
0 3.85519e-09
0 3.85519e-09
0 3.85519e-09
0 3.85519e-09
0 3.85519e-09
0 3.85519e-09
0 3.85519e-09
0 3.85519e-09
0 3.85519e-09
0 3.85519e-09
0 3.85519e-09
0 3.85519e-09
0 3.85519e-09
0 3.85519e-09
0 3.85519e-09
0 3.85519e-09
0 3.85519e-09
0 3.85519e-09
0 3.85519e-09
0 3.85519e-09
0 3.85519e-09
0 3.85519e-09
0 3.85519e-09
0 3.85519e-09
0 3.85519e-09
0 3.85519e-09
0 3.85519e-09
0 3.85519e-09
0 3.85519e-09
0 3.85519e-09
0 3.85519e-09
0 3.85519e-09
0 3.85519e-09
0 3.85519e-09
0 3.85519e-09
0 3.85519e-09
0 3.85519e-09
0 3.85519e-09
0 3.85519e-09
0 3.85519e-09
0 3.85519e-09
0 3.85519e-09
0 3.85519e-09
0 3.85519e-09
0 3.85519e-09
0 3.85519e-09
0 3.85519e-09
0 3.85519e-09
0 3.85519e-09
0 3.85519e-09
0 3.85519e-09
0 3.85519e-09
0 3.85519e-09
0 3.85519e-09
0 3.85519e-09
0 3.85519e-09
0 3.85519e-09
0 3.85519e-09
0 3.85519e-09
0 3.85519e-09
0 3.85519e-09
0 3.85519e-09
0 3.85519e-09
0 3.85519e-09
0 3.85519e-09
0 3.85519e-09
0 3.85519e-09
0 3.85519e-09
0 3.85519e-09
0 3.85519e-09
0 3.85519e-09
0 3.85519e-09
0 3.85519e-09
0 3.85519e-09
0 3.85519e-09
0 3.85519e-09
0 3.85519e-09
0 3.85519e-09
0 3.85519e-09
0 3.85519e-09
0 3.85519e-09
0 3.85519e-09
0 3.85519e-09
0 3.85519e-09
0 3.85519e-09
0 3.85519e-09
0 3.85519e-09
0 3.85519e-09
0 3.85519e-09
0 3.85519e-09
0 3.85519e-09
0 3.85519e-09
0 3.85519e-09
0 3.85519e-09
0 3.85519e-09
0 3.85519e-09
0 3.85519e-09
0 3.85519e-09
0 3.85519e-09
0 3.85519e-09
0 3.85519e-09
0 3.85519e-09
0 3.85519e-09
0 3.85519e-09
0 3.85519e-09
0 3.85519e-09
0 3.85519e-09
0 3.85519e-09
0 3.85519e-09
0 3.85519e-09

