0 0.406937
0 0.258408
0 0.224112
0 0.199398
0 0.17996
0 0.16412
0 0.150834
0 0.139389
0 0.129307
0 0.120255
0 0.111997
0 0.104359
0 0.0972136
0 0.0904657
0 0.0840461
0 0.0779086
0 0.0720302
0 0.0664156
0 0.0610989
0 0.0561265
0 0.0515299
0 0.0473135
0 0.0434632
0 0.0399552
0 0.0367623
0 0.0338566
0 0.0312116
0 0.0288023
0 0.0266059
0 0.0246015
0 0.0227705
0 0.0210959
0 0.0195625
0 0.0181569
0 0.0168668
0 0.0156815
0 0.014591
0 0.0135869
0 0.0126611
0 0.0118067
0 0.0110174
0 0.0102875
0 0.00961189
0 0.00898596
0 0.00840555
0 0.00786687
0 0.00736652
0 0.00690141
0 0.00646871
0 0.00606588
0 0.00569059
0 0.00534072
0 0.00501432
0 0.00470964
0 0.00442504
0 0.00415906
0 0.00391032
0 0.00367758
0 0.00345969
0 0.00325561
0 0.00306435
0 0.00288502
0 0.00271681
0 0.00255893
0 0.0024107
0 0.00227146
0 0.00214061
0 0.00201759
0 0.00190188
0 0.001793
0 0.00169051
0 0.00159399
0 0.00150305
0 0.00141735
0 0.00133654
0 0.00126032
0 0.0011884
0 0.0011205
0 0.00105637
0 0.000995789
0 0.000938525
0 0.000884376
0 0.00083315
0 0.000784666
0 0.000738757
0 0.000695266
0 0.000654043
0 0.000614952
0 0.000577861
0 0.000542649
0 0.000509201
0 0.000477409
0 0.000447171
0 0.000418393
0 0.000390985
0 0.000364862
0 0.000339944
0 0.000316156
0 0.000293427
0 0.00027169
0 0.000250882
0 0.000230942
0 0.000211814
0 0.000193444
0 0.000175782
0 0.000158778
0 0.000142387
0 0.000126566
0 0.000111272
0 9.64664e-05
0 8.21111e-05
0 6.81702e-05
0 5.46092e-05
0 4.13951e-05
0 2.84964e-05
0 1.58826e-05
0 3.5247e-06
0 4.06937e-09
0 4.06937e-09
0 4.06937e-09
0 4.06937e-09
0 4.06937e-09
0 4.06937e-09
0 4.06937e-09
0 4.06937e-09
0 4.06937e-09
0 4.06937e-09
0 4.06937e-09
0 4.06937e-09
0 4.06937e-09
0 4.06937e-09
0 4.06937e-09
0 4.06937e-09
0 4.06937e-09
0 4.06937e-09
0 4.06937e-09
0 4.06937e-09
0 4.06937e-09
0 4.06937e-09
0 4.06937e-09
0 4.06937e-09
0 4.06937e-09
0 4.06937e-09
0 4.06937e-09
0 4.06937e-09
0 4.06937e-09
0 4.06937e-09
0 4.06937e-09
0 4.06937e-09
0 4.06937e-09
0 4.06937e-09
0 4.06937e-09
0 4.06937e-09
0 4.06937e-09
0 4.06937e-09
0 4.06937e-09
0 4.06937e-09
0 4.06937e-09
0 4.06937e-09
0 4.06937e-09
0 4.06937e-09
0 4.06937e-09
0 4.06937e-09
0 4.06937e-09
0 4.06937e-09
0 4.06937e-09
0 4.06937e-09
0 4.06937e-09
0 4.06937e-09
0 4.06937e-09
0 4.06937e-09
0 4.06937e-09
0 4.06937e-09
0 4.06937e-09
0 4.06937e-09
0 4.06937e-09
0 4.06937e-09
0 4.06937e-09
0 4.06937e-09
0 4.06937e-09
0 4.06937e-09
0 4.06937e-09
0 4.06937e-09
0 4.06937e-09
0 4.06937e-09
0 4.06937e-09
0 4.06937e-09
0 4.06937e-09
0 4.06937e-09
0 4.06937e-09
0 4.06937e-09
0 4.06937e-09
0 4.06937e-09
0 4.06937e-09
0 4.06937e-09
0 4.06937e-09
0 4.06937e-09
0 4.06937e-09
0 4.06937e-09
0 4.06937e-09
0 4.06937e-09
0 4.06937e-09
0 4.06937e-09
0 4.06937e-09
0 4.06937e-09
0 4.06937e-09
0 4.06937e-09
0 4.06937e-09
0 4.06937e-09
0 4.06937e-09
0 4.06937e-09
0 4.06937e-09
0 4.06937e-09
0 4.06937e-09
0 4.06937e-09
0 4.06937e-09
0 4.06937e-09
0 4.06937e-09
0 4.06937e-09
0 4.06937e-09
0 4.06937e-09
0 4.06937e-09
0 4.06937e-09
0 4.06937e-09
0 4.06937e-09
0 4.06937e-09
0 4.06937e-09
0 4.06937e-09
0 4.06937e-09
0 4.06937e-09
0 4.06937e-09
0 4.06937e-09
0 4.06937e-09
0 4.06937e-09
0 4.06937e-09
0 4.06937e-09
0 4.06937e-09
0 4.06937e-09
0 4.06937e-09
0 4.06937e-09
0 4.06937e-09
0 4.06937e-09
0 4.06937e-09
0 4.06937e-09
0 4.06937e-09
0 4.06937e-09
0 4.06937e-09
0 4.06937e-09
0 4.06937e-09
0 4.06937e-09
0 4.06937e-09
0 4.06937e-09
0 4.06937e-09
0 4.06937e-09
0 4.06937e-09
0 4.06937e-09
0 4.06937e-09
0 4.06937e-09
0 4.06937e-09
0 4.06937e-09
0 4.06937e-09
0 4.06937e-09
0 4.06937e-09
0 4.06937e-09
0 4.06937e-09
0 4.06937e-09
0 4.06937e-09
0 4.06937e-09
0 4.06937e-09
0 4.06937e-09
0 4.06937e-09
0 4.06937e-09
0 4.06937e-09
0 4.06937e-09
0 4.06937e-09
0 4.06937e-09
0 4.06937e-09
0 4.06937e-09
0 4.06937e-09
0 4.06937e-09
0 4.06937e-09
0 4.06937e-09
0 4.06937e-09
0 4.06937e-09
0 4.06937e-09
0 4.06937e-09
0 4.06937e-09
0 4.06937e-09
0 4.06937e-09
0 4.06937e-09
0 4.06937e-09
0 4.06937e-09
0 4.06937e-09
0 4.06937e-09
0 4.06937e-09
0 4.06937e-09
0 4.06937e-09
0 4.06937e-09
0 4.06937e-09
0 4.06937e-09
0 4.06937e-09
0 4.06937e-09
0 4.06937e-09
0 4.06937e-09
0 4.06937e-09
0 4.06937e-09
0 4.06937e-09
0 4.06937e-09
0 4.06937e-09
0 4.06937e-09
0 4.06937e-09
0 4.06937e-09
0 4.06937e-09
0 4.06937e-09
0 4.06937e-09
0 4.06937e-09
0 4.06937e-09
0 4.06937e-09
0 4.06937e-09
0 4.06937e-09
0 4.06937e-09
0 4.06937e-09
0 4.06937e-09
0 4.06937e-09
0 4.06937e-09
0 4.06937e-09
0 4.06937e-09
0 4.06937e-09
0 4.06937e-09
0 4.06937e-09
0 4.06937e-09
0 4.06937e-09
0 4.06937e-09
0 4.06937e-09
0 4.06937e-09
0 4.06937e-09
0 4.06937e-09
0 4.06937e-09
0 4.06937e-09
0 4.06937e-09
0 4.06937e-09
0 4.06937e-09
0 4.06937e-09
0 4.06937e-09
0 4.06937e-09
0 4.06937e-09
0 4.06937e-09
0 4.06937e-09
0 4.06937e-09
0 4.06937e-09
0 4.06937e-09
0 4.06937e-09
0 4.06937e-09
0 4.06937e-09
0 4.06937e-09
0 4.06937e-09
0 4.06937e-09
0 4.06937e-09
0 4.06937e-09
0 4.06937e-09
0 4.06937e-09
0 4.06937e-09
0 4.06937e-09
0 4.06937e-09
0 4.06937e-09
0 4.06937e-09
0 4.06937e-09
0 4.06937e-09
0 4.06937e-09
0 4.06937e-09
0 4.06937e-09
0 4.06937e-09
0 4.06937e-09
0 4.06937e-09
0 4.06937e-09
0 4.06937e-09
0 4.06937e-09
0 4.06937e-09
0 4.06937e-09
0 4.06937e-09
0 4.06937e-09
0 4.06937e-09
0 4.06937e-09
0 4.06937e-09
0 4.06937e-09
0 4.06937e-09
0 4.06937e-09
0 4.06937e-09
0 4.06937e-09
0 4.06937e-09
0 4.06937e-09
0 4.06937e-09
0 4.06937e-09
0 4.06937e-09
0 4.06937e-09
0 4.06937e-09
0 4.06937e-09
0 4.06937e-09
0 4.06937e-09
0 4.06937e-09
0 4.06937e-09
0 4.06937e-09
0 4.06937e-09
0 4.06937e-09
0 4.06937e-09
0 4.06937e-09
0 4.06937e-09
0 4.06937e-09
0 4.06937e-09
0 4.06937e-09
0 4.06937e-09
0 4.06937e-09
0 4.06937e-09
0 4.06937e-09
0 4.06937e-09
0 4.06937e-09
0 4.06937e-09
0 4.06937e-09
0 4.06937e-09
0 4.06937e-09
0 4.06937e-09
0 4.06937e-09
0 4.06937e-09
0 4.06937e-09
0 4.06937e-09
0 4.06937e-09
0 4.06937e-09
0 4.06937e-09
0 4.06937e-09
0 4.06937e-09
0 4.06937e-09
0 4.06937e-09
0 4.06937e-09
0 4.06937e-09
0 4.06937e-09
0 4.06937e-09
0 4.06937e-09
0 4.06937e-09
0 4.06937e-09
0 4.06937e-09
0 4.06937e-09
0 4.06937e-09
0 4.06937e-09
0 4.06937e-09
0 4.06937e-09
0 4.06937e-09
0 4.06937e-09
0 4.06937e-09
0 4.06937e-09
0 4.06937e-09
0 4.06937e-09
0 4.06937e-09
0 4.06937e-09
0 4.06937e-09
0 4.06937e-09
0 4.06937e-09
0 4.06937e-09
0 4.06937e-09
0 4.06937e-09
0 4.06937e-09
0 4.06937e-09
0 4.06937e-09
0 4.06937e-09
0 4.06937e-09
0 4.06937e-09
0 4.06937e-09
0 4.06937e-09
0 4.06937e-09
0 4.06937e-09
0 4.06937e-09
0 4.06937e-09
0 4.06937e-09
0 4.06937e-09
0 4.06937e-09
0 4.06937e-09
0 4.06937e-09
0 4.06937e-09
0 4.06937e-09
0 4.06937e-09
0 4.06937e-09
0 4.06937e-09
0 4.06937e-09
0 4.06937e-09
0 4.06937e-09
0 4.06937e-09
0 4.06937e-09
0 4.06937e-09
0 4.06937e-09
0 4.06937e-09
0 4.06937e-09
0 4.06937e-09
0 4.06937e-09
0 4.06937e-09
0 4.06937e-09
0 4.06937e-09
0 4.06937e-09
0 4.06937e-09
0 4.06937e-09
0 4.06937e-09
0 4.06937e-09
0 4.06937e-09
0 4.06937e-09
0 4.06937e-09
0 4.06937e-09
0 4.06937e-09
0 4.06937e-09
0 4.06937e-09
0 4.06937e-09
0 4.06937e-09
0 4.06937e-09
0 4.06937e-09
0 4.06937e-09
0 4.06937e-09
0 4.06937e-09
0 4.06937e-09
0 4.06937e-09
0 4.06937e-09
0 4.06937e-09
0 4.06937e-09
0 4.06937e-09
0 4.06937e-09
0 4.06937e-09
0 4.06937e-09
0 4.06937e-09
0 4.06937e-09
0 4.06937e-09
0 4.06937e-09
0 4.06937e-09
0 4.06937e-09
0 4.06937e-09
0 4.06937e-09
0 4.06937e-09
0 4.06937e-09
0 4.06937e-09
0 4.06937e-09
0 4.06937e-09
0 4.06937e-09
0 4.06937e-09
0 4.06937e-09
0 4.06937e-09
0 4.06937e-09
0 4.06937e-09
0 4.06937e-09
0 4.06937e-09
0 4.06937e-09
0 4.06937e-09
0 4.06937e-09
0 4.06937e-09
0 4.06937e-09
0 4.06937e-09
0 4.06937e-09
0 4.06937e-09
0 4.06937e-09
0 4.06937e-09
0 4.06937e-09
0 4.06937e-09
0 4.06937e-09
0 4.06937e-09
0 4.06937e-09
0 4.06937e-09
0 4.06937e-09
0 4.06937e-09
0 4.06937e-09
0 4.06937e-09
0 4.06937e-09
0 4.06937e-09
0 4.06937e-09
0 4.06937e-09
0 4.06937e-09
0 4.06937e-09
0 4.06937e-09
0 4.06937e-09
0 4.06937e-09
0 4.06937e-09
0 4.06937e-09
0 4.06937e-09
0 4.06937e-09
0 4.06937e-09
0 4.06937e-09
0 4.06937e-09
0 4.06937e-09
0 4.06937e-09
0 4.06937e-09
0 4.06937e-09
0 4.06937e-09
0 4.06937e-09
0 4.06937e-09
0 4.06937e-09
0 4.06937e-09
0 4.06937e-09
0 4.06937e-09
0 4.06937e-09
0 4.06937e-09
0 4.06937e-09
0 4.06937e-09
0 4.06937e-09
0 4.06937e-09
0 4.06937e-09
0 4.06937e-09
0 4.06937e-09
0 4.06937e-09
0 4.06937e-09
0 4.06937e-09
0 4.06937e-09
0 4.06937e-09
0 4.06937e-09
0 4.06937e-09
0 4.06937e-09
0 4.06937e-09
0 4.06937e-09
0 4.06937e-09
0 4.06937e-09
0 4.06937e-09
0 4.06937e-09
0 4.06937e-09
0 4.06937e-09
0 4.06937e-09
0 4.06937e-09
0 4.06937e-09
0 4.06937e-09
0 4.06937e-09
0 4.06937e-09
0 4.06937e-09
0 4.06937e-09
0 4.06937e-09
0 4.06937e-09
0 4.06937e-09
0 4.06937e-09
0 4.06937e-09
0 4.06937e-09
0 4.06937e-09
0 4.06937e-09
0 4.06937e-09
0 4.06937e-09
0 4.06937e-09
0 4.06937e-09
0 4.06937e-09
0 4.06937e-09
0 4.06937e-09
0 4.06937e-09
0 4.06937e-09
0 4.06937e-09
0 4.06937e-09
0 4.06937e-09
0 4.06937e-09
0 4.06937e-09
0 4.06937e-09
0 4.06937e-09
0 4.06937e-09
0 4.06937e-09
0 4.06937e-09
0 4.06937e-09
0 4.06937e-09
0 4.06937e-09
0 4.06937e-09
0 4.06937e-09
0 4.06937e-09
0 4.06937e-09
0 4.06937e-09
0 4.06937e-09
0 4.06937e-09
0 4.06937e-09
0 4.06937e-09
0 4.06937e-09
0 4.06937e-09
0 4.06937e-09
0 4.06937e-09
0 4.06937e-09
0 4.06937e-09
0 4.06937e-09
0 4.06937e-09
0 4.06937e-09
0 4.06937e-09
0 4.06937e-09
0 4.06937e-09
0 4.06937e-09
0 4.06937e-09
0 4.06937e-09
0 4.06937e-09
0 4.06937e-09
0 4.06937e-09
0 4.06937e-09
0 4.06937e-09
0 4.06937e-09
0 4.06937e-09
0 4.06937e-09
0 4.06937e-09
0 4.06937e-09
0 4.06937e-09
0 4.06937e-09
0 4.06937e-09
0 4.06937e-09
0 4.06937e-09
0 4.06937e-09
0 4.06937e-09
0 4.06937e-09
0 4.06937e-09
0 4.06937e-09
0 4.06937e-09
0 4.06937e-09
0 4.06937e-09
0 4.06937e-09
0 4.06937e-09
0 4.06937e-09
0 4.06937e-09
0 4.06937e-09
0 4.06937e-09
0 4.06937e-09
0 4.06937e-09
0 4.06937e-09
0 4.06937e-09
0 4.06937e-09
0 4.06937e-09
0 4.06937e-09
0 4.06937e-09
0 4.06937e-09
0 4.06937e-09
0 4.06937e-09
0 4.06937e-09
0 4.06937e-09
0 4.06937e-09
0 4.06937e-09
0 4.06937e-09
0 4.06937e-09
0 4.06937e-09
0 4.06937e-09
0 4.06937e-09
0 4.06937e-09
0 4.06937e-09
0 4.06937e-09
0 4.06937e-09
0 4.06937e-09
0 4.06937e-09
0 4.06937e-09
0 4.06937e-09
0 4.06937e-09
0 4.06937e-09
0 4.06937e-09
0 4.06937e-09
0 4.06937e-09
0 4.06937e-09
0 4.06937e-09
0 4.06937e-09
0 4.06937e-09
0 4.06937e-09
0 4.06937e-09
0 4.06937e-09
0 4.06937e-09
0 4.06937e-09
0 4.06937e-09
0 4.06937e-09
0 4.06937e-09
0 4.06937e-09
0 4.06937e-09
0 4.06937e-09
0 4.06937e-09
0 4.06937e-09
0 4.06937e-09
0 4.06937e-09
0 4.06937e-09
0 4.06937e-09
0 4.06937e-09
0 4.06937e-09
0 4.06937e-09
0 4.06937e-09
0 4.06937e-09
0 4.06937e-09
0 4.06937e-09
0 4.06937e-09
0 4.06937e-09
0 4.06937e-09
0 4.06937e-09
0 4.06937e-09
0 4.06937e-09
0 4.06937e-09
0 4.06937e-09
0 4.06937e-09
0 4.06937e-09
0 4.06937e-09
0 4.06937e-09
0 4.06937e-09
0 4.06937e-09
0 4.06937e-09
0 4.06937e-09
0 4.06937e-09
0 4.06937e-09
0 4.06937e-09
0 4.06937e-09
0 4.06937e-09
0 4.06937e-09
0 4.06937e-09
0 4.06937e-09
0 4.06937e-09
0 4.06937e-09
0 4.06937e-09
0 4.06937e-09
0 4.06937e-09
0 4.06937e-09
0 4.06937e-09
0 4.06937e-09
0 4.06937e-09
0 4.06937e-09
0 4.06937e-09
0 4.06937e-09
0 4.06937e-09
0 4.06937e-09
0 4.06937e-09
0 4.06937e-09
0 4.06937e-09
0 4.06937e-09
0 4.06937e-09
0 4.06937e-09
0 4.06937e-09
0 4.06937e-09
0 4.06937e-09
0 4.06937e-09
0 4.06937e-09
0 4.06937e-09
0 4.06937e-09
0 4.06937e-09
0 4.06937e-09
0 4.06937e-09
0 4.06937e-09
0 4.06937e-09
0 4.06937e-09
0 4.06937e-09
0 4.06937e-09
0 4.06937e-09
0 4.06937e-09
0 4.06937e-09
0 4.06937e-09
0 4.06937e-09
0 4.06937e-09
0 4.06937e-09
0 4.06937e-09
0 4.06937e-09
0 4.06937e-09
0 4.06937e-09
0 4.06937e-09
0 4.06937e-09
0 4.06937e-09
0 4.06937e-09
0 4.06937e-09
0 4.06937e-09
0 4.06937e-09
0 4.06937e-09
0 4.06937e-09
0 4.06937e-09
0 4.06937e-09
0 4.06937e-09
0 4.06937e-09
0 4.06937e-09
0 4.06937e-09
0 4.06937e-09
0 4.06937e-09
0 4.06937e-09
0 4.06937e-09
0 4.06937e-09
0 4.06937e-09
0 4.06937e-09
0 4.06937e-09
0 4.06937e-09
0 4.06937e-09
0 4.06937e-09
0 4.06937e-09
0 4.06937e-09
0 4.06937e-09
0 4.06937e-09
0 4.06937e-09
0 4.06937e-09
0 4.06937e-09
0 4.06937e-09
0 4.06937e-09
0 4.06937e-09
0 4.06937e-09
0 4.06937e-09
0 4.06937e-09
0 4.06937e-09
0 4.06937e-09
0 4.06937e-09
0 4.06937e-09
0 4.06937e-09
0 4.06937e-09
0 4.06937e-09
0 4.06937e-09
0 4.06937e-09
0 4.06937e-09
0 4.06937e-09
0 4.06937e-09
0 4.06937e-09
0 4.06937e-09
0 4.06937e-09
0 4.06937e-09
0 4.06937e-09
0 4.06937e-09
0 4.06937e-09
0 4.06937e-09
0 4.06937e-09
0 4.06937e-09
0 4.06937e-09
0 4.06937e-09
0 4.06937e-09
0 4.06937e-09
0 4.06937e-09
0 4.06937e-09
0 4.06937e-09
0 4.06937e-09
0 4.06937e-09
0 4.06937e-09
0 4.06937e-09
0 4.06937e-09
0 4.06937e-09
0 4.06937e-09
0 4.06937e-09
0 4.06937e-09
0 4.06937e-09
0 4.06937e-09
0 4.06937e-09
0 4.06937e-09
0 4.06937e-09
0 4.06937e-09
0 4.06937e-09
0 4.06937e-09
0 4.06937e-09
0 4.06937e-09
0 4.06937e-09
0 4.06937e-09
0 4.06937e-09
0 4.06937e-09
0 4.06937e-09
0 4.06937e-09
0 4.06937e-09
0 4.06937e-09
0 4.06937e-09
0 4.06937e-09
0 4.06937e-09
0 4.06937e-09
0 4.06937e-09
0 4.06937e-09
0 4.06937e-09
0 4.06937e-09
0 4.06937e-09
0 4.06937e-09
0 4.06937e-09
0 4.06937e-09
0 4.06937e-09
0 4.06937e-09
0 4.06937e-09
0 4.06937e-09
0 4.06937e-09
0 4.06937e-09
0 4.06937e-09
0 4.06937e-09
0 4.06937e-09
0 4.06937e-09
0 4.06937e-09
0 4.06937e-09
0 4.06937e-09
0 4.06937e-09
0 4.06937e-09
0 4.06937e-09
0 4.06937e-09
0 4.06937e-09
0 4.06937e-09
0 4.06937e-09
0 4.06937e-09
0 4.06937e-09
0 4.06937e-09
0 4.06937e-09
0 4.06937e-09
0 4.06937e-09
0 4.06937e-09
0 4.06937e-09
0 4.06937e-09
0 4.06937e-09
0 4.06937e-09
0 4.06937e-09
0 4.06937e-09
0 4.06937e-09
0 4.06937e-09
0 4.06937e-09
0 4.06937e-09
0 4.06937e-09
0 4.06937e-09
0 4.06937e-09
0 4.06937e-09
0 4.06937e-09
0 4.06937e-09
0 4.06937e-09
0 4.06937e-09
0 4.06937e-09
0 4.06937e-09
0 4.06937e-09
0 4.06937e-09
0 4.06937e-09
0 4.06937e-09
0 4.06937e-09
0 4.06937e-09
0 4.06937e-09
0 4.06937e-09

