0 0.37481
0 0.257193
0 0.220568
0 0.197029
0 0.178944
0 0.164166
0 0.151639
0 0.140723
0 0.131006
0 0.122205
0 0.114119
0 0.106597
0 0.099528
0 0.092826
0 0.0864283
0 0.0802912
0 0.0743899
0 0.0687234
0 0.0633182
0 0.0582227
0 0.0534805
0 0.0491105
0 0.0451078
0 0.0414537
0 0.0381236
0 0.0350909
0 0.0323291
0 0.0298131
0 0.0275196
0 0.0254272
0 0.0235165
0 0.0217697
0 0.0201713
0 0.0187068
0 0.0173637
0 0.0161304
0 0.0149967
0 0.0139534
0 0.0129924
0 0.0121061
0 0.0112881
0 0.0105321
0 0.00983302
0 0.00918582
0 0.00858616
0 0.00803008
0 0.00751397
0 0.0070346
0 0.006589
0 0.00617449
0 0.00578862
0 0.00542917
0 0.00509411
0 0.00478159
0 0.00448991
0 0.00421752
0 0.00396299
0 0.00372502
0 0.00350243
0 0.00329409
0 0.00309901
0 0.00291625
0 0.00274495
0 0.00258431
0 0.00243361
0 0.00229217
0 0.00215936
0 0.00203461
0 0.00191737
0 0.00180715
0 0.00170348
0 0.00160595
0 0.00151415
0 0.00142771
0 0.00134628
0 0.00126956
0 0.00119723
0 0.00112902
0 0.00106468
0 0.00100395
0 0.00094662
0 0.000892471
0 0.000841308
0 0.000792948
0 0.000747216
0 0.000703953
0 0.000663007
0 0.000624237
0 0.000587509
0 0.0005527
0 0.000519692
0 0.000488376
0 0.000458649
0 0.000430415
0 0.000403581
0 0.000378063
0 0.000353779
0 0.000330654
0 0.000308617
0 0.000287599
0 0.000267537
0 0.000248372
0 0.000230045
0 0.000212503
0 0.000195696
0 0.000179576
0 0.000164096
0 0.000149214
0 0.000134888
0 0.000121079
0 0.000107751
0 9.48678e-05
0 8.2396e-05
0 7.03034e-05
0 5.85593e-05
0 4.71345e-05
0 3.60008e-05
0 2.51313e-05
0 1.45e-05
0 4.08219e-06
0 3.7481e-09
0 3.7481e-09
0 3.7481e-09
0 3.7481e-09
0 3.7481e-09
0 3.7481e-09
0 3.7481e-09
0 3.7481e-09
0 3.7481e-09
0 3.7481e-09
0 3.7481e-09
0 3.7481e-09
0 3.7481e-09
0 3.7481e-09
0 3.7481e-09
0 3.7481e-09
0 3.7481e-09
0 3.7481e-09
0 3.7481e-09
0 3.7481e-09
0 3.7481e-09
0 3.7481e-09
0 3.7481e-09
0 3.7481e-09
0 3.7481e-09
0 3.7481e-09
0 3.7481e-09
0 3.7481e-09
0 3.7481e-09
0 3.7481e-09
0 3.7481e-09
0 3.7481e-09
0 3.7481e-09
0 3.7481e-09
0 3.7481e-09
0 3.7481e-09
0 3.7481e-09
0 3.7481e-09
0 3.7481e-09
0 3.7481e-09
0 3.7481e-09
0 3.7481e-09
0 3.7481e-09
0 3.7481e-09
0 3.7481e-09
0 3.7481e-09
0 3.7481e-09
0 3.7481e-09
0 3.7481e-09
0 3.7481e-09
0 3.7481e-09
0 3.7481e-09
0 3.7481e-09
0 3.7481e-09
0 3.7481e-09
0 3.7481e-09
0 3.7481e-09
0 3.7481e-09
0 3.7481e-09
0 3.7481e-09
0 3.7481e-09
0 3.7481e-09
0 3.7481e-09
0 3.7481e-09
0 3.7481e-09
0 3.7481e-09
0 3.7481e-09
0 3.7481e-09
0 3.7481e-09
0 3.7481e-09
0 3.7481e-09
0 3.7481e-09
0 3.7481e-09
0 3.7481e-09
0 3.7481e-09
0 3.7481e-09
0 3.7481e-09
0 3.7481e-09
0 3.7481e-09
0 3.7481e-09
0 3.7481e-09
0 3.7481e-09
0 3.7481e-09
0 3.7481e-09
0 3.7481e-09
0 3.7481e-09
0 3.7481e-09
0 3.7481e-09
0 3.7481e-09
0 3.7481e-09
0 3.7481e-09
0 3.7481e-09
0 3.7481e-09
0 3.7481e-09
0 3.7481e-09
0 3.7481e-09
0 3.7481e-09
0 3.7481e-09
0 3.7481e-09
0 3.7481e-09
0 3.7481e-09
0 3.7481e-09
0 3.7481e-09
0 3.7481e-09
0 3.7481e-09
0 3.7481e-09
0 3.7481e-09
0 3.7481e-09
0 3.7481e-09
0 3.7481e-09
0 3.7481e-09
0 3.7481e-09
0 3.7481e-09
0 3.7481e-09
0 3.7481e-09
0 3.7481e-09
0 3.7481e-09
0 3.7481e-09
0 3.7481e-09
0 3.7481e-09
0 3.7481e-09
0 3.7481e-09
0 3.7481e-09
0 3.7481e-09
0 3.7481e-09
0 3.7481e-09
0 3.7481e-09
0 3.7481e-09
0 3.7481e-09
0 3.7481e-09
0 3.7481e-09
0 3.7481e-09
0 3.7481e-09
0 3.7481e-09
0 3.7481e-09
0 3.7481e-09
0 3.7481e-09
0 3.7481e-09
0 3.7481e-09
0 3.7481e-09
0 3.7481e-09
0 3.7481e-09
0 3.7481e-09
0 3.7481e-09
0 3.7481e-09
0 3.7481e-09
0 3.7481e-09
0 3.7481e-09
0 3.7481e-09
0 3.7481e-09
0 3.7481e-09
0 3.7481e-09
0 3.7481e-09
0 3.7481e-09
0 3.7481e-09
0 3.7481e-09
0 3.7481e-09
0 3.7481e-09
0 3.7481e-09
0 3.7481e-09
0 3.7481e-09
0 3.7481e-09
0 3.7481e-09
0 3.7481e-09
0 3.7481e-09
0 3.7481e-09
0 3.7481e-09
0 3.7481e-09
0 3.7481e-09
0 3.7481e-09
0 3.7481e-09
0 3.7481e-09
0 3.7481e-09
0 3.7481e-09
0 3.7481e-09
0 3.7481e-09
0 3.7481e-09
0 3.7481e-09
0 3.7481e-09
0 3.7481e-09
0 3.7481e-09
0 3.7481e-09
0 3.7481e-09
0 3.7481e-09
0 3.7481e-09
0 3.7481e-09
0 3.7481e-09
0 3.7481e-09
0 3.7481e-09
0 3.7481e-09
0 3.7481e-09
0 3.7481e-09
0 3.7481e-09
0 3.7481e-09
0 3.7481e-09
0 3.7481e-09
0 3.7481e-09
0 3.7481e-09
0 3.7481e-09
0 3.7481e-09
0 3.7481e-09
0 3.7481e-09
0 3.7481e-09
0 3.7481e-09
0 3.7481e-09
0 3.7481e-09
0 3.7481e-09
0 3.7481e-09
0 3.7481e-09
0 3.7481e-09
0 3.7481e-09
0 3.7481e-09
0 3.7481e-09
0 3.7481e-09
0 3.7481e-09
0 3.7481e-09
0 3.7481e-09
0 3.7481e-09
0 3.7481e-09
0 3.7481e-09
0 3.7481e-09
0 3.7481e-09
0 3.7481e-09
0 3.7481e-09
0 3.7481e-09
0 3.7481e-09
0 3.7481e-09
0 3.7481e-09
0 3.7481e-09
0 3.7481e-09
0 3.7481e-09
0 3.7481e-09
0 3.7481e-09
0 3.7481e-09
0 3.7481e-09
0 3.7481e-09
0 3.7481e-09
0 3.7481e-09
0 3.7481e-09
0 3.7481e-09
0 3.7481e-09
0 3.7481e-09
0 3.7481e-09
0 3.7481e-09
0 3.7481e-09
0 3.7481e-09
0 3.7481e-09
0 3.7481e-09
0 3.7481e-09
0 3.7481e-09
0 3.7481e-09
0 3.7481e-09
0 3.7481e-09
0 3.7481e-09
0 3.7481e-09
0 3.7481e-09
0 3.7481e-09
0 3.7481e-09
0 3.7481e-09
0 3.7481e-09
0 3.7481e-09
0 3.7481e-09
0 3.7481e-09
0 3.7481e-09
0 3.7481e-09
0 3.7481e-09
0 3.7481e-09
0 3.7481e-09
0 3.7481e-09
0 3.7481e-09
0 3.7481e-09
0 3.7481e-09
0 3.7481e-09
0 3.7481e-09
0 3.7481e-09
0 3.7481e-09
0 3.7481e-09
0 3.7481e-09
0 3.7481e-09
0 3.7481e-09
0 3.7481e-09
0 3.7481e-09
0 3.7481e-09
0 3.7481e-09
0 3.7481e-09
0 3.7481e-09
0 3.7481e-09
0 3.7481e-09
0 3.7481e-09
0 3.7481e-09
0 3.7481e-09
0 3.7481e-09
0 3.7481e-09
0 3.7481e-09
0 3.7481e-09
0 3.7481e-09
0 3.7481e-09
0 3.7481e-09
0 3.7481e-09
0 3.7481e-09
0 3.7481e-09
0 3.7481e-09
0 3.7481e-09
0 3.7481e-09
0 3.7481e-09
0 3.7481e-09
0 3.7481e-09
0 3.7481e-09
0 3.7481e-09
0 3.7481e-09
0 3.7481e-09
0 3.7481e-09
0 3.7481e-09
0 3.7481e-09
0 3.7481e-09
0 3.7481e-09
0 3.7481e-09
0 3.7481e-09
0 3.7481e-09
0 3.7481e-09
0 3.7481e-09
0 3.7481e-09
0 3.7481e-09
0 3.7481e-09
0 3.7481e-09
0 3.7481e-09
0 3.7481e-09
0 3.7481e-09
0 3.7481e-09
0 3.7481e-09
0 3.7481e-09
0 3.7481e-09
0 3.7481e-09
0 3.7481e-09
0 3.7481e-09
0 3.7481e-09
0 3.7481e-09
0 3.7481e-09
0 3.7481e-09
0 3.7481e-09
0 3.7481e-09
0 3.7481e-09
0 3.7481e-09
0 3.7481e-09
0 3.7481e-09
0 3.7481e-09
0 3.7481e-09
0 3.7481e-09
0 3.7481e-09
0 3.7481e-09
0 3.7481e-09
0 3.7481e-09
0 3.7481e-09
0 3.7481e-09
0 3.7481e-09
0 3.7481e-09
0 3.7481e-09
0 3.7481e-09
0 3.7481e-09
0 3.7481e-09
0 3.7481e-09
0 3.7481e-09
0 3.7481e-09
0 3.7481e-09
0 3.7481e-09
0 3.7481e-09
0 3.7481e-09
0 3.7481e-09
0 3.7481e-09
0 3.7481e-09
0 3.7481e-09
0 3.7481e-09
0 3.7481e-09
0 3.7481e-09
0 3.7481e-09
0 3.7481e-09
0 3.7481e-09
0 3.7481e-09
0 3.7481e-09
0 3.7481e-09
0 3.7481e-09
0 3.7481e-09
0 3.7481e-09
0 3.7481e-09
0 3.7481e-09
0 3.7481e-09
0 3.7481e-09
0 3.7481e-09
0 3.7481e-09
0 3.7481e-09
0 3.7481e-09
0 3.7481e-09
0 3.7481e-09
0 3.7481e-09
0 3.7481e-09
0 3.7481e-09
0 3.7481e-09
0 3.7481e-09
0 3.7481e-09
0 3.7481e-09
0 3.7481e-09
0 3.7481e-09
0 3.7481e-09
0 3.7481e-09
0 3.7481e-09
0 3.7481e-09
0 3.7481e-09
0 3.7481e-09
0 3.7481e-09
0 3.7481e-09
0 3.7481e-09
0 3.7481e-09
0 3.7481e-09
0 3.7481e-09
0 3.7481e-09
0 3.7481e-09
0 3.7481e-09
0 3.7481e-09
0 3.7481e-09
0 3.7481e-09
0 3.7481e-09
0 3.7481e-09
0 3.7481e-09
0 3.7481e-09
0 3.7481e-09
0 3.7481e-09
0 3.7481e-09
0 3.7481e-09
0 3.7481e-09
0 3.7481e-09
0 3.7481e-09
0 3.7481e-09
0 3.7481e-09
0 3.7481e-09
0 3.7481e-09
0 3.7481e-09
0 3.7481e-09
0 3.7481e-09
0 3.7481e-09
0 3.7481e-09
0 3.7481e-09
0 3.7481e-09
0 3.7481e-09
0 3.7481e-09
0 3.7481e-09
0 3.7481e-09
0 3.7481e-09
0 3.7481e-09
0 3.7481e-09
0 3.7481e-09
0 3.7481e-09
0 3.7481e-09
0 3.7481e-09
0 3.7481e-09
0 3.7481e-09
0 3.7481e-09
0 3.7481e-09
0 3.7481e-09
0 3.7481e-09
0 3.7481e-09
0 3.7481e-09
0 3.7481e-09
0 3.7481e-09
0 3.7481e-09
0 3.7481e-09
0 3.7481e-09
0 3.7481e-09
0 3.7481e-09
0 3.7481e-09
0 3.7481e-09
0 3.7481e-09
0 3.7481e-09
0 3.7481e-09
0 3.7481e-09
0 3.7481e-09
0 3.7481e-09
0 3.7481e-09
0 3.7481e-09
0 3.7481e-09
0 3.7481e-09
0 3.7481e-09
0 3.7481e-09
0 3.7481e-09
0 3.7481e-09
0 3.7481e-09
0 3.7481e-09
0 3.7481e-09
0 3.7481e-09
0 3.7481e-09
0 3.7481e-09
0 3.7481e-09
0 3.7481e-09
0 3.7481e-09
0 3.7481e-09
0 3.7481e-09
0 3.7481e-09
0 3.7481e-09
0 3.7481e-09
0 3.7481e-09
0 3.7481e-09
0 3.7481e-09
0 3.7481e-09
0 3.7481e-09
0 3.7481e-09
0 3.7481e-09
0 3.7481e-09
0 3.7481e-09
0 3.7481e-09
0 3.7481e-09
0 3.7481e-09
0 3.7481e-09
0 3.7481e-09
0 3.7481e-09
0 3.7481e-09
0 3.7481e-09
0 3.7481e-09
0 3.7481e-09
0 3.7481e-09
0 3.7481e-09
0 3.7481e-09
0 3.7481e-09
0 3.7481e-09
0 3.7481e-09
0 3.7481e-09
0 3.7481e-09
0 3.7481e-09
0 3.7481e-09
0 3.7481e-09
0 3.7481e-09
0 3.7481e-09
0 3.7481e-09
0 3.7481e-09
0 3.7481e-09
0 3.7481e-09
0 3.7481e-09
0 3.7481e-09
0 3.7481e-09
0 3.7481e-09
0 3.7481e-09
0 3.7481e-09
0 3.7481e-09
0 3.7481e-09
0 3.7481e-09
0 3.7481e-09
0 3.7481e-09
0 3.7481e-09
0 3.7481e-09
0 3.7481e-09
0 3.7481e-09
0 3.7481e-09
0 3.7481e-09
0 3.7481e-09
0 3.7481e-09
0 3.7481e-09
0 3.7481e-09
0 3.7481e-09
0 3.7481e-09
0 3.7481e-09
0 3.7481e-09
0 3.7481e-09
0 3.7481e-09
0 3.7481e-09
0 3.7481e-09
0 3.7481e-09
0 3.7481e-09
0 3.7481e-09
0 3.7481e-09
0 3.7481e-09
0 3.7481e-09
0 3.7481e-09
0 3.7481e-09
0 3.7481e-09
0 3.7481e-09
0 3.7481e-09
0 3.7481e-09
0 3.7481e-09
0 3.7481e-09
0 3.7481e-09
0 3.7481e-09
0 3.7481e-09
0 3.7481e-09
0 3.7481e-09
0 3.7481e-09
0 3.7481e-09
0 3.7481e-09
0 3.7481e-09
0 3.7481e-09
0 3.7481e-09
0 3.7481e-09
0 3.7481e-09
0 3.7481e-09
0 3.7481e-09
0 3.7481e-09
0 3.7481e-09
0 3.7481e-09
0 3.7481e-09
0 3.7481e-09
0 3.7481e-09
0 3.7481e-09
0 3.7481e-09
0 3.7481e-09
0 3.7481e-09
0 3.7481e-09
0 3.7481e-09
0 3.7481e-09
0 3.7481e-09
0 3.7481e-09
0 3.7481e-09
0 3.7481e-09
0 3.7481e-09
0 3.7481e-09
0 3.7481e-09
0 3.7481e-09
0 3.7481e-09
0 3.7481e-09
0 3.7481e-09
0 3.7481e-09
0 3.7481e-09
0 3.7481e-09
0 3.7481e-09
0 3.7481e-09
0 3.7481e-09
0 3.7481e-09
0 3.7481e-09
0 3.7481e-09
0 3.7481e-09
0 3.7481e-09
0 3.7481e-09
0 3.7481e-09
0 3.7481e-09
0 3.7481e-09
0 3.7481e-09
0 3.7481e-09
0 3.7481e-09
0 3.7481e-09
0 3.7481e-09
0 3.7481e-09
0 3.7481e-09
0 3.7481e-09
0 3.7481e-09
0 3.7481e-09
0 3.7481e-09
0 3.7481e-09
0 3.7481e-09
0 3.7481e-09
0 3.7481e-09
0 3.7481e-09
0 3.7481e-09
0 3.7481e-09
0 3.7481e-09
0 3.7481e-09
0 3.7481e-09
0 3.7481e-09
0 3.7481e-09
0 3.7481e-09
0 3.7481e-09
0 3.7481e-09
0 3.7481e-09
0 3.7481e-09
0 3.7481e-09
0 3.7481e-09
0 3.7481e-09
0 3.7481e-09
0 3.7481e-09
0 3.7481e-09
0 3.7481e-09
0 3.7481e-09
0 3.7481e-09
0 3.7481e-09
0 3.7481e-09
0 3.7481e-09
0 3.7481e-09
0 3.7481e-09
0 3.7481e-09
0 3.7481e-09
0 3.7481e-09
0 3.7481e-09
0 3.7481e-09
0 3.7481e-09
0 3.7481e-09
0 3.7481e-09
0 3.7481e-09
0 3.7481e-09
0 3.7481e-09
0 3.7481e-09
0 3.7481e-09
0 3.7481e-09
0 3.7481e-09
0 3.7481e-09
0 3.7481e-09
0 3.7481e-09
0 3.7481e-09
0 3.7481e-09
0 3.7481e-09
0 3.7481e-09
0 3.7481e-09
0 3.7481e-09
0 3.7481e-09
0 3.7481e-09
0 3.7481e-09
0 3.7481e-09
0 3.7481e-09
0 3.7481e-09
0 3.7481e-09
0 3.7481e-09
0 3.7481e-09
0 3.7481e-09
0 3.7481e-09
0 3.7481e-09
0 3.7481e-09
0 3.7481e-09
0 3.7481e-09
0 3.7481e-09
0 3.7481e-09
0 3.7481e-09
0 3.7481e-09
0 3.7481e-09
0 3.7481e-09
0 3.7481e-09
0 3.7481e-09
0 3.7481e-09
0 3.7481e-09
0 3.7481e-09
0 3.7481e-09
0 3.7481e-09
0 3.7481e-09
0 3.7481e-09
0 3.7481e-09
0 3.7481e-09
0 3.7481e-09
0 3.7481e-09
0 3.7481e-09
0 3.7481e-09
0 3.7481e-09
0 3.7481e-09
0 3.7481e-09
0 3.7481e-09
0 3.7481e-09
0 3.7481e-09
0 3.7481e-09
0 3.7481e-09
0 3.7481e-09
0 3.7481e-09
0 3.7481e-09
0 3.7481e-09
0 3.7481e-09
0 3.7481e-09
0 3.7481e-09
0 3.7481e-09
0 3.7481e-09
0 3.7481e-09
0 3.7481e-09
0 3.7481e-09
0 3.7481e-09
0 3.7481e-09
0 3.7481e-09
0 3.7481e-09
0 3.7481e-09
0 3.7481e-09
0 3.7481e-09
0 3.7481e-09
0 3.7481e-09
0 3.7481e-09
0 3.7481e-09
0 3.7481e-09
0 3.7481e-09
0 3.7481e-09
0 3.7481e-09
0 3.7481e-09
0 3.7481e-09
0 3.7481e-09
0 3.7481e-09
0 3.7481e-09
0 3.7481e-09
0 3.7481e-09
0 3.7481e-09
0 3.7481e-09
0 3.7481e-09
0 3.7481e-09
0 3.7481e-09
0 3.7481e-09
0 3.7481e-09
0 3.7481e-09
0 3.7481e-09
0 3.7481e-09
0 3.7481e-09
0 3.7481e-09
0 3.7481e-09
0 3.7481e-09
0 3.7481e-09
0 3.7481e-09
0 3.7481e-09
0 3.7481e-09
0 3.7481e-09
0 3.7481e-09
0 3.7481e-09
0 3.7481e-09
0 3.7481e-09
0 3.7481e-09
0 3.7481e-09
0 3.7481e-09
0 3.7481e-09
0 3.7481e-09
0 3.7481e-09
0 3.7481e-09
0 3.7481e-09
0 3.7481e-09
0 3.7481e-09
0 3.7481e-09
0 3.7481e-09
0 3.7481e-09
0 3.7481e-09
0 3.7481e-09
0 3.7481e-09
0 3.7481e-09
0 3.7481e-09
0 3.7481e-09
0 3.7481e-09
0 3.7481e-09
0 3.7481e-09
0 3.7481e-09
0 3.7481e-09
0 3.7481e-09
0 3.7481e-09
0 3.7481e-09
0 3.7481e-09
0 3.7481e-09
0 3.7481e-09
0 3.7481e-09
0 3.7481e-09
0 3.7481e-09
0 3.7481e-09
0 3.7481e-09
0 3.7481e-09
0 3.7481e-09
0 3.7481e-09
0 3.7481e-09
0 3.7481e-09
0 3.7481e-09
0 3.7481e-09
0 3.7481e-09
0 3.7481e-09
0 3.7481e-09
0 3.7481e-09
0 3.7481e-09
0 3.7481e-09
0 3.7481e-09
0 3.7481e-09
0 3.7481e-09
0 3.7481e-09
0 3.7481e-09
0 3.7481e-09
0 3.7481e-09
0 3.7481e-09
0 3.7481e-09
0 3.7481e-09
0 3.7481e-09
0 3.7481e-09
0 3.7481e-09
0 3.7481e-09
0 3.7481e-09
0 3.7481e-09
0 3.7481e-09
0 3.7481e-09
0 3.7481e-09
0 3.7481e-09
0 3.7481e-09
0 3.7481e-09
0 3.7481e-09
0 3.7481e-09
0 3.7481e-09
0 3.7481e-09
0 3.7481e-09
0 3.7481e-09
0 3.7481e-09
0 3.7481e-09
0 3.7481e-09
0 3.7481e-09
0 3.7481e-09
0 3.7481e-09

