0 0.171342
0 0.17084
0 0.169497
0 0.167357
0 0.16448
0 0.160939
0 0.156819
0 0.15221
0 0.147203
0 0.141884
0 0.136331
0 0.130612
0 0.124785
0 0.118894
0 0.112974
0 0.107051
0 0.101141
0 0.0952579
0 0.0894093
0 0.0836041
0 0.0778548
0 0.0721833
0 0.066631
0 0.0612645
0 0.0561642
0 0.0513927
0 0.0469799
0 0.0429292
0 0.0392287
0 0.0358584
0 0.0327944
0 0.0300116
0 0.0274852
0 0.0251915
0 0.0231086
0 0.021216
0 0.0194952
0 0.0179293
0 0.0165032
0 0.0152032
0 0.014017
0 0.0129335
0 0.011943
0 0.0110365
0 0.0102062
0 0.00944486
0 0.00874618
0 0.0081044
0 0.00751437
0 0.00697146
0 0.00647149
0 0.0060107
0 0.0055857
0 0.00519342
0 0.00483107
0 0.00449614
0 0.00418635
0 0.00389963
0 0.00363409
0 0.00338803
0 0.00315988
0 0.00294822
0 0.00275175
0 0.0025693
0 0.00239977
0 0.00224217
0 0.0020956
0 0.00195922
0 0.00183227
0 0.00171405
0 0.00160391
0 0.00150126
0 0.00140555
0 0.00131628
0 0.00123299
0 0.00115525
0 0.00108266
0 0.00101487
0 0.000951529
0 0.000892333
0 0.000836994
0 0.000785244
0 0.000736838
0 0.000691546
0 0.000649157
0 0.000609475
0 0.000572316
0 0.000537512
0 0.000504905
0 0.00047435
0 0.000445711
0 0.00041886
0 0.000393681
0 0.000370065
0 0.00034791
0 0.00032712
0 0.000307608
0 0.000289291
0 0.000272092
0 0.00025594
0 0.000240768
0 0.000226514
0 0.000213119
0 0.000200529
0 0.000188693
0 0.000177564
0 0.000167097
0 0.000157252
0 0.000147988
0 0.00013927
0 0.000131065
0 0.000123339
0 0.000116063
0 0.00010921
0 0.000102753
0 9.66685e-05
0 9.09323e-05
0 8.55236e-05
0 8.04219e-05
0 7.56085e-05
0 7.10656e-05
0 6.67764e-05
0 6.27253e-05
0 5.88976e-05
0 5.52794e-05
0 5.18578e-05
0 4.86204e-05
0 4.55559e-05
0 4.26534e-05
0 3.99026e-05
0 3.7294e-05
0 3.48186e-05
0 3.24677e-05
0 3.02334e-05
0 2.8108e-05
0 2.60844e-05
0 2.41558e-05
0 2.23157e-05
0 2.05581e-05
0 1.88773e-05
0 1.72677e-05
0 1.57241e-05
0 1.42418e-05
0 1.28159e-05
0 1.1442e-05
0 1.01159e-05
0 8.83351e-06
0 7.59093e-06
0 6.38445e-06
0 5.21052e-06
0 4.06569e-06
0 2.94668e-06
0 1.85029e-06
0 7.7345e-07
0 1.71342e-09
0 1.71342e-09
0 1.71342e-09
0 1.71342e-09
0 1.71342e-09
0 1.71342e-09
0 1.71342e-09
0 1.71342e-09
0 1.71342e-09
0 1.71342e-09
0 1.71342e-09
0 1.71342e-09
0 1.71342e-09
0 1.71342e-09
0 1.71342e-09
0 1.71342e-09
0 1.71342e-09
0 1.71342e-09
0 1.71342e-09
0 1.71342e-09
0 1.71342e-09
0 1.71342e-09
0 1.71342e-09
0 1.71342e-09
0 1.71342e-09
0 1.71342e-09
0 1.71342e-09
0 1.71342e-09
0 1.71342e-09
0 1.71342e-09
0 1.71342e-09
0 1.71342e-09
0 1.71342e-09
0 1.71342e-09
0 1.71342e-09
0 1.71342e-09
0 1.71342e-09
0 1.71342e-09
0 1.71342e-09
0 1.71342e-09
0 1.71342e-09
0 1.71342e-09
0 1.71342e-09
0 1.71342e-09
0 1.71342e-09
0 1.71342e-09
0 1.71342e-09
0 1.71342e-09
0 1.71342e-09
0 1.71342e-09
0 1.71342e-09
0 1.71342e-09
0 1.71342e-09
0 1.71342e-09
0 1.71342e-09
0 1.71342e-09
0 1.71342e-09
0 1.71342e-09
0 1.71342e-09
0 1.71342e-09
0 1.71342e-09
0 1.71342e-09
0 1.71342e-09
0 1.71342e-09
0 1.71342e-09
0 1.71342e-09
0 1.71342e-09
0 1.71342e-09
0 1.71342e-09
0 1.71342e-09
0 1.71342e-09
0 1.71342e-09
0 1.71342e-09
0 1.71342e-09
0 1.71342e-09
0 1.71342e-09
0 1.71342e-09
0 1.71342e-09
0 1.71342e-09
0 1.71342e-09
0 1.71342e-09
0 1.71342e-09
0 1.71342e-09
0 1.71342e-09
0 1.71342e-09
0 1.71342e-09
0 1.71342e-09
0 1.71342e-09
0 1.71342e-09
0 1.71342e-09
0 1.71342e-09
0 1.71342e-09
0 1.71342e-09
0 1.71342e-09
0 1.71342e-09
0 1.71342e-09
0 1.71342e-09
0 1.71342e-09
0 1.71342e-09
0 1.71342e-09
0 1.71342e-09
0 1.71342e-09
0 1.71342e-09
0 1.71342e-09
0 1.71342e-09
0 1.71342e-09
0 1.71342e-09
0 1.71342e-09
0 1.71342e-09
0 1.71342e-09
0 1.71342e-09
0 1.71342e-09
0 1.71342e-09
0 1.71342e-09
0 1.71342e-09
0 1.71342e-09
0 1.71342e-09
0 1.71342e-09
0 1.71342e-09
0 1.71342e-09
0 1.71342e-09
0 1.71342e-09
0 1.71342e-09
0 1.71342e-09
0 1.71342e-09
0 1.71342e-09
0 1.71342e-09
0 1.71342e-09
0 1.71342e-09
0 1.71342e-09
0 1.71342e-09
0 1.71342e-09
0 1.71342e-09
0 1.71342e-09
0 1.71342e-09
0 1.71342e-09
0 1.71342e-09
0 1.71342e-09
0 1.71342e-09
0 1.71342e-09
0 1.71342e-09
0 1.71342e-09
0 1.71342e-09
0 1.71342e-09
0 1.71342e-09
0 1.71342e-09
0 1.71342e-09
0 1.71342e-09
0 1.71342e-09
0 1.71342e-09
0 1.71342e-09
0 1.71342e-09
0 1.71342e-09
0 1.71342e-09
0 1.71342e-09
0 1.71342e-09
0 1.71342e-09
0 1.71342e-09
0 1.71342e-09
0 1.71342e-09
0 1.71342e-09
0 1.71342e-09
0 1.71342e-09
0 1.71342e-09
0 1.71342e-09
0 1.71342e-09
0 1.71342e-09
0 1.71342e-09
0 1.71342e-09
0 1.71342e-09
0 1.71342e-09
0 1.71342e-09
0 1.71342e-09
0 1.71342e-09
0 1.71342e-09
0 1.71342e-09
0 1.71342e-09
0 1.71342e-09
0 1.71342e-09
0 1.71342e-09
0 1.71342e-09
0 1.71342e-09
0 1.71342e-09
0 1.71342e-09
0 1.71342e-09
0 1.71342e-09
0 1.71342e-09
0 1.71342e-09
0 1.71342e-09
0 1.71342e-09
0 1.71342e-09
0 1.71342e-09
0 1.71342e-09
0 1.71342e-09
0 1.71342e-09
0 1.71342e-09
0 1.71342e-09
0 1.71342e-09
0 1.71342e-09
0 1.71342e-09
0 1.71342e-09
0 1.71342e-09
0 1.71342e-09
0 1.71342e-09
0 1.71342e-09
0 1.71342e-09
0 1.71342e-09
0 1.71342e-09
0 1.71342e-09
0 1.71342e-09
0 1.71342e-09
0 1.71342e-09
0 1.71342e-09
0 1.71342e-09
0 1.71342e-09
0 1.71342e-09
0 1.71342e-09
0 1.71342e-09
0 1.71342e-09
0 1.71342e-09
0 1.71342e-09
0 1.71342e-09
0 1.71342e-09
0 1.71342e-09
0 1.71342e-09
0 1.71342e-09
0 1.71342e-09
0 1.71342e-09
0 1.71342e-09
0 1.71342e-09
0 1.71342e-09
0 1.71342e-09
0 1.71342e-09
0 1.71342e-09
0 1.71342e-09
0 1.71342e-09
0 1.71342e-09
0 1.71342e-09
0 1.71342e-09
0 1.71342e-09
0 1.71342e-09
0 1.71342e-09
0 1.71342e-09
0 1.71342e-09
0 1.71342e-09
0 1.71342e-09
0 1.71342e-09
0 1.71342e-09
0 1.71342e-09
0 1.71342e-09
0 1.71342e-09
0 1.71342e-09
0 1.71342e-09
0 1.71342e-09
0 1.71342e-09
0 1.71342e-09
0 1.71342e-09
0 1.71342e-09
0 1.71342e-09
0 1.71342e-09
0 1.71342e-09
0 1.71342e-09
0 1.71342e-09
0 1.71342e-09
0 1.71342e-09
0 1.71342e-09
0 1.71342e-09
0 1.71342e-09
0 1.71342e-09
0 1.71342e-09
0 1.71342e-09
0 1.71342e-09
0 1.71342e-09
0 1.71342e-09
0 1.71342e-09
0 1.71342e-09
0 1.71342e-09
0 1.71342e-09
0 1.71342e-09
0 1.71342e-09
0 1.71342e-09
0 1.71342e-09
0 1.71342e-09
0 1.71342e-09
0 1.71342e-09
0 1.71342e-09
0 1.71342e-09
0 1.71342e-09
0 1.71342e-09
0 1.71342e-09
0 1.71342e-09
0 1.71342e-09
0 1.71342e-09
0 1.71342e-09
0 1.71342e-09
0 1.71342e-09
0 1.71342e-09
0 1.71342e-09
0 1.71342e-09
0 1.71342e-09
0 1.71342e-09
0 1.71342e-09
0 1.71342e-09
0 1.71342e-09
0 1.71342e-09
0 1.71342e-09
0 1.71342e-09
0 1.71342e-09
0 1.71342e-09
0 1.71342e-09
0 1.71342e-09
0 1.71342e-09
0 1.71342e-09
0 1.71342e-09
0 1.71342e-09
0 1.71342e-09
0 1.71342e-09
0 1.71342e-09
0 1.71342e-09
0 1.71342e-09
0 1.71342e-09
0 1.71342e-09
0 1.71342e-09
0 1.71342e-09
0 1.71342e-09
0 1.71342e-09
0 1.71342e-09
0 1.71342e-09
0 1.71342e-09
0 1.71342e-09
0 1.71342e-09
0 1.71342e-09
0 1.71342e-09
0 1.71342e-09
0 1.71342e-09
0 1.71342e-09
0 1.71342e-09
0 1.71342e-09
0 1.71342e-09
0 1.71342e-09
0 1.71342e-09
0 1.71342e-09
0 1.71342e-09
0 1.71342e-09
0 1.71342e-09
0 1.71342e-09
0 1.71342e-09
0 1.71342e-09
0 1.71342e-09
0 1.71342e-09
0 1.71342e-09
0 1.71342e-09
0 1.71342e-09
0 1.71342e-09
0 1.71342e-09
0 1.71342e-09
0 1.71342e-09
0 1.71342e-09
0 1.71342e-09
0 1.71342e-09
0 1.71342e-09
0 1.71342e-09
0 1.71342e-09
0 1.71342e-09
0 1.71342e-09
0 1.71342e-09
0 1.71342e-09
0 1.71342e-09
0 1.71342e-09
0 1.71342e-09
0 1.71342e-09
0 1.71342e-09
0 1.71342e-09
0 1.71342e-09
0 1.71342e-09
0 1.71342e-09
0 1.71342e-09
0 1.71342e-09
0 1.71342e-09
0 1.71342e-09
0 1.71342e-09
0 1.71342e-09
0 1.71342e-09
0 1.71342e-09
0 1.71342e-09
0 1.71342e-09
0 1.71342e-09
0 1.71342e-09
0 1.71342e-09
0 1.71342e-09
0 1.71342e-09
0 1.71342e-09
0 1.71342e-09
0 1.71342e-09
0 1.71342e-09
0 1.71342e-09
0 1.71342e-09
0 1.71342e-09
0 1.71342e-09
0 1.71342e-09
0 1.71342e-09
0 1.71342e-09
0 1.71342e-09
0 1.71342e-09
0 1.71342e-09
0 1.71342e-09
0 1.71342e-09
0 1.71342e-09
0 1.71342e-09
0 1.71342e-09
0 1.71342e-09
0 1.71342e-09
0 1.71342e-09
0 1.71342e-09
0 1.71342e-09
0 1.71342e-09
0 1.71342e-09
0 1.71342e-09
0 1.71342e-09
0 1.71342e-09
0 1.71342e-09
0 1.71342e-09
0 1.71342e-09
0 1.71342e-09
0 1.71342e-09
0 1.71342e-09
0 1.71342e-09
0 1.71342e-09
0 1.71342e-09
0 1.71342e-09
0 1.71342e-09
0 1.71342e-09
0 1.71342e-09
0 1.71342e-09
0 1.71342e-09
0 1.71342e-09
0 1.71342e-09
0 1.71342e-09
0 1.71342e-09
0 1.71342e-09
0 1.71342e-09
0 1.71342e-09
0 1.71342e-09
0 1.71342e-09
0 1.71342e-09
0 1.71342e-09
0 1.71342e-09
0 1.71342e-09
0 1.71342e-09
0 1.71342e-09
0 1.71342e-09
0 1.71342e-09
0 1.71342e-09
0 1.71342e-09
0 1.71342e-09
0 1.71342e-09
0 1.71342e-09
0 1.71342e-09
0 1.71342e-09
0 1.71342e-09
0 1.71342e-09
0 1.71342e-09
0 1.71342e-09
0 1.71342e-09
0 1.71342e-09
0 1.71342e-09
0 1.71342e-09
0 1.71342e-09
0 1.71342e-09
0 1.71342e-09
0 1.71342e-09
0 1.71342e-09
0 1.71342e-09
0 1.71342e-09
0 1.71342e-09
0 1.71342e-09
0 1.71342e-09
0 1.71342e-09
0 1.71342e-09
0 1.71342e-09
0 1.71342e-09
0 1.71342e-09
0 1.71342e-09
0 1.71342e-09
0 1.71342e-09
0 1.71342e-09
0 1.71342e-09
0 1.71342e-09
0 1.71342e-09
0 1.71342e-09
0 1.71342e-09
0 1.71342e-09
0 1.71342e-09
0 1.71342e-09
0 1.71342e-09
0 1.71342e-09
0 1.71342e-09
0 1.71342e-09
0 1.71342e-09
0 1.71342e-09
0 1.71342e-09
0 1.71342e-09
0 1.71342e-09
0 1.71342e-09
0 1.71342e-09
0 1.71342e-09
0 1.71342e-09
0 1.71342e-09
0 1.71342e-09
0 1.71342e-09
0 1.71342e-09
0 1.71342e-09
0 1.71342e-09
0 1.71342e-09
0 1.71342e-09
0 1.71342e-09
0 1.71342e-09
0 1.71342e-09
0 1.71342e-09
0 1.71342e-09
0 1.71342e-09
0 1.71342e-09
0 1.71342e-09
0 1.71342e-09
0 1.71342e-09
0 1.71342e-09
0 1.71342e-09
0 1.71342e-09
0 1.71342e-09
0 1.71342e-09
0 1.71342e-09
0 1.71342e-09
0 1.71342e-09
0 1.71342e-09
0 1.71342e-09
0 1.71342e-09
0 1.71342e-09
0 1.71342e-09
0 1.71342e-09
0 1.71342e-09
0 1.71342e-09
0 1.71342e-09
0 1.71342e-09
0 1.71342e-09
0 1.71342e-09
0 1.71342e-09
0 1.71342e-09
0 1.71342e-09
0 1.71342e-09
0 1.71342e-09
0 1.71342e-09
0 1.71342e-09
0 1.71342e-09
0 1.71342e-09
0 1.71342e-09
0 1.71342e-09
0 1.71342e-09
0 1.71342e-09
0 1.71342e-09
0 1.71342e-09
0 1.71342e-09
0 1.71342e-09
0 1.71342e-09
0 1.71342e-09
0 1.71342e-09
0 1.71342e-09
0 1.71342e-09
0 1.71342e-09
0 1.71342e-09
0 1.71342e-09
0 1.71342e-09
0 1.71342e-09
0 1.71342e-09
0 1.71342e-09
0 1.71342e-09
0 1.71342e-09
0 1.71342e-09
0 1.71342e-09
0 1.71342e-09
0 1.71342e-09
0 1.71342e-09
0 1.71342e-09
0 1.71342e-09
0 1.71342e-09
0 1.71342e-09
0 1.71342e-09
0 1.71342e-09
0 1.71342e-09
0 1.71342e-09
0 1.71342e-09
0 1.71342e-09
0 1.71342e-09
0 1.71342e-09
0 1.71342e-09
0 1.71342e-09
0 1.71342e-09
0 1.71342e-09
0 1.71342e-09
0 1.71342e-09
0 1.71342e-09
0 1.71342e-09
0 1.71342e-09
0 1.71342e-09
0 1.71342e-09
0 1.71342e-09
0 1.71342e-09
0 1.71342e-09
0 1.71342e-09
0 1.71342e-09
0 1.71342e-09
0 1.71342e-09
0 1.71342e-09
0 1.71342e-09
0 1.71342e-09
0 1.71342e-09
0 1.71342e-09
0 1.71342e-09
0 1.71342e-09
0 1.71342e-09
0 1.71342e-09
0 1.71342e-09
0 1.71342e-09
0 1.71342e-09
0 1.71342e-09
0 1.71342e-09
0 1.71342e-09
0 1.71342e-09
0 1.71342e-09
0 1.71342e-09
0 1.71342e-09
0 1.71342e-09
0 1.71342e-09
0 1.71342e-09
0 1.71342e-09
0 1.71342e-09
0 1.71342e-09
0 1.71342e-09
0 1.71342e-09
0 1.71342e-09
0 1.71342e-09
0 1.71342e-09
0 1.71342e-09
0 1.71342e-09
0 1.71342e-09
0 1.71342e-09
0 1.71342e-09
0 1.71342e-09
0 1.71342e-09
0 1.71342e-09
0 1.71342e-09
0 1.71342e-09
0 1.71342e-09
0 1.71342e-09
0 1.71342e-09
0 1.71342e-09
0 1.71342e-09
0 1.71342e-09
0 1.71342e-09
0 1.71342e-09
0 1.71342e-09
0 1.71342e-09
0 1.71342e-09
0 1.71342e-09
0 1.71342e-09
0 1.71342e-09
0 1.71342e-09
0 1.71342e-09
0 1.71342e-09
0 1.71342e-09
0 1.71342e-09
0 1.71342e-09
0 1.71342e-09
0 1.71342e-09
0 1.71342e-09
0 1.71342e-09
0 1.71342e-09
0 1.71342e-09
0 1.71342e-09
0 1.71342e-09
0 1.71342e-09
0 1.71342e-09
0 1.71342e-09
0 1.71342e-09
0 1.71342e-09
0 1.71342e-09
0 1.71342e-09
0 1.71342e-09
0 1.71342e-09
0 1.71342e-09
0 1.71342e-09
0 1.71342e-09
0 1.71342e-09
0 1.71342e-09
0 1.71342e-09
0 1.71342e-09
0 1.71342e-09
0 1.71342e-09
0 1.71342e-09
0 1.71342e-09
0 1.71342e-09
0 1.71342e-09
0 1.71342e-09
0 1.71342e-09
0 1.71342e-09
0 1.71342e-09
0 1.71342e-09
0 1.71342e-09
0 1.71342e-09
0 1.71342e-09
0 1.71342e-09
0 1.71342e-09
0 1.71342e-09
0 1.71342e-09
0 1.71342e-09
0 1.71342e-09
0 1.71342e-09
0 1.71342e-09
0 1.71342e-09
0 1.71342e-09
0 1.71342e-09
0 1.71342e-09
0 1.71342e-09
0 1.71342e-09
0 1.71342e-09
0 1.71342e-09
0 1.71342e-09
0 1.71342e-09
0 1.71342e-09
0 1.71342e-09
0 1.71342e-09
0 1.71342e-09
0 1.71342e-09
0 1.71342e-09
0 1.71342e-09
0 1.71342e-09
0 1.71342e-09
0 1.71342e-09
0 1.71342e-09
0 1.71342e-09
0 1.71342e-09
0 1.71342e-09
0 1.71342e-09
0 1.71342e-09
0 1.71342e-09
0 1.71342e-09
0 1.71342e-09
0 1.71342e-09
0 1.71342e-09
0 1.71342e-09
0 1.71342e-09
0 1.71342e-09
0 1.71342e-09
0 1.71342e-09
0 1.71342e-09
0 1.71342e-09
0 1.71342e-09
0 1.71342e-09
0 1.71342e-09
0 1.71342e-09
0 1.71342e-09
0 1.71342e-09
0 1.71342e-09
0 1.71342e-09
0 1.71342e-09
0 1.71342e-09
0 1.71342e-09
0 1.71342e-09
0 1.71342e-09
0 1.71342e-09
0 1.71342e-09
0 1.71342e-09
0 1.71342e-09
0 1.71342e-09
0 1.71342e-09
0 1.71342e-09
0 1.71342e-09
0 1.71342e-09
0 1.71342e-09
0 1.71342e-09
0 1.71342e-09
0 1.71342e-09
0 1.71342e-09
0 1.71342e-09
0 1.71342e-09
0 1.71342e-09
0 1.71342e-09
0 1.71342e-09
0 1.71342e-09
0 1.71342e-09
0 1.71342e-09
0 1.71342e-09
0 1.71342e-09
0 1.71342e-09
0 1.71342e-09
0 1.71342e-09
0 1.71342e-09
0 1.71342e-09
0 1.71342e-09
0 1.71342e-09
0 1.71342e-09
0 1.71342e-09
0 1.71342e-09
0 1.71342e-09
0 1.71342e-09
0 1.71342e-09
0 1.71342e-09
0 1.71342e-09
0 1.71342e-09
0 1.71342e-09
0 1.71342e-09
0 1.71342e-09
0 1.71342e-09
0 1.71342e-09
0 1.71342e-09
0 1.71342e-09
0 1.71342e-09
0 1.71342e-09
0 1.71342e-09
0 1.71342e-09
0 1.71342e-09
0 1.71342e-09
0 1.71342e-09
0 1.71342e-09
0 1.71342e-09
0 1.71342e-09
0 1.71342e-09
0 1.71342e-09
0 1.71342e-09
0 1.71342e-09
0 1.71342e-09
0 1.71342e-09
0 1.71342e-09
0 1.71342e-09
0 1.71342e-09
0 1.71342e-09
0 1.71342e-09
0 1.71342e-09
0 1.71342e-09
0 1.71342e-09
0 1.71342e-09
0 1.71342e-09
0 1.71342e-09
0 1.71342e-09
0 1.71342e-09
0 1.71342e-09
0 1.71342e-09

