0 0.04819
0 0.048161
0 0.0480827
0 0.0479559
0 0.0477811
0 0.0475592
0 0.0472912
0 0.0469784
0 0.0466222
0 0.0462241
0 0.0457859
0 0.0453094
0 0.0447965
0 0.0442492
0 0.0436698
0 0.0430603
0 0.0424228
0 0.0417597
0 0.0410731
0 0.0403653
0 0.0396383
0 0.0388944
0 0.0381357
0 0.0373642
0 0.036582
0 0.0357909
0 0.034993
0 0.0341899
0 0.0333835
0 0.0325754
0 0.0317671
0 0.0309603
0 0.0301562
0 0.0293563
0 0.0285618
0 0.0277738
0 0.0269935
0 0.0262217
0 0.0254596
0 0.0247077
0 0.023967
0 0.0232382
0 0.0225217
0 0.0218182
0 0.0211281
0 0.0204518
0 0.0197896
0 0.0191419
0 0.0185089
0 0.0178907
0 0.0172874
0 0.0166992
0 0.016126
0 0.015568
0 0.0150249
0 0.0144968
0 0.0139836
0 0.0134851
0 0.0130012
0 0.0125316
0 0.0120763
0 0.0116349
0 0.0112073
0 0.0107932
0 0.0103923
0 0.0100045
0 0.00962933
0 0.00926662
0 0.00891606
0 0.00857736
0 0.00825023
0 0.00793438
0 0.0076295
0 0.00733531
0 0.00705152
0 0.00677782
0 0.00651394
0 0.00625957
0 0.00601445
0 0.00577829
0 0.00555081
0 0.00533174
0 0.00512081
0 0.00491777
0 0.00472236
0 0.00453432
0 0.00435341
0 0.0041794
0 0.00401203
0 0.0038511
0 0.00369637
0 0.00354763
0 0.00340466
0 0.00326727
0 0.00313525
0 0.00300841
0 0.00288656
0 0.00276952
0 0.00265711
0 0.00254917
0 0.00244551
0 0.002346
0 0.00225046
0 0.00215875
0 0.00207073
0 0.00198625
0 0.00190517
0 0.00182738
0 0.00175273
0 0.00168111
0 0.0016124
0 0.00154648
0 0.00148325
0 0.0014226
0 0.00136443
0 0.00130864
0 0.00125513
0 0.00120382
0 0.00115461
0 0.00110742
0 0.00106218
0 0.0010188
0 0.000977202
0 0.000937321
0 0.000899084
0 0.000862423
0 0.000827273
0 0.00079357
0 0.000761255
0 0.000730269
0 0.000700558
0 0.000672069
0 0.00064475
0 0.000618554
0 0.000593434
0 0.000569344
0 0.000546243
0 0.00052409
0 0.000502844
0 0.000482469
0 0.000462928
0 0.000444187
0 0.000426212
0 0.000408973
0 0.000392438
0 0.000376579
0 0.000361367
0 0.000346777
0 0.000332781
0 0.000319356
0 0.000306478
0 0.000294125
0 0.000282275
0 0.000270907
0 0.000260002
0 0.00024954
0 0.000239503
0 0.000229873
0 0.000220635
0 0.000211772
0 0.000203268
0 0.000195109
0 0.00018728
0 0.000179769
0 0.000172562
0 0.000165646
0 0.00015901
0 0.000152643
0 0.000146533
0 0.000140669
0 0.000135043
0 0.000129643
0 0.000124461
0 0.000119489
0 0.000114716
0 0.000110136
0 0.000105741
0 0.000101522
0 9.74729e-05
0 9.35868e-05
0 8.9857e-05
0 8.6277e-05
0 8.28408e-05
0 7.95425e-05
0 7.63767e-05
0 7.33378e-05
0 7.04208e-05
0 6.76208e-05
0 6.49329e-05
0 6.23527e-05
0 5.98757e-05
0 5.74979e-05
0 5.52152e-05
0 5.30238e-05
0 5.092e-05
0 4.89002e-05
0 4.69611e-05
0 4.50994e-05
0 4.33119e-05
0 4.15958e-05
0 3.99481e-05
0 3.83661e-05
0 3.68471e-05
0 3.53886e-05
0 3.39882e-05
0 3.26435e-05
0 3.13523e-05
0 3.01124e-05
0 2.89218e-05
0 2.77785e-05
0 2.66805e-05
0 2.56262e-05
0 2.46137e-05
0 2.36414e-05
0 2.27076e-05
0 2.18108e-05
0 2.09495e-05
0 2.01223e-05
0 1.93279e-05
0 1.85648e-05
0 1.7832e-05
0 1.71281e-05
0 1.6452e-05
0 1.58026e-05
0 1.51788e-05
0 1.45796e-05
0 1.4004e-05
0 1.34511e-05
0 1.292e-05
0 1.24097e-05
0 1.19195e-05
0 1.14486e-05
0 1.09962e-05
0 1.05615e-05
0 1.01439e-05
0 9.74259e-06
0 9.35703e-06
0 8.98655e-06
0 8.63055e-06
0 8.28845e-06
0 7.9597e-06
0 7.64376e-06
0 7.34011e-06
0 7.04828e-06
0 6.76778e-06
0 6.49816e-06
0 6.23899e-06
0 5.98984e-06
0 5.75032e-06
0 5.52004e-06
0 5.29863e-06
0 5.08572e-06
0 4.88099e-06
0 4.68409e-06
0 4.49472e-06
0 4.31257e-06
0 4.13734e-06
0 3.96876e-06
0 3.80656e-06
0 3.65048e-06
0 3.50026e-06
0 3.35568e-06
0 3.21649e-06
0 3.08249e-06
0 2.95344e-06
0 2.82916e-06
0 2.70944e-06
0 2.59409e-06
0 2.48293e-06
0 2.37579e-06
0 2.2725e-06
0 2.17288e-06
0 2.0768e-06
0 1.98409e-06
0 1.89461e-06
0 1.80823e-06
0 1.7248e-06
0 1.64419e-06
0 1.56629e-06
0 1.49097e-06
0 1.41811e-06
0 1.3476e-06
0 1.27934e-06
0 1.21321e-06
0 1.14912e-06
0 1.08697e-06
0 1.02666e-06
0 9.68104e-07
0 9.11211e-07
0 8.55897e-07
0 8.02077e-07
0 7.49671e-07
0 6.98601e-07
0 6.48791e-07
0 6.00167e-07
0 5.52658e-07
0 5.06194e-07
0 4.60706e-07
0 4.1613e-07
0 3.72401e-07
0 3.29454e-07
0 2.87231e-07
0 2.45669e-07
0 2.0471e-07
0 1.64297e-07
0 1.24373e-07
0 8.48819e-08
0 4.57699e-08
0 6.98293e-09
0 4.819e-10
0 4.819e-10
0 4.819e-10
0 4.819e-10
0 4.819e-10
0 4.819e-10
0 4.819e-10
0 4.819e-10
0 4.819e-10
0 4.819e-10
0 4.819e-10
0 4.819e-10
0 4.819e-10
0 4.819e-10
0 4.819e-10
0 4.819e-10
0 4.819e-10
0 4.819e-10
0 4.819e-10
0 4.819e-10
0 4.819e-10
0 4.819e-10
0 4.819e-10
0 4.819e-10
0 4.819e-10
0 4.819e-10
0 4.819e-10
0 4.819e-10
0 4.819e-10
0 4.819e-10
0 4.819e-10
0 4.819e-10
0 4.819e-10
0 4.819e-10
0 4.819e-10
0 4.819e-10
0 4.819e-10
0 4.819e-10
0 4.819e-10
0 4.819e-10
0 4.819e-10
0 4.819e-10
0 4.819e-10
0 4.819e-10
0 4.819e-10
0 4.819e-10
0 4.819e-10
0 4.819e-10
0 4.819e-10
0 4.819e-10
0 4.819e-10
0 4.819e-10
0 4.819e-10
0 4.819e-10
0 4.819e-10
0 4.819e-10
0 4.819e-10
0 4.819e-10
0 4.819e-10
0 4.819e-10
0 4.819e-10
0 4.819e-10
0 4.819e-10
0 4.819e-10
0 4.819e-10
0 4.819e-10
0 4.819e-10
0 4.819e-10
0 4.819e-10
0 4.819e-10
0 4.819e-10
0 4.819e-10
0 4.819e-10
0 4.819e-10
0 4.819e-10
0 4.819e-10
0 4.819e-10
0 4.819e-10
0 4.819e-10
0 4.819e-10
0 4.819e-10
0 4.819e-10
0 4.819e-10
0 4.819e-10
0 4.819e-10
0 4.819e-10
0 4.819e-10
0 4.819e-10
0 4.819e-10
0 4.819e-10
0 4.819e-10
0 4.819e-10
0 4.819e-10
0 4.819e-10
0 4.819e-10
0 4.819e-10
0 4.819e-10
0 4.819e-10
0 4.819e-10
0 4.819e-10
0 4.819e-10
0 4.819e-10
0 4.819e-10
0 4.819e-10
0 4.819e-10
0 4.819e-10
0 4.819e-10
0 4.819e-10
0 4.819e-10
0 4.819e-10
0 4.819e-10
0 4.819e-10
0 4.819e-10
0 4.819e-10
0 4.819e-10
0 4.819e-10
0 4.819e-10
0 4.819e-10
0 4.819e-10
0 4.819e-10
0 4.819e-10
0 4.819e-10
0 4.819e-10
0 4.819e-10
0 4.819e-10
0 4.819e-10
0 4.819e-10
0 4.819e-10
0 4.819e-10
0 4.819e-10
0 4.819e-10
0 4.819e-10
0 4.819e-10
0 4.819e-10
0 4.819e-10
0 4.819e-10
0 4.819e-10
0 4.819e-10
0 4.819e-10
0 4.819e-10
0 4.819e-10
0 4.819e-10
0 4.819e-10
0 4.819e-10
0 4.819e-10
0 4.819e-10
0 4.819e-10
0 4.819e-10
0 4.819e-10
0 4.819e-10
0 4.819e-10
0 4.819e-10
0 4.819e-10
0 4.819e-10
0 4.819e-10
0 4.819e-10
0 4.819e-10
0 4.819e-10
0 4.819e-10
0 4.819e-10
0 4.819e-10
0 4.819e-10
0 4.819e-10
0 4.819e-10
0 4.819e-10
0 4.819e-10
0 4.819e-10
0 4.819e-10
0 4.819e-10
0 4.819e-10
0 4.819e-10
0 4.819e-10
0 4.819e-10
0 4.819e-10
0 4.819e-10
0 4.819e-10
0 4.819e-10
0 4.819e-10
0 4.819e-10
0 4.819e-10
0 4.819e-10
0 4.819e-10
0 4.819e-10
0 4.819e-10
0 4.819e-10
0 4.819e-10
0 4.819e-10
0 4.819e-10
0 4.819e-10
0 4.819e-10
0 4.819e-10
0 4.819e-10
0 4.819e-10
0 4.819e-10
0 4.819e-10
0 4.819e-10
0 4.819e-10
0 4.819e-10
0 4.819e-10
0 4.819e-10
0 4.819e-10
0 4.819e-10
0 4.819e-10
0 4.819e-10
0 4.819e-10
0 4.819e-10
0 4.819e-10
0 4.819e-10
0 4.819e-10
0 4.819e-10
0 4.819e-10
0 4.819e-10
0 4.819e-10
0 4.819e-10
0 4.819e-10
0 4.819e-10
0 4.819e-10
0 4.819e-10
0 4.819e-10
0 4.819e-10
0 4.819e-10
0 4.819e-10
0 4.819e-10
0 4.819e-10
0 4.819e-10
0 4.819e-10
0 4.819e-10
0 4.819e-10
0 4.819e-10
0 4.819e-10
0 4.819e-10
0 4.819e-10
0 4.819e-10
0 4.819e-10
0 4.819e-10
0 4.819e-10
0 4.819e-10
0 4.819e-10
0 4.819e-10
0 4.819e-10
0 4.819e-10
0 4.819e-10
0 4.819e-10
0 4.819e-10
0 4.819e-10
0 4.819e-10
0 4.819e-10
0 4.819e-10
0 4.819e-10
0 4.819e-10
0 4.819e-10
0 4.819e-10
0 4.819e-10
0 4.819e-10
0 4.819e-10
0 4.819e-10
0 4.819e-10
0 4.819e-10
0 4.819e-10
0 4.819e-10
0 4.819e-10
0 4.819e-10
0 4.819e-10
0 4.819e-10
0 4.819e-10
0 4.819e-10
0 4.819e-10
0 4.819e-10
0 4.819e-10
0 4.819e-10
0 4.819e-10
0 4.819e-10
0 4.819e-10
0 4.819e-10
0 4.819e-10
0 4.819e-10
0 4.819e-10
0 4.819e-10
0 4.819e-10
0 4.819e-10
0 4.819e-10
0 4.819e-10
0 4.819e-10
0 4.819e-10
0 4.819e-10
0 4.819e-10
0 4.819e-10
0 4.819e-10
0 4.819e-10
0 4.819e-10
0 4.819e-10
0 4.819e-10
0 4.819e-10
0 4.819e-10
0 4.819e-10
0 4.819e-10
0 4.819e-10
0 4.819e-10
0 4.819e-10
0 4.819e-10
0 4.819e-10
0 4.819e-10
0 4.819e-10
0 4.819e-10
0 4.819e-10
0 4.819e-10
0 4.819e-10
0 4.819e-10
0 4.819e-10
0 4.819e-10
0 4.819e-10
0 4.819e-10
0 4.819e-10
0 4.819e-10
0 4.819e-10
0 4.819e-10
0 4.819e-10
0 4.819e-10
0 4.819e-10
0 4.819e-10
0 4.819e-10
0 4.819e-10
0 4.819e-10
0 4.819e-10
0 4.819e-10
0 4.819e-10
0 4.819e-10
0 4.819e-10
0 4.819e-10
0 4.819e-10
0 4.819e-10
0 4.819e-10
0 4.819e-10
0 4.819e-10
0 4.819e-10
0 4.819e-10
0 4.819e-10
0 4.819e-10
0 4.819e-10
0 4.819e-10
0 4.819e-10
0 4.819e-10
0 4.819e-10
0 4.819e-10
0 4.819e-10
0 4.819e-10
0 4.819e-10
0 4.819e-10
0 4.819e-10
0 4.819e-10
0 4.819e-10
0 4.819e-10
0 4.819e-10
0 4.819e-10
0 4.819e-10
0 4.819e-10
0 4.819e-10
0 4.819e-10
0 4.819e-10
0 4.819e-10
0 4.819e-10
0 4.819e-10
0 4.819e-10
0 4.819e-10
0 4.819e-10
0 4.819e-10
0 4.819e-10
0 4.819e-10
0 4.819e-10
0 4.819e-10
0 4.819e-10
0 4.819e-10
0 4.819e-10
0 4.819e-10
0 4.819e-10
0 4.819e-10
0 4.819e-10
0 4.819e-10
0 4.819e-10
0 4.819e-10
0 4.819e-10
0 4.819e-10
0 4.819e-10
0 4.819e-10
0 4.819e-10
0 4.819e-10
0 4.819e-10
0 4.819e-10
0 4.819e-10
0 4.819e-10
0 4.819e-10
0 4.819e-10
0 4.819e-10
0 4.819e-10
0 4.819e-10
0 4.819e-10
0 4.819e-10
0 4.819e-10
0 4.819e-10
0 4.819e-10
0 4.819e-10
0 4.819e-10
0 4.819e-10
0 4.819e-10
0 4.819e-10
0 4.819e-10
0 4.819e-10
0 4.819e-10
0 4.819e-10
0 4.819e-10
0 4.819e-10
0 4.819e-10
0 4.819e-10
0 4.819e-10
0 4.819e-10
0 4.819e-10
0 4.819e-10
0 4.819e-10
0 4.819e-10
0 4.819e-10
0 4.819e-10
0 4.819e-10
0 4.819e-10
0 4.819e-10
0 4.819e-10
0 4.819e-10
0 4.819e-10
0 4.819e-10
0 4.819e-10
0 4.819e-10
0 4.819e-10
0 4.819e-10
0 4.819e-10
0 4.819e-10
0 4.819e-10
0 4.819e-10
0 4.819e-10
0 4.819e-10
0 4.819e-10
0 4.819e-10
0 4.819e-10
0 4.819e-10
0 4.819e-10
0 4.819e-10
0 4.819e-10
0 4.819e-10
0 4.819e-10
0 4.819e-10
0 4.819e-10
0 4.819e-10
0 4.819e-10
0 4.819e-10
0 4.819e-10
0 4.819e-10
0 4.819e-10
0 4.819e-10
0 4.819e-10
0 4.819e-10
0 4.819e-10
0 4.819e-10
0 4.819e-10
0 4.819e-10
0 4.819e-10
0 4.819e-10
0 4.819e-10
0 4.819e-10
0 4.819e-10
0 4.819e-10
0 4.819e-10
0 4.819e-10
0 4.819e-10
0 4.819e-10
0 4.819e-10
0 4.819e-10
0 4.819e-10
0 4.819e-10
0 4.819e-10
0 4.819e-10
0 4.819e-10
0 4.819e-10
0 4.819e-10
0 4.819e-10
0 4.819e-10
0 4.819e-10
0 4.819e-10
0 4.819e-10
0 4.819e-10
0 4.819e-10
0 4.819e-10
0 4.819e-10
0 4.819e-10
0 4.819e-10
0 4.819e-10
0 4.819e-10
0 4.819e-10
0 4.819e-10
0 4.819e-10
0 4.819e-10
0 4.819e-10
0 4.819e-10
0 4.819e-10
0 4.819e-10
0 4.819e-10
0 4.819e-10
0 4.819e-10
0 4.819e-10
0 4.819e-10
0 4.819e-10
0 4.819e-10
0 4.819e-10
0 4.819e-10
0 4.819e-10
0 4.819e-10
0 4.819e-10
0 4.819e-10
0 4.819e-10
0 4.819e-10
0 4.819e-10
0 4.819e-10
0 4.819e-10
0 4.819e-10
0 4.819e-10
0 4.819e-10
0 4.819e-10
0 4.819e-10
0 4.819e-10
0 4.819e-10
0 4.819e-10
0 4.819e-10
0 4.819e-10
0 4.819e-10
0 4.819e-10
0 4.819e-10
0 4.819e-10
0 4.819e-10
0 4.819e-10
0 4.819e-10
0 4.819e-10
0 4.819e-10
0 4.819e-10
0 4.819e-10
0 4.819e-10
0 4.819e-10
0 4.819e-10
0 4.819e-10
0 4.819e-10
0 4.819e-10
0 4.819e-10
0 4.819e-10
0 4.819e-10
0 4.819e-10
0 4.819e-10
0 4.819e-10
0 4.819e-10
0 4.819e-10
0 4.819e-10
0 4.819e-10
0 4.819e-10
0 4.819e-10
0 4.819e-10
0 4.819e-10
0 4.819e-10
0 4.819e-10
0 4.819e-10
0 4.819e-10
0 4.819e-10
0 4.819e-10
0 4.819e-10
0 4.819e-10
0 4.819e-10
0 4.819e-10
0 4.819e-10
0 4.819e-10
0 4.819e-10
0 4.819e-10
0 4.819e-10
0 4.819e-10
0 4.819e-10
0 4.819e-10
0 4.819e-10
0 4.819e-10
0 4.819e-10
0 4.819e-10
0 4.819e-10
0 4.819e-10
0 4.819e-10
0 4.819e-10
0 4.819e-10
0 4.819e-10
0 4.819e-10
0 4.819e-10
0 4.819e-10
0 4.819e-10
0 4.819e-10
0 4.819e-10
0 4.819e-10
0 4.819e-10
0 4.819e-10
0 4.819e-10
0 4.819e-10
0 4.819e-10
0 4.819e-10
0 4.819e-10
0 4.819e-10
0 4.819e-10
0 4.819e-10
0 4.819e-10
0 4.819e-10
0 4.819e-10
0 4.819e-10
0 4.819e-10
0 4.819e-10
0 4.819e-10
0 4.819e-10
0 4.819e-10
0 4.819e-10
0 4.819e-10
0 4.819e-10
0 4.819e-10
0 4.819e-10
0 4.819e-10
0 4.819e-10
0 4.819e-10
0 4.819e-10
0 4.819e-10
0 4.819e-10
0 4.819e-10
0 4.819e-10
0 4.819e-10
0 4.819e-10
0 4.819e-10
0 4.819e-10
0 4.819e-10
0 4.819e-10
0 4.819e-10
0 4.819e-10
0 4.819e-10
0 4.819e-10
0 4.819e-10
0 4.819e-10
0 4.819e-10
0 4.819e-10
0 4.819e-10
0 4.819e-10
0 4.819e-10
0 4.819e-10
0 4.819e-10
0 4.819e-10
0 4.819e-10
0 4.819e-10
0 4.819e-10
0 4.819e-10
0 4.819e-10
0 4.819e-10
0 4.819e-10
0 4.819e-10
0 4.819e-10
0 4.819e-10
0 4.819e-10
0 4.819e-10
0 4.819e-10
0 4.819e-10
0 4.819e-10
0 4.819e-10
0 4.819e-10
0 4.819e-10
0 4.819e-10
0 4.819e-10
0 4.819e-10
0 4.819e-10
0 4.819e-10
0 4.819e-10
0 4.819e-10
0 4.819e-10
0 4.819e-10
0 4.819e-10
0 4.819e-10
0 4.819e-10
0 4.819e-10
0 4.819e-10
0 4.819e-10
0 4.819e-10
0 4.819e-10
0 4.819e-10
0 4.819e-10
0 4.819e-10
0 4.819e-10
0 4.819e-10
0 4.819e-10
0 4.819e-10
0 4.819e-10

