0 0.208823
0 0.207265
0 0.203179
0 0.19692
0 0.188969
0 0.179887
0 0.170211
0 0.160357
0 0.150614
0 0.141162
0 0.1321
0 0.123465
0 0.115256
0 0.107447
0 0.1
0 0.0928771
0 0.0860417
0 0.0794677
0 0.0731442
0 0.0670852
0 0.0613369
0 0.0559631
0 0.0510086
0 0.0464838
0 0.0423739
0 0.0386521
0 0.0352868
0 0.0322455
0 0.0294967
0 0.0270112
0 0.0247619
0 0.0227245
0 0.020877
0 0.0191997
0 0.0176752
0 0.0162877
0 0.0150234
0 0.0138699
0 0.0128163
0 0.0118527
0 0.0109704
0 0.0101617
0 0.00941965
0 0.00873798
0 0.00811118
0 0.00753425
0 0.00700274
0 0.00651262
0 0.00606027
0 0.00564245
0 0.00525619
0 0.00489884
0 0.004568
0 0.00426147
0 0.00397727
0 0.0037136
0 0.00346883
0 0.00324145
0 0.00303011
0 0.00283357
0 0.00265068
0 0.0024804
0 0.00232179
0 0.00217398
0 0.00203615
0 0.00190757
0 0.00178758
0 0.00167554
0 0.00157088
0 0.00147308
0 0.00138165
0 0.00129613
0 0.00121612
0 0.00114123
0 0.00107111
0 0.00100542
0 0.000943873
0 0.000886173
0 0.000832065
0 0.000781306
0 0.00073367
0 0.00068895
0 0.00064695
0 0.000607492
0 0.000570405
0 0.000535536
0 0.000502736
0 0.000471873
0 0.000442817
0 0.000415453
0 0.00038967
0 0.000365364
0 0.000342441
0 0.00032081
0 0.000300388
0 0.000281096
0 0.00026286
0 0.000245613
0 0.000229288
0 0.000213827
0 0.000199172
0 0.00018527
0 0.000172071
0 0.000159528
0 0.000147597
0 0.000136236
0 0.000125407
0 0.000115071
0 0.000105195
0 9.57446e-05
0 8.66897e-05
0 7.80006e-05
0 6.96494e-05
0 6.16095e-05
0 5.38559e-05
0 4.63648e-05
0 3.91132e-05
0 3.20797e-05
0 2.52434e-05
0 1.85845e-05
0 1.20842e-05
0 5.72412e-06
0 2.08823e-09
0 2.08823e-09
0 2.08823e-09
0 2.08823e-09
0 2.08823e-09
0 2.08823e-09
0 2.08823e-09
0 2.08823e-09
0 2.08823e-09
0 2.08823e-09
0 2.08823e-09
0 2.08823e-09
0 2.08823e-09
0 2.08823e-09
0 2.08823e-09
0 2.08823e-09
0 2.08823e-09
0 2.08823e-09
0 2.08823e-09
0 2.08823e-09
0 2.08823e-09
0 2.08823e-09
0 2.08823e-09
0 2.08823e-09
0 2.08823e-09
0 2.08823e-09
0 2.08823e-09
0 2.08823e-09
0 2.08823e-09
0 2.08823e-09
0 2.08823e-09
0 2.08823e-09
0 2.08823e-09
0 2.08823e-09
0 2.08823e-09
0 2.08823e-09
0 2.08823e-09
0 2.08823e-09
0 2.08823e-09
0 2.08823e-09
0 2.08823e-09
0 2.08823e-09
0 2.08823e-09
0 2.08823e-09
0 2.08823e-09
0 2.08823e-09
0 2.08823e-09
0 2.08823e-09
0 2.08823e-09
0 2.08823e-09
0 2.08823e-09
0 2.08823e-09
0 2.08823e-09
0 2.08823e-09
0 2.08823e-09
0 2.08823e-09
0 2.08823e-09
0 2.08823e-09
0 2.08823e-09
0 2.08823e-09
0 2.08823e-09
0 2.08823e-09
0 2.08823e-09
0 2.08823e-09
0 2.08823e-09
0 2.08823e-09
0 2.08823e-09
0 2.08823e-09
0 2.08823e-09
0 2.08823e-09
0 2.08823e-09
0 2.08823e-09
0 2.08823e-09
0 2.08823e-09
0 2.08823e-09
0 2.08823e-09
0 2.08823e-09
0 2.08823e-09
0 2.08823e-09
0 2.08823e-09
0 2.08823e-09
0 2.08823e-09
0 2.08823e-09
0 2.08823e-09
0 2.08823e-09
0 2.08823e-09
0 2.08823e-09
0 2.08823e-09
0 2.08823e-09
0 2.08823e-09
0 2.08823e-09
0 2.08823e-09
0 2.08823e-09
0 2.08823e-09
0 2.08823e-09
0 2.08823e-09
0 2.08823e-09
0 2.08823e-09
0 2.08823e-09
0 2.08823e-09
0 2.08823e-09
0 2.08823e-09
0 2.08823e-09
0 2.08823e-09
0 2.08823e-09
0 2.08823e-09
0 2.08823e-09
0 2.08823e-09
0 2.08823e-09
0 2.08823e-09
0 2.08823e-09
0 2.08823e-09
0 2.08823e-09
0 2.08823e-09
0 2.08823e-09
0 2.08823e-09
0 2.08823e-09
0 2.08823e-09
0 2.08823e-09
0 2.08823e-09
0 2.08823e-09
0 2.08823e-09
0 2.08823e-09
0 2.08823e-09
0 2.08823e-09
0 2.08823e-09
0 2.08823e-09
0 2.08823e-09
0 2.08823e-09
0 2.08823e-09
0 2.08823e-09
0 2.08823e-09
0 2.08823e-09
0 2.08823e-09
0 2.08823e-09
0 2.08823e-09
0 2.08823e-09
0 2.08823e-09
0 2.08823e-09
0 2.08823e-09
0 2.08823e-09
0 2.08823e-09
0 2.08823e-09
0 2.08823e-09
0 2.08823e-09
0 2.08823e-09
0 2.08823e-09
0 2.08823e-09
0 2.08823e-09
0 2.08823e-09
0 2.08823e-09
0 2.08823e-09
0 2.08823e-09
0 2.08823e-09
0 2.08823e-09
0 2.08823e-09
0 2.08823e-09
0 2.08823e-09
0 2.08823e-09
0 2.08823e-09
0 2.08823e-09
0 2.08823e-09
0 2.08823e-09
0 2.08823e-09
0 2.08823e-09
0 2.08823e-09
0 2.08823e-09
0 2.08823e-09
0 2.08823e-09
0 2.08823e-09
0 2.08823e-09
0 2.08823e-09
0 2.08823e-09
0 2.08823e-09
0 2.08823e-09
0 2.08823e-09
0 2.08823e-09
0 2.08823e-09
0 2.08823e-09
0 2.08823e-09
0 2.08823e-09
0 2.08823e-09
0 2.08823e-09
0 2.08823e-09
0 2.08823e-09
0 2.08823e-09
0 2.08823e-09
0 2.08823e-09
0 2.08823e-09
0 2.08823e-09
0 2.08823e-09
0 2.08823e-09
0 2.08823e-09
0 2.08823e-09
0 2.08823e-09
0 2.08823e-09
0 2.08823e-09
0 2.08823e-09
0 2.08823e-09
0 2.08823e-09
0 2.08823e-09
0 2.08823e-09
0 2.08823e-09
0 2.08823e-09
0 2.08823e-09
0 2.08823e-09
0 2.08823e-09
0 2.08823e-09
0 2.08823e-09
0 2.08823e-09
0 2.08823e-09
0 2.08823e-09
0 2.08823e-09
0 2.08823e-09
0 2.08823e-09
0 2.08823e-09
0 2.08823e-09
0 2.08823e-09
0 2.08823e-09
0 2.08823e-09
0 2.08823e-09
0 2.08823e-09
0 2.08823e-09
0 2.08823e-09
0 2.08823e-09
0 2.08823e-09
0 2.08823e-09
0 2.08823e-09
0 2.08823e-09
0 2.08823e-09
0 2.08823e-09
0 2.08823e-09
0 2.08823e-09
0 2.08823e-09
0 2.08823e-09
0 2.08823e-09
0 2.08823e-09
0 2.08823e-09
0 2.08823e-09
0 2.08823e-09
0 2.08823e-09
0 2.08823e-09
0 2.08823e-09
0 2.08823e-09
0 2.08823e-09
0 2.08823e-09
0 2.08823e-09
0 2.08823e-09
0 2.08823e-09
0 2.08823e-09
0 2.08823e-09
0 2.08823e-09
0 2.08823e-09
0 2.08823e-09
0 2.08823e-09
0 2.08823e-09
0 2.08823e-09
0 2.08823e-09
0 2.08823e-09
0 2.08823e-09
0 2.08823e-09
0 2.08823e-09
0 2.08823e-09
0 2.08823e-09
0 2.08823e-09
0 2.08823e-09
0 2.08823e-09
0 2.08823e-09
0 2.08823e-09
0 2.08823e-09
0 2.08823e-09
0 2.08823e-09
0 2.08823e-09
0 2.08823e-09
0 2.08823e-09
0 2.08823e-09
0 2.08823e-09
0 2.08823e-09
0 2.08823e-09
0 2.08823e-09
0 2.08823e-09
0 2.08823e-09
0 2.08823e-09
0 2.08823e-09
0 2.08823e-09
0 2.08823e-09
0 2.08823e-09
0 2.08823e-09
0 2.08823e-09
0 2.08823e-09
0 2.08823e-09
0 2.08823e-09
0 2.08823e-09
0 2.08823e-09
0 2.08823e-09
0 2.08823e-09
0 2.08823e-09
0 2.08823e-09
0 2.08823e-09
0 2.08823e-09
0 2.08823e-09
0 2.08823e-09
0 2.08823e-09
0 2.08823e-09
0 2.08823e-09
0 2.08823e-09
0 2.08823e-09
0 2.08823e-09
0 2.08823e-09
0 2.08823e-09
0 2.08823e-09
0 2.08823e-09
0 2.08823e-09
0 2.08823e-09
0 2.08823e-09
0 2.08823e-09
0 2.08823e-09
0 2.08823e-09
0 2.08823e-09
0 2.08823e-09
0 2.08823e-09
0 2.08823e-09
0 2.08823e-09
0 2.08823e-09
0 2.08823e-09
0 2.08823e-09
0 2.08823e-09
0 2.08823e-09
0 2.08823e-09
0 2.08823e-09
0 2.08823e-09
0 2.08823e-09
0 2.08823e-09
0 2.08823e-09
0 2.08823e-09
0 2.08823e-09
0 2.08823e-09
0 2.08823e-09
0 2.08823e-09
0 2.08823e-09
0 2.08823e-09
0 2.08823e-09
0 2.08823e-09
0 2.08823e-09
0 2.08823e-09
0 2.08823e-09
0 2.08823e-09
0 2.08823e-09
0 2.08823e-09
0 2.08823e-09
0 2.08823e-09
0 2.08823e-09
0 2.08823e-09
0 2.08823e-09
0 2.08823e-09
0 2.08823e-09
0 2.08823e-09
0 2.08823e-09
0 2.08823e-09
0 2.08823e-09
0 2.08823e-09
0 2.08823e-09
0 2.08823e-09
0 2.08823e-09
0 2.08823e-09
0 2.08823e-09
0 2.08823e-09
0 2.08823e-09
0 2.08823e-09
0 2.08823e-09
0 2.08823e-09
0 2.08823e-09
0 2.08823e-09
0 2.08823e-09
0 2.08823e-09
0 2.08823e-09
0 2.08823e-09
0 2.08823e-09
0 2.08823e-09
0 2.08823e-09
0 2.08823e-09
0 2.08823e-09
0 2.08823e-09
0 2.08823e-09
0 2.08823e-09
0 2.08823e-09
0 2.08823e-09
0 2.08823e-09
0 2.08823e-09
0 2.08823e-09
0 2.08823e-09
0 2.08823e-09
0 2.08823e-09
0 2.08823e-09
0 2.08823e-09
0 2.08823e-09
0 2.08823e-09
0 2.08823e-09
0 2.08823e-09
0 2.08823e-09
0 2.08823e-09
0 2.08823e-09
0 2.08823e-09
0 2.08823e-09
0 2.08823e-09
0 2.08823e-09
0 2.08823e-09
0 2.08823e-09
0 2.08823e-09
0 2.08823e-09
0 2.08823e-09
0 2.08823e-09
0 2.08823e-09
0 2.08823e-09
0 2.08823e-09
0 2.08823e-09
0 2.08823e-09
0 2.08823e-09
0 2.08823e-09
0 2.08823e-09
0 2.08823e-09
0 2.08823e-09
0 2.08823e-09
0 2.08823e-09
0 2.08823e-09
0 2.08823e-09
0 2.08823e-09
0 2.08823e-09
0 2.08823e-09
0 2.08823e-09
0 2.08823e-09
0 2.08823e-09
0 2.08823e-09
0 2.08823e-09
0 2.08823e-09
0 2.08823e-09
0 2.08823e-09
0 2.08823e-09
0 2.08823e-09
0 2.08823e-09
0 2.08823e-09
0 2.08823e-09
0 2.08823e-09
0 2.08823e-09
0 2.08823e-09
0 2.08823e-09
0 2.08823e-09
0 2.08823e-09
0 2.08823e-09
0 2.08823e-09
0 2.08823e-09
0 2.08823e-09
0 2.08823e-09
0 2.08823e-09
0 2.08823e-09
0 2.08823e-09
0 2.08823e-09
0 2.08823e-09
0 2.08823e-09
0 2.08823e-09
0 2.08823e-09
0 2.08823e-09
0 2.08823e-09
0 2.08823e-09
0 2.08823e-09
0 2.08823e-09
0 2.08823e-09
0 2.08823e-09
0 2.08823e-09
0 2.08823e-09
0 2.08823e-09
0 2.08823e-09
0 2.08823e-09
0 2.08823e-09
0 2.08823e-09
0 2.08823e-09
0 2.08823e-09
0 2.08823e-09
0 2.08823e-09
0 2.08823e-09
0 2.08823e-09
0 2.08823e-09
0 2.08823e-09
0 2.08823e-09
0 2.08823e-09
0 2.08823e-09
0 2.08823e-09
0 2.08823e-09
0 2.08823e-09
0 2.08823e-09
0 2.08823e-09
0 2.08823e-09
0 2.08823e-09
0 2.08823e-09
0 2.08823e-09
0 2.08823e-09
0 2.08823e-09
0 2.08823e-09
0 2.08823e-09
0 2.08823e-09
0 2.08823e-09
0 2.08823e-09
0 2.08823e-09
0 2.08823e-09
0 2.08823e-09
0 2.08823e-09
0 2.08823e-09
0 2.08823e-09
0 2.08823e-09
0 2.08823e-09
0 2.08823e-09
0 2.08823e-09
0 2.08823e-09
0 2.08823e-09
0 2.08823e-09
0 2.08823e-09
0 2.08823e-09
0 2.08823e-09
0 2.08823e-09
0 2.08823e-09
0 2.08823e-09
0 2.08823e-09
0 2.08823e-09
0 2.08823e-09
0 2.08823e-09
0 2.08823e-09
0 2.08823e-09
0 2.08823e-09
0 2.08823e-09
0 2.08823e-09
0 2.08823e-09
0 2.08823e-09
0 2.08823e-09
0 2.08823e-09
0 2.08823e-09
0 2.08823e-09
0 2.08823e-09
0 2.08823e-09
0 2.08823e-09
0 2.08823e-09
0 2.08823e-09
0 2.08823e-09
0 2.08823e-09
0 2.08823e-09
0 2.08823e-09
0 2.08823e-09
0 2.08823e-09
0 2.08823e-09
0 2.08823e-09
0 2.08823e-09
0 2.08823e-09
0 2.08823e-09
0 2.08823e-09
0 2.08823e-09
0 2.08823e-09
0 2.08823e-09
0 2.08823e-09
0 2.08823e-09
0 2.08823e-09
0 2.08823e-09
0 2.08823e-09
0 2.08823e-09
0 2.08823e-09
0 2.08823e-09
0 2.08823e-09
0 2.08823e-09
0 2.08823e-09
0 2.08823e-09
0 2.08823e-09
0 2.08823e-09
0 2.08823e-09
0 2.08823e-09
0 2.08823e-09
0 2.08823e-09
0 2.08823e-09
0 2.08823e-09
0 2.08823e-09
0 2.08823e-09
0 2.08823e-09
0 2.08823e-09
0 2.08823e-09
0 2.08823e-09
0 2.08823e-09
0 2.08823e-09
0 2.08823e-09
0 2.08823e-09
0 2.08823e-09
0 2.08823e-09
0 2.08823e-09
0 2.08823e-09
0 2.08823e-09
0 2.08823e-09
0 2.08823e-09
0 2.08823e-09
0 2.08823e-09
0 2.08823e-09
0 2.08823e-09
0 2.08823e-09
0 2.08823e-09
0 2.08823e-09
0 2.08823e-09
0 2.08823e-09
0 2.08823e-09
0 2.08823e-09
0 2.08823e-09
0 2.08823e-09
0 2.08823e-09
0 2.08823e-09
0 2.08823e-09
0 2.08823e-09
0 2.08823e-09
0 2.08823e-09
0 2.08823e-09
0 2.08823e-09
0 2.08823e-09
0 2.08823e-09
0 2.08823e-09
0 2.08823e-09
0 2.08823e-09
0 2.08823e-09
0 2.08823e-09
0 2.08823e-09
0 2.08823e-09
0 2.08823e-09
0 2.08823e-09
0 2.08823e-09
0 2.08823e-09
0 2.08823e-09
0 2.08823e-09
0 2.08823e-09
0 2.08823e-09
0 2.08823e-09
0 2.08823e-09
0 2.08823e-09
0 2.08823e-09
0 2.08823e-09
0 2.08823e-09
0 2.08823e-09
0 2.08823e-09
0 2.08823e-09
0 2.08823e-09
0 2.08823e-09
0 2.08823e-09
0 2.08823e-09
0 2.08823e-09
0 2.08823e-09
0 2.08823e-09
0 2.08823e-09
0 2.08823e-09
0 2.08823e-09
0 2.08823e-09
0 2.08823e-09
0 2.08823e-09
0 2.08823e-09
0 2.08823e-09
0 2.08823e-09
0 2.08823e-09
0 2.08823e-09
0 2.08823e-09
0 2.08823e-09
0 2.08823e-09
0 2.08823e-09
0 2.08823e-09
0 2.08823e-09
0 2.08823e-09
0 2.08823e-09
0 2.08823e-09
0 2.08823e-09
0 2.08823e-09
0 2.08823e-09
0 2.08823e-09
0 2.08823e-09
0 2.08823e-09
0 2.08823e-09
0 2.08823e-09
0 2.08823e-09
0 2.08823e-09
0 2.08823e-09
0 2.08823e-09
0 2.08823e-09
0 2.08823e-09
0 2.08823e-09
0 2.08823e-09
0 2.08823e-09
0 2.08823e-09
0 2.08823e-09
0 2.08823e-09
0 2.08823e-09
0 2.08823e-09
0 2.08823e-09
0 2.08823e-09
0 2.08823e-09
0 2.08823e-09
0 2.08823e-09
0 2.08823e-09
0 2.08823e-09
0 2.08823e-09
0 2.08823e-09
0 2.08823e-09
0 2.08823e-09
0 2.08823e-09
0 2.08823e-09
0 2.08823e-09
0 2.08823e-09
0 2.08823e-09
0 2.08823e-09
0 2.08823e-09
0 2.08823e-09
0 2.08823e-09
0 2.08823e-09
0 2.08823e-09
0 2.08823e-09
0 2.08823e-09
0 2.08823e-09
0 2.08823e-09
0 2.08823e-09
0 2.08823e-09
0 2.08823e-09
0 2.08823e-09
0 2.08823e-09
0 2.08823e-09
0 2.08823e-09
0 2.08823e-09
0 2.08823e-09
0 2.08823e-09
0 2.08823e-09
0 2.08823e-09
0 2.08823e-09
0 2.08823e-09
0 2.08823e-09
0 2.08823e-09
0 2.08823e-09
0 2.08823e-09
0 2.08823e-09
0 2.08823e-09
0 2.08823e-09
0 2.08823e-09
0 2.08823e-09
0 2.08823e-09
0 2.08823e-09
0 2.08823e-09
0 2.08823e-09
0 2.08823e-09
0 2.08823e-09
0 2.08823e-09
0 2.08823e-09
0 2.08823e-09
0 2.08823e-09
0 2.08823e-09
0 2.08823e-09
0 2.08823e-09
0 2.08823e-09
0 2.08823e-09
0 2.08823e-09
0 2.08823e-09
0 2.08823e-09
0 2.08823e-09
0 2.08823e-09
0 2.08823e-09
0 2.08823e-09
0 2.08823e-09
0 2.08823e-09
0 2.08823e-09
0 2.08823e-09
0 2.08823e-09
0 2.08823e-09
0 2.08823e-09
0 2.08823e-09
0 2.08823e-09
0 2.08823e-09
0 2.08823e-09
0 2.08823e-09
0 2.08823e-09
0 2.08823e-09
0 2.08823e-09
0 2.08823e-09
0 2.08823e-09
0 2.08823e-09
0 2.08823e-09
0 2.08823e-09
0 2.08823e-09
0 2.08823e-09
0 2.08823e-09
0 2.08823e-09
0 2.08823e-09
0 2.08823e-09
0 2.08823e-09
0 2.08823e-09
0 2.08823e-09
0 2.08823e-09
0 2.08823e-09
0 2.08823e-09
0 2.08823e-09
0 2.08823e-09
0 2.08823e-09
0 2.08823e-09
0 2.08823e-09
0 2.08823e-09
0 2.08823e-09
0 2.08823e-09
0 2.08823e-09
0 2.08823e-09
0 2.08823e-09
0 2.08823e-09
0 2.08823e-09
0 2.08823e-09
0 2.08823e-09
0 2.08823e-09
0 2.08823e-09
0 2.08823e-09
0 2.08823e-09
0 2.08823e-09
0 2.08823e-09
0 2.08823e-09
0 2.08823e-09
0 2.08823e-09
0 2.08823e-09
0 2.08823e-09
0 2.08823e-09
0 2.08823e-09
0 2.08823e-09
0 2.08823e-09
0 2.08823e-09
0 2.08823e-09
0 2.08823e-09
0 2.08823e-09
0 2.08823e-09
0 2.08823e-09
0 2.08823e-09
0 2.08823e-09
0 2.08823e-09
0 2.08823e-09
0 2.08823e-09
0 2.08823e-09
0 2.08823e-09
0 2.08823e-09
0 2.08823e-09
0 2.08823e-09
0 2.08823e-09
0 2.08823e-09
0 2.08823e-09
0 2.08823e-09
0 2.08823e-09
0 2.08823e-09
0 2.08823e-09
0 2.08823e-09
0 2.08823e-09
0 2.08823e-09
0 2.08823e-09
0 2.08823e-09
0 2.08823e-09
0 2.08823e-09
0 2.08823e-09
0 2.08823e-09
0 2.08823e-09
0 2.08823e-09
0 2.08823e-09
0 2.08823e-09
0 2.08823e-09
0 2.08823e-09
0 2.08823e-09
0 2.08823e-09
0 2.08823e-09
0 2.08823e-09
0 2.08823e-09
0 2.08823e-09
0 2.08823e-09
0 2.08823e-09
0 2.08823e-09
0 2.08823e-09
0 2.08823e-09
0 2.08823e-09
0 2.08823e-09
0 2.08823e-09
0 2.08823e-09
0 2.08823e-09
0 2.08823e-09
0 2.08823e-09

