0 0.390873
0 0.257478
0 0.222584
0 0.198452
0 0.17961
0 0.164219
0 0.151243
0 0.140008
0 0.130067
0 0.12111
0 0.112913
0 0.105316
0 0.0981949
0 0.0914598
0 0.0850439
0 0.0789015
0 0.073009
0 0.0673682
0 0.0620104
0 0.0569834
0 0.0523241
0 0.0480428
0 0.0441288
0 0.0405601
0 0.0373105
0 0.0343526
0 0.0316597
0 0.0292069
0 0.0269709
0 0.0249307
0 0.0230673
0 0.0213635
0 0.0198039
0 0.0183746
0 0.0170631
0 0.0158585
0 0.0147508
0 0.013731
0 0.0127911
0 0.011924
0 0.0111233
0 0.0103831
0 0.00969819
0 0.00906387
0 0.00847589
0 0.0079304
0 0.00742389
0 0.00695323
0 0.00651553
0 0.0061082
0 0.00572884
0 0.00537531
0 0.00504562
0 0.00473797
0 0.00445072
0 0.00418234
0 0.00393147
0 0.00369682
0 0.00347723
0 0.00327162
0 0.00307901
0 0.0028985
0 0.00272923
0 0.00257044
0 0.0024214
0 0.00228147
0 0.00215002
0 0.00202649
0 0.00191036
0 0.00180113
0 0.00169837
0 0.00160163
0 0.00151055
0 0.00142475
0 0.0013439
0 0.00126768
0 0.0011958
0 0.00112799
0 0.00106399
0 0.00100356
0 0.000946493
0 0.000892569
0 0.000841597
0 0.000793396
0 0.000747796
0 0.000704639
0 0.000663776
0 0.000625067
0 0.000588382
0 0.000553597
0 0.000520599
0 0.000489277
0 0.000459532
0 0.000431266
0 0.000404391
0 0.000378821
0 0.000354477
0 0.000331284
0 0.000309171
0 0.000288071
0 0.000267921
0 0.000248661
0 0.000230235
0 0.00021259
0 0.000195676
0 0.000179444
0 0.00016385
0 0.00014885
0 0.000134403
0 0.000120472
0 0.000107019
0 9.4008e-05
0 8.14068e-05
0 6.91831e-05
0 5.73062e-05
0 4.5747e-05
0 3.44774e-05
0 2.34707e-05
0 1.27009e-05
0 2.14328e-06
0 3.90873e-09
0 3.90873e-09
0 3.90873e-09
0 3.90873e-09
0 3.90873e-09
0 3.90873e-09
0 3.90873e-09
0 3.90873e-09
0 3.90873e-09
0 3.90873e-09
0 3.90873e-09
0 3.90873e-09
0 3.90873e-09
0 3.90873e-09
0 3.90873e-09
0 3.90873e-09
0 3.90873e-09
0 3.90873e-09
0 3.90873e-09
0 3.90873e-09
0 3.90873e-09
0 3.90873e-09
0 3.90873e-09
0 3.90873e-09
0 3.90873e-09
0 3.90873e-09
0 3.90873e-09
0 3.90873e-09
0 3.90873e-09
0 3.90873e-09
0 3.90873e-09
0 3.90873e-09
0 3.90873e-09
0 3.90873e-09
0 3.90873e-09
0 3.90873e-09
0 3.90873e-09
0 3.90873e-09
0 3.90873e-09
0 3.90873e-09
0 3.90873e-09
0 3.90873e-09
0 3.90873e-09
0 3.90873e-09
0 3.90873e-09
0 3.90873e-09
0 3.90873e-09
0 3.90873e-09
0 3.90873e-09
0 3.90873e-09
0 3.90873e-09
0 3.90873e-09
0 3.90873e-09
0 3.90873e-09
0 3.90873e-09
0 3.90873e-09
0 3.90873e-09
0 3.90873e-09
0 3.90873e-09
0 3.90873e-09
0 3.90873e-09
0 3.90873e-09
0 3.90873e-09
0 3.90873e-09
0 3.90873e-09
0 3.90873e-09
0 3.90873e-09
0 3.90873e-09
0 3.90873e-09
0 3.90873e-09
0 3.90873e-09
0 3.90873e-09
0 3.90873e-09
0 3.90873e-09
0 3.90873e-09
0 3.90873e-09
0 3.90873e-09
0 3.90873e-09
0 3.90873e-09
0 3.90873e-09
0 3.90873e-09
0 3.90873e-09
0 3.90873e-09
0 3.90873e-09
0 3.90873e-09
0 3.90873e-09
0 3.90873e-09
0 3.90873e-09
0 3.90873e-09
0 3.90873e-09
0 3.90873e-09
0 3.90873e-09
0 3.90873e-09
0 3.90873e-09
0 3.90873e-09
0 3.90873e-09
0 3.90873e-09
0 3.90873e-09
0 3.90873e-09
0 3.90873e-09
0 3.90873e-09
0 3.90873e-09
0 3.90873e-09
0 3.90873e-09
0 3.90873e-09
0 3.90873e-09
0 3.90873e-09
0 3.90873e-09
0 3.90873e-09
0 3.90873e-09
0 3.90873e-09
0 3.90873e-09
0 3.90873e-09
0 3.90873e-09
0 3.90873e-09
0 3.90873e-09
0 3.90873e-09
0 3.90873e-09
0 3.90873e-09
0 3.90873e-09
0 3.90873e-09
0 3.90873e-09
0 3.90873e-09
0 3.90873e-09
0 3.90873e-09
0 3.90873e-09
0 3.90873e-09
0 3.90873e-09
0 3.90873e-09
0 3.90873e-09
0 3.90873e-09
0 3.90873e-09
0 3.90873e-09
0 3.90873e-09
0 3.90873e-09
0 3.90873e-09
0 3.90873e-09
0 3.90873e-09
0 3.90873e-09
0 3.90873e-09
0 3.90873e-09
0 3.90873e-09
0 3.90873e-09
0 3.90873e-09
0 3.90873e-09
0 3.90873e-09
0 3.90873e-09
0 3.90873e-09
0 3.90873e-09
0 3.90873e-09
0 3.90873e-09
0 3.90873e-09
0 3.90873e-09
0 3.90873e-09
0 3.90873e-09
0 3.90873e-09
0 3.90873e-09
0 3.90873e-09
0 3.90873e-09
0 3.90873e-09
0 3.90873e-09
0 3.90873e-09
0 3.90873e-09
0 3.90873e-09
0 3.90873e-09
0 3.90873e-09
0 3.90873e-09
0 3.90873e-09
0 3.90873e-09
0 3.90873e-09
0 3.90873e-09
0 3.90873e-09
0 3.90873e-09
0 3.90873e-09
0 3.90873e-09
0 3.90873e-09
0 3.90873e-09
0 3.90873e-09
0 3.90873e-09
0 3.90873e-09
0 3.90873e-09
0 3.90873e-09
0 3.90873e-09
0 3.90873e-09
0 3.90873e-09
0 3.90873e-09
0 3.90873e-09
0 3.90873e-09
0 3.90873e-09
0 3.90873e-09
0 3.90873e-09
0 3.90873e-09
0 3.90873e-09
0 3.90873e-09
0 3.90873e-09
0 3.90873e-09
0 3.90873e-09
0 3.90873e-09
0 3.90873e-09
0 3.90873e-09
0 3.90873e-09
0 3.90873e-09
0 3.90873e-09
0 3.90873e-09
0 3.90873e-09
0 3.90873e-09
0 3.90873e-09
0 3.90873e-09
0 3.90873e-09
0 3.90873e-09
0 3.90873e-09
0 3.90873e-09
0 3.90873e-09
0 3.90873e-09
0 3.90873e-09
0 3.90873e-09
0 3.90873e-09
0 3.90873e-09
0 3.90873e-09
0 3.90873e-09
0 3.90873e-09
0 3.90873e-09
0 3.90873e-09
0 3.90873e-09
0 3.90873e-09
0 3.90873e-09
0 3.90873e-09
0 3.90873e-09
0 3.90873e-09
0 3.90873e-09
0 3.90873e-09
0 3.90873e-09
0 3.90873e-09
0 3.90873e-09
0 3.90873e-09
0 3.90873e-09
0 3.90873e-09
0 3.90873e-09
0 3.90873e-09
0 3.90873e-09
0 3.90873e-09
0 3.90873e-09
0 3.90873e-09
0 3.90873e-09
0 3.90873e-09
0 3.90873e-09
0 3.90873e-09
0 3.90873e-09
0 3.90873e-09
0 3.90873e-09
0 3.90873e-09
0 3.90873e-09
0 3.90873e-09
0 3.90873e-09
0 3.90873e-09
0 3.90873e-09
0 3.90873e-09
0 3.90873e-09
0 3.90873e-09
0 3.90873e-09
0 3.90873e-09
0 3.90873e-09
0 3.90873e-09
0 3.90873e-09
0 3.90873e-09
0 3.90873e-09
0 3.90873e-09
0 3.90873e-09
0 3.90873e-09
0 3.90873e-09
0 3.90873e-09
0 3.90873e-09
0 3.90873e-09
0 3.90873e-09
0 3.90873e-09
0 3.90873e-09
0 3.90873e-09
0 3.90873e-09
0 3.90873e-09
0 3.90873e-09
0 3.90873e-09
0 3.90873e-09
0 3.90873e-09
0 3.90873e-09
0 3.90873e-09
0 3.90873e-09
0 3.90873e-09
0 3.90873e-09
0 3.90873e-09
0 3.90873e-09
0 3.90873e-09
0 3.90873e-09
0 3.90873e-09
0 3.90873e-09
0 3.90873e-09
0 3.90873e-09
0 3.90873e-09
0 3.90873e-09
0 3.90873e-09
0 3.90873e-09
0 3.90873e-09
0 3.90873e-09
0 3.90873e-09
0 3.90873e-09
0 3.90873e-09
0 3.90873e-09
0 3.90873e-09
0 3.90873e-09
0 3.90873e-09
0 3.90873e-09
0 3.90873e-09
0 3.90873e-09
0 3.90873e-09
0 3.90873e-09
0 3.90873e-09
0 3.90873e-09
0 3.90873e-09
0 3.90873e-09
0 3.90873e-09
0 3.90873e-09
0 3.90873e-09
0 3.90873e-09
0 3.90873e-09
0 3.90873e-09
0 3.90873e-09
0 3.90873e-09
0 3.90873e-09
0 3.90873e-09
0 3.90873e-09
0 3.90873e-09
0 3.90873e-09
0 3.90873e-09
0 3.90873e-09
0 3.90873e-09
0 3.90873e-09
0 3.90873e-09
0 3.90873e-09
0 3.90873e-09
0 3.90873e-09
0 3.90873e-09
0 3.90873e-09
0 3.90873e-09
0 3.90873e-09
0 3.90873e-09
0 3.90873e-09
0 3.90873e-09
0 3.90873e-09
0 3.90873e-09
0 3.90873e-09
0 3.90873e-09
0 3.90873e-09
0 3.90873e-09
0 3.90873e-09
0 3.90873e-09
0 3.90873e-09
0 3.90873e-09
0 3.90873e-09
0 3.90873e-09
0 3.90873e-09
0 3.90873e-09
0 3.90873e-09
0 3.90873e-09
0 3.90873e-09
0 3.90873e-09
0 3.90873e-09
0 3.90873e-09
0 3.90873e-09
0 3.90873e-09
0 3.90873e-09
0 3.90873e-09
0 3.90873e-09
0 3.90873e-09
0 3.90873e-09
0 3.90873e-09
0 3.90873e-09
0 3.90873e-09
0 3.90873e-09
0 3.90873e-09
0 3.90873e-09
0 3.90873e-09
0 3.90873e-09
0 3.90873e-09
0 3.90873e-09
0 3.90873e-09
0 3.90873e-09
0 3.90873e-09
0 3.90873e-09
0 3.90873e-09
0 3.90873e-09
0 3.90873e-09
0 3.90873e-09
0 3.90873e-09
0 3.90873e-09
0 3.90873e-09
0 3.90873e-09
0 3.90873e-09
0 3.90873e-09
0 3.90873e-09
0 3.90873e-09
0 3.90873e-09
0 3.90873e-09
0 3.90873e-09
0 3.90873e-09
0 3.90873e-09
0 3.90873e-09
0 3.90873e-09
0 3.90873e-09
0 3.90873e-09
0 3.90873e-09
0 3.90873e-09
0 3.90873e-09
0 3.90873e-09
0 3.90873e-09
0 3.90873e-09
0 3.90873e-09
0 3.90873e-09
0 3.90873e-09
0 3.90873e-09
0 3.90873e-09
0 3.90873e-09
0 3.90873e-09
0 3.90873e-09
0 3.90873e-09
0 3.90873e-09
0 3.90873e-09
0 3.90873e-09
0 3.90873e-09
0 3.90873e-09
0 3.90873e-09
0 3.90873e-09
0 3.90873e-09
0 3.90873e-09
0 3.90873e-09
0 3.90873e-09
0 3.90873e-09
0 3.90873e-09
0 3.90873e-09
0 3.90873e-09
0 3.90873e-09
0 3.90873e-09
0 3.90873e-09
0 3.90873e-09
0 3.90873e-09
0 3.90873e-09
0 3.90873e-09
0 3.90873e-09
0 3.90873e-09
0 3.90873e-09
0 3.90873e-09
0 3.90873e-09
0 3.90873e-09
0 3.90873e-09
0 3.90873e-09
0 3.90873e-09
0 3.90873e-09
0 3.90873e-09
0 3.90873e-09
0 3.90873e-09
0 3.90873e-09
0 3.90873e-09
0 3.90873e-09
0 3.90873e-09
0 3.90873e-09
0 3.90873e-09
0 3.90873e-09
0 3.90873e-09
0 3.90873e-09
0 3.90873e-09
0 3.90873e-09
0 3.90873e-09
0 3.90873e-09
0 3.90873e-09
0 3.90873e-09
0 3.90873e-09
0 3.90873e-09
0 3.90873e-09
0 3.90873e-09
0 3.90873e-09
0 3.90873e-09
0 3.90873e-09
0 3.90873e-09
0 3.90873e-09
0 3.90873e-09
0 3.90873e-09
0 3.90873e-09
0 3.90873e-09
0 3.90873e-09
0 3.90873e-09
0 3.90873e-09
0 3.90873e-09
0 3.90873e-09
0 3.90873e-09
0 3.90873e-09
0 3.90873e-09
0 3.90873e-09
0 3.90873e-09
0 3.90873e-09
0 3.90873e-09
0 3.90873e-09
0 3.90873e-09
0 3.90873e-09
0 3.90873e-09
0 3.90873e-09
0 3.90873e-09
0 3.90873e-09
0 3.90873e-09
0 3.90873e-09
0 3.90873e-09
0 3.90873e-09
0 3.90873e-09
0 3.90873e-09
0 3.90873e-09
0 3.90873e-09
0 3.90873e-09
0 3.90873e-09
0 3.90873e-09
0 3.90873e-09
0 3.90873e-09
0 3.90873e-09
0 3.90873e-09
0 3.90873e-09
0 3.90873e-09
0 3.90873e-09
0 3.90873e-09
0 3.90873e-09
0 3.90873e-09
0 3.90873e-09
0 3.90873e-09
0 3.90873e-09
0 3.90873e-09
0 3.90873e-09
0 3.90873e-09
0 3.90873e-09
0 3.90873e-09
0 3.90873e-09
0 3.90873e-09
0 3.90873e-09
0 3.90873e-09
0 3.90873e-09
0 3.90873e-09
0 3.90873e-09
0 3.90873e-09
0 3.90873e-09
0 3.90873e-09
0 3.90873e-09
0 3.90873e-09
0 3.90873e-09
0 3.90873e-09
0 3.90873e-09
0 3.90873e-09
0 3.90873e-09
0 3.90873e-09
0 3.90873e-09
0 3.90873e-09
0 3.90873e-09
0 3.90873e-09
0 3.90873e-09
0 3.90873e-09
0 3.90873e-09
0 3.90873e-09
0 3.90873e-09
0 3.90873e-09
0 3.90873e-09
0 3.90873e-09
0 3.90873e-09
0 3.90873e-09
0 3.90873e-09
0 3.90873e-09
0 3.90873e-09
0 3.90873e-09
0 3.90873e-09
0 3.90873e-09
0 3.90873e-09
0 3.90873e-09
0 3.90873e-09
0 3.90873e-09
0 3.90873e-09
0 3.90873e-09
0 3.90873e-09
0 3.90873e-09
0 3.90873e-09
0 3.90873e-09
0 3.90873e-09
0 3.90873e-09
0 3.90873e-09
0 3.90873e-09
0 3.90873e-09
0 3.90873e-09
0 3.90873e-09
0 3.90873e-09
0 3.90873e-09
0 3.90873e-09
0 3.90873e-09
0 3.90873e-09
0 3.90873e-09
0 3.90873e-09
0 3.90873e-09
0 3.90873e-09
0 3.90873e-09
0 3.90873e-09
0 3.90873e-09
0 3.90873e-09
0 3.90873e-09
0 3.90873e-09
0 3.90873e-09
0 3.90873e-09
0 3.90873e-09
0 3.90873e-09
0 3.90873e-09
0 3.90873e-09
0 3.90873e-09
0 3.90873e-09
0 3.90873e-09
0 3.90873e-09
0 3.90873e-09
0 3.90873e-09
0 3.90873e-09
0 3.90873e-09
0 3.90873e-09
0 3.90873e-09
0 3.90873e-09
0 3.90873e-09
0 3.90873e-09
0 3.90873e-09
0 3.90873e-09
0 3.90873e-09
0 3.90873e-09
0 3.90873e-09
0 3.90873e-09
0 3.90873e-09
0 3.90873e-09
0 3.90873e-09
0 3.90873e-09
0 3.90873e-09
0 3.90873e-09
0 3.90873e-09
0 3.90873e-09
0 3.90873e-09
0 3.90873e-09
0 3.90873e-09
0 3.90873e-09
0 3.90873e-09
0 3.90873e-09
0 3.90873e-09
0 3.90873e-09
0 3.90873e-09
0 3.90873e-09
0 3.90873e-09
0 3.90873e-09
0 3.90873e-09
0 3.90873e-09
0 3.90873e-09
0 3.90873e-09
0 3.90873e-09
0 3.90873e-09
0 3.90873e-09
0 3.90873e-09
0 3.90873e-09
0 3.90873e-09
0 3.90873e-09
0 3.90873e-09
0 3.90873e-09
0 3.90873e-09
0 3.90873e-09
0 3.90873e-09
0 3.90873e-09
0 3.90873e-09
0 3.90873e-09
0 3.90873e-09
0 3.90873e-09
0 3.90873e-09
0 3.90873e-09
0 3.90873e-09
0 3.90873e-09
0 3.90873e-09
0 3.90873e-09
0 3.90873e-09
0 3.90873e-09
0 3.90873e-09
0 3.90873e-09
0 3.90873e-09
0 3.90873e-09
0 3.90873e-09
0 3.90873e-09
0 3.90873e-09
0 3.90873e-09
0 3.90873e-09
0 3.90873e-09
0 3.90873e-09
0 3.90873e-09
0 3.90873e-09
0 3.90873e-09
0 3.90873e-09
0 3.90873e-09
0 3.90873e-09
0 3.90873e-09
0 3.90873e-09
0 3.90873e-09
0 3.90873e-09
0 3.90873e-09
0 3.90873e-09
0 3.90873e-09
0 3.90873e-09
0 3.90873e-09
0 3.90873e-09
0 3.90873e-09
0 3.90873e-09
0 3.90873e-09
0 3.90873e-09
0 3.90873e-09
0 3.90873e-09
0 3.90873e-09
0 3.90873e-09
0 3.90873e-09
0 3.90873e-09
0 3.90873e-09
0 3.90873e-09
0 3.90873e-09
0 3.90873e-09
0 3.90873e-09
0 3.90873e-09
0 3.90873e-09
0 3.90873e-09
0 3.90873e-09
0 3.90873e-09
0 3.90873e-09
0 3.90873e-09
0 3.90873e-09
0 3.90873e-09
0 3.90873e-09
0 3.90873e-09
0 3.90873e-09
0 3.90873e-09
0 3.90873e-09
0 3.90873e-09
0 3.90873e-09
0 3.90873e-09
0 3.90873e-09
0 3.90873e-09
0 3.90873e-09
0 3.90873e-09
0 3.90873e-09
0 3.90873e-09
0 3.90873e-09
0 3.90873e-09
0 3.90873e-09
0 3.90873e-09
0 3.90873e-09
0 3.90873e-09
0 3.90873e-09
0 3.90873e-09
0 3.90873e-09
0 3.90873e-09
0 3.90873e-09
0 3.90873e-09
0 3.90873e-09
0 3.90873e-09
0 3.90873e-09
0 3.90873e-09
0 3.90873e-09
0 3.90873e-09
0 3.90873e-09
0 3.90873e-09
0 3.90873e-09
0 3.90873e-09
0 3.90873e-09
0 3.90873e-09
0 3.90873e-09
0 3.90873e-09
0 3.90873e-09
0 3.90873e-09
0 3.90873e-09
0 3.90873e-09
0 3.90873e-09
0 3.90873e-09
0 3.90873e-09
0 3.90873e-09
0 3.90873e-09
0 3.90873e-09
0 3.90873e-09
0 3.90873e-09
0 3.90873e-09
0 3.90873e-09
0 3.90873e-09
0 3.90873e-09
0 3.90873e-09
0 3.90873e-09
0 3.90873e-09
0 3.90873e-09
0 3.90873e-09
0 3.90873e-09
0 3.90873e-09
0 3.90873e-09
0 3.90873e-09
0 3.90873e-09
0 3.90873e-09
0 3.90873e-09
0 3.90873e-09
0 3.90873e-09
0 3.90873e-09
0 3.90873e-09
0 3.90873e-09
0 3.90873e-09
0 3.90873e-09
0 3.90873e-09
0 3.90873e-09
0 3.90873e-09
0 3.90873e-09
0 3.90873e-09
0 3.90873e-09
0 3.90873e-09
0 3.90873e-09
0 3.90873e-09
0 3.90873e-09
0 3.90873e-09
0 3.90873e-09
0 3.90873e-09
0 3.90873e-09
0 3.90873e-09
0 3.90873e-09
0 3.90873e-09
0 3.90873e-09
0 3.90873e-09
0 3.90873e-09
0 3.90873e-09
0 3.90873e-09
0 3.90873e-09
0 3.90873e-09
0 3.90873e-09
0 3.90873e-09
0 3.90873e-09
0 3.90873e-09
0 3.90873e-09
0 3.90873e-09
0 3.90873e-09
0 3.90873e-09
0 3.90873e-09
0 3.90873e-09
0 3.90873e-09
0 3.90873e-09
0 3.90873e-09
0 3.90873e-09
0 3.90873e-09
0 3.90873e-09
0 3.90873e-09
0 3.90873e-09
0 3.90873e-09
0 3.90873e-09
0 3.90873e-09
0 3.90873e-09
0 3.90873e-09
0 3.90873e-09
0 3.90873e-09
0 3.90873e-09
0 3.90873e-09
0 3.90873e-09
0 3.90873e-09
0 3.90873e-09
0 3.90873e-09
0 3.90873e-09
0 3.90873e-09
0 3.90873e-09
0 3.90873e-09
0 3.90873e-09
0 3.90873e-09
0 3.90873e-09
0 3.90873e-09
0 3.90873e-09
0 3.90873e-09
0 3.90873e-09
0 3.90873e-09
0 3.90873e-09
0 3.90873e-09
0 3.90873e-09
0 3.90873e-09
0 3.90873e-09
0 3.90873e-09
0 3.90873e-09
0 3.90873e-09
0 3.90873e-09

