0 0.069608
0 0.0695221
0 0.0692901
0 0.0689152
0 0.0684004
0 0.0677497
0 0.0669689
0 0.0660647
0 0.0650453
0 0.0639203
0 0.0627007
0 0.0613981
0 0.0600253
0 0.0585948
0 0.0571193
0 0.0556104
0 0.0540788
0 0.0525341
0 0.0509845
0 0.0494371
0 0.0478977
0 0.0463714
0 0.0448624
0 0.0433742
0 0.0419097
0 0.0404713
0 0.0390611
0 0.0376806
0 0.0363313
0 0.0350143
0 0.0337303
0 0.0324801
0 0.031264
0 0.0300824
0 0.0289354
0 0.0278229
0 0.0267449
0 0.0257011
0 0.0246912
0 0.0237148
0 0.0227715
0 0.0218605
0 0.0209815
0 0.0201336
0 0.0193163
0 0.0185289
0 0.0177704
0 0.0170403
0 0.0163378
0 0.015662
0 0.0150121
0 0.0143875
0 0.0137872
0 0.0132105
0 0.0126566
0 0.0121248
0 0.0116143
0 0.0111243
0 0.0106542
0 0.0102031
0 0.00977048
0 0.00935557
0 0.00895773
0 0.0085763
0 0.00821067
0 0.00786023
0 0.00752439
0 0.00720258
0 0.00689425
0 0.00659886
0 0.00631589
0 0.00604486
0 0.00578528
0 0.00553669
0 0.00529864
0 0.0050707
0 0.00485246
0 0.00464352
0 0.00444349
0 0.00425201
0 0.00406872
0 0.00389329
0 0.00372537
0 0.00356467
0 0.00341087
0 0.00326369
0 0.00312284
0 0.00298807
0 0.00285911
0 0.00273571
0 0.00261765
0 0.00250469
0 0.00239661
0 0.00229322
0 0.0021943
0 0.00209967
0 0.00200914
0 0.00192254
0 0.00183969
0 0.00176044
0 0.00168464
0 0.00161212
0 0.00154276
0 0.00147641
0 0.00141295
0 0.00135224
0 0.00129418
0 0.00123864
0 0.00118551
0 0.0011347
0 0.0010861
0 0.00103961
0 0.000995139
0 0.000952606
0 0.000911922
0 0.000873006
0 0.000835782
0 0.000800176
0 0.000766117
0 0.000733536
0 0.000702368
0 0.00067255
0 0.000644023
0 0.000616729
0 0.000590614
0 0.000565625
0 0.000541714
0 0.000518832
0 0.000496934
0 0.000475977
0 0.00045592
0 0.000436723
0 0.000418349
0 0.000400761
0 0.000383926
0 0.00036781
0 0.000352382
0 0.000337611
0 0.000323471
0 0.000309932
0 0.000296969
0 0.000284557
0 0.000272672
0 0.000261292
0 0.000250394
0 0.000239957
0 0.000229962
0 0.00022039
0 0.000211222
0 0.000202442
0 0.000194032
0 0.000185976
0 0.000178259
0 0.000170868
0 0.000163787
0 0.000157004
0 0.000150505
0 0.000144279
0 0.000138315
0 0.0001326
0 0.000127125
0 0.000121878
0 0.000116851
0 0.000112034
0 0.000107418
0 0.000102995
0 9.87563e-05
0 9.46941e-05
0 9.08011e-05
0 8.707e-05
0 8.34942e-05
0 8.00669e-05
0 7.67821e-05
0 7.36335e-05
0 7.06156e-05
0 6.77228e-05
0 6.49498e-05
0 6.22917e-05
0 5.97435e-05
0 5.73008e-05
0 5.4959e-05
0 5.27139e-05
0 5.05615e-05
0 4.8498e-05
0 4.65195e-05
0 4.46225e-05
0 4.28037e-05
0 4.10598e-05
0 3.93876e-05
0 3.77842e-05
0 3.62467e-05
0 3.47723e-05
0 3.33584e-05
0 3.20026e-05
0 3.07024e-05
0 2.94554e-05
0 2.82596e-05
0 2.71127e-05
0 2.60127e-05
0 2.49577e-05
0 2.39459e-05
0 2.29754e-05
0 2.20445e-05
0 2.11516e-05
0 2.02951e-05
0 1.94736e-05
0 1.86855e-05
0 1.79295e-05
0 1.72043e-05
0 1.65086e-05
0 1.58412e-05
0 1.52009e-05
0 1.45866e-05
0 1.39972e-05
0 1.34318e-05
0 1.28893e-05
0 1.23688e-05
0 1.18693e-05
0 1.13901e-05
0 1.09303e-05
0 1.0489e-05
0 1.00656e-05
0 9.65926e-06
0 9.26933e-06
0 8.89513e-06
0 8.536e-06
0 8.19133e-06
0 7.86054e-06
0 7.54304e-06
0 7.2383e-06
0 6.94579e-06
0 6.66502e-06
0 6.39549e-06
0 6.13676e-06
0 5.88838e-06
0 5.64992e-06
0 5.42098e-06
0 5.20117e-06
0 4.99012e-06
0 4.78746e-06
0 4.59286e-06
0 4.40597e-06
0 4.22649e-06
0 4.05411e-06
0 3.88854e-06
0 3.7295e-06
0 3.57672e-06
0 3.42994e-06
0 3.28892e-06
0 3.15342e-06
0 3.02321e-06
0 2.89807e-06
0 2.77779e-06
0 2.66217e-06
0 2.55101e-06
0 2.44414e-06
0 2.34137e-06
0 2.24253e-06
0 2.14746e-06
0 2.05599e-06
0 1.96798e-06
0 1.88328e-06
0 1.80174e-06
0 1.72325e-06
0 1.64765e-06
0 1.57484e-06
0 1.50469e-06
0 1.43708e-06
0 1.3719e-06
0 1.30905e-06
0 1.24843e-06
0 1.18993e-06
0 1.13346e-06
0 1.07893e-06
0 1.02625e-06
0 9.75338e-07
0 9.26105e-07
0 8.78475e-07
0 8.32373e-07
0 7.87723e-07
0 7.44456e-07
0 7.02502e-07
0 6.61794e-07
0 6.22269e-07
0 5.83864e-07
0 5.4652e-07
0 5.10176e-07
0 4.74778e-07
0 4.4027e-07
0 4.06599e-07
0 3.73714e-07
0 3.41563e-07
0 3.10098e-07
0 2.79272e-07
0 2.49038e-07
0 2.19351e-07
0 1.90167e-07
0 1.61441e-07
0 1.33133e-07
0 1.052e-07
0 7.76023e-08
0 5.02995e-08
0 2.32525e-08
0 6.9608e-10
0 6.9608e-10
0 6.9608e-10
0 6.9608e-10
0 6.9608e-10
0 6.9608e-10
0 6.9608e-10
0 6.9608e-10
0 6.9608e-10
0 6.9608e-10
0 6.9608e-10
0 6.9608e-10
0 6.9608e-10
0 6.9608e-10
0 6.9608e-10
0 6.9608e-10
0 6.9608e-10
0 6.9608e-10
0 6.9608e-10
0 6.9608e-10
0 6.9608e-10
0 6.9608e-10
0 6.9608e-10
0 6.9608e-10
0 6.9608e-10
0 6.9608e-10
0 6.9608e-10
0 6.9608e-10
0 6.9608e-10
0 6.9608e-10
0 6.9608e-10
0 6.9608e-10
0 6.9608e-10
0 6.9608e-10
0 6.9608e-10
0 6.9608e-10
0 6.9608e-10
0 6.9608e-10
0 6.9608e-10
0 6.9608e-10
0 6.9608e-10
0 6.9608e-10
0 6.9608e-10
0 6.9608e-10
0 6.9608e-10
0 6.9608e-10
0 6.9608e-10
0 6.9608e-10
0 6.9608e-10
0 6.9608e-10
0 6.9608e-10
0 6.9608e-10
0 6.9608e-10
0 6.9608e-10
0 6.9608e-10
0 6.9608e-10
0 6.9608e-10
0 6.9608e-10
0 6.9608e-10
0 6.9608e-10
0 6.9608e-10
0 6.9608e-10
0 6.9608e-10
0 6.9608e-10
0 6.9608e-10
0 6.9608e-10
0 6.9608e-10
0 6.9608e-10
0 6.9608e-10
0 6.9608e-10
0 6.9608e-10
0 6.9608e-10
0 6.9608e-10
0 6.9608e-10
0 6.9608e-10
0 6.9608e-10
0 6.9608e-10
0 6.9608e-10
0 6.9608e-10
0 6.9608e-10
0 6.9608e-10
0 6.9608e-10
0 6.9608e-10
0 6.9608e-10
0 6.9608e-10
0 6.9608e-10
0 6.9608e-10
0 6.9608e-10
0 6.9608e-10
0 6.9608e-10
0 6.9608e-10
0 6.9608e-10
0 6.9608e-10
0 6.9608e-10
0 6.9608e-10
0 6.9608e-10
0 6.9608e-10
0 6.9608e-10
0 6.9608e-10
0 6.9608e-10
0 6.9608e-10
0 6.9608e-10
0 6.9608e-10
0 6.9608e-10
0 6.9608e-10
0 6.9608e-10
0 6.9608e-10
0 6.9608e-10
0 6.9608e-10
0 6.9608e-10
0 6.9608e-10
0 6.9608e-10
0 6.9608e-10
0 6.9608e-10
0 6.9608e-10
0 6.9608e-10
0 6.9608e-10
0 6.9608e-10
0 6.9608e-10
0 6.9608e-10
0 6.9608e-10
0 6.9608e-10
0 6.9608e-10
0 6.9608e-10
0 6.9608e-10
0 6.9608e-10
0 6.9608e-10
0 6.9608e-10
0 6.9608e-10
0 6.9608e-10
0 6.9608e-10
0 6.9608e-10
0 6.9608e-10
0 6.9608e-10
0 6.9608e-10
0 6.9608e-10
0 6.9608e-10
0 6.9608e-10
0 6.9608e-10
0 6.9608e-10
0 6.9608e-10
0 6.9608e-10
0 6.9608e-10
0 6.9608e-10
0 6.9608e-10
0 6.9608e-10
0 6.9608e-10
0 6.9608e-10
0 6.9608e-10
0 6.9608e-10
0 6.9608e-10
0 6.9608e-10
0 6.9608e-10
0 6.9608e-10
0 6.9608e-10
0 6.9608e-10
0 6.9608e-10
0 6.9608e-10
0 6.9608e-10
0 6.9608e-10
0 6.9608e-10
0 6.9608e-10
0 6.9608e-10
0 6.9608e-10
0 6.9608e-10
0 6.9608e-10
0 6.9608e-10
0 6.9608e-10
0 6.9608e-10
0 6.9608e-10
0 6.9608e-10
0 6.9608e-10
0 6.9608e-10
0 6.9608e-10
0 6.9608e-10
0 6.9608e-10
0 6.9608e-10
0 6.9608e-10
0 6.9608e-10
0 6.9608e-10
0 6.9608e-10
0 6.9608e-10
0 6.9608e-10
0 6.9608e-10
0 6.9608e-10
0 6.9608e-10
0 6.9608e-10
0 6.9608e-10
0 6.9608e-10
0 6.9608e-10
0 6.9608e-10
0 6.9608e-10
0 6.9608e-10
0 6.9608e-10
0 6.9608e-10
0 6.9608e-10
0 6.9608e-10
0 6.9608e-10
0 6.9608e-10
0 6.9608e-10
0 6.9608e-10
0 6.9608e-10
0 6.9608e-10
0 6.9608e-10
0 6.9608e-10
0 6.9608e-10
0 6.9608e-10
0 6.9608e-10
0 6.9608e-10
0 6.9608e-10
0 6.9608e-10
0 6.9608e-10
0 6.9608e-10
0 6.9608e-10
0 6.9608e-10
0 6.9608e-10
0 6.9608e-10
0 6.9608e-10
0 6.9608e-10
0 6.9608e-10
0 6.9608e-10
0 6.9608e-10
0 6.9608e-10
0 6.9608e-10
0 6.9608e-10
0 6.9608e-10
0 6.9608e-10
0 6.9608e-10
0 6.9608e-10
0 6.9608e-10
0 6.9608e-10
0 6.9608e-10
0 6.9608e-10
0 6.9608e-10
0 6.9608e-10
0 6.9608e-10
0 6.9608e-10
0 6.9608e-10
0 6.9608e-10
0 6.9608e-10
0 6.9608e-10
0 6.9608e-10
0 6.9608e-10
0 6.9608e-10
0 6.9608e-10
0 6.9608e-10
0 6.9608e-10
0 6.9608e-10
0 6.9608e-10
0 6.9608e-10
0 6.9608e-10
0 6.9608e-10
0 6.9608e-10
0 6.9608e-10
0 6.9608e-10
0 6.9608e-10
0 6.9608e-10
0 6.9608e-10
0 6.9608e-10
0 6.9608e-10
0 6.9608e-10
0 6.9608e-10
0 6.9608e-10
0 6.9608e-10
0 6.9608e-10
0 6.9608e-10
0 6.9608e-10
0 6.9608e-10
0 6.9608e-10
0 6.9608e-10
0 6.9608e-10
0 6.9608e-10
0 6.9608e-10
0 6.9608e-10
0 6.9608e-10
0 6.9608e-10
0 6.9608e-10
0 6.9608e-10
0 6.9608e-10
0 6.9608e-10
0 6.9608e-10
0 6.9608e-10
0 6.9608e-10
0 6.9608e-10
0 6.9608e-10
0 6.9608e-10
0 6.9608e-10
0 6.9608e-10
0 6.9608e-10
0 6.9608e-10
0 6.9608e-10
0 6.9608e-10
0 6.9608e-10
0 6.9608e-10
0 6.9608e-10
0 6.9608e-10
0 6.9608e-10
0 6.9608e-10
0 6.9608e-10
0 6.9608e-10
0 6.9608e-10
0 6.9608e-10
0 6.9608e-10
0 6.9608e-10
0 6.9608e-10
0 6.9608e-10
0 6.9608e-10
0 6.9608e-10
0 6.9608e-10
0 6.9608e-10
0 6.9608e-10
0 6.9608e-10
0 6.9608e-10
0 6.9608e-10
0 6.9608e-10
0 6.9608e-10
0 6.9608e-10
0 6.9608e-10
0 6.9608e-10
0 6.9608e-10
0 6.9608e-10
0 6.9608e-10
0 6.9608e-10
0 6.9608e-10
0 6.9608e-10
0 6.9608e-10
0 6.9608e-10
0 6.9608e-10
0 6.9608e-10
0 6.9608e-10
0 6.9608e-10
0 6.9608e-10
0 6.9608e-10
0 6.9608e-10
0 6.9608e-10
0 6.9608e-10
0 6.9608e-10
0 6.9608e-10
0 6.9608e-10
0 6.9608e-10
0 6.9608e-10
0 6.9608e-10
0 6.9608e-10
0 6.9608e-10
0 6.9608e-10
0 6.9608e-10
0 6.9608e-10
0 6.9608e-10
0 6.9608e-10
0 6.9608e-10
0 6.9608e-10
0 6.9608e-10
0 6.9608e-10
0 6.9608e-10
0 6.9608e-10
0 6.9608e-10
0 6.9608e-10
0 6.9608e-10
0 6.9608e-10
0 6.9608e-10
0 6.9608e-10
0 6.9608e-10
0 6.9608e-10
0 6.9608e-10
0 6.9608e-10
0 6.9608e-10
0 6.9608e-10
0 6.9608e-10
0 6.9608e-10
0 6.9608e-10
0 6.9608e-10
0 6.9608e-10
0 6.9608e-10
0 6.9608e-10
0 6.9608e-10
0 6.9608e-10
0 6.9608e-10
0 6.9608e-10
0 6.9608e-10
0 6.9608e-10
0 6.9608e-10
0 6.9608e-10
0 6.9608e-10
0 6.9608e-10
0 6.9608e-10
0 6.9608e-10
0 6.9608e-10
0 6.9608e-10
0 6.9608e-10
0 6.9608e-10
0 6.9608e-10
0 6.9608e-10
0 6.9608e-10
0 6.9608e-10
0 6.9608e-10
0 6.9608e-10
0 6.9608e-10
0 6.9608e-10
0 6.9608e-10
0 6.9608e-10
0 6.9608e-10
0 6.9608e-10
0 6.9608e-10
0 6.9608e-10
0 6.9608e-10
0 6.9608e-10
0 6.9608e-10
0 6.9608e-10
0 6.9608e-10
0 6.9608e-10
0 6.9608e-10
0 6.9608e-10
0 6.9608e-10
0 6.9608e-10
0 6.9608e-10
0 6.9608e-10
0 6.9608e-10
0 6.9608e-10
0 6.9608e-10
0 6.9608e-10
0 6.9608e-10
0 6.9608e-10
0 6.9608e-10
0 6.9608e-10
0 6.9608e-10
0 6.9608e-10
0 6.9608e-10
0 6.9608e-10
0 6.9608e-10
0 6.9608e-10
0 6.9608e-10
0 6.9608e-10
0 6.9608e-10
0 6.9608e-10
0 6.9608e-10
0 6.9608e-10
0 6.9608e-10
0 6.9608e-10
0 6.9608e-10
0 6.9608e-10
0 6.9608e-10
0 6.9608e-10
0 6.9608e-10
0 6.9608e-10
0 6.9608e-10
0 6.9608e-10
0 6.9608e-10
0 6.9608e-10
0 6.9608e-10
0 6.9608e-10
0 6.9608e-10
0 6.9608e-10
0 6.9608e-10
0 6.9608e-10
0 6.9608e-10
0 6.9608e-10
0 6.9608e-10
0 6.9608e-10
0 6.9608e-10
0 6.9608e-10
0 6.9608e-10
0 6.9608e-10
0 6.9608e-10
0 6.9608e-10
0 6.9608e-10
0 6.9608e-10
0 6.9608e-10
0 6.9608e-10
0 6.9608e-10
0 6.9608e-10
0 6.9608e-10
0 6.9608e-10
0 6.9608e-10
0 6.9608e-10
0 6.9608e-10
0 6.9608e-10
0 6.9608e-10
0 6.9608e-10
0 6.9608e-10
0 6.9608e-10
0 6.9608e-10
0 6.9608e-10
0 6.9608e-10
0 6.9608e-10
0 6.9608e-10
0 6.9608e-10
0 6.9608e-10
0 6.9608e-10
0 6.9608e-10
0 6.9608e-10
0 6.9608e-10
0 6.9608e-10
0 6.9608e-10
0 6.9608e-10
0 6.9608e-10
0 6.9608e-10
0 6.9608e-10
0 6.9608e-10
0 6.9608e-10
0 6.9608e-10
0 6.9608e-10
0 6.9608e-10
0 6.9608e-10
0 6.9608e-10
0 6.9608e-10
0 6.9608e-10
0 6.9608e-10
0 6.9608e-10
0 6.9608e-10
0 6.9608e-10
0 6.9608e-10
0 6.9608e-10
0 6.9608e-10
0 6.9608e-10
0 6.9608e-10
0 6.9608e-10
0 6.9608e-10
0 6.9608e-10
0 6.9608e-10
0 6.9608e-10
0 6.9608e-10
0 6.9608e-10
0 6.9608e-10
0 6.9608e-10
0 6.9608e-10
0 6.9608e-10
0 6.9608e-10
0 6.9608e-10
0 6.9608e-10
0 6.9608e-10
0 6.9608e-10
0 6.9608e-10
0 6.9608e-10
0 6.9608e-10
0 6.9608e-10
0 6.9608e-10
0 6.9608e-10
0 6.9608e-10
0 6.9608e-10
0 6.9608e-10
0 6.9608e-10
0 6.9608e-10
0 6.9608e-10
0 6.9608e-10
0 6.9608e-10
0 6.9608e-10
0 6.9608e-10
0 6.9608e-10
0 6.9608e-10
0 6.9608e-10
0 6.9608e-10
0 6.9608e-10
0 6.9608e-10
0 6.9608e-10
0 6.9608e-10
0 6.9608e-10
0 6.9608e-10
0 6.9608e-10
0 6.9608e-10
0 6.9608e-10
0 6.9608e-10
0 6.9608e-10
0 6.9608e-10
0 6.9608e-10
0 6.9608e-10
0 6.9608e-10
0 6.9608e-10
0 6.9608e-10
0 6.9608e-10
0 6.9608e-10
0 6.9608e-10
0 6.9608e-10
0 6.9608e-10
0 6.9608e-10
0 6.9608e-10
0 6.9608e-10
0 6.9608e-10
0 6.9608e-10
0 6.9608e-10
0 6.9608e-10
0 6.9608e-10
0 6.9608e-10
0 6.9608e-10
0 6.9608e-10
0 6.9608e-10
0 6.9608e-10
0 6.9608e-10
0 6.9608e-10
0 6.9608e-10
0 6.9608e-10
0 6.9608e-10
0 6.9608e-10
0 6.9608e-10
0 6.9608e-10
0 6.9608e-10
0 6.9608e-10
0 6.9608e-10
0 6.9608e-10
0 6.9608e-10
0 6.9608e-10
0 6.9608e-10
0 6.9608e-10
0 6.9608e-10
0 6.9608e-10
0 6.9608e-10
0 6.9608e-10
0 6.9608e-10
0 6.9608e-10
0 6.9608e-10
0 6.9608e-10
0 6.9608e-10
0 6.9608e-10
0 6.9608e-10
0 6.9608e-10
0 6.9608e-10
0 6.9608e-10
0 6.9608e-10
0 6.9608e-10
0 6.9608e-10
0 6.9608e-10
0 6.9608e-10
0 6.9608e-10
0 6.9608e-10
0 6.9608e-10
0 6.9608e-10
0 6.9608e-10
0 6.9608e-10
0 6.9608e-10
0 6.9608e-10
0 6.9608e-10
0 6.9608e-10
0 6.9608e-10
0 6.9608e-10
0 6.9608e-10
0 6.9608e-10
0 6.9608e-10
0 6.9608e-10
0 6.9608e-10
0 6.9608e-10
0 6.9608e-10
0 6.9608e-10
0 6.9608e-10
0 6.9608e-10
0 6.9608e-10
0 6.9608e-10
0 6.9608e-10
0 6.9608e-10
0 6.9608e-10
0 6.9608e-10
0 6.9608e-10
0 6.9608e-10
0 6.9608e-10
0 6.9608e-10
0 6.9608e-10
0 6.9608e-10
0 6.9608e-10
0 6.9608e-10
0 6.9608e-10
0 6.9608e-10
0 6.9608e-10
0 6.9608e-10
0 6.9608e-10
0 6.9608e-10
0 6.9608e-10
0 6.9608e-10
0 6.9608e-10
0 6.9608e-10
0 6.9608e-10
0 6.9608e-10
0 6.9608e-10
0 6.9608e-10
0 6.9608e-10
0 6.9608e-10
0 6.9608e-10
0 6.9608e-10
0 6.9608e-10
0 6.9608e-10
0 6.9608e-10
0 6.9608e-10
0 6.9608e-10
0 6.9608e-10
0 6.9608e-10
0 6.9608e-10
0 6.9608e-10
0 6.9608e-10
0 6.9608e-10
0 6.9608e-10
0 6.9608e-10
0 6.9608e-10
0 6.9608e-10
0 6.9608e-10
0 6.9608e-10
0 6.9608e-10
0 6.9608e-10
0 6.9608e-10
0 6.9608e-10
0 6.9608e-10

