0 0.289139
0 0.266835
0 0.230454
0 0.200134
0 0.177223
0 0.159591
0 0.145458
0 0.133672
0 0.123517
0 0.114534
0 0.106418
0 0.0989585
0 0.0920072
0 0.0854608
0 0.0792487
0 0.0733293
0 0.0676913
0 0.0623544
0 0.0573581
0 0.0527336
0 0.0484879
0 0.044608
0 0.0410707
0 0.0378488
0 0.0349143
0 0.0322407
0 0.0298029
0 0.027578
0 0.0255453
0 0.0236861
0 0.0219834
0 0.0204224
0 0.0189894
0 0.0176723
0 0.0164604
0 0.0153439
0 0.0143142
0 0.0133634
0 0.0124847
0 0.0116716
0 0.0109186
0 0.0102206
0 0.00957283
0 0.00897125
0 0.00841206
0 0.00789186
0 0.00740753
0 0.00695625
0 0.00653547
0 0.00614284
0 0.00577622
0 0.00543368
0 0.00511342
0 0.00481382
0 0.00453337
0 0.00427071
0 0.00402456
0 0.00379378
0 0.00357728
0 0.00337408
0 0.00318328
0 0.00300404
0 0.00283557
0 0.00267716
0 0.00252815
0 0.00238792
0 0.0022559
0 0.00213156
0 0.00201441
0 0.00190398
0 0.00179987
0 0.00170166
0 0.00160899
0 0.00152151
0 0.00143892
0 0.0013609
0 0.00128718
0 0.00121749
0 0.0011516
0 0.00108928
0 0.00103031
0 0.00097449
0 0.000921639
0 0.000871579
0 0.000824146
0 0.000779186
0 0.000736553
0 0.000696114
0 0.000657739
0 0.000621309
0 0.000586711
0 0.000553839
0 0.000522594
0 0.000492881
0 0.000464612
0 0.000437703
0 0.000412076
0 0.000387656
0 0.000364374
0 0.000342163
0 0.000320961
0 0.000300709
0 0.000281351
0 0.000262833
0 0.000245106
0 0.000228123
0 0.000211839
0 0.00019621
0 0.000181196
0 0.00016676
0 0.000152864
0 0.000139473
0 0.000126555
0 0.000114078
0 0.000102012
0 9.03283e-05
0 7.89992e-05
0 6.79987e-05
0 5.73017e-05
0 4.68841e-05
0 3.67228e-05
0 2.67956e-05
0 1.70812e-05
0 7.55898e-06
0 2.89139e-09
0 2.89139e-09
0 2.89139e-09
0 2.89139e-09
0 2.89139e-09
0 2.89139e-09
0 2.89139e-09
0 2.89139e-09
0 2.89139e-09
0 2.89139e-09
0 2.89139e-09
0 2.89139e-09
0 2.89139e-09
0 2.89139e-09
0 2.89139e-09
0 2.89139e-09
0 2.89139e-09
0 2.89139e-09
0 2.89139e-09
0 2.89139e-09
0 2.89139e-09
0 2.89139e-09
0 2.89139e-09
0 2.89139e-09
0 2.89139e-09
0 2.89139e-09
0 2.89139e-09
0 2.89139e-09
0 2.89139e-09
0 2.89139e-09
0 2.89139e-09
0 2.89139e-09
0 2.89139e-09
0 2.89139e-09
0 2.89139e-09
0 2.89139e-09
0 2.89139e-09
0 2.89139e-09
0 2.89139e-09
0 2.89139e-09
0 2.89139e-09
0 2.89139e-09
0 2.89139e-09
0 2.89139e-09
0 2.89139e-09
0 2.89139e-09
0 2.89139e-09
0 2.89139e-09
0 2.89139e-09
0 2.89139e-09
0 2.89139e-09
0 2.89139e-09
0 2.89139e-09
0 2.89139e-09
0 2.89139e-09
0 2.89139e-09
0 2.89139e-09
0 2.89139e-09
0 2.89139e-09
0 2.89139e-09
0 2.89139e-09
0 2.89139e-09
0 2.89139e-09
0 2.89139e-09
0 2.89139e-09
0 2.89139e-09
0 2.89139e-09
0 2.89139e-09
0 2.89139e-09
0 2.89139e-09
0 2.89139e-09
0 2.89139e-09
0 2.89139e-09
0 2.89139e-09
0 2.89139e-09
0 2.89139e-09
0 2.89139e-09
0 2.89139e-09
0 2.89139e-09
0 2.89139e-09
0 2.89139e-09
0 2.89139e-09
0 2.89139e-09
0 2.89139e-09
0 2.89139e-09
0 2.89139e-09
0 2.89139e-09
0 2.89139e-09
0 2.89139e-09
0 2.89139e-09
0 2.89139e-09
0 2.89139e-09
0 2.89139e-09
0 2.89139e-09
0 2.89139e-09
0 2.89139e-09
0 2.89139e-09
0 2.89139e-09
0 2.89139e-09
0 2.89139e-09
0 2.89139e-09
0 2.89139e-09
0 2.89139e-09
0 2.89139e-09
0 2.89139e-09
0 2.89139e-09
0 2.89139e-09
0 2.89139e-09
0 2.89139e-09
0 2.89139e-09
0 2.89139e-09
0 2.89139e-09
0 2.89139e-09
0 2.89139e-09
0 2.89139e-09
0 2.89139e-09
0 2.89139e-09
0 2.89139e-09
0 2.89139e-09
0 2.89139e-09
0 2.89139e-09
0 2.89139e-09
0 2.89139e-09
0 2.89139e-09
0 2.89139e-09
0 2.89139e-09
0 2.89139e-09
0 2.89139e-09
0 2.89139e-09
0 2.89139e-09
0 2.89139e-09
0 2.89139e-09
0 2.89139e-09
0 2.89139e-09
0 2.89139e-09
0 2.89139e-09
0 2.89139e-09
0 2.89139e-09
0 2.89139e-09
0 2.89139e-09
0 2.89139e-09
0 2.89139e-09
0 2.89139e-09
0 2.89139e-09
0 2.89139e-09
0 2.89139e-09
0 2.89139e-09
0 2.89139e-09
0 2.89139e-09
0 2.89139e-09
0 2.89139e-09
0 2.89139e-09
0 2.89139e-09
0 2.89139e-09
0 2.89139e-09
0 2.89139e-09
0 2.89139e-09
0 2.89139e-09
0 2.89139e-09
0 2.89139e-09
0 2.89139e-09
0 2.89139e-09
0 2.89139e-09
0 2.89139e-09
0 2.89139e-09
0 2.89139e-09
0 2.89139e-09
0 2.89139e-09
0 2.89139e-09
0 2.89139e-09
0 2.89139e-09
0 2.89139e-09
0 2.89139e-09
0 2.89139e-09
0 2.89139e-09
0 2.89139e-09
0 2.89139e-09
0 2.89139e-09
0 2.89139e-09
0 2.89139e-09
0 2.89139e-09
0 2.89139e-09
0 2.89139e-09
0 2.89139e-09
0 2.89139e-09
0 2.89139e-09
0 2.89139e-09
0 2.89139e-09
0 2.89139e-09
0 2.89139e-09
0 2.89139e-09
0 2.89139e-09
0 2.89139e-09
0 2.89139e-09
0 2.89139e-09
0 2.89139e-09
0 2.89139e-09
0 2.89139e-09
0 2.89139e-09
0 2.89139e-09
0 2.89139e-09
0 2.89139e-09
0 2.89139e-09
0 2.89139e-09
0 2.89139e-09
0 2.89139e-09
0 2.89139e-09
0 2.89139e-09
0 2.89139e-09
0 2.89139e-09
0 2.89139e-09
0 2.89139e-09
0 2.89139e-09
0 2.89139e-09
0 2.89139e-09
0 2.89139e-09
0 2.89139e-09
0 2.89139e-09
0 2.89139e-09
0 2.89139e-09
0 2.89139e-09
0 2.89139e-09
0 2.89139e-09
0 2.89139e-09
0 2.89139e-09
0 2.89139e-09
0 2.89139e-09
0 2.89139e-09
0 2.89139e-09
0 2.89139e-09
0 2.89139e-09
0 2.89139e-09
0 2.89139e-09
0 2.89139e-09
0 2.89139e-09
0 2.89139e-09
0 2.89139e-09
0 2.89139e-09
0 2.89139e-09
0 2.89139e-09
0 2.89139e-09
0 2.89139e-09
0 2.89139e-09
0 2.89139e-09
0 2.89139e-09
0 2.89139e-09
0 2.89139e-09
0 2.89139e-09
0 2.89139e-09
0 2.89139e-09
0 2.89139e-09
0 2.89139e-09
0 2.89139e-09
0 2.89139e-09
0 2.89139e-09
0 2.89139e-09
0 2.89139e-09
0 2.89139e-09
0 2.89139e-09
0 2.89139e-09
0 2.89139e-09
0 2.89139e-09
0 2.89139e-09
0 2.89139e-09
0 2.89139e-09
0 2.89139e-09
0 2.89139e-09
0 2.89139e-09
0 2.89139e-09
0 2.89139e-09
0 2.89139e-09
0 2.89139e-09
0 2.89139e-09
0 2.89139e-09
0 2.89139e-09
0 2.89139e-09
0 2.89139e-09
0 2.89139e-09
0 2.89139e-09
0 2.89139e-09
0 2.89139e-09
0 2.89139e-09
0 2.89139e-09
0 2.89139e-09
0 2.89139e-09
0 2.89139e-09
0 2.89139e-09
0 2.89139e-09
0 2.89139e-09
0 2.89139e-09
0 2.89139e-09
0 2.89139e-09
0 2.89139e-09
0 2.89139e-09
0 2.89139e-09
0 2.89139e-09
0 2.89139e-09
0 2.89139e-09
0 2.89139e-09
0 2.89139e-09
0 2.89139e-09
0 2.89139e-09
0 2.89139e-09
0 2.89139e-09
0 2.89139e-09
0 2.89139e-09
0 2.89139e-09
0 2.89139e-09
0 2.89139e-09
0 2.89139e-09
0 2.89139e-09
0 2.89139e-09
0 2.89139e-09
0 2.89139e-09
0 2.89139e-09
0 2.89139e-09
0 2.89139e-09
0 2.89139e-09
0 2.89139e-09
0 2.89139e-09
0 2.89139e-09
0 2.89139e-09
0 2.89139e-09
0 2.89139e-09
0 2.89139e-09
0 2.89139e-09
0 2.89139e-09
0 2.89139e-09
0 2.89139e-09
0 2.89139e-09
0 2.89139e-09
0 2.89139e-09
0 2.89139e-09
0 2.89139e-09
0 2.89139e-09
0 2.89139e-09
0 2.89139e-09
0 2.89139e-09
0 2.89139e-09
0 2.89139e-09
0 2.89139e-09
0 2.89139e-09
0 2.89139e-09
0 2.89139e-09
0 2.89139e-09
0 2.89139e-09
0 2.89139e-09
0 2.89139e-09
0 2.89139e-09
0 2.89139e-09
0 2.89139e-09
0 2.89139e-09
0 2.89139e-09
0 2.89139e-09
0 2.89139e-09
0 2.89139e-09
0 2.89139e-09
0 2.89139e-09
0 2.89139e-09
0 2.89139e-09
0 2.89139e-09
0 2.89139e-09
0 2.89139e-09
0 2.89139e-09
0 2.89139e-09
0 2.89139e-09
0 2.89139e-09
0 2.89139e-09
0 2.89139e-09
0 2.89139e-09
0 2.89139e-09
0 2.89139e-09
0 2.89139e-09
0 2.89139e-09
0 2.89139e-09
0 2.89139e-09
0 2.89139e-09
0 2.89139e-09
0 2.89139e-09
0 2.89139e-09
0 2.89139e-09
0 2.89139e-09
0 2.89139e-09
0 2.89139e-09
0 2.89139e-09
0 2.89139e-09
0 2.89139e-09
0 2.89139e-09
0 2.89139e-09
0 2.89139e-09
0 2.89139e-09
0 2.89139e-09
0 2.89139e-09
0 2.89139e-09
0 2.89139e-09
0 2.89139e-09
0 2.89139e-09
0 2.89139e-09
0 2.89139e-09
0 2.89139e-09
0 2.89139e-09
0 2.89139e-09
0 2.89139e-09
0 2.89139e-09
0 2.89139e-09
0 2.89139e-09
0 2.89139e-09
0 2.89139e-09
0 2.89139e-09
0 2.89139e-09
0 2.89139e-09
0 2.89139e-09
0 2.89139e-09
0 2.89139e-09
0 2.89139e-09
0 2.89139e-09
0 2.89139e-09
0 2.89139e-09
0 2.89139e-09
0 2.89139e-09
0 2.89139e-09
0 2.89139e-09
0 2.89139e-09
0 2.89139e-09
0 2.89139e-09
0 2.89139e-09
0 2.89139e-09
0 2.89139e-09
0 2.89139e-09
0 2.89139e-09
0 2.89139e-09
0 2.89139e-09
0 2.89139e-09
0 2.89139e-09
0 2.89139e-09
0 2.89139e-09
0 2.89139e-09
0 2.89139e-09
0 2.89139e-09
0 2.89139e-09
0 2.89139e-09
0 2.89139e-09
0 2.89139e-09
0 2.89139e-09
0 2.89139e-09
0 2.89139e-09
0 2.89139e-09
0 2.89139e-09
0 2.89139e-09
0 2.89139e-09
0 2.89139e-09
0 2.89139e-09
0 2.89139e-09
0 2.89139e-09
0 2.89139e-09
0 2.89139e-09
0 2.89139e-09
0 2.89139e-09
0 2.89139e-09
0 2.89139e-09
0 2.89139e-09
0 2.89139e-09
0 2.89139e-09
0 2.89139e-09
0 2.89139e-09
0 2.89139e-09
0 2.89139e-09
0 2.89139e-09
0 2.89139e-09
0 2.89139e-09
0 2.89139e-09
0 2.89139e-09
0 2.89139e-09
0 2.89139e-09
0 2.89139e-09
0 2.89139e-09
0 2.89139e-09
0 2.89139e-09
0 2.89139e-09
0 2.89139e-09
0 2.89139e-09
0 2.89139e-09
0 2.89139e-09
0 2.89139e-09
0 2.89139e-09
0 2.89139e-09
0 2.89139e-09
0 2.89139e-09
0 2.89139e-09
0 2.89139e-09
0 2.89139e-09
0 2.89139e-09
0 2.89139e-09
0 2.89139e-09
0 2.89139e-09
0 2.89139e-09
0 2.89139e-09
0 2.89139e-09
0 2.89139e-09
0 2.89139e-09
0 2.89139e-09
0 2.89139e-09
0 2.89139e-09
0 2.89139e-09
0 2.89139e-09
0 2.89139e-09
0 2.89139e-09
0 2.89139e-09
0 2.89139e-09
0 2.89139e-09
0 2.89139e-09
0 2.89139e-09
0 2.89139e-09
0 2.89139e-09
0 2.89139e-09
0 2.89139e-09
0 2.89139e-09
0 2.89139e-09
0 2.89139e-09
0 2.89139e-09
0 2.89139e-09
0 2.89139e-09
0 2.89139e-09
0 2.89139e-09
0 2.89139e-09
0 2.89139e-09
0 2.89139e-09
0 2.89139e-09
0 2.89139e-09
0 2.89139e-09
0 2.89139e-09
0 2.89139e-09
0 2.89139e-09
0 2.89139e-09
0 2.89139e-09
0 2.89139e-09
0 2.89139e-09
0 2.89139e-09
0 2.89139e-09
0 2.89139e-09
0 2.89139e-09
0 2.89139e-09
0 2.89139e-09
0 2.89139e-09
0 2.89139e-09
0 2.89139e-09
0 2.89139e-09
0 2.89139e-09
0 2.89139e-09
0 2.89139e-09
0 2.89139e-09
0 2.89139e-09
0 2.89139e-09
0 2.89139e-09
0 2.89139e-09
0 2.89139e-09
0 2.89139e-09
0 2.89139e-09
0 2.89139e-09
0 2.89139e-09
0 2.89139e-09
0 2.89139e-09
0 2.89139e-09
0 2.89139e-09
0 2.89139e-09
0 2.89139e-09
0 2.89139e-09
0 2.89139e-09
0 2.89139e-09
0 2.89139e-09
0 2.89139e-09
0 2.89139e-09
0 2.89139e-09
0 2.89139e-09
0 2.89139e-09
0 2.89139e-09
0 2.89139e-09
0 2.89139e-09
0 2.89139e-09
0 2.89139e-09
0 2.89139e-09
0 2.89139e-09
0 2.89139e-09
0 2.89139e-09
0 2.89139e-09
0 2.89139e-09
0 2.89139e-09
0 2.89139e-09
0 2.89139e-09
0 2.89139e-09
0 2.89139e-09
0 2.89139e-09
0 2.89139e-09
0 2.89139e-09
0 2.89139e-09
0 2.89139e-09
0 2.89139e-09
0 2.89139e-09
0 2.89139e-09
0 2.89139e-09
0 2.89139e-09
0 2.89139e-09
0 2.89139e-09
0 2.89139e-09
0 2.89139e-09
0 2.89139e-09
0 2.89139e-09
0 2.89139e-09
0 2.89139e-09
0 2.89139e-09
0 2.89139e-09
0 2.89139e-09
0 2.89139e-09
0 2.89139e-09
0 2.89139e-09
0 2.89139e-09
0 2.89139e-09
0 2.89139e-09
0 2.89139e-09
0 2.89139e-09
0 2.89139e-09
0 2.89139e-09
0 2.89139e-09
0 2.89139e-09
0 2.89139e-09
0 2.89139e-09
0 2.89139e-09
0 2.89139e-09
0 2.89139e-09
0 2.89139e-09
0 2.89139e-09
0 2.89139e-09
0 2.89139e-09
0 2.89139e-09
0 2.89139e-09
0 2.89139e-09
0 2.89139e-09
0 2.89139e-09
0 2.89139e-09
0 2.89139e-09
0 2.89139e-09
0 2.89139e-09
0 2.89139e-09
0 2.89139e-09
0 2.89139e-09
0 2.89139e-09
0 2.89139e-09
0 2.89139e-09
0 2.89139e-09
0 2.89139e-09
0 2.89139e-09
0 2.89139e-09
0 2.89139e-09
0 2.89139e-09
0 2.89139e-09
0 2.89139e-09
0 2.89139e-09
0 2.89139e-09
0 2.89139e-09
0 2.89139e-09
0 2.89139e-09
0 2.89139e-09
0 2.89139e-09
0 2.89139e-09
0 2.89139e-09
0 2.89139e-09
0 2.89139e-09
0 2.89139e-09
0 2.89139e-09
0 2.89139e-09
0 2.89139e-09
0 2.89139e-09
0 2.89139e-09
0 2.89139e-09
0 2.89139e-09
0 2.89139e-09
0 2.89139e-09
0 2.89139e-09
0 2.89139e-09
0 2.89139e-09
0 2.89139e-09
0 2.89139e-09
0 2.89139e-09
0 2.89139e-09
0 2.89139e-09
0 2.89139e-09
0 2.89139e-09
0 2.89139e-09
0 2.89139e-09
0 2.89139e-09
0 2.89139e-09
0 2.89139e-09
0 2.89139e-09
0 2.89139e-09
0 2.89139e-09
0 2.89139e-09
0 2.89139e-09
0 2.89139e-09
0 2.89139e-09
0 2.89139e-09
0 2.89139e-09
0 2.89139e-09
0 2.89139e-09
0 2.89139e-09
0 2.89139e-09
0 2.89139e-09
0 2.89139e-09
0 2.89139e-09
0 2.89139e-09
0 2.89139e-09
0 2.89139e-09
0 2.89139e-09
0 2.89139e-09
0 2.89139e-09
0 2.89139e-09
0 2.89139e-09
0 2.89139e-09
0 2.89139e-09
0 2.89139e-09
0 2.89139e-09
0 2.89139e-09
0 2.89139e-09
0 2.89139e-09
0 2.89139e-09
0 2.89139e-09
0 2.89139e-09
0 2.89139e-09
0 2.89139e-09
0 2.89139e-09
0 2.89139e-09
0 2.89139e-09
0 2.89139e-09
0 2.89139e-09
0 2.89139e-09
0 2.89139e-09
0 2.89139e-09
0 2.89139e-09
0 2.89139e-09
0 2.89139e-09
0 2.89139e-09
0 2.89139e-09
0 2.89139e-09
0 2.89139e-09
0 2.89139e-09
0 2.89139e-09
0 2.89139e-09
0 2.89139e-09
0 2.89139e-09
0 2.89139e-09
0 2.89139e-09
0 2.89139e-09
0 2.89139e-09
0 2.89139e-09
0 2.89139e-09
0 2.89139e-09
0 2.89139e-09
0 2.89139e-09
0 2.89139e-09
0 2.89139e-09
0 2.89139e-09
0 2.89139e-09
0 2.89139e-09
0 2.89139e-09
0 2.89139e-09
0 2.89139e-09
0 2.89139e-09
0 2.89139e-09
0 2.89139e-09
0 2.89139e-09
0 2.89139e-09
0 2.89139e-09
0 2.89139e-09
0 2.89139e-09
0 2.89139e-09
0 2.89139e-09
0 2.89139e-09
0 2.89139e-09
0 2.89139e-09
0 2.89139e-09
0 2.89139e-09
0 2.89139e-09
0 2.89139e-09
0 2.89139e-09
0 2.89139e-09
0 2.89139e-09
0 2.89139e-09
0 2.89139e-09
0 2.89139e-09
0 2.89139e-09
0 2.89139e-09
0 2.89139e-09
0 2.89139e-09
0 2.89139e-09
0 2.89139e-09
0 2.89139e-09
0 2.89139e-09
0 2.89139e-09
0 2.89139e-09
0 2.89139e-09
0 2.89139e-09
0 2.89139e-09
0 2.89139e-09
0 2.89139e-09
0 2.89139e-09
0 2.89139e-09
0 2.89139e-09
0 2.89139e-09
0 2.89139e-09
0 2.89139e-09
0 2.89139e-09
0 2.89139e-09
0 2.89139e-09
0 2.89139e-09
0 2.89139e-09
0 2.89139e-09
0 2.89139e-09
0 2.89139e-09
0 2.89139e-09
0 2.89139e-09
0 2.89139e-09
0 2.89139e-09
0 2.89139e-09
0 2.89139e-09
0 2.89139e-09
0 2.89139e-09
0 2.89139e-09
0 2.89139e-09
0 2.89139e-09
0 2.89139e-09
0 2.89139e-09
0 2.89139e-09
0 2.89139e-09
0 2.89139e-09
0 2.89139e-09
0 2.89139e-09
0 2.89139e-09
0 2.89139e-09
0 2.89139e-09
0 2.89139e-09
0 2.89139e-09
0 2.89139e-09
0 2.89139e-09
0 2.89139e-09
0 2.89139e-09
0 2.89139e-09
0 2.89139e-09
0 2.89139e-09
0 2.89139e-09
0 2.89139e-09
0 2.89139e-09
0 2.89139e-09
0 2.89139e-09
0 2.89139e-09
0 2.89139e-09
0 2.89139e-09
0 2.89139e-09
0 2.89139e-09
0 2.89139e-09
0 2.89139e-09
0 2.89139e-09
0 2.89139e-09
0 2.89139e-09
0 2.89139e-09
0 2.89139e-09
0 2.89139e-09
0 2.89139e-09
0 2.89139e-09
0 2.89139e-09
0 2.89139e-09
0 2.89139e-09
0 2.89139e-09
0 2.89139e-09
0 2.89139e-09
0 2.89139e-09
0 2.89139e-09
0 2.89139e-09

