0 0.14457
0 0.144353
0 0.143767
0 0.142822
0 0.141527
0 0.139894
0 0.137939
0 0.135679
0 0.133133
0 0.130321
0 0.127264
0 0.123982
0 0.120496
0 0.116823
0 0.112982
0 0.108988
0 0.104857
0 0.100601
0 0.0962335
0 0.091765
0 0.0872072
0 0.082573
0 0.0778783
0 0.0731462
0 0.0684113
0 0.0637259
0 0.0591574
0 0.054773
0 0.0506218
0 0.04673
0 0.043106
0 0.0397474
0 0.0366452
0 0.0337865
0 0.0311567
0 0.0287401
0 0.0265212
0 0.0244845
0 0.0226154
0 0.0209001
0 0.0193255
0 0.0178797
0 0.0165516
0 0.0153309
0 0.0142084
0 0.0131756
0 0.0122247
0 0.0113486
0 0.010541
0 0.00979606
0 0.00910839
0 0.00847322
0 0.00788616
0 0.00734322
0 0.00684079
0 0.00637554
0 0.00594449
0 0.00554488
0 0.00517422
0 0.00483021
0 0.00451077
0 0.004214
0 0.00393815
0 0.00368161
0 0.00344293
0 0.00322075
0 0.00301385
0 0.00282109
0 0.00264143
0 0.00247392
0 0.00231766
0 0.00217185
0 0.00203574
0 0.00190864
0 0.0017899
0 0.00167895
0 0.00157524
0 0.00147826
0 0.00138754
0 0.00130267
0 0.00122323
0 0.00114886
0 0.00107922
0 0.00101399
0 0.000952865
0 0.000895581
0 0.00084188
0 0.000791526
0 0.000744299
0 0.000699993
0 0.00065842
0 0.0006194
0 0.00058277
0 0.000548374
0 0.00051607
0 0.000485724
0 0.000457212
0 0.000430416
0 0.000405228
0 0.000381547
0 0.000359278
0 0.000338332
0 0.000318627
0 0.000300086
0 0.000282635
0 0.000266208
0 0.000250742
0 0.000236176
0 0.000222455
0 0.000209529
0 0.000197346
0 0.000185864
0 0.000175037
0 0.000164827
0 0.000155196
0 0.000146108
0 0.00013753
0 0.000129432
0 0.000121784
0 0.000114559
0 0.00010773
0 0.000101275
0 9.51692e-05
0 8.93923e-05
0 8.3924e-05
0 7.87452e-05
0 7.38381e-05
0 6.91859e-05
0 6.47727e-05
0 6.05838e-05
0 5.66049e-05
0 5.28227e-05
0 4.92248e-05
0 4.57992e-05
0 4.25349e-05
0 3.9421e-05
0 3.64478e-05
0 3.36055e-05
0 3.08853e-05
0 2.82785e-05
0 2.57771e-05
0 2.33733e-05
0 2.10597e-05
0 1.88295e-05
0 1.66758e-05
0 1.45924e-05
0 1.25731e-05
0 1.0612e-05
0 8.70366e-06
0 6.84256e-06
0 5.02355e-06
0 3.24162e-06
0 1.49193e-06
0 1.4457e-09
0 1.4457e-09
0 1.4457e-09
0 1.4457e-09
0 1.4457e-09
0 1.4457e-09
0 1.4457e-09
0 1.4457e-09
0 1.4457e-09
0 1.4457e-09
0 1.4457e-09
0 1.4457e-09
0 1.4457e-09
0 1.4457e-09
0 1.4457e-09
0 1.4457e-09
0 1.4457e-09
0 1.4457e-09
0 1.4457e-09
0 1.4457e-09
0 1.4457e-09
0 1.4457e-09
0 1.4457e-09
0 1.4457e-09
0 1.4457e-09
0 1.4457e-09
0 1.4457e-09
0 1.4457e-09
0 1.4457e-09
0 1.4457e-09
0 1.4457e-09
0 1.4457e-09
0 1.4457e-09
0 1.4457e-09
0 1.4457e-09
0 1.4457e-09
0 1.4457e-09
0 1.4457e-09
0 1.4457e-09
0 1.4457e-09
0 1.4457e-09
0 1.4457e-09
0 1.4457e-09
0 1.4457e-09
0 1.4457e-09
0 1.4457e-09
0 1.4457e-09
0 1.4457e-09
0 1.4457e-09
0 1.4457e-09
0 1.4457e-09
0 1.4457e-09
0 1.4457e-09
0 1.4457e-09
0 1.4457e-09
0 1.4457e-09
0 1.4457e-09
0 1.4457e-09
0 1.4457e-09
0 1.4457e-09
0 1.4457e-09
0 1.4457e-09
0 1.4457e-09
0 1.4457e-09
0 1.4457e-09
0 1.4457e-09
0 1.4457e-09
0 1.4457e-09
0 1.4457e-09
0 1.4457e-09
0 1.4457e-09
0 1.4457e-09
0 1.4457e-09
0 1.4457e-09
0 1.4457e-09
0 1.4457e-09
0 1.4457e-09
0 1.4457e-09
0 1.4457e-09
0 1.4457e-09
0 1.4457e-09
0 1.4457e-09
0 1.4457e-09
0 1.4457e-09
0 1.4457e-09
0 1.4457e-09
0 1.4457e-09
0 1.4457e-09
0 1.4457e-09
0 1.4457e-09
0 1.4457e-09
0 1.4457e-09
0 1.4457e-09
0 1.4457e-09
0 1.4457e-09
0 1.4457e-09
0 1.4457e-09
0 1.4457e-09
0 1.4457e-09
0 1.4457e-09
0 1.4457e-09
0 1.4457e-09
0 1.4457e-09
0 1.4457e-09
0 1.4457e-09
0 1.4457e-09
0 1.4457e-09
0 1.4457e-09
0 1.4457e-09
0 1.4457e-09
0 1.4457e-09
0 1.4457e-09
0 1.4457e-09
0 1.4457e-09
0 1.4457e-09
0 1.4457e-09
0 1.4457e-09
0 1.4457e-09
0 1.4457e-09
0 1.4457e-09
0 1.4457e-09
0 1.4457e-09
0 1.4457e-09
0 1.4457e-09
0 1.4457e-09
0 1.4457e-09
0 1.4457e-09
0 1.4457e-09
0 1.4457e-09
0 1.4457e-09
0 1.4457e-09
0 1.4457e-09
0 1.4457e-09
0 1.4457e-09
0 1.4457e-09
0 1.4457e-09
0 1.4457e-09
0 1.4457e-09
0 1.4457e-09
0 1.4457e-09
0 1.4457e-09
0 1.4457e-09
0 1.4457e-09
0 1.4457e-09
0 1.4457e-09
0 1.4457e-09
0 1.4457e-09
0 1.4457e-09
0 1.4457e-09
0 1.4457e-09
0 1.4457e-09
0 1.4457e-09
0 1.4457e-09
0 1.4457e-09
0 1.4457e-09
0 1.4457e-09
0 1.4457e-09
0 1.4457e-09
0 1.4457e-09
0 1.4457e-09
0 1.4457e-09
0 1.4457e-09
0 1.4457e-09
0 1.4457e-09
0 1.4457e-09
0 1.4457e-09
0 1.4457e-09
0 1.4457e-09
0 1.4457e-09
0 1.4457e-09
0 1.4457e-09
0 1.4457e-09
0 1.4457e-09
0 1.4457e-09
0 1.4457e-09
0 1.4457e-09
0 1.4457e-09
0 1.4457e-09
0 1.4457e-09
0 1.4457e-09
0 1.4457e-09
0 1.4457e-09
0 1.4457e-09
0 1.4457e-09
0 1.4457e-09
0 1.4457e-09
0 1.4457e-09
0 1.4457e-09
0 1.4457e-09
0 1.4457e-09
0 1.4457e-09
0 1.4457e-09
0 1.4457e-09
0 1.4457e-09
0 1.4457e-09
0 1.4457e-09
0 1.4457e-09
0 1.4457e-09
0 1.4457e-09
0 1.4457e-09
0 1.4457e-09
0 1.4457e-09
0 1.4457e-09
0 1.4457e-09
0 1.4457e-09
0 1.4457e-09
0 1.4457e-09
0 1.4457e-09
0 1.4457e-09
0 1.4457e-09
0 1.4457e-09
0 1.4457e-09
0 1.4457e-09
0 1.4457e-09
0 1.4457e-09
0 1.4457e-09
0 1.4457e-09
0 1.4457e-09
0 1.4457e-09
0 1.4457e-09
0 1.4457e-09
0 1.4457e-09
0 1.4457e-09
0 1.4457e-09
0 1.4457e-09
0 1.4457e-09
0 1.4457e-09
0 1.4457e-09
0 1.4457e-09
0 1.4457e-09
0 1.4457e-09
0 1.4457e-09
0 1.4457e-09
0 1.4457e-09
0 1.4457e-09
0 1.4457e-09
0 1.4457e-09
0 1.4457e-09
0 1.4457e-09
0 1.4457e-09
0 1.4457e-09
0 1.4457e-09
0 1.4457e-09
0 1.4457e-09
0 1.4457e-09
0 1.4457e-09
0 1.4457e-09
0 1.4457e-09
0 1.4457e-09
0 1.4457e-09
0 1.4457e-09
0 1.4457e-09
0 1.4457e-09
0 1.4457e-09
0 1.4457e-09
0 1.4457e-09
0 1.4457e-09
0 1.4457e-09
0 1.4457e-09
0 1.4457e-09
0 1.4457e-09
0 1.4457e-09
0 1.4457e-09
0 1.4457e-09
0 1.4457e-09
0 1.4457e-09
0 1.4457e-09
0 1.4457e-09
0 1.4457e-09
0 1.4457e-09
0 1.4457e-09
0 1.4457e-09
0 1.4457e-09
0 1.4457e-09
0 1.4457e-09
0 1.4457e-09
0 1.4457e-09
0 1.4457e-09
0 1.4457e-09
0 1.4457e-09
0 1.4457e-09
0 1.4457e-09
0 1.4457e-09
0 1.4457e-09
0 1.4457e-09
0 1.4457e-09
0 1.4457e-09
0 1.4457e-09
0 1.4457e-09
0 1.4457e-09
0 1.4457e-09
0 1.4457e-09
0 1.4457e-09
0 1.4457e-09
0 1.4457e-09
0 1.4457e-09
0 1.4457e-09
0 1.4457e-09
0 1.4457e-09
0 1.4457e-09
0 1.4457e-09
0 1.4457e-09
0 1.4457e-09
0 1.4457e-09
0 1.4457e-09
0 1.4457e-09
0 1.4457e-09
0 1.4457e-09
0 1.4457e-09
0 1.4457e-09
0 1.4457e-09
0 1.4457e-09
0 1.4457e-09
0 1.4457e-09
0 1.4457e-09
0 1.4457e-09
0 1.4457e-09
0 1.4457e-09
0 1.4457e-09
0 1.4457e-09
0 1.4457e-09
0 1.4457e-09
0 1.4457e-09
0 1.4457e-09
0 1.4457e-09
0 1.4457e-09
0 1.4457e-09
0 1.4457e-09
0 1.4457e-09
0 1.4457e-09
0 1.4457e-09
0 1.4457e-09
0 1.4457e-09
0 1.4457e-09
0 1.4457e-09
0 1.4457e-09
0 1.4457e-09
0 1.4457e-09
0 1.4457e-09
0 1.4457e-09
0 1.4457e-09
0 1.4457e-09
0 1.4457e-09
0 1.4457e-09
0 1.4457e-09
0 1.4457e-09
0 1.4457e-09
0 1.4457e-09
0 1.4457e-09
0 1.4457e-09
0 1.4457e-09
0 1.4457e-09
0 1.4457e-09
0 1.4457e-09
0 1.4457e-09
0 1.4457e-09
0 1.4457e-09
0 1.4457e-09
0 1.4457e-09
0 1.4457e-09
0 1.4457e-09
0 1.4457e-09
0 1.4457e-09
0 1.4457e-09
0 1.4457e-09
0 1.4457e-09
0 1.4457e-09
0 1.4457e-09
0 1.4457e-09
0 1.4457e-09
0 1.4457e-09
0 1.4457e-09
0 1.4457e-09
0 1.4457e-09
0 1.4457e-09
0 1.4457e-09
0 1.4457e-09
0 1.4457e-09
0 1.4457e-09
0 1.4457e-09
0 1.4457e-09
0 1.4457e-09
0 1.4457e-09
0 1.4457e-09
0 1.4457e-09
0 1.4457e-09
0 1.4457e-09
0 1.4457e-09
0 1.4457e-09
0 1.4457e-09
0 1.4457e-09
0 1.4457e-09
0 1.4457e-09
0 1.4457e-09
0 1.4457e-09
0 1.4457e-09
0 1.4457e-09
0 1.4457e-09
0 1.4457e-09
0 1.4457e-09
0 1.4457e-09
0 1.4457e-09
0 1.4457e-09
0 1.4457e-09
0 1.4457e-09
0 1.4457e-09
0 1.4457e-09
0 1.4457e-09
0 1.4457e-09
0 1.4457e-09
0 1.4457e-09
0 1.4457e-09
0 1.4457e-09
0 1.4457e-09
0 1.4457e-09
0 1.4457e-09
0 1.4457e-09
0 1.4457e-09
0 1.4457e-09
0 1.4457e-09
0 1.4457e-09
0 1.4457e-09
0 1.4457e-09
0 1.4457e-09
0 1.4457e-09
0 1.4457e-09
0 1.4457e-09
0 1.4457e-09
0 1.4457e-09
0 1.4457e-09
0 1.4457e-09
0 1.4457e-09
0 1.4457e-09
0 1.4457e-09
0 1.4457e-09
0 1.4457e-09
0 1.4457e-09
0 1.4457e-09
0 1.4457e-09
0 1.4457e-09
0 1.4457e-09
0 1.4457e-09
0 1.4457e-09
0 1.4457e-09
0 1.4457e-09
0 1.4457e-09
0 1.4457e-09
0 1.4457e-09
0 1.4457e-09
0 1.4457e-09
0 1.4457e-09
0 1.4457e-09
0 1.4457e-09
0 1.4457e-09
0 1.4457e-09
0 1.4457e-09
0 1.4457e-09
0 1.4457e-09
0 1.4457e-09
0 1.4457e-09
0 1.4457e-09
0 1.4457e-09
0 1.4457e-09
0 1.4457e-09
0 1.4457e-09
0 1.4457e-09
0 1.4457e-09
0 1.4457e-09
0 1.4457e-09
0 1.4457e-09
0 1.4457e-09
0 1.4457e-09
0 1.4457e-09
0 1.4457e-09
0 1.4457e-09
0 1.4457e-09
0 1.4457e-09
0 1.4457e-09
0 1.4457e-09
0 1.4457e-09
0 1.4457e-09
0 1.4457e-09
0 1.4457e-09
0 1.4457e-09
0 1.4457e-09
0 1.4457e-09
0 1.4457e-09
0 1.4457e-09
0 1.4457e-09
0 1.4457e-09
0 1.4457e-09
0 1.4457e-09
0 1.4457e-09
0 1.4457e-09
0 1.4457e-09
0 1.4457e-09
0 1.4457e-09
0 1.4457e-09
0 1.4457e-09
0 1.4457e-09
0 1.4457e-09
0 1.4457e-09
0 1.4457e-09
0 1.4457e-09
0 1.4457e-09
0 1.4457e-09
0 1.4457e-09
0 1.4457e-09
0 1.4457e-09
0 1.4457e-09
0 1.4457e-09
0 1.4457e-09
0 1.4457e-09
0 1.4457e-09
0 1.4457e-09
0 1.4457e-09
0 1.4457e-09
0 1.4457e-09
0 1.4457e-09
0 1.4457e-09
0 1.4457e-09
0 1.4457e-09
0 1.4457e-09
0 1.4457e-09
0 1.4457e-09
0 1.4457e-09
0 1.4457e-09
0 1.4457e-09
0 1.4457e-09
0 1.4457e-09
0 1.4457e-09
0 1.4457e-09
0 1.4457e-09
0 1.4457e-09
0 1.4457e-09
0 1.4457e-09
0 1.4457e-09
0 1.4457e-09
0 1.4457e-09
0 1.4457e-09
0 1.4457e-09
0 1.4457e-09
0 1.4457e-09
0 1.4457e-09
0 1.4457e-09
0 1.4457e-09
0 1.4457e-09
0 1.4457e-09
0 1.4457e-09
0 1.4457e-09
0 1.4457e-09
0 1.4457e-09
0 1.4457e-09
0 1.4457e-09
0 1.4457e-09
0 1.4457e-09
0 1.4457e-09
0 1.4457e-09
0 1.4457e-09
0 1.4457e-09
0 1.4457e-09
0 1.4457e-09
0 1.4457e-09
0 1.4457e-09
0 1.4457e-09
0 1.4457e-09
0 1.4457e-09
0 1.4457e-09
0 1.4457e-09
0 1.4457e-09
0 1.4457e-09
0 1.4457e-09
0 1.4457e-09
0 1.4457e-09
0 1.4457e-09
0 1.4457e-09
0 1.4457e-09
0 1.4457e-09
0 1.4457e-09
0 1.4457e-09
0 1.4457e-09
0 1.4457e-09
0 1.4457e-09
0 1.4457e-09
0 1.4457e-09
0 1.4457e-09
0 1.4457e-09
0 1.4457e-09
0 1.4457e-09
0 1.4457e-09
0 1.4457e-09
0 1.4457e-09
0 1.4457e-09
0 1.4457e-09
0 1.4457e-09
0 1.4457e-09
0 1.4457e-09
0 1.4457e-09
0 1.4457e-09
0 1.4457e-09
0 1.4457e-09
0 1.4457e-09
0 1.4457e-09
0 1.4457e-09
0 1.4457e-09
0 1.4457e-09
0 1.4457e-09
0 1.4457e-09
0 1.4457e-09
0 1.4457e-09
0 1.4457e-09
0 1.4457e-09
0 1.4457e-09
0 1.4457e-09
0 1.4457e-09
0 1.4457e-09
0 1.4457e-09
0 1.4457e-09
0 1.4457e-09
0 1.4457e-09
0 1.4457e-09
0 1.4457e-09
0 1.4457e-09
0 1.4457e-09
0 1.4457e-09
0 1.4457e-09
0 1.4457e-09
0 1.4457e-09
0 1.4457e-09
0 1.4457e-09
0 1.4457e-09
0 1.4457e-09
0 1.4457e-09
0 1.4457e-09
0 1.4457e-09
0 1.4457e-09
0 1.4457e-09
0 1.4457e-09
0 1.4457e-09
0 1.4457e-09
0 1.4457e-09
0 1.4457e-09
0 1.4457e-09
0 1.4457e-09
0 1.4457e-09
0 1.4457e-09
0 1.4457e-09
0 1.4457e-09
0 1.4457e-09
0 1.4457e-09
0 1.4457e-09
0 1.4457e-09
0 1.4457e-09
0 1.4457e-09
0 1.4457e-09
0 1.4457e-09
0 1.4457e-09
0 1.4457e-09
0 1.4457e-09
0 1.4457e-09
0 1.4457e-09
0 1.4457e-09
0 1.4457e-09
0 1.4457e-09
0 1.4457e-09
0 1.4457e-09
0 1.4457e-09
0 1.4457e-09
0 1.4457e-09
0 1.4457e-09
0 1.4457e-09
0 1.4457e-09
0 1.4457e-09
0 1.4457e-09
0 1.4457e-09
0 1.4457e-09
0 1.4457e-09
0 1.4457e-09
0 1.4457e-09
0 1.4457e-09
0 1.4457e-09
0 1.4457e-09
0 1.4457e-09
0 1.4457e-09
0 1.4457e-09
0 1.4457e-09
0 1.4457e-09
0 1.4457e-09
0 1.4457e-09
0 1.4457e-09
0 1.4457e-09
0 1.4457e-09
0 1.4457e-09
0 1.4457e-09
0 1.4457e-09
0 1.4457e-09
0 1.4457e-09
0 1.4457e-09
0 1.4457e-09
0 1.4457e-09
0 1.4457e-09
0 1.4457e-09
0 1.4457e-09
0 1.4457e-09
0 1.4457e-09
0 1.4457e-09
0 1.4457e-09
0 1.4457e-09
0 1.4457e-09
0 1.4457e-09
0 1.4457e-09
0 1.4457e-09
0 1.4457e-09
0 1.4457e-09
0 1.4457e-09
0 1.4457e-09
0 1.4457e-09
0 1.4457e-09
0 1.4457e-09
0 1.4457e-09
0 1.4457e-09
0 1.4457e-09
0 1.4457e-09
0 1.4457e-09
0 1.4457e-09
0 1.4457e-09
0 1.4457e-09
0 1.4457e-09
0 1.4457e-09
0 1.4457e-09
0 1.4457e-09
0 1.4457e-09
0 1.4457e-09
0 1.4457e-09
0 1.4457e-09
0 1.4457e-09
0 1.4457e-09
0 1.4457e-09
0 1.4457e-09
0 1.4457e-09
0 1.4457e-09
0 1.4457e-09
0 1.4457e-09
0 1.4457e-09
0 1.4457e-09
0 1.4457e-09
0 1.4457e-09
0 1.4457e-09
0 1.4457e-09
0 1.4457e-09
0 1.4457e-09
0 1.4457e-09
0 1.4457e-09
0 1.4457e-09
0 1.4457e-09
0 1.4457e-09
0 1.4457e-09
0 1.4457e-09
0 1.4457e-09
0 1.4457e-09
0 1.4457e-09
0 1.4457e-09
0 1.4457e-09
0 1.4457e-09
0 1.4457e-09
0 1.4457e-09
0 1.4457e-09
0 1.4457e-09
0 1.4457e-09
0 1.4457e-09
0 1.4457e-09
0 1.4457e-09
0 1.4457e-09
0 1.4457e-09
0 1.4457e-09
0 1.4457e-09
0 1.4457e-09
0 1.4457e-09
0 1.4457e-09
0 1.4457e-09
0 1.4457e-09
0 1.4457e-09
0 1.4457e-09
0 1.4457e-09
0 1.4457e-09
0 1.4457e-09
0 1.4457e-09
0 1.4457e-09
0 1.4457e-09
0 1.4457e-09
0 1.4457e-09
0 1.4457e-09
0 1.4457e-09
0 1.4457e-09
0 1.4457e-09
0 1.4457e-09
0 1.4457e-09
0 1.4457e-09
0 1.4457e-09
0 1.4457e-09
0 1.4457e-09
0 1.4457e-09
0 1.4457e-09
0 1.4457e-09
0 1.4457e-09
0 1.4457e-09
0 1.4457e-09
0 1.4457e-09
0 1.4457e-09
0 1.4457e-09
0 1.4457e-09
0 1.4457e-09
0 1.4457e-09
0 1.4457e-09
0 1.4457e-09
0 1.4457e-09
0 1.4457e-09
0 1.4457e-09
0 1.4457e-09
0 1.4457e-09
0 1.4457e-09
0 1.4457e-09
0 1.4457e-09
0 1.4457e-09
0 1.4457e-09
0 1.4457e-09
0 1.4457e-09
0 1.4457e-09
0 1.4457e-09
0 1.4457e-09
0 1.4457e-09
0 1.4457e-09
0 1.4457e-09
0 1.4457e-09
0 1.4457e-09
0 1.4457e-09
0 1.4457e-09
0 1.4457e-09
0 1.4457e-09
0 1.4457e-09
0 1.4457e-09
0 1.4457e-09
0 1.4457e-09
0 1.4457e-09
0 1.4457e-09
0 1.4457e-09
0 1.4457e-09

