0.006 0.032127
0.066 0.0321082
0.126 0.0320574
0.186 0.0319751
0.246 0.0318615
0.306 0.0317169
0.366 0.0315419
0.426 0.031337
0.486 0.0311028
0.546 0.0308402
0.606 0.0305498
0.666 0.0302327
0.726 0.0298898
0.786 0.0295221
0.846 0.0291308
0.906 0.028717
0.966 0.0282819
1.026 0.0278268
1.086 0.027353
1.146 0.0268618
1.206 0.0263546
1.266 0.0258327
1.326 0.0252975
1.386 0.0247505
1.446 0.0241929
1.506 0.0236262
1.566 0.0230517
1.626 0.0224708
1.686 0.0218849
1.746 0.0212951
1.806 0.0207029
1.866 0.0201094
1.926 0.0195159
1.986 0.0189234
2.046 0.0183331
2.106 0.0177461
2.166 0.0171633
2.226 0.0165858
2.286 0.0160143
2.346 0.0154498
2.406 0.014893
2.466 0.0143447
2.526 0.0138055
2.586 0.0132761
2.646 0.0127569
2.706 0.0122486
2.766 0.0117515
2.826 0.011266
2.886 0.0107925
2.946 0.0103313
3.006 0.00988253
3.066 0.00944646
3.126 0.0090232
3.186 0.00861286
3.246 0.0082155
3.306 0.00783112
3.366 0.00745972
3.426 0.00710123
3.486 0.00675557
3.546 0.00642263
3.606 0.00610225
3.666 0.00579428
3.726 0.00549851
3.786 0.00521474
3.846 0.00494273
3.906 0.00468223
3.966 0.00443298
4.026 0.00419471
4.086 0.00396712
4.146 0.00374993
4.206 0.00354282
4.266 0.0033455
4.326 0.00315765
4.386 0.00297895
4.446 0.00280909
4.506 0.00264774
4.566 0.0024946
4.626 0.00234935
4.686 0.00221167
4.746 0.00208127
4.806 0.00195783
4.866 0.00184106
4.926 0.00173067
4.986 0.00162636
5.046 0.00152787
5.106 0.00143492
5.166 0.00134725
5.226 0.0012646
5.286 0.00118672
5.346 0.00111337
5.406 0.00104433
5.466 0.000979364
5.526 0.000918264
5.586 0.000860822
5.646 0.000806842
5.706 0.000756133
5.766 0.000708516
5.826 0.000663816
5.886 0.000621869
5.946 0.000582517
6.006 0.00054561
6.066 0.000511006
6.126 0.00047857
6.186 0.000448173
6.246 0.000419694
6.306 0.000393016
6.366 0.00036803
6.426 0.000344634
6.486 0.00032273
6.546 0.000302225
6.606 0.000283032
6.666 0.000265071
6.726 0.000248262
6.786 0.000232534
6.846 0.000217819
6.906 0.000204051
6.966 0.000191171
7.026 0.000179122
7.086 0.00016785
7.146 0.000157305
7.206 0.00014744
7.266 0.000138212
7.326 0.000129577
7.386 0.000121496
7.446 0.000113933
7.506 0.000106854
7.566 0.000100226
7.626 9.402e-05
7.686 8.82084e-05
7.746 8.27654e-05
7.806 7.76668e-05
7.866 7.28903e-05
7.926 6.84149e-05
7.986 6.42211e-05
8.046 6.02907e-05
8.106 5.66067e-05
8.166 5.31533e-05
8.226 4.99155e-05
8.286 4.68796e-05
8.346 4.40326e-05
8.406 4.13626e-05
8.466 3.88581e-05
8.526 3.65087e-05
8.586 3.43045e-05
8.646 3.22363e-05
8.706 3.02955e-05
8.766 2.84741e-05
8.826 2.67646e-05
8.886 2.51598e-05
8.946 2.36533e-05
9.006 2.22389e-05
9.066 2.09108e-05
9.126 1.96636e-05
9.186 1.84923e-05
9.246 1.73921e-05
9.306 1.63587e-05
9.366 1.53879e-05
9.426 1.44757e-05
9.486 1.36187e-05
9.546 1.28134e-05
9.606 1.20566e-05
9.666 1.13453e-05
9.726 1.06767e-05
9.786 1.00483e-05
9.846 9.45748e-06
9.906 8.90202e-06
9.966 8.37975e-06
10.026 7.88865e-06
10.086 7.42682e-06
10.146 6.99248e-06
10.206 6.58396e-06
10.266 6.1997e-06
10.326 5.83823e-06
10.386 5.49817e-06
10.446 5.17823e-06
10.506 4.87719e-06
10.566 4.59393e-06
10.626 4.32736e-06
10.686 4.07649e-06
10.746 3.84038e-06
10.806 3.61813e-06
10.866 3.40893e-06
10.926 3.212e-06
10.986 3.02659e-06
11.046 2.85203e-06
11.106 2.68766e-06
11.166 2.53288e-06
11.226 2.38713e-06
11.286 2.24986e-06
11.346 2.12058e-06
11.406 1.99881e-06
11.466 1.8841e-06
11.526 1.77604e-06
11.586 1.67423e-06
11.646 1.57832e-06
11.706 1.48794e-06
11.766 1.40278e-06
11.826 1.32252e-06
11.886 1.24688e-06
11.946 1.17559e-06
12.006 1.10839e-06
12.066 1.04504e-06
12.126 9.85316e-07
12.186 9.29007e-07
12.246 8.75912e-07
12.306 8.25842e-07
12.366 7.78621e-07
12.426 7.34081e-07
12.486 6.92066e-07
12.546 6.52429e-07
12.606 6.1503e-07
12.666 5.79738e-07
12.726 5.4643e-07
12.786 5.1499e-07
12.846 4.85308e-07
12.906 4.57282e-07
12.966 4.30814e-07
13.026 4.05813e-07
13.086 3.82192e-07
13.146 3.59871e-07
13.206 3.38773e-07
13.266 3.18824e-07
13.326 2.99958e-07
13.386 2.82109e-07
13.446 2.65218e-07
13.506 2.49226e-07
13.566 2.34079e-07
13.626 2.19727e-07
13.686 2.06121e-07
13.746 1.93216e-07
13.806 1.80968e-07
13.866 1.69336e-07
13.926 1.58281e-07
13.986 1.47768e-07
14.046 1.37761e-07
14.106 1.28228e-07
14.166 1.19136e-07
14.226 1.10458e-07
14.286 1.02163e-07
14.346 9.42263e-08
14.406 8.66215e-08
14.466 7.93245e-08
14.526 7.2312e-08
14.586 6.55618e-08
14.646 5.90528e-08
14.706 5.27646e-08
14.766 4.66778e-08
14.826 4.07736e-08
14.886 3.50339e-08
14.946 2.94414e-08
15.006 2.39793e-08
15.066 1.86312e-08
15.126 1.33815e-08
15.186 8.21457e-09
15.246 3.11558e-09
15.306 3.2127e-10
15.366 3.2127e-10
15.426 3.2127e-10
15.486 3.2127e-10
15.546 3.2127e-10
15.606 3.2127e-10
15.666 3.2127e-10
15.726 3.2127e-10
15.786 3.2127e-10
15.846 3.2127e-10
15.906 3.2127e-10
15.966 3.2127e-10
16.026 3.2127e-10
16.086 3.2127e-10
16.146 3.2127e-10
16.206 3.2127e-10
16.266 3.2127e-10
16.326 3.2127e-10
16.386 3.2127e-10
16.446 3.2127e-10
16.506 3.2127e-10
16.566 3.2127e-10
16.626 3.2127e-10
16.686 3.2127e-10
16.746 3.2127e-10
16.806 3.2127e-10
16.866 3.2127e-10
16.926 3.2127e-10
16.986 3.2127e-10
17.046 3.2127e-10
17.106 3.2127e-10
17.166 3.2127e-10
17.226 3.2127e-10
17.286 3.2127e-10
17.346 3.2127e-10
17.406 3.2127e-10
17.466 3.2127e-10
17.526 3.2127e-10
17.586 3.2127e-10
17.646 3.2127e-10
17.706 3.2127e-10
17.766 3.2127e-10
17.826 3.2127e-10
17.886 3.2127e-10
17.946 3.2127e-10
18.006 3.2127e-10
18.066 3.2127e-10
18.126 3.2127e-10
18.186 3.2127e-10
18.246 3.2127e-10
18.306 3.2127e-10
18.366 3.2127e-10
18.426 3.2127e-10
18.486 3.2127e-10
18.546 3.2127e-10
18.606 3.2127e-10
18.666 3.2127e-10
18.726 3.2127e-10
18.786 3.2127e-10
18.846 3.2127e-10
18.906 3.2127e-10
18.966 3.2127e-10
19.026 3.2127e-10
19.086 3.2127e-10
19.146 3.2127e-10
19.206 3.2127e-10
19.266 3.2127e-10
19.326 3.2127e-10
19.386 3.2127e-10
19.446 3.2127e-10
19.506 3.2127e-10
19.566 3.2127e-10
19.626 3.2127e-10
19.686 3.2127e-10
19.746 3.2127e-10
19.806 3.2127e-10
19.866 3.2127e-10
19.926 3.2127e-10
19.986 3.2127e-10
20.046 3.2127e-10
20.106 3.2127e-10
20.166 3.2127e-10
20.226 3.2127e-10
20.286 3.2127e-10
20.346 3.2127e-10
20.406 3.2127e-10
20.466 3.2127e-10
20.526 3.2127e-10
20.586 3.2127e-10
20.646 3.2127e-10
20.706 3.2127e-10
20.766 3.2127e-10
20.826 3.2127e-10
20.886 3.2127e-10
20.946 3.2127e-10
21.006 3.2127e-10
21.066 3.2127e-10
21.126 3.2127e-10
21.186 3.2127e-10
21.246 3.2127e-10
21.306 3.2127e-10
21.366 3.2127e-10
21.426 3.2127e-10
21.486 3.2127e-10
21.546 3.2127e-10
21.606 3.2127e-10
21.666 3.2127e-10
21.726 3.2127e-10
21.786 3.2127e-10
21.846 3.2127e-10
21.906 3.2127e-10
21.966 3.2127e-10
22.026 3.2127e-10
22.086 3.2127e-10
22.146 3.2127e-10
22.206 3.2127e-10
22.266 3.2127e-10
22.326 3.2127e-10
22.386 3.2127e-10
22.446 3.2127e-10
22.506 3.2127e-10
22.566 3.2127e-10
22.626 3.2127e-10
22.686 3.2127e-10
22.746 3.2127e-10
22.806 3.2127e-10
22.866 3.2127e-10
22.926 3.2127e-10
22.986 3.2127e-10
23.046 3.2127e-10
23.106 3.2127e-10
23.166 3.2127e-10
23.226 3.2127e-10
23.286 3.2127e-10
23.346 3.2127e-10
23.406 3.2127e-10
23.466 3.2127e-10
23.526 3.2127e-10
23.586 3.2127e-10
23.646 3.2127e-10
23.706 3.2127e-10
23.766 3.2127e-10
23.826 3.2127e-10
23.886 3.2127e-10
23.946 3.2127e-10
24.006 3.2127e-10
24.066 3.2127e-10
24.126 3.2127e-10
24.186 3.2127e-10
24.246 3.2127e-10
24.306 3.2127e-10
24.366 3.2127e-10
24.426 3.2127e-10
24.486 3.2127e-10
24.546 3.2127e-10
24.606 3.2127e-10
24.666 3.2127e-10
24.726 3.2127e-10
24.786 3.2127e-10
24.846 3.2127e-10
24.906 3.2127e-10
24.966 3.2127e-10
25.026 3.2127e-10
25.086 3.2127e-10
25.146 3.2127e-10
25.206 3.2127e-10
25.266 3.2127e-10
25.326 3.2127e-10
25.386 3.2127e-10
25.446 3.2127e-10
25.506 3.2127e-10
25.566 3.2127e-10
25.626 3.2127e-10
25.686 3.2127e-10
25.746 3.2127e-10
25.806 3.2127e-10
25.866 3.2127e-10
25.926 3.2127e-10
25.986 3.2127e-10
26.046 3.2127e-10
26.106 3.2127e-10
26.166 3.2127e-10
26.226 3.2127e-10
26.286 3.2127e-10
26.346 3.2127e-10
26.406 3.2127e-10
26.466 3.2127e-10
26.526 3.2127e-10
26.586 3.2127e-10
26.646 3.2127e-10
26.706 3.2127e-10
26.766 3.2127e-10
26.826 3.2127e-10
26.886 3.2127e-10
26.946 3.2127e-10
27.006 3.2127e-10
27.066 3.2127e-10
27.126 3.2127e-10
27.186 3.2127e-10
27.246 3.2127e-10
27.306 3.2127e-10
27.366 3.2127e-10
27.426 3.2127e-10
27.486 3.2127e-10
27.546 3.2127e-10
27.606 3.2127e-10
27.666 3.2127e-10
27.726 3.2127e-10
27.786 3.2127e-10
27.846 3.2127e-10
27.906 3.2127e-10
27.966 3.2127e-10
28.026 3.2127e-10
28.086 3.2127e-10
28.146 3.2127e-10
28.206 3.2127e-10
28.266 3.2127e-10
28.326 3.2127e-10
28.386 3.2127e-10
28.446 3.2127e-10
28.506 3.2127e-10
28.566 3.2127e-10
28.626 3.2127e-10
28.686 3.2127e-10
28.746 3.2127e-10
28.806 3.2127e-10
28.866 3.2127e-10
28.926 3.2127e-10
28.986 3.2127e-10
29.046 3.2127e-10
29.106 3.2127e-10
29.166 3.2127e-10
29.226 3.2127e-10
29.286 3.2127e-10
29.346 3.2127e-10
29.406 3.2127e-10
29.466 3.2127e-10
29.526 3.2127e-10
29.586 3.2127e-10
29.646 3.2127e-10
29.706 3.2127e-10
29.766 3.2127e-10
29.826 3.2127e-10
29.886 3.2127e-10
29.946 3.2127e-10
30.006 3.2127e-10
30.066 3.2127e-10
30.126 3.2127e-10
30.186 3.2127e-10
30.246 3.2127e-10
30.306 3.2127e-10
30.366 3.2127e-10
30.426 3.2127e-10
30.486 3.2127e-10
30.546 3.2127e-10
30.606 3.2127e-10
30.666 3.2127e-10
30.726 3.2127e-10
30.786 3.2127e-10
30.846 3.2127e-10
30.906 3.2127e-10
30.966 3.2127e-10
31.026 3.2127e-10
31.086 3.2127e-10
31.146 3.2127e-10
31.206 3.2127e-10
31.266 3.2127e-10
31.326 3.2127e-10
31.386 3.2127e-10
31.446 3.2127e-10
31.506 3.2127e-10
31.566 3.2127e-10
31.626 3.2127e-10
31.686 3.2127e-10
31.746 3.2127e-10
31.806 3.2127e-10
31.866 3.2127e-10
31.926 3.2127e-10
31.986 3.2127e-10
32.046 3.2127e-10
32.106 3.2127e-10
32.166 3.2127e-10
32.226 3.2127e-10
32.286 3.2127e-10
32.346 3.2127e-10
32.406 3.2127e-10
32.466 3.2127e-10
32.526 3.2127e-10
32.586 3.2127e-10
32.646 3.2127e-10
32.706 3.2127e-10
32.766 3.2127e-10
32.826 3.2127e-10
32.886 3.2127e-10
32.946 3.2127e-10
33.006 3.2127e-10
33.066 3.2127e-10
33.126 3.2127e-10
33.186 3.2127e-10
33.246 3.2127e-10
33.306 3.2127e-10
33.366 3.2127e-10
33.426 3.2127e-10
33.486 3.2127e-10
33.546 3.2127e-10
33.606 3.2127e-10
33.666 3.2127e-10
33.726 3.2127e-10
33.786 3.2127e-10
33.846 3.2127e-10
33.906 3.2127e-10
33.966 3.2127e-10
34.026 3.2127e-10
34.086 3.2127e-10
34.146 3.2127e-10
34.206 3.2127e-10
34.266 3.2127e-10
34.326 3.2127e-10
34.386 3.2127e-10
34.446 3.2127e-10
34.506 3.2127e-10
34.566 3.2127e-10
34.626 3.2127e-10
34.686 3.2127e-10
34.746 3.2127e-10
34.806 3.2127e-10
34.866 3.2127e-10
34.926 3.2127e-10
34.986 3.2127e-10
35.046 3.2127e-10
35.106 3.2127e-10
35.166 3.2127e-10
35.226 3.2127e-10
35.286 3.2127e-10
35.346 3.2127e-10
35.406 3.2127e-10
35.466 3.2127e-10
35.526 3.2127e-10
35.586 3.2127e-10
35.646 3.2127e-10
35.706 3.2127e-10
35.766 3.2127e-10
35.826 3.2127e-10
35.886 3.2127e-10
35.946 3.2127e-10
36.006 3.2127e-10
36.066 3.2127e-10
36.126 3.2127e-10
36.186 3.2127e-10
36.246 3.2127e-10
36.306 3.2127e-10
36.366 3.2127e-10
36.426 3.2127e-10
36.486 3.2127e-10
36.546 3.2127e-10
36.606 3.2127e-10
36.666 3.2127e-10
36.726 3.2127e-10
36.786 3.2127e-10
36.846 3.2127e-10
36.906 3.2127e-10
36.966 3.2127e-10
37.026 3.2127e-10
37.086 3.2127e-10
37.146 3.2127e-10
37.206 3.2127e-10
37.266 3.2127e-10
37.326 3.2127e-10
37.386 3.2127e-10
37.446 3.2127e-10
37.506 3.2127e-10
37.566 3.2127e-10
37.626 3.2127e-10
37.686 3.2127e-10
37.746 3.2127e-10
37.806 3.2127e-10
37.866 3.2127e-10
37.926 3.2127e-10
37.986 3.2127e-10
38.046 3.2127e-10
38.106 3.2127e-10
38.166 3.2127e-10
38.226 3.2127e-10
38.286 3.2127e-10
38.346 3.2127e-10
38.406 3.2127e-10
38.466 3.2127e-10
38.526 3.2127e-10
38.586 3.2127e-10
38.646 3.2127e-10
38.706 3.2127e-10
38.766 3.2127e-10
38.826 3.2127e-10
38.886 3.2127e-10
38.946 3.2127e-10
39.006 3.2127e-10
39.066 3.2127e-10
39.126 3.2127e-10
39.186 3.2127e-10
39.246 3.2127e-10
39.306 3.2127e-10
39.366 3.2127e-10
39.426 3.2127e-10
39.486 3.2127e-10
39.546 3.2127e-10
39.606 3.2127e-10
39.666 3.2127e-10
39.726 3.2127e-10
39.786 3.2127e-10
39.846 3.2127e-10
39.906 3.2127e-10
39.966 3.2127e-10
40.026 3.2127e-10
40.086 3.2127e-10
40.146 3.2127e-10
40.206 3.2127e-10
40.266 3.2127e-10
40.326 3.2127e-10
40.386 3.2127e-10
40.446 3.2127e-10
40.506 3.2127e-10
40.566 3.2127e-10
40.626 3.2127e-10
40.686 3.2127e-10
40.746 3.2127e-10
40.806 3.2127e-10
40.866 3.2127e-10
40.926 3.2127e-10
40.986 3.2127e-10
41.046 3.2127e-10
41.106 3.2127e-10
41.166 3.2127e-10
41.226 3.2127e-10
41.286 3.2127e-10
41.346 3.2127e-10
41.406 3.2127e-10
41.466 3.2127e-10
41.526 3.2127e-10
41.586 3.2127e-10
41.646 3.2127e-10
41.706 3.2127e-10
41.766 3.2127e-10
41.826 3.2127e-10
41.886 3.2127e-10
41.946 3.2127e-10
42.006 3.2127e-10
42.066 3.2127e-10
42.126 3.2127e-10
42.186 3.2127e-10
42.246 3.2127e-10
42.306 3.2127e-10
42.366 3.2127e-10
42.426 3.2127e-10
42.486 3.2127e-10
42.546 3.2127e-10
42.606 3.2127e-10
42.666 3.2127e-10
42.726 3.2127e-10
42.786 3.2127e-10
42.846 3.2127e-10
42.906 3.2127e-10
42.966 3.2127e-10
43.026 3.2127e-10
43.086 3.2127e-10
43.146 3.2127e-10
43.206 3.2127e-10
43.266 3.2127e-10
43.326 3.2127e-10
43.386 3.2127e-10
43.446 3.2127e-10
43.506 3.2127e-10
43.566 3.2127e-10
43.626 3.2127e-10
43.686 3.2127e-10
43.746 3.2127e-10
43.806 3.2127e-10
43.866 3.2127e-10
43.926 3.2127e-10
43.986 3.2127e-10
44.046 3.2127e-10
44.106 3.2127e-10
44.166 3.2127e-10
44.226 3.2127e-10
44.286 3.2127e-10
44.346 3.2127e-10
44.406 3.2127e-10
44.466 3.2127e-10
44.526 3.2127e-10
44.586 3.2127e-10
44.646 3.2127e-10
44.706 3.2127e-10
44.766 3.2127e-10
44.826 3.2127e-10
44.886 3.2127e-10
44.946 3.2127e-10
45.006 3.2127e-10
45.066 3.2127e-10
45.126 3.2127e-10
45.186 3.2127e-10
45.246 3.2127e-10
45.306 3.2127e-10
45.366 3.2127e-10
45.426 3.2127e-10
45.486 3.2127e-10
45.546 3.2127e-10
45.606 3.2127e-10
45.666 3.2127e-10
45.726 3.2127e-10
45.786 3.2127e-10
45.846 3.2127e-10
45.906 3.2127e-10
45.966 3.2127e-10
46.026 3.2127e-10
46.086 3.2127e-10
46.146 3.2127e-10
46.206 3.2127e-10
46.266 3.2127e-10
46.326 3.2127e-10
46.386 3.2127e-10
46.446 3.2127e-10
46.506 3.2127e-10
46.566 3.2127e-10
46.626 3.2127e-10
46.686 3.2127e-10
46.746 3.2127e-10
46.806 3.2127e-10
46.866 3.2127e-10
46.926 3.2127e-10
46.986 3.2127e-10
47.046 3.2127e-10
47.106 3.2127e-10
47.166 3.2127e-10
47.226 3.2127e-10
47.286 3.2127e-10
47.346 3.2127e-10
47.406 3.2127e-10
47.466 3.2127e-10
47.526 3.2127e-10
47.586 3.2127e-10
47.646 3.2127e-10
47.706 3.2127e-10
47.766 3.2127e-10
47.826 3.2127e-10
47.886 3.2127e-10
47.946 3.2127e-10
48.006 3.2127e-10
48.066 3.2127e-10
48.126 3.2127e-10
48.186 3.2127e-10
48.246 3.2127e-10
48.306 3.2127e-10
48.366 3.2127e-10
48.426 3.2127e-10
48.486 3.2127e-10
48.546 3.2127e-10
48.606 3.2127e-10
48.666 3.2127e-10
48.726 3.2127e-10
48.786 3.2127e-10
48.846 3.2127e-10
48.906 3.2127e-10
48.966 3.2127e-10
49.026 3.2127e-10
49.086 3.2127e-10
49.146 3.2127e-10
49.206 3.2127e-10
49.266 3.2127e-10
49.326 3.2127e-10
49.386 3.2127e-10
49.446 3.2127e-10
49.506 3.2127e-10
49.566 3.2127e-10
49.626 3.2127e-10
49.686 3.2127e-10
49.746 3.2127e-10
49.806 3.2127e-10
49.866 3.2127e-10
49.926 3.2127e-10
49.986 3.2127e-10
50.046 3.2127e-10
50.106 3.2127e-10
50.166 3.2127e-10
50.226 3.2127e-10
50.286 3.2127e-10
50.346 3.2127e-10
50.406 3.2127e-10
50.466 3.2127e-10
50.526 3.2127e-10
50.586 3.2127e-10
50.646 3.2127e-10
50.706 3.2127e-10
50.766 3.2127e-10
50.826 3.2127e-10
50.886 3.2127e-10
50.946 3.2127e-10
51.006 3.2127e-10
51.066 3.2127e-10
51.126 3.2127e-10
51.186 3.2127e-10
51.246 3.2127e-10
51.306 3.2127e-10
51.366 3.2127e-10
51.426 3.2127e-10
51.486 3.2127e-10
51.546 3.2127e-10
51.606 3.2127e-10
51.666 3.2127e-10
51.726 3.2127e-10
51.786 3.2127e-10
51.846 3.2127e-10
51.906 3.2127e-10
51.966 3.2127e-10
52.026 3.2127e-10
52.086 3.2127e-10
52.146 3.2127e-10
52.206 3.2127e-10
52.266 3.2127e-10
52.326 3.2127e-10
52.386 3.2127e-10
52.446 3.2127e-10
52.506 3.2127e-10
52.566 3.2127e-10
52.626 3.2127e-10
52.686 3.2127e-10
52.746 3.2127e-10
52.806 3.2127e-10
52.866 3.2127e-10
52.926 3.2127e-10
52.986 3.2127e-10
53.046 3.2127e-10
53.106 3.2127e-10
53.166 3.2127e-10
53.226 3.2127e-10
53.286 3.2127e-10
53.346 3.2127e-10
53.406 3.2127e-10
53.466 3.2127e-10
53.526 3.2127e-10
53.586 3.2127e-10
53.646 3.2127e-10
53.706 3.2127e-10
53.766 3.2127e-10
53.826 3.2127e-10
53.886 3.2127e-10
53.946 3.2127e-10
54.006 3.2127e-10
54.066 3.2127e-10
54.126 3.2127e-10
54.186 3.2127e-10
54.246 3.2127e-10
54.306 3.2127e-10
54.366 3.2127e-10
54.426 3.2127e-10
54.486 3.2127e-10
54.546 3.2127e-10
54.606 3.2127e-10
54.666 3.2127e-10
54.726 3.2127e-10
54.786 3.2127e-10
54.846 3.2127e-10
54.906 3.2127e-10
54.966 3.2127e-10
55.026 3.2127e-10
55.086 3.2127e-10
55.146 3.2127e-10
55.206 3.2127e-10
55.266 3.2127e-10
55.326 3.2127e-10
55.386 3.2127e-10
55.446 3.2127e-10
55.506 3.2127e-10
55.566 3.2127e-10
55.626 3.2127e-10
55.686 3.2127e-10
55.746 3.2127e-10
55.806 3.2127e-10
55.866 3.2127e-10
55.926 3.2127e-10
55.986 3.2127e-10
56.046 3.2127e-10
56.106 3.2127e-10
56.166 3.2127e-10
56.226 3.2127e-10
56.286 3.2127e-10
56.346 3.2127e-10
56.406 3.2127e-10
56.466 3.2127e-10
56.526 3.2127e-10
56.586 3.2127e-10
56.646 3.2127e-10
56.706 3.2127e-10
56.766 3.2127e-10
56.826 3.2127e-10
56.886 3.2127e-10
56.946 3.2127e-10
57.006 3.2127e-10
57.066 3.2127e-10
57.126 3.2127e-10
57.186 3.2127e-10
57.246 3.2127e-10
57.306 3.2127e-10
57.366 3.2127e-10
57.426 3.2127e-10
57.486 3.2127e-10
57.546 3.2127e-10
57.606 3.2127e-10
57.666 3.2127e-10
57.726 3.2127e-10
57.786 3.2127e-10
57.846 3.2127e-10
57.906 3.2127e-10
57.966 3.2127e-10
58.026 3.2127e-10
58.086 3.2127e-10
58.146 3.2127e-10
58.206 3.2127e-10
58.266 3.2127e-10
58.326 3.2127e-10
58.386 3.2127e-10
58.446 3.2127e-10
58.506 3.2127e-10
58.566 3.2127e-10
58.626 3.2127e-10
58.686 3.2127e-10
58.746 3.2127e-10
58.806 3.2127e-10
58.866 3.2127e-10
58.926 3.2127e-10
58.986 3.2127e-10
59.046 3.2127e-10
59.106 3.2127e-10
59.166 3.2127e-10
59.226 3.2127e-10
59.286 3.2127e-10
59.346 3.2127e-10
59.406 3.2127e-10
59.466 3.2127e-10
59.526 3.2127e-10
59.586 3.2127e-10
59.646 3.2127e-10
59.706 3.2127e-10
59.766 3.2127e-10
59.826 3.2127e-10
59.886 3.2127e-10
59.946 3.2127e-10

