0 0.010709
0 0.0106996
0 0.0106743
0 0.0106332
0 0.0105766
0 0.0105047
0 0.0104177
0 0.0103162
0 0.0102005
0 0.0100711
0 0.00992851
0 0.0097734
0 0.00960637
0 0.00942812
0 0.00923936
0 0.00904086
0 0.00883339
0 0.00861778
0 0.00839484
0 0.00816542
0 0.00793037
0 0.00769054
0 0.00744679
0 0.00719996
0 0.00695089
0 0.00670038
0 0.00644926
0 0.00619828
0 0.00594819
0 0.00569971
0 0.00545353
0 0.00521027
0 0.00497055
0 0.00473492
0 0.0045039
0 0.00427797
0 0.00405754
0 0.00384299
0 0.00363466
0 0.00343283
0 0.00323774
0 0.00304958
0 0.00286851
0 0.00269462
0 0.00252799
0 0.00236864
0 0.00221656
0 0.00207172
0 0.00193403
0 0.00180339
0 0.00167968
0 0.00156275
0 0.00145241
0 0.00134848
0 0.00125075
0 0.001159
0 0.00107301
0 0.000992544
0 0.000917351
0 0.000847191
0 0.000781819
0 0.00072099
0 0.00066446
0 0.000611991
0 0.000563347
0 0.0005183
0 0.000476628
0 0.000438116
0 0.000402559
0 0.000369759
0 0.000339526
0 0.000311682
0 0.000286057
0 0.000262488
0 0.000240824
0 0.000220922
0 0.000202649
0 0.000185878
0 0.000170491
0 0.000156381
0 0.000143445
0 0.000131588
0 0.000120723
0 0.000110768
0 0.00010165
0 9.32978e-05
0 8.56483e-05
0 7.86426e-05
0 7.22266e-05
0 6.63504e-05
0 6.09685e-05
0 5.60387e-05
0 5.15226e-05
0 4.73851e-05
0 4.35937e-05
0 4.0119e-05
0 3.69338e-05
0 3.40134e-05
0 3.13352e-05
0 2.88785e-05
0 2.66243e-05
0 2.45551e-05
0 2.26547e-05
0 2.09086e-05
0 1.93036e-05
0 1.78276e-05
0 1.64698e-05
0 1.52201e-05
0 1.40695e-05
0 1.30097e-05
0 1.20333e-05
0 1.11332e-05
0 1.03033e-05
0 9.53786e-06
0 8.83157e-06
0 8.17968e-06
0 7.5778e-06
0 7.02192e-06
0 6.50838e-06
0 6.0338e-06
0 5.59511e-06
0 5.18947e-06
0 4.81429e-06
0 4.4672e-06
0 4.14599e-06
0 3.84868e-06
0 3.5734e-06
0 3.31846e-06
0 3.08231e-06
0 2.8635e-06
0 2.66072e-06
0 2.47274e-06
0 2.29846e-06
0 2.13683e-06
0 1.98691e-06
0 1.84781e-06
0 1.71873e-06
0 1.59893e-06
0 1.48771e-06
0 1.38444e-06
0 1.28854e-06
0 1.19945e-06
0 1.11669e-06
0 1.03978e-06
0 9.6831e-07
0 9.01872e-07
0 8.40103e-07
0 7.82666e-07
0 7.29248e-07
0 6.7956e-07
0 6.33333e-07
0 5.90319e-07
0 5.50289e-07
0 5.13029e-07
0 4.78342e-07
0 4.46045e-07
0 4.1597e-07
0 3.87958e-07
0 3.61864e-07
0 3.37552e-07
0 3.14898e-07
0 2.93785e-07
0 2.74105e-07
0 2.55757e-07
0 2.38649e-07
0 2.22694e-07
0 2.07811e-07
0 1.93927e-07
0 1.80971e-07
0 1.6888e-07
0 1.57592e-07
0 1.47053e-07
0 1.37211e-07
0 1.28017e-07
0 1.19427e-07
0 1.11398e-07
0 1.03893e-07
0 9.68734e-08
0 9.0307e-08
0 8.41621e-08
0 7.84092e-08
0 7.30211e-08
0 6.79723e-08
0 6.3239e-08
0 5.87989e-08
0 5.46313e-08
0 5.07169e-08
0 4.70375e-08
0 4.35762e-08
0 4.03172e-08
0 3.72455e-08
0 3.43473e-08
0 3.16094e-08
0 2.90197e-08
0 2.65665e-08
0 2.42392e-08
0 2.20273e-08
0 1.99213e-08
0 1.79121e-08
0 1.59911e-08
0 1.41501e-08
0 1.23813e-08
0 1.06774e-08
0 9.0314e-09
0 7.43647e-09
0 5.88621e-09
0 4.37444e-09
0 2.89519e-09
0 1.4427e-09
0 1.13752e-11
0 1.0709e-10
0 1.0709e-10
0 1.0709e-10
0 1.0709e-10
0 1.0709e-10
0 1.0709e-10
0 1.0709e-10
0 1.0709e-10
0 1.0709e-10
0 1.0709e-10
0 1.0709e-10
0 1.0709e-10
0 1.0709e-10
0 1.0709e-10
0 1.0709e-10
0 1.0709e-10
0 1.0709e-10
0 1.0709e-10
0 1.0709e-10
0 1.0709e-10
0 1.0709e-10
0 1.0709e-10
0 1.0709e-10
0 1.0709e-10
0 1.0709e-10
0 1.0709e-10
0 1.0709e-10
0 1.0709e-10
0 1.0709e-10
0 1.0709e-10
0 1.0709e-10
0 1.0709e-10
0 1.0709e-10
0 1.0709e-10
0 1.0709e-10
0 1.0709e-10
0 1.0709e-10
0 1.0709e-10
0 1.0709e-10
0 1.0709e-10
0 1.0709e-10
0 1.0709e-10
0 1.0709e-10
0 1.0709e-10
0 1.0709e-10
0 1.0709e-10
0 1.0709e-10
0 1.0709e-10
0 1.0709e-10
0 1.0709e-10
0 1.0709e-10
0 1.0709e-10
0 1.0709e-10
0 1.0709e-10
0 1.0709e-10
0 1.0709e-10
0 1.0709e-10
0 1.0709e-10
0 1.0709e-10
0 1.0709e-10
0 1.0709e-10
0 1.0709e-10
0 1.0709e-10
0 1.0709e-10
0 1.0709e-10
0 1.0709e-10
0 1.0709e-10
0 1.0709e-10
0 1.0709e-10
0 1.0709e-10
0 1.0709e-10
0 1.0709e-10
0 1.0709e-10
0 1.0709e-10
0 1.0709e-10
0 1.0709e-10
0 1.0709e-10
0 1.0709e-10
0 1.0709e-10
0 1.0709e-10
0 1.0709e-10
0 1.0709e-10
0 1.0709e-10
0 1.0709e-10
0 1.0709e-10
0 1.0709e-10
0 1.0709e-10
0 1.0709e-10
0 1.0709e-10
0 1.0709e-10
0 1.0709e-10
0 1.0709e-10
0 1.0709e-10
0 1.0709e-10
0 1.0709e-10
0 1.0709e-10
0 1.0709e-10
0 1.0709e-10
0 1.0709e-10
0 1.0709e-10
0 1.0709e-10
0 1.0709e-10
0 1.0709e-10
0 1.0709e-10
0 1.0709e-10
0 1.0709e-10
0 1.0709e-10
0 1.0709e-10
0 1.0709e-10
0 1.0709e-10
0 1.0709e-10
0 1.0709e-10
0 1.0709e-10
0 1.0709e-10
0 1.0709e-10
0 1.0709e-10
0 1.0709e-10
0 1.0709e-10
0 1.0709e-10
0 1.0709e-10
0 1.0709e-10
0 1.0709e-10
0 1.0709e-10
0 1.0709e-10
0 1.0709e-10
0 1.0709e-10
0 1.0709e-10
0 1.0709e-10
0 1.0709e-10
0 1.0709e-10
0 1.0709e-10
0 1.0709e-10
0 1.0709e-10
0 1.0709e-10
0 1.0709e-10
0 1.0709e-10
0 1.0709e-10
0 1.0709e-10
0 1.0709e-10
0 1.0709e-10
0 1.0709e-10
0 1.0709e-10
0 1.0709e-10
0 1.0709e-10
0 1.0709e-10
0 1.0709e-10
0 1.0709e-10
0 1.0709e-10
0 1.0709e-10
0 1.0709e-10
0 1.0709e-10
0 1.0709e-10
0 1.0709e-10
0 1.0709e-10
0 1.0709e-10
0 1.0709e-10
0 1.0709e-10
0 1.0709e-10
0 1.0709e-10
0 1.0709e-10
0 1.0709e-10
0 1.0709e-10
0 1.0709e-10
0 1.0709e-10
0 1.0709e-10
0 1.0709e-10
0 1.0709e-10
0 1.0709e-10
0 1.0709e-10
0 1.0709e-10
0 1.0709e-10
0 1.0709e-10
0 1.0709e-10
0 1.0709e-10
0 1.0709e-10
0 1.0709e-10
0 1.0709e-10
0 1.0709e-10
0 1.0709e-10
0 1.0709e-10
0 1.0709e-10
0 1.0709e-10
0 1.0709e-10
0 1.0709e-10
0 1.0709e-10
0 1.0709e-10
0 1.0709e-10
0 1.0709e-10
0 1.0709e-10
0 1.0709e-10
0 1.0709e-10
0 1.0709e-10
0 1.0709e-10
0 1.0709e-10
0 1.0709e-10
0 1.0709e-10
0 1.0709e-10
0 1.0709e-10
0 1.0709e-10
0 1.0709e-10
0 1.0709e-10
0 1.0709e-10
0 1.0709e-10
0 1.0709e-10
0 1.0709e-10
0 1.0709e-10
0 1.0709e-10
0 1.0709e-10
0 1.0709e-10
0 1.0709e-10
0 1.0709e-10
0 1.0709e-10
0 1.0709e-10
0 1.0709e-10
0 1.0709e-10
0 1.0709e-10
0 1.0709e-10
0 1.0709e-10
0 1.0709e-10
0 1.0709e-10
0 1.0709e-10
0 1.0709e-10
0 1.0709e-10
0 1.0709e-10
0 1.0709e-10
0 1.0709e-10
0 1.0709e-10
0 1.0709e-10
0 1.0709e-10
0 1.0709e-10
0 1.0709e-10
0 1.0709e-10
0 1.0709e-10
0 1.0709e-10
0 1.0709e-10
0 1.0709e-10
0 1.0709e-10
0 1.0709e-10
0 1.0709e-10
0 1.0709e-10
0 1.0709e-10
0 1.0709e-10
0 1.0709e-10
0 1.0709e-10
0 1.0709e-10
0 1.0709e-10
0 1.0709e-10
0 1.0709e-10
0 1.0709e-10
0 1.0709e-10
0 1.0709e-10
0 1.0709e-10
0 1.0709e-10
0 1.0709e-10
0 1.0709e-10
0 1.0709e-10
0 1.0709e-10
0 1.0709e-10
0 1.0709e-10
0 1.0709e-10
0 1.0709e-10
0 1.0709e-10
0 1.0709e-10
0 1.0709e-10
0 1.0709e-10
0 1.0709e-10
0 1.0709e-10
0 1.0709e-10
0 1.0709e-10
0 1.0709e-10
0 1.0709e-10
0 1.0709e-10
0 1.0709e-10
0 1.0709e-10
0 1.0709e-10
0 1.0709e-10
0 1.0709e-10
0 1.0709e-10
0 1.0709e-10
0 1.0709e-10
0 1.0709e-10
0 1.0709e-10
0 1.0709e-10
0 1.0709e-10
0 1.0709e-10
0 1.0709e-10
0 1.0709e-10
0 1.0709e-10
0 1.0709e-10
0 1.0709e-10
0 1.0709e-10
0 1.0709e-10
0 1.0709e-10
0 1.0709e-10
0 1.0709e-10
0 1.0709e-10
0 1.0709e-10
0 1.0709e-10
0 1.0709e-10
0 1.0709e-10
0 1.0709e-10
0 1.0709e-10
0 1.0709e-10
0 1.0709e-10
0 1.0709e-10
0 1.0709e-10
0 1.0709e-10
0 1.0709e-10
0 1.0709e-10
0 1.0709e-10
0 1.0709e-10
0 1.0709e-10
0 1.0709e-10
0 1.0709e-10
0 1.0709e-10
0 1.0709e-10
0 1.0709e-10
0 1.0709e-10
0 1.0709e-10
0 1.0709e-10
0 1.0709e-10
0 1.0709e-10
0 1.0709e-10
0 1.0709e-10
0 1.0709e-10
0 1.0709e-10
0 1.0709e-10
0 1.0709e-10
0 1.0709e-10
0 1.0709e-10
0 1.0709e-10
0 1.0709e-10
0 1.0709e-10
0 1.0709e-10
0 1.0709e-10
0 1.0709e-10
0 1.0709e-10
0 1.0709e-10
0 1.0709e-10
0 1.0709e-10
0 1.0709e-10
0 1.0709e-10
0 1.0709e-10
0 1.0709e-10
0 1.0709e-10
0 1.0709e-10
0 1.0709e-10
0 1.0709e-10
0 1.0709e-10
0 1.0709e-10
0 1.0709e-10
0 1.0709e-10
0 1.0709e-10
0 1.0709e-10
0 1.0709e-10
0 1.0709e-10
0 1.0709e-10
0 1.0709e-10
0 1.0709e-10
0 1.0709e-10
0 1.0709e-10
0 1.0709e-10
0 1.0709e-10
0 1.0709e-10
0 1.0709e-10
0 1.0709e-10
0 1.0709e-10
0 1.0709e-10
0 1.0709e-10
0 1.0709e-10
0 1.0709e-10
0 1.0709e-10
0 1.0709e-10
0 1.0709e-10
0 1.0709e-10
0 1.0709e-10
0 1.0709e-10
0 1.0709e-10
0 1.0709e-10
0 1.0709e-10
0 1.0709e-10
0 1.0709e-10
0 1.0709e-10
0 1.0709e-10
0 1.0709e-10
0 1.0709e-10
0 1.0709e-10
0 1.0709e-10
0 1.0709e-10
0 1.0709e-10
0 1.0709e-10
0 1.0709e-10
0 1.0709e-10
0 1.0709e-10
0 1.0709e-10
0 1.0709e-10
0 1.0709e-10
0 1.0709e-10
0 1.0709e-10
0 1.0709e-10
0 1.0709e-10
0 1.0709e-10
0 1.0709e-10
0 1.0709e-10
0 1.0709e-10
0 1.0709e-10
0 1.0709e-10
0 1.0709e-10
0 1.0709e-10
0 1.0709e-10
0 1.0709e-10
0 1.0709e-10
0 1.0709e-10
0 1.0709e-10
0 1.0709e-10
0 1.0709e-10
0 1.0709e-10
0 1.0709e-10
0 1.0709e-10
0 1.0709e-10
0 1.0709e-10
0 1.0709e-10
0 1.0709e-10
0 1.0709e-10
0 1.0709e-10
0 1.0709e-10
0 1.0709e-10
0 1.0709e-10
0 1.0709e-10
0 1.0709e-10
0 1.0709e-10
0 1.0709e-10
0 1.0709e-10
0 1.0709e-10
0 1.0709e-10
0 1.0709e-10
0 1.0709e-10
0 1.0709e-10
0 1.0709e-10
0 1.0709e-10
0 1.0709e-10
0 1.0709e-10
0 1.0709e-10
0 1.0709e-10
0 1.0709e-10
0 1.0709e-10
0 1.0709e-10
0 1.0709e-10
0 1.0709e-10
0 1.0709e-10
0 1.0709e-10
0 1.0709e-10
0 1.0709e-10
0 1.0709e-10
0 1.0709e-10
0 1.0709e-10
0 1.0709e-10
0 1.0709e-10
0 1.0709e-10
0 1.0709e-10
0 1.0709e-10
0 1.0709e-10
0 1.0709e-10
0 1.0709e-10
0 1.0709e-10
0 1.0709e-10
0 1.0709e-10
0 1.0709e-10
0 1.0709e-10
0 1.0709e-10
0 1.0709e-10
0 1.0709e-10
0 1.0709e-10
0 1.0709e-10
0 1.0709e-10
0 1.0709e-10
0 1.0709e-10
0 1.0709e-10
0 1.0709e-10
0 1.0709e-10
0 1.0709e-10
0 1.0709e-10
0 1.0709e-10
0 1.0709e-10
0 1.0709e-10
0 1.0709e-10
0 1.0709e-10
0 1.0709e-10
0 1.0709e-10
0 1.0709e-10
0 1.0709e-10
0 1.0709e-10
0 1.0709e-10
0 1.0709e-10
0 1.0709e-10
0 1.0709e-10
0 1.0709e-10
0 1.0709e-10
0 1.0709e-10
0 1.0709e-10
0 1.0709e-10
0 1.0709e-10
0 1.0709e-10
0 1.0709e-10
0 1.0709e-10
0 1.0709e-10
0 1.0709e-10
0 1.0709e-10
0 1.0709e-10
0 1.0709e-10
0 1.0709e-10
0 1.0709e-10
0 1.0709e-10
0 1.0709e-10
0 1.0709e-10
0 1.0709e-10
0 1.0709e-10
0 1.0709e-10
0 1.0709e-10
0 1.0709e-10
0 1.0709e-10
0 1.0709e-10
0 1.0709e-10
0 1.0709e-10
0 1.0709e-10
0 1.0709e-10
0 1.0709e-10
0 1.0709e-10
0 1.0709e-10
0 1.0709e-10
0 1.0709e-10
0 1.0709e-10
0 1.0709e-10
0 1.0709e-10
0 1.0709e-10
0 1.0709e-10
0 1.0709e-10
0 1.0709e-10
0 1.0709e-10
0 1.0709e-10
0 1.0709e-10
0 1.0709e-10
0 1.0709e-10
0 1.0709e-10
0 1.0709e-10
0 1.0709e-10
0 1.0709e-10
0 1.0709e-10
0 1.0709e-10
0 1.0709e-10
0 1.0709e-10
0 1.0709e-10
0 1.0709e-10
0 1.0709e-10
0 1.0709e-10
0 1.0709e-10
0 1.0709e-10
0 1.0709e-10
0 1.0709e-10
0 1.0709e-10
0 1.0709e-10
0 1.0709e-10
0 1.0709e-10
0 1.0709e-10
0 1.0709e-10
0 1.0709e-10
0 1.0709e-10
0 1.0709e-10
0 1.0709e-10
0 1.0709e-10
0 1.0709e-10
0 1.0709e-10
0 1.0709e-10
0 1.0709e-10
0 1.0709e-10
0 1.0709e-10
0 1.0709e-10
0 1.0709e-10
0 1.0709e-10
0 1.0709e-10
0 1.0709e-10
0 1.0709e-10
0 1.0709e-10
0 1.0709e-10
0 1.0709e-10
0 1.0709e-10
0 1.0709e-10
0 1.0709e-10
0 1.0709e-10
0 1.0709e-10
0 1.0709e-10
0 1.0709e-10
0 1.0709e-10
0 1.0709e-10
0 1.0709e-10
0 1.0709e-10
0 1.0709e-10
0 1.0709e-10
0 1.0709e-10
0 1.0709e-10
0 1.0709e-10
0 1.0709e-10
0 1.0709e-10
0 1.0709e-10
0 1.0709e-10
0 1.0709e-10
0 1.0709e-10
0 1.0709e-10
0 1.0709e-10
0 1.0709e-10
0 1.0709e-10
0 1.0709e-10
0 1.0709e-10
0 1.0709e-10
0 1.0709e-10
0 1.0709e-10
0 1.0709e-10
0 1.0709e-10
0 1.0709e-10
0 1.0709e-10
0 1.0709e-10
0 1.0709e-10
0 1.0709e-10
0 1.0709e-10
0 1.0709e-10
0 1.0709e-10
0 1.0709e-10
0 1.0709e-10
0 1.0709e-10
0 1.0709e-10
0 1.0709e-10
0 1.0709e-10
0 1.0709e-10
0 1.0709e-10
0 1.0709e-10
0 1.0709e-10
0 1.0709e-10
0 1.0709e-10
0 1.0709e-10
0 1.0709e-10
0 1.0709e-10
0 1.0709e-10
0 1.0709e-10
0 1.0709e-10
0 1.0709e-10
0 1.0709e-10
0 1.0709e-10
0 1.0709e-10
0 1.0709e-10
0 1.0709e-10
0 1.0709e-10
0 1.0709e-10
0 1.0709e-10
0 1.0709e-10
0 1.0709e-10
0 1.0709e-10
0 1.0709e-10
0 1.0709e-10
0 1.0709e-10
0 1.0709e-10
0 1.0709e-10
0 1.0709e-10
0 1.0709e-10
0 1.0709e-10
0 1.0709e-10
0 1.0709e-10
0 1.0709e-10
0 1.0709e-10
0 1.0709e-10
0 1.0709e-10
0 1.0709e-10
0 1.0709e-10
0 1.0709e-10
0 1.0709e-10
0 1.0709e-10
0 1.0709e-10
0 1.0709e-10
0 1.0709e-10
0 1.0709e-10
0 1.0709e-10
0 1.0709e-10
0 1.0709e-10
0 1.0709e-10
0 1.0709e-10
0 1.0709e-10
0 1.0709e-10
0 1.0709e-10
0 1.0709e-10
0 1.0709e-10
0 1.0709e-10
0 1.0709e-10
0 1.0709e-10
0 1.0709e-10
0 1.0709e-10
0 1.0709e-10
0 1.0709e-10
0 1.0709e-10
0 1.0709e-10
0 1.0709e-10
0 1.0709e-10
0 1.0709e-10
0 1.0709e-10
0 1.0709e-10
0 1.0709e-10
0 1.0709e-10
0 1.0709e-10
0 1.0709e-10
0 1.0709e-10
0 1.0709e-10
0 1.0709e-10
0 1.0709e-10
0 1.0709e-10
0 1.0709e-10
0 1.0709e-10
0 1.0709e-10
0 1.0709e-10
0 1.0709e-10
0 1.0709e-10
0 1.0709e-10
0 1.0709e-10
0 1.0709e-10
0 1.0709e-10
0 1.0709e-10
0 1.0709e-10
0 1.0709e-10
0 1.0709e-10
0 1.0709e-10
0 1.0709e-10
0 1.0709e-10
0 1.0709e-10
0 1.0709e-10
0 1.0709e-10
0 1.0709e-10
0 1.0709e-10
0 1.0709e-10
0 1.0709e-10
0 1.0709e-10
0 1.0709e-10
0 1.0709e-10
0 1.0709e-10
0 1.0709e-10
0 1.0709e-10
0 1.0709e-10
0 1.0709e-10
0 1.0709e-10
0 1.0709e-10
0 1.0709e-10
0 1.0709e-10
0 1.0709e-10
0 1.0709e-10
0 1.0709e-10
0 1.0709e-10
0 1.0709e-10
0 1.0709e-10
0 1.0709e-10
0 1.0709e-10
0 1.0709e-10
0 1.0709e-10
0 1.0709e-10
0 1.0709e-10
0 1.0709e-10
0 1.0709e-10
0 1.0709e-10
0 1.0709e-10
0 1.0709e-10
0 1.0709e-10
0 1.0709e-10
0 1.0709e-10
0 1.0709e-10
0 1.0709e-10
0 1.0709e-10
0 1.0709e-10
0 1.0709e-10
0 1.0709e-10
0 1.0709e-10
0 1.0709e-10
0 1.0709e-10
0 1.0709e-10
0 1.0709e-10
0 1.0709e-10
0 1.0709e-10
0 1.0709e-10
0 1.0709e-10
0 1.0709e-10
0 1.0709e-10
0 1.0709e-10
0 1.0709e-10
0 1.0709e-10
0 1.0709e-10
0 1.0709e-10

