0.006 0.00295333
0.066 0.00078213
0.126 0.00092789
0.186 0.000955745
0.246 0.000944547
0.306 0.000921095
0.366 0.00089375
0.426 0.000865141
0.486 0.000836093
0.546 0.000806872
0.606 0.000777589
0.666 0.000748325
0.726 0.000719165
0.786 0.000690205
0.846 0.000661545
0.906 0.000633285
0.966 0.000605519
1.026 0.000578332
1.086 0.000551799
1.146 0.000525981
1.206 0.000500929
1.266 0.000476683
1.326 0.000453271
1.386 0.000430713
1.446 0.000409019
1.506 0.000388193
1.566 0.00036823
1.626 0.000349124
1.686 0.00033086
1.746 0.000313423
1.806 0.000296791
1.866 0.000280944
1.926 0.000265858
1.986 0.000251506
2.046 0.000237864
2.106 0.000224904
2.166 0.000212601
2.226 0.000200926
2.286 0.000189853
2.346 0.000179356
2.406 0.00016941
2.466 0.000159988
2.526 0.000151066
2.586 0.000142621
2.646 0.000134628
2.706 0.000127067
2.766 0.000119915
2.826 0.000113152
2.886 0.000106758
2.946 0.000100714
3.006 9.50025e-05
3.066 8.96054e-05
3.126 8.45063e-05
3.186 7.96897e-05
3.246 7.51404e-05
3.306 7.08442e-05
3.366 6.67875e-05
3.426 6.29575e-05
3.486 5.93417e-05
3.546 5.59287e-05
3.606 5.27073e-05
3.666 4.96671e-05
3.726 4.67981e-05
3.786 4.40909e-05
3.846 4.15366e-05
3.906 3.91268e-05
3.966 3.68534e-05
4.026 3.47089e-05
4.086 3.26861e-05
4.146 3.07782e-05
4.206 2.89789e-05
4.266 2.7282e-05
4.326 2.56818e-05
4.386 2.41729e-05
4.446 2.27502e-05
4.506 2.14088e-05
4.566 2.01442e-05
4.626 1.89519e-05
4.686 1.78281e-05
4.746 1.67687e-05
4.806 1.57701e-05
4.866 1.48289e-05
4.926 1.39419e-05
4.986 1.31059e-05
5.046 1.23181e-05
5.106 1.15757e-05
5.166 1.08762e-05
5.226 1.02172e-05
5.286 9.59618e-06
5.346 9.01116e-06
5.406 8.46003e-06
5.466 7.94087e-06
5.526 7.45184e-06
5.586 6.99124e-06
5.646 6.55743e-06
5.706 6.14889e-06
5.766 5.76417e-06
5.826 5.40191e-06
5.886 5.06082e-06
5.946 4.7397e-06
6.006 4.4374e-06
6.066 4.15284e-06
6.126 3.88502e-06
6.186 3.63297e-06
6.246 3.39579e-06
6.306 3.17264e-06
6.366 2.96271e-06
6.426 2.76524e-06
6.486 2.57953e-06
6.546 2.40491e-06
6.606 2.24075e-06
6.666 2.08645e-06
6.726 1.94145e-06
6.786 1.80524e-06
6.846 1.6773e-06
6.906 1.55718e-06
6.966 1.44445e-06
7.026 1.33868e-06
7.086 1.23949e-06
7.146 1.14652e-06
7.206 1.05943e-06
7.266 9.77886e-07
7.326 9.016e-07
7.386 8.30287e-07
7.446 7.63682e-07
7.506 7.01537e-07
7.566 6.43622e-07
7.626 5.8972e-07
7.686 5.3963e-07
7.746 4.93162e-07
7.806 4.50143e-07
7.866 4.1041e-07
7.926 3.73811e-07
7.986 3.40207e-07
8.046 3.09471e-07
8.106 2.81482e-07
8.166 2.56134e-07
8.226 2.33327e-07
8.286 2.12971e-07
8.346 1.94986e-07
8.406 1.793e-07
8.466 1.65849e-07
8.526 1.54577e-07
8.586 1.45436e-07
8.646 1.38387e-07
8.706 1.33397e-07
8.766 1.8516e-16
8.826 1.87622e-16
8.886 1.90101e-16
8.946 1.92596e-16
9.006 1.95107e-16
9.066 1.97634e-16
9.126 2.00178e-16
9.186 2.02739e-16
9.246 2.05315e-16
9.306 2.07908e-16
9.366 2.10518e-16
9.426 2.13143e-16
9.486 2.15785e-16
9.546 2.18444e-16
9.606 2.21118e-16
9.666 2.2381e-16
9.726 2.26517e-16
9.786 2.29241e-16
9.846 2.31981e-16
9.906 2.34737e-16
9.966 2.3751e-16
10.026 2.40299e-16
10.086 2.43104e-16
10.146 2.45926e-16
10.206 2.48764e-16
10.266 2.51619e-16
10.326 2.54489e-16
10.386 2.57377e-16
10.446 2.6028e-16
10.506 2.632e-16
10.566 2.66136e-16
10.626 2.69088e-16
10.686 2.72057e-16
10.746 2.75042e-16
10.806 2.78044e-16
10.866 2.81062e-16
10.926 2.84096e-16
10.986 2.87146e-16
11.046 2.90213e-16
11.106 2.93296e-16
11.166 2.96396e-16
11.226 2.99512e-16
11.286 3.02644e-16
11.346 3.05792e-16
11.406 3.08957e-16
11.466 3.12139e-16
11.526 3.15336e-16
11.586 3.1855e-16
11.646 3.2178e-16
11.706 3.25027e-16
11.766 3.2829e-16
11.826 3.31569e-16
11.886 3.34864e-16
11.946 3.38176e-16
12.006 3.41505e-16
12.066 3.44849e-16
12.126 3.4821e-16
12.186 3.51587e-16
12.246 3.54981e-16
12.306 3.58391e-16
12.366 3.61817e-16
12.426 3.6526e-16
12.486 3.68719e-16
12.546 3.72194e-16
12.606 3.75686e-16
12.666 3.79194e-16
12.726 3.82718e-16
12.786 3.86259e-16
12.846 3.89815e-16
12.906 3.93389e-16
12.966 3.96978e-16
13.026 4.00584e-16
13.086 4.04207e-16
13.146 4.07845e-16
13.206 4.115e-16
13.266 4.15172e-16
13.326 4.18859e-16
13.386 4.22563e-16
13.446 4.26284e-16
13.506 4.3002e-16
13.566 4.33773e-16
13.626 4.37543e-16
13.686 4.41328e-16
13.746 4.4513e-16
13.806 4.48949e-16
13.866 4.52783e-16
13.926 4.56634e-16
13.986 4.60502e-16
14.046 4.64385e-16
14.106 4.68285e-16
14.166 4.72202e-16
14.226 4.76135e-16
14.286 4.80084e-16
14.346 4.84049e-16
14.406 4.88031e-16
14.466 4.92029e-16
14.526 4.96043e-16
14.586 5.00074e-16
14.646 5.04121e-16
14.706 5.08184e-16
14.766 5.12264e-16
14.826 5.1636e-16
14.886 5.20472e-16
14.946 5.24601e-16
15.006 5.28746e-16
15.066 5.32908e-16
15.126 5.37085e-16
15.186 5.4128e-16
15.246 5.4549e-16
15.306 5.49717e-16
15.366 5.5396e-16
15.426 5.58219e-16
15.486 5.62495e-16
15.546 5.66787e-16
15.606 5.71095e-16
15.666 5.7542e-16
15.726 5.79761e-16
15.786 5.84119e-16
15.846 5.88493e-16
15.906 5.92883e-16
15.966 5.97289e-16
16.026 6.01712e-16
16.086 6.06151e-16
16.146 6.10606e-16
16.206 6.15078e-16
16.266 6.19566e-16
16.326 6.24071e-16
16.386 6.28592e-16
16.446 6.33129e-16
16.506 6.37682e-16
16.566 6.42252e-16
16.626 6.46838e-16
16.686 6.51441e-16
16.746 6.56059e-16
16.806 6.60695e-16
16.866 6.65346e-16
16.926 6.70014e-16
16.986 6.74698e-16
17.046 6.79398e-16
17.106 6.84115e-16
17.166 6.88848e-16
17.226 6.93598e-16
17.286 6.98364e-16
17.346 7.03146e-16
17.406 7.07944e-16
17.466 7.12759e-16
17.526 7.1759e-16
17.586 7.22438e-16
17.646 7.27302e-16
17.706 7.32182e-16
17.766 7.37078e-16
17.826 7.41991e-16
17.886 7.4692e-16
17.946 7.51866e-16
18.006 7.56828e-16
18.066 7.61806e-16
18.126 7.668e-16
18.186 7.71811e-16
18.246 7.76838e-16
18.306 7.81882e-16
18.366 7.86942e-16
18.426 7.92018e-16
18.486 7.97111e-16
18.546 8.02219e-16
18.606 8.07345e-16
18.666 8.12486e-16
18.726 8.17644e-16
18.786 8.22818e-16
18.846 8.28009e-16
18.906 8.33216e-16
18.966 8.38439e-16
19.026 8.43678e-16
19.086 8.48934e-16
19.146 8.54206e-16
19.206 8.59495e-16
19.266 8.648e-16
19.326 8.70121e-16
19.386 8.75459e-16
19.446 8.80813e-16
19.506 8.86183e-16
19.566 8.91569e-16
19.626 8.96972e-16
19.686 9.02391e-16
19.746 9.07827e-16
19.806 9.13279e-16
19.866 9.18747e-16
19.926 9.24232e-16
19.986 9.29733e-16
20.046 9.3525e-16
20.106 9.40783e-16
20.166 9.46333e-16
20.226 9.519e-16
20.286 9.57482e-16
20.346 9.63081e-16
20.406 9.68696e-16
20.466 9.74328e-16
20.526 9.79976e-16
20.586 9.8564e-16
20.646 9.91321e-16
20.706 9.97018e-16
20.766 1.00273e-15
20.826 1.00846e-15
20.886 1.01421e-15
20.946 1.01997e-15
21.006 1.02575e-15
21.066 1.03154e-15
21.126 1.03735e-15
21.186 1.04318e-15
21.246 1.04902e-15
21.306 1.05489e-15
21.366 1.06076e-15
21.426 1.06665e-15
21.486 1.07256e-15
21.546 1.07849e-15
21.606 1.08443e-15
21.666 1.09039e-15
21.726 1.09636e-15
21.786 1.10236e-15
21.846 1.10836e-15
21.906 1.11439e-15
21.966 1.12043e-15
22.026 1.12648e-15
22.086 1.13256e-15
22.146 1.13864e-15
22.206 1.14475e-15
22.266 1.15087e-15
22.326 1.15701e-15
22.386 1.16316e-15
22.446 1.16933e-15
22.506 1.17552e-15
22.566 1.18172e-15
22.626 1.18794e-15
22.686 1.19418e-15
22.746 1.20043e-15
22.806 1.2067e-15
22.866 1.21299e-15
22.926 1.21929e-15
22.986 1.2256e-15
23.046 1.23194e-15
23.106 1.23829e-15
23.166 1.24466e-15
23.226 1.25104e-15
23.286 1.25744e-15
23.346 1.26385e-15
23.406 1.27029e-15
23.466 1.27673e-15
23.526 1.2832e-15
23.586 1.28968e-15
23.646 1.29618e-15
23.706 1.30269e-15
23.766 1.30922e-15
23.826 1.31577e-15
23.886 1.32233e-15
23.946 1.32891e-15
24.006 1.3355e-15
24.066 1.34212e-15
24.126 1.34874e-15
24.186 1.35539e-15
24.246 1.36205e-15
24.306 1.36873e-15
24.366 1.37542e-15
24.426 1.38213e-15
24.486 1.38885e-15
24.546 1.3956e-15
24.606 1.40236e-15
24.666 1.40913e-15
24.726 1.41592e-15
24.786 1.42273e-15
24.846 1.42955e-15
24.906 1.43639e-15
24.966 1.44325e-15
25.026 1.45012e-15
25.086 1.45701e-15
25.146 1.46392e-15
25.206 1.47084e-15
25.266 1.47778e-15
25.326 1.48473e-15
25.386 1.4917e-15
25.446 1.49869e-15
25.506 1.5057e-15
25.566 1.51272e-15
25.626 1.51975e-15
25.686 1.52681e-15
25.746 1.53387e-15
25.806 1.54096e-15
25.866 1.54806e-15
25.926 1.55518e-15
25.986 1.56231e-15
26.046 1.56946e-15
26.106 1.57663e-15
26.166 1.58381e-15
26.226 1.59101e-15
26.286 1.59823e-15
26.346 1.60546e-15
26.406 1.61271e-15
26.466 1.61998e-15
26.526 1.62726e-15
26.586 1.63456e-15
26.646 1.64187e-15
26.706 1.6492e-15
26.766 1.65655e-15
26.826 1.66391e-15
26.886 1.67129e-15
26.946 1.67869e-15
27.006 1.6861e-15
27.066 1.69353e-15
27.126 1.70097e-15
27.186 1.70843e-15
27.246 1.71591e-15
27.306 1.7234e-15
27.366 1.73091e-15
27.426 1.73844e-15
27.486 1.74598e-15
27.546 1.75354e-15
27.606 1.76112e-15
27.666 1.76871e-15
27.726 1.77632e-15
27.786 1.78394e-15
27.846 1.79158e-15
27.906 1.79924e-15
27.966 1.80691e-15
28.026 1.8146e-15
28.086 1.82231e-15
28.146 1.83003e-15
28.206 1.83777e-15
28.266 1.84552e-15
28.326 1.8533e-15
28.386 1.86108e-15
28.446 1.86889e-15
28.506 1.87671e-15
28.566 1.88454e-15
28.626 1.8924e-15
28.686 1.90027e-15
28.746 1.90815e-15
28.806 1.91605e-15
28.866 1.92397e-15
28.926 1.93191e-15
28.986 1.93986e-15
29.046 1.94783e-15
29.106 1.95581e-15
29.166 1.96381e-15
29.226 1.97183e-15
29.286 1.97986e-15
29.346 1.98791e-15
29.406 1.99597e-15
29.466 2.00406e-15
29.526 2.01215e-15
29.586 2.02027e-15
29.646 2.0284e-15
29.706 2.03655e-15
29.766 2.04471e-15
29.826 2.05289e-15
29.886 2.06109e-15
29.946 2.0693e-15
30.006 2.07753e-15
30.066 2.08577e-15
30.126 2.09403e-15
30.186 2.10231e-15
30.246 2.11061e-15
30.306 2.11892e-15
30.366 2.12724e-15
30.426 2.13559e-15
30.486 2.14395e-15
30.546 2.15232e-15
30.606 2.16071e-15
30.666 2.16912e-15
30.726 2.17755e-15
30.786 2.18599e-15
30.846 2.19445e-15
30.906 2.20292e-15
30.966 2.21141e-15
31.026 2.21992e-15
31.086 2.22844e-15
31.146 2.23698e-15
31.206 2.24553e-15
31.266 2.25411e-15
31.326 2.26269e-15
31.386 2.2713e-15
31.446 2.27992e-15
31.506 2.28856e-15
31.566 2.29721e-15
31.626 2.30588e-15
31.686 2.31457e-15
31.746 2.32327e-15
31.806 2.33199e-15
31.866 2.34072e-15
31.926 2.34947e-15
31.986 2.35824e-15
32.046 2.36703e-15
32.106 2.37583e-15
32.166 2.38464e-15
32.226 2.39348e-15
32.286 2.40233e-15
32.346 2.41119e-15
32.406 2.42007e-15
32.466 2.42897e-15
32.526 2.43789e-15
32.586 2.44682e-15
32.646 2.45577e-15
32.706 2.46473e-15
32.766 2.47371e-15
32.826 2.48271e-15
32.886 2.49172e-15
32.946 2.50075e-15
33.006 2.50979e-15
33.066 2.51886e-15
33.126 2.52793e-15
33.186 2.53703e-15
33.246 2.54614e-15
33.306 2.55527e-15
33.366 2.56441e-15
33.426 2.57357e-15
33.486 2.58275e-15
33.546 2.59194e-15
33.606 2.60115e-15
33.666 2.61037e-15
33.726 2.61961e-15
33.786 2.62887e-15
33.846 2.63815e-15
33.906 2.64744e-15
33.966 2.65674e-15
34.026 2.66607e-15
34.086 2.67541e-15
34.146 2.68476e-15
34.206 2.69413e-15
34.266 2.70352e-15
34.326 2.71293e-15
34.386 2.72235e-15
34.446 2.73179e-15
34.506 2.74124e-15
34.566 2.75071e-15
34.626 2.7602e-15
34.686 2.7697e-15
34.746 2.77922e-15
34.806 2.78875e-15
34.866 2.79831e-15
34.926 2.80787e-15
34.986 2.81746e-15
35.046 2.82706e-15
35.106 2.83668e-15
35.166 2.84631e-15
35.226 2.85596e-15
35.286 2.86563e-15
35.346 2.87531e-15
35.406 2.88501e-15
35.466 2.89472e-15
35.526 2.90446e-15
35.586 2.9142e-15
35.646 2.92397e-15
35.706 2.93375e-15
35.766 2.94354e-15
35.826 2.95336e-15
35.886 2.96319e-15
35.946 2.97303e-15
36.006 2.9829e-15
36.066 2.99277e-15
36.126 3.00267e-15
36.186 3.01258e-15
36.246 3.02251e-15
36.306 3.03245e-15
36.366 3.04241e-15
36.426 3.05239e-15
36.486 3.06238e-15
36.546 3.07239e-15
36.606 3.08242e-15
36.666 3.09246e-15
36.726 3.10252e-15
36.786 3.11259e-15
36.846 3.12268e-15
36.906 3.13279e-15
36.966 3.14291e-15
37.026 3.15305e-15
37.086 3.16321e-15
37.146 3.17338e-15
37.206 3.18357e-15
37.266 3.19378e-15
37.326 3.204e-15
37.386 3.21424e-15
37.446 3.22449e-15
37.506 3.23476e-15
37.566 3.24505e-15
37.626 3.25535e-15
37.686 3.26567e-15
37.746 3.27601e-15
37.806 3.28636e-15
37.866 3.29673e-15
37.926 3.30711e-15
37.986 3.31751e-15
38.046 3.32793e-15
38.106 3.33837e-15
38.166 3.34882e-15
38.226 3.35928e-15
38.286 3.36976e-15
38.346 3.38026e-15
38.406 3.39078e-15
38.466 3.40131e-15
38.526 3.41186e-15
38.586 3.42242e-15
38.646 3.43301e-15
38.706 3.4436e-15
38.766 3.45422e-15
38.826 3.46485e-15
38.886 3.47549e-15
38.946 3.48616e-15
39.006 3.49683e-15
39.066 3.50753e-15
39.126 3.51824e-15
39.186 3.52897e-15
39.246 3.53971e-15
39.306 3.55047e-15
39.366 3.56125e-15
39.426 3.57204e-15
39.486 3.58285e-15
39.546 3.59368e-15
39.606 3.60452e-15
39.666 3.61538e-15
39.726 3.62626e-15
39.786 3.63715e-15
39.846 3.64806e-15
39.906 3.65898e-15
39.966 3.66992e-15
40.026 3.68088e-15
40.086 3.69185e-15
40.146 3.70284e-15
40.206 3.71384e-15
40.266 3.72487e-15
40.326 3.7359e-15
40.386 3.74696e-15
40.446 3.75803e-15
40.506 3.76912e-15
40.566 3.78022e-15
40.626 3.79134e-15
40.686 3.80248e-15
40.746 3.81363e-15
40.806 3.8248e-15
40.866 3.83598e-15
40.926 3.84719e-15
40.986 3.8584e-15
41.046 3.86964e-15
41.106 3.88089e-15
41.166 3.89216e-15
41.226 3.90344e-15
41.286 3.91474e-15
41.346 3.92606e-15
41.406 3.93739e-15
41.466 3.94874e-15
41.526 3.9601e-15
41.586 3.97148e-15
41.646 3.98288e-15
41.706 3.99429e-15
41.766 4.00572e-15
41.826 4.01717e-15
41.886 4.02863e-15
41.946 4.04011e-15
42.006 4.05161e-15
42.066 4.06312e-15
42.126 4.07465e-15
42.186 4.08619e-15
42.246 4.09776e-15
42.306 4.10933e-15
42.366 4.12093e-15
42.426 4.13254e-15
42.486 4.14416e-15
42.546 4.15581e-15
42.606 4.16746e-15
42.666 4.17914e-15
42.726 4.19083e-15
42.786 4.20254e-15
42.846 4.21426e-15
42.906 4.226e-15
42.966 4.23776e-15
43.026 4.24954e-15
43.086 4.26132e-15
43.146 4.27313e-15
43.206 4.28495e-15
43.266 4.29679e-15
43.326 4.30865e-15
43.386 4.32052e-15
43.446 4.33241e-15
43.506 4.34431e-15
43.566 4.35623e-15
43.626 4.36817e-15
43.686 4.38012e-15
43.746 4.39209e-15
43.806 4.40408e-15
43.866 4.41608e-15
43.926 4.4281e-15
43.986 4.44013e-15
44.046 4.45218e-15
44.106 4.46425e-15
44.166 4.47633e-15
44.226 4.48843e-15
44.286 4.50055e-15
44.346 4.51268e-15
44.406 4.52483e-15
44.466 4.537e-15
44.526 4.54918e-15
44.586 4.56138e-15
44.646 4.57359e-15
44.706 4.58582e-15
44.766 4.59807e-15
44.826 4.61033e-15
44.886 4.62261e-15
44.946 4.63491e-15
45.006 4.64722e-15
45.066 4.65955e-15
45.126 4.67189e-15
45.186 4.68426e-15
45.246 4.69663e-15
45.306 4.70903e-15
45.366 4.72144e-15
45.426 4.73386e-15
45.486 4.74631e-15
45.546 4.75877e-15
45.606 4.77124e-15
45.666 4.78373e-15
45.726 4.79624e-15
45.786 4.80877e-15
45.846 4.82131e-15
45.906 4.83387e-15
45.966 4.84644e-15
46.026 4.85903e-15
46.086 4.87164e-15
46.146 4.88426e-15
46.206 4.8969e-15
46.266 4.90955e-15
46.326 4.92223e-15
46.386 4.93491e-15
46.446 4.94762e-15
46.506 4.96034e-15
46.566 4.97308e-15
46.626 4.98583e-15
46.686 4.9986e-15
46.746 5.01139e-15
46.806 5.02419e-15
46.866 5.03701e-15
46.926 5.04984e-15
46.986 5.06269e-15
47.046 5.07556e-15
47.106 5.08844e-15
47.166 5.10135e-15
47.226 5.11426e-15
47.286 5.1272e-15
47.346 5.14014e-15
47.406 5.15311e-15
47.466 5.16609e-15
47.526 5.17909e-15
47.586 5.19211e-15
47.646 5.20514e-15
47.706 5.21818e-15
47.766 5.23125e-15
47.826 5.24433e-15
47.886 5.25742e-15
47.946 5.27054e-15
48.006 5.28367e-15
48.066 5.29681e-15
48.126 5.30997e-15
48.186 5.32315e-15
48.246 5.33635e-15
48.306 5.34956e-15
48.366 5.36278e-15
48.426 5.37603e-15
48.486 5.38929e-15
48.546 5.40256e-15
48.606 5.41586e-15
48.666 5.42917e-15
48.726 5.44249e-15
48.786 5.45583e-15
48.846 5.46919e-15
48.906 5.48256e-15
48.966 5.49595e-15
49.026 5.50936e-15
49.086 5.52278e-15
49.146 5.53622e-15
49.206 5.54968e-15
49.266 5.56315e-15
49.326 5.57664e-15
49.386 5.59014e-15
49.446 5.60367e-15
49.506 5.6172e-15
49.566 5.63076e-15
49.626 5.64433e-15
49.686 5.65791e-15
49.746 5.67152e-15
49.806 5.68514e-15
49.866 5.69877e-15
49.926 5.71242e-15
49.986 5.72609e-15
50.046 5.73978e-15
50.106 5.75348e-15
50.166 5.76719e-15
50.226 5.78093e-15
50.286 5.79468e-15
50.346 5.80844e-15
50.406 5.82223e-15
50.466 5.83602e-15
50.526 5.84984e-15
50.586 5.86367e-15
50.646 5.87752e-15
50.706 5.89138e-15
50.766 5.90526e-15
50.826 5.91916e-15
50.886 5.93307e-15
50.946 5.947e-15
51.006 5.96095e-15
51.066 5.97491e-15
51.126 5.98889e-15
51.186 6.00289e-15
51.246 6.0169e-15
51.306 6.03092e-15
51.366 6.04497e-15
51.426 6.05903e-15
51.486 6.0731e-15
51.546 6.0872e-15
51.606 6.10131e-15
51.666 6.11543e-15
51.726 6.12957e-15
51.786 6.14373e-15
51.846 6.15791e-15
51.906 6.1721e-15
51.966 6.1863e-15
52.026 6.20053e-15
52.086 6.21477e-15
52.146 6.22902e-15
52.206 6.2433e-15
52.266 6.25759e-15
52.326 6.27189e-15
52.386 6.28621e-15
52.446 6.30055e-15
52.506 6.3149e-15
52.566 6.32927e-15
52.626 6.34366e-15
52.686 6.35807e-15
52.746 6.37248e-15
52.806 6.38692e-15
52.866 6.40137e-15
52.926 6.41584e-15
52.986 6.43033e-15
53.046 6.44483e-15
53.106 6.45934e-15
53.166 6.47388e-15
53.226 6.48843e-15
53.286 6.503e-15
53.346 6.51758e-15
53.406 6.53218e-15
53.466 6.54679e-15
53.526 6.56143e-15
53.586 6.57607e-15
53.646 6.59074e-15
53.706 6.60542e-15
53.766 6.62012e-15
53.826 6.63483e-15
53.886 6.64956e-15
53.946 6.66431e-15
54.006 6.67907e-15
54.066 6.69385e-15
54.126 6.70864e-15
54.186 6.72345e-15
54.246 6.73828e-15
54.306 6.75313e-15
54.366 6.76799e-15
54.426 6.78286e-15
54.486 6.79776e-15
54.546 6.81267e-15
54.606 6.82759e-15
54.666 6.84253e-15
54.726 6.85749e-15
54.786 6.87247e-15
54.846 6.88746e-15
54.906 6.90247e-15
54.966 6.91749e-15
55.026 6.93253e-15
55.086 6.94759e-15
55.146 6.96266e-15
55.206 6.97775e-15
55.266 6.99286e-15
55.326 7.00798e-15
55.386 7.02312e-15
55.446 7.03827e-15
55.506 7.05344e-15
55.566 7.06863e-15
55.626 7.08383e-15
55.686 7.09905e-15
55.746 7.11429e-15
55.806 7.12954e-15
55.866 7.14481e-15
55.926 7.1601e-15
55.986 7.1754e-15
56.046 7.19071e-15
56.106 7.20605e-15
56.166 7.2214e-15
56.226 7.23677e-15
56.286 7.25215e-15
56.346 7.26755e-15
56.406 7.28297e-15
56.466 7.2984e-15
56.526 7.31385e-15
56.586 7.32931e-15
56.646 7.34479e-15
56.706 7.36029e-15
56.766 7.3758e-15
56.826 7.39133e-15
56.886 7.40688e-15
56.946 7.42244e-15
57.006 7.43802e-15
57.066 7.45362e-15
57.126 7.46923e-15
57.186 7.48486e-15
57.246 7.5005e-15
57.306 7.51616e-15
57.366 7.53184e-15
57.426 7.54754e-15
57.486 7.56325e-15
57.546 7.57897e-15
57.606 7.59471e-15
57.666 7.61047e-15
57.726 7.62625e-15
57.786 7.64204e-15
57.846 7.65785e-15
57.906 7.67367e-15
57.966 7.68951e-15
58.026 7.70537e-15
58.086 7.72124e-15
58.146 7.73713e-15
58.206 7.75304e-15
58.266 7.76896e-15
58.326 7.7849e-15
58.386 7.80085e-15
58.446 7.81683e-15
58.506 7.83281e-15
58.566 7.84882e-15
58.626 7.86484e-15
58.686 7.88087e-15
58.746 7.89693e-15
58.806 7.913e-15
58.866 7.92908e-15
58.926 7.94518e-15
58.986 7.9613e-15
59.046 7.97744e-15
59.106 7.99359e-15
59.166 8.00976e-15
59.226 8.02594e-15
59.286 8.04214e-15
59.346 8.05836e-15
59.406 8.07459e-15
59.466 8.09084e-15
59.526 8.1071e-15
59.586 8.12338e-15
59.646 8.13968e-15
59.706 8.156e-15
59.766 8.17233e-15
59.826 8.18867e-15
59.886 8.20504e-15
59.946 8.22142e-15

