0.006 1.40452e-07
0.066 1.68776e-05
0.126 6.03744e-05
0.186 0.000127671
0.246 0.000214359
0.306 0.000315075
0.366 0.00042404
0.426 0.000535565
0.486 0.000644462
0.546 0.000746327
0.606 0.000837689
0.666 0.00091606
0.726 0.00097989
0.786 0.00102848
0.846 0.00106185
0.906 0.00108064
0.966 0.00108591
1.026 0.00107906
1.086 0.00106171
1.146 0.00103555
1.206 0.00100227
1.266 0.00096348
1.326 0.000920684
1.386 0.000875206
1.446 0.0008282
1.506 0.000780631
1.566 0.000733291
1.626 0.000686806
1.686 0.000641657
1.746 0.000598198
1.806 0.000556675
1.866 0.000517292
1.926 0.000480161
1.986 0.000445282
2.046 0.000412618
2.106 0.000382107
2.166 0.000353668
2.226 0.000327208
2.286 0.000302624
2.346 0.000279812
2.406 0.000258666
2.466 0.000239081
2.526 0.000220953
2.586 0.000204183
2.646 0.000188677
2.706 0.000174345
2.766 0.000161101
2.826 0.000148866
2.886 0.000137564
2.946 0.000127125
3.006 0.000117485
3.066 0.000108582
3.126 0.00010036
3.186 9.27675e-05
3.246 8.57556e-05
3.306 7.92797e-05
3.366 7.32985e-05
3.426 6.77739e-05
3.486 6.26706e-05
3.546 5.79562e-05
3.606 5.36006e-05
3.666 4.95762e-05
3.726 4.58574e-05
3.786 4.24208e-05
3.846 3.92446e-05
3.906 3.63087e-05
3.966 3.35949e-05
4.026 3.1086e-05
4.086 2.87663e-05
4.146 2.66214e-05
4.206 2.4638e-05
4.266 2.28037e-05
4.326 2.11071e-05
4.386 1.95379e-05
4.446 1.80862e-05
4.506 1.67433e-05
4.566 1.55008e-05
4.626 1.43512e-05
4.686 1.32875e-05
4.746 1.23031e-05
4.806 1.13921e-05
4.866 1.0549e-05
4.926 9.76859e-06
4.986 9.04625e-06
5.046 8.37759e-06
5.106 7.75859e-06
5.166 7.18553e-06
5.226 6.65498e-06
5.286 6.16375e-06
5.346 5.70891e-06
5.406 5.28775e-06
5.466 4.89775e-06
5.526 4.53659e-06
5.586 4.20212e-06
5.646 3.89237e-06
5.706 3.60549e-06
5.766 3.33978e-06
5.826 3.09368e-06
5.886 2.86572e-06
5.946 2.65457e-06
6.006 2.45898e-06
6.066 2.27779e-06
6.126 2.10995e-06
6.186 1.95446e-06
6.246 1.81042e-06
6.306 1.67697e-06
6.366 1.55333e-06
6.426 1.43878e-06
6.486 1.33265e-06
6.546 1.23432e-06
6.606 1.14322e-06
6.666 1.05881e-06
6.726 9.80589e-07
6.786 9.08116e-07
6.846 8.40962e-07
6.906 7.78737e-07
6.966 7.21078e-07
7.026 6.67649e-07
7.086 6.18139e-07
7.146 5.72261e-07
7.206 5.29747e-07
7.266 4.90351e-07
7.326 4.53844e-07
7.386 4.20014e-07
7.446 3.88664e-07
7.506 3.59612e-07
7.566 3.32691e-07
7.626 3.07743e-07
7.686 2.84625e-07
7.746 2.63201e-07
7.806 2.43349e-07
7.866 2.24953e-07
7.926 2.07906e-07
7.986 1.9211e-07
8.046 1.77474e-07
8.106 1.63912e-07
8.166 1.51346e-07
8.226 1.39703e-07
8.286 1.28916e-07
8.346 1.18923e-07
8.406 1.09665e-07
8.466 1.0109e-07
8.526 9.31467e-08
8.586 8.57901e-08
8.646 7.89774e-08
8.706 7.26692e-08
8.766 6.6829e-08
8.826 6.14229e-08
8.886 5.64197e-08
8.946 5.17904e-08
9.006 4.75082e-08
9.066 4.35482e-08
9.126 3.98876e-08
9.186 3.6505e-08
9.246 3.33809e-08
9.306 3.04972e-08
9.366 2.7837e-08
9.426 2.53851e-08
9.486 2.3127e-08
9.546 2.10497e-08
9.606 1.91411e-08
9.666 1.739e-08
9.726 1.57863e-08
9.786 1.43206e-08
9.846 1.29842e-08
9.906 1.17695e-08
9.966 1.06691e-08
10.026 9.67677e-09
10.086 8.78652e-09
10.146 7.99311e-09
10.206 7.29183e-09
10.266 6.67849e-09
10.326 6.14941e-09
10.386 5.70139e-09
10.446 5.33168e-09
10.506 5.03799e-09
10.566 4.81847e-09
10.626 4.67167e-09
10.686 5.24902e-18
10.746 5.3038e-18
10.806 5.35887e-18
10.866 5.41422e-18
10.926 5.46986e-18
10.986 5.52579e-18
11.046 5.58201e-18
11.106 5.63852e-18
11.166 5.69531e-18
11.226 5.7524e-18
11.286 5.80977e-18
11.346 5.86743e-18
11.406 5.92538e-18
11.466 5.98362e-18
11.526 6.04214e-18
11.586 6.10096e-18
11.646 6.16006e-18
11.706 6.21945e-18
11.766 6.27913e-18
11.826 6.3391e-18
11.886 6.39935e-18
11.946 6.45989e-18
12.006 6.52073e-18
12.066 6.58185e-18
12.126 6.64326e-18
12.186 6.70495e-18
12.246 6.76694e-18
12.306 6.82921e-18
12.366 6.89177e-18
12.426 6.95462e-18
12.486 7.01776e-18
12.546 7.08118e-18
12.606 7.1449e-18
12.666 7.2089e-18
12.726 7.27319e-18
12.786 7.33777e-18
12.846 7.40264e-18
12.906 7.46779e-18
12.966 7.53324e-18
13.026 7.59897e-18
13.086 7.66499e-18
13.146 7.73129e-18
13.206 7.79789e-18
13.266 7.86477e-18
13.326 7.93195e-18
13.386 7.99941e-18
13.446 8.06716e-18
13.506 8.13519e-18
13.566 8.20352e-18
13.626 8.27213e-18
13.686 8.34103e-18
13.746 8.41022e-18
13.806 8.4797e-18
13.866 8.54946e-18
13.926 8.61951e-18
13.986 8.68986e-18
14.046 8.76049e-18
14.106 8.8314e-18
14.166 8.90261e-18
14.226 8.9741e-18
14.286 9.04588e-18
14.346 9.11795e-18
14.406 9.19031e-18
14.466 9.26296e-18
14.526 9.33589e-18
14.586 9.40911e-18
14.646 9.48262e-18
14.706 9.55642e-18
14.766 9.63051e-18
14.826 9.70488e-18
14.886 9.77955e-18
14.946 9.8545e-18
15.006 9.92973e-18
15.066 1.00053e-17
15.126 1.00811e-17
15.186 1.01572e-17
15.246 1.02336e-17
15.306 1.03102e-17
15.366 1.03872e-17
15.426 1.04645e-17
15.486 1.0542e-17
15.546 1.06198e-17
15.606 1.0698e-17
15.666 1.07764e-17
15.726 1.08551e-17
15.786 1.0934e-17
15.846 1.10133e-17
15.906 1.10929e-17
15.966 1.11727e-17
16.026 1.12529e-17
16.086 1.13333e-17
16.146 1.1414e-17
16.206 1.1495e-17
16.266 1.15763e-17
16.326 1.16578e-17
16.386 1.17397e-17
16.446 1.18219e-17
16.506 1.19043e-17
16.566 1.1987e-17
16.626 1.207e-17
16.686 1.21533e-17
16.746 1.22369e-17
16.806 1.23208e-17
16.866 1.2405e-17
16.926 1.24894e-17
16.986 1.25742e-17
17.046 1.26592e-17
17.106 1.27445e-17
17.166 1.28301e-17
17.226 1.2916e-17
17.286 1.30022e-17
17.346 1.30887e-17
17.406 1.31754e-17
17.466 1.32625e-17
17.526 1.33498e-17
17.586 1.34374e-17
17.646 1.35254e-17
17.706 1.36136e-17
17.766 1.3702e-17
17.826 1.37908e-17
17.886 1.38799e-17
17.946 1.39692e-17
18.006 1.40589e-17
18.066 1.41488e-17
18.126 1.4239e-17
18.186 1.43295e-17
18.246 1.44203e-17
18.306 1.45114e-17
18.366 1.46027e-17
18.426 1.46944e-17
18.486 1.47863e-17
18.546 1.48786e-17
18.606 1.49711e-17
18.666 1.50639e-17
18.726 1.5157e-17
18.786 1.52504e-17
18.846 1.5344e-17
18.906 1.5438e-17
18.966 1.55322e-17
19.026 1.56268e-17
19.086 1.57216e-17
19.146 1.58167e-17
19.206 1.59121e-17
19.266 1.60078e-17
19.326 1.61037e-17
19.386 1.62e-17
19.446 1.62966e-17
19.506 1.63934e-17
19.566 1.64905e-17
19.626 1.65879e-17
19.686 1.66856e-17
19.746 1.67836e-17
19.806 1.68819e-17
19.866 1.69805e-17
19.926 1.70793e-17
19.986 1.71784e-17
20.046 1.72779e-17
20.106 1.73776e-17
20.166 1.74776e-17
20.226 1.75779e-17
20.286 1.76785e-17
20.346 1.77793e-17
20.406 1.78805e-17
20.466 1.79819e-17
20.526 1.80837e-17
20.586 1.81857e-17
20.646 1.8288e-17
20.706 1.83906e-17
20.766 1.84935e-17
20.826 1.85966e-17
20.886 1.87001e-17
20.946 1.88038e-17
21.006 1.89079e-17
21.066 1.90122e-17
21.126 1.91168e-17
21.186 1.92217e-17
21.246 1.93269e-17
21.306 1.94324e-17
21.366 1.95381e-17
21.426 1.96442e-17
21.486 1.97505e-17
21.546 1.98571e-17
21.606 1.99641e-17
21.666 2.00713e-17
21.726 2.01787e-17
21.786 2.02865e-17
21.846 2.03946e-17
21.906 2.05029e-17
21.966 2.06116e-17
22.026 2.07205e-17
22.086 2.08297e-17
22.146 2.09392e-17
22.206 2.1049e-17
22.266 2.11591e-17
22.326 2.12695e-17
22.386 2.13801e-17
22.446 2.14911e-17
22.506 2.16023e-17
22.566 2.17138e-17
22.626 2.18256e-17
22.686 2.19377e-17
22.746 2.20501e-17
22.806 2.21628e-17
22.866 2.22757e-17
22.926 2.2389e-17
22.986 2.25025e-17
23.046 2.26163e-17
23.106 2.27305e-17
23.166 2.28449e-17
23.226 2.29595e-17
23.286 2.30745e-17
23.346 2.31898e-17
23.406 2.33053e-17
23.466 2.34212e-17
23.526 2.35373e-17
23.586 2.36537e-17
23.646 2.37704e-17
23.706 2.38874e-17
23.766 2.40047e-17
23.826 2.41222e-17
23.886 2.42401e-17
23.946 2.43582e-17
24.006 2.44767e-17
24.066 2.45954e-17
24.126 2.47144e-17
24.186 2.48337e-17
24.246 2.49533e-17
24.306 2.50731e-17
24.366 2.51933e-17
24.426 2.53137e-17
24.486 2.54345e-17
24.546 2.55555e-17
24.606 2.56768e-17
24.666 2.57984e-17
24.726 2.59203e-17
24.786 2.60424e-17
24.846 2.61649e-17
24.906 2.62876e-17
24.966 2.64107e-17
25.026 2.6534e-17
25.086 2.66576e-17
25.146 2.67815e-17
25.206 2.69057e-17
25.266 2.70302e-17
25.326 2.71549e-17
25.386 2.728e-17
25.446 2.74053e-17
25.506 2.75309e-17
25.566 2.76569e-17
25.626 2.77831e-17
25.686 2.79096e-17
25.746 2.80363e-17
25.806 2.81634e-17
25.866 2.82908e-17
25.926 2.84184e-17
25.986 2.85463e-17
26.046 2.86745e-17
26.106 2.8803e-17
26.166 2.89318e-17
26.226 2.90609e-17
26.286 2.91903e-17
26.346 2.93199e-17
26.406 2.94499e-17
26.466 2.95801e-17
26.526 2.97106e-17
26.586 2.98414e-17
26.646 2.99725e-17
26.706 3.01039e-17
26.766 3.02356e-17
26.826 3.03676e-17
26.886 3.04998e-17
26.946 3.06323e-17
27.006 3.07652e-17
27.066 3.08983e-17
27.126 3.10317e-17
27.186 3.11654e-17
27.246 3.12993e-17
27.306 3.14336e-17
27.366 3.15681e-17
27.426 3.1703e-17
27.486 3.18381e-17
27.546 3.19735e-17
27.606 3.21092e-17
27.666 3.22452e-17
27.726 3.23815e-17
27.786 3.25181e-17
27.846 3.26549e-17
27.906 3.2792e-17
27.966 3.29295e-17
28.026 3.30672e-17
28.086 3.32052e-17
28.146 3.33435e-17
28.206 3.34821e-17
28.266 3.36209e-17
28.326 3.37601e-17
28.386 3.38995e-17
28.446 3.40393e-17
28.506 3.41793e-17
28.566 3.43196e-17
28.626 3.44602e-17
28.686 3.46011e-17
28.746 3.47422e-17
28.806 3.48837e-17
28.866 3.50255e-17
28.926 3.51675e-17
28.986 3.53098e-17
29.046 3.54524e-17
29.106 3.55953e-17
29.166 3.57385e-17
29.226 3.5882e-17
29.286 3.60257e-17
29.346 3.61698e-17
29.406 3.63141e-17
29.466 3.64588e-17
29.526 3.66037e-17
29.586 3.67489e-17
29.646 3.68944e-17
29.706 3.70401e-17
29.766 3.71862e-17
29.826 3.73326e-17
29.886 3.74792e-17
29.946 3.76261e-17
30.006 3.77733e-17
30.066 3.79208e-17
30.126 3.80686e-17
30.186 3.82167e-17
30.246 3.83651e-17
30.306 3.85137e-17
30.366 3.86627e-17
30.426 3.88119e-17
30.486 3.89614e-17
30.546 3.91112e-17
30.606 3.92613e-17
30.666 3.94117e-17
30.726 3.95624e-17
30.786 3.97133e-17
30.846 3.98646e-17
30.906 4.00161e-17
30.966 4.01679e-17
31.026 4.03201e-17
31.086 4.04725e-17
31.146 4.06251e-17
31.206 4.07781e-17
31.266 4.09314e-17
31.326 4.10849e-17
31.386 4.12388e-17
31.446 4.13929e-17
31.506 4.15473e-17
31.566 4.1702e-17
31.626 4.1857e-17
31.686 4.20123e-17
31.746 4.21678e-17
31.806 4.23237e-17
31.866 4.24798e-17
31.926 4.26362e-17
31.986 4.2793e-17
32.046 4.295e-17
32.106 4.31073e-17
32.166 4.32648e-17
32.226 4.34227e-17
32.286 4.35809e-17
32.346 4.37393e-17
32.406 4.3898e-17
32.466 4.4057e-17
32.526 4.42164e-17
32.586 4.43759e-17
32.646 4.45358e-17
32.706 4.4696e-17
32.766 4.48565e-17
32.826 4.50172e-17
32.886 4.51782e-17
32.946 4.53396e-17
33.006 4.55012e-17
33.066 4.56631e-17
33.126 4.58252e-17
33.186 4.59877e-17
33.246 4.61505e-17
33.306 4.63135e-17
33.366 4.64769e-17
33.426 4.66405e-17
33.486 4.68044e-17
33.546 4.69686e-17
33.606 4.71331e-17
33.666 4.72979e-17
33.726 4.74629e-17
33.786 4.76283e-17
33.846 4.77939e-17
33.906 4.79598e-17
33.966 4.81261e-17
34.026 4.82926e-17
34.086 4.84594e-17
34.146 4.86264e-17
34.206 4.87938e-17
34.266 4.89615e-17
34.326 4.91294e-17
34.386 4.92976e-17
34.446 4.94661e-17
34.506 4.96349e-17
34.566 4.9804e-17
34.626 4.99734e-17
34.686 5.01431e-17
34.746 5.0313e-17
34.806 5.04833e-17
34.866 5.06538e-17
34.926 5.08246e-17
34.986 5.09958e-17
35.046 5.11672e-17
35.106 5.13388e-17
35.166 5.15108e-17
35.226 5.16831e-17
35.286 5.18556e-17
35.346 5.20284e-17
35.406 5.22016e-17
35.466 5.2375e-17
35.526 5.25487e-17
35.586 5.27227e-17
35.646 5.28969e-17
35.706 5.30715e-17
35.766 5.32464e-17
35.826 5.34215e-17
35.886 5.35969e-17
35.946 5.37726e-17
36.006 5.39486e-17
36.066 5.41249e-17
36.126 5.43015e-17
36.186 5.44784e-17
36.246 5.46555e-17
36.306 5.4833e-17
36.366 5.50107e-17
36.426 5.51887e-17
36.486 5.5367e-17
36.546 5.55456e-17
36.606 5.57245e-17
36.666 5.59037e-17
36.726 5.60831e-17
36.786 5.62629e-17
36.846 5.64429e-17
36.906 5.66232e-17
36.966 5.68038e-17
37.026 5.69847e-17
37.086 5.71659e-17
37.146 5.73474e-17
37.206 5.75291e-17
37.266 5.77112e-17
37.326 5.78935e-17
37.386 5.80761e-17
37.446 5.8259e-17
37.506 5.84422e-17
37.566 5.86257e-17
37.626 5.88095e-17
37.686 5.89936e-17
37.746 5.91779e-17
37.806 5.93625e-17
37.866 5.95475e-17
37.926 5.97327e-17
37.986 5.99182e-17
38.046 6.0104e-17
38.106 6.029e-17
38.166 6.04764e-17
38.226 6.06631e-17
38.286 6.085e-17
38.346 6.10372e-17
38.406 6.12247e-17
38.466 6.14126e-17
38.526 6.16006e-17
38.586 6.1789e-17
38.646 6.19777e-17
38.706 6.21666e-17
38.766 6.23559e-17
38.826 6.25454e-17
38.886 6.27352e-17
38.946 6.29253e-17
39.006 6.31157e-17
39.066 6.33064e-17
39.126 6.34974e-17
39.186 6.36886e-17
39.246 6.38802e-17
39.306 6.4072e-17
39.366 6.42642e-17
39.426 6.44566e-17
39.486 6.46493e-17
39.546 6.48422e-17
39.606 6.50355e-17
39.666 6.52291e-17
39.726 6.54229e-17
39.786 6.56171e-17
39.846 6.58115e-17
39.906 6.60062e-17
39.966 6.62012e-17
40.026 6.63965e-17
40.086 6.65921e-17
40.146 6.67879e-17
40.206 6.69841e-17
40.266 6.71805e-17
40.326 6.73772e-17
40.386 6.75743e-17
40.446 6.77716e-17
40.506 6.79691e-17
40.566 6.8167e-17
40.626 6.83652e-17
40.686 6.85636e-17
40.746 6.87624e-17
40.806 6.89614e-17
40.866 6.91607e-17
40.926 6.93603e-17
40.986 6.95602e-17
41.046 6.97604e-17
41.106 6.99609e-17
41.166 7.01616e-17
41.226 7.03627e-17
41.286 7.0564e-17
41.346 7.07656e-17
41.406 7.09676e-17
41.466 7.11697e-17
41.526 7.13722e-17
41.586 7.1575e-17
41.646 7.17781e-17
41.706 7.19814e-17
41.766 7.2185e-17
41.826 7.2389e-17
41.886 7.25932e-17
41.946 7.27977e-17
42.006 7.30025e-17
42.066 7.32075e-17
42.126 7.34129e-17
42.186 7.36186e-17
42.246 7.38245e-17
42.306 7.40307e-17
42.366 7.42372e-17
42.426 7.4444e-17
42.486 7.46511e-17
42.546 7.48585e-17
42.606 7.50662e-17
42.666 7.52741e-17
42.726 7.54824e-17
42.786 7.56909e-17
42.846 7.58997e-17
42.906 7.61088e-17
42.966 7.63182e-17
43.026 7.65279e-17
43.086 7.67378e-17
43.146 7.69481e-17
43.206 7.71586e-17
43.266 7.73695e-17
43.326 7.75806e-17
43.386 7.7792e-17
43.446 7.80037e-17
43.506 7.82157e-17
43.566 7.8428e-17
43.626 7.86405e-17
43.686 7.88534e-17
43.746 7.90665e-17
43.806 7.92799e-17
43.866 7.94936e-17
43.926 7.97076e-17
43.986 7.99219e-17
44.046 8.01365e-17
44.106 8.03513e-17
44.166 8.05665e-17
44.226 8.07819e-17
44.286 8.09977e-17
44.346 8.12137e-17
44.406 8.143e-17
44.466 8.16466e-17
44.526 8.18634e-17
44.586 8.20806e-17
44.646 8.22981e-17
44.706 8.25158e-17
44.766 8.27338e-17
44.826 8.29521e-17
44.886 8.31707e-17
44.946 8.33896e-17
45.006 8.36088e-17
45.066 8.38283e-17
45.126 8.4048e-17
45.186 8.42681e-17
45.246 8.44884e-17
45.306 8.4709e-17
45.366 8.49299e-17
45.426 8.51511e-17
45.486 8.53726e-17
45.546 8.55944e-17
45.606 8.58164e-17
45.666 8.60388e-17
45.726 8.62614e-17
45.786 8.64843e-17
45.846 8.67075e-17
45.906 8.6931e-17
45.966 8.71548e-17
46.026 8.73789e-17
46.086 8.76033e-17
46.146 8.78279e-17
46.206 8.80528e-17
46.266 8.82781e-17
46.326 8.85036e-17
46.386 8.87294e-17
46.446 8.89555e-17
46.506 8.91818e-17
46.566 8.94085e-17
46.626 8.96355e-17
46.686 8.98627e-17
46.746 9.00902e-17
46.806 9.0318e-17
46.866 9.05461e-17
46.926 9.07745e-17
46.986 9.10032e-17
47.046 9.12322e-17
47.106 9.14614e-17
47.166 9.1691e-17
47.226 9.19208e-17
47.286 9.21509e-17
47.346 9.23813e-17
47.406 9.2612e-17
47.466 9.2843e-17
47.526 9.30743e-17
47.586 9.33058e-17
47.646 9.35377e-17
47.706 9.37698e-17
47.766 9.40022e-17
47.826 9.42349e-17
47.886 9.44679e-17
47.946 9.47012e-17
48.006 9.49348e-17
48.066 9.51686e-17
48.126 9.54028e-17
48.186 9.56372e-17
48.246 9.58719e-17
48.306 9.61069e-17
48.366 9.63422e-17
48.426 9.65778e-17
48.486 9.68137e-17
48.546 9.70499e-17
48.606 9.72863e-17
48.666 9.75231e-17
48.726 9.77601e-17
48.786 9.79974e-17
48.846 9.8235e-17
48.906 9.84729e-17
48.966 9.87111e-17
49.026 9.89495e-17
49.086 9.91883e-17
49.146 9.94273e-17
49.206 9.96666e-17
49.266 9.99063e-17
49.326 1.00146e-16
49.386 1.00386e-16
49.446 1.00627e-16
49.506 1.00868e-16
49.566 1.01109e-16
49.626 1.0135e-16
49.686 1.01592e-16
49.746 1.01834e-16
49.806 1.02076e-16
49.866 1.02318e-16
49.926 1.02561e-16
49.986 1.02804e-16
50.046 1.03047e-16
50.106 1.03291e-16
50.166 1.03535e-16
50.226 1.03779e-16
50.286 1.04024e-16
50.346 1.04269e-16
50.406 1.04514e-16
50.466 1.04759e-16
50.526 1.05005e-16
50.586 1.05251e-16
50.646 1.05497e-16
50.706 1.05743e-16
50.766 1.0599e-16
50.826 1.06237e-16
50.886 1.06485e-16
50.946 1.06732e-16
51.006 1.0698e-16
51.066 1.07229e-16
51.126 1.07477e-16
51.186 1.07726e-16
51.246 1.07975e-16
51.306 1.08224e-16
51.366 1.08474e-16
51.426 1.08724e-16
51.486 1.08974e-16
51.546 1.09225e-16
51.606 1.09476e-16
51.666 1.09727e-16
51.726 1.09978e-16
51.786 1.1023e-16
51.846 1.10482e-16
51.906 1.10734e-16
51.966 1.10987e-16
52.026 1.1124e-16
52.086 1.11493e-16
52.146 1.11746e-16
52.206 1.12e-16
52.266 1.12254e-16
52.326 1.12508e-16
52.386 1.12763e-16
52.446 1.13018e-16
52.506 1.13273e-16
52.566 1.13528e-16
52.626 1.13784e-16
52.686 1.1404e-16
52.746 1.14296e-16
52.806 1.14553e-16
52.866 1.1481e-16
52.926 1.15067e-16
52.986 1.15325e-16
53.046 1.15582e-16
53.106 1.1584e-16
53.166 1.16099e-16
53.226 1.16357e-16
53.286 1.16616e-16
53.346 1.16875e-16
53.406 1.17135e-16
53.466 1.17395e-16
53.526 1.17655e-16
53.586 1.17915e-16
53.646 1.18176e-16
53.706 1.18437e-16
53.766 1.18698e-16
53.826 1.18959e-16
53.886 1.19221e-16
53.946 1.19483e-16
54.006 1.19746e-16
54.066 1.20008e-16
54.126 1.20271e-16
54.186 1.20534e-16
54.246 1.20798e-16
54.306 1.21062e-16
54.366 1.21326e-16
54.426 1.2159e-16
54.486 1.21855e-16
54.546 1.2212e-16
54.606 1.22385e-16
54.666 1.2265e-16
54.726 1.22916e-16
54.786 1.23182e-16
54.846 1.23449e-16
54.906 1.23715e-16
54.966 1.23982e-16
55.026 1.2425e-16
55.086 1.24517e-16
55.146 1.24785e-16
55.206 1.25053e-16
55.266 1.25321e-16
55.326 1.2559e-16
55.386 1.25859e-16
55.446 1.26128e-16
55.506 1.26398e-16
55.566 1.26668e-16
55.626 1.26938e-16
55.686 1.27208e-16
55.746 1.27479e-16
55.806 1.2775e-16
55.866 1.28021e-16
55.926 1.28293e-16
55.986 1.28565e-16
56.046 1.28837e-16
56.106 1.29109e-16
56.166 1.29382e-16
56.226 1.29655e-16
56.286 1.29928e-16
56.346 1.30202e-16
56.406 1.30476e-16
56.466 1.3075e-16
56.526 1.31024e-16
56.586 1.31299e-16
56.646 1.31574e-16
56.706 1.31849e-16
56.766 1.32125e-16
56.826 1.32401e-16
56.886 1.32677e-16
56.946 1.32954e-16
57.006 1.3323e-16
57.066 1.33507e-16
57.126 1.33785e-16
57.186 1.34062e-16
57.246 1.3434e-16
57.306 1.34618e-16
57.366 1.34897e-16
57.426 1.35176e-16
57.486 1.35455e-16
57.546 1.35734e-16
57.606 1.36014e-16
57.666 1.36294e-16
57.726 1.36574e-16
57.786 1.36854e-16
57.846 1.37135e-16
57.906 1.37416e-16
57.966 1.37697e-16
58.026 1.37979e-16
58.086 1.38261e-16
58.146 1.38543e-16
58.206 1.38826e-16
58.266 1.39109e-16
58.326 1.39392e-16
58.386 1.39675e-16
58.446 1.39959e-16
58.506 1.40243e-16
58.566 1.40527e-16
58.626 1.40811e-16
58.686 1.41096e-16
58.746 1.41381e-16
58.806 1.41667e-16
58.866 1.41952e-16
58.926 1.42238e-16
58.986 1.42524e-16
59.046 1.42811e-16
59.106 1.43098e-16
59.166 1.43385e-16
59.226 1.43672e-16
59.286 1.4396e-16
59.346 1.44248e-16
59.406 1.44536e-16
59.466 1.44825e-16
59.526 1.45114e-16
59.586 1.45403e-16
59.646 1.45692e-16
59.706 1.45982e-16
59.766 1.46272e-16
59.826 1.46562e-16
59.886 1.46853e-16
59.946 1.47144e-16

