0.006 2.29068e-07
0.066 2.74039e-05
0.126 9.68738e-05
0.186 0.000201073
0.246 0.000329406
0.306 0.000470092
0.366 0.000611886
0.426 0.000745319
0.486 0.000863327
0.546 0.000961366
0.606 0.00103716
0.666 0.00109029
0.726 0.00112173
0.786 0.00113342
0.846 0.00112787
0.906 0.00110789
0.966 0.00107635
1.026 0.00103596
1.086 0.000989211
1.146 0.000938258
1.206 0.000884924
1.266 0.000830691
1.326 0.000776722
1.386 0.000723899
1.446 0.000672866
1.506 0.000624066
1.566 0.000577783
1.626 0.000534176
1.686 0.000493309
1.746 0.0004552
1.806 0.000419825
1.866 0.000387061
1.926 0.000356766
1.986 0.000328791
2.046 0.000302985
2.106 0.000279198
2.166 0.000257285
2.226 0.000237108
2.286 0.000218533
2.346 0.000201437
2.406 0.000185704
2.466 0.000171225
2.526 0.0001579
2.586 0.000145636
2.646 0.000134347
2.706 0.000123954
2.766 0.000114386
2.826 0.000105574
2.886 9.7457e-05
2.946 8.99794e-05
3.006 8.30893e-05
3.066 7.6739e-05
3.126 7.08852e-05
3.186 6.54879e-05
3.246 6.05105e-05
3.306 5.59193e-05
3.366 5.16837e-05
3.426 4.77752e-05
3.486 4.4168e-05
3.546 4.08382e-05
3.606 3.77639e-05
3.666 3.4925e-05
3.726 3.23031e-05
3.786 2.98812e-05
3.846 2.76437e-05
3.906 2.55762e-05
3.966 2.36655e-05
4.026 2.18995e-05
4.086 2.0267e-05
4.146 1.87577e-05
4.206 1.73622e-05
4.266 1.60717e-05
4.326 1.48782e-05
4.386 1.37742e-05
4.446 1.2753e-05
4.506 1.18082e-05
4.566 1.0934e-05
4.626 1.01252e-05
4.686 9.37661e-06
4.746 8.68384e-06
4.806 8.04264e-06
4.866 7.44911e-06
4.926 6.89968e-06
4.986 6.39103e-06
5.046 5.9201e-06
5.106 5.48406e-06
5.166 5.0803e-06
5.226 4.70642e-06
5.286 4.36017e-06
5.346 4.0395e-06
5.406 3.74251e-06
5.466 3.46742e-06
5.526 3.21262e-06
5.586 2.97659e-06
5.646 2.75795e-06
5.706 2.55539e-06
5.766 2.36774e-06
5.826 2.19389e-06
5.886 2.03281e-06
5.946 1.88356e-06
6.006 1.74528e-06
6.066 1.61714e-06
6.126 1.4984e-06
6.186 1.38838e-06
6.246 1.28641e-06
6.306 1.19192e-06
6.366 1.10436e-06
6.426 1.0232e-06
6.486 9.47992e-07
6.546 8.78285e-07
6.606 8.13679e-07
6.666 7.53799e-07
6.726 6.98299e-07
6.786 6.46857e-07
6.846 5.99176e-07
6.906 5.5498e-07
6.966 5.14014e-07
7.026 4.76041e-07
7.086 4.40842e-07
7.146 4.08215e-07
7.206 3.7797e-07
7.266 3.49934e-07
7.326 3.23946e-07
7.386 2.99855e-07
7.446 2.77523e-07
7.506 2.56821e-07
7.566 2.37631e-07
7.626 2.19843e-07
7.686 2.03353e-07
7.746 1.88067e-07
7.806 1.73898e-07
7.866 1.60763e-07
7.926 1.48589e-07
7.986 1.37304e-07
8.046 1.26844e-07
8.106 1.17149e-07
8.166 1.08163e-07
8.226 9.98353e-08
8.286 9.21175e-08
8.346 8.49654e-08
8.406 7.83382e-08
8.466 7.21976e-08
8.526 6.65087e-08
8.586 6.12386e-08
8.646 5.63573e-08
8.706 5.18367e-08
8.766 4.76509e-08
8.826 4.37758e-08
8.886 4.01893e-08
8.946 3.68708e-08
9.006 3.38013e-08
9.066 3.0963e-08
9.126 2.83398e-08
9.186 2.59165e-08
9.246 2.36793e-08
9.306 2.16152e-08
9.366 1.97124e-08
9.426 1.79599e-08
9.486 1.63477e-08
9.546 1.48665e-08
9.606 1.35076e-08
9.666 1.22634e-08
9.726 1.11264e-08
9.786 1.00903e-08
9.846 9.14895e-09
9.906 8.2969e-09
9.966 7.52919e-09
10.026 6.84134e-09
10.086 6.22932e-09
10.146 5.68953e-09
10.206 5.21878e-09
10.266 4.81428e-09
10.326 4.4736e-09
10.386 4.19468e-09
10.446 3.9758e-09
10.506 3.81559e-09
10.566 3.71301e-09
10.626 6.49146e-18
10.686 6.56002e-18
10.746 6.62894e-18
10.806 6.69823e-18
10.866 6.76788e-18
10.926 6.8379e-18
10.986 6.90828e-18
11.046 6.97902e-18
11.106 7.05013e-18
11.166 7.12161e-18
11.226 7.19345e-18
11.286 7.26565e-18
11.346 7.33822e-18
11.406 7.41115e-18
11.466 7.48444e-18
11.526 7.5581e-18
11.586 7.63213e-18
11.646 7.70652e-18
11.706 7.78127e-18
11.766 7.85639e-18
11.826 7.93187e-18
11.886 8.00772e-18
11.946 8.08393e-18
12.006 8.1605e-18
12.066 8.23744e-18
12.126 8.31475e-18
12.186 8.39241e-18
12.246 8.47044e-18
12.306 8.54884e-18
12.366 8.6276e-18
12.426 8.70673e-18
12.486 8.78622e-18
12.546 8.86607e-18
12.606 8.94629e-18
12.666 9.02687e-18
12.726 9.10781e-18
12.786 9.18912e-18
12.846 9.2708e-18
12.906 9.35284e-18
12.966 9.43524e-18
13.026 9.51801e-18
13.086 9.60114e-18
13.146 9.68463e-18
13.206 9.76849e-18
13.266 9.85272e-18
13.326 9.9373e-18
13.386 1.00223e-17
13.446 1.01076e-17
13.506 1.01933e-17
13.566 1.02793e-17
13.626 1.03657e-17
13.686 1.04525e-17
13.746 1.05396e-17
13.806 1.06271e-17
13.866 1.0715e-17
13.926 1.08032e-17
13.986 1.08918e-17
14.046 1.09808e-17
14.106 1.10701e-17
14.166 1.11598e-17
14.226 1.12498e-17
14.286 1.13402e-17
14.346 1.1431e-17
14.406 1.15222e-17
14.466 1.16137e-17
14.526 1.17055e-17
14.586 1.17978e-17
14.646 1.18904e-17
14.706 1.19833e-17
14.766 1.20767e-17
14.826 1.21703e-17
14.886 1.22644e-17
14.946 1.23588e-17
15.006 1.24536e-17
15.066 1.25488e-17
15.126 1.26443e-17
15.186 1.27401e-17
15.246 1.28364e-17
15.306 1.2933e-17
15.366 1.303e-17
15.426 1.31273e-17
15.486 1.3225e-17
15.546 1.3323e-17
15.606 1.34215e-17
15.666 1.35203e-17
15.726 1.36194e-17
15.786 1.37189e-17
15.846 1.38188e-17
15.906 1.3919e-17
15.966 1.40197e-17
16.026 1.41206e-17
16.086 1.4222e-17
16.146 1.43237e-17
16.206 1.44257e-17
16.266 1.45282e-17
16.326 1.4631e-17
16.386 1.47341e-17
16.446 1.48376e-17
16.506 1.49415e-17
16.566 1.50458e-17
16.626 1.51504e-17
16.686 1.52554e-17
16.746 1.53607e-17
16.806 1.54664e-17
16.866 1.55725e-17
16.926 1.56789e-17
16.986 1.57857e-17
17.046 1.58929e-17
17.106 1.60004e-17
17.166 1.61083e-17
17.226 1.62165e-17
17.286 1.63251e-17
17.346 1.64341e-17
17.406 1.65435e-17
17.466 1.66532e-17
17.526 1.67633e-17
17.586 1.68737e-17
17.646 1.69845e-17
17.706 1.70957e-17
17.766 1.72072e-17
17.826 1.73191e-17
17.886 1.74313e-17
17.946 1.7544e-17
18.006 1.76569e-17
18.066 1.77703e-17
18.126 1.7884e-17
18.186 1.79981e-17
18.246 1.81125e-17
18.306 1.82273e-17
18.366 1.83425e-17
18.426 1.8458e-17
18.486 1.85739e-17
18.546 1.86902e-17
18.606 1.88068e-17
18.666 1.89238e-17
18.726 1.90412e-17
18.786 1.91589e-17
18.846 1.9277e-17
18.906 1.93954e-17
18.966 1.95142e-17
19.026 1.96334e-17
19.086 1.97529e-17
19.146 1.98728e-17
19.206 1.99931e-17
19.266 2.01137e-17
19.326 2.02347e-17
19.386 2.03561e-17
19.446 2.04778e-17
19.506 2.05999e-17
19.566 2.07223e-17
19.626 2.08451e-17
19.686 2.09683e-17
19.746 2.10919e-17
19.806 2.12158e-17
19.866 2.134e-17
19.926 2.14647e-17
19.986 2.15897e-17
20.046 2.1715e-17
20.106 2.18407e-17
20.166 2.19668e-17
20.226 2.20933e-17
20.286 2.22201e-17
20.346 2.23473e-17
20.406 2.24748e-17
20.466 2.26027e-17
20.526 2.2731e-17
20.586 2.28596e-17
20.646 2.29886e-17
20.706 2.3118e-17
20.766 2.32477e-17
20.826 2.33778e-17
20.886 2.35083e-17
20.946 2.36391e-17
21.006 2.37703e-17
21.066 2.39018e-17
21.126 2.40338e-17
21.186 2.4166e-17
21.246 2.42987e-17
21.306 2.44317e-17
21.366 2.4565e-17
21.426 2.46988e-17
21.486 2.48329e-17
21.546 2.49673e-17
21.606 2.51022e-17
21.666 2.52373e-17
21.726 2.53729e-17
21.786 2.55088e-17
21.846 2.56451e-17
21.906 2.57817e-17
21.966 2.59187e-17
22.026 2.60561e-17
22.086 2.61938e-17
22.146 2.63319e-17
22.206 2.64704e-17
22.266 2.66092e-17
22.326 2.67484e-17
22.386 2.6888e-17
22.446 2.70279e-17
22.506 2.71682e-17
22.566 2.73088e-17
22.626 2.74498e-17
22.686 2.75912e-17
22.746 2.7733e-17
22.806 2.78751e-17
22.866 2.80175e-17
22.926 2.81604e-17
22.986 2.83035e-17
23.046 2.84471e-17
23.106 2.8591e-17
23.166 2.87353e-17
23.226 2.888e-17
23.286 2.9025e-17
23.346 2.91704e-17
23.406 2.93161e-17
23.466 2.94622e-17
23.526 2.96087e-17
23.586 2.97555e-17
23.646 2.99027e-17
23.706 3.00503e-17
23.766 3.01982e-17
23.826 3.03465e-17
23.886 3.04951e-17
23.946 3.06442e-17
24.006 3.07935e-17
24.066 3.09433e-17
24.126 3.10934e-17
24.186 3.12439e-17
24.246 3.13947e-17
24.306 3.15459e-17
24.366 3.16975e-17
24.426 3.18494e-17
24.486 3.20017e-17
24.546 3.21543e-17
24.606 3.23074e-17
24.666 3.24608e-17
24.726 3.26145e-17
24.786 3.27686e-17
24.846 3.29231e-17
24.906 3.30779e-17
24.966 3.32331e-17
25.026 3.33887e-17
25.086 3.35446e-17
25.146 3.37009e-17
25.206 3.38576e-17
25.266 3.40146e-17
25.326 3.4172e-17
25.386 3.43298e-17
25.446 3.44879e-17
25.506 3.46464e-17
25.566 3.48052e-17
25.626 3.49644e-17
25.686 3.5124e-17
25.746 3.52839e-17
25.806 3.54442e-17
25.866 3.56049e-17
25.926 3.57659e-17
25.986 3.59273e-17
26.046 3.6089e-17
26.106 3.62512e-17
26.166 3.64136e-17
26.226 3.65765e-17
26.286 3.67397e-17
26.346 3.69033e-17
26.406 3.70672e-17
26.466 3.72315e-17
26.526 3.73962e-17
26.586 3.75612e-17
26.646 3.77266e-17
26.706 3.78924e-17
26.766 3.80585e-17
26.826 3.8225e-17
26.886 3.83918e-17
26.946 3.8559e-17
27.006 3.87266e-17
27.066 3.88946e-17
27.126 3.90629e-17
27.186 3.92315e-17
27.246 3.94006e-17
27.306 3.957e-17
27.366 3.97397e-17
27.426 3.99099e-17
27.486 4.00803e-17
27.546 4.02512e-17
27.606 4.04224e-17
27.666 4.0594e-17
27.726 4.07659e-17
27.786 4.09383e-17
27.846 4.11109e-17
27.906 4.1284e-17
27.966 4.14574e-17
28.026 4.16311e-17
28.086 4.18053e-17
28.146 4.19797e-17
28.206 4.21546e-17
28.266 4.23298e-17
28.326 4.25054e-17
28.386 4.26814e-17
28.446 4.28577e-17
28.506 4.30343e-17
28.566 4.32114e-17
28.626 4.33888e-17
28.686 4.35666e-17
28.746 4.37447e-17
28.806 4.39232e-17
28.866 4.4102e-17
28.926 4.42813e-17
28.986 4.44609e-17
29.046 4.46408e-17
29.106 4.48211e-17
29.166 4.50018e-17
29.226 4.51828e-17
29.286 4.53642e-17
29.346 4.5546e-17
29.406 4.57282e-17
29.466 4.59106e-17
29.526 4.60935e-17
29.586 4.62767e-17
29.646 4.64603e-17
29.706 4.66443e-17
29.766 4.68286e-17
29.826 4.70133e-17
29.886 4.71983e-17
29.946 4.73837e-17
30.006 4.75695e-17
30.066 4.77556e-17
30.126 4.79422e-17
30.186 4.8129e-17
30.246 4.83162e-17
30.306 4.85038e-17
30.366 4.86918e-17
30.426 4.88801e-17
30.486 4.90688e-17
30.546 4.92579e-17
30.606 4.94473e-17
30.666 4.9637e-17
30.726 4.98272e-17
30.786 5.00177e-17
30.846 5.02086e-17
30.906 5.03998e-17
30.966 5.05914e-17
31.026 5.07833e-17
31.086 5.09757e-17
31.146 5.11684e-17
31.206 5.13614e-17
31.266 5.15548e-17
31.326 5.17486e-17
31.386 5.19427e-17
31.446 5.21373e-17
31.506 5.23321e-17
31.566 5.25274e-17
31.626 5.2723e-17
31.686 5.29189e-17
31.746 5.31153e-17
31.806 5.33119e-17
31.866 5.3509e-17
31.926 5.37064e-17
31.986 5.39042e-17
32.046 5.41023e-17
32.106 5.43009e-17
32.166 5.44997e-17
32.226 5.4699e-17
32.286 5.48986e-17
32.346 5.50985e-17
32.406 5.52989e-17
32.466 5.54996e-17
32.526 5.57006e-17
32.586 5.5902e-17
32.646 5.61038e-17
32.706 5.6306e-17
32.766 5.65085e-17
32.826 5.67114e-17
32.886 5.69146e-17
32.946 5.71182e-17
33.006 5.73222e-17
33.066 5.75265e-17
33.126 5.77312e-17
33.186 5.79363e-17
33.246 5.81417e-17
33.306 5.83475e-17
33.366 5.85536e-17
33.426 5.87602e-17
33.486 5.8967e-17
33.546 5.91743e-17
33.606 5.93819e-17
33.666 5.95899e-17
33.726 5.97982e-17
33.786 6.00069e-17
33.846 6.0216e-17
33.906 6.04254e-17
33.966 6.06352e-17
34.026 6.08453e-17
34.086 6.10559e-17
34.146 6.12667e-17
34.206 6.1478e-17
34.266 6.16896e-17
34.326 6.19016e-17
34.386 6.21139e-17
34.446 6.23266e-17
34.506 6.25397e-17
34.566 6.27531e-17
34.626 6.29669e-17
34.686 6.31811e-17
34.746 6.33956e-17
34.806 6.36105e-17
34.866 6.38257e-17
34.926 6.40413e-17
34.986 6.42573e-17
35.046 6.44737e-17
35.106 6.46904e-17
35.166 6.49074e-17
35.226 6.51249e-17
35.286 6.53427e-17
35.346 6.55608e-17
35.406 6.57794e-17
35.466 6.59982e-17
35.526 6.62175e-17
35.586 6.64371e-17
35.646 6.66571e-17
35.706 6.68774e-17
35.766 6.70982e-17
35.826 6.73192e-17
35.886 6.75407e-17
35.946 6.77625e-17
36.006 6.79846e-17
36.066 6.82072e-17
36.126 6.843e-17
36.186 6.86533e-17
36.246 6.88769e-17
36.306 6.91009e-17
36.366 6.93253e-17
36.426 6.955e-17
36.486 6.9775e-17
36.546 7.00005e-17
36.606 7.02263e-17
36.666 7.04525e-17
36.726 7.0679e-17
36.786 7.09059e-17
36.846 7.11331e-17
36.906 7.13608e-17
36.966 7.15887e-17
37.026 7.18171e-17
37.086 7.20458e-17
37.146 7.22749e-17
37.206 7.25043e-17
37.266 7.27341e-17
37.326 7.29643e-17
37.386 7.31948e-17
37.446 7.34257e-17
37.506 7.3657e-17
37.566 7.38886e-17
37.626 7.41206e-17
37.686 7.4353e-17
37.746 7.45857e-17
37.806 7.48188e-17
37.866 7.50522e-17
37.926 7.5286e-17
37.986 7.55202e-17
38.046 7.57547e-17
38.106 7.59896e-17
38.166 7.62249e-17
38.226 7.64605e-17
38.286 7.66965e-17
38.346 7.69329e-17
38.406 7.71696e-17
38.466 7.74067e-17
38.526 7.76441e-17
38.586 7.7882e-17
38.646 7.81201e-17
38.706 7.83587e-17
38.766 7.85976e-17
38.826 7.88368e-17
38.886 7.90765e-17
38.946 7.93165e-17
39.006 7.95568e-17
39.066 7.97976e-17
39.126 8.00386e-17
39.186 8.02801e-17
39.246 8.05219e-17
39.306 8.07641e-17
39.366 8.10066e-17
39.426 8.12495e-17
39.486 8.14928e-17
39.546 8.17364e-17
39.606 8.19804e-17
39.666 8.22248e-17
39.726 8.24695e-17
39.786 8.27146e-17
39.846 8.29601e-17
39.906 8.32059e-17
39.966 8.34521e-17
40.026 8.36986e-17
40.086 8.39455e-17
40.146 8.41928e-17
40.206 8.44404e-17
40.266 8.46884e-17
40.326 8.49368e-17
40.386 8.51855e-17
40.446 8.54346e-17
40.506 8.56841e-17
40.566 8.59339e-17
40.626 8.61841e-17
40.686 8.64346e-17
40.746 8.66856e-17
40.806 8.69368e-17
40.866 8.71885e-17
40.926 8.74405e-17
40.986 8.76928e-17
41.046 8.79456e-17
41.106 8.81987e-17
41.166 8.84521e-17
41.226 8.8706e-17
41.286 8.89601e-17
41.346 8.92147e-17
41.406 8.94696e-17
41.466 8.97249e-17
41.526 8.99805e-17
41.586 9.02365e-17
41.646 9.04929e-17
41.706 9.07496e-17
41.766 9.10067e-17
41.826 9.12642e-17
41.886 9.1522e-17
41.946 9.17802e-17
42.006 9.20388e-17
42.066 9.22977e-17
42.126 9.2557e-17
42.186 9.28166e-17
42.246 9.30766e-17
42.306 9.3337e-17
42.366 9.35978e-17
42.426 9.38589e-17
42.486 9.41203e-17
42.546 9.43821e-17
42.606 9.46443e-17
42.666 9.49069e-17
42.726 9.51698e-17
42.786 9.54331e-17
42.846 9.56968e-17
42.906 9.59608e-17
42.966 9.62251e-17
43.026 9.64899e-17
43.086 9.6755e-17
43.146 9.70205e-17
43.206 9.72863e-17
43.266 9.75525e-17
43.326 9.7819e-17
43.386 9.8086e-17
43.446 9.83533e-17
43.506 9.86209e-17
43.566 9.88889e-17
43.626 9.91573e-17
43.686 9.94261e-17
43.746 9.96952e-17
43.806 9.99646e-17
43.866 1.00234e-16
43.926 1.00505e-16
43.986 1.00775e-16
44.046 1.01046e-16
44.106 1.01317e-16
44.166 1.01589e-16
44.226 1.01861e-16
44.286 1.02134e-16
44.346 1.02406e-16
44.406 1.02679e-16
44.466 1.02953e-16
44.526 1.03227e-16
44.586 1.03501e-16
44.646 1.03775e-16
44.706 1.0405e-16
44.766 1.04326e-16
44.826 1.04601e-16
44.886 1.04877e-16
44.946 1.05154e-16
45.006 1.0543e-16
45.066 1.05708e-16
45.126 1.05985e-16
45.186 1.06263e-16
45.246 1.06541e-16
45.306 1.0682e-16
45.366 1.07099e-16
45.426 1.07378e-16
45.486 1.07658e-16
45.546 1.07938e-16
45.606 1.08218e-16
45.666 1.08499e-16
45.726 1.0878e-16
45.786 1.09061e-16
45.846 1.09343e-16
45.906 1.09625e-16
45.966 1.09908e-16
46.026 1.10191e-16
46.086 1.10474e-16
46.146 1.10758e-16
46.206 1.11042e-16
46.266 1.11326e-16
46.326 1.11611e-16
46.386 1.11896e-16
46.446 1.12182e-16
46.506 1.12467e-16
46.566 1.12754e-16
46.626 1.1304e-16
46.686 1.13327e-16
46.746 1.13615e-16
46.806 1.13902e-16
46.866 1.1419e-16
46.926 1.14479e-16
46.986 1.14767e-16
47.046 1.15056e-16
47.106 1.15346e-16
47.166 1.15636e-16
47.226 1.15926e-16
47.286 1.16217e-16
47.346 1.16508e-16
47.406 1.16799e-16
47.466 1.17091e-16
47.526 1.17383e-16
47.586 1.17675e-16
47.646 1.17968e-16
47.706 1.18261e-16
47.766 1.18554e-16
47.826 1.18848e-16
47.886 1.19142e-16
47.946 1.19437e-16
48.006 1.19732e-16
48.066 1.20027e-16
48.126 1.20323e-16
48.186 1.20619e-16
48.246 1.20915e-16
48.306 1.21212e-16
48.366 1.21509e-16
48.426 1.21807e-16
48.486 1.22105e-16
48.546 1.22403e-16
48.606 1.22701e-16
48.666 1.23e-16
48.726 1.233e-16
48.786 1.23599e-16
48.846 1.23899e-16
48.906 1.242e-16
48.966 1.24501e-16
49.026 1.24802e-16
49.086 1.25103e-16
49.146 1.25405e-16
49.206 1.25707e-16
49.266 1.2601e-16
49.326 1.26313e-16
49.386 1.26616e-16
49.446 1.2692e-16
49.506 1.27224e-16
49.566 1.27528e-16
49.626 1.27833e-16
49.686 1.28138e-16
49.746 1.28444e-16
49.806 1.28749e-16
49.866 1.29056e-16
49.926 1.29362e-16
49.986 1.29669e-16
50.046 1.29977e-16
50.106 1.30284e-16
50.166 1.30592e-16
50.226 1.30901e-16
50.286 1.31209e-16
50.346 1.31519e-16
50.406 1.31828e-16
50.466 1.32138e-16
50.526 1.32448e-16
50.586 1.32759e-16
50.646 1.3307e-16
50.706 1.33381e-16
50.766 1.33693e-16
50.826 1.34005e-16
50.886 1.34317e-16
50.946 1.3463e-16
51.006 1.34943e-16
51.066 1.35257e-16
51.126 1.3557e-16
51.186 1.35885e-16
51.246 1.36199e-16
51.306 1.36514e-16
51.366 1.3683e-16
51.426 1.37145e-16
51.486 1.37461e-16
51.546 1.37778e-16
51.606 1.38095e-16
51.666 1.38412e-16
51.726 1.38729e-16
51.786 1.39047e-16
51.846 1.39365e-16
51.906 1.39684e-16
51.966 1.40003e-16
52.026 1.40322e-16
52.086 1.40642e-16
52.146 1.40962e-16
52.206 1.41282e-16
52.266 1.41603e-16
52.326 1.41924e-16
52.386 1.42246e-16
52.446 1.42568e-16
52.506 1.4289e-16
52.566 1.43212e-16
52.626 1.43535e-16
52.686 1.43859e-16
52.746 1.44182e-16
52.806 1.44507e-16
52.866 1.44831e-16
52.926 1.45156e-16
52.986 1.45481e-16
53.046 1.45806e-16
53.106 1.46132e-16
53.166 1.46458e-16
53.226 1.46785e-16
53.286 1.47112e-16
53.346 1.47439e-16
53.406 1.47767e-16
53.466 1.48095e-16
53.526 1.48424e-16
53.586 1.48752e-16
53.646 1.49081e-16
53.706 1.49411e-16
53.766 1.49741e-16
53.826 1.50071e-16
53.886 1.50402e-16
53.946 1.50733e-16
54.006 1.51064e-16
54.066 1.51396e-16
54.126 1.51728e-16
54.186 1.5206e-16
54.246 1.52393e-16
54.306 1.52726e-16
54.366 1.5306e-16
54.426 1.53394e-16
54.486 1.53728e-16
54.546 1.54062e-16
54.606 1.54397e-16
54.666 1.54733e-16
54.726 1.55068e-16
54.786 1.55404e-16
54.846 1.55741e-16
54.906 1.56078e-16
54.966 1.56415e-16
55.026 1.56752e-16
55.086 1.5709e-16
55.146 1.57429e-16
55.206 1.57767e-16
55.266 1.58106e-16
55.326 1.58445e-16
55.386 1.58785e-16
55.446 1.59125e-16
55.506 1.59466e-16
55.566 1.59806e-16
55.626 1.60148e-16
55.686 1.60489e-16
55.746 1.60831e-16
55.806 1.61173e-16
55.866 1.61516e-16
55.926 1.61859e-16
55.986 1.62202e-16
56.046 1.62546e-16
56.106 1.6289e-16
56.166 1.63234e-16
56.226 1.63579e-16
56.286 1.63924e-16
56.346 1.6427e-16
56.406 1.64616e-16
56.466 1.64962e-16
56.526 1.65309e-16
56.586 1.65656e-16
56.646 1.66003e-16
56.706 1.66351e-16
56.766 1.66699e-16
56.826 1.67047e-16
56.886 1.67396e-16
56.946 1.67745e-16
57.006 1.68095e-16
57.066 1.68445e-16
57.126 1.68795e-16
57.186 1.69145e-16
57.246 1.69496e-16
57.306 1.69848e-16
57.366 1.702e-16
57.426 1.70552e-16
57.486 1.70904e-16
57.546 1.71257e-16
57.606 1.7161e-16
57.666 1.71964e-16
57.726 1.72317e-16
57.786 1.72672e-16
57.846 1.73026e-16
57.906 1.73381e-16
57.966 1.73737e-16
58.026 1.74092e-16
58.086 1.74448e-16
58.146 1.74805e-16
58.206 1.75162e-16
58.266 1.75519e-16
58.326 1.75876e-16
58.386 1.76234e-16
58.446 1.76593e-16
58.506 1.76951e-16
58.566 1.7731e-16
58.626 1.7767e-16
58.686 1.78029e-16
58.746 1.78389e-16
58.806 1.7875e-16
58.866 1.79111e-16
58.926 1.79472e-16
58.986 1.79833e-16
59.046 1.80195e-16
59.106 1.80557e-16
59.166 1.8092e-16
59.226 1.81283e-16
59.286 1.81646e-16
59.346 1.8201e-16
59.406 1.82374e-16
59.466 1.82739e-16
59.526 1.83104e-16
59.586 1.83469e-16
59.646 1.83834e-16
59.706 1.842e-16
59.766 1.84566e-16
59.826 1.84933e-16
59.886 1.853e-16
59.946 1.85667e-16

