0.006 1.59899e-08
0.066 1.93106e-06
0.126 7.00129e-06
0.186 1.51278e-05
0.246 2.61527e-05
0.306 3.98634e-05
0.366 5.59982e-05
0.426 7.42526e-05
0.486 9.4287e-05
0.546 0.000115735
0.606 0.000138213
0.666 0.000161326
0.726 0.00018468
0.786 0.00020789
0.846 0.000230583
0.906 0.000252412
0.966 0.000273058
1.026 0.000292235
1.086 0.000309695
1.146 0.000325233
1.206 0.000338683
1.266 0.000349926
1.326 0.000358886
1.386 0.000365528
1.446 0.000369856
1.506 0.000371913
1.566 0.000371775
1.626 0.000369548
1.686 0.000365361
1.746 0.000359368
1.806 0.000351735
1.866 0.00034264
1.926 0.000332272
1.986 0.000320817
2.046 0.000308466
2.106 0.0002954
2.166 0.000281798
2.226 0.000267825
2.286 0.000253639
2.346 0.000239381
2.406 0.00022518
2.466 0.00021115
2.526 0.000197392
2.586 0.00018399
2.646 0.000171014
2.706 0.000158524
2.766 0.000146564
2.826 0.000135167
2.886 0.000124357
2.946 0.000114148
3.006 0.000104544
3.066 9.55444e-05
3.126 8.7141e-05
3.186 7.93206e-05
3.246 7.2066e-05
3.306 6.53564e-05
3.366 5.91687e-05
3.426 5.34776e-05
3.486 4.82569e-05
3.546 4.34792e-05
3.606 3.91172e-05
3.666 3.51435e-05
3.726 3.15311e-05
3.786 2.82538e-05
3.846 2.52861e-05
3.906 2.26038e-05
3.966 2.01834e-05
4.026 1.80031e-05
4.086 1.60422e-05
4.146 1.42811e-05
4.206 1.27018e-05
4.266 1.12874e-05
4.326 1.00223e-05
4.386 8.89213e-06
4.446 7.88369e-06
4.506 6.98484e-06
4.566 6.18451e-06
4.626 5.47259e-06
4.686 4.83991e-06
4.746 4.27814e-06
4.806 3.77975e-06
4.866 3.33793e-06
4.926 2.94655e-06
4.986 2.60007e-06
5.046 2.29356e-06
5.106 2.02255e-06
5.166 1.78307e-06
5.226 1.57156e-06
5.286 1.38484e-06
5.346 1.22008e-06
5.406 1.07475e-06
5.466 9.46606e-07
5.526 8.33655e-07
5.586 7.34123e-07
5.646 6.4644e-07
5.706 5.69213e-07
5.766 5.01209e-07
5.826 4.41335e-07
5.886 3.88629e-07
5.946 3.42237e-07
6.006 3.01406e-07
6.066 2.65472e-07
6.126 2.33849e-07
6.186 2.06021e-07
6.246 1.81531e-07
6.306 1.59981e-07
6.366 1.41034e-07
6.426 1.24375e-07
6.486 1.0972e-07
6.546 9.6824e-08
6.606 8.5471e-08
6.666 7.54728e-08
6.726 6.66645e-08
6.786 5.89016e-08
6.846 5.20577e-08
6.906 4.6022e-08
6.966 4.06973e-08
7.026 3.59982e-08
7.086 3.18501e-08
7.146 2.81872e-08
7.206 2.49517e-08
7.266 2.2093e-08
7.326 1.95664e-08
7.386 1.73328e-08
7.446 1.53577e-08
7.506 1.36107e-08
7.566 1.2065e-08
7.626 1.06971e-08
7.686 9.48624e-09
7.746 8.41417e-09
7.806 7.46473e-09
7.866 6.62371e-09
7.926 5.87857e-09
7.986 5.21822e-09
8.046 4.63289e-09
8.106 4.11395e-09
8.166 3.65378e-09
8.226 3.24563e-09
8.286 2.88356e-09
8.346 2.56231e-09
8.406 2.27721e-09
8.466 2.02415e-09
8.526 1.79949e-09
8.586 1.60001e-09
8.646 1.42286e-09
8.706 1.2655e-09
8.766 1.12571e-09
8.826 1.0015e-09
8.886 8.91119e-10
8.946 7.93011e-10
9.006 7.05798e-10
9.066 6.28258e-10
9.126 5.59309e-10
9.186 4.9799e-10
9.246 4.43447e-10
9.306 3.94927e-10
9.366 3.51757e-10
9.426 3.13343e-10
9.486 2.79156e-10
9.546 2.48727e-10
9.606 2.2164e-10
9.666 1.97523e-10
9.726 1.7605e-10
9.786 1.56928e-10
9.846 1.39897e-10
9.906 1.24727e-10
9.966 1.11213e-10
10.026 9.91727e-11
10.086 8.84443e-11
10.146 7.88841e-11
10.206 7.03637e-11
10.266 6.27691e-11
10.326 5.59992e-11
10.386 4.99637e-11
10.446 4.45826e-11
10.506 3.97841e-11
10.566 3.55051e-11
10.626 3.16885e-11
10.686 2.82847e-11
10.746 2.52482e-11
10.806 2.25391e-11
10.866 2.01223e-11
10.926 1.79657e-11
10.986 1.60413e-11
11.046 1.43237e-11
11.106 1.27911e-11
11.166 1.14229e-11
11.226 1.02017e-11
11.286 9.11138e-12
11.346 8.13782e-12
11.406 7.26872e-12
11.466 6.49263e-12
11.526 5.79967e-12
11.586 5.18064e-12
11.646 4.62785e-12
11.706 4.13394e-12
11.766 3.69299e-12
11.826 3.29906e-12
11.886 2.94704e-12
11.946 2.63258e-12
12.006 2.35156e-12
12.066 2.10029e-12
12.126 1.87618e-12
12.186 1.67553e-12
12.246 1.49629e-12
12.306 1.33622e-12
12.366 1.19317e-12
12.426 1.06509e-12
12.486 9.50935e-13
12.546 8.4879e-13
12.606 7.57433e-13
12.666 6.757e-13
12.726 6.02809e-13
12.786 5.3769e-13
12.846 4.79305e-13
12.906 4.27334e-13
12.966 3.81152e-13
13.026 3.39459e-13
13.086 3.02374e-13
13.146 2.69701e-13
13.206 2.4019e-13
13.266 2.14037e-13
13.326 1.90737e-13
13.386 1.69795e-13
13.446 1.51466e-13
13.506 1.35283e-13
13.566 1.20781e-13
13.626 1.08262e-13
13.686 9.7279e-14
13.746 8.77734e-14
13.806 7.93042e-14
13.866 7.22173e-14
13.926 6.60826e-14
13.986 6.12682e-14
14.046 5.73521e-14
14.106 5.43143e-14
14.166 5.21406e-14
14.226 5.08231e-14
14.286 9.67758e-19
14.346 9.74574e-19
14.406 9.81416e-19
14.466 9.88284e-19
14.526 9.95177e-19
14.586 1.0021e-18
14.646 1.00904e-18
14.706 1.01601e-18
14.766 1.02301e-18
14.826 1.03004e-18
14.886 1.03709e-18
14.946 1.04416e-18
15.006 1.05126e-18
15.066 1.05839e-18
15.126 1.06554e-18
15.186 1.07272e-18
15.246 1.07993e-18
15.306 1.08716e-18
15.366 1.09442e-18
15.426 1.1017e-18
15.486 1.10901e-18
15.546 1.11634e-18
15.606 1.1237e-18
15.666 1.13109e-18
15.726 1.1385e-18
15.786 1.14594e-18
15.846 1.1534e-18
15.906 1.16089e-18
15.966 1.16841e-18
16.026 1.17595e-18
16.086 1.18352e-18
16.146 1.19111e-18
16.206 1.19873e-18
16.266 1.20637e-18
16.326 1.21404e-18
16.386 1.22174e-18
16.446 1.22946e-18
16.506 1.23721e-18
16.566 1.24498e-18
16.626 1.25278e-18
16.686 1.26061e-18
16.746 1.26846e-18
16.806 1.27634e-18
16.866 1.28424e-18
16.926 1.29217e-18
16.986 1.30012e-18
17.046 1.3081e-18
17.106 1.3161e-18
17.166 1.32414e-18
17.226 1.33219e-18
17.286 1.34028e-18
17.346 1.34838e-18
17.406 1.35652e-18
17.466 1.36468e-18
17.526 1.37286e-18
17.586 1.38107e-18
17.646 1.38931e-18
17.706 1.39757e-18
17.766 1.40586e-18
17.826 1.41417e-18
17.886 1.42251e-18
17.946 1.43088e-18
18.006 1.43927e-18
18.066 1.44769e-18
18.126 1.45613e-18
18.186 1.4646e-18
18.246 1.47309e-18
18.306 1.48161e-18
18.366 1.49016e-18
18.426 1.49873e-18
18.486 1.50732e-18
18.546 1.51594e-18
18.606 1.52459e-18
18.666 1.53326e-18
18.726 1.54196e-18
18.786 1.55069e-18
18.846 1.55944e-18
18.906 1.56821e-18
18.966 1.57702e-18
19.026 1.58584e-18
19.086 1.5947e-18
19.146 1.60357e-18
19.206 1.61248e-18
19.266 1.62141e-18
19.326 1.63036e-18
19.386 1.63934e-18
19.446 1.64835e-18
19.506 1.65738e-18
19.566 1.66644e-18
19.626 1.67552e-18
19.686 1.68463e-18
19.746 1.69377e-18
19.806 1.70293e-18
19.866 1.71211e-18
19.926 1.72132e-18
19.986 1.73056e-18
20.046 1.73982e-18
20.106 1.74911e-18
20.166 1.75842e-18
20.226 1.76776e-18
20.286 1.77713e-18
20.346 1.78652e-18
20.406 1.79593e-18
20.466 1.80538e-18
20.526 1.81484e-18
20.586 1.82434e-18
20.646 1.83385e-18
20.706 1.8434e-18
20.766 1.85297e-18
20.826 1.86256e-18
20.886 1.87218e-18
20.946 1.88183e-18
21.006 1.8915e-18
21.066 1.9012e-18
21.126 1.91092e-18
21.186 1.92067e-18
21.246 1.93044e-18
21.306 1.94024e-18
21.366 1.95007e-18
21.426 1.95992e-18
21.486 1.9698e-18
21.546 1.9797e-18
21.606 1.98963e-18
21.666 1.99958e-18
21.726 2.00956e-18
21.786 2.01956e-18
21.846 2.02959e-18
21.906 2.03965e-18
21.966 2.04973e-18
22.026 2.05983e-18
22.086 2.06996e-18
22.146 2.08012e-18
22.206 2.0903e-18
22.266 2.10051e-18
22.326 2.11075e-18
22.386 2.12101e-18
22.446 2.13129e-18
22.506 2.1416e-18
22.566 2.15194e-18
22.626 2.1623e-18
22.686 2.17269e-18
22.746 2.1831e-18
22.806 2.19354e-18
22.866 2.204e-18
22.926 2.21449e-18
22.986 2.22501e-18
23.046 2.23555e-18
23.106 2.24611e-18
23.166 2.2567e-18
23.226 2.26732e-18
23.286 2.27796e-18
23.346 2.28863e-18
23.406 2.29932e-18
23.466 2.31004e-18
23.526 2.32079e-18
23.586 2.33156e-18
23.646 2.34235e-18
23.706 2.35317e-18
23.766 2.36402e-18
23.826 2.37489e-18
23.886 2.38579e-18
23.946 2.39671e-18
24.006 2.40766e-18
24.066 2.41864e-18
24.126 2.42964e-18
24.186 2.44066e-18
24.246 2.45171e-18
24.306 2.46279e-18
24.366 2.47389e-18
24.426 2.48502e-18
24.486 2.49617e-18
24.546 2.50735e-18
24.606 2.51855e-18
24.666 2.52978e-18
24.726 2.54104e-18
24.786 2.55232e-18
24.846 2.56362e-18
24.906 2.57495e-18
24.966 2.58631e-18
25.026 2.59769e-18
25.086 2.6091e-18
25.146 2.62053e-18
25.206 2.63199e-18
25.266 2.64348e-18
25.326 2.65499e-18
25.386 2.66652e-18
25.446 2.67808e-18
25.506 2.68967e-18
25.566 2.70128e-18
25.626 2.71292e-18
25.686 2.72458e-18
25.746 2.73627e-18
25.806 2.74798e-18
25.866 2.75972e-18
25.926 2.77149e-18
25.986 2.78328e-18
26.046 2.79509e-18
26.106 2.80693e-18
26.166 2.8188e-18
26.226 2.83069e-18
26.286 2.84261e-18
26.346 2.85455e-18
26.406 2.86652e-18
26.466 2.87851e-18
26.526 2.89053e-18
26.586 2.90258e-18
26.646 2.91465e-18
26.706 2.92674e-18
26.766 2.93887e-18
26.826 2.95101e-18
26.886 2.96319e-18
26.946 2.97538e-18
27.006 2.98761e-18
27.066 2.99986e-18
27.126 3.01213e-18
27.186 3.02443e-18
27.246 3.03675e-18
27.306 3.04911e-18
27.366 3.06148e-18
27.426 3.07388e-18
27.486 3.08631e-18
27.546 3.09876e-18
27.606 3.11124e-18
27.666 3.12374e-18
27.726 3.13627e-18
27.786 3.14883e-18
27.846 3.16141e-18
27.906 3.17401e-18
27.966 3.18664e-18
28.026 3.1993e-18
28.086 3.21198e-18
28.146 3.22469e-18
28.206 3.23742e-18
28.266 3.25018e-18
28.326 3.26297e-18
28.386 3.27577e-18
28.446 3.28861e-18
28.506 3.30147e-18
28.566 3.31435e-18
28.626 3.32727e-18
28.686 3.3402e-18
28.746 3.35316e-18
28.806 3.36615e-18
28.866 3.37916e-18
28.926 3.3922e-18
28.986 3.40527e-18
29.046 3.41836e-18
29.106 3.43147e-18
29.166 3.44461e-18
29.226 3.45778e-18
29.286 3.47097e-18
29.346 3.48419e-18
29.406 3.49743e-18
29.466 3.5107e-18
29.526 3.52399e-18
29.586 3.53731e-18
29.646 3.55065e-18
29.706 3.56402e-18
29.766 3.57742e-18
29.826 3.59084e-18
29.886 3.60428e-18
29.946 3.61775e-18
30.006 3.63125e-18
30.066 3.64477e-18
30.126 3.65832e-18
30.186 3.67189e-18
30.246 3.68549e-18
30.306 3.69912e-18
30.366 3.71276e-18
30.426 3.72644e-18
30.486 3.74014e-18
30.546 3.75387e-18
30.606 3.76762e-18
30.666 3.78139e-18
30.726 3.7952e-18
30.786 3.80902e-18
30.846 3.82288e-18
30.906 3.83676e-18
30.966 3.85066e-18
31.026 3.86459e-18
31.086 3.87854e-18
31.146 3.89252e-18
31.206 3.90653e-18
31.266 3.92056e-18
31.326 3.93462e-18
31.386 3.9487e-18
31.446 3.96281e-18
31.506 3.97694e-18
31.566 3.9911e-18
31.626 4.00528e-18
31.686 4.01949e-18
31.746 4.03373e-18
31.806 4.04799e-18
31.866 4.06228e-18
31.926 4.07659e-18
31.986 4.09092e-18
32.046 4.10529e-18
32.106 4.11967e-18
32.166 4.13409e-18
32.226 4.14853e-18
32.286 4.16299e-18
32.346 4.17748e-18
32.406 4.19199e-18
32.466 4.20653e-18
32.526 4.2211e-18
32.586 4.23569e-18
32.646 4.25031e-18
32.706 4.26495e-18
32.766 4.27962e-18
32.826 4.29431e-18
32.886 4.30903e-18
32.946 4.32377e-18
33.006 4.33854e-18
33.066 4.35334e-18
33.126 4.36816e-18
33.186 4.383e-18
33.246 4.39787e-18
33.306 4.41277e-18
33.366 4.42769e-18
33.426 4.44264e-18
33.486 4.45761e-18
33.546 4.47261e-18
33.606 4.48764e-18
33.666 4.50269e-18
33.726 4.51776e-18
33.786 4.53286e-18
33.846 4.54799e-18
33.906 4.56314e-18
33.966 4.57831e-18
34.026 4.59352e-18
34.086 4.60874e-18
34.146 4.624e-18
34.206 4.63927e-18
34.266 4.65458e-18
34.326 4.66991e-18
34.386 4.68526e-18
34.446 4.70064e-18
34.506 4.71605e-18
34.566 4.73148e-18
34.626 4.74693e-18
34.686 4.76242e-18
34.746 4.77792e-18
34.806 4.79346e-18
34.866 4.80901e-18
34.926 4.8246e-18
34.986 4.84021e-18
35.046 4.85584e-18
35.106 4.8715e-18
35.166 4.88719e-18
35.226 4.9029e-18
35.286 4.91863e-18
35.346 4.9344e-18
35.406 4.95018e-18
35.466 4.966e-18
35.526 4.98183e-18
35.586 4.9977e-18
35.646 5.01359e-18
35.706 5.0295e-18
35.766 5.04544e-18
35.826 5.06141e-18
35.886 5.0774e-18
35.946 5.09341e-18
36.006 5.10945e-18
36.066 5.12552e-18
36.126 5.14161e-18
36.186 5.15773e-18
36.246 5.17387e-18
36.306 5.19004e-18
36.366 5.20624e-18
36.426 5.22246e-18
36.486 5.2387e-18
36.546 5.25497e-18
36.606 5.27127e-18
36.666 5.28759e-18
36.726 5.30394e-18
36.786 5.32031e-18
36.846 5.33671e-18
36.906 5.35313e-18
36.966 5.36958e-18
37.026 5.38605e-18
37.086 5.40255e-18
37.146 5.41908e-18
37.206 5.43563e-18
37.266 5.4522e-18
37.326 5.4688e-18
37.386 5.48543e-18
37.446 5.50208e-18
37.506 5.51876e-18
37.566 5.53546e-18
37.626 5.55219e-18
37.686 5.56894e-18
37.746 5.58572e-18
37.806 5.60253e-18
37.866 5.61936e-18
37.926 5.63621e-18
37.986 5.65309e-18
38.046 5.67e-18
38.106 5.68693e-18
38.166 5.70389e-18
38.226 5.72087e-18
38.286 5.73788e-18
38.346 5.75491e-18
38.406 5.77197e-18
38.466 5.78906e-18
38.526 5.80617e-18
38.586 5.8233e-18
38.646 5.84046e-18
38.706 5.85765e-18
38.766 5.87486e-18
38.826 5.8921e-18
38.886 5.90936e-18
38.946 5.92665e-18
39.006 5.94396e-18
39.066 5.9613e-18
39.126 5.97867e-18
39.186 5.99605e-18
39.246 6.01347e-18
39.306 6.03091e-18
39.366 6.04838e-18
39.426 6.06587e-18
39.486 6.08338e-18
39.546 6.10093e-18
39.606 6.11849e-18
39.666 6.13609e-18
39.726 6.15371e-18
39.786 6.17135e-18
39.846 6.18902e-18
39.906 6.20671e-18
39.966 6.22443e-18
40.026 6.24218e-18
40.086 6.25995e-18
40.146 6.27775e-18
40.206 6.29557e-18
40.266 6.31342e-18
40.326 6.33129e-18
40.386 6.34919e-18
40.446 6.36711e-18
40.506 6.38506e-18
40.566 6.40303e-18
40.626 6.42103e-18
40.686 6.43906e-18
40.746 6.45711e-18
40.806 6.47519e-18
40.866 6.49329e-18
40.926 6.51142e-18
40.986 6.52957e-18
41.046 6.54775e-18
41.106 6.56595e-18
41.166 6.58418e-18
41.226 6.60243e-18
41.286 6.62071e-18
41.346 6.63902e-18
41.406 6.65735e-18
41.466 6.6757e-18
41.526 6.69409e-18
41.586 6.71249e-18
41.646 6.73093e-18
41.706 6.74938e-18
41.766 6.76787e-18
41.826 6.78637e-18
41.886 6.80491e-18
41.946 6.82347e-18
42.006 6.84205e-18
42.066 6.86066e-18
42.126 6.8793e-18
42.186 6.89796e-18
42.246 6.91665e-18
42.306 6.93536e-18
42.366 6.9541e-18
42.426 6.97286e-18
42.486 6.99165e-18
42.546 7.01046e-18
42.606 7.0293e-18
42.666 7.04816e-18
42.726 7.06705e-18
42.786 7.08597e-18
42.846 7.10491e-18
42.906 7.12388e-18
42.966 7.14287e-18
43.026 7.16189e-18
43.086 7.18093e-18
43.146 7.2e-18
43.206 7.21909e-18
43.266 7.23821e-18
43.326 7.25735e-18
43.386 7.27652e-18
43.446 7.29572e-18
43.506 7.31494e-18
43.566 7.33418e-18
43.626 7.35346e-18
43.686 7.37275e-18
43.746 7.39207e-18
43.806 7.41142e-18
43.866 7.4308e-18
43.926 7.45019e-18
43.986 7.46962e-18
44.046 7.48907e-18
44.106 7.50854e-18
44.166 7.52804e-18
44.226 7.54757e-18
44.286 7.56712e-18
44.346 7.5867e-18
44.406 7.6063e-18
44.466 7.62592e-18
44.526 7.64558e-18
44.586 7.66526e-18
44.646 7.68496e-18
44.706 7.70469e-18
44.766 7.72444e-18
44.826 7.74422e-18
44.886 7.76403e-18
44.946 7.78386e-18
45.006 7.80372e-18
45.066 7.8236e-18
45.126 7.8435e-18
45.186 7.86344e-18
45.246 7.88339e-18
45.306 7.90338e-18
45.366 7.92339e-18
45.426 7.94342e-18
45.486 7.96348e-18
45.546 7.98356e-18
45.606 8.00368e-18
45.666 8.02381e-18
45.726 8.04397e-18
45.786 8.06416e-18
45.846 8.08437e-18
45.906 8.10461e-18
45.966 8.12487e-18
46.026 8.14516e-18
46.086 8.16547e-18
46.146 8.18581e-18
46.206 8.20618e-18
46.266 8.22657e-18
46.326 8.24698e-18
46.386 8.26742e-18
46.446 8.28789e-18
46.506 8.30838e-18
46.566 8.3289e-18
46.626 8.34944e-18
46.686 8.37001e-18
46.746 8.3906e-18
46.806 8.41122e-18
46.866 8.43187e-18
46.926 8.45254e-18
46.986 8.47323e-18
47.046 8.49395e-18
47.106 8.5147e-18
47.166 8.53547e-18
47.226 8.55627e-18
47.286 8.57709e-18
47.346 8.59794e-18
47.406 8.61881e-18
47.466 8.63971e-18
47.526 8.66063e-18
47.586 8.68158e-18
47.646 8.70256e-18
47.706 8.72356e-18
47.766 8.74458e-18
47.826 8.76564e-18
47.886 8.78671e-18
47.946 8.80781e-18
48.006 8.82894e-18
48.066 8.85009e-18
48.126 8.87127e-18
48.186 8.89248e-18
48.246 8.91371e-18
48.306 8.93496e-18
48.366 8.95624e-18
48.426 8.97755e-18
48.486 8.99888e-18
48.546 9.02023e-18
48.606 9.04161e-18
48.666 9.06302e-18
48.726 9.08445e-18
48.786 9.10591e-18
48.846 9.12739e-18
48.906 9.1489e-18
48.966 9.17044e-18
49.026 9.192e-18
49.086 9.21358e-18
49.146 9.23519e-18
49.206 9.25683e-18
49.266 9.27849e-18
49.326 9.30018e-18
49.386 9.32189e-18
49.446 9.34363e-18
49.506 9.36539e-18
49.566 9.38718e-18
49.626 9.40899e-18
49.686 9.43083e-18
49.746 9.4527e-18
49.806 9.47459e-18
49.866 9.4965e-18
49.926 9.51844e-18
49.986 9.54041e-18
50.046 9.5624e-18
50.106 9.58442e-18
50.166 9.60646e-18
50.226 9.62853e-18
50.286 9.65062e-18
50.346 9.67274e-18
50.406 9.69488e-18
50.466 9.71705e-18
50.526 9.73925e-18
50.586 9.76147e-18
50.646 9.78372e-18
50.706 9.80599e-18
50.766 9.82828e-18
50.826 9.85061e-18
50.886 9.87295e-18
50.946 9.89533e-18
51.006 9.91773e-18
51.066 9.94015e-18
51.126 9.9626e-18
51.186 9.98507e-18
51.246 1.00076e-17
51.306 1.00301e-17
51.366 1.00527e-17
51.426 1.00752e-17
51.486 1.00978e-17
51.546 1.01205e-17
51.606 1.01431e-17
51.666 1.01658e-17
51.726 1.01885e-17
51.786 1.02112e-17
51.846 1.0234e-17
51.906 1.02568e-17
51.966 1.02796e-17
52.026 1.03024e-17
52.086 1.03252e-17
52.146 1.03481e-17
52.206 1.0371e-17
52.266 1.0394e-17
52.326 1.04169e-17
52.386 1.04399e-17
52.446 1.04629e-17
52.506 1.0486e-17
52.566 1.0509e-17
52.626 1.05321e-17
52.686 1.05552e-17
52.746 1.05783e-17
52.806 1.06015e-17
52.866 1.06247e-17
52.926 1.06479e-17
52.986 1.06711e-17
53.046 1.06944e-17
53.106 1.07177e-17
53.166 1.0741e-17
53.226 1.07643e-17
53.286 1.07877e-17
53.346 1.08111e-17
53.406 1.08345e-17
53.466 1.0858e-17
53.526 1.08814e-17
53.586 1.09049e-17
53.646 1.09284e-17
53.706 1.0952e-17
53.766 1.09755e-17
53.826 1.09991e-17
53.886 1.10228e-17
53.946 1.10464e-17
54.006 1.10701e-17
54.066 1.10938e-17
54.126 1.11175e-17
54.186 1.11412e-17
54.246 1.1165e-17
54.306 1.11888e-17
54.366 1.12126e-17
54.426 1.12365e-17
54.486 1.12603e-17
54.546 1.12842e-17
54.606 1.13082e-17
54.666 1.13321e-17
54.726 1.13561e-17
54.786 1.13801e-17
54.846 1.14041e-17
54.906 1.14282e-17
54.966 1.14522e-17
55.026 1.14763e-17
55.086 1.15005e-17
55.146 1.15246e-17
55.206 1.15488e-17
55.266 1.1573e-17
55.326 1.15972e-17
55.386 1.16215e-17
55.446 1.16458e-17
55.506 1.16701e-17
55.566 1.16944e-17
55.626 1.17188e-17
55.686 1.17431e-17
55.746 1.17675e-17
55.806 1.1792e-17
55.866 1.18164e-17
55.926 1.18409e-17
55.986 1.18654e-17
56.046 1.189e-17
56.106 1.19145e-17
56.166 1.19391e-17
56.226 1.19637e-17
56.286 1.19883e-17
56.346 1.2013e-17
56.406 1.20377e-17
56.466 1.20624e-17
56.526 1.20871e-17
56.586 1.21119e-17
56.646 1.21367e-17
56.706 1.21615e-17
56.766 1.21863e-17
56.826 1.22112e-17
56.886 1.22361e-17
56.946 1.2261e-17
57.006 1.2286e-17
57.066 1.23109e-17
57.126 1.23359e-17
57.186 1.23609e-17
57.246 1.2386e-17
57.306 1.2411e-17
57.366 1.24361e-17
57.426 1.24612e-17
57.486 1.24864e-17
57.546 1.25116e-17
57.606 1.25368e-17
57.666 1.2562e-17
57.726 1.25872e-17
57.786 1.26125e-17
57.846 1.26378e-17
57.906 1.26631e-17
57.966 1.26885e-17
58.026 1.27138e-17
58.086 1.27392e-17
58.146 1.27647e-17
58.206 1.27901e-17
58.266 1.28156e-17
58.326 1.28411e-17
58.386 1.28666e-17
58.446 1.28922e-17
58.506 1.29177e-17
58.566 1.29433e-17
58.626 1.2969e-17
58.686 1.29946e-17
58.746 1.30203e-17
58.806 1.3046e-17
58.866 1.30717e-17
58.926 1.30975e-17
58.986 1.31233e-17
59.046 1.31491e-17
59.106 1.31749e-17
59.166 1.32007e-17
59.226 1.32266e-17
59.286 1.32525e-17
59.346 1.32785e-17
59.406 1.33044e-17
59.466 1.33304e-17
59.526 1.33564e-17
59.586 1.33824e-17
59.646 1.34085e-17
59.706 1.34346e-17
59.766 1.34607e-17
59.826 1.34868e-17
59.886 1.3513e-17
59.946 1.35392e-17

