0.006 2.32841e-07
0.066 2.78467e-05
0.126 9.83592e-05
0.186 0.000203897
0.246 0.000333478
0.306 0.000474963
0.366 0.000616862
0.426 0.000749601
0.486 0.000866148
0.546 0.000962086
0.606 0.00103533
0.666 0.00108565
0.726 0.00111422
0.786 0.00112314
0.846 0.00111505
0.906 0.00109287
0.966 0.00105948
1.026 0.00101765
1.086 0.000969834
1.146 0.000918178
1.206 0.000864464
1.266 0.000810126
1.326 0.000756283
1.386 0.000703773
1.446 0.0006532
1.506 0.000604969
1.566 0.000559336
1.626 0.000516433
1.686 0.000476302
1.746 0.000438918
1.806 0.000404209
1.866 0.000372068
1.926 0.000342369
1.986 0.000315003
2.046 0.000289829
2.106 0.000266684
2.166 0.000245413
2.226 0.000225869
2.286 0.000207915
2.346 0.000191422
2.406 0.000176271
2.466 0.000162351
2.526 0.000149561
2.586 0.000137807
2.646 0.000127003
2.706 0.00011707
2.766 0.000107937
2.826 9.95355e-05
2.886 9.18063e-05
2.946 8.46936e-05
3.006 7.81467e-05
3.066 7.21189e-05
3.126 6.65678e-05
3.186 6.14544e-05
3.246 5.67432e-05
3.306 5.24015e-05
3.366 4.83993e-05
3.426 4.47094e-05
3.486 4.13067e-05
3.546 3.81681e-05
3.606 3.52727e-05
3.666 3.26009e-05
3.726 3.01351e-05
3.786 2.78591e-05
3.846 2.57578e-05
3.906 2.38175e-05
3.966 2.20256e-05
4.026 2.03705e-05
4.086 1.88415e-05
4.146 1.74288e-05
4.206 1.61234e-05
4.266 1.4917e-05
4.326 1.3802e-05
4.386 1.27712e-05
4.446 1.18182e-05
4.506 1.09371e-05
4.566 1.01224e-05
4.626 9.36891e-06
4.686 8.67202e-06
4.746 8.02742e-06
4.806 7.43114e-06
4.866 6.87949e-06
4.926 6.36911e-06
4.986 5.89686e-06
5.046 5.45987e-06
5.106 5.05547e-06
5.166 4.6812e-06
5.226 4.33481e-06
5.286 4.01419e-06
5.346 3.71741e-06
5.406 3.44267e-06
5.466 3.18833e-06
5.526 2.95287e-06
5.586 2.73486e-06
5.646 2.53301e-06
5.706 2.3461e-06
5.766 2.17303e-06
5.826 2.01277e-06
5.886 1.86435e-06
5.946 1.7269e-06
6.006 1.59961e-06
6.066 1.48171e-06
6.126 1.37251e-06
6.186 1.27137e-06
6.246 1.17769e-06
6.306 1.09091e-06
6.366 1.01053e-06
6.426 9.3607e-07
6.486 8.67092e-07
6.546 8.03191e-07
6.606 7.43993e-07
6.666 6.89149e-07
6.726 6.3834e-07
6.786 5.91266e-07
6.846 5.47652e-07
6.906 5.07244e-07
6.966 4.69805e-07
7.026 4.35116e-07
7.086 4.02974e-07
7.146 3.73193e-07
7.206 3.45598e-07
7.266 3.20029e-07
7.326 2.96336e-07
7.386 2.74382e-07
7.446 2.54038e-07
7.506 2.35187e-07
7.566 2.17719e-07
7.626 2.01532e-07
7.686 1.86532e-07
7.746 1.72632e-07
7.806 1.59752e-07
7.866 1.47816e-07
7.926 1.36755e-07
7.986 1.26505e-07
8.046 1.17007e-07
8.106 1.08205e-07
8.166 1.00049e-07
8.226 9.24917e-08
8.286 8.54884e-08
8.346 7.8999e-08
8.406 7.29859e-08
8.466 6.74142e-08
8.526 6.22517e-08
8.586 5.74685e-08
8.646 5.30369e-08
8.706 4.89313e-08
8.766 4.51278e-08
8.826 4.16045e-08
8.886 3.8341e-08
8.946 3.53184e-08
9.006 3.25192e-08
9.066 2.99271e-08
9.126 2.75272e-08
9.186 2.53057e-08
9.246 2.32495e-08
9.306 2.13469e-08
9.366 1.95867e-08
9.426 1.79589e-08
9.486 1.6454e-08
9.546 1.50632e-08
9.606 1.37786e-08
9.666 1.25925e-08
9.726 1.14983e-08
9.786 1.04894e-08
9.846 9.56016e-09
9.906 8.70504e-09
9.966 7.91912e-09
10.026 7.19781e-09
10.086 6.53692e-09
10.146 5.9326e-09
10.206 5.38131e-09
10.266 4.87984e-09
10.326 4.42526e-09
10.386 4.01488e-09
10.446 3.64631e-09
10.506 3.31737e-09
10.566 3.02612e-09
10.626 2.77082e-09
10.686 2.54997e-09
10.746 2.36222e-09
10.806 2.20644e-09
10.866 2.08168e-09
10.926 1.98717e-09
10.986 1.9223e-09
11.046 6.93693e-18
11.106 7.00763e-18
11.166 7.07868e-18
11.226 7.1501e-18
11.286 7.22188e-18
11.346 7.29403e-18
11.406 7.36653e-18
11.466 7.4394e-18
11.526 7.51263e-18
11.586 7.58622e-18
11.646 7.66018e-18
11.706 7.73449e-18
11.766 7.80917e-18
11.826 7.88421e-18
11.886 7.95962e-18
11.946 8.03538e-18
12.006 8.11151e-18
12.066 8.188e-18
12.126 8.26485e-18
12.186 8.34207e-18
12.246 8.41964e-18
12.306 8.49758e-18
12.366 8.57588e-18
12.426 8.65455e-18
12.486 8.73357e-18
12.546 8.81296e-18
12.606 8.89271e-18
12.666 8.97282e-18
12.726 9.05329e-18
12.786 9.13413e-18
12.846 9.21533e-18
12.906 9.29689e-18
12.966 9.37881e-18
13.026 9.4611e-18
13.086 9.54374e-18
13.146 9.62675e-18
13.206 9.71012e-18
13.266 9.79385e-18
13.326 9.87795e-18
13.386 9.96241e-18
13.446 1.00472e-17
13.506 1.01324e-17
13.566 1.0218e-17
13.626 1.03039e-17
13.686 1.03901e-17
13.746 1.04768e-17
13.806 1.05637e-17
13.866 1.06511e-17
13.926 1.07388e-17
13.986 1.08269e-17
14.046 1.09153e-17
14.106 1.10041e-17
14.166 1.10933e-17
14.226 1.11828e-17
14.286 1.12727e-17
14.346 1.1363e-17
14.406 1.14536e-17
14.466 1.15445e-17
14.526 1.16359e-17
14.586 1.17276e-17
14.646 1.18196e-17
14.706 1.19121e-17
14.766 1.20049e-17
14.826 1.2098e-17
14.886 1.21915e-17
14.946 1.22854e-17
15.006 1.23796e-17
15.066 1.24742e-17
15.126 1.25692e-17
15.186 1.26645e-17
15.246 1.27602e-17
15.306 1.28562e-17
15.366 1.29526e-17
15.426 1.30494e-17
15.486 1.31465e-17
15.546 1.3244e-17
15.606 1.33418e-17
15.666 1.34401e-17
15.726 1.35386e-17
15.786 1.36376e-17
15.846 1.37369e-17
15.906 1.38365e-17
15.966 1.39366e-17
16.026 1.40369e-17
16.086 1.41377e-17
16.146 1.42388e-17
16.206 1.43403e-17
16.266 1.44421e-17
16.326 1.45443e-17
16.386 1.46469e-17
16.446 1.47498e-17
16.506 1.48531e-17
16.566 1.49567e-17
16.626 1.50607e-17
16.686 1.51651e-17
16.746 1.52698e-17
16.806 1.53749e-17
16.866 1.54804e-17
16.926 1.55862e-17
16.986 1.56923e-17
17.046 1.57989e-17
17.106 1.59058e-17
17.166 1.6013e-17
17.226 1.61207e-17
17.286 1.62287e-17
17.346 1.6337e-17
17.406 1.64457e-17
17.466 1.65548e-17
17.526 1.66642e-17
17.586 1.6774e-17
17.646 1.68842e-17
17.706 1.69947e-17
17.766 1.71056e-17
17.826 1.72168e-17
17.886 1.73284e-17
17.946 1.74404e-17
18.006 1.75527e-17
18.066 1.76654e-17
18.126 1.77785e-17
18.186 1.78919e-17
18.246 1.80057e-17
18.306 1.81198e-17
18.366 1.82343e-17
18.426 1.83492e-17
18.486 1.84644e-17
18.546 1.858e-17
18.606 1.86959e-17
18.666 1.88123e-17
18.726 1.89289e-17
18.786 1.9046e-17
18.846 1.91634e-17
18.906 1.92811e-17
18.966 1.93992e-17
19.026 1.95177e-17
19.086 1.96366e-17
19.146 1.97558e-17
19.206 1.98753e-17
19.266 1.99953e-17
19.326 2.01156e-17
19.386 2.02362e-17
19.446 2.03572e-17
19.506 2.04786e-17
19.566 2.06004e-17
19.626 2.07225e-17
19.686 2.08449e-17
19.746 2.09677e-17
19.806 2.10909e-17
19.866 2.12145e-17
19.926 2.13384e-17
19.986 2.14627e-17
20.046 2.15873e-17
20.106 2.17123e-17
20.166 2.18377e-17
20.226 2.19634e-17
20.286 2.20895e-17
20.346 2.22159e-17
20.406 2.23427e-17
20.466 2.24699e-17
20.526 2.25974e-17
20.586 2.27253e-17
20.646 2.28535e-17
20.706 2.29822e-17
20.766 2.31111e-17
20.826 2.32405e-17
20.886 2.33702e-17
20.946 2.35002e-17
21.006 2.36307e-17
21.066 2.37615e-17
21.126 2.38926e-17
21.186 2.40241e-17
21.246 2.4156e-17
21.306 2.42882e-17
21.366 2.44208e-17
21.426 2.45538e-17
21.486 2.46871e-17
21.546 2.48208e-17
21.606 2.49548e-17
21.666 2.50892e-17
21.726 2.5224e-17
21.786 2.53591e-17
21.846 2.54946e-17
21.906 2.56305e-17
21.966 2.57667e-17
22.026 2.59033e-17
22.086 2.60402e-17
22.146 2.61775e-17
22.206 2.63152e-17
22.266 2.64532e-17
22.326 2.65916e-17
22.386 2.67303e-17
22.446 2.68694e-17
22.506 2.70089e-17
22.566 2.71487e-17
22.626 2.72889e-17
22.686 2.74295e-17
22.746 2.75704e-17
22.806 2.77117e-17
22.866 2.78533e-17
22.926 2.79953e-17
22.986 2.81377e-17
23.046 2.82804e-17
23.106 2.84235e-17
23.166 2.8567e-17
23.226 2.87108e-17
23.286 2.8855e-17
23.346 2.89995e-17
23.406 2.91444e-17
23.466 2.92897e-17
23.526 2.94353e-17
23.586 2.95813e-17
23.646 2.97276e-17
23.706 2.98743e-17
23.766 3.00214e-17
23.826 3.01688e-17
23.886 3.03166e-17
23.946 3.04648e-17
24.006 3.06133e-17
24.066 3.07622e-17
24.126 3.09114e-17
24.186 3.1061e-17
24.246 3.1211e-17
24.306 3.13613e-17
24.366 3.1512e-17
24.426 3.16631e-17
24.486 3.18145e-17
24.546 3.19663e-17
24.606 3.21184e-17
24.666 3.22709e-17
24.726 3.24237e-17
24.786 3.2577e-17
24.846 3.27306e-17
24.906 3.28845e-17
24.966 3.30388e-17
25.026 3.31935e-17
25.086 3.33485e-17
25.146 3.35039e-17
25.206 3.36597e-17
25.266 3.38158e-17
25.326 3.39723e-17
25.386 3.41291e-17
25.446 3.42863e-17
25.506 3.44439e-17
25.566 3.46018e-17
25.626 3.47601e-17
25.686 3.49187e-17
25.746 3.50777e-17
25.806 3.52371e-17
25.866 3.53968e-17
25.926 3.55569e-17
25.986 3.57174e-17
26.046 3.58782e-17
26.106 3.60394e-17
26.166 3.6201e-17
26.226 3.63629e-17
26.286 3.65251e-17
26.346 3.66878e-17
26.406 3.68508e-17
26.466 3.70141e-17
26.526 3.71778e-17
26.586 3.73419e-17
26.646 3.75063e-17
26.706 3.76711e-17
26.766 3.78363e-17
26.826 3.80018e-17
26.886 3.81677e-17
26.946 3.8334e-17
27.006 3.85006e-17
27.066 3.86675e-17
27.126 3.88349e-17
27.186 3.90026e-17
27.246 3.91706e-17
27.306 3.93391e-17
27.366 3.95078e-17
27.426 3.9677e-17
27.486 3.98465e-17
27.546 4.00164e-17
27.606 4.01866e-17
27.666 4.03572e-17
27.726 4.05281e-17
27.786 4.06994e-17
27.846 4.08711e-17
27.906 4.10432e-17
27.966 4.12156e-17
28.026 4.13883e-17
28.086 4.15614e-17
28.146 4.17349e-17
28.206 4.19088e-17
28.266 4.2083e-17
28.326 4.22576e-17
28.386 4.24325e-17
28.446 4.26078e-17
28.506 4.27834e-17
28.566 4.29595e-17
28.626 4.31358e-17
28.686 4.33126e-17
28.746 4.34897e-17
28.806 4.36672e-17
28.866 4.3845e-17
28.926 4.40232e-17
28.986 4.42017e-17
29.046 4.43806e-17
29.106 4.45599e-17
29.166 4.47395e-17
29.226 4.49195e-17
29.286 4.50999e-17
29.346 4.52806e-17
29.406 4.54617e-17
29.466 4.56432e-17
29.526 4.5825e-17
29.586 4.60071e-17
29.646 4.61897e-17
29.706 4.63726e-17
29.766 4.65558e-17
29.826 4.67394e-17
29.886 4.69234e-17
29.946 4.71078e-17
30.006 4.72925e-17
30.066 4.74775e-17
30.126 4.76629e-17
30.186 4.78487e-17
30.246 4.80349e-17
30.306 4.82214e-17
30.366 4.84083e-17
30.426 4.85955e-17
30.486 4.87831e-17
30.546 4.89711e-17
30.606 4.91594e-17
30.666 4.93481e-17
30.726 4.95371e-17
30.786 4.97265e-17
30.846 4.99163e-17
30.906 5.01064e-17
30.966 5.02969e-17
31.026 5.04878e-17
31.086 5.0679e-17
31.146 5.08706e-17
31.206 5.10625e-17
31.266 5.12548e-17
31.326 5.14475e-17
31.386 5.16405e-17
31.446 5.18339e-17
31.506 5.20276e-17
31.566 5.22217e-17
31.626 5.24162e-17
31.686 5.2611e-17
31.746 5.28062e-17
31.806 5.30018e-17
31.866 5.31977e-17
31.926 5.3394e-17
31.986 5.35906e-17
32.046 5.37876e-17
32.106 5.3985e-17
32.166 5.41827e-17
32.226 5.43808e-17
32.286 5.45793e-17
32.346 5.47781e-17
32.406 5.49773e-17
32.466 5.51768e-17
32.526 5.53767e-17
32.586 5.5577e-17
32.646 5.57776e-17
32.706 5.59786e-17
32.766 5.61799e-17
32.826 5.63816e-17
32.886 5.65837e-17
32.946 5.67861e-17
33.006 5.69889e-17
33.066 5.71921e-17
33.126 5.73956e-17
33.186 5.75995e-17
33.246 5.78037e-17
33.306 5.80083e-17
33.366 5.82133e-17
33.426 5.84186e-17
33.486 5.86243e-17
33.546 5.88303e-17
33.606 5.90368e-17
33.666 5.92435e-17
33.726 5.94507e-17
33.786 5.96582e-17
33.846 5.9866e-17
33.906 6.00743e-17
33.966 6.02828e-17
34.026 6.04918e-17
34.086 6.07011e-17
34.146 6.09108e-17
34.206 6.11208e-17
34.266 6.13312e-17
34.326 6.15419e-17
34.386 6.1753e-17
34.446 6.19645e-17
34.506 6.21764e-17
34.566 6.23886e-17
34.626 6.26011e-17
34.686 6.28141e-17
34.746 6.30273e-17
34.806 6.3241e-17
34.866 6.3455e-17
34.926 6.36694e-17
34.986 6.38841e-17
35.046 6.40992e-17
35.106 6.43147e-17
35.166 6.45305e-17
35.226 6.47467e-17
35.286 6.49632e-17
35.346 6.51801e-17
35.406 6.53974e-17
35.466 6.5615e-17
35.526 6.5833e-17
35.586 6.60514e-17
35.646 6.62701e-17
35.706 6.64891e-17
35.766 6.67086e-17
35.826 6.69284e-17
35.886 6.71485e-17
35.946 6.73691e-17
36.006 6.759e-17
36.066 6.78112e-17
36.126 6.80328e-17
36.186 6.82548e-17
36.246 6.84771e-17
36.306 6.86998e-17
36.366 6.89229e-17
36.426 6.91463e-17
36.486 6.93701e-17
36.546 6.95942e-17
36.606 6.98187e-17
36.666 7.00436e-17
36.726 7.02688e-17
36.786 7.04944e-17
36.846 7.07203e-17
36.906 7.09467e-17
36.966 7.11733e-17
37.026 7.14004e-17
37.086 7.16278e-17
37.146 7.18555e-17
37.206 7.20836e-17
37.266 7.23121e-17
37.326 7.2541e-17
37.386 7.27702e-17
37.446 7.29998e-17
37.506 7.32297e-17
37.566 7.346e-17
37.626 7.36906e-17
37.686 7.39216e-17
37.746 7.4153e-17
37.806 7.43848e-17
37.866 7.46169e-17
37.926 7.48493e-17
37.986 7.50822e-17
38.046 7.53153e-17
38.106 7.55489e-17
38.166 7.57828e-17
38.226 7.60171e-17
38.286 7.62517e-17
38.346 7.64867e-17
38.406 7.67221e-17
38.466 7.69578e-17
38.526 7.71939e-17
38.586 7.74303e-17
38.646 7.76671e-17
38.706 7.79043e-17
38.766 7.81418e-17
38.826 7.83797e-17
38.886 7.8618e-17
38.946 7.88566e-17
39.006 7.90956e-17
39.066 7.93349e-17
39.126 7.95746e-17
39.186 7.98147e-17
39.246 8.00551e-17
39.306 8.02959e-17
39.366 8.0537e-17
39.426 8.07785e-17
39.486 8.10204e-17
39.546 8.12626e-17
39.606 8.15052e-17
39.666 8.17482e-17
39.726 8.19915e-17
39.786 8.22352e-17
39.846 8.24792e-17
39.906 8.27236e-17
39.966 8.29684e-17
40.026 8.32135e-17
40.086 8.3459e-17
40.146 8.37049e-17
40.206 8.39511e-17
40.266 8.41976e-17
40.326 8.44446e-17
40.386 8.46919e-17
40.446 8.49395e-17
40.506 8.51876e-17
40.566 8.54359e-17
40.626 8.56847e-17
40.686 8.59338e-17
40.746 8.61833e-17
40.806 8.64331e-17
40.866 8.66833e-17
40.926 8.69338e-17
40.986 8.71848e-17
41.046 8.7436e-17
41.106 8.76877e-17
41.166 8.79397e-17
41.226 8.8192e-17
41.286 8.84448e-17
41.346 8.86979e-17
41.406 8.89513e-17
41.466 8.92051e-17
41.526 8.94593e-17
41.586 8.97138e-17
41.646 8.99687e-17
41.706 9.0224e-17
41.766 9.04796e-17
41.826 9.07356e-17
41.886 9.09919e-17
41.946 9.12486e-17
42.006 9.15057e-17
42.066 9.17631e-17
42.126 9.20209e-17
42.186 9.22791e-17
42.246 9.25376e-17
42.306 9.27965e-17
42.366 9.30557e-17
42.426 9.33153e-17
42.486 9.35753e-17
42.546 9.38356e-17
42.606 9.40963e-17
42.666 9.43573e-17
42.726 9.46187e-17
42.786 9.48805e-17
42.846 9.51426e-17
42.906 9.54051e-17
42.966 9.5668e-17
43.026 9.59312e-17
43.086 9.61948e-17
43.146 9.64587e-17
43.206 9.6723e-17
43.266 9.69877e-17
43.326 9.72527e-17
43.386 9.75181e-17
43.446 9.77839e-17
43.506 9.805e-17
43.566 9.83165e-17
43.626 9.85833e-17
43.686 9.88505e-17
43.746 9.91181e-17
43.806 9.9386e-17
43.866 9.96543e-17
43.926 9.99229e-17
43.986 1.00192e-16
44.046 1.00461e-16
44.106 1.00731e-16
44.166 1.01001e-16
44.226 1.01272e-16
44.286 1.01542e-16
44.346 1.01814e-16
44.406 1.02085e-16
44.466 1.02357e-16
44.526 1.02629e-16
44.586 1.02902e-16
44.646 1.03175e-16
44.706 1.03448e-16
44.766 1.03722e-16
44.826 1.03996e-16
44.886 1.0427e-16
44.946 1.04545e-16
45.006 1.0482e-16
45.066 1.05096e-16
45.126 1.05372e-16
45.186 1.05648e-16
45.246 1.05925e-16
45.306 1.06202e-16
45.366 1.06479e-16
45.426 1.06757e-16
45.486 1.07035e-16
45.546 1.07313e-16
45.606 1.07592e-16
45.666 1.07871e-16
45.726 1.08151e-16
45.786 1.0843e-16
45.846 1.08711e-16
45.906 1.08991e-16
45.966 1.09272e-16
46.026 1.09553e-16
46.086 1.09835e-16
46.146 1.10117e-16
46.206 1.104e-16
46.266 1.10682e-16
46.326 1.10965e-16
46.386 1.11249e-16
46.446 1.11533e-16
46.506 1.11817e-16
46.566 1.12102e-16
46.626 1.12386e-16
46.686 1.12672e-16
46.746 1.12957e-16
46.806 1.13243e-16
46.866 1.1353e-16
46.926 1.13817e-16
46.986 1.14104e-16
47.046 1.14391e-16
47.106 1.14679e-16
47.166 1.14967e-16
47.226 1.15256e-16
47.286 1.15545e-16
47.346 1.15834e-16
47.406 1.16123e-16
47.466 1.16413e-16
47.526 1.16704e-16
47.586 1.16995e-16
47.646 1.17286e-16
47.706 1.17577e-16
47.766 1.17869e-16
47.826 1.18161e-16
47.886 1.18454e-16
47.946 1.18746e-16
48.006 1.1904e-16
48.066 1.19333e-16
48.126 1.19627e-16
48.186 1.19922e-16
48.246 1.20216e-16
48.306 1.20511e-16
48.366 1.20807e-16
48.426 1.21103e-16
48.486 1.21399e-16
48.546 1.21695e-16
48.606 1.21992e-16
48.666 1.22289e-16
48.726 1.22587e-16
48.786 1.22885e-16
48.846 1.23183e-16
48.906 1.23482e-16
48.966 1.23781e-16
49.026 1.2408e-16
49.086 1.2438e-16
49.146 1.2468e-16
49.206 1.24981e-16
49.266 1.25281e-16
49.326 1.25583e-16
49.386 1.25884e-16
49.446 1.26186e-16
49.506 1.26488e-16
49.566 1.26791e-16
49.626 1.27094e-16
49.686 1.27398e-16
49.746 1.27701e-16
49.806 1.28005e-16
49.866 1.2831e-16
49.926 1.28615e-16
49.986 1.2892e-16
50.046 1.29225e-16
50.106 1.29531e-16
50.166 1.29838e-16
50.226 1.30144e-16
50.286 1.30451e-16
50.346 1.30759e-16
50.406 1.31066e-16
50.466 1.31374e-16
50.526 1.31683e-16
50.586 1.31992e-16
50.646 1.32301e-16
50.706 1.3261e-16
50.766 1.3292e-16
50.826 1.33231e-16
50.886 1.33541e-16
50.946 1.33852e-16
51.006 1.34163e-16
51.066 1.34475e-16
51.126 1.34787e-16
51.186 1.351e-16
51.246 1.35412e-16
51.306 1.35726e-16
51.366 1.36039e-16
51.426 1.36353e-16
51.486 1.36667e-16
51.546 1.36982e-16
51.606 1.37297e-16
51.666 1.37612e-16
51.726 1.37928e-16
51.786 1.38244e-16
51.846 1.3856e-16
51.906 1.38877e-16
51.966 1.39194e-16
52.026 1.39512e-16
52.086 1.39829e-16
52.146 1.40148e-16
52.206 1.40466e-16
52.266 1.40785e-16
52.326 1.41104e-16
52.386 1.41424e-16
52.446 1.41744e-16
52.506 1.42065e-16
52.566 1.42385e-16
52.626 1.42706e-16
52.686 1.43028e-16
52.746 1.4335e-16
52.806 1.43672e-16
52.866 1.43994e-16
52.926 1.44317e-16
52.986 1.44641e-16
53.046 1.44964e-16
53.106 1.45288e-16
53.166 1.45613e-16
53.226 1.45937e-16
53.286 1.46262e-16
53.346 1.46588e-16
53.406 1.46914e-16
53.466 1.4724e-16
53.526 1.47566e-16
53.586 1.47893e-16
53.646 1.48221e-16
53.706 1.48548e-16
53.766 1.48876e-16
53.826 1.49205e-16
53.886 1.49533e-16
53.946 1.49862e-16
54.006 1.50192e-16
54.066 1.50522e-16
54.126 1.50852e-16
54.186 1.51182e-16
54.246 1.51513e-16
54.306 1.51844e-16
54.366 1.52176e-16
54.426 1.52508e-16
54.486 1.5284e-16
54.546 1.53173e-16
54.606 1.53506e-16
54.666 1.53839e-16
54.726 1.54173e-16
54.786 1.54507e-16
54.846 1.54842e-16
54.906 1.55177e-16
54.966 1.55512e-16
55.026 1.55847e-16
55.086 1.56183e-16
55.146 1.5652e-16
55.206 1.56856e-16
55.266 1.57193e-16
55.326 1.57531e-16
55.386 1.57869e-16
55.446 1.58207e-16
55.506 1.58545e-16
55.566 1.58884e-16
55.626 1.59223e-16
55.686 1.59563e-16
55.746 1.59903e-16
55.806 1.60243e-16
55.866 1.60584e-16
55.926 1.60925e-16
55.986 1.61266e-16
56.046 1.61608e-16
56.106 1.6195e-16
56.166 1.62292e-16
56.226 1.62635e-16
56.286 1.62978e-16
56.346 1.63322e-16
56.406 1.63666e-16
56.466 1.6401e-16
56.526 1.64355e-16
56.586 1.647e-16
56.646 1.65045e-16
56.706 1.65391e-16
56.766 1.65737e-16
56.826 1.66083e-16
56.886 1.6643e-16
56.946 1.66777e-16
57.006 1.67125e-16
57.066 1.67473e-16
57.126 1.67821e-16
57.186 1.68169e-16
57.246 1.68518e-16
57.306 1.68868e-16
57.366 1.69217e-16
57.426 1.69567e-16
57.486 1.69918e-16
57.546 1.70269e-16
57.606 1.7062e-16
57.666 1.70971e-16
57.726 1.71323e-16
57.786 1.71675e-16
57.846 1.72028e-16
57.906 1.72381e-16
57.966 1.72734e-16
58.026 1.73088e-16
58.086 1.73442e-16
58.146 1.73796e-16
58.206 1.74151e-16
58.266 1.74506e-16
58.326 1.74862e-16
58.386 1.75218e-16
58.446 1.75574e-16
58.506 1.7593e-16
58.566 1.76287e-16
58.626 1.76645e-16
58.686 1.77002e-16
58.746 1.7736e-16
58.806 1.77719e-16
58.866 1.78077e-16
58.926 1.78436e-16
58.986 1.78796e-16
59.046 1.79156e-16
59.106 1.79516e-16
59.166 1.79876e-16
59.226 1.80237e-16
59.286 1.80599e-16
59.346 1.8096e-16
59.406 1.81322e-16
59.466 1.81685e-16
59.526 1.82047e-16
59.586 1.8241e-16
59.646 1.82774e-16
59.706 1.83138e-16
59.766 1.83502e-16
59.826 1.83866e-16
59.886 1.84231e-16
59.946 1.84596e-16

