0.006 7.10191e-07
0.066 8.29868e-05
0.126 0.000276094
0.186 0.000523495
0.246 0.000767464
0.306 0.000969061
0.366 0.00111204
0.426 0.00119662
0.486 0.00123154
0.546 0.00122819
0.606 0.00119753
0.666 0.00114877
0.726 0.00108907
0.786 0.0010238
0.846 0.000956783
0.906 0.000890395
0.966 0.000826143
1.026 0.000764932
1.086 0.000707256
1.146 0.000653325
1.206 0.000603171
1.266 0.000556705
1.326 0.000513772
1.386 0.000474173
1.446 0.000437694
1.506 0.000404114
1.566 0.000373213
1.626 0.000344784
1.686 0.000318626
1.746 0.000294555
1.806 0.000272398
1.866 0.000251995
1.926 0.000233202
1.986 0.000215883
2.046 0.000199915
2.106 0.000185188
2.166 0.000171598
2.226 0.000159052
2.286 0.000147465
2.346 0.000136759
2.406 0.000126863
2.466 0.000117712
2.526 0.000109246
2.586 0.000101411
2.646 9.41581e-05
2.706 8.74413e-05
2.766 8.12189e-05
2.826 7.54528e-05
2.886 7.01078e-05
2.946 6.51519e-05
3.006 6.05555e-05
3.066 5.62913e-05
3.126 5.23345e-05
3.186 4.86619e-05
3.246 4.52525e-05
3.306 4.20866e-05
3.366 3.91464e-05
3.426 3.64152e-05
3.486 3.38777e-05
3.546 3.15197e-05
3.606 2.93283e-05
3.666 2.72913e-05
3.726 2.53975e-05
3.786 2.36367e-05
3.846 2.19993e-05
3.906 2.04764e-05
3.966 1.906e-05
4.026 1.77423e-05
4.086 1.65165e-05
4.146 1.53758e-05
4.206 1.43145e-05
4.266 1.33268e-05
4.326 1.24075e-05
4.386 1.15519e-05
4.446 1.07555e-05
4.506 1.0014e-05
4.566 9.32382e-06
4.626 8.6812e-06
4.686 8.08286e-06
4.746 7.52572e-06
4.806 7.00693e-06
4.866 6.5238e-06
4.926 6.07387e-06
4.986 5.65485e-06
5.046 5.26458e-06
5.106 4.90108e-06
5.166 4.56251e-06
5.226 4.24713e-06
5.286 3.95336e-06
5.346 3.67971e-06
5.406 3.42478e-06
5.466 3.1873e-06
5.526 2.96606e-06
5.586 2.75996e-06
5.646 2.56794e-06
5.706 2.38904e-06
5.766 2.22237e-06
5.826 2.06709e-06
5.886 1.92241e-06
5.946 1.78762e-06
6.006 1.66204e-06
6.066 1.54503e-06
6.126 1.43602e-06
6.186 1.33445e-06
6.246 1.23982e-06
6.306 1.15166e-06
6.366 1.06952e-06
6.426 9.92995e-07
6.486 9.21706e-07
6.546 8.55293e-07
6.606 7.93427e-07
6.666 7.35798e-07
6.726 6.82118e-07
6.786 6.32121e-07
6.846 5.85556e-07
6.906 5.42192e-07
6.966 5.01812e-07
7.026 4.64214e-07
7.086 4.29213e-07
7.146 3.96632e-07
7.206 3.66309e-07
7.266 3.38094e-07
7.326 3.11845e-07
7.386 2.87431e-07
7.446 2.64731e-07
7.506 2.43631e-07
7.566 2.24026e-07
7.626 2.05817e-07
7.686 1.88913e-07
7.746 1.73231e-07
7.806 1.58691e-07
7.866 1.45221e-07
7.926 1.32752e-07
7.986 1.21224e-07
8.046 1.10576e-07
8.106 1.00756e-07
8.166 9.17148e-08
8.226 8.34061e-08
8.286 7.5788e-08
8.346 6.8822e-08
8.406 6.24726e-08
8.466 5.67075e-08
8.526 5.14972e-08
8.586 4.68151e-08
8.646 4.26369e-08
8.706 3.89411e-08
8.766 3.57084e-08
8.826 3.29217e-08
8.886 3.05663e-08
8.946 2.86295e-08
9.006 2.71007e-08
9.066 2.59711e-08
9.126 2.52342e-08
9.186 8.14713e-18
9.246 8.24678e-18
9.306 8.34705e-18
9.366 8.44793e-18
9.426 8.54942e-18
9.486 8.65153e-18
9.546 8.75425e-18
9.606 8.85758e-18
9.666 8.96153e-18
9.726 9.06609e-18
9.786 9.17126e-18
9.846 9.27704e-18
9.906 9.38344e-18
9.966 9.49044e-18
10.026 9.59807e-18
10.086 9.7063e-18
10.146 9.81515e-18
10.206 9.92461e-18
10.266 1.00347e-17
10.326 1.01454e-17
10.386 1.02567e-17
10.446 1.03686e-17
10.506 1.04811e-17
10.566 1.05942e-17
10.626 1.0708e-17
10.686 1.08223e-17
10.746 1.09373e-17
10.806 1.10529e-17
10.866 1.11691e-17
10.926 1.12859e-17
10.986 1.14033e-17
11.046 1.15214e-17
11.106 1.164e-17
11.166 1.17593e-17
11.226 1.18791e-17
11.286 1.19996e-17
11.346 1.21207e-17
11.406 1.22424e-17
11.466 1.23648e-17
11.526 1.24877e-17
11.586 1.26112e-17
11.646 1.27354e-17
11.706 1.28602e-17
11.766 1.29856e-17
11.826 1.31116e-17
11.886 1.32382e-17
11.946 1.33654e-17
12.006 1.34932e-17
12.066 1.36217e-17
12.126 1.37507e-17
12.186 1.38804e-17
12.246 1.40107e-17
12.306 1.41416e-17
12.366 1.42731e-17
12.426 1.44052e-17
12.486 1.45379e-17
12.546 1.46713e-17
12.606 1.48052e-17
12.666 1.49398e-17
12.726 1.5075e-17
12.786 1.52108e-17
12.846 1.53472e-17
12.906 1.54842e-17
12.966 1.56218e-17
13.026 1.57601e-17
13.086 1.58989e-17
13.146 1.60384e-17
13.206 1.61785e-17
13.266 1.63192e-17
13.326 1.64605e-17
13.386 1.66024e-17
13.446 1.67449e-17
13.506 1.68881e-17
13.566 1.70318e-17
13.626 1.71762e-17
13.686 1.73212e-17
13.746 1.74668e-17
13.806 1.7613e-17
13.866 1.77598e-17
13.926 1.79072e-17
13.986 1.80552e-17
14.046 1.82039e-17
14.106 1.83532e-17
14.166 1.8503e-17
14.226 1.86535e-17
14.286 1.88046e-17
14.346 1.89563e-17
14.406 1.91087e-17
14.466 1.92616e-17
14.526 1.94152e-17
14.586 1.95693e-17
14.646 1.97241e-17
14.706 1.98795e-17
14.766 2.00355e-17
14.826 2.01921e-17
14.886 2.03493e-17
14.946 2.05071e-17
15.006 2.06656e-17
15.066 2.08246e-17
15.126 2.09843e-17
15.186 2.11446e-17
15.246 2.13055e-17
15.306 2.1467e-17
15.366 2.16291e-17
15.426 2.17918e-17
15.486 2.19552e-17
15.546 2.21191e-17
15.606 2.22837e-17
15.666 2.24489e-17
15.726 2.26147e-17
15.786 2.27811e-17
15.846 2.29481e-17
15.906 2.31157e-17
15.966 2.3284e-17
16.026 2.34528e-17
16.086 2.36223e-17
16.146 2.37924e-17
16.206 2.39631e-17
16.266 2.41344e-17
16.326 2.43063e-17
16.386 2.44788e-17
16.446 2.46519e-17
16.506 2.48257e-17
16.566 2.5e-17
16.626 2.5175e-17
16.686 2.53506e-17
16.746 2.55268e-17
16.806 2.57036e-17
16.866 2.5881e-17
16.926 2.60591e-17
16.986 2.62377e-17
17.046 2.6417e-17
17.106 2.65968e-17
17.166 2.67773e-17
17.226 2.69584e-17
17.286 2.71401e-17
17.346 2.73225e-17
17.406 2.75054e-17
17.466 2.76889e-17
17.526 2.78731e-17
17.586 2.80578e-17
17.646 2.82432e-17
17.706 2.84292e-17
17.766 2.86158e-17
17.826 2.8803e-17
17.886 2.89909e-17
17.946 2.91793e-17
18.006 2.93684e-17
18.066 2.9558e-17
18.126 2.97483e-17
18.186 2.99392e-17
18.246 3.01307e-17
18.306 3.03228e-17
18.366 3.05155e-17
18.426 3.07089e-17
18.486 3.09028e-17
18.546 3.10974e-17
18.606 3.12925e-17
18.666 3.14883e-17
18.726 3.16847e-17
18.786 3.18817e-17
18.846 3.20793e-17
18.906 3.22776e-17
18.966 3.24764e-17
19.026 3.26759e-17
19.086 3.2876e-17
19.146 3.30766e-17
19.206 3.32779e-17
19.266 3.34798e-17
19.326 3.36823e-17
19.386 3.38855e-17
19.446 3.40892e-17
19.506 3.42936e-17
19.566 3.44985e-17
19.626 3.47041e-17
19.686 3.49103e-17
19.746 3.51171e-17
19.806 3.53245e-17
19.866 3.55325e-17
19.926 3.57412e-17
19.986 3.59504e-17
20.046 3.61603e-17
20.106 3.63708e-17
20.166 3.65819e-17
20.226 3.67935e-17
20.286 3.70059e-17
20.346 3.72188e-17
20.406 3.74323e-17
20.466 3.76465e-17
20.526 3.78612e-17
20.586 3.80766e-17
20.646 3.82926e-17
20.706 3.85092e-17
20.766 3.87264e-17
20.826 3.89442e-17
20.886 3.91626e-17
20.946 3.93817e-17
21.006 3.96013e-17
21.066 3.98216e-17
21.126 4.00425e-17
21.186 4.02639e-17
21.246 4.04861e-17
21.306 4.07088e-17
21.366 4.09321e-17
21.426 4.1156e-17
21.486 4.13806e-17
21.546 4.16057e-17
21.606 4.18315e-17
21.666 4.20579e-17
21.726 4.22849e-17
21.786 4.25125e-17
21.846 4.27407e-17
21.906 4.29696e-17
21.966 4.3199e-17
22.026 4.34291e-17
22.086 4.36597e-17
22.146 4.3891e-17
22.206 4.41229e-17
22.266 4.43554e-17
22.326 4.45885e-17
22.386 4.48223e-17
22.446 4.50566e-17
22.506 4.52916e-17
22.566 4.55271e-17
22.626 4.57633e-17
22.686 4.60001e-17
22.746 4.62375e-17
22.806 4.64755e-17
22.866 4.67142e-17
22.926 4.69534e-17
22.986 4.71932e-17
23.046 4.74337e-17
23.106 4.76748e-17
23.166 4.79165e-17
23.226 4.81588e-17
23.286 4.84017e-17
23.346 4.86452e-17
23.406 4.88893e-17
23.466 4.91341e-17
23.526 4.93794e-17
23.586 4.96254e-17
23.646 4.9872e-17
23.706 5.01192e-17
23.766 5.0367e-17
23.826 5.06154e-17
23.886 5.08644e-17
23.946 5.11141e-17
24.006 5.13643e-17
24.066 5.16152e-17
24.126 5.18667e-17
24.186 5.21188e-17
24.246 5.23715e-17
24.306 5.26248e-17
24.366 5.28787e-17
24.426 5.31333e-17
24.486 5.33884e-17
24.546 5.36442e-17
24.606 5.39006e-17
24.666 5.41575e-17
24.726 5.44151e-17
24.786 5.46733e-17
24.846 5.49322e-17
24.906 5.51916e-17
24.966 5.54517e-17
25.026 5.57123e-17
25.086 5.59736e-17
25.146 5.62355e-17
25.206 5.6498e-17
25.266 5.67611e-17
25.326 5.70248e-17
25.386 5.72891e-17
25.446 5.75541e-17
25.506 5.78196e-17
25.566 5.80858e-17
25.626 5.83526e-17
25.686 5.86199e-17
25.746 5.8888e-17
25.806 5.91566e-17
25.866 5.94258e-17
25.926 5.96956e-17
25.986 5.99661e-17
26.046 6.02371e-17
26.106 6.05088e-17
26.166 6.07811e-17
26.226 6.1054e-17
26.286 6.13275e-17
26.346 6.16016e-17
26.406 6.18764e-17
26.466 6.21517e-17
26.526 6.24277e-17
26.586 6.27043e-17
26.646 6.29814e-17
26.706 6.32592e-17
26.766 6.35376e-17
26.826 6.38167e-17
26.886 6.40963e-17
26.946 6.43765e-17
27.006 6.46574e-17
27.066 6.49388e-17
27.126 6.52209e-17
27.186 6.55036e-17
27.246 6.57869e-17
27.306 6.60708e-17
27.366 6.63554e-17
27.426 6.66405e-17
27.486 6.69263e-17
27.546 6.72126e-17
27.606 6.74996e-17
27.666 6.77872e-17
27.726 6.80754e-17
27.786 6.83642e-17
27.846 6.86536e-17
27.906 6.89436e-17
27.966 6.92343e-17
28.026 6.95255e-17
28.086 6.98174e-17
28.146 7.01099e-17
28.206 7.0403e-17
28.266 7.06967e-17
28.326 7.0991e-17
28.386 7.12859e-17
28.446 7.15815e-17
28.506 7.18776e-17
28.566 7.21744e-17
28.626 7.24718e-17
28.686 7.27698e-17
28.746 7.30684e-17
28.806 7.33676e-17
28.866 7.36674e-17
28.926 7.39679e-17
28.986 7.42689e-17
29.046 7.45706e-17
29.106 7.48728e-17
29.166 7.51757e-17
29.226 7.54792e-17
29.286 7.57833e-17
29.346 7.60881e-17
29.406 7.63934e-17
29.466 7.66993e-17
29.526 7.70059e-17
29.586 7.73131e-17
29.646 7.76209e-17
29.706 7.79292e-17
29.766 7.82383e-17
29.826 7.85479e-17
29.886 7.88581e-17
29.946 7.91689e-17
30.006 7.94804e-17
30.066 7.97925e-17
30.126 8.01051e-17
30.186 8.04184e-17
30.246 8.07323e-17
30.306 8.10468e-17
30.366 8.1362e-17
30.426 8.16777e-17
30.486 8.19941e-17
30.546 8.2311e-17
30.606 8.26286e-17
30.666 8.29468e-17
30.726 8.32656e-17
30.786 8.3585e-17
30.846 8.3905e-17
30.906 8.42256e-17
30.966 8.45469e-17
31.026 8.48687e-17
31.086 8.51912e-17
31.146 8.55143e-17
31.206 8.5838e-17
31.266 8.61623e-17
31.326 8.64872e-17
31.386 8.68127e-17
31.446 8.71389e-17
31.506 8.74656e-17
31.566 8.7793e-17
31.626 8.8121e-17
31.686 8.84496e-17
31.746 8.87788e-17
31.806 8.91086e-17
31.866 8.9439e-17
31.926 8.977e-17
31.986 9.01017e-17
32.046 9.0434e-17
32.106 9.07668e-17
32.166 9.11003e-17
32.226 9.14344e-17
32.286 9.17691e-17
32.346 9.21044e-17
32.406 9.24404e-17
32.466 9.27769e-17
32.526 9.31141e-17
32.586 9.34518e-17
32.646 9.37902e-17
32.706 9.41292e-17
32.766 9.44688e-17
32.826 9.4809e-17
32.886 9.51499e-17
32.946 9.54913e-17
33.006 9.58334e-17
33.066 9.6176e-17
33.126 9.65193e-17
33.186 9.68632e-17
33.246 9.72077e-17
33.306 9.75528e-17
33.366 9.78985e-17
33.426 9.82449e-17
33.486 9.85918e-17
33.546 9.89394e-17
33.606 9.92876e-17
33.666 9.96363e-17
33.726 9.99857e-17
33.786 1.00336e-16
33.846 1.00686e-16
33.906 1.01038e-16
33.966 1.01389e-16
34.026 1.01742e-16
34.086 1.02095e-16
34.146 1.02449e-16
34.206 1.02803e-16
34.266 1.03158e-16
34.326 1.03513e-16
34.386 1.03869e-16
34.446 1.04226e-16
34.506 1.04584e-16
34.566 1.04942e-16
34.626 1.053e-16
34.686 1.05659e-16
34.746 1.06019e-16
34.806 1.0638e-16
34.866 1.06741e-16
34.926 1.07102e-16
34.986 1.07464e-16
35.046 1.07827e-16
35.106 1.08191e-16
35.166 1.08555e-16
35.226 1.0892e-16
35.286 1.09285e-16
35.346 1.09651e-16
35.406 1.10017e-16
35.466 1.10384e-16
35.526 1.10752e-16
35.586 1.11121e-16
35.646 1.1149e-16
35.706 1.11859e-16
35.766 1.12229e-16
35.826 1.126e-16
35.886 1.12972e-16
35.946 1.13344e-16
36.006 1.13716e-16
36.066 1.1409e-16
36.126 1.14463e-16
36.186 1.14838e-16
36.246 1.15213e-16
36.306 1.15589e-16
36.366 1.15965e-16
36.426 1.16342e-16
36.486 1.1672e-16
36.546 1.17098e-16
36.606 1.17476e-16
36.666 1.17856e-16
36.726 1.18236e-16
36.786 1.18616e-16
36.846 1.18998e-16
36.906 1.19379e-16
36.966 1.19762e-16
37.026 1.20145e-16
37.086 1.20529e-16
37.146 1.20913e-16
37.206 1.21298e-16
37.266 1.21683e-16
37.326 1.22069e-16
37.386 1.22456e-16
37.446 1.22843e-16
37.506 1.23231e-16
37.566 1.2362e-16
37.626 1.24009e-16
37.686 1.24399e-16
37.746 1.24789e-16
37.806 1.2518e-16
37.866 1.25572e-16
37.926 1.25964e-16
37.986 1.26357e-16
38.046 1.26751e-16
38.106 1.27145e-16
38.166 1.27539e-16
38.226 1.27935e-16
38.286 1.2833e-16
38.346 1.28727e-16
38.406 1.29124e-16
38.466 1.29522e-16
38.526 1.2992e-16
38.586 1.30319e-16
38.646 1.30719e-16
38.706 1.31119e-16
38.766 1.3152e-16
38.826 1.31921e-16
38.886 1.32323e-16
38.946 1.32726e-16
39.006 1.33129e-16
39.066 1.33533e-16
39.126 1.33937e-16
39.186 1.34343e-16
39.246 1.34748e-16
39.306 1.35155e-16
39.366 1.35561e-16
39.426 1.35969e-16
39.486 1.36377e-16
39.546 1.36786e-16
39.606 1.37195e-16
39.666 1.37605e-16
39.726 1.38016e-16
39.786 1.38427e-16
39.846 1.38839e-16
39.906 1.39251e-16
39.966 1.39664e-16
40.026 1.40078e-16
40.086 1.40492e-16
40.146 1.40907e-16
40.206 1.41323e-16
40.266 1.41739e-16
40.326 1.42155e-16
40.386 1.42573e-16
40.446 1.42991e-16
40.506 1.43409e-16
40.566 1.43828e-16
40.626 1.44248e-16
40.686 1.44669e-16
40.746 1.4509e-16
40.806 1.45511e-16
40.866 1.45933e-16
40.926 1.46356e-16
40.986 1.4678e-16
41.046 1.47204e-16
41.106 1.47628e-16
41.166 1.48054e-16
41.226 1.4848e-16
41.286 1.48906e-16
41.346 1.49333e-16
41.406 1.49761e-16
41.466 1.50189e-16
41.526 1.50618e-16
41.586 1.51048e-16
41.646 1.51478e-16
41.706 1.51909e-16
41.766 1.5234e-16
41.826 1.52772e-16
41.886 1.53205e-16
41.946 1.53638e-16
42.006 1.54072e-16
42.066 1.54506e-16
42.126 1.54941e-16
42.186 1.55377e-16
42.246 1.55813e-16
42.306 1.5625e-16
42.366 1.56688e-16
42.426 1.57126e-16
42.486 1.57565e-16
42.546 1.58004e-16
42.606 1.58444e-16
42.666 1.58885e-16
42.726 1.59326e-16
42.786 1.59768e-16
42.846 1.6021e-16
42.906 1.60653e-16
42.966 1.61097e-16
43.026 1.61541e-16
43.086 1.61986e-16
43.146 1.62431e-16
43.206 1.62877e-16
43.266 1.63324e-16
43.326 1.63771e-16
43.386 1.64219e-16
43.446 1.64668e-16
43.506 1.65117e-16
43.566 1.65567e-16
43.626 1.66017e-16
43.686 1.66468e-16
43.746 1.6692e-16
43.806 1.67372e-16
43.866 1.67825e-16
43.926 1.68278e-16
43.986 1.68732e-16
44.046 1.69187e-16
44.106 1.69642e-16
44.166 1.70098e-16
44.226 1.70554e-16
44.286 1.71012e-16
44.346 1.71469e-16
44.406 1.71928e-16
44.466 1.72387e-16
44.526 1.72846e-16
44.586 1.73306e-16
44.646 1.73767e-16
44.706 1.74228e-16
44.766 1.7469e-16
44.826 1.75153e-16
44.886 1.75616e-16
44.946 1.7608e-16
45.006 1.76545e-16
45.066 1.7701e-16
45.126 1.77475e-16
45.186 1.77942e-16
45.246 1.78408e-16
45.306 1.78876e-16
45.366 1.79344e-16
45.426 1.79813e-16
45.486 1.80282e-16
45.546 1.80752e-16
45.606 1.81223e-16
45.666 1.81694e-16
45.726 1.82166e-16
45.786 1.82638e-16
45.846 1.83111e-16
45.906 1.83585e-16
45.966 1.84059e-16
46.026 1.84534e-16
46.086 1.85009e-16
46.146 1.85485e-16
46.206 1.85962e-16
46.266 1.86439e-16
46.326 1.86917e-16
46.386 1.87396e-16
46.446 1.87875e-16
46.506 1.88355e-16
46.566 1.88835e-16
46.626 1.89316e-16
46.686 1.89797e-16
46.746 1.9028e-16
46.806 1.90762e-16
46.866 1.91246e-16
46.926 1.9173e-16
46.986 1.92215e-16
47.046 1.927e-16
47.106 1.93186e-16
47.166 1.93672e-16
47.226 1.94159e-16
47.286 1.94647e-16
47.346 1.95135e-16
47.406 1.95624e-16
47.466 1.96114e-16
47.526 1.96604e-16
47.586 1.97095e-16
47.646 1.97586e-16
47.706 1.98078e-16
47.766 1.98571e-16
47.826 1.99064e-16
47.886 1.99558e-16
47.946 2.00052e-16
48.006 2.00547e-16
48.066 2.01043e-16
48.126 2.01539e-16
48.186 2.02036e-16
48.246 2.02533e-16
48.306 2.03032e-16
48.366 2.0353e-16
48.426 2.0403e-16
48.486 2.0453e-16
48.546 2.0503e-16
48.606 2.05531e-16
48.666 2.06033e-16
48.726 2.06535e-16
48.786 2.07038e-16
48.846 2.07542e-16
48.906 2.08046e-16
48.966 2.08551e-16
49.026 2.09057e-16
49.086 2.09563e-16
49.146 2.10069e-16
49.206 2.10577e-16
49.266 2.11084e-16
49.326 2.11593e-16
49.386 2.12102e-16
49.446 2.12612e-16
49.506 2.13122e-16
49.566 2.13633e-16
49.626 2.14145e-16
49.686 2.14657e-16
49.746 2.1517e-16
49.806 2.15683e-16
49.866 2.16197e-16
49.926 2.16712e-16
49.986 2.17227e-16
50.046 2.17743e-16
50.106 2.18259e-16
50.166 2.18776e-16
50.226 2.19294e-16
50.286 2.19812e-16
50.346 2.20331e-16
50.406 2.20851e-16
50.466 2.21371e-16
50.526 2.21892e-16
50.586 2.22413e-16
50.646 2.22935e-16
50.706 2.23458e-16
50.766 2.23981e-16
50.826 2.24505e-16
50.886 2.25029e-16
50.946 2.25554e-16
51.006 2.2608e-16
51.066 2.26606e-16
51.126 2.27133e-16
51.186 2.2766e-16
51.246 2.28188e-16
51.306 2.28717e-16
51.366 2.29246e-16
51.426 2.29776e-16
51.486 2.30307e-16
51.546 2.30838e-16
51.606 2.3137e-16
51.666 2.31902e-16
51.726 2.32435e-16
51.786 2.32969e-16
51.846 2.33503e-16
51.906 2.34038e-16
51.966 2.34573e-16
52.026 2.35109e-16
52.086 2.35646e-16
52.146 2.36183e-16
52.206 2.36721e-16
52.266 2.37259e-16
52.326 2.37799e-16
52.386 2.38338e-16
52.446 2.38879e-16
52.506 2.3942e-16
52.566 2.39961e-16
52.626 2.40503e-16
52.686 2.41046e-16
52.746 2.41589e-16
52.806 2.42133e-16
52.866 2.42678e-16
52.926 2.43223e-16
52.986 2.43769e-16
53.046 2.44316e-16
53.106 2.44863e-16
53.166 2.4541e-16
53.226 2.45959e-16
53.286 2.46508e-16
53.346 2.47057e-16
53.406 2.47607e-16
53.466 2.48158e-16
53.526 2.48709e-16
53.586 2.49261e-16
53.646 2.49814e-16
53.706 2.50367e-16
53.766 2.50921e-16
53.826 2.51475e-16
53.886 2.5203e-16
53.946 2.52586e-16
54.006 2.53142e-16
54.066 2.53699e-16
54.126 2.54256e-16
54.186 2.54814e-16
54.246 2.55373e-16
54.306 2.55932e-16
54.366 2.56492e-16
54.426 2.57053e-16
54.486 2.57614e-16
54.546 2.58176e-16
54.606 2.58738e-16
54.666 2.59301e-16
54.726 2.59865e-16
54.786 2.60429e-16
54.846 2.60994e-16
54.906 2.61559e-16
54.966 2.62125e-16
55.026 2.62692e-16
55.086 2.63259e-16
55.146 2.63827e-16
55.206 2.64395e-16
55.266 2.64964e-16
55.326 2.65534e-16
55.386 2.66104e-16
55.446 2.66675e-16
55.506 2.67247e-16
55.566 2.67819e-16
55.626 2.68392e-16
55.686 2.68965e-16
55.746 2.69539e-16
55.806 2.70114e-16
55.866 2.70689e-16
55.926 2.71265e-16
55.986 2.71841e-16
56.046 2.72418e-16
56.106 2.72996e-16
56.166 2.73574e-16
56.226 2.74153e-16
56.286 2.74733e-16
56.346 2.75313e-16
56.406 2.75893e-16
56.466 2.76475e-16
56.526 2.77057e-16
56.586 2.77639e-16
56.646 2.78222e-16
56.706 2.78806e-16
56.766 2.79391e-16
56.826 2.79976e-16
56.886 2.80561e-16
56.946 2.81147e-16
57.006 2.81734e-16
57.066 2.82322e-16
57.126 2.8291e-16
57.186 2.83499e-16
57.246 2.84088e-16
57.306 2.84678e-16
57.366 2.85268e-16
57.426 2.85859e-16
57.486 2.86451e-16
57.546 2.87043e-16
57.606 2.87636e-16
57.666 2.8823e-16
57.726 2.88824e-16
57.786 2.89419e-16
57.846 2.90014e-16
57.906 2.9061e-16
57.966 2.91207e-16
58.026 2.91804e-16
58.086 2.92402e-16
58.146 2.93001e-16
58.206 2.936e-16
58.266 2.94199e-16
58.326 2.948e-16
58.386 2.95401e-16
58.446 2.96002e-16
58.506 2.96604e-16
58.566 2.97207e-16
58.626 2.9781e-16
58.686 2.98414e-16
58.746 2.99019e-16
58.806 2.99624e-16
58.866 3.0023e-16
58.926 3.00836e-16
58.986 3.01443e-16
59.046 3.02051e-16
59.106 3.02659e-16
59.166 3.03268e-16
59.226 3.03878e-16
59.286 3.04488e-16
59.346 3.05098e-16
59.406 3.0571e-16
59.466 3.06322e-16
59.526 3.06934e-16
59.586 3.07547e-16
59.646 3.08161e-16
59.706 3.08775e-16
59.766 3.0939e-16
59.826 3.10006e-16
59.886 3.10622e-16
59.946 3.11239e-16

