0.006 2.18638e-07
0.066 2.61783e-05
0.126 9.27497e-05
0.186 0.000193192
0.246 0.000317959
0.306 0.000456259
0.366 0.000597559
0.426 0.000732716
0.486 0.000854632
0.546 0.000958444
0.606 0.00104139
0.666 0.0011025
0.726 0.0011422
0.786 0.00116196
0.846 0.00116391
0.906 0.00115059
0.966 0.00112467
1.026 0.00108879
1.086 0.00104545
1.146 0.000996982
1.206 0.000945365
1.266 0.000892118
1.326 0.000838465
1.386 0.000785366
1.446 0.000733544
1.506 0.000683526
1.566 0.000635674
1.626 0.000590221
1.686 0.000547296
1.746 0.000506949
1.806 0.000469171
1.866 0.000433908
1.926 0.000401078
1.986 0.000370574
2.046 0.000342281
2.106 0.000316074
2.166 0.000291825
2.226 0.000269407
2.286 0.000248697
2.346 0.000229574
2.406 0.000211924
2.466 0.000195639
2.526 0.000180616
2.586 0.000166759
2.646 0.000153979
2.706 0.000142193
2.766 0.000131322
2.826 0.000121297
2.886 0.000112049
2.946 0.000103519
3.006 9.56501e-05
3.066 8.83897e-05
3.126 8.169e-05
3.186 7.55071e-05
3.246 6.98002e-05
3.306 6.45319e-05
3.366 5.96679e-05
3.426 5.51764e-05
3.486 5.10283e-05
3.546 4.71969e-05
3.606 4.36573e-05
3.666 4.03871e-05
3.726 3.73651e-05
3.786 3.45723e-05
3.846 3.19909e-05
3.906 2.96045e-05
3.966 2.73982e-05
4.026 2.53582e-05
4.086 2.34717e-05
4.146 2.17269e-05
4.206 2.0113e-05
4.266 1.862e-05
4.326 1.72388e-05
4.386 1.59609e-05
4.446 1.47783e-05
4.506 1.3684e-05
4.566 1.26711e-05
4.626 1.17337e-05
4.686 1.08659e-05
4.746 1.00626e-05
4.806 9.31895e-06
4.866 8.63039e-06
4.926 7.99284e-06
4.986 7.40248e-06
5.046 6.85578e-06
5.106 6.34948e-06
5.166 5.88057e-06
5.226 5.44626e-06
5.286 5.04399e-06
5.346 4.67136e-06
5.406 4.32619e-06
5.466 4.00642e-06
5.526 3.71018e-06
5.586 3.43573e-06
5.646 3.18145e-06
5.706 2.94585e-06
5.766 2.72756e-06
5.826 2.52529e-06
5.886 2.33786e-06
5.946 2.16418e-06
6.006 2.00324e-06
6.066 1.8541e-06
6.126 1.71589e-06
6.186 1.58781e-06
6.246 1.46911e-06
6.306 1.35911e-06
6.366 1.25716e-06
6.426 1.16268e-06
6.486 1.07511e-06
6.546 9.93962e-07
6.606 9.18754e-07
6.666 8.49054e-07
6.726 7.84459e-07
6.786 7.24597e-07
6.846 6.69122e-07
6.906 6.17714e-07
6.966 5.70076e-07
7.026 5.25934e-07
7.086 4.85034e-07
7.146 4.4714e-07
7.206 4.12034e-07
7.266 3.79513e-07
7.326 3.4939e-07
7.386 3.21493e-07
7.446 2.9566e-07
7.506 2.71743e-07
7.566 2.49603e-07
7.626 2.29115e-07
7.686 2.10159e-07
7.746 1.92626e-07
7.806 1.76417e-07
7.866 1.61436e-07
7.926 1.47598e-07
7.986 1.34824e-07
8.046 1.23039e-07
8.106 1.12175e-07
8.166 1.0217e-07
8.226 9.29657e-08
8.286 8.45091e-08
8.346 7.67511e-08
8.406 6.96467e-08
8.466 6.31546e-08
8.526 5.7237e-08
8.586 5.18595e-08
8.646 4.69906e-08
8.706 4.26017e-08
8.766 3.8667e-08
8.826 3.51634e-08
8.886 3.207e-08
8.946 2.93682e-08
9.006 2.7042e-08
9.066 2.5077e-08
9.126 2.34613e-08
9.186 2.21846e-08
9.246 2.12388e-08
9.306 2.06175e-08
9.366 5.15933e-18
9.426 5.22038e-18
9.486 5.2818e-18
9.546 5.34359e-18
9.606 5.40574e-18
9.666 5.46826e-18
9.726 5.53114e-18
9.786 5.59439e-18
9.846 5.658e-18
9.906 5.72198e-18
9.966 5.78632e-18
10.026 5.85103e-18
10.086 5.9161e-18
10.146 5.98154e-18
10.206 6.04734e-18
10.266 6.11351e-18
10.326 6.18004e-18
10.386 6.24694e-18
10.446 6.3142e-18
10.506 6.38183e-18
10.566 6.44983e-18
10.626 6.51818e-18
10.686 6.58691e-18
10.746 6.65599e-18
10.806 6.72545e-18
10.866 6.79526e-18
10.926 6.86545e-18
10.986 6.936e-18
11.046 7.00691e-18
11.106 7.07819e-18
11.166 7.14983e-18
11.226 7.22183e-18
11.286 7.29421e-18
11.346 7.36694e-18
11.406 7.44005e-18
11.466 7.51351e-18
11.526 7.58734e-18
11.586 7.66154e-18
11.646 7.7361e-18
11.706 7.81103e-18
11.766 7.88632e-18
11.826 7.96197e-18
11.886 8.03799e-18
11.946 8.11438e-18
12.006 8.19113e-18
12.066 8.26824e-18
12.126 8.34572e-18
12.186 8.42356e-18
12.246 8.50177e-18
12.306 8.58035e-18
12.366 8.65928e-18
12.426 8.73859e-18
12.486 8.81825e-18
12.546 8.89829e-18
12.606 8.97868e-18
12.666 9.05944e-18
12.726 9.14057e-18
12.786 9.22206e-18
12.846 9.30392e-18
12.906 9.38614e-18
12.966 9.46872e-18
13.026 9.55167e-18
13.086 9.63499e-18
13.146 9.71867e-18
13.206 9.80271e-18
13.266 9.88712e-18
13.326 9.97189e-18
13.386 1.0057e-17
13.446 1.01425e-17
13.506 1.02284e-17
13.566 1.03146e-17
13.626 1.04012e-17
13.686 1.04882e-17
13.746 1.05755e-17
13.806 1.06632e-17
13.866 1.07513e-17
13.926 1.08397e-17
13.986 1.09285e-17
14.046 1.10176e-17
14.106 1.11071e-17
14.166 1.1197e-17
14.226 1.12872e-17
14.286 1.13778e-17
14.346 1.14688e-17
14.406 1.15601e-17
14.466 1.16518e-17
14.526 1.17439e-17
14.586 1.18363e-17
14.646 1.19291e-17
14.706 1.20223e-17
14.766 1.21158e-17
14.826 1.22097e-17
14.886 1.2304e-17
14.946 1.23986e-17
15.006 1.24936e-17
15.066 1.25889e-17
15.126 1.26846e-17
15.186 1.27807e-17
15.246 1.28771e-17
15.306 1.29739e-17
15.366 1.30711e-17
15.426 1.31686e-17
15.486 1.32665e-17
15.546 1.33648e-17
15.606 1.34634e-17
15.666 1.35624e-17
15.726 1.36618e-17
15.786 1.37615e-17
15.846 1.38616e-17
15.906 1.3962e-17
15.966 1.40628e-17
16.026 1.4164e-17
16.086 1.42655e-17
16.146 1.43674e-17
16.206 1.44697e-17
16.266 1.45724e-17
16.326 1.46754e-17
16.386 1.47787e-17
16.446 1.48824e-17
16.506 1.49865e-17
16.566 1.5091e-17
16.626 1.51958e-17
16.686 1.5301e-17
16.746 1.54066e-17
16.806 1.55125e-17
16.866 1.56188e-17
16.926 1.57254e-17
16.986 1.58324e-17
17.046 1.59398e-17
17.106 1.60475e-17
17.166 1.61556e-17
17.226 1.62641e-17
17.286 1.63729e-17
17.346 1.64821e-17
17.406 1.65917e-17
17.466 1.67016e-17
17.526 1.68119e-17
17.586 1.69225e-17
17.646 1.70336e-17
17.706 1.71449e-17
17.766 1.72567e-17
17.826 1.73688e-17
17.886 1.74813e-17
17.946 1.75941e-17
18.006 1.77073e-17
18.066 1.78209e-17
18.126 1.79348e-17
18.186 1.80491e-17
18.246 1.81638e-17
18.306 1.82788e-17
18.366 1.83942e-17
18.426 1.851e-17
18.486 1.86261e-17
18.546 1.87426e-17
18.606 1.88594e-17
18.666 1.89766e-17
18.726 1.90942e-17
18.786 1.92122e-17
18.846 1.93305e-17
18.906 1.94491e-17
18.966 1.95682e-17
19.026 1.96876e-17
19.086 1.98073e-17
19.146 1.99275e-17
19.206 2.0048e-17
19.266 2.01688e-17
19.326 2.029e-17
19.386 2.04116e-17
19.446 2.05336e-17
19.506 2.06559e-17
19.566 2.07786e-17
19.626 2.09016e-17
19.686 2.1025e-17
19.746 2.11488e-17
19.806 2.12729e-17
19.866 2.13974e-17
19.926 2.15223e-17
19.986 2.16475e-17
20.046 2.17731e-17
20.106 2.18991e-17
20.166 2.20254e-17
20.226 2.21521e-17
20.286 2.22792e-17
20.346 2.24066e-17
20.406 2.25344e-17
20.466 2.26625e-17
20.526 2.2791e-17
20.586 2.29199e-17
20.646 2.30491e-17
20.706 2.31787e-17
20.766 2.33087e-17
20.826 2.3439e-17
20.886 2.35697e-17
20.946 2.37008e-17
21.006 2.38322e-17
21.066 2.3964e-17
21.126 2.40962e-17
21.186 2.42287e-17
21.246 2.43616e-17
21.306 2.44948e-17
21.366 2.46284e-17
21.426 2.47624e-17
21.486 2.48967e-17
21.546 2.50314e-17
21.606 2.51665e-17
21.666 2.53019e-17
21.726 2.54377e-17
21.786 2.55739e-17
21.846 2.57104e-17
21.906 2.58473e-17
21.966 2.59846e-17
22.026 2.61222e-17
22.086 2.62602e-17
22.146 2.63985e-17
22.206 2.65372e-17
22.266 2.66763e-17
22.326 2.68158e-17
22.386 2.69556e-17
22.446 2.70957e-17
22.506 2.72363e-17
22.566 2.73772e-17
22.626 2.75184e-17
22.686 2.76601e-17
22.746 2.78021e-17
22.806 2.79444e-17
22.866 2.80871e-17
22.926 2.82302e-17
22.986 2.83737e-17
23.046 2.85175e-17
23.106 2.86617e-17
23.166 2.88062e-17
23.226 2.89511e-17
23.286 2.90964e-17
23.346 2.9242e-17
23.406 2.9388e-17
23.466 2.95344e-17
23.526 2.96811e-17
23.586 2.98282e-17
23.646 2.99757e-17
23.706 3.01235e-17
23.766 3.02717e-17
23.826 3.04202e-17
23.886 3.05692e-17
23.946 3.07184e-17
24.006 3.08681e-17
24.066 3.10181e-17
24.126 3.11685e-17
24.186 3.13192e-17
24.246 3.14703e-17
24.306 3.16218e-17
24.366 3.17736e-17
24.426 3.19258e-17
24.486 3.20784e-17
24.546 3.22313e-17
24.606 3.23846e-17
24.666 3.25382e-17
24.726 3.26922e-17
24.786 3.28466e-17
24.846 3.30014e-17
24.906 3.31565e-17
24.966 3.3312e-17
25.026 3.34678e-17
25.086 3.3624e-17
25.146 3.37806e-17
25.206 3.39375e-17
25.266 3.40948e-17
25.326 3.42525e-17
25.386 3.44105e-17
25.446 3.45689e-17
25.506 3.47276e-17
25.566 3.48867e-17
25.626 3.50462e-17
25.686 3.52061e-17
25.746 3.53663e-17
25.806 3.55269e-17
25.866 3.56878e-17
25.926 3.58491e-17
25.986 3.60108e-17
26.046 3.61728e-17
26.106 3.63352e-17
26.166 3.6498e-17
26.226 3.66611e-17
26.286 3.68246e-17
26.346 3.69884e-17
26.406 3.71527e-17
26.466 3.73172e-17
26.526 3.74822e-17
26.586 3.76475e-17
26.646 3.78132e-17
26.706 3.79792e-17
26.766 3.81456e-17
26.826 3.83124e-17
26.886 3.84795e-17
26.946 3.8647e-17
27.006 3.88149e-17
27.066 3.89831e-17
27.126 3.91517e-17
27.186 3.93207e-17
27.246 3.949e-17
27.306 3.96597e-17
27.366 3.98297e-17
27.426 4.00001e-17
27.486 4.01709e-17
27.546 4.03421e-17
27.606 4.05136e-17
27.666 4.06854e-17
27.726 4.08577e-17
27.786 4.10303e-17
27.846 4.12032e-17
27.906 4.13766e-17
27.966 4.15503e-17
28.026 4.17243e-17
28.086 4.18987e-17
28.146 4.20735e-17
28.206 4.22487e-17
28.266 4.24242e-17
28.326 4.26001e-17
28.386 4.27763e-17
28.446 4.29529e-17
28.506 4.31299e-17
28.566 4.33072e-17
28.626 4.34849e-17
28.686 4.3663e-17
28.746 4.38414e-17
28.806 4.40202e-17
28.866 4.41994e-17
28.926 4.43789e-17
28.986 4.45588e-17
29.046 4.4739e-17
29.106 4.49196e-17
29.166 4.51006e-17
29.226 4.5282e-17
29.286 4.54637e-17
29.346 4.56457e-17
29.406 4.58282e-17
29.466 4.6011e-17
29.526 4.61941e-17
29.586 4.63777e-17
29.646 4.65616e-17
29.706 4.67458e-17
29.766 4.69305e-17
29.826 4.71154e-17
29.886 4.73008e-17
29.946 4.74865e-17
30.006 4.76726e-17
30.066 4.7859e-17
30.126 4.80458e-17
30.186 4.8233e-17
30.246 4.84206e-17
30.306 4.86085e-17
30.366 4.87967e-17
30.426 4.89854e-17
30.486 4.91743e-17
30.546 4.93637e-17
30.606 4.95534e-17
30.666 4.97435e-17
30.726 4.9934e-17
30.786 5.01248e-17
30.846 5.0316e-17
30.906 5.05075e-17
30.966 5.06994e-17
31.026 5.08917e-17
31.086 5.10843e-17
31.146 5.12773e-17
31.206 5.14707e-17
31.266 5.16644e-17
31.326 5.18585e-17
31.386 5.2053e-17
31.446 5.22478e-17
31.506 5.2443e-17
31.566 5.26386e-17
31.626 5.28345e-17
31.686 5.30308e-17
31.746 5.32274e-17
31.806 5.34244e-17
31.866 5.36218e-17
31.926 5.38195e-17
31.986 5.40176e-17
32.046 5.42161e-17
32.106 5.44149e-17
32.166 5.46141e-17
32.226 5.48137e-17
32.286 5.50136e-17
32.346 5.52139e-17
32.406 5.54146e-17
32.466 5.56156e-17
32.526 5.5817e-17
32.586 5.60187e-17
32.646 5.62208e-17
32.706 5.64233e-17
32.766 5.66261e-17
32.826 5.68294e-17
32.886 5.70329e-17
32.946 5.72369e-17
33.006 5.74412e-17
33.066 5.76458e-17
33.126 5.78508e-17
33.186 5.80562e-17
33.246 5.8262e-17
33.306 5.84681e-17
33.366 5.86746e-17
33.426 5.88814e-17
33.486 5.90886e-17
33.546 5.92962e-17
33.606 5.95042e-17
33.666 5.97125e-17
33.726 5.99211e-17
33.786 6.01302e-17
33.846 6.03396e-17
33.906 6.05493e-17
33.966 6.07595e-17
34.026 6.097e-17
34.086 6.11808e-17
34.146 6.1392e-17
34.206 6.16036e-17
34.266 6.18156e-17
34.326 6.20279e-17
34.386 6.22406e-17
34.446 6.24536e-17
34.506 6.2667e-17
34.566 6.28808e-17
34.626 6.30949e-17
34.686 6.33094e-17
34.746 6.35243e-17
34.806 6.37395e-17
34.866 6.39551e-17
34.926 6.4171e-17
34.986 6.43874e-17
35.046 6.46041e-17
35.106 6.48211e-17
35.166 6.50385e-17
35.226 6.52563e-17
35.286 6.54744e-17
35.346 6.56929e-17
35.406 6.59118e-17
35.466 6.61311e-17
35.526 6.63507e-17
35.586 6.65706e-17
35.646 6.67909e-17
35.706 6.70116e-17
35.766 6.72327e-17
35.826 6.74541e-17
35.886 6.76759e-17
35.946 6.78981e-17
36.006 6.81206e-17
36.066 6.83434e-17
36.126 6.85667e-17
36.186 6.87903e-17
36.246 6.90143e-17
36.306 6.92386e-17
36.366 6.94633e-17
36.426 6.96884e-17
36.486 6.99138e-17
36.546 7.01396e-17
36.606 7.03658e-17
36.666 7.05923e-17
36.726 7.08192e-17
36.786 7.10464e-17
36.846 7.1274e-17
36.906 7.1502e-17
36.966 7.17304e-17
37.026 7.19591e-17
37.086 7.21881e-17
37.146 7.24176e-17
37.206 7.26474e-17
37.266 7.28775e-17
37.326 7.31081e-17
37.386 7.3339e-17
37.446 7.35702e-17
37.506 7.38018e-17
37.566 7.40338e-17
37.626 7.42662e-17
37.686 7.44989e-17
37.746 7.4732e-17
37.806 7.49654e-17
37.866 7.51992e-17
37.926 7.54334e-17
37.986 7.56679e-17
38.046 7.59028e-17
38.106 7.61381e-17
38.166 7.63737e-17
38.226 7.66097e-17
38.286 7.68461e-17
38.346 7.70828e-17
38.406 7.73199e-17
38.466 7.75574e-17
38.526 7.77952e-17
38.586 7.80334e-17
38.646 7.82719e-17
38.706 7.85108e-17
38.766 7.87501e-17
38.826 7.89897e-17
38.886 7.92297e-17
38.946 7.94701e-17
39.006 7.97108e-17
39.066 7.99519e-17
39.126 8.01934e-17
39.186 8.04352e-17
39.246 8.06774e-17
39.306 8.09199e-17
39.366 8.11629e-17
39.426 8.14061e-17
39.486 8.16498e-17
39.546 8.18938e-17
39.606 8.21382e-17
39.666 8.23829e-17
39.726 8.2628e-17
39.786 8.28735e-17
39.846 8.31193e-17
39.906 8.33655e-17
39.966 8.36121e-17
40.026 8.3859e-17
40.086 8.41063e-17
40.146 8.43539e-17
40.206 8.4602e-17
40.266 8.48503e-17
40.326 8.50991e-17
40.386 8.53482e-17
40.446 8.55977e-17
40.506 8.58475e-17
40.566 8.60977e-17
40.626 8.63483e-17
40.686 8.65992e-17
40.746 8.68505e-17
40.806 8.71022e-17
40.866 8.73542e-17
40.926 8.76066e-17
40.986 8.78594e-17
41.046 8.81125e-17
41.106 8.8366e-17
41.166 8.86198e-17
41.226 8.8874e-17
41.286 8.91286e-17
41.346 8.93835e-17
41.406 8.96388e-17
41.466 8.98945e-17
41.526 9.01505e-17
41.586 9.04069e-17
41.646 9.06637e-17
41.706 9.09208e-17
41.766 9.11783e-17
41.826 9.14362e-17
41.886 9.16944e-17
41.946 9.1953e-17
42.006 9.22119e-17
42.066 9.24712e-17
42.126 9.27309e-17
42.186 9.2991e-17
42.246 9.32514e-17
42.306 9.35121e-17
42.366 9.37733e-17
42.426 9.40348e-17
42.486 9.42966e-17
42.546 9.45588e-17
42.606 9.48214e-17
42.666 9.50844e-17
42.726 9.53477e-17
42.786 9.56114e-17
42.846 9.58754e-17
42.906 9.61399e-17
42.966 9.64046e-17
43.026 9.66698e-17
43.086 9.69353e-17
43.146 9.72012e-17
43.206 9.74674e-17
43.266 9.7734e-17
43.326 9.8001e-17
43.386 9.82683e-17
43.446 9.8536e-17
43.506 9.8804e-17
43.566 9.90725e-17
43.626 9.93412e-17
43.686 9.96104e-17
43.746 9.98799e-17
43.806 1.0015e-16
43.866 1.0042e-16
43.926 1.00691e-16
43.986 1.00962e-16
44.046 1.01233e-16
44.106 1.01505e-16
44.166 1.01777e-16
44.226 1.02049e-16
44.286 1.02322e-16
44.346 1.02595e-16
44.406 1.02869e-16
44.466 1.03142e-16
44.526 1.03417e-16
44.586 1.03691e-16
44.646 1.03966e-16
44.706 1.04242e-16
44.766 1.04517e-16
44.826 1.04793e-16
44.886 1.0507e-16
44.946 1.05347e-16
45.006 1.05624e-16
45.066 1.05901e-16
45.126 1.06179e-16
45.186 1.06458e-16
45.246 1.06736e-16
45.306 1.07015e-16
45.366 1.07294e-16
45.426 1.07574e-16
45.486 1.07854e-16
45.546 1.08135e-16
45.606 1.08416e-16
45.666 1.08697e-16
45.726 1.08978e-16
45.786 1.0926e-16
45.846 1.09542e-16
45.906 1.09825e-16
45.966 1.10108e-16
46.026 1.10391e-16
46.086 1.10675e-16
46.146 1.10959e-16
46.206 1.11244e-16
46.266 1.11528e-16
46.326 1.11814e-16
46.386 1.12099e-16
46.446 1.12385e-16
46.506 1.12671e-16
46.566 1.12958e-16
46.626 1.13245e-16
46.686 1.13532e-16
46.746 1.1382e-16
46.806 1.14108e-16
46.866 1.14397e-16
46.926 1.14685e-16
46.986 1.14975e-16
47.046 1.15264e-16
47.106 1.15554e-16
47.166 1.15844e-16
47.226 1.16135e-16
47.286 1.16426e-16
47.346 1.16717e-16
47.406 1.17009e-16
47.466 1.17301e-16
47.526 1.17594e-16
47.586 1.17887e-16
47.646 1.1818e-16
47.706 1.18473e-16
47.766 1.18767e-16
47.826 1.19062e-16
47.886 1.19356e-16
47.946 1.19651e-16
48.006 1.19947e-16
48.066 1.20242e-16
48.126 1.20538e-16
48.186 1.20835e-16
48.246 1.21132e-16
48.306 1.21429e-16
48.366 1.21727e-16
48.426 1.22024e-16
48.486 1.22323e-16
48.546 1.22621e-16
48.606 1.2292e-16
48.666 1.2322e-16
48.726 1.2352e-16
48.786 1.2382e-16
48.846 1.2412e-16
48.906 1.24421e-16
48.966 1.24722e-16
49.026 1.25024e-16
49.086 1.25326e-16
49.146 1.25628e-16
49.206 1.25931e-16
49.266 1.26234e-16
49.326 1.26537e-16
49.386 1.26841e-16
49.446 1.27145e-16
49.506 1.2745e-16
49.566 1.27754e-16
49.626 1.2806e-16
49.686 1.28365e-16
49.746 1.28671e-16
49.806 1.28977e-16
49.866 1.29284e-16
49.926 1.29591e-16
49.986 1.29899e-16
50.046 1.30206e-16
50.106 1.30514e-16
50.166 1.30823e-16
50.226 1.31132e-16
50.286 1.31441e-16
50.346 1.31751e-16
50.406 1.32061e-16
50.466 1.32371e-16
50.526 1.32682e-16
50.586 1.32993e-16
50.646 1.33304e-16
50.706 1.33616e-16
50.766 1.33928e-16
50.826 1.3424e-16
50.886 1.34553e-16
50.946 1.34867e-16
51.006 1.3518e-16
51.066 1.35494e-16
51.126 1.35808e-16
51.186 1.36123e-16
51.246 1.36438e-16
51.306 1.36754e-16
51.366 1.37069e-16
51.426 1.37386e-16
51.486 1.37702e-16
51.546 1.38019e-16
51.606 1.38336e-16
51.666 1.38654e-16
51.726 1.38972e-16
51.786 1.3929e-16
51.846 1.39609e-16
51.906 1.39928e-16
51.966 1.40247e-16
52.026 1.40567e-16
52.086 1.40887e-16
52.146 1.41208e-16
52.206 1.41529e-16
52.266 1.4185e-16
52.326 1.42171e-16
52.386 1.42493e-16
52.446 1.42816e-16
52.506 1.43139e-16
52.566 1.43462e-16
52.626 1.43785e-16
52.686 1.44109e-16
52.746 1.44433e-16
52.806 1.44758e-16
52.866 1.45082e-16
52.926 1.45408e-16
52.986 1.45733e-16
53.046 1.46059e-16
53.106 1.46386e-16
53.166 1.46712e-16
53.226 1.47039e-16
53.286 1.47367e-16
53.346 1.47695e-16
53.406 1.48023e-16
53.466 1.48351e-16
53.526 1.4868e-16
53.586 1.4901e-16
53.646 1.49339e-16
53.706 1.49669e-16
53.766 1.49999e-16
53.826 1.5033e-16
53.886 1.50661e-16
53.946 1.50993e-16
54.006 1.51325e-16
54.066 1.51657e-16
54.126 1.51989e-16
54.186 1.52322e-16
54.246 1.52655e-16
54.306 1.52989e-16
54.366 1.53323e-16
54.426 1.53657e-16
54.486 1.53992e-16
54.546 1.54327e-16
54.606 1.54663e-16
54.666 1.54999e-16
54.726 1.55335e-16
54.786 1.55671e-16
54.846 1.56008e-16
54.906 1.56345e-16
54.966 1.56683e-16
55.026 1.57021e-16
55.086 1.5736e-16
55.146 1.57698e-16
55.206 1.58037e-16
55.266 1.58377e-16
55.326 1.58717e-16
55.386 1.59057e-16
55.446 1.59397e-16
55.506 1.59738e-16
55.566 1.6008e-16
55.626 1.60421e-16
55.686 1.60763e-16
55.746 1.61106e-16
55.806 1.61448e-16
55.866 1.61792e-16
55.926 1.62135e-16
55.986 1.62479e-16
56.046 1.62823e-16
56.106 1.63168e-16
56.166 1.63513e-16
56.226 1.63858e-16
56.286 1.64203e-16
56.346 1.64549e-16
56.406 1.64896e-16
56.466 1.65243e-16
56.526 1.6559e-16
56.586 1.65937e-16
56.646 1.66285e-16
56.706 1.66633e-16
56.766 1.66982e-16
56.826 1.67331e-16
56.886 1.6768e-16
56.946 1.6803e-16
57.006 1.6838e-16
57.066 1.6873e-16
57.126 1.69081e-16
57.186 1.69432e-16
57.246 1.69784e-16
57.306 1.70135e-16
57.366 1.70488e-16
57.426 1.7084e-16
57.486 1.71193e-16
57.546 1.71546e-16
57.606 1.719e-16
57.666 1.72254e-16
57.726 1.72609e-16
57.786 1.72963e-16
57.846 1.73318e-16
57.906 1.73674e-16
57.966 1.7403e-16
58.026 1.74386e-16
58.086 1.74743e-16
58.146 1.751e-16
58.206 1.75457e-16
58.266 1.75815e-16
58.326 1.76173e-16
58.386 1.76531e-16
58.446 1.7689e-16
58.506 1.77249e-16
58.566 1.77608e-16
58.626 1.77968e-16
58.686 1.78329e-16
58.746 1.78689e-16
58.806 1.7905e-16
58.866 1.79411e-16
58.926 1.79773e-16
58.986 1.80135e-16
59.046 1.80498e-16
59.106 1.8086e-16
59.166 1.81224e-16
59.226 1.81587e-16
59.286 1.81951e-16
59.346 1.82315e-16
59.406 1.8268e-16
59.466 1.83045e-16
59.526 1.8341e-16
59.586 1.83776e-16
59.646 1.84142e-16
59.706 1.84508e-16
59.766 1.84875e-16
59.826 1.85242e-16
59.886 1.8561e-16
59.946 1.85978e-16

