0.006 3.80913e-09
0.066 4.60469e-07
0.126 1.67393e-06
0.186 3.63249e-06
0.246 6.31733e-06
0.306 9.70268e-06
0.366 1.37562e-05
0.426 1.84391e-05
0.486 2.37072e-05
0.546 2.95107e-05
0.606 3.57952e-05
0.666 4.25023e-05
0.726 4.95701e-05
0.786 5.6934e-05
0.846 6.45274e-05
0.906 7.22826e-05
0.966 8.01311e-05
1.026 8.8005e-05
1.086 9.58368e-05
1.146 0.000103561
1.206 0.000111115
1.266 0.000118437
1.326 0.000125471
1.386 0.000132163
1.446 0.000138465
1.506 0.000144334
1.566 0.00014973
1.626 0.00015462
1.686 0.000158977
1.746 0.000162777
1.806 0.000166005
1.866 0.000168649
1.926 0.000170704
1.986 0.00017217
2.046 0.000173053
2.106 0.00017336
2.166 0.000173108
2.226 0.000172315
2.286 0.000171002
2.346 0.000169197
2.406 0.000166926
2.466 0.000164221
2.526 0.000161116
2.586 0.000157644
2.646 0.000153841
2.706 0.000149744
2.766 0.00014539
2.826 0.000140814
2.886 0.000136053
2.946 0.000131141
3.006 0.000126114
3.066 0.000121004
3.126 0.000115842
3.186 0.000110658
3.246 0.000105479
3.306 0.000100331
3.366 9.52365e-05
3.426 9.02178e-05
3.486 8.52937e-05
3.546 8.0481e-05
3.606 7.57946e-05
3.666 7.12471e-05
3.726 6.68491e-05
3.786 6.26094e-05
3.846 5.85348e-05
3.906 5.46304e-05
3.966 5.08998e-05
4.026 4.7345e-05
4.086 4.39667e-05
4.146 4.07643e-05
4.206 3.77361e-05
4.266 3.48795e-05
4.326 3.2191e-05
4.386 2.96665e-05
4.446 2.73009e-05
4.506 2.50891e-05
4.566 2.30251e-05
4.626 2.11031e-05
4.686 1.93166e-05
4.746 1.76592e-05
4.806 1.61243e-05
4.866 1.47054e-05
4.926 1.33959e-05
4.986 1.21894e-05
5.046 1.10796e-05
5.106 1.00603e-05
5.166 9.12557e-06
5.226 8.26956e-06
5.286 7.48679e-06
5.346 6.77194e-06
5.406 6.11999e-06
5.466 5.52616e-06
5.526 4.98591e-06
5.586 4.495e-06
5.646 4.04943e-06
5.706 3.64544e-06
5.766 3.27954e-06
5.826 2.94848e-06
5.886 2.64922e-06
5.946 2.37895e-06
6.006 2.1351e-06
6.066 1.91525e-06
6.126 1.71721e-06
6.186 1.53894e-06
6.246 1.3786e-06
6.306 1.23447e-06
6.366 1.10501e-06
6.426 9.88788e-07
6.486 8.84516e-07
6.546 7.91016e-07
6.606 7.07217e-07
6.666 6.3215e-07
6.726 5.64935e-07
6.786 5.04775e-07
6.846 4.50951e-07
6.906 4.02812e-07
6.966 3.59772e-07
7.026 3.21302e-07
7.086 2.86927e-07
7.146 2.56218e-07
7.206 2.28791e-07
7.266 2.04319e-07
7.326 1.82495e-07
7.386 1.63028e-07
7.446 1.4566e-07
7.506 1.30162e-07
7.566 1.16331e-07
7.626 1.03986e-07
7.686 9.29635e-08
7.746 8.31217e-08
7.806 7.43324e-08
7.866 6.64817e-08
7.926 5.94682e-08
7.986 5.32019e-08
8.046 4.76021e-08
8.106 4.25972e-08
8.166 3.81235e-08
8.226 3.41239e-08
8.286 3.05476e-08
8.346 2.73495e-08
8.406 2.44891e-08
8.466 2.19305e-08
8.526 1.96415e-08
8.586 1.75934e-08
8.646 1.57606e-08
8.706 1.41203e-08
8.766 1.2652e-08
8.826 1.13377e-08
8.886 1.0161e-08
8.946 9.1073e-09
9.006 8.16372e-09
9.066 7.31864e-09
9.126 6.56168e-09
9.186 5.88358e-09
9.246 5.27606e-09
9.306 4.73171e-09
9.366 4.24392e-09
9.426 3.80676e-09
9.486 3.41493e-09
9.546 3.06371e-09
9.606 2.74885e-09
9.666 2.46655e-09
9.726 2.21343e-09
9.786 1.98645e-09
9.846 1.7829e-09
9.906 1.60033e-09
9.966 1.43656e-09
10.026 1.28966e-09
10.086 1.15787e-09
10.146 1.03962e-09
10.206 9.33517e-10
10.266 8.38304e-10
10.326 7.52856e-10
10.386 6.76166e-10
10.446 6.0733e-10
10.506 5.45539e-10
10.566 4.90067e-10
10.626 4.40264e-10
10.686 3.95549e-10
10.746 3.55397e-10
10.806 3.19341e-10
10.866 2.8696e-10
10.926 2.57878e-10
10.986 2.31756e-10
11.046 2.08293e-10
11.106 1.87215e-10
11.166 1.6828e-10
11.226 1.51267e-10
11.286 1.35982e-10
11.346 1.22247e-10
11.406 1.09905e-10
11.466 9.88128e-11
11.526 8.88444e-11
11.586 7.98852e-11
11.646 7.18322e-11
11.706 6.45934e-11
11.766 5.80862e-11
11.826 5.22366e-11
11.886 4.69771e-11
11.946 4.22485e-11
12.006 3.79969e-11
12.066 3.41738e-11
12.126 3.07358e-11
12.186 2.76443e-11
12.246 2.48638e-11
12.306 2.23632e-11
12.366 2.01138e-11
12.426 1.80906e-11
12.486 1.62709e-11
12.546 1.4634e-11
12.606 1.31615e-11
12.666 1.18366e-11
12.726 1.06446e-11
12.786 9.5723e-12
12.846 8.60746e-12
12.906 7.73911e-12
12.966 6.95815e-12
13.026 6.25517e-12
13.086 5.62249e-12
13.146 5.05346e-12
13.206 4.54099e-12
13.266 4.08005e-12
13.326 3.66547e-12
13.386 3.29229e-12
13.446 2.95607e-12
13.506 2.65408e-12
13.566 2.38179e-12
13.626 2.13715e-12
13.686 1.91703e-12
13.746 1.71922e-12
13.806 1.54078e-12
13.866 1.38086e-12
13.926 1.23669e-12
13.986 1.10759e-12
14.046 9.91304e-13
14.106 8.86868e-13
14.166 7.92952e-13
14.226 7.09109e-13
14.286 6.34107e-13
14.346 5.66736e-13
14.406 5.06675e-13
14.466 4.53212e-13
14.526 4.05661e-13
14.586 3.63358e-13
14.646 3.26104e-13
14.706 2.93283e-13
14.766 2.65195e-13
14.826 2.40357e-13
14.886 2.19105e-13
14.946 2.01347e-13
15.006 1.87009e-13
15.066 1.751e-13
15.126 1.66508e-13
15.186 1.6026e-13
15.246 1.5681e-13
15.306 4.1863e-19
15.366 4.2134e-19
15.426 4.24059e-19
15.486 4.26788e-19
15.546 4.29527e-19
15.606 4.32275e-19
15.666 4.35033e-19
15.726 4.378e-19
15.786 4.40577e-19
15.846 4.43364e-19
15.906 4.46161e-19
15.966 4.48967e-19
16.026 4.51782e-19
16.086 4.54608e-19
16.146 4.57443e-19
16.206 4.60287e-19
16.266 4.63141e-19
16.326 4.66005e-19
16.386 4.68878e-19
16.446 4.71761e-19
16.506 4.74654e-19
16.566 4.77556e-19
16.626 4.80468e-19
16.686 4.83389e-19
16.746 4.8632e-19
16.806 4.8926e-19
16.866 4.9221e-19
16.926 4.9517e-19
16.986 4.98139e-19
17.046 5.01118e-19
17.106 5.04107e-19
17.166 5.07104e-19
17.226 5.10112e-19
17.286 5.13129e-19
17.346 5.16156e-19
17.406 5.19192e-19
17.466 5.22238e-19
17.526 5.25293e-19
17.586 5.28358e-19
17.646 5.31432e-19
17.706 5.34516e-19
17.766 5.3761e-19
17.826 5.40713e-19
17.886 5.43825e-19
17.946 5.46947e-19
18.006 5.50079e-19
18.066 5.5322e-19
18.126 5.56371e-19
18.186 5.59531e-19
18.246 5.62701e-19
18.306 5.65881e-19
18.366 5.69069e-19
18.426 5.72268e-19
18.486 5.75476e-19
18.546 5.78693e-19
18.606 5.8192e-19
18.666 5.85157e-19
18.726 5.88403e-19
18.786 5.91658e-19
18.846 5.94923e-19
18.906 5.98198e-19
18.966 6.01482e-19
19.026 6.04775e-19
19.086 6.08078e-19
19.146 6.11391e-19
19.206 6.14713e-19
19.266 6.18045e-19
19.326 6.21386e-19
19.386 6.24736e-19
19.446 6.28096e-19
19.506 6.31466e-19
19.566 6.34845e-19
19.626 6.38234e-19
19.686 6.41632e-19
19.746 6.45039e-19
19.806 6.48456e-19
19.866 6.51883e-19
19.926 6.55319e-19
19.986 6.58764e-19
20.046 6.62219e-19
20.106 6.65684e-19
20.166 6.69158e-19
20.226 6.72641e-19
20.286 6.76134e-19
20.346 6.79637e-19
20.406 6.83148e-19
20.466 6.8667e-19
20.526 6.90201e-19
20.586 6.93741e-19
20.646 6.97291e-19
20.706 7.0085e-19
20.766 7.04419e-19
20.826 7.07997e-19
20.886 7.11585e-19
20.946 7.15182e-19
21.006 7.18789e-19
21.066 7.22405e-19
21.126 7.2603e-19
21.186 7.29666e-19
21.246 7.3331e-19
21.306 7.36964e-19
21.366 7.40628e-19
21.426 7.443e-19
21.486 7.47983e-19
21.546 7.51675e-19
21.606 7.55376e-19
21.666 7.59087e-19
21.726 7.62807e-19
21.786 7.66537e-19
21.846 7.70276e-19
21.906 7.74024e-19
21.966 7.77783e-19
22.026 7.8155e-19
22.086 7.85327e-19
22.146 7.89113e-19
22.206 7.92909e-19
22.266 7.96715e-19
22.326 8.0053e-19
22.386 8.04354e-19
22.446 8.08187e-19
22.506 8.12031e-19
22.566 8.15883e-19
22.626 8.19745e-19
22.686 8.23617e-19
22.746 8.27498e-19
22.806 8.31388e-19
22.866 8.35288e-19
22.926 8.39197e-19
22.986 8.43116e-19
23.046 8.47044e-19
23.106 8.50982e-19
23.166 8.54929e-19
23.226 8.58885e-19
23.286 8.62851e-19
23.346 8.66827e-19
23.406 8.70812e-19
23.466 8.74806e-19
23.526 8.7881e-19
23.586 8.82823e-19
23.646 8.86845e-19
23.706 8.90877e-19
23.766 8.94919e-19
23.826 8.9897e-19
23.886 9.0303e-19
23.946 9.071e-19
24.006 9.11179e-19
24.066 9.15268e-19
24.126 9.19366e-19
24.186 9.23473e-19
24.246 9.2759e-19
24.306 9.31717e-19
24.366 9.35853e-19
24.426 9.39998e-19
24.486 9.44153e-19
24.546 9.48317e-19
24.606 9.5249e-19
24.666 9.56673e-19
24.726 9.60866e-19
24.786 9.65068e-19
24.846 9.69279e-19
24.906 9.735e-19
24.966 9.7773e-19
25.026 9.81969e-19
25.086 9.86218e-19
25.146 9.90477e-19
25.206 9.94745e-19
25.266 9.99022e-19
25.326 1.00331e-18
25.386 1.0076e-18
25.446 1.01191e-18
25.506 1.01623e-18
25.566 1.02055e-18
25.626 1.02488e-18
25.686 1.02923e-18
25.746 1.03358e-18
25.806 1.03794e-18
25.866 1.04231e-18
25.926 1.04669e-18
25.986 1.05108e-18
26.046 1.05548e-18
26.106 1.05989e-18
26.166 1.06431e-18
26.226 1.06874e-18
26.286 1.07318e-18
26.346 1.07762e-18
26.406 1.08208e-18
26.466 1.08655e-18
26.526 1.09102e-18
26.586 1.09551e-18
26.646 1.1e-18
26.706 1.1045e-18
26.766 1.10902e-18
26.826 1.11354e-18
26.886 1.11807e-18
26.946 1.12261e-18
27.006 1.12716e-18
27.066 1.13172e-18
27.126 1.13629e-18
27.186 1.14087e-18
27.246 1.14546e-18
27.306 1.15006e-18
27.366 1.15466e-18
27.426 1.15928e-18
27.486 1.16391e-18
27.546 1.16854e-18
27.606 1.17319e-18
27.666 1.17784e-18
27.726 1.1825e-18
27.786 1.18718e-18
27.846 1.19186e-18
27.906 1.19655e-18
27.966 1.20125e-18
28.026 1.20596e-18
28.086 1.21068e-18
28.146 1.21541e-18
28.206 1.22015e-18
28.266 1.2249e-18
28.326 1.22966e-18
28.386 1.23442e-18
28.446 1.2392e-18
28.506 1.24399e-18
28.566 1.24878e-18
28.626 1.25359e-18
28.686 1.2584e-18
28.746 1.26322e-18
28.806 1.26806e-18
28.866 1.2729e-18
28.926 1.27775e-18
28.986 1.28261e-18
29.046 1.28748e-18
29.106 1.29236e-18
29.166 1.29725e-18
29.226 1.30215e-18
29.286 1.30706e-18
29.346 1.31198e-18
29.406 1.3169e-18
29.466 1.32184e-18
29.526 1.32679e-18
29.586 1.33174e-18
29.646 1.33671e-18
29.706 1.34168e-18
29.766 1.34666e-18
29.826 1.35166e-18
29.886 1.35666e-18
29.946 1.36167e-18
30.006 1.36669e-18
30.066 1.37172e-18
30.126 1.37676e-18
30.186 1.38181e-18
30.246 1.38687e-18
30.306 1.39194e-18
30.366 1.39701e-18
30.426 1.4021e-18
30.486 1.4072e-18
30.546 1.4123e-18
30.606 1.41742e-18
30.666 1.42254e-18
30.726 1.42768e-18
30.786 1.43282e-18
30.846 1.43797e-18
30.906 1.44314e-18
30.966 1.44831e-18
31.026 1.45349e-18
31.086 1.45868e-18
31.146 1.46388e-18
31.206 1.46909e-18
31.266 1.47431e-18
31.326 1.47953e-18
31.386 1.48477e-18
31.446 1.49002e-18
31.506 1.49527e-18
31.566 1.50054e-18
31.626 1.50582e-18
31.686 1.5111e-18
31.746 1.51639e-18
31.806 1.5217e-18
31.866 1.52701e-18
31.926 1.53233e-18
31.986 1.53766e-18
32.046 1.543e-18
32.106 1.54835e-18
32.166 1.55371e-18
32.226 1.55908e-18
32.286 1.56446e-18
32.346 1.56985e-18
32.406 1.57525e-18
32.466 1.58065e-18
32.526 1.58607e-18
32.586 1.59149e-18
32.646 1.59693e-18
32.706 1.60237e-18
32.766 1.60783e-18
32.826 1.61329e-18
32.886 1.61876e-18
32.946 1.62424e-18
33.006 1.62973e-18
33.066 1.63524e-18
33.126 1.64075e-18
33.186 1.64626e-18
33.246 1.65179e-18
33.306 1.65733e-18
33.366 1.66288e-18
33.426 1.66844e-18
33.486 1.674e-18
33.546 1.67958e-18
33.606 1.68516e-18
33.666 1.69076e-18
33.726 1.69636e-18
33.786 1.70198e-18
33.846 1.7076e-18
33.906 1.71323e-18
33.966 1.71887e-18
34.026 1.72452e-18
34.086 1.73018e-18
34.146 1.73585e-18
34.206 1.74153e-18
34.266 1.74722e-18
34.326 1.75292e-18
34.386 1.75863e-18
34.446 1.76434e-18
34.506 1.77007e-18
34.566 1.7758e-18
34.626 1.78155e-18
34.686 1.7873e-18
34.746 1.79307e-18
34.806 1.79884e-18
34.866 1.80462e-18
34.926 1.81042e-18
34.986 1.81622e-18
35.046 1.82203e-18
35.106 1.82785e-18
35.166 1.83368e-18
35.226 1.83952e-18
35.286 1.84536e-18
35.346 1.85122e-18
35.406 1.85709e-18
35.466 1.86297e-18
35.526 1.86885e-18
35.586 1.87475e-18
35.646 1.88065e-18
35.706 1.88656e-18
35.766 1.89249e-18
35.826 1.89842e-18
35.886 1.90436e-18
35.946 1.91032e-18
36.006 1.91628e-18
36.066 1.92225e-18
36.126 1.92823e-18
36.186 1.93422e-18
36.246 1.94021e-18
36.306 1.94622e-18
36.366 1.95224e-18
36.426 1.95827e-18
36.486 1.9643e-18
36.546 1.97035e-18
36.606 1.9764e-18
36.666 1.98247e-18
36.726 1.98854e-18
36.786 1.99462e-18
36.846 2.00072e-18
36.906 2.00682e-18
36.966 2.01293e-18
37.026 2.01905e-18
37.086 2.02518e-18
37.146 2.03132e-18
37.206 2.03747e-18
37.266 2.04363e-18
37.326 2.04979e-18
37.386 2.05597e-18
37.446 2.06216e-18
37.506 2.06835e-18
37.566 2.07456e-18
37.626 2.08077e-18
37.686 2.087e-18
37.746 2.09323e-18
37.806 2.09947e-18
37.866 2.10573e-18
37.926 2.11199e-18
37.986 2.11826e-18
38.046 2.12454e-18
38.106 2.13083e-18
38.166 2.13713e-18
38.226 2.14344e-18
38.286 2.14975e-18
38.346 2.15608e-18
38.406 2.16242e-18
38.466 2.16877e-18
38.526 2.17512e-18
38.586 2.18149e-18
38.646 2.18786e-18
38.706 2.19424e-18
38.766 2.20064e-18
38.826 2.20704e-18
38.886 2.21345e-18
38.946 2.21987e-18
39.006 2.2263e-18
39.066 2.23274e-18
39.126 2.23919e-18
39.186 2.24565e-18
39.246 2.25212e-18
39.306 2.2586e-18
39.366 2.26508e-18
39.426 2.27158e-18
39.486 2.27809e-18
39.546 2.2846e-18
39.606 2.29113e-18
39.666 2.29766e-18
39.726 2.3042e-18
39.786 2.31076e-18
39.846 2.31732e-18
39.906 2.32389e-18
39.966 2.33047e-18
40.026 2.33706e-18
40.086 2.34366e-18
40.146 2.35027e-18
40.206 2.35689e-18
40.266 2.36352e-18
40.326 2.37015e-18
40.386 2.3768e-18
40.446 2.38345e-18
40.506 2.39012e-18
40.566 2.39679e-18
40.626 2.40348e-18
40.686 2.41017e-18
40.746 2.41688e-18
40.806 2.42359e-18
40.866 2.43031e-18
40.926 2.43704e-18
40.986 2.44378e-18
41.046 2.45053e-18
41.106 2.45729e-18
41.166 2.46406e-18
41.226 2.47084e-18
41.286 2.47762e-18
41.346 2.48442e-18
41.406 2.49123e-18
41.466 2.49804e-18
41.526 2.50487e-18
41.586 2.5117e-18
41.646 2.51855e-18
41.706 2.5254e-18
41.766 2.53226e-18
41.826 2.53913e-18
41.886 2.54602e-18
41.946 2.55291e-18
42.006 2.55981e-18
42.066 2.56672e-18
42.126 2.57363e-18
42.186 2.58056e-18
42.246 2.5875e-18
42.306 2.59445e-18
42.366 2.6014e-18
42.426 2.60837e-18
42.486 2.61534e-18
42.546 2.62233e-18
42.606 2.62932e-18
42.666 2.63633e-18
42.726 2.64334e-18
42.786 2.65036e-18
42.846 2.65739e-18
42.906 2.66443e-18
42.966 2.67148e-18
43.026 2.67854e-18
43.086 2.68561e-18
43.146 2.69269e-18
43.206 2.69978e-18
43.266 2.70688e-18
43.326 2.71398e-18
43.386 2.7211e-18
43.446 2.72822e-18
43.506 2.73536e-18
43.566 2.7425e-18
43.626 2.74966e-18
43.686 2.75682e-18
43.746 2.76399e-18
43.806 2.77117e-18
43.866 2.77837e-18
43.926 2.78557e-18
43.986 2.79278e-18
44.046 2.8e-18
44.106 2.80722e-18
44.166 2.81446e-18
44.226 2.82171e-18
44.286 2.82897e-18
44.346 2.83623e-18
44.406 2.84351e-18
44.466 2.85079e-18
44.526 2.85809e-18
44.586 2.86539e-18
44.646 2.8727e-18
44.706 2.88003e-18
44.766 2.88736e-18
44.826 2.8947e-18
44.886 2.90205e-18
44.946 2.90941e-18
45.006 2.91678e-18
45.066 2.92416e-18
45.126 2.93155e-18
45.186 2.93895e-18
45.246 2.94635e-18
45.306 2.95377e-18
45.366 2.96119e-18
45.426 2.96863e-18
45.486 2.97607e-18
45.546 2.98353e-18
45.606 2.99099e-18
45.666 2.99846e-18
45.726 3.00595e-18
45.786 3.01344e-18
45.846 3.02094e-18
45.906 3.02845e-18
45.966 3.03597e-18
46.026 3.0435e-18
46.086 3.05104e-18
46.146 3.05858e-18
46.206 3.06614e-18
46.266 3.07371e-18
46.326 3.08128e-18
46.386 3.08887e-18
46.446 3.09646e-18
46.506 3.10407e-18
46.566 3.11168e-18
46.626 3.1193e-18
46.686 3.12694e-18
46.746 3.13458e-18
46.806 3.14223e-18
46.866 3.14989e-18
46.926 3.15756e-18
46.986 3.16524e-18
47.046 3.17293e-18
47.106 3.18063e-18
47.166 3.18833e-18
47.226 3.19605e-18
47.286 3.20378e-18
47.346 3.21151e-18
47.406 3.21926e-18
47.466 3.22701e-18
47.526 3.23477e-18
47.586 3.24255e-18
47.646 3.25033e-18
47.706 3.25812e-18
47.766 3.26592e-18
47.826 3.27373e-18
47.886 3.28155e-18
47.946 3.28938e-18
48.006 3.29722e-18
48.066 3.30507e-18
48.126 3.31293e-18
48.186 3.32079e-18
48.246 3.32867e-18
48.306 3.33656e-18
48.366 3.34445e-18
48.426 3.35236e-18
48.486 3.36027e-18
48.546 3.36819e-18
48.606 3.37612e-18
48.666 3.38407e-18
48.726 3.39202e-18
48.786 3.39998e-18
48.846 3.40795e-18
48.906 3.41593e-18
48.966 3.42392e-18
49.026 3.43192e-18
49.086 3.43992e-18
49.146 3.44794e-18
49.206 3.45597e-18
49.266 3.464e-18
49.326 3.47205e-18
49.386 3.4801e-18
49.446 3.48817e-18
49.506 3.49624e-18
49.566 3.50432e-18
49.626 3.51242e-18
49.686 3.52052e-18
49.746 3.52863e-18
49.806 3.53675e-18
49.866 3.54488e-18
49.926 3.55302e-18
49.986 3.56117e-18
50.046 3.56932e-18
50.106 3.57749e-18
50.166 3.58567e-18
50.226 3.59385e-18
50.286 3.60205e-18
50.346 3.61025e-18
50.406 3.61847e-18
50.466 3.62669e-18
50.526 3.63492e-18
50.586 3.64317e-18
50.646 3.65142e-18
50.706 3.65968e-18
50.766 3.66795e-18
50.826 3.67623e-18
50.886 3.68452e-18
50.946 3.69282e-18
51.006 3.70113e-18
51.066 3.70944e-18
51.126 3.71777e-18
51.186 3.72611e-18
51.246 3.73445e-18
51.306 3.74281e-18
51.366 3.75117e-18
51.426 3.75954e-18
51.486 3.76793e-18
51.546 3.77632e-18
51.606 3.78472e-18
51.666 3.79313e-18
51.726 3.80155e-18
51.786 3.80998e-18
51.846 3.81842e-18
51.906 3.82687e-18
51.966 3.83533e-18
52.026 3.8438e-18
52.086 3.85227e-18
52.146 3.86076e-18
52.206 3.86926e-18
52.266 3.87776e-18
52.326 3.88628e-18
52.386 3.8948e-18
52.446 3.90333e-18
52.506 3.91187e-18
52.566 3.92043e-18
52.626 3.92899e-18
52.686 3.93756e-18
52.746 3.94614e-18
52.806 3.95473e-18
52.866 3.96333e-18
52.926 3.97194e-18
52.986 3.98055e-18
53.046 3.98918e-18
53.106 3.99782e-18
53.166 4.00646e-18
53.226 4.01512e-18
53.286 4.02378e-18
53.346 4.03246e-18
53.406 4.04114e-18
53.466 4.04983e-18
53.526 4.05853e-18
53.586 4.06725e-18
53.646 4.07597e-18
53.706 4.0847e-18
53.766 4.09344e-18
53.826 4.10219e-18
53.886 4.11094e-18
53.946 4.11971e-18
54.006 4.12849e-18
54.066 4.13728e-18
54.126 4.14607e-18
54.186 4.15488e-18
54.246 4.16369e-18
54.306 4.17252e-18
54.366 4.18135e-18
54.426 4.19019e-18
54.486 4.19905e-18
54.546 4.20791e-18
54.606 4.21678e-18
54.666 4.22566e-18
54.726 4.23455e-18
54.786 4.24345e-18
54.846 4.25236e-18
54.906 4.26127e-18
54.966 4.2702e-18
55.026 4.27914e-18
55.086 4.28808e-18
55.146 4.29704e-18
55.206 4.306e-18
55.266 4.31498e-18
55.326 4.32396e-18
55.386 4.33295e-18
55.446 4.34196e-18
55.506 4.35097e-18
55.566 4.35999e-18
55.626 4.36902e-18
55.686 4.37806e-18
55.746 4.38711e-18
55.806 4.39617e-18
55.866 4.40524e-18
55.926 4.41431e-18
55.986 4.4234e-18
56.046 4.4325e-18
56.106 4.4416e-18
56.166 4.45072e-18
56.226 4.45984e-18
56.286 4.46898e-18
56.346 4.47812e-18
56.406 4.48727e-18
56.466 4.49643e-18
56.526 4.5056e-18
56.586 4.51479e-18
56.646 4.52398e-18
56.706 4.53318e-18
56.766 4.54238e-18
56.826 4.5516e-18
56.886 4.56083e-18
56.946 4.57007e-18
57.006 4.57931e-18
57.066 4.58857e-18
57.126 4.59783e-18
57.186 4.60711e-18
57.246 4.61639e-18
57.306 4.62569e-18
57.366 4.63499e-18
57.426 4.6443e-18
57.486 4.65362e-18
57.546 4.66295e-18
57.606 4.67229e-18
57.666 4.68164e-18
57.726 4.691e-18
57.786 4.70037e-18
57.846 4.70975e-18
57.906 4.71913e-18
57.966 4.72853e-18
58.026 4.73794e-18
58.086 4.74735e-18
58.146 4.75678e-18
58.206 4.76621e-18
58.266 4.77565e-18
58.326 4.78511e-18
58.386 4.79457e-18
58.446 4.80404e-18
58.506 4.81352e-18
58.566 4.82301e-18
58.626 4.83251e-18
58.686 4.84202e-18
58.746 4.85154e-18
58.806 4.86107e-18
58.866 4.8706e-18
58.926 4.88015e-18
58.986 4.88971e-18
59.046 4.89927e-18
59.106 4.90885e-18
59.166 4.91843e-18
59.226 4.92802e-18
59.286 4.93763e-18
59.346 4.94724e-18
59.406 4.95686e-18
59.466 4.96649e-18
59.526 4.97613e-18
59.586 4.98578e-18
59.646 4.99544e-18
59.706 5.00511e-18
59.766 5.01479e-18
59.826 5.02448e-18
59.886 5.03417e-18
59.946 5.04388e-18

