0.006 5.20978e-05
0.066 0.00132033
0.126 0.00106348
0.186 0.000908402
0.246 0.000837721
0.306 0.000800976
0.366 0.000778326
0.426 0.000761467
0.486 0.000746615
0.546 0.000731968
0.606 0.000716678
0.666 0.00070039
0.726 0.000683008
0.786 0.000664582
0.846 0.000645237
0.906 0.000625132
0.966 0.000604442
1.026 0.000583339
1.086 0.00056199
1.146 0.000540545
1.206 0.000519141
1.266 0.000497898
1.326 0.000476917
1.386 0.000456289
1.446 0.000436085
1.506 0.000416366
1.566 0.00039718
1.626 0.000378564
1.686 0.000360545
1.746 0.000343143
1.806 0.000326371
1.866 0.000310234
1.926 0.000294733
1.986 0.000279866
2.046 0.000265625
2.106 0.000252
2.166 0.000238978
2.226 0.000226546
2.286 0.000214686
2.346 0.000203383
2.406 0.000192617
2.466 0.000182371
2.526 0.000172625
2.586 0.00016336
2.646 0.000154558
2.706 0.000146198
2.766 0.000138263
2.826 0.000130734
2.886 0.000123592
2.946 0.000116821
3.006 0.000110404
3.066 0.000104322
3.126 9.85617e-05
3.186 9.31062e-05
3.246 8.79409e-05
3.306 8.30515e-05
3.366 7.84243e-05
3.426 7.4046e-05
3.486 6.99041e-05
3.546 6.59865e-05
3.606 6.22816e-05
3.666 5.87786e-05
3.726 5.54667e-05
3.786 5.23362e-05
3.846 4.93774e-05
3.906 4.65812e-05
3.966 4.39391e-05
4.026 4.14429e-05
4.086 3.90847e-05
4.146 3.68571e-05
4.206 3.47532e-05
4.266 3.27662e-05
4.326 3.08899e-05
4.386 2.91182e-05
4.446 2.74454e-05
4.506 2.58661e-05
4.566 2.43753e-05
4.626 2.29681e-05
4.686 2.16399e-05
4.746 2.03863e-05
4.806 1.92033e-05
4.866 1.80869e-05
4.926 1.70335e-05
4.986 1.60396e-05
5.046 1.51019e-05
5.106 1.42172e-05
5.166 1.33826e-05
5.226 1.25954e-05
5.286 1.18529e-05
5.346 1.11526e-05
5.406 1.0492e-05
5.466 9.86915e-06
5.526 9.28176e-06
5.586 8.72788e-06
5.646 8.20563e-06
5.706 7.71323e-06
5.766 7.24901e-06
5.826 6.81139e-06
5.886 6.39885e-06
5.946 6.01e-06
6.006 5.64349e-06
6.066 5.29807e-06
6.126 4.97253e-06
6.186 4.66577e-06
6.246 4.37672e-06
6.306 4.10437e-06
6.366 3.84778e-06
6.426 3.60607e-06
6.486 3.37838e-06
6.546 3.16393e-06
6.606 2.96196e-06
6.666 2.77177e-06
6.726 2.5927e-06
6.786 2.4241e-06
6.846 2.2654e-06
6.906 2.11603e-06
6.966 1.97546e-06
7.026 1.84321e-06
7.086 1.71879e-06
7.146 1.60177e-06
7.206 1.49173e-06
7.266 1.38829e-06
7.326 1.29106e-06
7.386 1.19972e-06
7.446 1.11392e-06
7.506 1.03337e-06
7.566 9.57765e-07
7.626 8.86845e-07
7.686 8.20351e-07
7.746 7.58042e-07
7.806 6.99693e-07
7.866 6.45093e-07
7.926 5.94043e-07
7.986 5.46358e-07
8.046 5.01864e-07
8.106 4.60397e-07
8.166 4.21806e-07
8.226 3.85949e-07
8.286 3.52693e-07
8.346 3.21915e-07
8.406 2.93501e-07
8.466 2.67345e-07
8.526 2.4335e-07
8.586 2.21424e-07
8.646 2.01485e-07
8.706 1.83457e-07
8.766 1.67271e-07
8.826 1.52864e-07
8.886 1.40181e-07
8.946 1.29172e-07
9.006 1.19792e-07
9.066 1.12004e-07
9.126 1.05775e-07
9.186 1.01078e-07
9.246 9.7891e-08
9.306 2.4746e-17
9.366 2.50447e-17
9.426 2.53453e-17
9.486 2.56476e-17
9.546 2.59518e-17
9.606 2.62577e-17
9.666 2.65655e-17
9.726 2.68751e-17
9.786 2.71865e-17
9.846 2.74998e-17
9.906 2.78148e-17
9.966 2.81317e-17
10.026 2.84503e-17
10.086 2.87708e-17
10.146 2.90931e-17
10.206 2.94172e-17
10.266 2.97431e-17
10.326 3.00708e-17
10.386 3.04004e-17
10.446 3.07317e-17
10.506 3.10649e-17
10.566 3.13999e-17
10.626 3.17367e-17
10.686 3.20753e-17
10.746 3.24157e-17
10.806 3.27579e-17
10.866 3.3102e-17
10.926 3.34478e-17
10.986 3.37955e-17
11.046 3.4145e-17
11.106 3.44963e-17
11.166 3.48494e-17
11.226 3.52043e-17
11.286 3.5561e-17
11.346 3.59195e-17
11.406 3.62799e-17
11.466 3.6642e-17
11.526 3.7006e-17
11.586 3.73718e-17
11.646 3.77394e-17
11.706 3.81088e-17
11.766 3.848e-17
11.826 3.88531e-17
11.886 3.92279e-17
11.946 3.96046e-17
12.006 3.99831e-17
12.066 4.03633e-17
12.126 4.07454e-17
12.186 4.11293e-17
12.246 4.1515e-17
12.306 4.19026e-17
12.366 4.22919e-17
12.426 4.26831e-17
12.486 4.3076e-17
12.546 4.34708e-17
12.606 4.38674e-17
12.666 4.42658e-17
12.726 4.4666e-17
12.786 4.5068e-17
12.846 4.54719e-17
12.906 4.58775e-17
12.966 4.6285e-17
13.026 4.66942e-17
13.086 4.71053e-17
13.146 4.75182e-17
13.206 4.79329e-17
13.266 4.83494e-17
13.326 4.87677e-17
13.386 4.91879e-17
13.446 4.96098e-17
13.506 5.00336e-17
13.566 5.04592e-17
13.626 5.08865e-17
13.686 5.13157e-17
13.746 5.17467e-17
13.806 5.21796e-17
13.866 5.26142e-17
13.926 5.30506e-17
13.986 5.34889e-17
14.046 5.39289e-17
14.106 5.43708e-17
14.166 5.48145e-17
14.226 5.526e-17
14.286 5.57073e-17
14.346 5.61564e-17
14.406 5.66074e-17
14.466 5.70601e-17
14.526 5.75146e-17
14.586 5.7971e-17
14.646 5.84292e-17
14.706 5.88892e-17
14.766 5.9351e-17
14.826 5.98146e-17
14.886 6.028e-17
14.946 6.07472e-17
15.006 6.12163e-17
15.066 6.16871e-17
15.126 6.21598e-17
15.186 6.26343e-17
15.246 6.31106e-17
15.306 6.35886e-17
15.366 6.40686e-17
15.426 6.45503e-17
15.486 6.50338e-17
15.546 6.55192e-17
15.606 6.60063e-17
15.666 6.64953e-17
15.726 6.6986e-17
15.786 6.74786e-17
15.846 6.7973e-17
15.906 6.84692e-17
15.966 6.89673e-17
16.026 6.94671e-17
16.086 6.99687e-17
16.146 7.04722e-17
16.206 7.09774e-17
16.266 7.14845e-17
16.326 7.19934e-17
16.386 7.25041e-17
16.446 7.30166e-17
16.506 7.35309e-17
16.566 7.40471e-17
16.626 7.4565e-17
16.686 7.50848e-17
16.746 7.56063e-17
16.806 7.61297e-17
16.866 7.66549e-17
16.926 7.71819e-17
16.986 7.77107e-17
17.046 7.82413e-17
17.106 7.87737e-17
17.166 7.9308e-17
17.226 7.9844e-17
17.286 8.03819e-17
17.346 8.09216e-17
17.406 8.1463e-17
17.466 8.20063e-17
17.526 8.25514e-17
17.586 8.30984e-17
17.646 8.36471e-17
17.706 8.41976e-17
17.766 8.475e-17
17.826 8.53041e-17
17.886 8.58601e-17
17.946 8.64179e-17
18.006 8.69775e-17
18.066 8.75389e-17
18.126 8.81021e-17
18.186 8.86671e-17
18.246 8.9234e-17
18.306 8.98026e-17
18.366 9.03731e-17
18.426 9.09453e-17
18.486 9.15194e-17
18.546 9.20953e-17
18.606 9.2673e-17
18.666 9.32525e-17
18.726 9.38339e-17
18.786 9.4417e-17
18.846 9.50019e-17
18.906 9.55887e-17
18.966 9.61773e-17
19.026 9.67676e-17
19.086 9.73598e-17
19.146 9.79538e-17
19.206 9.85496e-17
19.266 9.91473e-17
19.326 9.97467e-17
19.386 1.00348e-16
19.446 1.00951e-16
19.506 1.01556e-16
19.566 1.02163e-16
19.626 1.02771e-16
19.686 1.03381e-16
19.746 1.03993e-16
19.806 1.04607e-16
19.866 1.05223e-16
19.926 1.05841e-16
19.986 1.0646e-16
20.046 1.07081e-16
20.106 1.07704e-16
20.166 1.08329e-16
20.226 1.08955e-16
20.286 1.09584e-16
20.346 1.10214e-16
20.406 1.10846e-16
20.466 1.1148e-16
20.526 1.12116e-16
20.586 1.12753e-16
20.646 1.13392e-16
20.706 1.14033e-16
20.766 1.14676e-16
20.826 1.15321e-16
20.886 1.15968e-16
20.946 1.16616e-16
21.006 1.17266e-16
21.066 1.17918e-16
21.126 1.18572e-16
21.186 1.19227e-16
21.246 1.19885e-16
21.306 1.20544e-16
21.366 1.21205e-16
21.426 1.21868e-16
21.486 1.22532e-16
21.546 1.23199e-16
21.606 1.23867e-16
21.666 1.24537e-16
21.726 1.25209e-16
21.786 1.25883e-16
21.846 1.26558e-16
21.906 1.27235e-16
21.966 1.27914e-16
22.026 1.28595e-16
22.086 1.29278e-16
22.146 1.29963e-16
22.206 1.30649e-16
22.266 1.31337e-16
22.326 1.32027e-16
22.386 1.32719e-16
22.446 1.33412e-16
22.506 1.34108e-16
22.566 1.34805e-16
22.626 1.35504e-16
22.686 1.36205e-16
22.746 1.36908e-16
22.806 1.37612e-16
22.866 1.38318e-16
22.926 1.39026e-16
22.986 1.39736e-16
23.046 1.40448e-16
23.106 1.41161e-16
23.166 1.41877e-16
23.226 1.42594e-16
23.286 1.43313e-16
23.346 1.44034e-16
23.406 1.44756e-16
23.466 1.45481e-16
23.526 1.46207e-16
23.586 1.46935e-16
23.646 1.47665e-16
23.706 1.48396e-16
23.766 1.4913e-16
23.826 1.49865e-16
23.886 1.50602e-16
23.946 1.51341e-16
24.006 1.52081e-16
24.066 1.52824e-16
24.126 1.53568e-16
24.186 1.54314e-16
24.246 1.55062e-16
24.306 1.55812e-16
24.366 1.56563e-16
24.426 1.57317e-16
24.486 1.58072e-16
24.546 1.58829e-16
24.606 1.59588e-16
24.666 1.60348e-16
24.726 1.61111e-16
24.786 1.61875e-16
24.846 1.62641e-16
24.906 1.63409e-16
24.966 1.64178e-16
25.026 1.6495e-16
25.086 1.65723e-16
25.146 1.66498e-16
25.206 1.67275e-16
25.266 1.68054e-16
25.326 1.68834e-16
25.386 1.69617e-16
25.446 1.70401e-16
25.506 1.71187e-16
25.566 1.71974e-16
25.626 1.72764e-16
25.686 1.73555e-16
25.746 1.74349e-16
25.806 1.75144e-16
25.866 1.7594e-16
25.926 1.76739e-16
25.986 1.77539e-16
26.046 1.78342e-16
26.106 1.79146e-16
26.166 1.79951e-16
26.226 1.80759e-16
26.286 1.81569e-16
26.346 1.8238e-16
26.406 1.83193e-16
26.466 1.84008e-16
26.526 1.84825e-16
26.586 1.85643e-16
26.646 1.86464e-16
26.706 1.87286e-16
26.766 1.8811e-16
26.826 1.88935e-16
26.886 1.89763e-16
26.946 1.90592e-16
27.006 1.91424e-16
27.066 1.92257e-16
27.126 1.93091e-16
27.186 1.93928e-16
27.246 1.94766e-16
27.306 1.95607e-16
27.366 1.96449e-16
27.426 1.97293e-16
27.486 1.98138e-16
27.546 1.98986e-16
27.606 1.99835e-16
27.666 2.00686e-16
27.726 2.01539e-16
27.786 2.02394e-16
27.846 2.03251e-16
27.906 2.04109e-16
27.966 2.04969e-16
28.026 2.05831e-16
28.086 2.06695e-16
28.146 2.0756e-16
28.206 2.08428e-16
28.266 2.09297e-16
28.326 2.10168e-16
28.386 2.11041e-16
28.446 2.11916e-16
28.506 2.12792e-16
28.566 2.1367e-16
28.626 2.14551e-16
28.686 2.15432e-16
28.746 2.16316e-16
28.806 2.17202e-16
28.866 2.18089e-16
28.926 2.18978e-16
28.986 2.19869e-16
29.046 2.20762e-16
29.106 2.21656e-16
29.166 2.22553e-16
29.226 2.23451e-16
29.286 2.24351e-16
29.346 2.25253e-16
29.406 2.26156e-16
29.466 2.27062e-16
29.526 2.27969e-16
29.586 2.28878e-16
29.646 2.29789e-16
29.706 2.30702e-16
29.766 2.31616e-16
29.826 2.32533e-16
29.886 2.33451e-16
29.946 2.34371e-16
30.006 2.35292e-16
30.066 2.36216e-16
30.126 2.37141e-16
30.186 2.38068e-16
30.246 2.38997e-16
30.306 2.39928e-16
30.366 2.40861e-16
30.426 2.41795e-16
30.486 2.42731e-16
30.546 2.43669e-16
30.606 2.44609e-16
30.666 2.45551e-16
30.726 2.46494e-16
30.786 2.4744e-16
30.846 2.48387e-16
30.906 2.49336e-16
30.966 2.50286e-16
31.026 2.51239e-16
31.086 2.52193e-16
31.146 2.53149e-16
31.206 2.54107e-16
31.266 2.55067e-16
31.326 2.56029e-16
31.386 2.56992e-16
31.446 2.57957e-16
31.506 2.58924e-16
31.566 2.59893e-16
31.626 2.60864e-16
31.686 2.61836e-16
31.746 2.6281e-16
31.806 2.63786e-16
31.866 2.64764e-16
31.926 2.65744e-16
31.986 2.66725e-16
32.046 2.67709e-16
32.106 2.68694e-16
32.166 2.69681e-16
32.226 2.70669e-16
32.286 2.7166e-16
32.346 2.72652e-16
32.406 2.73647e-16
32.466 2.74643e-16
32.526 2.7564e-16
32.586 2.7664e-16
32.646 2.77641e-16
32.706 2.78645e-16
32.766 2.7965e-16
32.826 2.80656e-16
32.886 2.81665e-16
32.946 2.82675e-16
33.006 2.83688e-16
33.066 2.84702e-16
33.126 2.85718e-16
33.186 2.86735e-16
33.246 2.87755e-16
33.306 2.88776e-16
33.366 2.89799e-16
33.426 2.90824e-16
33.486 2.91851e-16
33.546 2.9288e-16
33.606 2.9391e-16
33.666 2.94942e-16
33.726 2.95976e-16
33.786 2.97012e-16
33.846 2.9805e-16
33.906 2.99089e-16
33.966 3.0013e-16
34.026 3.01173e-16
34.086 3.02218e-16
34.146 3.03265e-16
34.206 3.04313e-16
34.266 3.05364e-16
34.326 3.06416e-16
34.386 3.0747e-16
34.446 3.08525e-16
34.506 3.09583e-16
34.566 3.10642e-16
34.626 3.11703e-16
34.686 3.12766e-16
34.746 3.13831e-16
34.806 3.14898e-16
34.866 3.15966e-16
34.926 3.17036e-16
34.986 3.18108e-16
35.046 3.19182e-16
35.106 3.20258e-16
35.166 3.21335e-16
35.226 3.22414e-16
35.286 3.23496e-16
35.346 3.24578e-16
35.406 3.25663e-16
35.466 3.2675e-16
35.526 3.27838e-16
35.586 3.28928e-16
35.646 3.3002e-16
35.706 3.31114e-16
35.766 3.32209e-16
35.826 3.33307e-16
35.886 3.34406e-16
35.946 3.35507e-16
36.006 3.3661e-16
36.066 3.37714e-16
36.126 3.38821e-16
36.186 3.39929e-16
36.246 3.41039e-16
36.306 3.42151e-16
36.366 3.43264e-16
36.426 3.4438e-16
36.486 3.45497e-16
36.546 3.46616e-16
36.606 3.47737e-16
36.666 3.4886e-16
36.726 3.49984e-16
36.786 3.51111e-16
36.846 3.52239e-16
36.906 3.53369e-16
36.966 3.54501e-16
37.026 3.55634e-16
37.086 3.5677e-16
37.146 3.57907e-16
37.206 3.59046e-16
37.266 3.60187e-16
37.326 3.61329e-16
37.386 3.62474e-16
37.446 3.6362e-16
37.506 3.64768e-16
37.566 3.65918e-16
37.626 3.6707e-16
37.686 3.68223e-16
37.746 3.69378e-16
37.806 3.70535e-16
37.866 3.71694e-16
37.926 3.72855e-16
37.986 3.74018e-16
38.046 3.75182e-16
38.106 3.76348e-16
38.166 3.77516e-16
38.226 3.78686e-16
38.286 3.79858e-16
38.346 3.81031e-16
38.406 3.82206e-16
38.466 3.83383e-16
38.526 3.84562e-16
38.586 3.85743e-16
38.646 3.86925e-16
38.706 3.88109e-16
38.766 3.89296e-16
38.826 3.90483e-16
38.886 3.91673e-16
38.946 3.92865e-16
39.006 3.94058e-16
39.066 3.95253e-16
39.126 3.9645e-16
39.186 3.97649e-16
39.246 3.98849e-16
39.306 4.00052e-16
39.366 4.01256e-16
39.426 4.02462e-16
39.486 4.0367e-16
39.546 4.04879e-16
39.606 4.06091e-16
39.666 4.07304e-16
39.726 4.08519e-16
39.786 4.09736e-16
39.846 4.10955e-16
39.906 4.12175e-16
39.966 4.13397e-16
40.026 4.14622e-16
40.086 4.15848e-16
40.146 4.17075e-16
40.206 4.18305e-16
40.266 4.19536e-16
40.326 4.20769e-16
40.386 4.22004e-16
40.446 4.23241e-16
40.506 4.2448e-16
40.566 4.2572e-16
40.626 4.26962e-16
40.686 4.28206e-16
40.746 4.29452e-16
40.806 4.307e-16
40.866 4.31949e-16
40.926 4.332e-16
40.986 4.34454e-16
41.046 4.35708e-16
41.106 4.36965e-16
41.166 4.38224e-16
41.226 4.39484e-16
41.286 4.40746e-16
41.346 4.4201e-16
41.406 4.43276e-16
41.466 4.44543e-16
41.526 4.45813e-16
41.586 4.47084e-16
41.646 4.48357e-16
41.706 4.49632e-16
41.766 4.50908e-16
41.826 4.52187e-16
41.886 4.53467e-16
41.946 4.54749e-16
42.006 4.56033e-16
42.066 4.57319e-16
42.126 4.58606e-16
42.186 4.59895e-16
42.246 4.61186e-16
42.306 4.62479e-16
42.366 4.63774e-16
42.426 4.65071e-16
42.486 4.66369e-16
42.546 4.67669e-16
42.606 4.68971e-16
42.666 4.70275e-16
42.726 4.7158e-16
42.786 4.72888e-16
42.846 4.74197e-16
42.906 4.75508e-16
42.966 4.76821e-16
43.026 4.78135e-16
43.086 4.79452e-16
43.146 4.8077e-16
43.206 4.8209e-16
43.266 4.83412e-16
43.326 4.84736e-16
43.386 4.86061e-16
43.446 4.87389e-16
43.506 4.88718e-16
43.566 4.90049e-16
43.626 4.91381e-16
43.686 4.92716e-16
43.746 4.94052e-16
43.806 4.9539e-16
43.866 4.9673e-16
43.926 4.98072e-16
43.986 4.99416e-16
44.046 5.00761e-16
44.106 5.02109e-16
44.166 5.03458e-16
44.226 5.04808e-16
44.286 5.06161e-16
44.346 5.07516e-16
44.406 5.08872e-16
44.466 5.1023e-16
44.526 5.1159e-16
44.586 5.12952e-16
44.646 5.14315e-16
44.706 5.1568e-16
44.766 5.17048e-16
44.826 5.18416e-16
44.886 5.19787e-16
44.946 5.2116e-16
45.006 5.22534e-16
45.066 5.2391e-16
45.126 5.25288e-16
45.186 5.26668e-16
45.246 5.2805e-16
45.306 5.29433e-16
45.366 5.30819e-16
45.426 5.32206e-16
45.486 5.33594e-16
45.546 5.34985e-16
45.606 5.36378e-16
45.666 5.37772e-16
45.726 5.39168e-16
45.786 5.40566e-16
45.846 5.41966e-16
45.906 5.43367e-16
45.966 5.44771e-16
46.026 5.46176e-16
46.086 5.47583e-16
46.146 5.48992e-16
46.206 5.50402e-16
46.266 5.51815e-16
46.326 5.53229e-16
46.386 5.54645e-16
46.446 5.56063e-16
46.506 5.57482e-16
46.566 5.58904e-16
46.626 5.60327e-16
46.686 5.61752e-16
46.746 5.63179e-16
46.806 5.64608e-16
46.866 5.66038e-16
46.926 5.6747e-16
46.986 5.68905e-16
47.046 5.70341e-16
47.106 5.71778e-16
47.166 5.73218e-16
47.226 5.74659e-16
47.286 5.76102e-16
47.346 5.77547e-16
47.406 5.78994e-16
47.466 5.80443e-16
47.526 5.81893e-16
47.586 5.83346e-16
47.646 5.848e-16
47.706 5.86255e-16
47.766 5.87713e-16
47.826 5.89173e-16
47.886 5.90634e-16
47.946 5.92097e-16
48.006 5.93562e-16
48.066 5.95029e-16
48.126 5.96497e-16
48.186 5.97968e-16
48.246 5.9944e-16
48.306 6.00914e-16
48.366 6.02389e-16
48.426 6.03867e-16
48.486 6.05346e-16
48.546 6.06828e-16
48.606 6.08311e-16
48.666 6.09795e-16
48.726 6.11282e-16
48.786 6.12771e-16
48.846 6.14261e-16
48.906 6.15753e-16
48.966 6.17247e-16
49.026 6.18742e-16
49.086 6.2024e-16
49.146 6.21739e-16
49.206 6.2324e-16
49.266 6.24743e-16
49.326 6.26248e-16
49.386 6.27755e-16
49.446 6.29263e-16
49.506 6.30773e-16
49.566 6.32285e-16
49.626 6.33799e-16
49.686 6.35315e-16
49.746 6.36832e-16
49.806 6.38351e-16
49.866 6.39872e-16
49.926 6.41395e-16
49.986 6.4292e-16
50.046 6.44446e-16
50.106 6.45975e-16
50.166 6.47505e-16
50.226 6.49037e-16
50.286 6.5057e-16
50.346 6.52106e-16
50.406 6.53643e-16
50.466 6.55182e-16
50.526 6.56723e-16
50.586 6.58266e-16
50.646 6.59811e-16
50.706 6.61357e-16
50.766 6.62905e-16
50.826 6.64455e-16
50.886 6.66007e-16
50.946 6.67561e-16
51.006 6.69116e-16
51.066 6.70673e-16
51.126 6.72232e-16
51.186 6.73793e-16
51.246 6.75356e-16
51.306 6.7692e-16
51.366 6.78487e-16
51.426 6.80055e-16
51.486 6.81625e-16
51.546 6.83197e-16
51.606 6.8477e-16
51.666 6.86345e-16
51.726 6.87923e-16
51.786 6.89502e-16
51.846 6.91082e-16
51.906 6.92665e-16
51.966 6.94249e-16
52.026 6.95836e-16
52.086 6.97424e-16
52.146 6.99014e-16
52.206 7.00605e-16
52.266 7.02199e-16
52.326 7.03794e-16
52.386 7.05391e-16
52.446 7.0699e-16
52.506 7.08591e-16
52.566 7.10193e-16
52.626 7.11797e-16
52.686 7.13404e-16
52.746 7.15012e-16
52.806 7.16621e-16
52.866 7.18233e-16
52.926 7.19846e-16
52.986 7.21461e-16
53.046 7.23078e-16
53.106 7.24697e-16
53.166 7.26318e-16
53.226 7.2794e-16
53.286 7.29565e-16
53.346 7.31191e-16
53.406 7.32818e-16
53.466 7.34448e-16
53.526 7.3608e-16
53.586 7.37713e-16
53.646 7.39348e-16
53.706 7.40985e-16
53.766 7.42624e-16
53.826 7.44264e-16
53.886 7.45907e-16
53.946 7.47551e-16
54.006 7.49197e-16
54.066 7.50844e-16
54.126 7.52494e-16
54.186 7.54145e-16
54.246 7.55799e-16
54.306 7.57454e-16
54.366 7.59111e-16
54.426 7.60769e-16
54.486 7.6243e-16
54.546 7.64092e-16
54.606 7.65756e-16
54.666 7.67422e-16
54.726 7.6909e-16
54.786 7.70759e-16
54.846 7.7243e-16
54.906 7.74104e-16
54.966 7.75778e-16
55.026 7.77455e-16
55.086 7.79134e-16
55.146 7.80814e-16
55.206 7.82496e-16
55.266 7.8418e-16
55.326 7.85866e-16
55.386 7.87554e-16
55.446 7.89243e-16
55.506 7.90934e-16
55.566 7.92627e-16
55.626 7.94322e-16
55.686 7.96019e-16
55.746 7.97717e-16
55.806 7.99418e-16
55.866 8.0112e-16
55.926 8.02824e-16
55.986 8.04529e-16
56.046 8.06237e-16
56.106 8.07946e-16
56.166 8.09657e-16
56.226 8.1137e-16
56.286 8.13085e-16
56.346 8.14802e-16
56.406 8.1652e-16
56.466 8.1824e-16
56.526 8.19962e-16
56.586 8.21686e-16
56.646 8.23412e-16
56.706 8.25139e-16
56.766 8.26869e-16
56.826 8.286e-16
56.886 8.30333e-16
56.946 8.32067e-16
57.006 8.33804e-16
57.066 8.35542e-16
57.126 8.37282e-16
57.186 8.39024e-16
57.246 8.40768e-16
57.306 8.42513e-16
57.366 8.44261e-16
57.426 8.4601e-16
57.486 8.47761e-16
57.546 8.49514e-16
57.606 8.51268e-16
57.666 8.53025e-16
57.726 8.54783e-16
57.786 8.56543e-16
57.846 8.58305e-16
57.906 8.60068e-16
57.966 8.61834e-16
58.026 8.63601e-16
58.086 8.6537e-16
58.146 8.67141e-16
58.206 8.68914e-16
58.266 8.70688e-16
58.326 8.72465e-16
58.386 8.74243e-16
58.446 8.76023e-16
58.506 8.77805e-16
58.566 8.79588e-16
58.626 8.81374e-16
58.686 8.83161e-16
58.746 8.8495e-16
58.806 8.86741e-16
58.866 8.88533e-16
58.926 8.90328e-16
58.986 8.92124e-16
59.046 8.93922e-16
59.106 8.95722e-16
59.166 8.97524e-16
59.226 8.99327e-16
59.286 9.01132e-16
59.346 9.02939e-16
59.406 9.04748e-16
59.466 9.06559e-16
59.526 9.08372e-16
59.586 9.10186e-16
59.646 9.12002e-16
59.706 9.1382e-16
59.766 9.1564e-16
59.826 9.17461e-16
59.886 9.19285e-16
59.946 9.2111e-16

