0.006 4.49932e-06
0.066 0.000441698
0.126 0.00100859
0.186 0.00125272
0.246 0.00126249
0.306 0.00118444
0.366 0.00108834
0.426 0.000997509
0.486 0.00091741
0.546 0.000847841
0.606 0.000787194
0.666 0.00073379
0.726 0.000686216
0.786 0.000643369
0.846 0.000604407
0.906 0.000568689
0.966 0.000535726
1.026 0.000505142
1.086 0.000476643
1.146 0.000449996
1.206 0.000425013
1.266 0.00040154
1.326 0.00037945
1.386 0.000358634
1.446 0.000338998
1.506 0.000320462
1.566 0.000302952
1.626 0.000286406
1.686 0.000270764
1.746 0.000255972
1.806 0.000241984
1.866 0.000228752
1.926 0.000216236
1.986 0.000204395
2.046 0.000193194
2.106 0.000182597
2.166 0.000172572
2.226 0.000163089
2.286 0.000154118
2.346 0.000145633
2.406 0.000137607
2.466 0.000130016
2.526 0.000122837
2.586 0.000116048
2.646 0.000109627
2.706 0.000103556
2.766 9.78163e-05
2.826 9.23891e-05
2.886 8.72582e-05
2.946 8.24076e-05
3.006 7.78223e-05
3.066 7.34881e-05
3.126 6.93914e-05
3.186 6.55195e-05
3.246 6.18601e-05
3.306 5.84019e-05
3.366 5.51339e-05
3.426 5.20459e-05
3.486 4.9128e-05
3.546 4.6371e-05
3.606 4.37663e-05
3.666 4.13054e-05
3.726 3.89806e-05
3.786 3.67844e-05
3.846 3.47099e-05
3.906 3.27504e-05
3.966 3.08995e-05
4.026 2.91514e-05
4.086 2.75004e-05
4.146 2.59412e-05
4.206 2.44687e-05
4.266 2.30782e-05
4.326 2.17652e-05
4.386 2.05254e-05
4.446 1.93547e-05
4.506 1.82494e-05
4.566 1.72059e-05
4.626 1.62207e-05
4.686 1.52907e-05
4.746 1.44127e-05
4.806 1.35839e-05
4.866 1.28015e-05
4.926 1.20631e-05
4.986 1.13661e-05
5.046 1.07083e-05
5.106 1.00875e-05
5.166 9.50155e-06
5.226 8.94862e-06
5.286 8.42685e-06
5.346 7.93449e-06
5.406 7.4699e-06
5.466 7.03155e-06
5.526 6.61796e-06
5.586 6.22776e-06
5.646 5.85963e-06
5.706 5.51235e-06
5.766 5.18474e-06
5.826 4.87572e-06
5.886 4.58424e-06
5.946 4.30931e-06
6.006 4.05002e-06
6.066 3.80548e-06
6.126 3.57487e-06
6.186 3.3574e-06
6.246 3.15235e-06
6.306 2.95901e-06
6.366 2.77673e-06
6.426 2.60489e-06
6.486 2.4429e-06
6.546 2.29021e-06
6.606 2.1463e-06
6.666 2.01067e-06
6.726 1.88287e-06
6.786 1.76245e-06
6.846 1.64899e-06
6.906 1.54212e-06
6.966 1.44146e-06
7.026 1.34666e-06
7.086 1.2574e-06
7.146 1.17337e-06
7.206 1.09428e-06
7.266 1.01985e-06
7.326 9.4983e-07
7.386 8.83969e-07
7.446 8.22041e-07
7.506 7.63829e-07
7.566 7.09131e-07
7.626 6.57755e-07
7.686 6.09521e-07
7.746 5.64261e-07
7.806 5.21814e-07
7.866 4.82031e-07
7.926 4.44773e-07
7.986 4.09906e-07
8.046 3.77309e-07
8.106 3.46865e-07
8.166 3.18465e-07
8.226 2.9201e-07
8.286 2.67403e-07
8.346 2.44557e-07
8.406 2.2339e-07
8.466 2.03825e-07
8.526 1.85792e-07
8.586 1.69225e-07
8.646 1.54064e-07
8.706 1.40253e-07
8.766 1.27741e-07
8.826 1.16483e-07
8.886 1.06436e-07
8.946 9.75617e-08
9.006 8.98273e-08
9.066 8.32027e-08
9.126 7.76623e-08
9.186 7.31837e-08
9.246 6.97487e-08
9.306 6.73425e-08
9.366 1.56153e-17
9.426 1.58041e-17
9.486 1.5994e-17
9.546 1.61851e-17
9.606 1.63774e-17
9.666 1.65708e-17
9.726 1.67653e-17
9.786 1.6961e-17
9.846 1.71578e-17
9.906 1.73558e-17
9.966 1.75549e-17
10.026 1.77552e-17
10.086 1.79566e-17
10.146 1.81591e-17
10.206 1.83628e-17
10.266 1.85677e-17
10.326 1.87737e-17
10.386 1.89808e-17
10.446 1.91891e-17
10.506 1.93985e-17
10.566 1.96091e-17
10.626 1.98208e-17
10.686 2.00336e-17
10.746 2.02476e-17
10.806 2.04628e-17
10.866 2.06791e-17
10.926 2.08965e-17
10.986 2.11151e-17
11.046 2.13348e-17
11.106 2.15556e-17
11.166 2.17777e-17
11.226 2.20008e-17
11.286 2.22251e-17
11.346 2.24506e-17
11.406 2.26771e-17
11.466 2.29049e-17
11.526 2.31338e-17
11.586 2.33638e-17
11.646 2.35949e-17
11.706 2.38273e-17
11.766 2.40607e-17
11.826 2.42953e-17
11.886 2.45311e-17
11.946 2.47679e-17
12.006 2.5006e-17
12.066 2.52452e-17
12.126 2.54855e-17
12.186 2.57269e-17
12.246 2.59695e-17
12.306 2.62133e-17
12.366 2.64582e-17
12.426 2.67042e-17
12.486 2.69514e-17
12.546 2.71998e-17
12.606 2.74492e-17
12.666 2.76999e-17
12.726 2.79516e-17
12.786 2.82045e-17
12.846 2.84586e-17
12.906 2.87138e-17
12.966 2.89701e-17
13.026 2.92276e-17
13.086 2.94862e-17
13.146 2.9746e-17
13.206 3.00069e-17
13.266 3.0269e-17
13.326 3.05322e-17
13.386 3.07966e-17
13.446 3.1062e-17
13.506 3.13287e-17
13.566 3.15965e-17
13.626 3.18654e-17
13.686 3.21355e-17
13.746 3.24067e-17
13.806 3.2679e-17
13.866 3.29526e-17
13.926 3.32272e-17
13.986 3.3503e-17
14.046 3.37799e-17
14.106 3.4058e-17
14.166 3.43372e-17
14.226 3.46176e-17
14.286 3.48991e-17
14.346 3.51818e-17
14.406 3.54656e-17
14.466 3.57505e-17
14.526 3.60366e-17
14.586 3.63238e-17
14.646 3.66122e-17
14.706 3.69018e-17
14.766 3.71924e-17
14.826 3.74842e-17
14.886 3.77772e-17
14.946 3.80713e-17
15.006 3.83665e-17
15.066 3.86629e-17
15.126 3.89604e-17
15.186 3.92591e-17
15.246 3.95589e-17
15.306 3.98599e-17
15.366 4.0162e-17
15.426 4.04653e-17
15.486 4.07697e-17
15.546 4.10752e-17
15.606 4.13819e-17
15.666 4.16897e-17
15.726 4.19987e-17
15.786 4.23088e-17
15.846 4.262e-17
15.906 4.29324e-17
15.966 4.3246e-17
16.026 4.35607e-17
16.086 4.38765e-17
16.146 4.41935e-17
16.206 4.45116e-17
16.266 4.48309e-17
16.326 4.51513e-17
16.386 4.54729e-17
16.446 4.57956e-17
16.506 4.61194e-17
16.566 4.64444e-17
16.626 4.67705e-17
16.686 4.70978e-17
16.746 4.74262e-17
16.806 4.77558e-17
16.866 4.80865e-17
16.926 4.84183e-17
16.986 4.87513e-17
17.046 4.90855e-17
17.106 4.94208e-17
17.166 4.97572e-17
17.226 5.00948e-17
17.286 5.04335e-17
17.346 5.07733e-17
17.406 5.11143e-17
17.466 5.14565e-17
17.526 5.17998e-17
17.586 5.21442e-17
17.646 5.24898e-17
17.706 5.28365e-17
17.766 5.31844e-17
17.826 5.35334e-17
17.886 5.38835e-17
17.946 5.42348e-17
18.006 5.45873e-17
18.066 5.49409e-17
18.126 5.52956e-17
18.186 5.56515e-17
18.246 5.60085e-17
18.306 5.63667e-17
18.366 5.6726e-17
18.426 5.70864e-17
18.486 5.7448e-17
18.546 5.78108e-17
18.606 5.81746e-17
18.666 5.85397e-17
18.726 5.89058e-17
18.786 5.92732e-17
18.846 5.96416e-17
18.906 6.00112e-17
18.966 6.0382e-17
19.026 6.07538e-17
19.086 6.11269e-17
19.146 6.15011e-17
19.206 6.18764e-17
19.266 6.22528e-17
19.326 6.26305e-17
19.386 6.30092e-17
19.446 6.33891e-17
19.506 6.37701e-17
19.566 6.41523e-17
19.626 6.45357e-17
19.686 6.49201e-17
19.746 6.53058e-17
19.806 6.56925e-17
19.866 6.60804e-17
19.926 6.64695e-17
19.986 6.68597e-17
20.046 6.7251e-17
20.106 6.76435e-17
20.166 6.80371e-17
20.226 6.84319e-17
20.286 6.88278e-17
20.346 6.92248e-17
20.406 6.9623e-17
20.466 7.00224e-17
20.526 7.04229e-17
20.586 7.08245e-17
20.646 7.12273e-17
20.706 7.16312e-17
20.766 7.20363e-17
20.826 7.24425e-17
20.886 7.28498e-17
20.946 7.32583e-17
21.006 7.3668e-17
21.066 7.40787e-17
21.126 7.44907e-17
21.186 7.49037e-17
21.246 7.5318e-17
21.306 7.57333e-17
21.366 7.61498e-17
21.426 7.65675e-17
21.486 7.69863e-17
21.546 7.74062e-17
21.606 7.78273e-17
21.666 7.82495e-17
21.726 7.86729e-17
21.786 7.90974e-17
21.846 7.9523e-17
21.906 7.99498e-17
21.966 8.03778e-17
22.026 8.08068e-17
22.086 8.12371e-17
22.146 8.16684e-17
22.206 8.2101e-17
22.266 8.25346e-17
22.326 8.29694e-17
22.386 8.34054e-17
22.446 8.38425e-17
22.506 8.42807e-17
22.566 8.47201e-17
22.626 8.51606e-17
22.686 8.56023e-17
22.746 8.60451e-17
22.806 8.6489e-17
22.866 8.69341e-17
22.926 8.73804e-17
22.986 8.78278e-17
23.046 8.82763e-17
23.106 8.8726e-17
23.166 8.91768e-17
23.226 8.96288e-17
23.286 9.00819e-17
23.346 9.05361e-17
23.406 9.09915e-17
23.466 9.1448e-17
23.526 9.19057e-17
23.586 9.23646e-17
23.646 9.28245e-17
23.706 9.32856e-17
23.766 9.37479e-17
23.826 9.42113e-17
23.886 9.46758e-17
23.946 9.51415e-17
24.006 9.56084e-17
24.066 9.60763e-17
24.126 9.65455e-17
24.186 9.70157e-17
24.246 9.74871e-17
24.306 9.79597e-17
24.366 9.84334e-17
24.426 9.89082e-17
24.486 9.93842e-17
24.546 9.98613e-17
24.606 1.0034e-16
24.666 1.00819e-16
24.726 1.013e-16
24.786 1.01781e-16
24.846 1.02264e-16
24.906 1.02748e-16
24.966 1.03233e-16
25.026 1.0372e-16
25.086 1.04207e-16
25.146 1.04696e-16
25.206 1.05185e-16
25.266 1.05676e-16
25.326 1.06168e-16
25.386 1.06661e-16
25.446 1.07156e-16
25.506 1.07651e-16
25.566 1.08148e-16
25.626 1.08645e-16
25.686 1.09144e-16
25.746 1.09644e-16
25.806 1.10145e-16
25.866 1.10648e-16
25.926 1.11151e-16
25.986 1.11656e-16
26.046 1.12161e-16
26.106 1.12668e-16
26.166 1.13176e-16
26.226 1.13685e-16
26.286 1.14196e-16
26.346 1.14707e-16
26.406 1.1522e-16
26.466 1.15733e-16
26.526 1.16248e-16
26.586 1.16764e-16
26.646 1.17281e-16
26.706 1.178e-16
26.766 1.18319e-16
26.826 1.1884e-16
26.886 1.19362e-16
26.946 1.19884e-16
27.006 1.20408e-16
27.066 1.20934e-16
27.126 1.2146e-16
27.186 1.21987e-16
27.246 1.22516e-16
27.306 1.23046e-16
27.366 1.23577e-16
27.426 1.24109e-16
27.486 1.24642e-16
27.546 1.25176e-16
27.606 1.25712e-16
27.666 1.26248e-16
27.726 1.26786e-16
27.786 1.27325e-16
27.846 1.27865e-16
27.906 1.28406e-16
27.966 1.28948e-16
28.026 1.29492e-16
28.086 1.30036e-16
28.146 1.30582e-16
28.206 1.31129e-16
28.266 1.31677e-16
28.326 1.32226e-16
28.386 1.32777e-16
28.446 1.33328e-16
28.506 1.33881e-16
28.566 1.34435e-16
28.626 1.34989e-16
28.686 1.35546e-16
28.746 1.36103e-16
28.806 1.36661e-16
28.866 1.37221e-16
28.926 1.37781e-16
28.986 1.38343e-16
29.046 1.38906e-16
29.106 1.3947e-16
29.166 1.40035e-16
29.226 1.40601e-16
29.286 1.41169e-16
29.346 1.41738e-16
29.406 1.42307e-16
29.466 1.42878e-16
29.526 1.4345e-16
29.586 1.44024e-16
29.646 1.44598e-16
29.706 1.45173e-16
29.766 1.4575e-16
29.826 1.46328e-16
29.886 1.46907e-16
29.946 1.47487e-16
30.006 1.48068e-16
30.066 1.4865e-16
30.126 1.49234e-16
30.186 1.49819e-16
30.246 1.50404e-16
30.306 1.50991e-16
30.366 1.51579e-16
30.426 1.52169e-16
30.486 1.52759e-16
30.546 1.53351e-16
30.606 1.53943e-16
30.666 1.54537e-16
30.726 1.55132e-16
30.786 1.55728e-16
30.846 1.56325e-16
30.906 1.56924e-16
30.966 1.57523e-16
31.026 1.58124e-16
31.086 1.58726e-16
31.146 1.59329e-16
31.206 1.59933e-16
31.266 1.60538e-16
31.326 1.61144e-16
31.386 1.61752e-16
31.446 1.6236e-16
31.506 1.6297e-16
31.566 1.63581e-16
31.626 1.64193e-16
31.686 1.64807e-16
31.746 1.65421e-16
31.806 1.66037e-16
31.866 1.66653e-16
31.926 1.67271e-16
31.986 1.6789e-16
32.046 1.6851e-16
32.106 1.69131e-16
32.166 1.69754e-16
32.226 1.70377e-16
32.286 1.71002e-16
32.346 1.71628e-16
32.406 1.72255e-16
32.466 1.72883e-16
32.526 1.73512e-16
32.586 1.74143e-16
32.646 1.74774e-16
32.706 1.75407e-16
32.766 1.76041e-16
32.826 1.76676e-16
32.886 1.77312e-16
32.946 1.77949e-16
33.006 1.78587e-16
33.066 1.79227e-16
33.126 1.79868e-16
33.186 1.80509e-16
33.246 1.81152e-16
33.306 1.81797e-16
33.366 1.82442e-16
33.426 1.83088e-16
33.486 1.83736e-16
33.546 1.84384e-16
33.606 1.85034e-16
33.666 1.85685e-16
33.726 1.86337e-16
33.786 1.86991e-16
33.846 1.87645e-16
33.906 1.88301e-16
33.966 1.88957e-16
34.026 1.89615e-16
34.086 1.90274e-16
34.146 1.90934e-16
34.206 1.91596e-16
34.266 1.92258e-16
34.326 1.92922e-16
34.386 1.93586e-16
34.446 1.94252e-16
34.506 1.94919e-16
34.566 1.95587e-16
34.626 1.96257e-16
34.686 1.96927e-16
34.746 1.97599e-16
34.806 1.98271e-16
34.866 1.98945e-16
34.926 1.9962e-16
34.986 2.00297e-16
35.046 2.00974e-16
35.106 2.01652e-16
35.166 2.02332e-16
35.226 2.03013e-16
35.286 2.03694e-16
35.346 2.04377e-16
35.406 2.05062e-16
35.466 2.05747e-16
35.526 2.06433e-16
35.586 2.07121e-16
35.646 2.0781e-16
35.706 2.085e-16
35.766 2.09191e-16
35.826 2.09883e-16
35.886 2.10576e-16
35.946 2.11271e-16
36.006 2.11966e-16
36.066 2.12663e-16
36.126 2.13361e-16
36.186 2.1406e-16
36.246 2.1476e-16
36.306 2.15461e-16
36.366 2.16164e-16
36.426 2.16867e-16
36.486 2.17572e-16
36.546 2.18278e-16
36.606 2.18985e-16
36.666 2.19693e-16
36.726 2.20403e-16
36.786 2.21113e-16
36.846 2.21825e-16
36.906 2.22537e-16
36.966 2.23251e-16
37.026 2.23966e-16
37.086 2.24683e-16
37.146 2.254e-16
37.206 2.26118e-16
37.266 2.26838e-16
37.326 2.27559e-16
37.386 2.28281e-16
37.446 2.29004e-16
37.506 2.29728e-16
37.566 2.30453e-16
37.626 2.3118e-16
37.686 2.31907e-16
37.746 2.32636e-16
37.806 2.33366e-16
37.866 2.34097e-16
37.926 2.34829e-16
37.986 2.35563e-16
38.046 2.36297e-16
38.106 2.37033e-16
38.166 2.3777e-16
38.226 2.38507e-16
38.286 2.39247e-16
38.346 2.39987e-16
38.406 2.40728e-16
38.466 2.41471e-16
38.526 2.42214e-16
38.586 2.42959e-16
38.646 2.43705e-16
38.706 2.44452e-16
38.766 2.452e-16
38.826 2.4595e-16
38.886 2.467e-16
38.946 2.47452e-16
39.006 2.48204e-16
39.066 2.48958e-16
39.126 2.49714e-16
39.186 2.5047e-16
39.246 2.51227e-16
39.306 2.51986e-16
39.366 2.52745e-16
39.426 2.53506e-16
39.486 2.54268e-16
39.546 2.55031e-16
39.606 2.55795e-16
39.666 2.56561e-16
39.726 2.57327e-16
39.786 2.58095e-16
39.846 2.58864e-16
39.906 2.59634e-16
39.966 2.60405e-16
40.026 2.61177e-16
40.086 2.6195e-16
40.146 2.62725e-16
40.206 2.635e-16
40.266 2.64277e-16
40.326 2.65055e-16
40.386 2.65834e-16
40.446 2.66615e-16
40.506 2.67396e-16
40.566 2.68179e-16
40.626 2.68962e-16
40.686 2.69747e-16
40.746 2.70533e-16
40.806 2.7132e-16
40.866 2.72108e-16
40.926 2.72898e-16
40.986 2.73688e-16
41.046 2.7448e-16
41.106 2.75273e-16
41.166 2.76067e-16
41.226 2.76862e-16
41.286 2.77658e-16
41.346 2.78455e-16
41.406 2.79254e-16
41.466 2.80054e-16
41.526 2.80855e-16
41.586 2.81657e-16
41.646 2.8246e-16
41.706 2.83264e-16
41.766 2.84069e-16
41.826 2.84876e-16
41.886 2.85684e-16
41.946 2.86492e-16
42.006 2.87302e-16
42.066 2.88113e-16
42.126 2.88926e-16
42.186 2.89739e-16
42.246 2.90554e-16
42.306 2.91369e-16
42.366 2.92186e-16
42.426 2.93004e-16
42.486 2.93823e-16
42.546 2.94644e-16
42.606 2.95465e-16
42.666 2.96288e-16
42.726 2.97111e-16
42.786 2.97936e-16
42.846 2.98762e-16
42.906 2.99589e-16
42.966 3.00418e-16
43.026 3.01247e-16
43.086 3.02078e-16
43.146 3.02909e-16
43.206 3.03742e-16
43.266 3.04576e-16
43.326 3.05411e-16
43.386 3.06248e-16
43.446 3.07085e-16
43.506 3.07924e-16
43.566 3.08763e-16
43.626 3.09604e-16
43.686 3.10446e-16
43.746 3.11289e-16
43.806 3.12134e-16
43.866 3.12979e-16
43.926 3.13826e-16
43.986 3.14673e-16
44.046 3.15522e-16
44.106 3.16372e-16
44.166 3.17223e-16
44.226 3.18076e-16
44.286 3.18929e-16
44.346 3.19784e-16
44.406 3.2064e-16
44.466 3.21496e-16
44.526 3.22354e-16
44.586 3.23214e-16
44.646 3.24074e-16
44.706 3.24935e-16
44.766 3.25798e-16
44.826 3.26662e-16
44.886 3.27527e-16
44.946 3.28393e-16
45.006 3.2926e-16
45.066 3.30128e-16
45.126 3.30998e-16
45.186 3.31868e-16
45.246 3.3274e-16
45.306 3.33613e-16
45.366 3.34487e-16
45.426 3.35362e-16
45.486 3.36238e-16
45.546 3.37116e-16
45.606 3.37994e-16
45.666 3.38874e-16
45.726 3.39755e-16
45.786 3.40637e-16
45.846 3.4152e-16
45.906 3.42405e-16
45.966 3.4329e-16
46.026 3.44177e-16
46.086 3.45064e-16
46.146 3.45953e-16
46.206 3.46843e-16
46.266 3.47735e-16
46.326 3.48627e-16
46.386 3.4952e-16
46.446 3.50415e-16
46.506 3.51311e-16
46.566 3.52208e-16
46.626 3.53106e-16
46.686 3.54005e-16
46.746 3.54905e-16
46.806 3.55807e-16
46.866 3.56709e-16
46.926 3.57613e-16
46.986 3.58518e-16
47.046 3.59424e-16
47.106 3.60331e-16
47.166 3.6124e-16
47.226 3.62149e-16
47.286 3.6306e-16
47.346 3.63972e-16
47.406 3.64885e-16
47.466 3.65799e-16
47.526 3.66714e-16
47.586 3.6763e-16
47.646 3.68548e-16
47.706 3.69466e-16
47.766 3.70386e-16
47.826 3.71307e-16
47.886 3.72229e-16
47.946 3.73152e-16
48.006 3.74077e-16
48.066 3.75002e-16
48.126 3.75929e-16
48.186 3.76857e-16
48.246 3.77786e-16
48.306 3.78716e-16
48.366 3.79647e-16
48.426 3.80579e-16
48.486 3.81513e-16
48.546 3.82447e-16
48.606 3.83383e-16
48.666 3.8432e-16
48.726 3.85258e-16
48.786 3.86197e-16
48.846 3.87138e-16
48.906 3.88079e-16
48.966 3.89022e-16
49.026 3.89966e-16
49.086 3.90911e-16
49.146 3.91857e-16
49.206 3.92804e-16
49.266 3.93752e-16
49.326 3.94702e-16
49.386 3.95653e-16
49.446 3.96604e-16
49.506 3.97557e-16
49.566 3.98512e-16
49.626 3.99467e-16
49.686 4.00423e-16
49.746 4.01381e-16
49.806 4.02339e-16
49.866 4.03299e-16
49.926 4.0426e-16
49.986 4.05222e-16
50.046 4.06186e-16
50.106 4.0715e-16
50.166 4.08115e-16
50.226 4.09082e-16
50.286 4.1005e-16
50.346 4.11019e-16
50.406 4.11989e-16
50.466 4.1296e-16
50.526 4.13933e-16
50.586 4.14906e-16
50.646 4.15881e-16
50.706 4.16857e-16
50.766 4.17834e-16
50.826 4.18812e-16
50.886 4.19791e-16
50.946 4.20772e-16
51.006 4.21753e-16
51.066 4.22736e-16
51.126 4.2372e-16
51.186 4.24705e-16
51.246 4.25691e-16
51.306 4.26678e-16
51.366 4.27666e-16
51.426 4.28656e-16
51.486 4.29647e-16
51.546 4.30639e-16
51.606 4.31632e-16
51.666 4.32626e-16
51.726 4.33621e-16
51.786 4.34617e-16
51.846 4.35615e-16
51.906 4.36614e-16
51.966 4.37613e-16
52.026 4.38614e-16
52.086 4.39617e-16
52.146 4.4062e-16
52.206 4.41624e-16
52.266 4.4263e-16
52.326 4.43637e-16
52.386 4.44644e-16
52.446 4.45653e-16
52.506 4.46664e-16
52.566 4.47675e-16
52.626 4.48687e-16
52.686 4.49701e-16
52.746 4.50716e-16
52.806 4.51732e-16
52.866 4.52749e-16
52.926 4.53767e-16
52.986 4.54786e-16
53.046 4.55806e-16
53.106 4.56828e-16
53.166 4.57851e-16
53.226 4.58875e-16
53.286 4.599e-16
53.346 4.60926e-16
53.406 4.61953e-16
53.466 4.62982e-16
53.526 4.64011e-16
53.586 4.65042e-16
53.646 4.66074e-16
53.706 4.67107e-16
53.766 4.68141e-16
53.826 4.69176e-16
53.886 4.70213e-16
53.946 4.7125e-16
54.006 4.72289e-16
54.066 4.73329e-16
54.126 4.7437e-16
54.186 4.75412e-16
54.246 4.76455e-16
54.306 4.775e-16
54.366 4.78546e-16
54.426 4.79592e-16
54.486 4.8064e-16
54.546 4.81689e-16
54.606 4.82739e-16
54.666 4.83791e-16
54.726 4.84843e-16
54.786 4.85897e-16
54.846 4.86952e-16
54.906 4.88007e-16
54.966 4.89064e-16
55.026 4.90123e-16
55.086 4.91182e-16
55.146 4.92242e-16
55.206 4.93304e-16
55.266 4.94367e-16
55.326 4.95431e-16
55.386 4.96496e-16
55.446 4.97562e-16
55.506 4.98629e-16
55.566 4.99698e-16
55.626 5.00767e-16
55.686 5.01838e-16
55.746 5.0291e-16
55.806 5.03983e-16
55.866 5.05057e-16
55.926 5.06133e-16
55.986 5.07209e-16
56.046 5.08287e-16
56.106 5.09366e-16
56.166 5.10446e-16
56.226 5.11527e-16
56.286 5.12609e-16
56.346 5.13692e-16
56.406 5.14777e-16
56.466 5.15862e-16
56.526 5.16949e-16
56.586 5.18037e-16
56.646 5.19126e-16
56.706 5.20216e-16
56.766 5.21308e-16
56.826 5.224e-16
56.886 5.23494e-16
56.946 5.24589e-16
57.006 5.25684e-16
57.066 5.26782e-16
57.126 5.2788e-16
57.186 5.28979e-16
57.246 5.3008e-16
57.306 5.31181e-16
57.366 5.32284e-16
57.426 5.33388e-16
57.486 5.34493e-16
57.546 5.35599e-16
57.606 5.36707e-16
57.666 5.37815e-16
57.726 5.38925e-16
57.786 5.40036e-16
57.846 5.41148e-16
57.906 5.42261e-16
57.966 5.43375e-16
58.026 5.4449e-16
58.086 5.45607e-16
58.146 5.46725e-16
58.206 5.47843e-16
58.266 5.48963e-16
58.326 5.50084e-16
58.386 5.51207e-16
58.446 5.5233e-16
58.506 5.53455e-16
58.566 5.5458e-16
58.626 5.55707e-16
58.686 5.56835e-16
58.746 5.57964e-16
58.806 5.59094e-16
58.866 5.60226e-16
58.926 5.61358e-16
58.986 5.62492e-16
59.046 5.63627e-16
59.106 5.64763e-16
59.166 5.659e-16
59.226 5.67038e-16
59.286 5.68177e-16
59.346 5.69318e-16
59.406 5.7046e-16
59.466 5.71603e-16
59.526 5.72746e-16
59.586 5.73892e-16
59.646 5.75038e-16
59.706 5.76185e-16
59.766 5.77334e-16
59.826 5.78483e-16
59.886 5.79634e-16
59.946 5.80786e-16

